active=30: 1 2 3 4 5 6 7 8 9 10 11 12 13 14 15 16 17 18 19 20 21 22 23 24 25 26 27 28 29 30 
active=29: 1 2 3 4 5 6 7 8 9 10 11 12 13 14 15 16 17 18 19 21 22 23 24 25 26 27 28 29 30 
active=28: 1 2 3 4 5 6 7 8 9 10 11 12 13 14 15 16 17 18 21 22 23 24 25 26 27 28 29 30 
active=27: 1 2 3 4 5 6 7 8 9 10 11 12 13 14 15 16 17 18 21 22 23 25 26 27 28 29 30 
active=26: 1 2 3 4 5 6 7 8 9 10 11 12 13 14 15 16 17 18 21 22 23 25 26 27 29 30 
active=25: 1 3 4 5 6 7 8 9 10 11 12 13 14 15 16 17 18 21 22 23 25 26 27 29 30 
active=24: 1 3 4 5 6 7 8 9 10 11 12 13 14 15 16 17 18 22 23 25 26 27 29 30 
active=23: 3 4 5 6 7 8 9 10 11 12 13 14 15 16 17 18 22 23 25 26 27 29 30 
active=22: 3 4 5 6 7 8 9 10 11 12 13 14 15 16 17 18 23 25 26 27 29 30 
active=21: 3 4 5 6 7 8 9 10 11 12 13 14 15 16 17 18 23 26 27 29 30 
active=20: 3 4 5 6 7 8 9 10 11 12 13 14 15 16 17 18 23 26 29 30 
active=19: 3 4 5 6 7 8 9 10 11 12 13 14 15 16 17 18 23 29 30 
active=18: 3 4 5 6 7 8 9 11 12 13 14 15 16 17 18 23 29 30 
active=17: 3 4 5 6 7 8 9 11 12 13 14 15 16 17 18 29 30 
active=16: 3 4 5 6 7 8 9 11 12 13 14 15 16 17 18 29 
active=15: 3 4 5 6 7 8 9 11 12 13 14 15 16 17 18 
active=14: 4 5 6 7 8 9 11 12 13 14 15 16 17 18 
active=13: 4 5 6 7 8 9 11 13 14 15 16 17 18 
active=12: 5 6 7 8 9 11 13 14 15 16 17 18 
active=11: 5 6 7 8 9 13 14 15 16 17 18 
active=10: 5 6 7 8 9 13 15 16 17 18 
active=9: 6 7 8 9 13 15 16 17 18 
active=8: 6 7 8 9 15 16 17 18 
active=7: 6 7 8 9 16 17 18 
active=6: 7 8 9 16 17 18 
active=5: 7 8 9 17 18 
active=4: 8 9 17 18 
active=3: 9 17 18 
active=2: 9 17 
active=1: 17 
