1 -0.415844548824 0.772879669558
2 0.038358532606 0.909691646768
3 0.003105897378 0.906985884900
4 0.151894050567 1.521444363705
5 0.387258857399 0.923521790731
6 0.173731339060 0.923920309771
7 -0.239843567577 0.906209035302
8 0.400113488856 0.777371221159
9 0.548617397292 0.394427216784
10 -0.668964743344 0.956562707318
11 -0.080821292316 0.945765823125
12 0.232330204269 0.840006791714
13 -0.297660354067 0.943371803917
14 -0.254573990313 1.050691749172
15 0.766424505669 0.699122656203
16 -0.214598293053 0.877422763666
17 -0.392493063871 0.855783666075
18 -0.051043200587 1.096892320681
19 -0.574973758915 1.041186700765
20 0.658728275920 0.902772124916
21 0.081994135008 0.714475975018
22 -0.260783420445 1.024230021798
23 -0.251077913986 0.736478307093
24 -0.126505822725 1.049937051606
25 -0.035780918105 1.124809900355
26 0.094923835620 0.659813659212
27 -0.272656530996 0.693077469501
28 0.389117907764 1.443166546197
29 -0.078949497057 1.376201473199
30 0.432354724679 1.178259310018
31 -0.038209446785 0.522779442388
32 0.242196643163 0.786812875781
33 0.119535596990 0.853234567948
34 -0.164677351767 1.166940293604
35 -0.048817963770 1.069198697590
36 0.286755294926 1.151095380968
37 -0.505250759891 0.769120026048
38 0.323051076059 0.684035648247
39 0.037297685414 1.450667361054
40 0.044766744504 1.245164023369
41 0.206056601255 0.976003087836
42 0.527602653540 1.222464684195
43 -0.440520768629 1.093302950214
44 -0.488285765915 1.213363430682
45 0.697588057396 0.437251111909
46 0.289454853996 0.599025003579
47 -0.014842353957 1.052743897008
48 -0.042432885949 0.491324923148
49 0.022079545322 0.848877085179
50 -0.168515068507 0.756495767311
51 0.022016397492 0.812260076198
52 -0.090751641755 0.812791155578
53 0.286246368670 0.576272714410
54 0.002824725693 1.009076177012
55 0.164861789584 0.898373258209
56 -0.288627325328 0.901421905078
57 0.090865048537 1.128267960867
58 0.235565977143 1.024426544144
59 -0.594563370156 0.588634427963
60 0.151441323783 0.808481099183
61 0.283467348315 1.018592993674
62 0.293106446640 0.636641756243
63 -0.053572321657 0.868043548896
64 0.333091182745 0.930378213857
65 -0.176843696834 0.960853083422
66 -0.581062936204 0.783329550848
67 0.185714467587 0.651235088205
68 0.427323790620 0.899179531278
69 -0.290371370176 0.933396479035
70 0.198264802719 0.832722172151
71 -0.455312149944 0.831683559190
72 0.119082791900 0.904511797744
73 -0.092469054011 0.551544202953
74 -0.032369256327 1.225211943757
75 0.423796319063 1.169263894542
76 -0.344799686175 0.802325255259
77 -0.179810264681 0.537759671056
78 0.106578960104 1.015822449629
79 -0.162405454568 0.848931607421
80 0.164116338177 0.885249309501
