0.000000 0.500000
1.000000 0.544600
2.000000 0.562800
3.000000 0.618200
4.000000 0.625200
5.000000 0.630600
6.000000 0.653300
7.000000 0.659800
8.000000 0.687000
9.000000 0.684200
10.000000 0.696900
11.000000 0.702500
12.000000 0.719500
13.000000 0.739500
14.000000 0.726900
15.000000 0.731300
16.000000 0.729000
17.000000 0.741200
18.000000 0.735000
19.000000 0.746600
20.000000 0.749300
21.000000 0.750900
22.000000 0.752400
23.000000 0.756600
24.000000 0.763700
25.000000 0.757200
26.000000 0.767800
27.000000 0.776800
28.000000 0.771400
29.000000 0.772500
30.000000 0.782400
31.000000 0.784200
32.000000 0.788100
33.000000 0.781800
34.000000 0.781300
35.000000 0.798400
36.000000 0.793500
37.000000 0.809600
38.000000 0.816900
39.000000 0.817700
40.000000 0.822200
