1 0.071436740000 1.037316557918
2 -0.109438100000 1.101723325972
3 0.135392840000 0.990222681016
4 -0.125486940000 0.939943032706
5 0.037298430000 1.048381814242
6 0.094663120000 1.089739936870
7 -0.096336150000 1.014212064088
8 -0.050862480000 1.001375053403
9 0.109012050000 0.845035275952
10 -0.053156630000 0.928455741683
11 0.166538920000 1.021563555016
12 -0.056531240000 0.941343867972
13 0.040297780000 1.114363088282
14 0.023660750000 1.087422841035
15 0.123309730000 0.994187395488
16 0.092512760000 1.027286706325
17 -0.020200090000 0.959803808019
18 -0.011946010000 0.911108085432
19 -0.083826450000 0.991921136004
20 -0.106068160000 1.089293905995
21 -0.076211600000 1.009101241000
22 0.090276380000 1.018885815044
23 -0.211574600000 0.862128322370
24 -0.022031520000 0.985066726547
25 -0.141562970000 0.969969671993
26 0.102055610000 0.999921758388
27 -0.087122860000 1.055855293555
28 0.028852020000 0.959799724287
29 -0.135758540000 1.026872461236
30 0.059568940000 1.232036362545
31 0.021133230000 1.009979773917
32 0.017122500000 1.069414657155
33 0.142427700000 0.841897727171
34 -0.045718480000 0.888516780963
35 -0.073004770000 1.068175857678
36 -0.146330580000 1.018377075690
37 0.069242590000 0.961480537974
38 0.114282600000 1.049992006791
39 -0.031033560000 1.165830035496
40 -0.029788610000 0.957856720336
41 0.191358430000 0.950924845690
42 0.009922980000 1.047695258534
43 0.049699440000 0.910250426776
44 0.081431770000 1.159136754320
45 -0.006036110000 0.958642103084
46 -0.108289690000 0.956357099231
47 -0.055412540000 0.974838798209
48 0.049168600000 0.997722856679
49 0.133708890000 0.989240223457
50 0.063086710000 1.051762666622
51 -0.093772960000 0.929234518794
52 -0.120994160000 1.076491022317
53 0.071335430000 0.848157977856
54 -0.004711870000 0.993738676537
55 0.036679620000 0.956875254162
56 -0.201223640000 1.015557570368
57 0.098367470000 0.969487655092
58 -0.198210790000 0.962553661075
59 0.037961560000 0.912554584783
60 0.049272470000 0.968744323085
