0.000000 0.493827 0.500000
1.000000 0.625988 0.638963
2.000000 0.686790 0.689939
3.000000 0.701975 0.714939
4.000000 0.719630 0.742744
5.000000 0.766543 0.785183
6.000000 0.784938 0.812378
7.000000 0.778148 0.805732
8.000000 0.775679 0.802134
9.000000 0.773642 0.809817
10.000000 0.787593 0.831159
11.000000 0.793395 0.846463
12.000000 0.800062 0.855000
13.000000 0.809259 0.853110
14.000000 0.814877 0.858780
15.000000 0.821667 0.869085
16.000000 0.824691 0.878598
17.000000 0.826790 0.878902
18.000000 0.829568 0.879390
19.000000 0.835062 0.886646
20.000000 0.839444 0.889817
21.000000 0.847037 0.895000
22.000000 0.844568 0.898659
23.000000 0.835556 0.902256
24.000000 0.834568 0.907927
25.000000 0.842778 0.903720
26.000000 0.835926 0.912134
27.000000 0.828333 0.907134
28.000000 0.827469 0.910610
29.000000 0.837469 0.914756
30.000000 0.831111 0.915000
31.000000 0.831111 0.917378
32.000000 0.832778 0.921159
33.000000 0.826049 0.920976
34.000000 0.834136 0.925732
35.000000 0.826543 0.924756
36.000000 0.825370 0.928598
37.000000 0.822099 0.928293
38.000000 0.823889 0.927988
39.000000 0.822963 0.930488
40.000000 0.829198 0.930305
41.000000 0.821543 0.932500
42.000000 0.819815 0.934085
43.000000 0.821975 0.938476
44.000000 0.821481 0.937378
45.000000 0.820741 0.936159
46.000000 0.823025 0.938537
47.000000 0.823210 0.940732
48.000000 0.814877 0.939268
49.000000 0.816975 0.940488
50.000000 0.818272 0.939024
51.000000 0.822099 0.942561
52.000000 0.817716 0.941524
53.000000 0.813642 0.945122
54.000000 0.808272 0.943902
55.000000 0.817963 0.943415
56.000000 0.813519 0.948354
57.000000 0.809259 0.947866
58.000000 0.808148 0.945549
59.000000 0.806667 0.946585
60.000000 0.809938 0.949573
61.000000 0.808519 0.950366
62.000000 0.803889 0.950244
63.000000 0.802593 0.950000
64.000000 0.798580 0.948476
65.000000 0.796605 0.952866
66.000000 0.794568 0.952073
67.000000 0.787901 0.952988
68.000000 0.788642 0.951768
69.000000 0.786420 0.950915
70.000000 0.786852 0.950122
71.000000 0.787654 0.950061
72.000000 0.779444 0.950976
73.000000 0.779506 0.953232
74.000000 0.772222 0.950976
75.000000 0.776296 0.951951
76.000000 0.769568 0.954756
77.000000 0.767901 0.951524
78.000000 0.771543 0.953293
79.000000 0.764630 0.954207
80.000000 0.769938 0.954573
81.000000 0.764691 0.955061
82.000000 0.758395 0.956220
83.000000 0.754691 0.957317
84.000000 0.758395 0.955427
85.000000 0.754691 0.957805
86.000000 0.752840 0.958171
87.000000 0.751420 0.959451
88.000000 0.746728 0.959573
89.000000 0.748025 0.956951
90.000000 0.742037 0.956524
91.000000 0.736420 0.958354
92.000000 0.740926 0.958415
93.000000 0.734259 0.959817
94.000000 0.735123 0.961098
95.000000 0.741235 0.959146
96.000000 0.728272 0.959390
97.000000 0.730185 0.963049
98.000000 0.731111 0.959878
99.000000 0.724321 0.960671
100.000000 0.726667 0.959756
101.000000 0.719938 0.962073
102.000000 0.717099 0.959573
103.000000 0.725802 0.962012
104.000000 0.723951 0.961037
105.000000 0.717037 0.960854
106.000000 0.710741 0.963598
107.000000 0.710494 0.961585
108.000000 0.704136 0.963598
109.000000 0.711728 0.962866
110.000000 0.707716 0.962012
111.000000 0.705185 0.962195
112.000000 0.705370 0.962744
113.000000 0.703580 0.962988
114.000000 0.706358 0.962927
115.000000 0.694259 0.963720
116.000000 0.694321 0.963476
117.000000 0.698025 0.963598
118.000000 0.695000 0.962744
119.000000 0.694815 0.962805
120.000000 0.689074 0.963720
121.000000 0.689568 0.964390
122.000000 0.691852 0.963293
123.000000 0.691173 0.963963
124.000000 0.687778 0.963354
125.000000 0.682222 0.964878
126.000000 0.683642 0.965183
127.000000 0.679877 0.963841
128.000000 0.677778 0.965244
129.000000 0.680123 0.966585
130.000000 0.677346 0.965549
131.000000 0.669877 0.964634
132.000000 0.670370 0.965305
133.000000 0.671728 0.965122
134.000000 0.666296 0.966524
135.000000 0.664568 0.966524
136.000000 0.663765 0.965854
137.000000 0.661914 0.966402
138.000000 0.660494 0.966646
139.000000 0.661235 0.967134
140.000000 0.653395 0.966890
