1 0.071820206186 1.024397114541
2 0.107791687500 0.924532117227
3 -0.028169114583 1.031545877409
4 0.198437189474 1.137868454819
5 -0.005788329897 1.080625848404
6 0.070818484211 1.139017755564
7 -0.040034731959 1.242111041276
8 -0.013937031915 0.929711440877
9 -0.119517354167 0.966964596740
10 0.045822298969 1.060528862464
11 -0.017637842105 0.994656731402
12 -0.041839707071 0.958554898113
13 -0.123972766667 1.033854740195
14 0.049873115789 0.890050961446
15 0.163102842105 0.918675275445
16 -0.126451164948 1.034574910745
17 -0.074737118280 0.876775675798
18 0.009412297872 0.954605377128
19 -0.145135473118 0.964356335864
20 -0.156064258065 0.991190732158
