0.000000 0.333333
1.000000 0.675000
2.000000 0.811667
3.000000 0.943333
4.000000 0.813333
5.000000 0.888333
6.000000 0.821667
7.000000 0.793333
8.000000 0.783333
9.000000 0.781667
10.000000 0.880000
11.000000 0.878333
12.000000 0.876667
13.000000 0.908333
14.000000 0.838333
15.000000 0.816667
16.000000 0.843333
17.000000 0.880000
18.000000 0.846667
19.000000 0.840000
20.000000 0.875000
21.000000 0.853333
22.000000 0.821667
23.000000 0.913333
24.000000 0.900000
25.000000 0.906667
26.000000 0.858333
27.000000 0.868333
28.000000 0.805000
29.000000 0.855000
30.000000 0.811667
31.000000 0.803333
32.000000 0.760000
33.000000 0.765000
34.000000 0.795000
35.000000 0.726667
36.000000 0.698333
37.000000 0.676667
38.000000 0.668333
39.000000 0.586667
40.000000 0.576667
41.000000 0.618333
42.000000 0.581667
43.000000 0.615000
44.000000 0.606667
45.000000 0.571667
46.000000 0.578333
47.000000 0.586667
48.000000 0.538333
49.000000 0.540000
50.000000 0.538333
51.000000 0.525000
52.000000 0.505000
53.000000 0.521667
54.000000 0.515000
55.000000 0.498333
56.000000 0.550000
57.000000 0.513333
58.000000 0.471667
59.000000 0.453333
60.000000 0.438333
61.000000 0.481667
62.000000 0.456667
63.000000 0.410000
64.000000 0.415000
65.000000 0.403333
66.000000 0.368333
67.000000 0.371667
68.000000 0.388333
69.000000 0.333333
70.000000 0.333333
71.000000 0.333333
72.000000 0.333333
73.000000 0.333333
74.000000 0.333333
75.000000 0.333333
76.000000 0.333333
77.000000 0.333333
78.000000 0.351667
79.000000 0.343333
80.000000 0.333333
