1 -0.096981050000 0.936080784785
2 -0.035153800000 1.046029416812
3 -0.116948990000 0.911786313658
4 -0.018278710000 1.149340370846
5 -0.082285200000 1.078427560688
6 -0.132570100000 1.002996959370
7 -0.096128660000 1.084777990935
8 -0.067999630000 0.957122220129
9 0.060341670000 1.065400740477
10 -0.040756770000 0.936174321355
11 0.074615040000 0.867690172404
12 -0.103489700000 0.965212885420
13 0.009840790000 1.032370420397
14 -0.123660990000 0.898523364154
15 -0.094444310000 1.009939605452
16 0.040263220000 0.904376250786
17 0.030686870000 1.000438876203
18 -0.041496660000 0.974461165975
19 0.141701180000 1.081696575850
20 0.005470350000 1.179693514643
21 -0.047809830000 1.034911758411
22 0.031812930000 1.013888007176
23 0.007438850000 0.830860862672
24 0.005982750000 1.031845198008
25 -0.071175740000 1.117662750270
26 -0.052750790000 1.160242943761
27 0.014726400000 1.095048931768
28 -0.136915430000 0.983839881564
29 0.113258360000 0.995072221576
30 -0.069784720000 1.058665251779
31 -0.052802300000 1.040289701908
32 -0.020317650000 0.878712241441
33 0.003433960000 0.936720787559
34 -0.022701920000 1.034428654827
35 0.133508610000 1.040120517652
36 -0.002766240000 0.951526750430
37 -0.165834210000 1.095726809916
38 0.112459830000 0.996798480206
39 0.139765200000 0.992695567833
40 -0.006254610000 0.994107538461
41 -0.126727650000 1.020701277678
42 -0.162193600000 1.028322709289
43 -0.053746810000 0.923733736872
44 -0.067341320000 1.004496793451
45 -0.004146770000 1.065291889390
46 0.119254330000 1.009870669243
47 0.061371090000 1.093940829775
48 -0.084096380000 1.055904259936
49 0.078545070000 1.076171786076
50 0.129591240000 1.119214934537
51 -0.016483730000 1.040713976400
52 0.029114920000 1.022898828350
53 -0.112495890000 0.902169466628
54 0.032908100000 0.960051435608
55 -0.080516710000 1.011368559318
56 -0.111800870000 0.981293396114
57 0.008421900000 0.944050086446
58 0.047003030000 1.015427520268
59 0.010250340000 0.974284074171
60 0.088061150000 0.955552758213
61 -0.088218790000 1.054249925190
62 -0.013985620000 0.982344221891
63 0.026222340000 1.059568706358
64 0.078888710000 0.972017083779
65 0.068076180000 1.048364094552
66 -0.006080090000 0.939174880762
67 0.134554650000 0.959548905002
68 0.001921930000 1.024206957296
69 0.102429590000 0.984297380978
70 0.032238870000 0.978597334383
71 0.128146090000 1.118648153932
72 -0.051897430000 0.973579211359
73 0.072005270000 1.041184989485
74 0.001278820000 0.936866929302
75 0.012483120000 1.082446149689
76 -0.143197080000 0.947443244774
77 0.041977580000 1.102088045447
78 0.061613370000 0.949420411478
79 0.036942430000 0.967958951922
80 0.176285640000 1.042043893536
81 0.113304660000 0.986047026585
82 0.020167990000 1.000956718511
83 -0.024100470000 0.960760046022
84 0.060771210000 1.017487789209
85 -0.119819970000 0.927857734616
86 -0.220313650000 1.055527010335
87 0.114976150000 1.114101117453
88 0.022238540000 1.101586781526
89 0.186525500000 1.017849880272
90 0.045398550000 1.073939426457
91 0.061930990000 1.046733322982
92 -0.124344980000 0.920950287282
93 -0.065374760000 0.897905258038
94 0.051705890000 1.049997529397
95 0.018117300000 1.008597171720
96 -0.103066840000 1.041345765464
97 -0.049380620000 0.919305273516
98 0.019392040000 0.952554264528
99 0.065235760000 1.082245994174
100 0.047244300000 0.819804314210
