N=50
P=40
R=2
1 -0.873074 0.237831 0.101557 -1.303915 0.031713 0.730458 -1.363621 0.488030 -1.274144 0.554794 0.707946 0.430249 -0.369347 -1.304315 0.092070 0.917561 0.149858 -1.022126 0.071181 -0.053333 1.143780 0.335588 0.279274 0.168868 -1.032605 -0.427143 0.101489 0.141507 -1.936091 0.471507 -0.126605 0.000043 1.046225 0.953931 0.518903 -0.017727 -0.639713 -0.450605 -0.738431 1.945655 3.496288 1.000000
2 1.285852 -0.909854 1.022530 0.406184 2.876686 -1.699350 -0.089919 -0.273802 2.142846 -1.311903 -0.446617 0.869327 0.476880 -0.390377 0.613265 1.550859 0.801879 1.773826 1.032223 1.030846 -3.271438 1.271437 0.374641 0.050399 1.664615 1.936919 0.334677 0.357623 -0.278449 -0.486800 2.478155 0.207952 0.241690 -1.059654 0.723033 -0.412435 -0.381683 -1.155960 -0.331409 0.469612 0.087009 1.000000
3 -1.690219 0.430942 0.065774 -2.017048 2.108597 -0.780052 -0.322352 0.918629 -0.146795 0.933270 -0.338845 -0.278995 0.111784 0.589432 -0.496745 2.082380 1.337487 0.269820 0.115770 0.301338 -0.047360 -0.555035 0.230268 -0.330135 -0.985811 -0.165813 0.121563 0.858934 -1.435524 0.570206 0.823656 -1.879807 0.793155 1.005391 0.222490 1.635971 -0.597866 0.571982 0.816684 0.042631 4.472951 1.000000
4 0.497391 -0.039345 -0.343230 1.457292 -2.012845 1.063269 -0.306188 0.704261 -0.211718 -0.742228 -1.839871 -0.308270 -1.072252 -0.802157 2.821575 -1.062244 2.273359 -0.715773 -0.343119 -0.146134 1.277348 -1.776803 0.879487 -0.464874 -0.224216 -0.030816 1.545168 -0.745142 1.543633 2.141367 -1.060252 -1.682637 0.133705 1.210284 -0.093966 -0.377815 -0.015851 -1.732407 0.532627 0.597896 6.737300 1.000000
5 1.243816 0.562490 -0.131876 -2.041062 -0.509663 -0.582575 1.618033 0.398605 -0.970269 0.144980 0.966838 -1.655059 -0.931985 -1.533795 -0.746365 -1.041707 0.374080 -0.946694 -0.214975 0.563958 1.466930 0.027421 0.302172 -0.075245 -0.633024 0.353353 0.761578 -1.254821 -0.055098 1.716567 -1.233188 0.227150 1.124240 -0.795711 1.199192 0.159539 0.511285 0.423317 -0.228248 -0.380554 15.174089 1.000000
6 0.932169 -0.120764 -0.975379 -0.981471 0.019596 0.794247 0.832568 -0.313690 -0.413294 -0.751444 -0.918128 0.355906 -1.680362 0.103955 0.006888 -1.615347 -1.444456 -1.642820 -1.825912 -1.304524 -0.428854 -0.327175 -1.176493 0.268040 0.566711 0.956194 2.144320 -0.528929 0.503876 -0.665565 -0.061296 0.074095 -0.772608 0.112976 -0.628400 2.070140 0.940322 -0.599555 0.903434 -1.716712 12.562051 1.000000
7 1.307372 -0.633447 -0.644227 -0.003315 0.457314 0.086723 0.295077 0.994623 -0.045337 0.979670 -1.910294 -0.606930 -0.019402 0.089157 -0.493669 -0.610158 1.324820 1.364472 1.246707 0.767085 -1.402369 -0.150805 0.382426 -1.033825 0.472463 0.406289 -1.088684 -2.068015 -0.023888 -0.353401 0.701749 0.578370 -0.731041 0.773637 -0.917452 -0.743402 -1.722402 1.976213 0.224383 0.150966 5.331653 1.000000
8 1.209458 -0.767325 1.225288 -0.024985 -0.361825 -1.909961 0.044208 -1.001767 0.306157 1.785206 -1.687359 -0.368081 0.114465 -1.890977 -0.642196 0.430771 0.165478 -0.210231 0.032481 -1.932229 0.137313 0.415380 -1.246666 -0.041680 -0.866233 0.730527 -0.016629 -0.861370 -0.283150 -0.220301 -0.121807 0.129343 0.421473 0.637241 0.072215 1.448291 -2.051329 -0.339105 0.004921 -0.582136 3.918561 1.000000
9 -0.593099 0.006252 0.002435 -0.818975 -1.042834 0.094026 -0.159806 -0.084993 0.735903 1.813353 0.363446 -2.465922 -0.716571 0.836977 0.317242 1.637859 -1.130164 0.889857 -0.855142 -1.861802 1.467337 -0.368810 -2.025801 0.549051 0.839449 -0.511560 0.413278 1.172023 0.119524 1.850104 0.035097 0.216878 -0.646008 1.000138 -0.019740 1.069539 0.483410 -1.138426 -1.250132 -1.726500 22.620414 1.000000
10 -1.426266 -0.113651 -0.069010 1.575421 0.194292 -0.293943 1.298321 0.440357 -0.303596 0.712520 0.164381 1.673177 1.173522 -0.041698 0.094792 0.120281 0.104901 -0.245257 -0.109379 -0.581270 -0.517748 -1.075083 1.703243 0.865568 2.176850 0.924431 0.692305 -1.295911 -0.111043 0.534370 -1.944802 0.134646 0.790098 -0.591640 -1.238905 0.086439 -0.209506 0.494765 -1.356463 -0.812136 7.924255 1.000000
11 -2.404798 2.967768 -0.498055 -0.174790 0.382982 -1.282873 1.555971 -0.238476 1.711357 0.517556 0.053320 0.065585 -1.404280 -0.122365 0.342360 -0.393164 -0.992752 0.688090 -0.794381 -2.234927 1.181717 0.509835 0.051774 1.414935 -1.190455 -0.099153 1.211744 0.741721 -0.595014 -0.172541 0.359575 0.043825 0.458480 -1.631910 -1.599590 1.332220 0.078781 -0.923257 0.223988 -0.558426 5.642870 1.000000
12 -0.215814 0.152526 -0.154441 -0.638830 0.043590 -1.622234 -0.177308 -0.345380 0.693177 -0.025622 1.417842 1.614890 -1.092402 0.042234 1.280136 1.335433 -0.359346 0.515256 1.178586 0.878838 -0.853963 -0.792071 0.229185 0.438921 1.252158 -0.508016 1.280580 2.085542 1.479707 0.679582 -0.211388 1.166843 -1.130640 -0.709521 -0.688856 1.327021 -2.180852 -1.227534 -0.570467 0.492884 6.352308 1.000000
13 -0.885824 0.244701 0.510770 1.094894 -0.914356 1.174204 0.197519 -0.556077 0.540172 -0.953444 1.165424 0.157411 -1.961491 1.323105 -0.156889 0.229754 -0.185887 0.447183 -1.291829 -0.780122 0.014088 0.387353 -0.486045 0.039075 0.249387 -0.313203 -1.091544 -0.773948 0.258838 -0.989716 -0.681697 -1.496535 -1.217998 0.904618 -0.810575 -0.619111 -2.098795 -0.521546 2.068636 0.636411 2.029149 1.000000
14 1.855496 0.888788 1.428933 -0.340434 -0.365101 -0.362430 -0.925064 0.100423 1.392131 -0.728781 2.183861 1.411876 -0.412491 0.030046 0.347046 0.120761 0.921388 1.001991 2.162613 -0.028555 1.293309 0.556434 -0.612815 -0.707712 -0.094350 0.091279 0.464399 0.057562 -0.226617 -1.386232 0.452094 0.483177 -0.367527 -0.582569 0.505780 -0.460638 -0.345592 0.477958 0.345820 -0.359925 1.007517 1.000000
15 0.371444 -0.530598 0.675842 0.602019 -0.899453 0.011684 -0.071505 0.714683 0.676137 -0.269036 -0.536910 0.466192 -0.820052 1.429301 0.814521 -0.246658 0.056535 -0.937739 0.834848 2.942406 -0.994634 -0.069127 0.233981 -0.762859 -0.354852 0.721496 0.431369 0.711018 -0.881936 -0.005897 1.174666 0.854662 0.051768 0.047466 -1.616452 0.685503 -0.806993 0.053024 -0.125277 1.205482 2.529135 1.000000
16 -0.051900 0.276828 1.032707 -0.494632 2.289406 -1.152197 0.058016 -0.343735 -0.115000 -0.071613 1.108851 -0.360552 -0.208845 -0.914868 0.025950 1.409374 0.605213 -0.394097 -0.431085 -0.823290 -0.538155 -0.108019 -0.723855 1.061715 -0.647690 -0.047256 0.496027 0.228563 -0.786487 0.460327 0.362190 -0.441484 0.870696 0.160917 -0.754770 -1.214808 0.426830 1.145480 -0.878630 0.756537 0.068915 1.000000
17 0.357039 0.625356 -0.013671 0.664786 -0.328595 -2.416285 -0.716425 -0.365486 -0.560930 1.536268 -1.245198 -1.109658 -0.795766 -3.021057 -0.280345 0.397570 -0.708179 0.352234 -0.651485 -2.203151 0.205525 -0.709635 0.923914 -0.340296 -0.630452 -0.566517 1.217520 0.741299 0.498224 1.655139 0.549891 0.055897 0.096016 -0.335959 0.678290 -1.947691 -0.673018 0.726854 -0.318620 0.394609 0.006786 1.000000
18 -0.285111 0.457947 -1.062854 -0.546347 2.309193 0.959763 -0.607644 -0.150547 1.516855 0.880539 0.107709 0.111194 0.409570 0.396642 -0.862831 0.090440 -1.411547 1.275336 0.947892 -0.513661 0.807586 -0.920105 -0.891636 0.088799 1.049182 -0.041145 0.375940 0.407130 -0.191792 -0.072233 -0.520261 -0.678758 0.643534 -0.405998 0.119361 -1.211211 0.813317 0.413559 1.138310 -1.427256 2.443860 1.000000
19 -0.139927 -0.589464 -1.112948 -1.237174 -0.070876 0.871974 -1.843032 -0.939854 -0.624948 0.276428 -1.144608 -0.392171 2.978500 1.028654 -0.277899 0.618635 -0.880806 0.742560 -0.969509 1.056611 0.316858 -0.064421 0.320240 0.186174 0.376271 1.734170 0.328730 1.107696 -1.230138 0.513053 -1.629557 0.100690 0.949184 0.013992 -0.481052 0.290865 1.821926 -0.849205 -1.546369 -0.843661 6.691549 1.000000
20 1.855976 0.983702 -1.158304 -1.024229 1.761419 1.130022 -0.491158 1.149480 0.145959 0.926008 0.677648 0.200942 1.759682 1.442937 0.495887 -1.003965 0.562328 -1.655938 0.060376 1.116859 -0.862581 -0.152497 0.175133 1.461372 0.738942 -1.368526 -1.034394 -0.054277 -0.096692 -0.338059 -0.969960 -1.579829 0.441583 0.192866 -0.167944 0.788929 0.127680 -0.551529 -0.043632 0.838996 2.913719 1.000000
21 -1.052755 0.784204 0.717699 -0.708910 -0.525110 -0.089998 -0.368716 0.312127 -0.709825 -0.178525 -0.408237 0.835929 -0.934464 0.262144 -0.645888 0.575612 -1.423826 0.283746 0.519963 1.008282 0.528827 -1.115215 -0.279367 -0.881918 0.650265 -0.370561 0.888429 0.593925 0.689440 -0.167493 -0.997940 1.906475 -0.310201 -2.191897 -1.484700 0.888387 -0.451483 -0.307357 -1.585918 0.610433 2.690902 1.000000
22 1.504523 0.265190 -1.243934 2.065636 -0.138872 1.171800 -0.478278 1.519957 2.404073 -0.402063 0.675204 -0.965564 -0.084956 0.590694 -1.585611 -0.136683 0.129837 0.575332 0.453497 0.395849 -0.253315 1.453378 1.196307 -0.582188 -0.956104 0.269778 1.837420 0.507752 -1.357250 0.322676 -3.212266 -1.345438 -1.348584 -0.912623 1.705749 -1.029955 -0.239378 1.068438 0.223886 1.141256 7.288545 1.000000
23 -0.430718 0.134590 0.099000 2.260846 1.384009 0.693694 0.456631 -0.130707 1.449965 -0.371500 0.717648 2.011420 -0.538919 2.034171 -1.044340 1.126074 0.009610 -0.972661 1.485058 0.011734 0.137343 -0.365572 -0.215542 0.128821 0.705508 1.844841 0.856367 -0.097587 0.748036 -1.402700 -1.172879 -0.359104 1.376015 0.299358 -0.217792 -1.010088 1.721227 0.993578 0.069105 0.011343 0.781870 1.000000
24 -0.766169 -1.615830 0.130943 -0.280377 -0.257578 0.907508 0.036070 0.543995 -1.108247 0.333443 -0.141211 -1.170584 -0.695720 -0.873398 -0.902968 -1.069817 -1.046066 0.703846 0.978031 -0.664621 0.187481 0.260715 1.036052 -1.934697 0.666880 -0.551552 -0.761050 -0.136552 -0.750935 -1.894505 -0.193582 -0.099296 2.110484 -0.390254 1.216506 0.251823 -0.630598 -1.472153 -0.729282 -0.132047 45.413721 1.000000
25 1.408267 -0.320545 -0.533270 -1.923020 0.359031 -0.865175 0.787219 0.317115 0.750472 1.025943 -1.536006 -1.375360 -0.759779 1.101710 -0.282442 1.123734 0.248526 0.150191 0.051393 -1.691833 2.532054 0.158008 0.951855 -2.811915 0.762600 -0.162665 0.113430 0.238390 -0.120789 0.772616 1.391961 0.428938 -0.824592 0.997189 1.166938 1.558016 0.059552 -0.756544 -1.550512 0.021175 27.490338 1.000000
26 -0.816969 1.809032 1.528492 -1.249001 -0.702450 -0.658443 4.001798 1.799767 0.354694 -1.061947 -1.272604 0.085037 -1.199708 0.941999 1.141868 -0.468696 1.467448 -1.198843 0.714954 1.035412 1.006055 0.853554 -0.034240 1.125842 -0.716293 0.734300 0.596013 -0.941760 -0.430586 -0.147099 -0.150730 0.193681 -0.315434 -0.727196 -0.677566 0.609192 -0.096693 -0.834598 -2.360795 -0.316807 73.091263 1.000000
27 0.387352 -0.621814 -1.416276 -1.372740 2.887473 -0.748446 0.014459 -0.011604 -0.014809 -0.965156 1.985502 -0.358185 0.312392 0.655521 -0.219956 -1.439054 0.090795 1.600911 -0.948710 -1.585001 -0.943242 -1.223466 -0.423728 0.034003 -1.184502 0.629099 -1.572160 -0.985804 0.301851 -0.327566 0.960495 1.889556 -0.515546 -0.686846 0.234462 -2.462664 1.157915 0.493226 -1.518908 -1.464161 2.487565 1.000000
28 -0.191085 1.032278 -0.885962 0.284402 1.825671 -1.549322 -0.315128 1.382996 -1.854414 0.517199 -0.461447 -0.293489 0.978377 -1.380344 2.084051 -2.643597 1.182192 -0.622618 0.840216 -0.026754 0.267404 0.042173 0.117860 -1.318539 -1.080519 -0.606640 -1.901436 0.191696 0.056351 0.802621 1.520745 -1.445210 0.865349 -1.900611 -1.014808 -1.546337 0.419432 1.377328 -1.094207 0.850591 1.073085 1.000000
29 -0.733145 0.021756 0.267672 0.078959 -1.375744 -1.183646 1.129984 1.077980 0.102503 0.192286 0.832415 -0.266582 1.600092 -0.912464 1.792826 -1.818450 -0.008715 1.975035 -0.400641 -1.163260 -0.455585 -1.526682 2.147027 -0.305741 0.716487 -1.229257 0.034557 -1.182308 1.847492 -0.614705 1.407269 0.967708 0.229879 0.737174 -0.091869 -0.454524 1.304608 0.253823 0.414547 1.180743 23.309879 1.000000
30 2.093245 -0.078953 -0.807839 -1.108871 0.048702 1.052609 -0.263674 -0.233865 -0.568858 0.118899 0.435127 -0.193653 -1.773579 0.474129 -0.353230 -0.424270 0.824357 0.120423 0.064619 -0.190480 0.557258 0.312217 -0.143176 -0.759593 -0.559478 1.613075 -0.122138 -0.684823 1.289483 -0.844897 -0.511320 -0.283230 -0.135423 0.411989 0.191141 1.268005 -1.205985 -0.676562 -0.233184 -2.108510 4.483891 1.000000
31 0.846030 1.587072 0.539018 -0.155719 -0.177507 0.543610 0.356039 -0.994753 -0.044804 0.849560 -1.194802 0.952707 -1.732146 0.200884 0.040452 0.259478 -0.221738 -2.167918 -0.766979 2.149348 0.736738 -0.246260 -1.017758 -0.424134 -0.884615 0.199772 0.333100 0.539119 0.475226 1.903172 0.475950 0.587607 -0.400457 0.242462 -1.606334 -2.045468 0.485398 -0.036227 0.287674 -0.127888 0.359719 1.000000
32 0.641412 -0.178137 -0.312671 0.223210 0.601286 1.880634 0.551823 -0.391970 1.150901 0.078303 -1.167689 0.305610 0.894741 0.236081 -0.041219 0.662799 0.023443 -1.177847 -0.170405 -1.059358 0.004699 0.029357 -2.626228 1.047239 -0.466633 -0.383590 -0.699912 1.095904 0.750700 -0.821085 1.405703 -0.582425 -0.503529 0.163836 0.574855 0.430144 2.219628 0.023277 -0.888595 0.786304 62.549656 1.000000
33 0.351869 1.416842 -0.390570 2.083974 -0.091780 -0.179954 0.316360 1.341980 -1.046948 -1.500606 -1.592580 -0.480585 -1.046111 -1.782194 -0.102271 -1.850125 1.149854 -1.489282 -1.471843 0.733230 0.152161 -0.676738 -0.011463 0.987887 -0.540952 0.976032 0.283873 -1.039800 -1.904234 0.137338 -0.598048 -0.385348 0.896707 1.814482 0.091749 -0.531570 -0.317548 0.088042 0.878519 -1.311744 0.705964 1.000000
34 0.930906 0.762026 -1.796748 0.420949 1.689531 0.524543 -0.787943 -0.839487 -0.053264 0.768459 -2.291867 1.013373 0.038082 -0.095796 0.366495 -0.213086 -0.018238 -1.320136 0.048690 -1.523529 0.915537 -0.903330 -1.238953 -0.925057 -0.267228 1.561404 -0.374919 -0.211418 0.419982 -0.630436 -0.695166 -0.340415 -1.663160 -0.484935 0.417385 1.468087 1.326719 -0.791350 0.031859 -0.119584 0.955036 1.000000
35 -0.885107 2.128115 -0.997287 0.768717 -0.038588 -0.202781 1.363245 2.336213 -0.123003 0.220118 -1.942132 -1.070847 -0.404001 0.219221 -1.661205 -2.173830 -0.933546 -1.741138 -0.427688 0.032718 0.108311 -2.134334 -1.270706 0.054219 -1.243645 0.943978 -1.559483 0.469162 1.892843 -0.075574 0.147590 0.796349 0.558663 -0.266857 0.266263 0.432157 -0.341921 1.521836 0.414443 -1.177327 12.712332 1.000000
36 -0.154877 -0.704316 0.012837 -0.141858 1.410086 -0.312900 -0.591742 -0.600190 -0.242936 2.425321 1.176656 -0.957135 0.502387 0.062154 0.467290 0.271511 -0.697647 0.569367 -1.105996 -0.224224 0.798238 0.138809 0.885673 -0.038221 -0.148460 1.187378 0.465857 0.382570 0.753993 1.483818 0.138807 0.858101 0.233977 -1.251316 -0.384424 -1.052212 -2.523650 0.192927 -0.836738 1.434248 4.905890 1.000000
37 0.937990 -1.068194 0.625151 0.035218 -0.232567 1.020827 -0.274891 -0.200906 0.364023 0.538636 0.393785 0.148249 0.240783 1.325138 -1.012502 1.241028 -0.467689 0.981079 -2.029166 -0.790265 0.356049 1.041258 -0.847915 -0.028248 -0.661842 1.583253 -0.795627 -2.004460 -0.639282 0.285651 1.728866 1.048677 -0.959999 -0.024742 -0.368460 -0.127219 0.381374 0.483937 0.071689 -0.127266 14.469030 1.000000
38 -0.401998 0.933000 2.919528 2.081214 0.315742 -1.254000 -0.670945 -1.377754 2.415359 1.368959 -1.396946 -1.104812 1.967135 0.347175 -0.249111 1.348248 -0.804439 -1.837446 -1.381960 0.206812 1.108805 1.033981 2.039235 -0.656146 -0.316055 0.699581 -1.008294 -1.348212 0.639821 1.603626 1.176082 0.225974 2.477060 0.087771 -0.607669 -0.792544 1.496108 0.500828 1.280513 -0.123849 0.017484 1.000000
39 -0.553091 0.065722 -1.934134 -0.496507 -0.052919 -0.126217 -0.743625 -0.118673 -0.125472 -1.373427 -0.042054 -0.435787 0.354360 0.231785 0.438573 -0.704966 1.243118 -0.471798 -0.537977 0.052777 1.303840 -0.391806 0.229282 1.199884 0.900669 0.331719 -0.601103 0.233716 -0.747520 -0.973699 -0.294288 -0.151363 1.019971 0.073287 -0.640688 1.330448 0.580242 -0.288308 0.719935 0.323169 1.187970 1.000000
40 -0.091328 0.199350 -1.106724 1.031652 0.806412 -0.358487 1.261975 0.120799 0.090455 2.045506 0.585391 0.431213 0.597265 -0.982301 -1.429642 -1.137338 -0.561062 0.948310 0.546464 -1.129860 -0.779593 -1.364944 0.778390 -0.686817 -0.634042 0.320382 -1.092315 -0.077670 -0.088520 -0.543329 0.948191 -0.741368 2.034422 -1.045553 -0.955763 -0.018144 -2.888088 -0.019527 0.662498 1.202364 16.110331 1.000000
41 0.768979 0.536889 0.662179 0.700571 -1.458400 1.358850 -1.078911 1.402636 2.219308 -0.084665 1.204611 0.664330 1.707825 0.498809 -1.102264 -1.954392 -0.338260 0.266389 -0.105274 -1.172132 0.953662 0.122298 0.621805 -0.137580 -0.770316 -1.013256 2.521900 1.332166 1.729540 0.928868 -0.764554 -1.839638 -0.623933 -0.758594 -0.373996 -0.454857 1.258438 -0.708025 -0.836330 0.120447 0.979110 1.000000
42 -0.255815 -1.039137 3.033758 -0.146787 0.061485 0.193295 0.188149 1.659905 -0.037514 0.959566 -0.986091 -1.232607 1.281479 1.562832 0.563117 0.304477 0.891467 -0.199084 -2.394772 0.575360 -0.190776 -0.099579 0.425677 0.420291 0.347200 0.740316 -0.533629 0.138509 0.249616 0.806807 -0.493057 0.551744 -1.211899 0.939082 1.577200 -0.695542 0.405383 2.261493 0.890049 -0.121059 3.008577 1.000000
43 0.468916 -1.505734 0.500745 1.227784 0.023927 0.898393 -1.459172 -1.422217 0.908288 -0.296956 0.800565 0.624191 -1.098153 -1.139548 -0.689594 0.439128 0.588792 -0.152375 1.111979 -0.742684 1.723463 -0.274305 -0.759353 -0.239288 0.277294 -0.208487 -1.130725 -0.551478 2.042972 -1.718941 1.248108 -0.412144 0.708403 -0.030599 -0.773103 0.405054 -0.679991 0.627407 0.333831 0.525518 3.132195 1.000000
44 0.028458 -0.118762 -0.246028 1.143984 -0.388421 0.274452 -1.088793 -0.375268 1.252160 0.324699 -0.429424 1.302340 -0.329930 0.562125 1.290923 0.029625 0.068640 1.011957 0.822007 -0.183192 -0.448597 -0.089208 0.765753 0.419657 -1.200983 0.614460 -0.051476 0.825755 -1.122093 1.079041 3.111687 -0.447669 0.736347 -0.613839 -1.305288 -0.060347 -0.365107 -0.180223 1.304432 1.811305 10.519760 1.000000
45 0.497161 0.467912 0.898262 1.253657 0.123461 -0.451393 -2.667580 -0.600780 -0.498209 -1.243281 0.353245 1.421781 -0.020528 -1.167820 1.303511 -0.361538 -1.640506 0.455653 -1.126112 1.099779 -0.182156 -1.369407 0.513370 0.235063 0.009675 1.325784 0.888320 -0.218221 0.566045 -1.862866 -1.106304 1.065956 1.040866 1.809998 -1.411341 -0.367126 -0.966324 0.312454 -0.161547 -2.120981 0.044895 1.000000
46 0.868639 -0.936614 0.247052 0.724117 -0.486126 -0.866880 0.244755 -0.825392 1.459194 0.366351 0.571109 0.578960 -0.581023 -0.727276 0.344139 0.494527 -0.066035 0.385637 1.476727 0.856675 0.584505 1.298441 0.424658 -0.118730 -0.595435 0.290340 -0.883279 -0.524465 0.920125 -0.435460 0.926330 -1.112198 1.590824 -1.368261 -0.618645 -0.832058 1.399709 -1.767828 0.387719 -0.444429 10.018313 1.000000
47 0.512257 1.017386 0.279162 -2.301675 0.062274 0.733753 1.285002 -1.142533 -1.958814 -1.126840 -1.491994 -0.899531 0.892322 1.411521 0.816140 1.008485 -1.196329 0.380734 -0.025413 0.009110 -0.982788 -1.498446 -1.688405 -1.207718 1.299481 0.435250 1.829579 0.976812 0.779984 0.045649 0.439055 1.656873 0.819841 -0.012260 -0.221478 0.793988 -0.565219 0.906317 -0.098951 -0.499382 0.428337 1.000000
48 -1.813206 0.324894 0.035044 -0.518283 -0.020381 0.500430 -0.521167 -0.343846 1.585768 -0.887009 1.549740 0.432815 -0.023949 1.596808 1.588965 -1.265344 0.055049 1.783701 0.262353 0.289184 0.397440 -0.372518 0.105509 -0.851280 0.406644 -0.471631 -0.862847 0.477208 -1.519587 1.648680 0.304328 -0.167336 -0.365081 -0.221175 0.252547 0.306321 -0.271172 -0.923915 0.004735 -0.902963 7.395952 1.000000
49 0.971088 -1.093561 -1.011835 -0.317080 -0.727465 -1.013625 0.929590 0.034350 0.202446 -1.672595 0.163728 -0.676702 0.467438 0.015092 -0.456036 -1.849434 1.363774 1.847589 -0.457303 0.671738 -0.168758 0.719510 0.345242 0.757504 1.202851 0.466267 -0.895017 1.201713 -0.402660 -0.383199 1.569055 -0.431496 -1.163100 1.465271 -0.275988 -1.013075 1.666529 -1.112998 -0.337210 -0.264986 1.637026 1.000000
50 -0.275950 0.599815 0.653464 0.552347 0.395647 -0.541730 -0.451306 -1.753377 0.346197 -0.973959 -2.555439 -1.258177 0.868094 0.425894 -0.680183 0.212538 -0.176436 1.515329 1.359457 -0.581959 -2.024095 0.317075 0.251000 0.939527 -0.369132 0.628746 -0.903509 0.357544 -1.403434 -0.604393 0.230494 0.144659 -0.048743 0.298864 0.570494 -0.384590 1.255091 1.811509 0.288542 -1.553630 0.015741 1.000000
uncorrelated Gaussian covariates
missing covariate fraction: 0.000000
no latent classes
   lambda(t|risk 1)=C, <t>=4.000000 for zero covariates
   risk 1: beta[1]=0.500000
   risk 1: beta[2]=0.500000
   risk 1: beta[3]=0.500000
   risk 1: beta[4]=0.500000
   risk 1: beta[5]=0.500000
   risk 1: beta[6]=-0.500000
   risk 1: beta[7]=-0.500000
   risk 1: beta[8]=-0.500000
   risk 1: beta[9]=-0.500000
   risk 1: beta[10]=-0.500000
   risk 1: beta[11]=0.000000
   risk 1: beta[12]=0.000000
   risk 1: beta[13]=0.000000
   risk 1: beta[14]=0.000000
   risk 1: beta[15]=0.000000
   risk 1: beta[16]=0.000000
   risk 1: beta[17]=0.000000
   risk 1: beta[18]=0.000000
   risk 1: beta[19]=0.000000
   risk 1: beta[20]=0.000000
   risk 1: beta[21]=0.000000
   risk 1: beta[22]=0.000000
   risk 1: beta[23]=0.000000
   risk 1: beta[24]=0.000000
   risk 1: beta[25]=0.000000
   risk 1: beta[26]=0.000000
   risk 1: beta[27]=0.000000
   risk 1: beta[28]=0.000000
   risk 1: beta[29]=0.000000
   risk 1: beta[30]=0.000000
   risk 1: beta[31]=0.000000
   risk 1: beta[32]=0.000000
   risk 1: beta[33]=0.000000
   risk 1: beta[34]=0.000000
   risk 1: beta[35]=0.000000
   risk 1: beta[36]=0.000000
   risk 1: beta[37]=0.000000
   risk 1: beta[38]=0.000000
   risk 1: beta[39]=0.000000
   risk 1: beta[40]=0.000000
