0.000000 0.500000
1.000000 0.570885
2.000000 0.626198
3.000000 0.682604
4.000000 0.692708
5.000000 0.723542
6.000000 0.744635
7.000000 0.790000
8.000000 0.787604
9.000000 0.796979
10.000000 0.808333
11.000000 0.817344
12.000000 0.828229
13.000000 0.837083
14.000000 0.841823
15.000000 0.849844
16.000000 0.851875
17.000000 0.855781
18.000000 0.856302
19.000000 0.860573
20.000000 0.856510
21.000000 0.873073
22.000000 0.878125
23.000000 0.878385
24.000000 0.880417
25.000000 0.884583
26.000000 0.885729
27.000000 0.881615
28.000000 0.885156
29.000000 0.885260
30.000000 0.886354
31.000000 0.889479
32.000000 0.890729
33.000000 0.891615
34.000000 0.894688
35.000000 0.898906
36.000000 0.896302
37.000000 0.898750
38.000000 0.898646
39.000000 0.899792
40.000000 0.901042
41.000000 0.905625
42.000000 0.905833
43.000000 0.905521
44.000000 0.906250
45.000000 0.907917
46.000000 0.909427
47.000000 0.906719
48.000000 0.908125
49.000000 0.912760
50.000000 0.911562
51.000000 0.911146
52.000000 0.911823
53.000000 0.911667
54.000000 0.910365
55.000000 0.918021
56.000000 0.917969
57.000000 0.919427
58.000000 0.916615
59.000000 0.914844
60.000000 0.917969
