active=60: 1 2 3 4 5 6 7 8 9 10 11 12 13 14 15 16 17 18 19 20 21 22 23 24 25 26 27 28 29 30 31 32 33 34 35 36 37 38 39 40 41 42 43 44 45 46 47 48 49 50 51 52 53 54 55 56 57 58 59 60 
active=59: 1 2 3 4 5 6 7 8 9 10 11 12 13 14 15 16 17 18 19 20 21 22 23 24 25 26 28 29 30 31 32 33 34 35 36 37 38 39 40 41 42 43 44 45 46 47 48 49 50 51 52 53 54 55 56 57 58 59 60 
active=58: 1 2 3 4 5 6 7 8 9 10 11 12 13 14 15 16 17 18 19 20 21 22 23 24 25 26 28 29 30 31 32 33 34 35 36 37 38 39 40 41 42 43 44 45 46 47 49 50 51 52 53 54 55 56 57 58 59 60 
active=57: 1 2 3 4 5 6 7 8 9 10 11 12 13 14 15 16 17 18 19 20 21 22 23 24 25 26 28 29 30 31 32 33 34 35 36 37 38 39 40 41 42 43 44 45 46 47 49 51 52 53 54 55 56 57 58 59 60 
active=56: 1 2 3 4 5 6 7 8 9 10 11 12 13 14 15 16 18 19 20 21 22 23 24 25 26 28 29 30 31 32 33 34 35 36 37 38 39 40 41 42 43 44 45 46 47 49 51 52 53 54 55 56 57 58 59 60 
active=55: 1 2 3 4 5 6 7 8 9 10 11 12 13 14 15 16 18 19 20 21 22 23 24 25 26 28 29 30 31 32 33 34 35 36 37 38 39 40 41 42 43 44 45 46 47 49 51 52 53 54 55 56 57 58 60 
active=54: 1 2 3 4 5 6 7 8 9 10 11 12 13 14 16 18 19 20 21 22 23 24 25 26 28 29 30 31 32 33 34 35 36 37 38 39 40 41 42 43 44 45 46 47 49 51 52 53 54 55 56 57 58 60 
active=53: 1 2 3 4 5 6 7 8 9 10 11 12 13 14 16 18 19 20 21 22 23 24 25 26 28 29 30 31 32 33 35 36 37 38 39 40 41 42 43 44 45 46 47 49 51 52 53 54 55 56 57 58 60 
active=52: 1 2 3 4 5 6 7 8 9 11 12 13 14 16 18 19 20 21 22 23 24 25 26 28 29 30 31 32 33 35 36 37 38 39 40 41 42 43 44 45 46 47 49 51 52 53 54 55 56 57 58 60 
active=51: 1 2 3 4 5 6 7 8 9 11 12 13 14 16 18 19 20 21 23 24 25 26 28 29 30 31 32 33 35 36 37 38 39 40 41 42 43 44 45 46 47 49 51 52 53 54 55 56 57 58 60 
active=50: 1 2 3 4 5 6 7 8 9 11 12 13 14 16 18 19 20 21 23 24 25 26 28 29 30 31 32 33 36 37 38 39 40 41 42 43 44 45 46 47 49 51 52 53 54 55 56 57 58 60 
active=49: 1 2 3 4 5 6 7 8 9 11 12 13 14 16 18 19 20 21 23 24 25 26 28 29 30 31 32 33 36 37 38 39 40 41 42 43 44 45 46 47 49 51 52 54 55 56 57 58 60 
active=48: 1 2 3 4 5 6 7 8 9 11 12 13 14 16 18 19 20 21 23 24 25 26 28 29 30 31 32 33 36 37 38 39 40 41 42 43 44 45 46 47 51 52 54 55 56 57 58 60 
active=47: 1 2 3 4 5 6 7 8 9 11 12 13 14 16 18 19 20 21 23 24 25 26 28 29 30 31 32 33 36 37 39 40 41 42 43 44 45 46 47 51 52 54 55 56 57 58 60 
active=46: 1 2 3 5 6 7 8 9 11 12 13 14 16 18 19 20 21 23 24 25 26 28 29 30 31 32 33 36 37 39 40 41 42 43 44 45 46 47 51 52 54 55 56 57 58 60 
active=45: 1 2 3 5 6 7 8 9 11 12 13 14 16 18 19 20 21 23 24 25 26 28 29 30 31 32 33 36 37 39 40 41 42 43 44 45 46 47 51 52 55 56 57 58 60 
active=44: 1 2 3 5 6 7 8 9 11 12 13 14 16 18 19 20 21 23 24 25 26 29 30 31 32 33 36 37 39 40 41 42 43 44 45 46 47 51 52 55 56 57 58 60 
active=43: 1 2 3 5 6 7 8 9 12 13 14 16 18 19 20 21 23 24 25 26 29 30 31 32 33 36 37 39 40 41 42 43 44 45 46 47 51 52 55 56 57 58 60 
active=42: 1 2 3 5 6 7 8 9 12 13 14 16 18 19 20 21 23 24 25 26 29 30 31 32 33 36 37 39 41 42 43 44 45 46 47 51 52 55 56 57 58 60 
active=41: 1 2 3 5 6 7 8 12 13 14 16 18 19 20 21 23 24 25 26 29 30 31 32 33 36 37 39 41 42 43 44 45 46 47 51 52 55 56 57 58 60 
active=40: 2 3 5 6 7 8 12 13 14 16 18 19 20 21 23 24 25 26 29 30 31 32 33 36 37 39 41 42 43 44 45 46 47 51 52 55 56 57 58 60 
active=39: 2 3 5 7 8 12 13 14 16 18 19 20 21 23 24 25 26 29 30 31 32 33 36 37 39 41 42 43 44 45 46 47 51 52 55 56 57 58 60 
active=38: 2 3 5 7 8 12 13 16 18 19 20 21 23 24 25 26 29 30 31 32 33 36 37 39 41 42 43 44 45 46 47 51 52 55 56 57 58 60 
active=37: 2 3 5 7 8 12 13 16 18 19 20 21 23 24 25 26 29 30 31 32 33 36 37 39 41 42 43 44 45 46 47 51 55 56 57 58 60 
active=36: 2 3 5 7 8 12 13 16 19 20 21 23 24 25 26 29 30 31 32 33 36 37 39 41 42 43 44 45 46 47 51 55 56 57 58 60 
active=35: 2 3 5 7 8 12 13 16 19 20 21 23 24 25 26 29 30 31 32 33 36 37 39 41 42 44 45 46 47 51 55 56 57 58 60 
active=34: 2 3 5 7 8 12 13 16 19 20 21 23 24 25 26 29 30 31 32 33 36 37 39 41 42 44 45 46 51 55 56 57 58 60 
active=33: 2 3 5 7 8 12 13 16 19 20 21 23 24 25 26 29 30 31 32 33 36 37 39 41 42 44 45 46 51 55 56 58 60 
active=32: 2 3 5 7 8 12 13 16 19 20 21 23 24 25 26 29 30 31 32 33 36 37 39 41 42 44 45 46 51 55 56 60 
active=31: 2 3 5 7 8 12 13 16 19 20 21 23 24 25 26 29 30 32 33 36 37 39 41 42 44 45 46 51 55 56 60 
active=30: 2 3 5 7 8 12 13 16 19 20 21 23 24 25 26 29 30 32 33 36 37 39 41 42 44 45 46 51 55 60 
active=29: 2 3 5 7 8 12 13 16 20 21 23 24 25 26 29 30 32 33 36 37 39 41 42 44 45 46 51 55 60 
active=28: 2 3 5 7 8 12 13 16 20 21 23 24 25 26 29 30 32 33 36 37 39 41 44 45 46 51 55 60 
active=27: 2 3 5 7 8 12 13 16 20 21 23 24 25 29 30 32 33 36 37 39 41 44 45 46 51 55 60 
active=26: 2 3 5 7 8 12 13 20 21 23 24 25 29 30 32 33 36 37 39 41 44 45 46 51 55 60 
active=25: 2 3 7 8 12 13 20 21 23 24 25 29 30 32 33 36 37 39 41 44 45 46 51 55 60 
active=24: 2 3 7 8 12 13 20 21 23 24 25 29 30 32 36 37 39 41 44 45 46 51 55 60 
active=23: 2 3 7 8 12 13 20 21 23 24 25 29 30 32 36 37 39 44 45 46 51 55 60 
active=22: 2 3 7 8 13 20 21 23 24 25 29 30 32 36 37 39 44 45 46 51 55 60 
active=21: 2 3 7 8 13 20 21 23 25 29 30 32 36 37 39 44 45 46 51 55 60 
active=20: 2 3 7 8 13 20 21 23 25 29 30 32 36 37 39 44 45 46 51 55 
active=19: 2 3 7 8 13 20 21 23 25 29 30 32 36 37 39 44 45 46 51 
active=18: 2 3 7 8 13 20 21 23 25 29 30 32 36 39 44 45 46 51 
active=17: 2 3 7 8 13 20 21 23 25 29 30 32 36 39 44 46 51 
active=16: 2 7 8 13 20 21 23 25 29 30 32 36 39 44 46 51 
active=15: 2 7 8 20 21 23 25 29 30 32 36 39 44 46 51 
active=14: 2 7 8 20 21 23 29 30 32 36 39 44 46 51 
active=13: 2 7 8 20 21 29 30 32 36 39 44 46 51 
active=12: 2 7 8 20 21 29 30 36 39 44 46 51 
active=11: 2 7 8 20 21 29 36 39 44 46 51 
active=10: 2 7 8 20 21 29 36 39 46 51 
active=9: 2 7 20 21 29 36 39 46 51 
active=8: 2 7 20 29 36 39 46 51 
active=7: 2 7 20 29 36 46 51 
active=6: 7 20 29 36 46 51 
active=5: 7 20 36 46 51 
active=4: 7 36 46 51 
active=3: 7 36 51 
active=2: 7 36 
active=1: 7 
