0.000000 0.500000
1.000000 0.552600
2.000000 0.597100
3.000000 0.607100
4.000000 0.621900
5.000000 0.641500
6.000000 0.634800
7.000000 0.632100
8.000000 0.641500
9.000000 0.641900
10.000000 0.635800
11.000000 0.630300
12.000000 0.651500
13.000000 0.654400
14.000000 0.659800
15.000000 0.645500
16.000000 0.637800
17.000000 0.643100
18.000000 0.642800
19.000000 0.652600
20.000000 0.646200
21.000000 0.658100
22.000000 0.643200
23.000000 0.643900
24.000000 0.634500
25.000000 0.635000
26.000000 0.628200
27.000000 0.618400
28.000000 0.618000
29.000000 0.602400
30.000000 0.607200
31.000000 0.591400
32.000000 0.592100
33.000000 0.587200
34.000000 0.579100
35.000000 0.590100
36.000000 0.588900
37.000000 0.572500
38.000000 0.574000
39.000000 0.565900
40.000000 0.574800
41.000000 0.565100
42.000000 0.562100
43.000000 0.558700
44.000000 0.568200
45.000000 0.552900
46.000000 0.543100
47.000000 0.546900
48.000000 0.538600
49.000000 0.532200
50.000000 0.530600
51.000000 0.534200
52.000000 0.524600
53.000000 0.526200
54.000000 0.514500
55.000000 0.519600
56.000000 0.514200
57.000000 0.509600
58.000000 0.514700
59.000000 0.513800
60.000000 0.508500
