0.000000 0.500000
1.000000 0.563200
2.000000 0.621600
3.000000 0.628200
4.000000 0.660900
5.000000 0.668500
6.000000 0.681000
7.000000 0.693800
8.000000 0.698800
9.000000 0.719000
10.000000 0.702000
11.000000 0.713400
12.000000 0.725900
13.000000 0.743500
14.000000 0.749600
15.000000 0.753500
16.000000 0.763600
17.000000 0.759000
18.000000 0.769300
19.000000 0.778900
20.000000 0.787800
21.000000 0.793800
22.000000 0.803600
23.000000 0.802900
24.000000 0.804100
25.000000 0.799500
26.000000 0.813900
27.000000 0.808400
28.000000 0.813900
29.000000 0.818500
30.000000 0.820800
31.000000 0.826900
32.000000 0.831400
33.000000 0.835500
34.000000 0.836000
35.000000 0.842900
36.000000 0.840400
37.000000 0.850100
38.000000 0.845700
39.000000 0.853100
40.000000 0.861000
41.000000 0.860800
42.000000 0.862000
43.000000 0.869600
44.000000 0.870400
45.000000 0.875200
46.000000 0.876400
47.000000 0.878800
48.000000 0.882500
49.000000 0.884700
50.000000 0.887700
51.000000 0.898400
52.000000 0.899300
53.000000 0.896200
54.000000 0.905100
55.000000 0.902900
56.000000 0.913700
57.000000 0.919800
58.000000 0.918100
59.000000 0.918600
60.000000 0.920000
