0.000000 0.500000 0.500000
1.000000 0.631087 0.637174
2.000000 0.679783 0.699239
3.000000 0.683370 0.709239
4.000000 0.690761 0.739348
5.000000 0.694891 0.756848
6.000000 0.714457 0.762174
7.000000 0.679348 0.755978
8.000000 0.716413 0.783152
9.000000 0.727717 0.806739
10.000000 0.720326 0.808804
11.000000 0.727283 0.823696
12.000000 0.749674 0.832283
13.000000 0.740761 0.828152
14.000000 0.732391 0.831304
15.000000 0.726848 0.835000
16.000000 0.744783 0.854239
17.000000 0.739674 0.840761
18.000000 0.745217 0.854891
19.000000 0.741957 0.856739
20.000000 0.743043 0.856957
21.000000 0.762935 0.870109
22.000000 0.769565 0.888913
23.000000 0.773804 0.886196
24.000000 0.763043 0.893261
25.000000 0.760109 0.897500
26.000000 0.759783 0.901413
27.000000 0.759891 0.899457
28.000000 0.754022 0.909239
29.000000 0.748043 0.911848
30.000000 0.756304 0.911630
31.000000 0.760217 0.920543
32.000000 0.752283 0.922609
33.000000 0.749457 0.924239
34.000000 0.745870 0.923913
35.000000 0.741522 0.930543
36.000000 0.752609 0.935543
37.000000 0.746087 0.937935
38.000000 0.747174 0.936848
39.000000 0.742391 0.938261
40.000000 0.756522 0.943370
41.000000 0.740000 0.941957
42.000000 0.732065 0.947065
43.000000 0.726413 0.942609
44.000000 0.735217 0.945761
45.000000 0.722391 0.946413
46.000000 0.719022 0.947935
47.000000 0.718261 0.947717
48.000000 0.721957 0.945435
49.000000 0.714565 0.948804
50.000000 0.707717 0.953696
51.000000 0.720435 0.957391
52.000000 0.709674 0.953370
53.000000 0.703587 0.959239
54.000000 0.698696 0.957717
55.000000 0.695326 0.959891
56.000000 0.691196 0.958587
57.000000 0.687283 0.963152
58.000000 0.685978 0.962826
59.000000 0.686304 0.965652
60.000000 0.682609 0.964348
61.000000 0.677826 0.965652
62.000000 0.665761 0.965000
63.000000 0.661739 0.963587
64.000000 0.666087 0.968696
65.000000 0.663043 0.970435
66.000000 0.664457 0.967283
67.000000 0.665978 0.967935
68.000000 0.658043 0.967500
69.000000 0.651630 0.969348
70.000000 0.653043 0.968370
71.000000 0.653043 0.972826
72.000000 0.642065 0.971848
73.000000 0.640870 0.970652
74.000000 0.634022 0.971413
75.000000 0.637500 0.972609
76.000000 0.632283 0.973370
77.000000 0.631196 0.974022
78.000000 0.631848 0.973261
79.000000 0.625435 0.973804
80.000000 0.618261 0.975978
81.000000 0.620761 0.974022
82.000000 0.608370 0.975435
83.000000 0.610870 0.976522
84.000000 0.604565 0.975000
85.000000 0.609674 0.975435
86.000000 0.592500 0.975217
87.000000 0.602609 0.976739
88.000000 0.588478 0.975109
89.000000 0.590000 0.977065
90.000000 0.581739 0.976304
91.000000 0.581304 0.976957
92.000000 0.578696 0.977065
93.000000 0.573261 0.977391
94.000000 0.582717 0.977283
95.000000 0.571957 0.977283
96.000000 0.570652 0.977065
97.000000 0.566630 0.978913
98.000000 0.567391 0.978043
99.000000 0.560109 0.979348
100.000000 0.567717 0.978587
