0.000000 0.500000
1.000000 0.631087
2.000000 0.679783
3.000000 0.683370
4.000000 0.690761
5.000000 0.694891
6.000000 0.714457
7.000000 0.679348
8.000000 0.716413
9.000000 0.727717
10.000000 0.720326
11.000000 0.727283
12.000000 0.749674
13.000000 0.740761
14.000000 0.732391
15.000000 0.726848
16.000000 0.744783
17.000000 0.739674
18.000000 0.745217
19.000000 0.741957
20.000000 0.743043
21.000000 0.762935
22.000000 0.769565
23.000000 0.773804
24.000000 0.763043
25.000000 0.760109
26.000000 0.759783
27.000000 0.759891
28.000000 0.754022
29.000000 0.748043
30.000000 0.756304
31.000000 0.760217
32.000000 0.752283
33.000000 0.749457
34.000000 0.745870
35.000000 0.741522
36.000000 0.752609
37.000000 0.746087
38.000000 0.747174
39.000000 0.742391
40.000000 0.756522
41.000000 0.740000
42.000000 0.732065
43.000000 0.726413
44.000000 0.735217
45.000000 0.722391
46.000000 0.719022
47.000000 0.718261
48.000000 0.721957
49.000000 0.714565
50.000000 0.707717
51.000000 0.720435
52.000000 0.709674
53.000000 0.703587
54.000000 0.698696
55.000000 0.695326
56.000000 0.691196
57.000000 0.687283
58.000000 0.685978
59.000000 0.686304
60.000000 0.682609
61.000000 0.677826
62.000000 0.665761
63.000000 0.661739
64.000000 0.666087
65.000000 0.663043
66.000000 0.664457
67.000000 0.665978
68.000000 0.658043
69.000000 0.651630
70.000000 0.653043
71.000000 0.653043
72.000000 0.642065
73.000000 0.640870
74.000000 0.634022
75.000000 0.637500
76.000000 0.632283
77.000000 0.631196
78.000000 0.631848
79.000000 0.625435
80.000000 0.618261
81.000000 0.620761
82.000000 0.608370
83.000000 0.610870
84.000000 0.604565
85.000000 0.609674
86.000000 0.592500
87.000000 0.602609
88.000000 0.588478
89.000000 0.590000
90.000000 0.581739
91.000000 0.581304
92.000000 0.578696
93.000000 0.573261
94.000000 0.582717
95.000000 0.571957
96.000000 0.570652
97.000000 0.566630
98.000000 0.567391
99.000000 0.560109
100.000000 0.567717
