0.000000 0.500000
1.000000 0.661739
2.000000 0.732283
3.000000 0.724130
4.000000 0.744674
5.000000 0.757500
6.000000 0.775435
7.000000 0.779783
8.000000 0.754239
9.000000 0.769674
10.000000 0.795326
11.000000 0.806739
12.000000 0.815761
13.000000 0.814130
14.000000 0.810000
15.000000 0.817065
16.000000 0.816739
17.000000 0.806739
18.000000 0.800978
19.000000 0.800652
20.000000 0.798587
21.000000 0.797609
22.000000 0.790000
23.000000 0.796957
24.000000 0.785109
25.000000 0.768804
26.000000 0.788261
27.000000 0.782935
28.000000 0.777717
29.000000 0.771087
30.000000 0.768370
31.000000 0.756957
32.000000 0.758370
33.000000 0.759674
34.000000 0.756087
35.000000 0.745543
36.000000 0.739891
37.000000 0.741087
38.000000 0.733804
39.000000 0.732283
40.000000 0.726739
41.000000 0.722717
42.000000 0.720543
43.000000 0.719348
44.000000 0.718587
45.000000 0.706630
46.000000 0.715761
47.000000 0.706522
48.000000 0.705435
49.000000 0.705109
50.000000 0.707174
51.000000 0.697717
52.000000 0.692717
53.000000 0.689565
54.000000 0.681413
55.000000 0.686522
56.000000 0.677609
57.000000 0.673370
58.000000 0.674348
59.000000 0.669783
60.000000 0.665870
