active=40: 1 2 3 4 5 6 7 8 9 10 11 12 13 14 15 16 17 18 19 20 21 22 23 24 25 26 27 28 29 30 31 32 33 34 35 36 37 38 39 40 
active=39: 1 2 3 4 5 6 7 8 9 10 11 12 13 14 15 16 17 18 19 20 21 22 23 24 25 26 27 28 30 31 32 33 34 35 36 37 38 39 40 
active=38: 1 2 3 4 5 6 7 8 9 10 11 12 13 14 15 16 18 19 20 21 22 23 24 25 26 27 28 30 31 32 33 34 35 36 37 38 39 40 
active=37: 1 2 3 4 5 6 7 8 9 10 11 12 13 14 15 16 18 19 20 21 22 23 25 26 27 28 30 31 32 33 34 35 36 37 38 39 40 
active=36: 1 2 3 4 5 6 7 8 9 11 12 13 14 15 16 18 19 20 21 22 23 25 26 27 28 30 31 32 33 34 35 36 37 38 39 40 
active=35: 1 2 3 4 5 6 7 8 9 11 12 13 14 15 16 18 19 20 21 23 25 26 27 28 30 31 32 33 34 35 36 37 38 39 40 
active=34: 1 2 3 4 5 6 7 8 9 11 12 13 14 15 16 18 19 21 23 25 26 27 28 30 31 32 33 34 35 36 37 38 39 40 
active=33: 1 2 3 4 5 6 7 8 9 11 12 13 14 15 16 18 19 21 23 25 26 27 28 30 31 32 33 35 36 37 38 39 40 
active=32: 1 2 3 4 5 7 8 9 11 12 13 14 15 16 18 19 21 23 25 26 27 28 30 31 32 33 35 36 37 38 39 40 
active=31: 1 2 3 4 5 7 8 9 11 12 13 14 15 16 18 21 23 25 26 27 28 30 31 32 33 35 36 37 38 39 40 
active=30: 1 2 3 4 5 7 8 9 11 12 14 15 16 18 21 23 25 26 27 28 30 31 32 33 35 36 37 38 39 40 
active=29: 1 2 3 4 5 7 8 9 11 12 14 15 16 18 21 23 25 26 27 30 31 32 33 35 36 37 38 39 40 
active=28: 1 2 3 4 5 7 8 9 11 12 14 15 16 18 21 23 25 26 27 30 31 33 35 36 37 38 39 40 
active=27: 1 2 3 4 5 7 8 9 11 14 15 16 18 21 23 25 26 27 30 31 33 35 36 37 38 39 40 
active=26: 1 2 3 4 5 7 8 9 11 14 15 16 18 21 23 25 26 27 30 31 33 35 37 38 39 40 
active=25: 1 2 3 4 5 7 8 9 14 15 16 18 21 23 25 26 27 30 31 33 35 37 38 39 40 
active=24: 1 2 3 4 7 8 9 14 15 16 18 21 23 25 26 27 30 31 33 35 37 38 39 40 
active=23: 1 2 3 4 7 8 9 14 15 16 18 21 23 25 26 27 30 31 33 35 37 39 40 
active=22: 1 2 3 4 7 8 9 14 15 18 21 23 25 26 27 30 31 33 35 37 39 40 
active=21: 1 2 3 7 8 9 14 15 18 21 23 25 26 27 30 31 33 35 37 39 40 
active=20: 1 2 3 7 8 9 14 15 18 21 23 25 26 30 31 33 35 37 39 40 
active=19: 1 2 3 7 9 14 15 18 21 23 25 26 30 31 33 35 37 39 40 
active=18: 1 2 3 7 9 14 15 18 21 23 25 26 31 33 35 37 39 40 
active=17: 1 2 3 7 9 15 18 21 23 25 26 31 33 35 37 39 40 
active=16: 1 3 7 9 15 18 21 23 25 26 31 33 35 37 39 40 
active=15: 1 3 9 15 18 21 23 25 26 31 33 35 37 39 40 
active=14: 3 9 15 18 21 23 25 26 31 33 35 37 39 40 
active=13: 9 15 18 21 23 25 26 31 33 35 37 39 40 
active=12: 9 15 18 21 23 25 26 31 35 37 39 40 
active=11: 9 15 18 23 25 26 31 35 37 39 40 
active=10: 9 15 18 23 25 26 35 37 39 40 
active=9: 9 15 18 23 25 35 37 39 40 
active=8: 9 15 18 23 25 37 39 40 
active=7: 9 15 18 23 25 37 40 
active=6: 9 18 23 25 37 40 
active=5: 9 23 25 37 40 
active=4: 9 25 37 40 
active=3: 9 25 37 
active=2: 9 25 
active=1: 25 
