active=60: 1 2 3 4 5 6 7 8 9 10 11 12 13 14 15 16 17 18 19 20 21 22 23 24 25 26 27 28 29 30 31 32 33 34 35 36 37 38 39 40 41 42 43 44 45 46 47 48 49 50 51 52 53 54 55 56 57 58 59 60 
active=59: 1 2 3 4 5 6 7 8 9 10 11 12 13 14 15 16 17 18 19 20 21 22 23 24 25 26 27 28 29 30 31 32 33 34 35 36 37 38 39 40 41 42 43 44 45 46 47 48 50 51 52 53 54 55 56 57 58 59 60 
active=58: 1 3 4 5 6 7 8 9 10 11 12 13 14 15 16 17 18 19 20 21 22 23 24 25 26 27 28 29 30 31 32 33 34 35 36 37 38 39 40 41 42 43 44 45 46 47 48 50 51 52 53 54 55 56 57 58 59 60 
active=57: 1 3 4 5 6 7 8 9 10 11 12 13 14 15 16 17 18 19 20 21 22 23 24 25 26 27 28 29 30 31 32 33 34 35 36 37 38 39 40 42 43 44 45 46 47 48 50 51 52 53 54 55 56 57 58 59 60 
active=56: 1 3 4 5 6 7 8 9 10 11 12 13 14 15 16 17 18 19 20 21 22 23 24 25 26 27 28 29 30 31 32 34 35 36 37 38 39 40 42 43 44 45 46 47 48 50 51 52 53 54 55 56 57 58 59 60 
active=55: 1 3 4 5 6 7 8 9 10 11 12 13 14 15 16 17 18 19 20 21 22 23 24 25 26 27 28 29 30 31 32 34 35 36 37 38 40 42 43 44 45 46 47 48 50 51 52 53 54 55 56 57 58 59 60 
active=54: 1 3 4 5 6 7 8 9 10 11 12 13 14 15 16 17 18 19 20 21 22 23 24 25 27 28 29 30 31 32 34 35 36 37 38 40 42 43 44 45 46 47 48 50 51 52 53 54 55 56 57 58 59 60 
active=53: 1 3 4 5 6 7 9 10 11 12 13 14 15 16 17 18 19 20 21 22 23 24 25 27 28 29 30 31 32 34 35 36 37 38 40 42 43 44 45 46 47 48 50 51 52 53 54 55 56 57 58 59 60 
active=52: 1 3 4 5 6 9 10 11 12 13 14 15 16 17 18 19 20 21 22 23 24 25 27 28 29 30 31 32 34 35 36 37 38 40 42 43 44 45 46 47 48 50 51 52 53 54 55 56 57 58 59 60 
active=51: 1 3 4 5 6 9 10 11 12 13 14 15 16 17 18 19 20 21 22 23 24 25 27 28 29 30 31 32 34 35 36 37 38 40 42 43 44 45 46 47 50 51 52 53 54 55 56 57 58 59 60 
active=50: 1 3 4 6 9 10 11 12 13 14 15 16 17 18 19 20 21 22 23 24 25 27 28 29 30 31 32 34 35 36 37 38 40 42 43 44 45 46 47 50 51 52 53 54 55 56 57 58 59 60 
active=49: 1 3 6 9 10 11 12 13 14 15 16 17 18 19 20 21 22 23 24 25 27 28 29 30 31 32 34 35 36 37 38 40 42 43 44 45 46 47 50 51 52 53 54 55 56 57 58 59 60 
active=48: 1 3 6 9 10 11 12 13 14 15 16 17 18 19 20 21 22 23 24 25 27 28 29 30 31 32 34 35 36 37 38 40 42 43 44 46 47 50 51 52 53 54 55 56 57 58 59 60 
active=47: 1 3 6 9 10 11 12 13 14 15 16 17 18 19 20 21 22 23 24 25 27 28 29 30 31 32 34 35 36 37 38 40 42 43 44 46 47 50 51 52 53 55 56 57 58 59 60 
active=46: 1 3 6 9 10 11 12 13 14 15 16 17 18 19 20 21 22 23 24 25 27 28 29 30 31 32 34 35 36 37 38 40 42 43 44 46 47 50 52 53 55 56 57 58 59 60 
active=45: 1 3 6 9 10 11 12 13 14 15 16 17 18 19 20 21 22 23 24 25 27 28 29 30 31 32 34 35 36 37 38 40 42 43 44 47 50 52 53 55 56 57 58 59 60 
active=44: 1 3 6 9 10 11 12 13 14 15 16 17 18 19 20 21 22 23 24 25 27 28 29 30 31 32 34 35 36 37 38 40 42 43 44 47 50 52 55 56 57 58 59 60 
active=43: 1 3 6 9 10 11 12 13 15 16 17 18 19 20 21 22 23 24 25 27 28 29 30 31 32 34 35 36 37 38 40 42 43 44 47 50 52 55 56 57 58 59 60 
active=42: 1 3 6 9 10 11 12 13 15 16 17 18 19 20 21 23 24 25 27 28 29 30 31 32 34 35 36 37 38 40 42 43 44 47 50 52 55 56 57 58 59 60 
active=41: 1 3 9 10 11 12 13 15 16 17 18 19 20 21 23 24 25 27 28 29 30 31 32 34 35 36 37 38 40 42 43 44 47 50 52 55 56 57 58 59 60 
active=40: 1 3 9 10 11 12 13 15 16 17 18 19 20 21 23 24 25 27 28 29 30 31 32 34 35 36 37 38 40 42 43 47 50 52 55 56 57 58 59 60 
active=39: 1 3 9 10 11 12 13 15 16 17 18 19 21 23 24 25 27 28 29 30 31 32 34 35 36 37 38 40 42 43 47 50 52 55 56 57 58 59 60 
active=38: 1 3 9 10 11 12 13 15 16 17 18 19 21 23 24 25 27 28 29 30 32 34 35 36 37 38 40 42 43 47 50 52 55 56 57 58 59 60 
active=37: 1 3 9 10 11 12 13 15 16 17 18 19 21 23 24 25 27 28 29 30 32 34 35 36 37 38 40 42 43 47 50 52 55 56 57 58 59 
active=36: 1 3 9 10 11 12 13 15 16 17 18 19 21 23 24 25 27 28 29 30 32 34 35 36 37 38 40 43 47 50 52 55 56 57 58 59 
active=35: 1 3 9 10 11 12 13 15 16 18 19 21 23 24 25 27 28 29 30 32 34 35 36 37 38 40 43 47 50 52 55 56 57 58 59 
active=34: 1 3 9 10 11 12 13 15 18 19 21 23 24 25 27 28 29 30 32 34 35 36 37 38 40 43 47 50 52 55 56 57 58 59 
active=33: 1 3 9 10 11 12 13 15 18 19 21 23 24 25 27 28 29 30 32 34 35 36 37 38 40 43 47 50 52 55 56 58 59 
active=32: 1 3 9 10 11 12 13 15 18 19 21 23 24 25 27 28 29 30 32 34 35 36 37 38 40 43 47 50 55 56 58 59 
active=31: 1 3 9 10 11 12 13 15 18 19 21 23 24 25 27 28 29 30 32 34 35 36 37 38 40 43 47 50 56 58 59 
active=30: 1 3 9 10 11 12 13 15 18 19 21 23 24 25 27 28 30 32 34 35 36 37 38 40 43 47 50 56 58 59 
active=29: 1 3 9 10 11 12 13 15 18 19 21 23 25 27 28 30 32 34 35 36 37 38 40 43 47 50 56 58 59 
active=28: 1 3 9 10 11 12 15 18 19 21 23 25 27 28 30 32 34 35 36 37 38 40 43 47 50 56 58 59 
active=27: 1 3 9 10 11 15 18 19 21 23 25 27 28 30 32 34 35 36 37 38 40 43 47 50 56 58 59 
active=26: 1 3 9 10 11 15 18 19 21 23 25 27 28 30 32 34 35 36 37 38 40 43 47 56 58 59 
active=25: 1 3 9 10 11 15 18 21 23 25 27 28 30 32 34 35 36 37 38 40 43 47 56 58 59 
active=24: 1 9 10 11 15 18 21 23 25 27 28 30 32 34 35 36 37 38 40 43 47 56 58 59 
active=23: 1 10 11 15 18 21 23 25 27 28 30 32 34 35 36 37 38 40 43 47 56 58 59 
active=22: 1 10 11 18 21 23 25 27 28 30 32 34 35 36 37 38 40 43 47 56 58 59 
active=21: 1 10 11 21 23 25 27 28 30 32 34 35 36 37 38 40 43 47 56 58 59 
active=20: 10 11 21 23 25 27 28 30 32 34 35 36 37 38 40 43 47 56 58 59 
active=19: 10 11 21 23 25 27 28 30 32 34 35 36 37 38 40 43 56 58 59 
active=18: 10 11 21 23 25 27 28 30 32 34 35 36 37 38 40 43 56 58 
active=17: 10 11 21 23 25 27 28 30 34 35 36 37 38 40 43 56 58 
active=16: 10 11 21 23 25 27 28 30 34 36 37 38 40 43 56 58 
active=15: 10 11 21 23 25 27 28 30 34 36 37 38 43 56 58 
active=14: 10 21 23 25 27 28 30 34 36 37 38 43 56 58 
active=13: 10 21 23 25 27 28 30 34 36 37 38 43 58 
active=12: 10 21 23 25 27 28 30 34 36 37 43 58 
active=11: 21 23 25 27 28 30 34 36 37 43 58 
active=10: 21 23 25 27 28 30 34 36 37 58 
active=9: 21 23 25 27 30 34 36 37 58 
active=8: 21 23 25 27 30 34 36 37 
active=7: 21 23 25 27 34 36 37 
active=6: 21 23 27 34 36 37 
active=5: 21 23 27 36 37 
active=4: 21 23 36 37 
active=3: 23 36 37 
active=2: 23 37 
active=1: 37 
