0.000000 0.500000 0.500000
1.000000 0.536000 0.534700
2.000000 0.588500 0.601100
3.000000 0.606300 0.628300
4.000000 0.627400 0.656300
5.000000 0.638200 0.683800
6.000000 0.643400 0.706200
7.000000 0.640700 0.709500
8.000000 0.639800 0.709000
9.000000 0.650500 0.718600
10.000000 0.638100 0.717700
11.000000 0.641200 0.720300
12.000000 0.644600 0.738200
13.000000 0.634500 0.727300
14.000000 0.636500 0.750000
15.000000 0.635900 0.747900
16.000000 0.634100 0.753200
17.000000 0.640000 0.759800
18.000000 0.642800 0.770200
19.000000 0.632500 0.765100
20.000000 0.634600 0.778700
21.000000 0.649000 0.776500
22.000000 0.637900 0.784500
23.000000 0.638700 0.794000
24.000000 0.631000 0.800400
25.000000 0.627800 0.806500
26.000000 0.625900 0.811100
27.000000 0.625700 0.805600
28.000000 0.622600 0.810400
29.000000 0.619400 0.813000
30.000000 0.611800 0.825200
31.000000 0.602800 0.830100
32.000000 0.601300 0.827300
33.000000 0.595500 0.825600
34.000000 0.594300 0.832300
35.000000 0.589600 0.840300
36.000000 0.591600 0.839200
37.000000 0.580300 0.841900
38.000000 0.568000 0.852600
39.000000 0.572000 0.854200
40.000000 0.559800 0.851800
41.000000 0.561000 0.854400
42.000000 0.555100 0.865100
43.000000 0.555100 0.862300
44.000000 0.546800 0.864300
45.000000 0.546900 0.871000
46.000000 0.543000 0.869600
47.000000 0.538100 0.872900
48.000000 0.528400 0.882100
49.000000 0.530300 0.883700
50.000000 0.531300 0.878100
51.000000 0.520600 0.882100
52.000000 0.521400 0.889100
53.000000 0.522500 0.895900
54.000000 0.514000 0.897000
55.000000 0.514500 0.896500
56.000000 0.508800 0.899900
57.000000 0.513700 0.902600
58.000000 0.504100 0.908300
59.000000 0.493100 0.911800
60.000000 0.498600 0.910100
