active=40: 1 2 3 4 5 6 7 8 9 10 11 12 13 14 15 16 17 18 19 20 21 22 23 24 25 26 27 28 29 30 31 32 33 34 35 36 37 38 39 40 
active=39: 1 2 3 4 5 6 7 8 9 10 12 13 14 15 16 17 18 19 20 21 22 23 24 25 26 27 28 29 30 31 32 33 34 35 36 37 38 39 40 
active=38: 1 3 4 5 6 7 8 9 10 12 13 14 15 16 17 18 19 20 21 22 23 24 25 26 27 28 29 30 31 32 33 34 35 36 37 38 39 40 
active=37: 1 3 4 5 6 7 8 9 12 13 14 15 16 17 18 19 20 21 22 23 24 25 26 27 28 29 30 31 32 33 34 35 36 37 38 39 40 
active=36: 1 4 5 6 7 8 9 12 13 14 15 16 17 18 19 20 21 22 23 24 25 26 27 28 29 30 31 32 33 34 35 36 37 38 39 40 
active=35: 1 4 5 6 7 8 9 12 13 14 15 16 17 18 19 20 21 22 23 24 25 26 27 29 30 31 32 33 34 35 36 37 38 39 40 
active=34: 1 4 5 6 7 8 9 12 13 14 15 16 17 18 19 20 21 22 23 24 25 26 27 29 30 31 32 33 34 35 36 37 38 39 
active=33: 1 4 5 6 7 8 9 12 13 14 15 16 17 18 19 20 21 22 23 24 25 26 27 29 30 31 32 33 34 35 36 38 39 
active=32: 1 4 5 6 7 8 9 12 13 14 15 16 17 18 19 20 21 22 23 24 25 26 27 29 30 31 32 33 34 35 36 38 
active=31: 1 4 5 6 7 8 9 12 13 14 15 16 17 18 19 20 21 22 23 24 25 26 27 29 30 31 32 33 34 35 36 
active=30: 1 4 5 6 7 8 9 12 13 14 15 16 17 18 19 20 22 23 24 25 26 27 29 30 31 32 33 34 35 36 
active=29: 4 5 6 7 8 9 12 13 14 15 16 17 18 19 20 22 23 24 25 26 27 29 30 31 32 33 34 35 36 
active=28: 4 5 6 7 8 9 12 13 14 15 16 17 18 19 20 23 24 25 26 27 29 30 31 32 33 34 35 36 
active=27: 4 5 6 7 8 9 12 13 14 15 16 17 18 19 20 23 24 25 26 27 29 30 31 33 34 35 36 
active=26: 4 5 6 7 8 9 12 13 15 16 17 18 19 20 23 24 25 26 27 29 30 31 33 34 35 36 
active=25: 4 5 6 7 8 9 12 13 15 16 17 18 19 20 23 24 25 26 27 30 31 33 34 35 36 
active=24: 4 5 6 7 8 9 12 13 15 16 17 18 19 20 23 24 25 26 27 30 33 34 35 36 
active=23: 4 5 6 7 8 9 13 15 16 17 18 19 20 23 24 25 26 27 30 33 34 35 36 
active=22: 5 6 7 8 9 13 15 16 17 18 19 20 23 24 25 26 27 30 33 34 35 36 
active=21: 5 6 7 8 9 13 15 16 17 18 20 23 24 25 26 27 30 33 34 35 36 
active=20: 5 6 7 8 9 13 15 16 17 18 23 24 25 26 27 30 33 34 35 36 
active=19: 5 6 7 8 9 13 15 16 17 18 24 25 26 27 30 33 34 35 36 
active=18: 5 6 7 8 9 13 16 17 18 24 25 26 27 30 33 34 35 36 
active=17: 5 6 7 8 9 13 16 18 24 25 26 27 30 33 34 35 36 
active=16: 5 6 7 8 9 16 18 24 25 26 27 30 33 34 35 36 
active=15: 5 6 7 8 9 16 18 25 26 27 30 33 34 35 36 
active=14: 5 6 7 8 9 16 18 26 27 30 33 34 35 36 
active=13: 5 6 7 8 9 16 18 26 27 33 34 35 36 
active=12: 5 6 7 8 9 16 18 26 27 33 34 36 
active=11: 6 7 8 9 16 18 26 27 33 34 36 
active=10: 6 7 8 9 16 18 26 27 34 36 
active=9: 7 8 9 16 18 26 27 34 36 
active=8: 7 8 9 16 18 26 34 36 
active=7: 7 8 9 16 18 34 36 
active=6: 7 8 9 18 34 36 
active=5: 7 8 18 34 36 
active=4: 7 8 18 34 
active=3: 7 18 34 
active=2: 7 18 
active=1: 18 
