0.000000 0.500000
1.000000 0.644900
2.000000 0.704200
3.000000 0.691900
4.000000 0.681300
5.000000 0.713700
6.000000 0.750500
7.000000 0.746600
8.000000 0.768500
9.000000 0.782300
10.000000 0.811700
11.000000 0.831900
12.000000 0.855500
13.000000 0.855900
14.000000 0.859500
15.000000 0.861000
16.000000 0.854900
17.000000 0.860800
18.000000 0.845200
19.000000 0.854400
20.000000 0.856500
21.000000 0.862400
22.000000 0.863100
23.000000 0.858700
24.000000 0.864100
25.000000 0.863000
26.000000 0.868600
27.000000 0.867900
28.000000 0.873300
29.000000 0.867400
30.000000 0.860800
31.000000 0.866900
32.000000 0.858800
33.000000 0.850300
34.000000 0.856500
35.000000 0.860300
36.000000 0.859000
37.000000 0.851100
38.000000 0.845700
39.000000 0.845300
40.000000 0.840700
