0.000000 0.500000 0.500000
1.000000 0.644900 0.640800
2.000000 0.704200 0.728400
3.000000 0.691900 0.717500
4.000000 0.681300 0.712500
5.000000 0.713700 0.742200
6.000000 0.750500 0.786900
7.000000 0.746600 0.787700
8.000000 0.768500 0.814000
9.000000 0.782300 0.827600
10.000000 0.811700 0.857100
11.000000 0.831900 0.867500
12.000000 0.855500 0.891100
13.000000 0.855900 0.903800
14.000000 0.859500 0.903500
15.000000 0.861000 0.898000
16.000000 0.854900 0.898400
17.000000 0.860800 0.904900
18.000000 0.845200 0.896300
19.000000 0.854400 0.897300
20.000000 0.856500 0.900200
21.000000 0.862400 0.904600
22.000000 0.863100 0.909500
23.000000 0.858700 0.911400
24.000000 0.864100 0.920400
25.000000 0.863000 0.924000
26.000000 0.868600 0.930200
27.000000 0.867900 0.930800
28.000000 0.873300 0.941300
29.000000 0.867400 0.942900
30.000000 0.860800 0.940700
31.000000 0.866900 0.940400
32.000000 0.858800 0.943000
33.000000 0.850300 0.942700
34.000000 0.856500 0.949400
35.000000 0.860300 0.950000
36.000000 0.859000 0.949000
37.000000 0.851100 0.952500
38.000000 0.845700 0.950500
39.000000 0.845300 0.951500
40.000000 0.840700 0.951400
