1 -0.069699779392 0.825338367039
2 0.008702469887 0.892514877030
3 -0.157392342638 0.744960749588
4 0.147119632848 0.806694217594
5 0.088137788807 1.019555216119
6 0.051719155828 0.845935073140
7 -0.005690421257 1.086512831207
8 -0.001316484252 1.137409457479
9 -0.006129108494 1.019245489993
10 -0.221700206643 1.149626293042
11 0.086920394207 0.971854142574
12 0.007835633811 0.971354320571
13 -0.138560397416 0.949092671680
14 0.164273001988 1.144023234890
15 0.042328320177 0.987950592023
16 -0.284618057861 0.714452577321
17 -0.003278308227 0.964541256846
18 0.054058687073 1.017500225969
19 0.069224152825 0.875560689392
20 0.148176745300 1.095820396549
21 0.007495320407 0.989737486083
22 -0.016524645906 0.980252819783
23 -0.159939729845 0.955505105818
24 0.161378572341 0.928089464962
25 0.078608065031 1.068357958982
26 0.134961617261 0.855284556246
27 0.261996964251 0.943612878880
28 0.007715518131 0.893101800565
29 -0.267253900435 1.016988003478
30 -0.090157614947 0.959760558612
31 0.114043435109 1.146918966600
32 0.292146467478 0.833517112747
33 -0.243208876872 0.980411845433
34 0.033206285225 1.063109744420
35 0.228949046987 0.971073285406
36 -0.021963156294 0.882039468305
37 0.169938662862 1.195351754198
38 0.109477634148 0.950260894663
39 0.018961391453 0.884754425672
40 0.014385623474 1.064840175523
41 -0.063564845534 0.827503807790
42 -0.176774187985 1.105961172034
43 -0.056106397386 0.969335589569
44 0.062757269938 1.080885416265
45 0.016295212361 1.028277096304
46 -0.248384634081 1.015004158652
47 0.119485731847 1.097448320446
48 -0.146111731423 1.131901157499
49 0.230258724113 0.809596511149
50 -0.017432731675 1.065534758521
51 0.092223569887 1.007632108912
52 -0.091120456020 0.961244880398
53 0.145695714033 0.908722028114
54 0.193488528916 1.004974544065
55 0.031714437635 1.076285023212
56 0.067996353581 0.808196386129
57 0.040370026378 1.050439753972
58 -0.126224503265 0.967227146443
59 -0.014753414869 0.919575092759
60 -0.019573680632 0.888404708805
61 -0.166653049016 0.909025515166
62 0.067898207849 1.003126029309
63 -0.437072837989 1.050274544857
64 0.352615879457 0.951811662361
65 0.006385497910 0.802169788129
66 0.141503674927 1.141562257976
67 -0.045458578168 1.013336395907
68 0.111171053645 0.945679200496
69 -0.001663126383 0.971418795359
70 0.092652544101 0.843837208746
71 0.047495972517 0.903517755918
72 -0.005306135382 1.105585671259
73 0.004374056078 0.942027280651
74 -0.118265271582 0.978807206803
75 0.141660132573 0.924221673059
76 -0.085984847880 0.870216417641
77 0.059342220455 0.835733724641
78 0.118396492198 0.980276987338
79 0.020062545787 1.119579363914
80 0.154254197848 1.023994096433
