1 0.083746384615 1.092122055597
2 0.059860881720 0.941230189881
3 0.184583478261 1.067048526298
4 -0.115577680851 1.075454615564
5 0.137429212766 1.013891767848
6 -0.161948959184 0.979345323027
7 0.054973957895 0.930305415388
8 -0.052503172043 1.003966120694
9 -0.098683642105 0.942835804477
10 -0.004711422680 1.035640043314
11 -0.073753855670 0.894780758156
12 -0.114613336735 0.959595294191
13 -0.115277427083 0.889475360562
14 -0.016069115789 1.029136853964
15 -0.172526725275 1.143475144996
16 -0.002478810526 0.864385852644
17 0.066390129032 0.904468597537
18 0.007078042105 0.988691557556
19 -0.040904150538 1.017700582476
20 -0.003023189474 0.948444890950
21 0.045662589474 0.923328564755
22 0.164466154639 0.892215147132
23 0.128578408602 1.248581148944
24 -0.050698228261 0.930698401538
25 -0.048947854167 1.057349051176
26 -0.025334826531 0.983202938819
27 -0.034844084211 0.933550464241
28 0.002640187500 0.900972932095
29 -0.014105042105 1.107801211680
30 0.027671387097 1.047467423086
31 -0.048362284211 1.020209680881
32 -0.157338541667 1.003662484679
33 -0.072294432990 0.859245261756
34 0.048557221053 1.047058376333
35 -0.158898151515 0.946472165085
36 -0.111184808511 1.016552878177
37 0.024949505263 1.073462920184
38 0.120264040404 1.019351178309
39 -0.022968301075 0.925069196503
40 0.040041021739 0.946286802710
41 0.061923054945 1.070820516652
42 0.000241171717 1.101522900851
43 -0.038508701031 0.978250959292
44 0.098892000000 0.841726937581
45 0.211301840426 1.016610575486
46 -0.090776010753 1.089918399110
47 0.074622954545 1.093599868070
48 -0.012285906250 0.942825797677
49 -0.088535881720 0.934235754597
50 -0.030055500000 0.968242014622
51 -0.070817843750 0.998241162887
52 0.031731139785 1.177302227127
53 -0.163639860215 1.054550046426
54 -0.018638357895 0.846645257199
55 -0.036281673684 0.991705430300
56 -0.123924187500 1.092283828027
57 0.173942614583 1.041480131290
58 -0.000328178947 0.908296074590
59 -0.083853010526 1.014722407329
60 -0.084500447917 0.910513790415
