N=50
P=80
R=2
1 -0.550492 1.194739 -1.825946 -1.439521 -0.295134 -0.540370 0.641109 0.864131 0.730595 NA 0.292213 -0.026642 -0.052688 -1.143495 -0.168940 0.476792 -0.359567 -0.102802 0.371761 -0.244492 -0.125880 -1.050874 0.062307 -1.814011 0.923713 0.329698 0.656301 -0.866302 0.629731 -0.167373 NA 0.131996 0.389007 -0.178316 -0.334405 2.683129 1.831754 -1.202280 -0.642960 1.189063 1.125447 NA -0.380735 -0.017185 -1.594616 -0.292001 -0.445419 NA -0.576579 0.401559 -0.130605 1.932195 0.540992 1.030784 -0.541851 -0.540824 0.230158 0.473382 1.185014 0.007852 -0.435581 1.192413 -0.457477 0.070351 0.710490 -1.337270 0.297783 -0.393979 -1.571957 0.604374 -0.819557 0.323483 -0.307085 0.973243 1.582708 0.227319 -0.317007 0.634558 1.463198 -0.081837 27.142765 1.000000
2 NA NA 1.167370 -0.452358 0.381375 0.873298 -1.872386 1.385698 0.555534 -1.395104 1.229122 0.404169 0.563855 -0.695571 0.082743 -0.778505 1.696578 -1.206369 -0.148233 -0.452872 -1.902738 NA 0.439857 -0.164871 -1.286343 -0.513557 2.109149 0.672794 -0.803432 -0.474240 0.308714 -0.601079 0.382213 -0.622782 0.634366 NA 0.460615 2.284907 -0.046243 0.426344 -2.009314 0.436311 0.634078 0.781590 0.850124 0.484474 0.390109 0.256165 -0.244518 0.259391 0.582956 0.923167 0.620643 0.294734 -0.490586 0.242293 -0.149474 1.008188 -1.596047 -0.593898 0.927940 -1.107319 0.231292 -0.557904 1.321184 0.530627 0.667845 -0.183557 NA -0.914483 -2.332519 NA -1.438953 0.724081 -0.552334 -2.022986 -0.843146 0.053509 -0.250997 -0.749085 1.257207 1.000000
3 0.631854 0.568553 1.894875 -0.222216 -0.187952 1.343601 -0.476037 -1.383214 0.621973 0.042766 1.222199 0.841474 1.227575 -0.774715 0.714689 -0.050063 -0.529854 1.462335 1.163548 -1.714400 0.857952 -1.280072 0.205787 0.928771 1.232423 -0.587067 -0.350002 2.519595 -0.882702 0.227617 -0.939398 -1.559712 0.633755 0.122068 NA -1.635243 -0.447841 1.283103 1.227130 -0.805203 -1.314810 -1.877373 0.882581 0.643377 -0.920600 -0.300153 -1.508810 1.944750 -0.514010 0.992198 -0.381089 0.599842 NA -1.801546 -0.153984 -0.043489 1.327800 1.420698 NA 1.652011 -0.416237 -1.124923 0.788176 -1.650146 0.282168 NA NA -0.608123 0.266423 -0.379678 0.197507 0.366557 -2.306604 0.311473 -0.044763 -0.076282 -0.392800 -1.205822 1.647996 -0.118060 0.469090 1.000000
4 -1.049120 -0.494362 -0.340536 0.395000 -0.369176 0.156475 -1.661504 0.624875 -0.982132 NA -0.044267 1.330149 -0.585517 0.538636 0.611217 -0.726319 0.860665 -0.210242 0.045851 1.329415 NA -0.868810 -0.694982 0.470001 0.371253 -0.472660 -0.304699 0.558963 -2.464156 0.891346 0.434489 2.699385 0.237604 NA 0.494669 1.885103 -0.657977 -1.376942 -0.598896 -1.032213 -0.560424 -0.003588 1.073015 -1.226874 -0.578170 1.542571 -1.116992 -1.420783 -0.425190 0.281506 -1.072961 -0.941216 -1.543669 -0.522848 -0.328145 0.765029 -0.682066 1.435796 NA -0.398493 -0.830241 0.085370 1.553774 1.843926 0.757560 -0.815814 1.740763 0.834862 -1.002325 0.459122 -0.613451 0.112291 1.749560 -1.083124 0.682462 -0.604165 -2.230277 0.593866 1.711681 0.151450 13.833653 1.000000
5 -0.332752 -0.502195 -0.508541 -0.505118 0.495723 -2.318344 -0.629695 -1.535014 1.303958 1.545123 NA 1.222357 0.842824 -0.392162 -1.260683 -0.732082 -1.349860 -1.422108 -0.244871 0.000923 NA -0.581357 2.014982 -2.019116 -0.780008 0.425830 0.601110 0.874462 0.026287 -1.629366 -0.099685 0.950211 -1.439178 0.944140 0.571241 1.569483 1.113891 -0.147270 1.036002 0.043568 1.538618 -1.565494 -1.794856 -0.485387 NA 0.732921 -0.566789 -2.011828 0.418666 -0.944179 2.233443 0.680780 -0.478584 0.890788 0.043132 0.085457 1.768659 0.944330 -1.516735 -1.045223 NA -0.147039 0.170308 0.002079 -0.438196 -0.657699 -0.946575 -1.331973 0.234495 0.331758 0.685485 -0.047565 1.820734 -0.665088 0.430994 0.195172 0.874087 1.392380 1.896366 -0.839462 0.228685 1.000000
6 -0.032935 0.515743 0.431515 -0.172211 -0.677682 -0.786959 -0.706614 -1.087405 -1.882546 -0.576086 -1.183911 0.911291 0.311070 0.020032 0.839816 0.530679 0.828770 NA -0.243545 1.223282 -0.000231 0.239493 -0.998137 0.051077 0.201839 0.585143 1.351583 -0.396116 -0.256291 -0.661260 0.611777 0.942327 1.022519 -1.109243 0.273550 -0.458185 0.711604 0.679214 -0.680130 1.151104 -1.412344 -0.311361 0.181761 1.194111 -0.016023 -0.090747 NA -0.683909 -2.257166 -1.798871 0.326994 -1.232751 -0.151662 0.861376 0.051110 -0.402042 -2.326080 -0.687116 -2.181748 -1.705316 -0.588896 -0.552468 0.226910 -1.838317 -1.116114 1.345244 -2.410250 -0.571020 0.084410 -0.073900 -0.086233 -0.438661 -0.618663 2.263274 -0.005520 -0.215527 -1.255203 0.879600 0.858737 -1.054723 0.096458 1.000000
7 0.634419 0.354085 0.897845 1.060504 -0.318941 -0.079136 -0.474266 1.273375 1.226655 -1.419041 -1.232053 -1.295910 NA -2.309293 0.154845 -0.112736 -0.311251 0.235800 -0.712405 1.513367 1.954014 -0.303815 0.828993 0.052958 0.598774 -0.840117 0.151293 0.169268 -1.433512 -0.514458 -1.150691 -1.247665 2.151252 -0.544581 NA -1.553856 -0.165895 0.474436 -0.682113 1.250585 0.125916 -1.471214 0.873131 -1.524295 -0.908292 0.269246 -0.475654 0.838240 0.092093 -0.798048 0.996128 0.958542 -0.503885 0.373601 -1.544483 -0.298809 -0.556881 -0.002704 1.208225 -0.827606 -0.392094 0.372609 -2.159035 -0.601809 0.010796 0.253630 -0.503356 -0.077517 -1.575084 2.235180 1.317946 0.355160 -1.391474 -1.207105 0.091825 -0.350678 1.239765 -0.326061 -0.169351 -0.148661 0.229197 1.000000
8 0.742876 0.456826 -0.840778 0.608325 0.137286 1.420871 1.063331 -1.105421 NA 1.282371 -1.616030 -0.744322 0.346331 -1.646941 2.255531 0.730260 0.948122 -1.454654 -0.374569 -0.688805 NA -0.706131 0.590561 -0.009550 -0.401394 NA -0.111513 -1.452680 -0.679477 -0.786755 -1.194789 -0.178241 1.038372 1.439770 -0.322828 NA 1.198542 -0.737140 -0.258209 -1.918817 0.397906 0.469630 -0.450749 -0.043893 -0.090017 0.798644 0.984370 NA 1.916528 1.132099 0.838999 0.682291 0.314921 NA 0.228348 -0.228929 -0.374111 -0.359700 NA -1.593708 0.554949 0.962927 NA 0.506681 0.504756 0.311705 0.192091 -0.918104 -1.959035 0.842301 1.715657 -0.395983 0.633089 -0.558253 -0.960559 0.630054 1.259921 -0.577162 0.975727 0.427451 0.538856 1.000000
9 0.709416 0.463089 -1.467197 -0.171211 -0.664513 0.177691 0.040616 -1.857233 0.683900 1.121484 0.960483 -0.510340 -0.528763 0.681154 0.253407 0.103321 -0.006577 -1.052536 -0.500255 -1.808846 0.709274 0.154221 2.338910 0.999296 -0.554225 2.108582 -1.276433 NA -0.661897 0.912884 -0.723246 0.884875 0.779831 0.290838 -0.252608 0.760769 -0.187909 -1.531161 NA 1.861218 0.709174 -0.115686 -1.169379 NA -0.645068 -0.010093 -1.638022 -0.388924 -0.801369 -0.395144 0.015832 -2.035620 -0.574564 -0.838603 0.093580 -0.081136 -1.380484 0.674199 0.389755 0.703426 0.752273 0.413040 2.122213 1.274875 NA -1.523558 1.711290 -1.289571 1.427322 1.546438 0.198840 0.273390 0.425080 2.464612 -0.074543 1.060914 0.239371 0.598479 -0.027946 1.559844 5.004376 1.000000
10 0.256964 -0.165005 -0.801031 -0.556662 -1.331209 -1.171813 0.107439 0.616163 -0.149311 -0.369000 0.043148 0.481958 0.396393 0.671890 -0.506870 NA -1.416673 NA -1.773624 0.498123 -0.732762 -0.445463 0.127266 0.013871 -1.045651 0.020746 0.521037 -1.584946 -0.723610 -2.122184 -0.382623 -0.383847 -2.348053 0.419835 -2.254315 0.944472 -0.434639 -1.431259 0.524292 NA 0.639027 -1.930026 -1.425815 -0.867336 -0.361280 -1.481124 1.039121 -0.704168 -0.768206 0.312751 -0.480129 -0.042550 0.225477 -1.799252 -0.147438 -2.166552 -0.420456 -0.092550 -0.083158 0.911744 0.194750 NA -0.443477 0.657360 -1.369778 -1.206588 0.887539 -0.642667 1.342721 0.693449 -0.068420 -0.711773 0.503436 -0.993238 -0.404597 -1.525269 -0.194095 -0.838947 NA -0.187950 0.953707 1.000000
11 -1.227893 0.426386 -1.068678 0.030930 0.545559 -0.133494 -0.076355 0.678014 -0.366431 0.566813 1.262856 -0.636063 -0.059790 -1.479093 0.262313 0.206245 0.384761 1.948862 0.078887 0.511128 0.867786 0.999792 1.096574 0.152275 0.391238 1.255565 -0.645783 -0.263974 1.278887 0.318935 -2.417688 0.017057 -0.048665 0.044227 1.046352 1.508953 1.418068 -0.393979 -0.369867 -0.222505 -1.348112 1.006605 -0.497896 1.206908 -1.003467 0.306452 0.542747 -0.981534 0.975124 -0.262160 -0.159205 -0.349806 NA 1.218033 -0.002310 -2.467241 -1.267527 1.300563 0.546613 0.918347 1.372583 0.117239 1.482820 0.544584 -0.697930 0.141775 -0.769556 -0.130192 -0.925468 0.179922 0.519294 -0.012621 -0.014526 -0.253615 0.542110 1.315309 2.460256 -0.154523 -0.375797 -0.535167 6.356038 1.000000
12 0.535101 -0.401346 -0.245313 -1.663741 -0.990886 0.759533 0.720284 -0.718793 -0.081774 -0.201831 -1.183921 -0.864969 -0.393803 -0.973833 0.425524 1.128445 -1.819170 NA -1.360274 1.195288 1.031732 -0.543746 1.287057 0.223358 1.014568 1.389586 -0.182540 2.538697 0.482342 -0.674591 0.394532 -0.471591 1.648708 -0.508212 -1.364359 0.334200 -0.921596 -0.356930 -2.154417 -0.871378 0.577845 1.123392 -1.422784 NA -1.021977 0.816267 -0.501694 -0.651644 -0.141908 0.226763 -0.231545 NA -1.309218 1.562722 0.734432 -2.751180 1.021115 0.101866 NA -1.061926 0.156635 -0.639094 0.718506 -0.426777 -1.178830 -1.206401 1.515822 -0.898356 -0.692173 -0.298687 -0.326433 -0.883752 NA -0.528777 -0.818314 -1.373584 -0.467203 -0.623617 -0.399916 1.688069 25.175583 1.000000
13 0.838587 -1.754970 -1.535451 1.164912 -1.978614 -0.196248 0.165649 0.913224 -0.097765 -1.283782 1.539764 -0.117475 NA -1.502622 -1.231177 0.463106 -1.515495 0.006924 -0.393849 0.449410 -0.690616 -1.154132 -0.282031 -1.097122 0.739649 0.358041 -0.835939 1.661534 -2.042559 -0.722710 -0.047572 -0.799612 -0.314213 -0.718126 -1.044993 0.369526 0.914837 0.912506 -1.878360 0.249791 0.170983 NA 0.634785 0.649375 -1.144067 0.970306 0.653027 0.437779 -0.585756 0.376767 0.715694 1.297164 2.103132 0.237467 0.895442 0.549856 -0.924564 0.865740 -0.066015 0.550226 -0.015376 0.472966 -0.225168 0.000649 0.915519 -0.991880 0.057265 -0.750619 NA 0.896894 -0.550797 -1.756139 -0.023581 -1.231132 0.658791 -1.242871 0.911962 -1.236001 -0.191941 -0.885604 28.208165 1.000000
14 -1.174718 -0.550789 1.088679 -0.444735 -0.380014 -0.060352 -0.228642 0.526918 0.143511 0.448407 -1.579672 -1.724111 0.342016 -0.365367 NA 0.404766 2.464431 1.060632 0.054261 -0.201466 0.438059 -0.961178 -0.358417 -0.068764 1.290255 -1.145995 -0.923158 0.083663 1.026690 -0.651579 -0.288676 -0.359868 0.281933 NA 0.324651 0.824703 NA -0.444736 0.482986 -0.225076 -0.165603 1.732617 -0.232524 0.715811 -0.799934 1.270538 -0.498772 -0.006909 -1.188043 -0.287100 -1.005084 -1.023404 -1.042289 -0.806626 -0.009026 -0.271056 0.147631 -0.225494 -0.791201 -0.807882 1.005545 -0.534500 -0.156038 -0.980631 -0.269759 0.363218 -0.606941 NA 0.508741 1.341362 0.141262 NA -0.064262 -1.604708 0.762483 1.198853 0.007619 0.840922 0.279625 0.868771 12.140938 1.000000
15 0.823262 -0.134783 -0.868098 0.095012 0.598018 -1.051150 -2.107650 NA 1.287308 1.130769 1.099431 NA 0.241771 1.280156 1.416668 -0.545648 -0.451360 NA 1.246045 0.336236 0.283413 0.563328 0.811178 -0.360104 0.756114 1.065253 -0.470311 -0.714677 0.619538 -0.711776 0.175932 0.501270 0.240041 -1.814178 -0.136069 -0.314801 -1.276136 1.260539 0.532043 -0.245623 -0.454863 -0.074963 -1.174914 1.920085 0.373978 -0.395447 -0.315501 -1.322886 0.457160 NA -1.064143 0.949813 -1.458375 -0.078964 0.161054 0.832664 0.204497 0.419266 0.460003 2.456442 -0.801074 -1.371389 -1.568743 -0.781949 0.930002 1.222234 NA -0.366877 -1.792124 -0.537245 -0.055551 -0.314001 -0.586298 NA -0.272904 0.953821 0.790988 -0.815833 0.334657 0.806422 3.123747 1.000000
16 -0.159191 0.391305 -0.008877 1.056527 0.313775 0.317421 -0.736717 0.105688 1.287740 -0.044657 -1.343525 0.015951 0.436365 0.724435 -0.986026 0.359311 -1.312707 -1.820101 -0.772157 NA 0.137115 -1.903764 0.480051 -0.093625 -0.747779 1.070126 0.384682 1.343918 -0.097398 0.688988 0.534705 0.399560 0.204583 2.425581 -1.898393 3.844719 -0.131728 0.896452 0.669796 0.744025 0.221429 0.798672 -2.069200 0.284931 -0.027313 0.249719 -0.427907 0.130904 -1.730287 0.841766 0.678479 NA 0.906452 -1.010860 0.303267 2.558930 -2.028935 1.776773 0.957202 0.887769 -1.319398 -0.465519 0.616518 0.090128 -0.579086 1.404862 -0.389598 -0.109329 1.087934 0.979204 0.523289 0.072060 -0.613537 0.676798 -1.381868 0.111259 1.192613 -0.944323 0.134528 -0.109944 1.046082 1.000000
17 1.648823 0.505486 -0.195504 -0.118427 -0.612170 -0.084791 -0.166805 0.533745 -1.625707 -1.589639 0.389658 -1.090813 -0.048187 -0.759755 -1.912946 -0.865798 0.188273 0.455874 0.339878 0.340461 0.674674 -1.422576 0.096944 0.650109 0.208638 0.050675 0.011606 -0.397887 0.196941 -1.679885 -1.733230 -0.374393 1.015016 -0.857661 -0.916392 -0.986419 -0.937814 -0.207953 -0.139514 0.215777 0.025828 -2.614946 1.162029 -0.534870 1.572362 -0.229993 -0.994943 -0.049343 1.303978 0.151911 -0.331061 -1.319215 -1.726444 0.870965 0.607304 -1.491231 0.056147 0.560721 1.209465 0.353424 -1.414038 0.654074 -3.022749 1.295236 NA 0.418788 2.226518 NA 0.167079 0.147362 -1.544180 0.140110 -0.599138 -1.779902 -0.260767 -0.453495 1.542854 -1.768082 4.437595 -0.369767 0.256866 1.000000
18 -0.865411 0.393834 -0.623723 -0.626686 0.362586 0.216833 0.910049 0.355113 1.319958 0.496626 2.595896 -0.636570 NA 0.372047 1.566549 0.615037 -0.158667 -1.493100 0.669438 0.170224 -0.514732 0.004320 -0.439446 -0.626866 -1.448717 -0.153465 -1.211422 0.204838 -0.520002 1.045966 1.247337 -0.532761 1.072085 0.995600 -0.178918 -0.890142 -0.540069 0.902312 0.883759 -2.259982 -0.036875 -0.221600 -0.328261 -0.557224 -0.967108 0.220420 0.261704 -1.184798 -0.314541 1.881778 -0.224957 0.580857 1.406425 -0.576629 0.849067 0.070238 -1.275552 -1.822596 0.367339 -0.084023 0.087165 1.377751 1.803476 -0.107848 -0.080912 NA 1.444023 1.930775 0.724207 -1.337915 0.260663 0.660307 -1.323850 0.130165 -1.173847 0.175594 0.256103 0.775618 0.150008 NA 55.560528 1.000000
19 -0.926113 -0.071675 -0.568014 2.304913 -4.174286 -0.655163 0.366633 1.266833 -2.060206 0.528952 2.037038 -0.832043 0.325178 0.812806 1.146563 -0.265458 -1.538249 1.641034 -1.619145 -0.771721 -0.483040 NA -0.465189 -0.833299 -0.380904 NA 0.497607 -1.039365 -0.695853 0.298784 -0.383403 -0.432576 -0.251214 0.132480 -0.575342 0.119498 -1.169988 -1.004796 NA -0.320384 NA 0.492338 -0.798853 -1.783997 NA 0.693784 -0.073837 0.542925 -0.069562 0.605557 -0.027379 -0.225679 -0.128800 -1.021688 -0.929614 0.195975 -0.247531 -1.313987 -0.838283 0.459119 0.926654 0.938416 -2.051568 0.164028 0.517223 -0.632120 -0.207735 0.011800 0.097548 -0.375319 0.837748 0.855814 NA 1.186143 -1.949560 -0.508425 0.709792 -0.359569 -1.765391 -1.164903 6.547122 1.000000
20 -0.091385 1.731984 0.903469 -1.366864 -0.623478 0.072211 -0.177639 -1.155786 1.296763 -0.158540 -0.565214 0.768036 -0.693314 -0.141072 0.156710 -1.489304 0.540120 0.179772 1.614338 -0.494442 -0.651413 -0.359358 0.605290 0.059475 NA -0.925916 0.827424 1.052619 1.196616 0.446614 0.127569 0.126441 0.040581 0.866066 0.899108 -0.306207 -0.974543 -1.574065 -0.907399 0.485007 -0.512778 -0.919559 -0.012668 -2.368650 0.904472 -0.255274 -0.203072 1.153441 0.095159 NA -1.516354 1.366066 -1.475628 -0.712874 -0.049033 -0.601398 -1.350349 -0.294702 1.168458 0.237539 2.135221 -0.492690 -0.081763 0.685057 -0.197825 -0.531569 0.125526 1.220242 0.171032 2.827431 1.797716 1.889676 1.382916 0.354765 -0.336997 0.139660 1.167382 -0.708512 -0.410039 0.577148 0.418739 1.000000
21 0.058005 -0.089855 1.589797 -0.215561 2.151335 1.592461 0.381981 -1.107036 NA -0.289715 1.722046 -0.320267 0.950539 NA -0.970139 -0.391629 0.011214 0.990116 -0.458926 0.781167 0.313975 0.659954 -1.710478 -0.261665 -0.169353 0.608387 0.758426 -0.590327 0.203851 -1.340406 -0.307633 1.382835 -1.068796 0.728077 1.325020 1.481993 -0.816955 -2.537624 -1.503857 -2.204996 0.802727 -1.587117 0.453850 0.710194 -1.543229 1.505520 0.213273 0.071479 1.000416 1.450224 -0.145299 0.382505 NA -1.760086 0.791702 -1.022891 -0.138996 -0.092727 2.879127 -1.594347 1.279981 -0.837462 -0.387066 -0.375042 -0.318292 -0.529822 -1.966392 -0.286707 -1.528084 1.292878 0.333479 2.974867 0.103405 0.206161 0.657256 -0.095503 -0.809403 -1.828579 0.324008 0.132401 0.137287 1.000000
22 0.044381 0.063898 -1.103231 NA -0.338508 -0.745868 -0.808299 -0.183479 -0.342177 2.164078 -0.236786 -0.622203 1.537761 -0.209969 1.942418 NA -1.777514 -1.931893 -0.929005 -1.850153 0.943649 0.081733 -0.615934 -0.750142 -1.115308 -0.736793 0.594423 -1.235659 -0.629611 -0.499244 -0.182571 -0.041707 1.846879 0.691862 -1.033636 -0.191494 0.477128 0.587259 -0.366386 -0.848638 0.931629 -0.543770 0.826357 NA -0.522803 -1.365984 -0.868571 -0.832165 2.012642 0.352176 -0.675932 0.606165 0.192321 -1.114274 -0.908422 1.513150 -0.715305 1.230724 0.531678 NA NA 1.147292 0.235693 -0.478755 -0.267849 1.066689 1.195441 0.431081 -0.897370 -0.573629 NA 0.347415 -0.469813 0.533129 1.482572 0.154857 0.618450 -0.387092 0.403511 0.351748 11.790093 1.000000
23 -0.241422 0.672525 -1.360507 -0.208012 -0.805073 -1.242633 -1.176256 -2.611741 -0.426224 -0.385021 1.339894 0.562270 -0.298119 -1.221499 -1.321882 0.943534 -0.734376 1.305820 -0.476188 1.407710 -0.435313 NA 1.122973 -0.329368 0.971924 0.561154 1.142235 -2.075936 0.159967 0.737343 -1.104866 0.993927 -1.219016 -0.244828 -0.277175 -1.559844 -1.698297 -0.363180 1.096241 0.257325 -0.544753 -0.884091 0.165230 -1.052159 1.002550 NA -0.049796 -0.141735 -2.507015 0.460461 0.108054 0.903411 0.729446 -1.053801 0.853324 1.688105 NA -0.930349 -0.532498 2.098437 0.973759 0.312981 -0.155961 -0.724900 -0.144464 -0.183254 -0.684892 -0.328977 0.323402 NA -0.951400 -0.907940 0.093157 0.634831 0.509623 0.941130 -0.944139 -0.597498 1.196504 -0.462022 0.760036 1.000000
24 0.711954 -0.120884 1.289756 1.102455 0.629627 -0.156290 -0.423622 0.594623 -1.190662 0.712454 -0.295731 0.774944 0.382102 1.142704 0.089285 -0.479156 0.667531 1.077479 -0.533894 0.379136 1.381690 1.786752 -0.144220 0.122993 0.395400 0.071032 -2.127112 -3.002178 NA NA 0.386074 1.358902 -0.294480 0.553296 -0.331165 -0.136623 -2.649459 0.524810 0.438725 0.437157 -0.089184 0.012761 -1.525848 0.789929 0.147466 0.069839 0.455765 -0.453153 -1.358181 0.182425 0.193956 0.833090 -0.570349 0.414733 -0.203251 1.126234 1.032072 -1.155644 -0.733666 -0.256207 1.085516 0.435672 0.188947 -0.376093 0.684555 0.463917 0.865458 0.655386 -0.426380 1.271061 1.258559 0.201550 -0.406026 -0.513485 -1.508287 -0.558484 0.143357 1.280663 1.304305 1.343946 1.760776 1.000000
25 0.753044 0.201095 1.435535 0.649090 0.529839 1.911258 0.804719 0.314057 -0.368105 2.340544 0.923311 0.829509 -0.525042 -1.186869 -2.290904 1.170094 0.549352 -0.685917 1.449275 0.108872 1.082944 -1.222646 0.973401 0.503429 0.528809 0.724216 -0.168589 0.260703 -1.184146 -0.123809 -0.561954 2.919820 1.275558 -1.359795 -0.156712 0.912888 -0.219276 -1.642281 0.833119 -0.526400 0.901595 -0.499044 0.943165 -2.910904 1.680064 -0.171324 -1.466563 0.032895 0.236618 1.184588 0.362900 -1.332289 -0.812343 -0.767665 1.589279 -0.892240 0.475465 -0.236758 NA -0.317172 NA -1.280537 2.239908 1.549546 2.411025 -0.437088 0.468949 -0.830429 0.957462 0.997332 0.811356 -0.420518 0.230659 -1.392596 0.511105 0.765952 -0.915683 -1.074362 -0.492960 1.143096 38.770039 1.000000
26 -1.570690 -1.414376 0.216579 0.301686 0.726154 -0.932553 1.364423 0.617907 -0.193193 0.094423 -0.011204 -0.522924 0.414674 0.216580 1.438787 1.624382 -0.272667 -0.277661 -0.258885 2.851357 0.687482 -0.647378 -1.436861 0.276885 -0.531235 -1.131233 0.661956 -1.935875 -1.501423 -0.633816 -0.078221 -1.251989 -0.619499 1.154570 -1.886140 0.090837 -0.663933 -0.778504 0.060251 -0.250145 2.385638 -1.173792 NA 1.238633 1.737338 -0.317552 -0.576517 2.128563 -1.149976 -0.709162 -0.818754 0.306000 1.381088 -0.639713 0.604779 -0.877861 0.560967 0.256995 -0.233154 0.587946 -0.731790 0.724583 0.278564 -1.547274 -0.133157 0.448131 0.126253 0.246742 1.148040 1.190191 1.237971 -0.551542 1.428684 0.757708 -0.549569 0.591641 -0.636012 0.489638 0.339340 -0.253008 2.036223 1.000000
27 1.242936 NA 0.137112 0.591450 1.993392 -0.107921 1.346006 -1.144735 0.507766 1.032380 -1.307114 0.270085 -0.314140 0.578962 0.396811 -0.015239 -1.135175 -1.228836 -1.040775 -1.111318 -0.746757 0.603962 1.655113 -0.137107 -0.424831 1.052784 1.114443 0.612086 1.402346 0.452225 -1.102875 -0.336749 0.663475 -0.204349 -0.762873 -1.283525 -1.299214 0.782680 0.959601 -1.050747 -1.260444 0.820387 NA -1.592030 0.739855 1.395221 -2.047628 -0.777461 1.276075 -1.087199 -0.564879 0.059813 1.341960 0.101558 0.506564 NA -1.926815 -0.481973 -0.580859 0.680139 -1.145964 0.193623 -1.342811 0.109780 0.538732 1.336071 2.429764 0.285813 -1.540229 0.964763 0.538329 -1.136561 0.319488 0.515691 -0.769225 -0.097138 -0.791592 0.300016 -0.255882 -0.828466 0.017871 1.000000
28 NA -1.315991 NA -0.168090 -1.541385 0.380514 -1.565819 -0.290354 1.000587 0.317526 1.115888 -2.948868 -0.166368 0.461766 -0.301605 1.077099 -2.013952 0.895052 -0.290001 -0.230567 -1.129363 -1.083956 0.126568 -0.883612 0.601250 0.040689 -0.433417 -0.988657 -2.254476 0.674232 -1.272995 -1.088976 -0.687242 -1.423778 0.564261 -0.200536 0.856437 1.756059 -1.381166 0.560783 -0.484711 0.821759 -0.440035 NA 1.102089 NA -0.219664 -0.247004 -1.235643 -0.265664 0.089765 -0.332578 0.691938 -0.083831 0.754034 -1.953377 0.543787 0.007353 0.489909 1.665137 0.768367 -0.521827 0.476025 -0.073689 -0.103927 -0.721621 -0.079891 -0.129190 -0.796079 1.643671 1.106129 0.321270 -0.765281 -0.259217 2.162343 -0.196843 0.892047 -0.128567 -0.471715 -0.456374 34.762725 1.000000
29 1.639102 -0.115592 -1.052197 0.239637 -0.934926 0.598705 -0.940600 -0.602170 0.915655 -0.922817 1.034667 -0.013776 NA -0.520557 0.737885 NA NA 0.440703 -0.110293 0.828616 0.540750 0.347698 NA -0.199526 -0.436463 2.284938 0.849495 -0.814642 -0.022927 -1.307649 0.149723 0.920260 0.985705 0.142721 2.505599 -0.180124 0.197616 0.157493 1.037476 -1.027070 0.615689 -0.238531 -0.078406 0.673933 0.289195 0.807883 -0.698570 NA 0.420527 NA 0.215048 0.934201 -0.046426 -0.073405 -1.064154 1.202517 1.331223 -2.024072 -1.561129 NA 0.844228 -0.202910 -1.276741 -1.445896 -1.999042 NA 0.016842 0.568558 -1.031339 0.538696 -1.059590 NA 0.290255 -1.344678 0.350565 -0.029157 -0.051929 0.355519 1.466910 0.534003 0.072688 1.000000
30 1.307338 -1.423435 NA -0.018057 -0.017865 -0.034510 0.619211 0.388238 0.236249 -1.445784 1.136604 -2.731885 -0.936664 0.812634 -0.472891 -0.499241 -1.387559 -2.183842 1.005164 -1.786845 -1.712091 -0.625123 1.660820 -0.483261 -1.212346 2.069635 1.052818 -1.359146 -0.827502 1.098262 0.586042 -0.100216 -1.029951 0.723395 -0.052255 -1.203837 -1.574343 0.417158 0.848984 1.421786 -0.770907 -0.154517 0.633387 1.584139 0.020540 -0.025870 -1.889752 0.931611 0.002813 0.144643 -0.662748 0.082375 0.389795 NA 0.527169 0.253799 -0.930234 -0.159170 -0.274479 NA -1.295401 1.910981 NA 1.689558 0.867581 -1.396252 -0.459179 -0.262536 0.438570 -0.357689 -0.318487 -0.098000 -1.483398 0.261170 0.212325 -0.580814 0.449446 -0.333298 -0.421835 -0.973130 3.828252 1.000000
31 -0.150231 -0.202495 -0.633328 0.613387 -0.694550 -0.531127 1.070800 NA NA -0.397605 -0.179815 -0.258458 -0.818920 0.386255 -1.973770 -0.075836 0.176496 0.839297 -1.025646 -0.092992 -1.992226 -0.322661 -0.094772 0.136435 1.193829 -1.297633 0.173449 -0.919974 NA 0.716495 -1.088573 -0.351119 -1.169927 1.956097 -0.704035 1.873912 NA 0.178822 1.888973 0.330702 NA 1.410871 -0.491504 -0.657155 0.554546 -0.378024 -1.569619 -0.042423 NA 1.357291 -0.256698 -0.317695 -0.487290 -0.610623 -0.841822 -0.399414 1.288449 -0.793756 0.567725 -0.827863 -0.320693 0.219496 0.675190 -0.423241 0.142334 1.023336 -0.343494 -1.397525 0.100000 NA 1.991286 -0.663917 -0.811322 0.876999 -0.709183 1.463923 0.956086 1.227567 -0.658699 -0.870870 2.438613 1.000000
32 0.237867 -0.782527 0.259287 0.938533 -0.960933 -1.602089 0.255535 0.759961 -0.037086 0.820545 0.827450 1.113468 1.895688 -0.448428 0.615060 1.210009 0.427396 -1.595784 0.692142 1.301855 1.059330 2.243006 -2.614132 -0.113394 -1.273570 0.575254 -0.258074 0.821429 -0.046786 0.535597 0.146817 0.541080 0.044386 0.920917 -1.688815 -0.723429 -0.789167 1.109611 -0.292454 0.855520 -0.019961 -0.194060 -0.080507 3.311638 0.231539 2.109616 -1.398429 1.250381 -0.686838 -1.913660 -0.414622 0.084336 1.283027 -0.444619 NA -0.570093 -0.398826 0.432926 0.985971 -0.754858 -1.736288 -0.542616 -0.551468 -0.264088 1.038894 -1.387816 -0.431445 0.889614 0.220952 -0.638537 1.154151 -0.361759 -0.276196 -0.420704 0.071695 -0.037083 0.164058 1.493787 0.780723 0.623575 7.054251 1.000000
33 0.065581 0.329566 -1.996730 1.650895 -0.915079 -0.022324 -1.116898 -1.925931 0.339257 1.919314 0.816818 0.158220 0.533366 0.472796 -1.419667 0.995818 -0.353369 1.153906 0.015473 -0.383512 0.379665 0.171514 -1.041326 0.551004 1.274407 0.654650 -0.213863 0.449889 1.324892 -0.867863 0.037994 -0.554489 -0.369634 0.335969 0.459241 1.530950 NA 0.647226 0.220095 -1.200510 1.660921 1.080276 0.448954 NA -0.855121 -0.334994 1.048170 -1.518849 -0.874241 0.712515 1.220875 0.037279 NA 0.137459 1.470721 -0.504603 1.568936 1.714683 1.041992 1.466883 -0.923011 -1.181741 -0.473845 0.786280 -0.505310 -0.266819 -0.586477 -0.333014 0.063579 NA -0.329016 -0.649705 1.767002 -0.742440 1.457022 -1.130805 0.943879 -1.349573 1.750655 -0.310833 0.897928 1.000000
34 -1.553456 0.037442 -0.698503 1.069045 0.007856 -1.604726 -0.905745 -0.145018 0.965594 -0.090331 0.414765 -0.976107 0.996151 NA 2.590991 0.389561 -0.754668 0.187038 0.337748 0.723414 0.162356 -0.311613 -1.370077 -0.051582 -0.603571 NA -0.553348 0.661043 1.926612 -0.065361 0.657270 -0.810026 0.884718 -0.933952 0.112172 -0.968682 -1.301082 0.005387 1.092118 0.140079 -0.218303 0.536369 -0.443302 -0.595145 -0.277032 0.111770 1.553057 -2.920666 NA -1.748550 0.251008 -1.269647 -0.720190 -0.137049 NA -1.133534 0.121474 -0.137516 0.137339 -0.705664 0.016069 1.011882 -1.335279 -0.368308 2.280977 1.334662 0.482335 -0.685549 0.859084 -0.265779 -0.731536 1.318687 0.589397 -0.115833 0.663446 0.185156 -1.511594 -0.587176 -0.568497 0.008377 0.634744 1.000000
35 -0.078509 NA 1.511721 -0.252318 0.790839 NA -2.128034 2.074691 -0.541568 1.169014 -0.925168 0.278747 0.067699 -1.254072 -0.884081 0.632425 0.409769 NA -0.042505 -1.048424 -0.739713 -0.833982 -0.247246 NA 0.418655 -0.781254 0.587443 -0.105757 -0.887078 0.198988 1.063159 -0.791686 2.043394 NA 1.359340 0.112580 -0.869043 0.556032 NA -0.279073 0.968668 -0.312203 -1.129600 1.038551 0.791251 1.215037 0.783497 1.108749 2.289700 -1.256192 NA 1.229212 1.082516 0.716833 1.303127 0.507660 -0.005787 -0.604280 0.610062 0.179116 0.107969 0.128002 -1.738543 0.853990 0.558749 -0.671921 1.082738 1.149601 -0.775261 -1.292336 NA 1.175451 1.835186 0.437396 1.264033 0.462884 -0.560337 -0.722979 -2.146397 -1.747148 0.595039 1.000000
36 1.515609 -1.303462 -2.128257 -0.788583 0.174641 -0.081718 0.083670 0.310044 0.120136 -0.197716 -0.747972 -0.722085 -1.633676 -1.735273 2.185485 -1.020398 -0.162815 NA 0.560636 -0.617307 0.289901 0.612405 -0.068954 1.144909 0.551683 1.825736 0.438884 0.187624 -0.016106 0.526179 -1.227851 0.913695 -0.221496 0.897833 1.218831 0.278850 0.810449 0.647968 0.139209 0.768074 1.348488 2.091818 1.008777 1.692824 -1.269424 1.388917 -1.697884 0.844971 -1.756464 1.066809 0.010553 -0.983020 -0.582461 -0.326335 0.005182 -0.852477 -0.004026 -0.356758 -0.688343 0.178295 0.362846 -1.211560 0.927208 -0.213544 -0.782955 -0.143974 1.351345 -0.911122 0.981040 -1.005874 0.038056 0.800745 0.860994 1.341435 0.261555 -1.018079 0.274670 0.161235 0.114518 -0.522263 1.617349 1.000000
37 0.922156 0.136725 -1.016835 0.595725 NA 0.662220 -0.028117 NA -0.480878 -0.290808 1.061886 NA 0.132153 1.307810 -0.779665 -1.622141 0.923162 -0.983453 0.548782 -1.390793 0.408683 0.615998 0.249704 1.117823 0.480645 NA 0.039729 -0.134564 0.751257 -0.685821 -0.762594 -0.395074 -0.442417 -0.578800 0.449432 -0.249479 -0.215095 -0.264342 0.979164 0.793800 -0.719272 -1.487174 0.484117 0.600655 1.141833 0.698280 -0.708157 -0.223006 0.293421 0.251447 -0.628245 -0.159857 0.129029 -0.506063 0.034030 -0.701989 -1.244210 NA -0.864041 -1.131089 0.616752 -0.360130 1.188963 NA 0.191200 0.495695 0.150370 -1.244642 1.777315 0.746519 1.890817 0.979156 1.117795 -0.576727 0.232695 -0.197751 0.429180 -0.108176 0.021283 0.239399 1.504552 1.000000
38 NA -0.721649 0.729931 0.509137 0.249861 0.536338 -1.394914 -0.173461 -0.075271 1.747462 1.375016 NA 1.468588 -0.396980 0.498954 -0.200162 1.024465 0.015878 NA -1.365770 0.471455 -0.050978 -0.813120 0.457303 0.869326 NA 0.165414 1.184988 0.938040 0.385483 0.864416 -1.012370 0.463842 -0.817597 -2.629504 1.183728 -1.449869 0.431099 -1.590955 -0.930171 0.469758 2.468565 -0.120800 1.342738 -0.281833 -0.529618 -1.556076 -0.370578 1.616362 0.855908 0.265010 0.630680 -0.341855 1.160082 -1.569492 0.090721 0.668949 0.077460 0.650716 0.363041 -1.365084 1.182532 0.469525 -1.017668 -0.278080 0.425850 -1.160812 -0.756443 0.453843 0.293026 0.576390 -0.875052 0.784276 1.323149 -0.121124 -1.719767 0.321355 -1.917614 -0.054021 -1.025840 0.012676 1.000000
39 0.617627 0.289146 -0.461378 0.537632 -1.115167 -0.367725 -1.789757 0.449402 0.103815 1.773809 0.252835 1.363662 0.173790 1.560311 -0.497001 0.531780 -0.451806 0.600869 0.469262 -3.253599 -1.020619 1.041134 0.218034 0.600599 0.536581 -0.210996 0.009796 -1.620074 -2.211840 0.627042 1.305373 -1.620271 0.290052 0.762169 0.610639 -0.961301 -1.510969 -0.840362 0.839827 -0.101386 -0.735238 1.584628 0.212480 -0.368642 0.332075 -1.699406 -0.960879 1.023053 -0.452306 -1.235654 1.262149 0.739505 -1.884680 0.729569 1.182627 -0.732716 0.119291 1.204764 0.732501 0.155115 -1.900954 -0.198611 0.792100 1.144395 0.081573 -1.284207 -0.386067 NA -0.806622 0.023323 NA 1.060167 0.325307 0.108880 -1.542886 1.382330 0.799231 1.071470 0.378539 -0.012913 6.129970 1.000000
40 -0.075075 0.902098 0.652330 -1.404659 0.762917 -0.990589 NA -0.063756 -1.405673 0.884801 0.803821 0.442886 1.563788 NA 1.579137 0.120629 0.363287 0.317691 1.217436 -0.342707 0.234474 -0.837106 0.044485 1.551887 -0.978904 0.857976 0.170174 0.881714 2.714623 -0.168910 1.151765 -0.838463 0.340396 2.230270 0.266456 1.359722 -1.297564 -0.312270 1.779235 0.086357 0.850490 -1.686134 -0.363329 0.043054 NA -0.888992 0.134420 -0.734710 0.932424 -0.881808 -0.376542 1.137118 -1.454873 0.537233 -1.062058 NA 0.447995 0.089088 -0.145744 1.381400 -0.056282 -0.764751 0.914232 0.012911 0.055624 0.812907 1.295350 -0.242834 NA -0.298051 -0.257213 -1.110728 0.280184 -0.785679 0.216194 -0.378321 0.823143 -1.199728 0.471446 0.150193 1.991466 1.000000
41 -1.015202 -0.700525 0.450180 NA 1.597881 -1.264054 -1.829348 0.954560 0.175687 -0.020420 0.738940 -1.343463 0.688203 0.944187 -2.212420 0.814333 0.199595 0.704928 -0.236792 -1.410259 0.046284 0.091933 -0.873298 NA -0.549761 -0.880813 -0.096844 -0.455790 NA -0.133030 0.409983 0.692522 NA -0.783001 0.346807 0.602508 -0.162008 -0.322529 -0.533121 1.879885 -0.617431 1.321228 -1.256957 0.118311 -2.235605 0.504646 0.698888 0.162241 1.264960 -0.052329 -0.033415 -0.225844 -1.171669 -0.070206 0.368930 -0.165902 0.452615 0.792233 -0.065523 0.272819 -0.019857 1.271206 -1.218127 1.409865 -0.855317 0.137070 -0.111147 -0.759879 0.291773 -0.588387 -1.304886 1.744510 0.034648 0.731730 0.032527 -0.588580 -0.786616 0.175589 0.161247 -0.878603 0.408838 1.000000
42 -0.106659 -0.959600 -0.559322 1.222196 -1.386629 -0.784906 1.457300 1.036592 1.149532 0.318714 NA 0.236954 0.555024 1.325501 1.788361 -0.032443 0.293477 0.688189 -0.216497 -1.076556 0.768058 -1.007322 -0.251063 -0.431044 NA -0.688402 -0.388840 1.511699 NA 1.415502 -0.378445 1.444873 -0.029495 -0.028037 1.046613 -0.033231 -1.243074 0.248929 0.212577 0.932030 -0.521378 0.929457 0.516156 -0.260702 0.148992 NA -1.018275 -1.168139 -1.809196 0.372751 -0.884329 0.114528 0.040859 -0.615121 0.010850 2.185543 -1.079034 -1.457213 1.253622 0.604557 0.238566 0.898126 -0.266228 -0.187295 -0.460325 -0.813540 0.720239 0.218600 NA 1.134844 -0.956146 -0.754735 0.654087 -0.477816 -0.986949 -2.008267 0.917485 1.200828 1.266356 0.257822 52.270762 1.000000
43 -2.314542 1.415804 1.647209 0.765018 0.509094 -0.405728 -1.545737 -0.899744 -0.223804 0.733650 2.065128 0.561420 -1.159319 NA -0.071570 -0.536619 -0.361981 1.267923 -0.116505 -1.107891 0.743702 0.689334 -0.999511 -2.527944 -0.454773 -0.219725 -1.390276 -0.211180 0.355062 -0.811845 -0.526272 -0.066076 0.689852 -1.145884 1.434348 -0.108711 0.708674 1.378984 -0.175905 0.471817 0.564678 2.407843 0.775675 -0.215439 0.656806 0.339662 0.944796 -0.376061 1.191161 -0.774233 -0.482017 -0.864075 NA -0.796862 0.526435 -0.048694 -1.108171 0.395629 -0.440092 -1.510489 0.910673 -0.642949 1.086617 -1.197749 -0.108200 -1.141547 -0.683410 0.300631 0.484086 NA 0.901486 1.365006 -0.226397 1.289246 1.182482 -1.052790 -0.577935 -0.623603 2.284570 -0.368017 0.337239 1.000000
44 -1.053739 0.749518 0.830613 -0.717835 -0.155791 0.262693 1.454067 1.358593 0.741437 -1.257278 0.456510 0.919317 0.438828 -1.149969 -0.309703 -0.701837 2.760918 0.688306 0.769707 -0.331690 0.653180 0.820568 -1.157243 -1.533425 -0.436526 NA 0.306647 0.385768 -0.960760 -0.409556 -0.900492 -0.375059 0.091374 0.868131 1.766193 -0.386516 -2.715686 -2.424629 -2.091206 -1.208992 -1.012838 -1.623927 -0.129380 0.189647 0.098091 -0.736123 0.318855 -0.545598 -0.498820 -0.719812 -1.710588 2.108626 0.524912 0.812594 -0.562973 0.273418 -1.065106 -0.980715 -2.448942 -0.937745 0.196795 0.575544 1.683554 -1.845218 -0.120158 -0.722498 NA -0.098141 0.707782 -0.798506 0.114085 1.614180 1.544869 2.287218 -0.933459 0.014773 -1.773259 0.122146 0.042957 1.471370 7.867133 1.000000
45 0.381607 -2.519483 1.137991 -0.444777 -1.305942 0.965625 0.030538 0.471016 1.060213 0.506917 1.055487 -0.215043 1.002691 -0.042125 0.241453 0.240894 -1.711075 0.851894 -0.520101 -1.250091 0.651628 1.025062 -1.004048 -1.170243 0.017287 -0.162949 -1.901092 -0.553158 -0.737961 1.320259 -1.609505 1.735217 -1.569166 1.110016 -1.406974 0.451616 0.541923 -1.330735 -0.492711 1.632114 0.660318 0.662675 -0.329594 0.245516 -0.111063 -0.182785 0.259981 -1.960430 -0.279807 NA 0.664150 0.536810 2.588083 NA NA 2.362549 -0.089713 -0.806902 0.094107 -0.288107 -2.127289 -0.593593 1.139997 -0.085611 -1.126303 -0.758548 0.729780 0.038189 -0.410223 -1.220252 0.681489 -0.253418 0.233114 -1.900791 -0.071409 -1.157060 -1.064927 0.709701 -0.029863 -1.132689 27.959319 1.000000
46 0.980007 0.330610 -1.243530 -0.608700 -0.854901 0.574224 NA 0.270111 -0.090384 0.214598 -1.369364 0.007831 -1.029533 -0.419319 1.051591 0.220377 0.688818 0.131765 0.209905 -0.320582 NA 2.194138 -0.619920 1.807602 0.248083 -1.549609 -0.087029 -0.376877 -1.556489 0.488909 -2.063814 -0.931783 0.799769 NA -1.505015 -0.801010 NA 0.565593 -2.132386 -1.287651 -1.055046 1.962978 -1.220762 -1.013339 -0.685438 1.451768 0.001392 0.138383 0.218597 -0.645164 -0.740194 NA 0.971727 2.259835 -0.552838 0.550556 -0.852722 0.785092 -1.382806 -2.351241 1.283998 0.299470 -0.510051 0.825765 0.065978 -0.414528 0.441211 NA -1.763564 -0.435334 0.018175 -0.100168 0.359049 0.880818 0.981909 NA 0.116094 1.109575 1.359323 1.450669 2.232419 1.000000
47 1.919794 0.548001 -1.393109 1.128100 0.464331 1.973416 NA 1.425399 0.037770 0.062006 0.568547 0.460113 -0.803484 0.252343 0.894205 -1.099179 -0.656661 0.556976 -0.157658 -0.015269 0.874848 2.166978 -0.560367 -1.881616 -0.003103 -1.392955 -0.325826 -0.440611 -0.328813 -0.317575 0.795816 0.031787 0.893982 -1.372587 -1.293071 0.816744 -0.145852 0.670358 0.627332 2.111503 0.078734 -1.212147 -0.649352 0.127591 NA -2.192972 0.862768 0.555223 -1.198879 -0.364338 -1.268503 -0.328112 0.766986 -0.331035 -0.085386 0.125721 0.146337 1.801540 NA 1.359106 1.239131 1.902185 -0.312293 NA NA 1.255450 1.765359 -0.270924 1.747384 -0.821618 0.527506 2.242767 0.490454 -2.498193 0.309550 -0.425728 1.035397 0.114220 -3.141292 0.189818 3.424173 1.000000
48 -0.189288 0.146984 -2.050634 -1.369802 -1.724165 -0.653383 NA -0.420304 -1.496704 NA -0.293157 -0.842582 -1.522536 -0.675297 0.257542 -1.012881 0.120565 -0.001714 0.255625 0.862958 -0.780705 0.872237 -0.490104 0.278876 -0.379898 0.828557 -0.262839 -1.399161 -0.615055 0.302652 0.146309 NA -1.344069 -1.696593 0.692415 NA -0.118881 -1.549803 -0.685606 0.710114 -0.782355 -0.810722 1.464363 2.636699 1.062937 -0.784041 1.719342 0.006014 -0.624247 -0.493501 0.365154 0.043363 1.338007 0.322032 0.817912 0.957094 0.336096 -2.327078 -0.196181 1.483580 -0.826339 -1.035133 0.482278 0.019986 -0.352265 0.766370 -0.467098 0.008230 -0.573254 NA -0.188067 -0.717706 0.180226 -1.244596 0.976547 0.235876 0.225546 -0.300731 -0.351760 -1.416504 5.871810 1.000000
49 -0.140756 0.166996 1.031278 -1.597798 0.086691 -0.085116 0.893097 -0.513574 0.142012 0.773590 -0.576174 1.171975 0.053311 0.130633 -1.205040 -0.001566 0.082241 0.676806 0.946293 -0.719503 0.023761 0.338344 1.741827 -0.174038 -0.355641 0.165422 -1.317014 -2.105947 0.080268 0.575735 -1.607319 -0.893928 -0.113380 -0.127039 -0.332906 -1.071515 1.524754 1.675084 -0.806245 0.579724 -0.533139 NA -0.755436 -0.133936 0.309895 -1.242178 -0.996184 -1.216166 0.521952 -0.183907 0.238260 1.666529 0.752797 -0.053078 1.026930 -1.278170 1.439261 0.634098 0.415877 0.336114 1.352407 -0.055606 NA -2.183725 -1.745410 -1.169231 0.137159 -0.394950 0.332057 1.403468 -0.199671 -0.812121 -0.370390 1.066672 -0.543051 -0.260746 -0.451050 1.263319 -0.714083 0.368182 0.760283 1.000000
50 0.598666 0.176369 -0.201524 -0.662318 0.156328 1.406827 1.399052 0.773881 -0.650201 -0.473684 -0.847482 0.135484 0.687314 -0.654910 0.146674 0.378701 -0.832275 0.393155 -0.240422 -0.513865 -0.381213 -0.040153 0.745299 0.122155 0.928105 -0.310955 NA -2.847454 -0.760578 1.840717 NA 1.630158 0.498275 -0.906114 0.981658 0.109327 -0.199693 -0.030265 0.170308 1.339959 1.719046 0.319261 -0.184088 -0.053682 0.353479 -1.402581 -1.056585 0.303396 1.280958 -1.033433 0.500038 -1.143068 0.799247 NA -0.506313 0.608900 -0.587794 1.093209 0.848932 NA -1.017389 -0.671183 0.430769 0.885133 NA -0.107874 0.450507 -0.954989 0.360351 -0.105961 -0.775412 -0.096435 -0.058889 0.902018 0.635219 0.670034 1.085905 -0.111400 -1.134788 -1.353443 18.157389 1.000000
uncorrelated Gaussian covariates
missing covariate fraction: 0.050000
no latent classes
   lambda(t|risk 1)=C, <t>=4.000000 for zero covariates
   risk 1: beta[1]=0.500000
   risk 1: beta[2]=0.500000
   risk 1: beta[3]=0.500000
   risk 1: beta[4]=0.500000
   risk 1: beta[5]=0.500000
   risk 1: beta[6]=-0.500000
   risk 1: beta[7]=-0.500000
   risk 1: beta[8]=-0.500000
   risk 1: beta[9]=-0.500000
   risk 1: beta[10]=-0.500000
   risk 1: beta[11]=0.000000
   risk 1: beta[12]=0.000000
   risk 1: beta[13]=0.000000
   risk 1: beta[14]=0.000000
   risk 1: beta[15]=0.000000
   risk 1: beta[16]=0.000000
   risk 1: beta[17]=0.000000
   risk 1: beta[18]=0.000000
   risk 1: beta[19]=0.000000
   risk 1: beta[20]=0.000000
   risk 1: beta[21]=0.000000
   risk 1: beta[22]=0.000000
   risk 1: beta[23]=0.000000
   risk 1: beta[24]=0.000000
   risk 1: beta[25]=0.000000
   risk 1: beta[26]=0.000000
   risk 1: beta[27]=0.000000
   risk 1: beta[28]=0.000000
   risk 1: beta[29]=0.000000
   risk 1: beta[30]=0.000000
   risk 1: beta[31]=0.000000
   risk 1: beta[32]=0.000000
   risk 1: beta[33]=0.000000
   risk 1: beta[34]=0.000000
   risk 1: beta[35]=0.000000
   risk 1: beta[36]=0.000000
   risk 1: beta[37]=0.000000
   risk 1: beta[38]=0.000000
   risk 1: beta[39]=0.000000
   risk 1: beta[40]=0.000000
   risk 1: beta[41]=0.000000
   risk 1: beta[42]=0.000000
   risk 1: beta[43]=0.000000
   risk 1: beta[44]=0.000000
   risk 1: beta[45]=0.000000
   risk 1: beta[46]=0.000000
   risk 1: beta[47]=0.000000
   risk 1: beta[48]=0.000000
   risk 1: beta[49]=0.000000
   risk 1: beta[50]=0.000000
   risk 1: beta[51]=0.000000
   risk 1: beta[52]=0.000000
   risk 1: beta[53]=0.000000
   risk 1: beta[54]=0.000000
   risk 1: beta[55]=0.000000
   risk 1: beta[56]=0.000000
   risk 1: beta[57]=0.000000
   risk 1: beta[58]=0.000000
   risk 1: beta[59]=0.000000
   risk 1: beta[60]=0.000000
   risk 1: beta[61]=0.000000
   risk 1: beta[62]=0.000000
   risk 1: beta[63]=0.000000
   risk 1: beta[64]=0.000000
   risk 1: beta[65]=0.000000
   risk 1: beta[66]=0.000000
   risk 1: beta[67]=0.000000
   risk 1: beta[68]=0.000000
   risk 1: beta[69]=0.000000
   risk 1: beta[70]=0.000000
   risk 1: beta[71]=0.000000
   risk 1: beta[72]=0.000000
   risk 1: beta[73]=0.000000
   risk 1: beta[74]=0.000000
   risk 1: beta[75]=0.000000
   risk 1: beta[76]=0.000000
   risk 1: beta[77]=0.000000
   risk 1: beta[78]=0.000000
   risk 1: beta[79]=0.000000
   risk 1: beta[80]=0.000000
