1 0.012207479167 0.875864546251
2 0.174181734694 0.973686145448
3 -0.199977437500 0.949660387871
4 0.201343478261 1.042229120942
5 -0.151158458333 0.984334572317
6 0.233424617021 0.977003607607
7 0.106661604167 0.979222463465
8 -0.061462404255 1.091212360019
9 0.064785479167 0.983555211332
10 0.039870148936 0.861588518149
11 -0.188284104167 0.977733483271
12 0.281099700000 0.961281611832
13 -0.023201936170 1.026510643655
14 0.299934612245 0.986671915777
15 0.081726893617 0.855132278069
16 -0.050640270833 0.868257617448
17 -0.074777085106 1.024741430076
18 -0.003375659091 1.054558853338
19 0.126959717391 0.892578082146
20 -0.010376140000 0.969149659203
21 -0.119984583333 0.926745844978
22 0.159172940000 1.053728782985
23 -0.206650190476 0.822708834327
24 0.188424280000 0.970047626502
25 -0.255951775510 0.914231846427
26 -0.094588456522 0.925136872941
27 -0.200044420000 1.113023518912
28 0.081849872340 0.978755813874
29 -0.025332229167 1.127779765447
30 0.068011413043 0.983233049467
31 0.037486800000 0.882853052218
32 0.004341000000 0.969447457035
33 0.039504367347 1.049587681308
34 -0.020913543478 1.043806700380
35 -0.166014510638 1.061613083528
36 0.335114361702 0.995001431639
37 -0.042483043478 0.876293664728
38 -0.259333113636 0.854812419878
39 0.028338765957 1.118526350621
40 0.014512456522 1.056300067477
41 -0.021908708333 0.909426353913
42 0.173575152174 0.646820564076
43 0.003688958333 0.975072301514
44 -0.118362680851 0.942728745747
45 -0.118318750000 0.969977711718
46 0.075202021739 0.970107753775
47 0.040680148936 0.961247569039
48 -0.102473583333 1.161928374599
49 -0.304604387755 0.984813958871
50 -0.034501395833 0.806737083905
