1 0.028643292869 1.035443166394
2 -0.132006696915 0.985730261938
3 0.047927703672 1.214132963837
4 0.022113475854 1.075930596449
5 -0.024623207232 0.887187605149
6 0.106383583877 0.983235965548
7 0.089311591689 0.989727518325
8 -0.036674374462 1.017891739577
9 -0.035782967570 0.755248854131
10 -0.034955771195 0.960678955146
11 0.038054162459 1.028593241876
12 0.007829710955 1.003700693402
13 0.004867256019 0.930325432396
14 0.176373484755 1.046451467120
15 -0.039712402038 1.017448185681
16 -0.030131437243 0.994490108710
17 0.040872975715 0.973715923314
18 0.149505047518 1.023941292739
19 0.077940793207 1.072229647768
20 -0.061959929600 0.893877887975
21 0.163298601237 0.944842753959
22 -0.134554890570 1.089563181459
23 0.000246534929 1.113287432591
24 0.035541354351 0.881438305209
25 -0.134682287250 0.953745624725
26 0.048315417982 1.022521299823
27 -0.103096737375 1.000709948144
28 0.004933564205 0.946842523565
29 0.129235677145 0.855429833794
30 0.022678673202 0.921005346167
31 -0.034250481661 0.889543978646
32 0.053714521897 0.954297410361
33 0.016775360154 1.042137124667
34 -0.117180054661 1.114440952408
35 -0.096841673732 1.173602516202
36 0.087443100497 0.846021164813
37 0.101021659542 1.060326875681
38 -0.106515450638 0.989122936742
39 0.022821258724 1.141094464577
40 -0.153539679911 1.067465396328
41 0.068628530280 0.918353541336
42 0.002452243921 1.037353992625
43 0.045959745509 1.048235050447
44 0.000018280121 0.978727041668
45 0.142198406628 0.937833494292
46 0.072762145944 1.062869073801
47 -0.145119264123 0.979066134349
48 0.140590228201 0.960524871092
49 0.082006698136 1.007581448342
50 0.124532187897 0.979900107501
51 -0.092171730324 0.946423575819
52 -0.176349320810 1.055305929185
53 0.202842136707 1.083639883322
54 0.016710505179 0.887840774669
55 -0.217440196043 1.040240330450
56 0.054561757801 1.107180050852
57 -0.054263832366 0.821738283332
58 -0.074779759074 1.110949565025
59 0.152914563930 0.890372630751
60 -0.136372959910 1.051089600075
