1 0.039302075582 1.047219339669
2 0.113272901610 0.908532513743
3 -0.043496895347 1.025050082788
4 0.197592884422 1.123285339295
5 -0.004844606620 1.065597950787
6 0.109261097364 1.160187197947
7 -0.029756326944 1.232159606786
8 0.010996388911 0.922981889360
9 -0.111329164556 0.998304460413
10 0.063394385132 1.052493531617
11 -0.047426645088 0.987862719778
12 -0.053409996522 0.960672982062
13 -0.126157859835 1.019069420761
14 0.075752287691 0.892319001587
15 0.119930928281 0.931727744785
16 -0.094061747974 1.043937574653
17 -0.065216519967 0.883842312040
18 0.053160022738 0.997732799463
19 -0.167804808623 0.959035774008
20 -0.126170771604 0.976917918702
21 0.069718043114 0.941080596290
22 0.043326067310 0.959725748814
23 0.156356274826 1.002624665298
24 0.065882490226 1.105480878898
25 0.051758300919 0.954993356502
26 0.182140942589 1.029819917045
27 -0.138869471183 1.024614189255
28 -0.061668870575 1.018250152356
29 0.004834844528 0.922086304531
30 -0.048591106820 0.905876843441
31 -0.133925352040 0.944853451422
32 -0.100182683901 0.962769072297
33 -0.007609543664 0.979330506326
34 0.011716186794 0.940351272982
35 0.038968986356 0.916190591051
36 -0.065745771515 0.887798809170
37 -0.000406692981 1.015494230494
38 0.070892925559 1.050883736252
39 0.065611196666 0.939196997891
40 0.049627786045 1.044286116128
41 0.038194464240 1.010114279455
42 0.111519132935 0.957906762329
43 0.071488824031 0.925269798239
44 0.053683308429 1.084948953531
45 0.097407989578 0.832411270921
46 -0.038056578125 1.024003873120
47 -0.074436236309 1.075809104633
48 -0.024515669680 1.087517550810
49 -0.081636627991 0.992525443398
50 -0.007727549554 0.904958203157
51 -0.068622257379 1.007472131252
52 0.080650924957 1.031766751767
53 0.011252755298 1.020278562369
54 0.009183240721 1.021172073726
55 -0.070801975604 0.936642015320
56 -0.049239137079 1.069757524396
57 -0.034957459079 0.959495650768
58 -0.049203837019 0.987613001079
59 0.014526921874 0.924255808336
60 -0.011083989746 0.981867164841
61 -0.165720623883 0.964830091328
62 0.139587438713 1.006834223487
63 -0.028186398707 0.974030409593
64 -0.054625585070 0.916945712234
65 0.199130106727 1.024471126137
66 -0.099045673079 1.059008698564
67 0.112429648113 0.991743496438
68 -0.114548368340 0.922616979301
69 0.089070044142 1.023286649694
70 0.151294774485 0.898222719215
71 -0.047936256072 1.043936092086
72 0.033643604431 1.014995403151
73 -0.188111954592 1.084298786980
74 0.033891716737 0.987551959564
75 -0.044038503003 0.943943086484
76 -0.036888587907 0.944451274454
77 -0.063459407860 0.862917839534
78 -0.116642213210 0.860856272670
79 0.130348322266 1.097513455701
80 0.045221559698 1.027371761259
81 -0.142785003865 1.039596687336
82 -0.057980091460 0.945431827643
83 0.030732770595 0.966133611279
84 0.033807799124 0.917857136949
85 -0.152529751545 0.975744182472
86 0.051963847529 0.984603619020
87 -0.040746710872 1.108375817133
88 -0.151999009573 1.035844175768
89 -0.158179049999 0.822317076716
90 -0.011678336124 1.068694567274
91 -0.107533488860 0.980347744601
92 -0.205266489449 1.077187005048
93 0.057248475502 0.986635927170
94 0.020044964818 0.951249021310
95 0.024889202729 0.812334776186
96 -0.143027007092 0.996151809706
97 0.065318224604 1.041343072952
98 0.018688894785 0.994920827505
99 -0.183235780097 1.040267660020
100 0.158491393691 1.064894202111
