1 0.550878500000 1.111626037149
2 0.068102000000 0.798007484147
3 0.015465600000 0.840484188221
4 0.180755100000 1.163706669207
5 -0.137288700000 0.713443643584
6 -0.287731000000 0.929225952793
7 -0.142155700000 1.100595953342
8 -0.289491571429 0.982337196178
9 0.301337400000 0.844340376007
10 -0.450456222222 0.737652852756
11 -0.176354900000 1.002367389752
12 -0.037665800000 0.945394288414
13 -0.403998000000 1.141598027779
14 -0.085096222222 1.014097868445
15 0.042737000000 0.545482273953
16 -0.666777777778 0.825519439415
17 -0.276159222222 0.568231954472
18 -0.217483666667 0.811605841824
19 0.085350100000 0.871605585091
20 -0.230969444444 0.950431390312
21 0.013631200000 1.224515920816
22 -0.371116333333 1.038268698760
23 -0.152764800000 1.164973768533
24 -0.531034777778 1.232084556577
25 0.571146444444 1.069722301121
26 -0.063444300000 0.824474831054
27 0.411640666667 1.571953413834
28 -0.386144000000 0.627731643101
29 -0.047669700000 1.096956581672
30 -0.522704000000 1.046012044738
31 0.289692400000 0.786943941089
32 0.261113500000 1.314669130904
33 -0.254293000000 0.611554350492
34 0.160832200000 0.511821762906
35 -0.087409000000 1.230459760929
36 -0.158364800000 1.313132803309
37 0.200612300000 1.136851925341
38 -0.328651555556 0.449760857474
39 0.087934000000 1.092068219308
40 0.642843500000 0.882903445045
41 0.278685000000 0.835388128168
42 -0.222678800000 0.817643400872
43 0.199865888889 0.764232894978
44 -0.255683111111 1.189065742843
45 0.076824800000 0.797623187129
46 0.592871300000 0.760119349458
47 -0.024608600000 0.694634591474
48 0.005750500000 0.768096551048
49 0.234188000000 0.558635093272
50 -0.444995800000 0.604648139204
51 -0.688305500000 0.710416794449
52 -0.041892300000 0.917002729721
53 -0.147398555556 0.700278310790
54 0.124820250000 0.975254686316
55 -0.033959100000 0.531058765162
56 -0.101058700000 0.952964124500
57 -0.242840200000 0.598083606354
58 0.216400222222 0.757788964279
59 0.173811555556 0.405568310131
60 -0.255363500000 1.282380269011
