1 -0.159398125000 0.980057557153
2 0.018658317708 0.963390045024
3 -0.032239827225 0.983869533167
4 0.045968777202 1.018100489421
5 -0.070513102151 0.908595958510
6 0.001349531915 0.949851351320
7 0.039332457895 1.011766014977
8 -0.015689353846 0.982631366559
9 -0.015260845745 0.960198781933
10 -0.125240252632 0.981943940414
11 -0.036791782383 1.088310806477
12 -0.027814410526 0.966746269821
13 0.028386911917 1.047392400225
14 0.051949647368 0.998692856715
15 0.010537533679 1.074164273991
16 -0.037854096257 0.976603184714
17 0.065964707447 0.948560518587
18 -0.024140343915 0.893560834745
19 0.005596278351 0.975531093546
20 0.036402336957 0.968302373427
21 -0.071381176166 0.992233052614
22 0.046133821622 0.978037442795
23 -0.024030808511 1.035019276358
24 0.035948267016 0.970219545434
25 0.075316556150 1.016000157697
26 0.058014567708 0.967700969113
27 -0.180637515625 0.945884238319
28 0.098317255319 1.022165901967
29 -0.070750654054 1.008139901314
30 -0.109419258065 0.946139733612
31 0.134446963918 0.958852537177
32 -0.035058412698 1.020310144842
33 0.204256250000 1.031394645475
34 -0.117534214660 1.048493629511
35 -0.051224581152 1.073168258153
36 0.092848363158 0.926683218938
37 -0.059515166667 1.058004395493
38 -0.040053110526 0.922132261420
39 -0.025480968586 0.946207832513
40 0.008841481675 0.939408807950
