active=60: 1 2 3 4 5 6 7 8 9 10 11 12 13 14 15 16 17 18 19 20 21 22 23 24 25 26 27 28 29 30 31 32 33 34 35 36 37 38 39 40 41 42 43 44 45 46 47 48 49 50 51 52 53 54 55 56 57 58 59 60 
active=59: 1 2 3 4 5 6 7 8 9 10 11 12 13 14 15 16 17 18 19 20 21 22 23 24 25 26 27 28 29 30 31 32 33 34 35 36 38 39 40 41 42 43 44 45 46 47 48 49 50 51 52 53 54 55 56 57 58 59 60 
active=58: 1 2 3 4 5 6 7 8 9 10 11 12 13 14 15 16 17 18 19 20 21 22 23 24 25 26 28 29 30 31 32 33 34 35 36 38 39 40 41 42 43 44 45 46 47 48 49 50 51 52 53 54 55 56 57 58 59 60 
active=57: 1 2 3 4 5 6 7 8 9 10 11 13 14 15 16 17 18 19 20 21 22 23 24 25 26 28 29 30 31 32 33 34 35 36 38 39 40 41 42 43 44 45 46 47 48 49 50 51 52 53 54 55 56 57 58 59 60 
active=56: 1 2 3 4 5 6 7 8 9 10 11 14 15 16 17 18 19 20 21 22 23 24 25 26 28 29 30 31 32 33 34 35 36 38 39 40 41 42 43 44 45 46 47 48 49 50 51 52 53 54 55 56 57 58 59 60 
active=55: 1 2 3 4 5 6 7 8 9 10 11 14 15 16 17 18 19 20 21 22 23 24 25 28 29 30 31 32 33 34 35 36 38 39 40 41 42 43 44 45 46 47 48 49 50 51 52 53 54 55 56 57 58 59 60 
active=54: 1 2 3 4 5 6 7 8 9 10 11 14 15 16 17 19 20 21 22 23 24 25 28 29 30 31 32 33 34 35 36 38 39 40 41 42 43 44 45 46 47 48 49 50 51 52 53 54 55 56 57 58 59 60 
active=53: 1 2 3 4 5 6 7 8 9 10 11 14 15 16 17 19 20 21 22 23 24 25 28 29 30 31 32 33 34 35 36 38 39 40 41 42 43 44 45 46 47 48 49 50 51 52 54 55 56 57 58 59 60 
active=52: 1 2 3 4 5 6 7 8 9 10 11 14 15 16 17 19 20 21 22 23 24 25 28 29 30 31 32 33 34 35 36 38 39 40 41 42 43 44 45 46 47 48 49 50 51 52 54 55 56 57 59 60 
active=51: 1 2 3 4 5 6 7 8 9 10 11 14 15 16 17 19 20 21 22 23 24 25 28 29 30 31 32 33 34 36 38 39 40 41 42 43 44 45 46 47 48 49 50 51 52 54 55 56 57 59 60 
active=50: 1 2 3 4 5 6 7 8 9 10 11 14 15 16 17 19 20 21 22 23 24 25 28 29 30 31 32 34 36 38 39 40 41 42 43 44 45 46 47 48 49 50 51 52 54 55 56 57 59 60 
active=49: 1 2 3 4 5 6 7 8 9 10 11 14 15 16 17 19 20 21 22 23 24 25 28 29 30 31 32 34 36 38 40 41 42 43 44 45 46 47 48 49 50 51 52 54 55 56 57 59 60 
active=48: 1 2 3 4 5 6 7 8 9 10 11 14 15 16 17 19 20 21 22 24 25 28 29 30 31 32 34 36 38 40 41 42 43 44 45 46 47 48 49 50 51 52 54 55 56 57 59 60 
active=47: 1 2 3 4 5 6 7 8 9 10 11 14 15 16 17 19 20 21 22 24 25 28 29 30 31 32 34 36 38 40 41 42 43 44 45 46 47 48 49 50 51 52 54 55 57 59 60 
active=46: 1 2 3 4 5 6 7 8 9 10 11 14 15 16 17 19 20 21 22 24 25 28 29 30 31 32 34 36 38 40 41 42 43 44 45 46 48 49 50 51 52 54 55 57 59 60 
active=45: 1 2 3 4 5 6 7 8 9 10 11 14 15 16 17 19 20 21 22 24 25 28 29 30 32 34 36 38 40 41 42 43 44 45 46 48 49 50 51 52 54 55 57 59 60 
active=44: 1 2 3 4 5 6 7 8 9 10 11 14 15 16 19 20 21 22 24 25 28 29 30 32 34 36 38 40 41 42 43 44 45 46 48 49 50 51 52 54 55 57 59 60 
active=43: 1 2 3 4 5 6 7 8 9 10 11 14 16 19 20 21 22 24 25 28 29 30 32 34 36 38 40 41 42 43 44 45 46 48 49 50 51 52 54 55 57 59 60 
active=42: 1 2 3 4 5 6 7 8 9 10 11 14 16 20 21 22 24 25 28 29 30 32 34 36 38 40 41 42 43 44 45 46 48 49 50 51 52 54 55 57 59 60 
active=41: 1 2 3 4 5 6 7 8 9 10 11 14 16 20 21 22 24 25 28 29 30 32 34 36 38 40 41 42 43 44 45 46 48 49 50 51 52 54 55 57 60 
active=40: 1 2 3 4 5 6 7 8 9 10 11 14 16 20 21 22 24 25 28 29 30 32 34 36 38 40 41 42 43 44 45 46 48 49 50 52 54 55 57 60 
active=39: 1 2 3 4 5 6 7 8 9 11 14 16 20 21 22 24 25 28 29 30 32 34 36 38 40 41 42 43 44 45 46 48 49 50 52 54 55 57 60 
active=38: 1 2 3 4 5 6 7 8 9 11 14 16 20 21 22 24 25 28 29 30 32 34 36 38 41 42 43 44 45 46 48 49 50 52 54 55 57 60 
active=37: 1 2 3 4 5 7 8 9 11 14 16 20 21 22 24 25 28 29 30 32 34 36 38 41 42 43 44 45 46 48 49 50 52 54 55 57 60 
active=36: 1 2 3 4 5 7 8 9 11 14 16 20 21 22 24 25 29 30 32 34 36 38 41 42 43 44 45 46 48 49 50 52 54 55 57 60 
active=35: 1 2 3 4 5 7 8 9 11 14 16 20 21 22 24 25 29 30 34 36 38 41 42 43 44 45 46 48 49 50 52 54 55 57 60 
active=34: 1 2 3 4 5 7 8 9 11 14 16 20 21 22 24 25 29 30 34 36 38 41 42 43 44 46 48 49 50 52 54 55 57 60 
active=33: 1 2 3 4 5 7 8 9 11 16 20 21 22 24 25 29 30 34 36 38 41 42 43 44 46 48 49 50 52 54 55 57 60 
active=32: 1 2 3 4 5 7 8 9 16 20 21 22 24 25 29 30 34 36 38 41 42 43 44 46 48 49 50 52 54 55 57 60 
active=31: 1 2 3 4 5 7 8 9 16 20 21 22 24 25 29 30 34 36 38 41 42 43 44 46 49 50 52 54 55 57 60 
active=30: 1 2 3 4 5 7 8 9 16 20 21 22 24 29 30 34 36 38 41 42 43 44 46 49 50 52 54 55 57 60 
active=29: 1 2 3 4 5 7 8 9 16 20 21 22 24 29 30 34 36 38 41 42 43 44 46 50 52 54 55 57 60 
active=28: 1 2 3 4 5 7 8 9 16 20 21 22 24 29 30 34 36 38 41 42 44 46 50 52 54 55 57 60 
active=27: 1 2 3 4 5 7 8 9 16 20 21 22 24 29 30 34 36 38 41 42 44 46 52 54 55 57 60 
active=26: 1 2 3 4 5 7 8 9 16 20 21 22 24 29 30 34 36 38 41 42 46 52 54 55 57 60 
active=25: 1 2 3 4 5 7 8 9 16 20 21 22 24 29 30 34 38 41 42 46 52 54 55 57 60 
active=24: 1 2 3 4 5 7 8 9 16 20 21 22 29 30 34 38 41 42 46 52 54 55 57 60 
active=23: 1 2 3 4 5 7 8 9 16 20 21 22 29 30 34 38 41 42 46 52 55 57 60 
active=22: 1 2 3 4 5 7 8 9 16 20 21 22 29 30 34 38 41 42 46 52 55 57 
active=21: 1 2 3 4 5 7 8 9 16 20 21 22 29 30 34 38 41 42 52 55 57 
active=20: 2 3 4 5 7 8 9 16 20 21 22 29 30 34 38 41 42 52 55 57 
active=19: 2 3 4 5 7 8 9 16 20 21 22 29 30 34 41 42 52 55 57 
active=18: 2 3 4 7 8 9 16 20 21 22 29 30 34 41 42 52 55 57 
active=17: 2 3 4 7 8 9 16 20 21 22 29 30 34 42 52 55 57 
active=16: 2 3 4 7 8 9 16 20 21 22 29 30 34 42 52 55 
active=15: 2 3 4 7 8 9 16 20 21 22 29 30 34 42 55 
active=14: 2 3 4 7 8 9 16 20 21 22 29 30 34 42 
active=13: 2 3 4 7 8 9 16 20 22 29 30 34 42 
active=12: 2 3 4 8 9 16 20 22 29 30 34 42 
active=11: 3 4 8 9 16 20 22 29 30 34 42 
active=10: 3 4 8 9 16 20 22 29 30 34 
active=9: 3 4 8 9 20 22 29 30 34 
active=8: 4 8 9 20 22 29 30 34 
active=7: 4 8 9 22 29 30 34 
active=6: 8 9 22 29 30 34 
active=5: 8 9 29 30 34 
active=4: 8 29 30 34 
active=3: 8 30 34 
active=2: 8 30 
active=1: 30 
