0.000000 0.480000 0.520000
1.000000 0.675000 0.679400
2.000000 0.672000 0.705600
3.000000 0.798400 0.833000
4.000000 0.777600 0.835800
5.000000 0.769400 0.816800
6.000000 0.784200 0.840200
7.000000 0.810200 0.863600
8.000000 0.800600 0.862800
9.000000 0.827200 0.879400
10.000000 0.819400 0.881000
11.000000 0.836000 0.896800
12.000000 0.822000 0.904800
13.000000 0.835600 0.917800
14.000000 0.846000 0.916600
15.000000 0.838400 0.926600
16.000000 0.841200 0.932800
17.000000 0.839400 0.942000
18.000000 0.830200 0.944200
19.000000 0.835600 0.953800
20.000000 0.825200 0.953400
21.000000 0.822600 0.956200
22.000000 0.835400 0.972800
23.000000 0.849000 0.976200
24.000000 0.834000 0.974400
25.000000 0.830200 0.979000
26.000000 0.828600 0.981600
27.000000 0.828000 0.982400
28.000000 0.813600 0.980800
29.000000 0.807000 0.980200
30.000000 0.819000 0.981200
31.000000 0.806800 0.980000
32.000000 0.813800 0.981400
33.000000 0.803800 0.981800
34.000000 0.799400 0.982200
35.000000 0.796200 0.984800
36.000000 0.792400 0.985200
37.000000 0.782800 0.986400
38.000000 0.776800 0.986800
39.000000 0.778000 0.988600
40.000000 0.782200 0.985200
41.000000 0.772800 0.986200
42.000000 0.766000 0.988000
43.000000 0.764600 0.989800
44.000000 0.771200 0.989000
45.000000 0.756600 0.992200
46.000000 0.752000 0.990400
47.000000 0.734800 0.990600
48.000000 0.731600 0.992000
49.000000 0.736200 0.994400
50.000000 0.741600 0.993000
51.000000 0.737000 0.993600
52.000000 0.724400 0.994600
53.000000 0.722600 0.994200
54.000000 0.711000 0.995000
55.000000 0.700800 0.997000
56.000000 0.707800 0.997000
57.000000 0.697400 0.997200
58.000000 0.704600 0.997400
59.000000 0.690600 0.998000
60.000000 0.681000 0.998400
