1 0.051736787234 0.864501776544
2 -0.010755567010 1.053520714115
3 0.221533275510 1.005490583392
4 -0.041953936170 0.934189510961
5 0.192991387755 0.988415525335
6 0.107603447917 1.025017530079
7 -0.086228319149 1.115742773963
8 0.130782741935 0.995890244673
9 -0.078354092784 1.161699088729
10 0.124549739130 0.875751545480
11 0.109549858696 0.844663373940
12 0.063040021277 0.943018343475
13 0.158775447917 0.899866622591
14 -0.006620295918 0.882451080684
15 -0.077070842105 0.986743097115
16 -0.013628528736 0.952922852868
17 -0.150505793814 0.916409619564
18 0.022345206522 1.132082314851
19 -0.090137247312 1.032872619696
20 -0.069633659794 0.902469576995
21 -0.293066684211 1.033474982017
22 0.068194372340 0.948566261638
23 0.029535645161 1.022259796640
24 -0.025976800000 1.059653663395
25 -0.130066695652 0.984705543891
26 -0.055451688889 0.962923669923
27 0.033650906250 0.911096767785
28 0.124337979167 0.979135187004
29 -0.029792978495 1.006655821704
30 0.139637915789 1.079392323996
31 -0.173956364583 0.990376870528
32 -0.054090947917 1.054133876292
33 -0.031243638298 0.935617821106
34 0.031254489796 0.962891609325
35 -0.018966072165 0.974152104119
36 -0.017039567010 0.988762499491
37 -0.055127319588 0.957396086244
38 -0.159409583333 0.998412220911
39 0.010276711340 0.958446324762
40 0.093459747368 1.042946563002
41 0.007320336735 0.831248200034
42 0.173090329670 1.055428505524
43 0.116721189474 0.992818431214
44 0.024358483146 1.075888669810
45 -0.086581663043 1.042647203440
46 -0.044936978723 0.854176810795
47 0.006971595745 0.940110378585
48 0.146628021739 0.988660041158
49 0.036005957895 1.003044883507
50 -0.058573978261 0.938062814271
51 -0.140800702128 0.959299994848
52 -0.032278715789 1.075440593098
53 0.068102054945 0.956576973185
54 -0.008379989474 1.068354613910
55 -0.010681521739 1.045267786549
56 0.116966819149 1.061366290918
57 0.191934043478 1.081584902664
58 0.055138204301 0.925749075294
59 -0.088130736842 0.867481392973
60 -0.146396632653 0.991189385140
61 0.100611593750 0.983720453901
62 0.034247189474 0.935876435014
63 -0.094729074468 0.965692776990
64 0.122497074468 0.931070145892
65 -0.056598567010 0.948511319803
66 0.077130191489 0.997192341793
67 0.030837836735 1.059069658773
68 0.064226200000 0.898491201906
69 0.021657510638 1.087412374582
70 -0.070783968750 0.939964910167
71 -0.168714367347 1.006270264359
72 0.088019400000 0.939072143970
73 -0.081488739130 0.919662836095
74 -0.021958164835 1.019152471636
75 0.115540818182 1.080561609967
76 -0.082920351064 1.175400688574
77 -0.000557278351 0.969950160903
78 -0.057937123711 1.015745186843
79 -0.018609536842 0.966951009496
80 0.018715305263 0.917355800571
81 0.078266628866 1.052858318399
82 0.113552816327 1.004621145201
83 -0.104281204301 1.073552490390
84 0.024591357895 1.021012731742
85 -0.078560577320 0.924665144691
86 -0.023881510638 1.054846454413
87 -0.017264968085 0.992444574958
88 -0.015080462366 0.983903217001
89 0.235338115789 1.018259118018
90 0.042206967033 1.043546559287
91 -0.002478308511 0.921094903550
92 -0.057069290323 1.055359276914
93 -0.028305231579 0.999522632999
94 0.059544084211 0.907188486682
95 -0.119827885417 0.914544639231
96 0.008154421053 1.032379636844
97 0.040613663265 0.897796653317
98 0.149101814433 1.025982702899
99 -0.006169343750 0.982398038715
100 -0.045894473684 1.022928173440
