1 -0.008471886598 0.968534098693
2 -0.058832406250 0.961784572784
3 0.017769979381 0.913732188670
4 0.017335413043 1.171883492511
5 0.261975382979 0.998303421226
6 -0.032159197917 1.039678489635
7 -0.008057638298 0.997751556829
8 -0.034293521277 0.902923732391
9 -0.009268666667 0.956508740544
10 -0.117190315789 0.988555615361
11 -0.166734542553 0.978763302496
12 0.109120918367 0.915916800458
13 -0.051660375000 0.976064799091
14 0.023450520833 0.961674064863
15 0.131399443299 0.990866795192
16 -0.083622316327 1.031055667289
17 0.039694938144 1.041403980727
18 -0.081245842105 0.993190819771
19 0.140316421053 1.053215986898
20 -0.192970387755 0.963354403516
