0.000000 0.494505 0.505495
1.000000 0.650604 0.659121
2.000000 0.677582 0.684341
3.000000 0.709066 0.717802
4.000000 0.699780 0.721374
5.000000 0.703736 0.713352
6.000000 0.717527 0.727253
7.000000 0.735769 0.752143
8.000000 0.746429 0.768956
9.000000 0.754780 0.787363
10.000000 0.758516 0.793516
11.000000 0.759176 0.792637
12.000000 0.753516 0.798022
13.000000 0.751044 0.795000
14.000000 0.746099 0.803132
15.000000 0.749505 0.799560
16.000000 0.743791 0.803022
17.000000 0.744670 0.800769
18.000000 0.736429 0.803956
19.000000 0.742033 0.804505
20.000000 0.730824 0.807418
