active=60: 1 2 3 4 5 6 7 8 9 10 11 12 13 14 15 16 17 18 19 20 21 22 23 24 25 26 27 28 29 30 31 32 33 34 35 36 37 38 39 40 41 42 43 44 45 46 47 48 49 50 51 52 53 54 55 56 57 58 59 60 
active=59: 1 2 3 4 5 6 7 8 9 10 11 12 13 14 15 16 17 18 19 20 21 22 23 24 25 26 27 28 29 30 31 32 33 34 35 36 37 38 39 40 41 42 43 44 45 46 47 48 49 50 51 52 53 55 56 57 58 59 60 
active=58: 1 2 3 4 5 6 7 8 9 10 11 12 13 14 15 16 17 18 19 20 21 23 24 25 26 27 28 29 30 31 32 33 34 35 36 37 38 39 40 41 42 43 44 45 46 47 48 49 50 51 52 53 55 56 57 58 59 60 
active=57: 1 2 3 4 5 6 7 8 9 10 11 12 13 14 15 16 17 18 19 20 21 23 24 25 26 27 28 29 30 31 32 34 35 36 37 38 39 40 41 42 43 44 45 46 47 48 49 50 51 52 53 55 56 57 58 59 60 
active=56: 1 2 3 4 5 6 7 8 9 10 11 12 13 14 15 16 17 18 19 20 21 24 25 26 27 28 29 30 31 32 34 35 36 37 38 39 40 41 42 43 44 45 46 47 48 49 50 51 52 53 55 56 57 58 59 60 
active=55: 1 2 3 4 5 6 7 8 9 10 11 12 13 14 15 16 17 18 19 20 21 24 25 26 27 28 29 30 31 32 34 35 36 37 38 39 40 41 42 43 45 46 47 48 49 50 51 52 53 55 56 57 58 59 60 
active=54: 1 2 3 4 5 6 7 8 9 10 11 12 13 14 15 16 17 18 19 20 21 24 25 26 27 28 29 30 32 34 35 36 37 38 39 40 41 42 43 45 46 47 48 49 50 51 52 53 55 56 57 58 59 60 
active=53: 1 2 3 4 5 6 7 8 9 10 11 12 13 14 15 16 17 18 19 20 21 24 25 26 27 28 29 30 32 34 35 36 37 38 39 40 41 42 43 45 46 47 48 50 51 52 53 55 56 57 58 59 60 
active=52: 1 2 3 4 5 6 7 8 9 10 11 12 13 14 15 16 17 18 19 20 21 24 25 26 27 28 29 30 32 34 35 36 37 38 39 40 41 42 43 45 46 47 48 50 52 53 55 56 57 58 59 60 
active=51: 1 2 3 4 5 6 7 8 9 10 11 12 13 14 15 16 17 18 19 20 21 24 25 26 27 28 29 30 32 35 36 37 38 39 40 41 42 43 45 46 47 48 50 52 53 55 56 57 58 59 60 
active=50: 1 2 3 4 6 7 8 9 10 11 12 13 14 15 16 17 18 19 20 21 24 25 26 27 28 29 30 32 35 36 37 38 39 40 41 42 43 45 46 47 48 50 52 53 55 56 57 58 59 60 
active=49: 1 2 3 4 6 7 8 9 10 11 12 13 14 15 16 17 18 19 20 21 24 25 26 27 28 29 30 32 35 36 37 38 39 40 41 43 45 46 47 48 50 52 53 55 56 57 58 59 60 
active=48: 1 2 3 4 6 7 8 9 10 11 12 13 14 15 16 17 18 19 20 21 24 26 27 28 29 30 32 35 36 37 38 39 40 41 43 45 46 47 48 50 52 53 55 56 57 58 59 60 
active=47: 1 2 3 4 6 7 8 9 11 12 13 14 15 16 17 18 19 20 21 24 26 27 28 29 30 32 35 36 37 38 39 40 41 43 45 46 47 48 50 52 53 55 56 57 58 59 60 
active=46: 1 2 3 4 6 7 8 9 11 12 13 14 15 16 17 18 19 20 21 26 27 28 29 30 32 35 36 37 38 39 40 41 43 45 46 47 48 50 52 53 55 56 57 58 59 60 
active=45: 1 2 3 4 6 7 8 9 11 12 13 14 15 16 17 18 19 20 21 26 27 28 29 30 32 35 36 37 38 39 40 41 43 45 46 47 50 52 53 55 56 57 58 59 60 
active=44: 1 2 3 4 6 7 8 9 11 12 13 14 15 16 17 18 19 20 21 26 27 28 29 30 32 35 36 37 38 39 40 41 45 46 47 50 52 53 55 56 57 58 59 60 
active=43: 1 2 3 4 6 7 8 9 11 12 13 14 15 16 17 18 19 20 26 27 28 29 30 32 35 36 37 38 39 40 41 45 46 47 50 52 53 55 56 57 58 59 60 
active=42: 1 2 3 4 6 7 8 9 11 12 13 14 15 16 17 18 19 20 26 27 28 29 30 32 35 36 37 38 40 41 45 46 47 50 52 53 55 56 57 58 59 60 
active=41: 1 2 3 4 6 7 8 9 11 12 13 14 15 16 17 18 19 20 26 27 28 30 32 35 36 37 38 40 41 45 46 47 50 52 53 55 56 57 58 59 60 
active=40: 1 2 3 4 6 7 8 9 11 12 13 14 15 16 17 18 19 20 26 28 30 32 35 36 37 38 40 41 45 46 47 50 52 53 55 56 57 58 59 60 
active=39: 1 2 3 4 6 7 8 9 11 12 13 14 15 16 17 18 19 20 26 28 30 32 35 36 37 38 40 41 45 46 47 50 52 53 56 57 58 59 60 
active=38: 1 2 3 4 6 7 8 9 11 12 13 14 15 16 17 18 19 20 26 28 30 32 35 36 37 38 40 41 45 46 47 50 52 53 56 58 59 60 
active=37: 1 2 3 4 6 7 8 9 11 12 13 14 15 16 17 18 19 20 26 28 30 32 35 36 37 38 41 45 46 47 50 52 53 56 58 59 60 
active=36: 1 2 3 4 6 7 8 9 11 12 13 14 15 16 17 18 19 20 26 30 32 35 36 37 38 41 45 46 47 50 52 53 56 58 59 60 
active=35: 1 2 3 4 6 7 8 9 11 12 13 14 15 16 17 18 19 20 26 30 32 35 36 37 38 41 45 46 47 50 52 53 56 58 60 
active=34: 1 2 3 4 6 7 8 9 11 12 13 14 15 16 17 18 19 20 26 30 35 36 37 38 41 45 46 47 50 52 53 56 58 60 
active=33: 1 2 3 4 6 7 9 11 12 13 14 15 16 17 18 19 20 26 30 35 36 37 38 41 45 46 47 50 52 53 56 58 60 
active=32: 1 2 3 4 6 7 9 11 12 13 14 15 16 17 18 19 20 26 30 35 36 37 38 41 45 46 47 50 53 56 58 60 
active=31: 1 2 3 4 6 7 9 11 12 14 15 16 17 18 19 20 26 30 35 36 37 38 41 45 46 47 50 53 56 58 60 
active=30: 1 2 3 4 6 7 9 11 12 14 15 16 17 18 19 20 26 30 35 36 37 38 41 45 46 50 53 56 58 60 
active=29: 1 2 3 4 6 7 9 11 12 14 15 16 17 18 19 20 26 30 35 36 37 38 41 45 46 50 53 58 60 
active=28: 1 2 3 4 6 7 9 12 14 15 16 17 18 19 20 26 30 35 36 37 38 41 45 46 50 53 58 60 
active=27: 2 3 4 6 7 9 12 14 15 16 17 18 19 20 26 30 35 36 37 38 41 45 46 50 53 58 60 
active=26: 2 3 4 6 7 9 12 14 15 16 17 18 19 20 26 30 35 36 37 38 41 45 46 50 58 60 
active=25: 2 3 4 6 7 9 12 14 15 16 17 18 19 20 26 30 35 36 37 38 41 45 46 50 60 
active=24: 2 3 4 6 7 9 12 14 15 16 17 18 19 20 26 30 35 36 37 38 41 45 46 50 
active=23: 2 3 4 6 7 9 12 15 16 17 18 19 20 26 30 35 36 37 38 41 45 46 50 
active=22: 2 3 4 6 9 12 15 16 17 18 19 20 26 30 35 36 37 38 41 45 46 50 
active=21: 2 3 4 6 9 12 15 16 17 18 19 20 26 35 36 37 38 41 45 46 50 
active=20: 2 3 4 6 9 12 15 16 18 19 20 26 35 36 37 38 41 45 46 50 
active=19: 2 3 4 6 12 15 16 18 19 20 26 35 36 37 38 41 45 46 50 
active=18: 2 3 4 6 12 15 16 18 19 20 26 35 36 38 41 45 46 50 
active=17: 2 3 4 6 12 15 16 18 19 26 35 36 38 41 45 46 50 
active=16: 2 3 4 6 12 15 16 18 19 26 35 36 41 45 46 50 
active=15: 2 3 4 6 12 15 16 18 19 26 36 41 45 46 50 
active=14: 2 3 4 6 12 15 16 18 19 36 41 45 46 50 
active=13: 2 3 4 6 12 15 16 18 19 36 41 45 46 
active=12: 2 3 4 6 12 15 16 18 19 41 45 46 
active=11: 2 3 4 6 12 15 16 18 19 41 46 
active=10: 2 3 4 6 15 16 18 19 41 46 
active=9: 2 3 6 15 16 18 19 41 46 
active=8: 2 3 6 16 18 19 41 46 
active=7: 2 3 6 16 19 41 46 
active=6: 2 3 16 19 41 46 
active=5: 2 3 16 19 46 
active=4: 2 3 19 46 
active=3: 2 3 19 
active=2: 3 19 
active=1: 19 
