0.000000 0.500000
1.000000 0.634643
2.000000 0.694048
3.000000 0.712738
4.000000 0.733333
5.000000 0.814524
6.000000 0.811310
7.000000 0.815238
8.000000 0.822381
9.000000 0.822500
10.000000 0.823690
11.000000 0.812976
12.000000 0.809524
13.000000 0.807738
14.000000 0.816310
15.000000 0.812024
16.000000 0.816905
17.000000 0.817857
18.000000 0.819167
19.000000 0.828214
20.000000 0.828690
21.000000 0.830714
22.000000 0.827024
23.000000 0.820595
24.000000 0.824048
25.000000 0.823929
26.000000 0.822500
27.000000 0.822262
28.000000 0.825119
29.000000 0.823452
30.000000 0.827500
31.000000 0.823929
32.000000 0.824048
33.000000 0.820595
34.000000 0.813214
35.000000 0.824524
36.000000 0.812381
37.000000 0.820476
38.000000 0.822262
39.000000 0.823929
40.000000 0.817500
41.000000 0.816190
42.000000 0.812619
43.000000 0.803333
44.000000 0.810714
45.000000 0.803690
46.000000 0.789643
47.000000 0.797976
48.000000 0.796071
49.000000 0.789524
50.000000 0.796548
51.000000 0.783095
52.000000 0.770238
53.000000 0.782738
54.000000 0.770000
55.000000 0.772976
56.000000 0.762857
57.000000 0.766071
58.000000 0.758095
59.000000 0.746429
60.000000 0.753214
