0.000000 0.500000 0.500000
1.000000 0.634643 0.641310
2.000000 0.694048 0.718333
3.000000 0.712738 0.741667
4.000000 0.733333 0.775833
5.000000 0.814524 0.848571
6.000000 0.811310 0.849643
7.000000 0.815238 0.864524
8.000000 0.822381 0.872262
9.000000 0.822500 0.876905
10.000000 0.823690 0.877024
11.000000 0.812976 0.879881
12.000000 0.809524 0.874762
13.000000 0.807738 0.881786
14.000000 0.816310 0.891071
15.000000 0.812024 0.891310
16.000000 0.816905 0.901667
17.000000 0.817857 0.910000
18.000000 0.819167 0.919643
19.000000 0.828214 0.921429
20.000000 0.828690 0.932976
21.000000 0.830714 0.943690
22.000000 0.827024 0.950952
23.000000 0.820595 0.943095
24.000000 0.824048 0.958214
25.000000 0.823929 0.953810
26.000000 0.822500 0.954405
27.000000 0.822262 0.957143
28.000000 0.825119 0.956429
29.000000 0.823452 0.958810
30.000000 0.827500 0.961310
31.000000 0.823929 0.966429
32.000000 0.824048 0.961190
33.000000 0.820595 0.960714
34.000000 0.813214 0.968095
35.000000 0.824524 0.966905
36.000000 0.812381 0.967143
37.000000 0.820476 0.964762
38.000000 0.822262 0.970238
39.000000 0.823929 0.974643
40.000000 0.817500 0.970000
41.000000 0.816190 0.969643
42.000000 0.812619 0.973929
43.000000 0.803333 0.975000
44.000000 0.810714 0.974167
45.000000 0.803690 0.974405
46.000000 0.789643 0.974048
47.000000 0.797976 0.974524
48.000000 0.796071 0.974643
49.000000 0.789524 0.975714
50.000000 0.796548 0.975119
51.000000 0.783095 0.976548
52.000000 0.770238 0.975476
53.000000 0.782738 0.977143
54.000000 0.770000 0.976905
55.000000 0.772976 0.976548
56.000000 0.762857 0.977619
57.000000 0.766071 0.977976
58.000000 0.758095 0.977024
59.000000 0.746429 0.977619
60.000000 0.753214 0.976310
