N=50
P=60
R=2
1 2.406712 -2.192538 0.134455 -1.087578 0.739033 0.563323 0.773824 -0.127625 0.735376 -0.504646 -1.629004 -2.038839 -1.227470 -1.807318 0.656323 -1.309177 1.745068 0.105376 -0.538283 0.330131 NA 0.255706 0.773095 0.335759 0.871718 0.660525 -1.112850 -0.575516 NA -0.926841 0.197242 -0.266208 -0.661688 0.335424 -0.368682 -0.034902 1.038696 0.671839 -0.953656 -1.007404 2.936035 -0.714013 0.915675 -0.433508 -1.170696 -1.995359 1.465268 1.290577 0.271362 NA -0.258768 0.096307 -0.023307 0.993284 -1.019961 -0.181243 -1.699456 0.129482 -0.506251 -0.188964 3.483610 1.000000
2 -0.323271 0.399792 0.783271 NA 0.515498 0.041072 -0.436123 -0.406483 0.076128 -1.168292 -0.835373 -1.231402 0.312531 0.145112 -1.152764 -0.299379 -0.110916 0.407520 0.425846 1.255986 1.593985 1.819311 0.248559 0.499390 0.406173 -0.486503 1.461993 NA 0.672214 -0.512155 0.636361 -0.844079 -0.028148 1.284550 0.920532 -0.590065 0.521873 -0.269260 -1.047706 0.558970 1.473982 -1.141851 -1.956218 0.226461 -0.407972 -0.287804 0.084671 1.380075 0.582474 0.352481 1.708249 -0.655405 -0.661899 -0.234768 -2.028506 -0.309081 -0.596560 -1.636128 -0.932594 -0.392601 0.380815 1.000000
3 0.423299 0.176103 0.349846 -0.701839 -1.301072 0.962567 -0.033266 -0.536037 1.075390 -0.151305 -0.457317 0.177533 1.049883 0.607182 NA 2.143575 -1.116091 1.782933 1.189380 0.734932 0.971131 0.433809 0.279663 -0.087957 0.536316 0.659766 1.397013 -0.186099 1.033476 1.840288 -1.783275 1.901373 1.198864 -0.174383 0.520564 0.659565 -0.951693 -0.389497 0.249752 -1.124957 0.450017 0.358931 -0.115980 -0.069826 0.316992 -0.792055 -0.169465 -0.723785 -1.104383 1.777169 -0.486079 0.214641 0.752151 -1.131071 -0.319522 0.531949 -0.492328 -0.279149 0.198184 -0.098018 1.760099 1.000000
4 0.763802 0.961590 NA -0.061981 -0.374006 -0.140408 -1.721501 0.878443 1.421788 -0.624548 -1.107730 -0.466902 1.113298 NA 0.085046 1.806041 -0.372083 1.163658 -1.548982 0.023652 -1.196543 0.608132 1.591288 0.256939 1.592227 0.941083 -1.589746 -0.641911 0.849687 -0.455495 NA -1.055428 -0.070909 0.233768 -2.385065 -1.186217 1.887850 1.708969 0.149244 1.141472 -0.059524 -0.725598 0.190176 -1.477583 0.689625 0.706293 NA 0.138187 0.559701 -0.264948 -0.160379 0.995146 -1.488994 -0.376963 0.744381 -1.653883 -0.465979 0.849976 0.501166 1.529984 4.720087 1.000000
5 1.557526 0.059684 0.617508 -0.129727 0.089157 NA -0.488431 0.994225 0.496181 0.824692 0.453543 -0.335984 1.449086 -0.018345 -0.060830 2.101541 0.707658 -0.356596 -0.155730 -1.079919 1.294852 1.908151 1.282265 -0.340992 -0.372687 0.213407 1.166526 0.513451 -0.219528 0.731217 -0.238715 -1.218355 NA 2.154458 -0.764929 0.865687 -0.381008 -1.231945 0.073714 -2.042518 0.297987 0.505790 1.512125 0.099894 -1.621699 -1.245017 -0.586850 -0.628537 -0.385620 1.710144 -1.289848 1.227321 -0.708209 -0.086000 0.658588 0.763490 -0.603262 0.230134 0.519544 -0.301065 8.657538 1.000000
6 -0.001503 1.772576 -0.993834 0.321988 -1.951841 1.461909 1.356694 1.052772 1.742901 -1.205419 -0.520437 -0.584994 1.253994 0.274657 1.336187 0.690291 NA 0.713940 -0.541121 0.023327 -2.843945 1.446825 -1.740519 0.759629 2.136380 -1.644946 -1.133520 -0.830023 -0.580613 -0.674210 1.843481 1.511140 NA -0.338217 0.199449 -0.537325 1.707452 -0.467120 1.686335 -0.308800 -0.222040 1.768053 0.946067 -0.328476 2.049409 -1.314523 1.785544 -0.229979 -0.370070 -0.137912 0.007119 0.448146 0.361205 0.484898 0.751645 0.739483 -1.285607 -2.373452 0.617908 0.076900 4.050587 1.000000
7 -0.708949 0.032438 -1.043275 0.789013 -0.585633 0.430925 -0.796788 NA 0.428099 -0.376589 1.108671 0.307687 -0.557523 0.216335 0.875150 1.295328 1.832256 NA -0.823794 -0.086234 -0.547821 0.148247 -0.374839 -0.228595 0.238952 0.182392 -0.541201 1.429317 -0.468535 NA -1.945011 1.583308 0.608547 0.691073 -0.618764 0.165280 -0.645642 0.158562 -0.609359 1.232307 0.405487 -0.699691 -0.975924 -2.222536 1.095562 -0.907572 -1.647679 -2.077405 -0.633835 -0.145383 -0.876409 -0.393822 -0.568641 1.184856 -1.075766 0.882864 -0.761947 1.788689 0.123335 1.422166 4.412574 1.000000
8 -1.185921 -0.489825 -0.616363 -2.224059 1.838820 -0.707713 0.996611 -0.821408 0.199002 -1.350856 -1.863246 0.285940 -0.343025 2.269168 0.860412 -0.087144 -1.748189 -1.256509 0.957674 0.225104 -1.237534 0.007766 1.143549 -0.106102 1.234078 -1.503787 0.173548 -0.157974 0.436485 NA -1.163029 0.826843 -0.556362 -0.347839 0.992517 0.850848 -0.550296 0.360489 0.552344 0.791609 1.197718 -1.080522 0.448298 1.223553 0.766631 -1.613616 -0.948590 1.481930 -1.074033 0.547095 -0.099104 -1.015821 -1.074973 -0.060539 -1.523460 1.624245 -0.945234 0.574087 -2.537987 -0.142625 8.360991 1.000000
9 -0.502270 -1.033083 -0.356877 0.690765 NA -0.071918 -0.591322 -0.425813 0.846465 -1.005136 -0.635949 -0.225781 -1.208183 1.236511 0.449220 0.724210 -0.271877 -1.048811 1.908133 -1.986812 -0.628838 1.605788 -1.381791 -0.142872 0.910609 1.629721 0.769135 -0.465697 -1.104574 -0.628447 -1.457652 -1.108749 NA -0.537939 0.455999 NA NA -0.653601 0.176776 -0.881219 -0.539547 1.136036 -0.800651 -0.240176 0.332736 NA -0.201035 -0.485896 -1.455555 1.339987 0.006630 0.813671 0.774102 -0.689836 -0.256011 0.801233 -0.267861 0.093514 0.962087 NA 9.056118 1.000000
10 -1.912687 -0.011702 2.533873 -0.676054 0.120506 1.352741 0.313830 0.121288 -0.640740 0.185696 0.416386 -0.029088 -0.437333 1.662194 -3.080196 -0.234413 -0.078436 1.298771 -0.543980 -0.100472 -0.142742 0.730706 0.725560 -0.230524 0.412573 -0.124260 1.122726 -0.917156 1.270622 -1.428672 -0.316798 1.745718 -0.420877 0.014399 -0.527583 1.628141 0.220491 1.381877 1.091636 -1.799293 0.860921 NA -0.735392 0.128730 0.399044 NA 0.683673 -1.727782 NA 1.247889 -0.321473 NA -0.006531 -0.769678 0.211966 0.558104 -0.871532 0.948179 -0.066132 0.024697 0.310685 1.000000
11 0.858837 0.427046 0.365023 -0.621327 0.082233 -0.239132 1.181466 0.568140 -1.013404 0.422554 0.740249 -1.609973 -0.559148 -0.789876 0.509959 1.164538 -0.909054 -0.483929 0.195714 0.378296 -1.887682 -0.247758 0.973166 0.367399 -1.680571 0.229599 -1.066209 0.052201 -1.900438 NA 1.314335 NA -1.484019 -1.181153 -0.100602 1.067509 0.675626 0.995333 -1.603890 -1.740226 0.261978 -0.019520 1.255413 0.150438 1.018199 -0.498159 -0.919397 0.681996 -0.621380 0.989920 0.365242 -0.756118 0.968549 -0.210282 -0.439176 -1.925324 -0.144625 1.545848 -1.493895 -0.397679 0.207102 1.000000
12 0.979279 2.493590 0.024263 0.490858 -0.737488 0.265437 0.707108 0.311908 -0.431986 0.329972 0.073260 -0.116968 0.577674 -0.770870 -0.332625 NA -2.321925 -1.892499 NA 0.419955 1.236620 -1.590484 1.880604 0.962812 NA -1.392943 1.012410 1.701723 NA 0.690026 1.572350 2.858314 -0.033801 -1.249741 0.160905 -0.096717 0.487512 0.274862 0.920463 0.476975 1.233005 -0.824871 0.265872 0.374145 0.499447 0.380547 0.276806 0.116854 1.393039 -1.077748 1.489000 1.273872 0.795162 0.268422 1.096377 -1.328381 0.598518 0.685145 -0.613079 0.734840 1.927922 1.000000
13 1.815413 0.555440 NA 0.968930 -0.017709 0.824294 0.261900 -0.744253 -0.862292 -0.492087 0.699392 0.776031 -0.137350 0.223336 -1.312109 -0.212487 -1.040071 -2.245725 0.255760 -0.506895 -1.925966 0.535394 -0.984306 -0.600260 -0.659086 1.042899 -2.351004 0.690463 0.723337 -2.208314 0.775876 0.764905 NA 2.029941 -0.438842 0.038863 -0.217191 -0.629589 1.184021 -2.144773 0.933816 1.891563 -1.073540 1.427193 0.473105 -1.220519 1.034524 -0.311678 -1.893615 -0.360682 -0.197372 1.203299 0.448300 -0.128899 -0.470292 -1.589352 -0.960358 -1.312976 -0.167263 -0.879224 0.214968 1.000000
14 0.425062 1.067143 -1.677109 -0.141384 NA -1.156831 0.562909 -0.778157 0.358625 -0.377065 1.004202 0.463041 0.681771 0.919631 1.444576 -0.440385 -0.054041 0.893984 1.346136 0.319947 -0.338515 0.829770 -1.340959 0.750453 0.212673 -0.365694 0.469188 0.005459 0.089479 0.624474 NA -0.419026 1.027190 0.105996 0.938200 -0.313032 -0.338878 -0.267691 0.087563 -0.654377 0.257881 -1.640338 -0.142082 0.496532 0.027775 0.218753 0.969460 -0.216831 0.076784 0.729736 -1.012711 -1.652337 -0.546631 -0.375524 -0.781722 -1.156116 0.484296 0.302797 0.587393 0.223194 0.507777 1.000000
15 -0.399129 -3.170059 1.107439 -1.261504 -1.267741 -0.769514 -0.306972 -0.614081 -0.126782 -0.150956 -1.000332 0.110574 -0.183410 1.897421 0.084223 0.311925 1.377985 0.060677 0.271620 0.618290 -0.653454 2.347298 -0.860475 1.640519 0.084402 0.204082 -0.351605 0.876355 -1.268668 -2.136025 0.000389 -1.925645 -0.325957 -0.032249 -0.621219 0.018921 -0.182491 0.741832 1.599568 1.045050 -0.434244 NA -0.781165 -0.366794 -1.933283 -0.338963 -0.677710 NA -0.493133 -1.076753 1.451962 0.458693 0.678613 -1.074196 -1.577333 0.378381 -0.118905 -0.493770 0.172698 NA 18.506974 1.000000
16 0.162119 0.056939 0.136967 -0.765396 0.584650 -1.151398 -1.236686 -2.244565 0.152248 -0.125702 -0.202773 -1.514692 1.368521 -2.357881 -0.817107 -0.046952 2.465690 1.903633 0.149926 -0.302233 0.760911 -0.484460 -0.426359 0.363932 -0.464388 0.606854 0.741021 1.646430 0.597649 0.057453 0.042723 0.461486 -0.637137 0.544774 0.300066 -0.421269 -1.278446 2.408738 -1.458216 0.781926 -0.428561 -0.931814 0.002379 -0.593871 -0.264567 0.789886 -0.430280 -1.202633 -0.928159 -1.664495 NA -1.060578 0.338942 0.824372 0.464834 1.177920 1.171231 1.847196 0.602696 0.021011 1.053880 1.000000
17 -2.106286 0.898768 0.354829 NA 0.184699 -1.334059 1.007156 0.427910 0.700705 0.528359 -2.135071 -1.148580 0.461235 0.141791 -1.210391 0.194170 0.173610 0.154739 NA 0.755033 -0.693048 0.156135 -0.280691 0.295181 NA 0.900782 0.400568 0.309470 1.381152 0.706869 -1.713022 NA 1.438375 0.565910 1.248941 0.684754 -0.245425 -0.090963 -0.719300 0.804565 1.598977 2.526353 0.223130 1.075485 0.245500 1.326116 -0.838210 0.013999 -0.800786 NA 1.201911 2.385127 -1.789998 1.059334 1.600838 0.753310 0.537924 -0.897369 NA -1.763109 3.053732 1.000000
18 0.760513 NA 1.275664 -0.395124 0.483176 -0.460506 NA -1.716828 2.451867 -1.629517 0.353371 -1.235075 0.560424 0.446582 0.523152 -1.051022 -0.349934 0.154275 2.271421 0.758981 NA 0.082385 1.273294 -1.436781 -0.223838 0.183351 0.564590 0.884657 0.436588 0.551055 -1.192171 -1.029010 0.009688 -0.394621 NA 1.816225 0.795353 -0.390467 2.532655 NA -0.391289 1.465917 -0.132986 -1.258899 -0.087689 0.509825 1.040760 0.344639 1.423549 -1.188356 -0.511425 0.484360 0.844777 -0.033709 1.317576 0.250568 1.048635 1.626478 -0.300259 -1.298268 0.110188 1.000000
19 2.027398 1.229005 0.948533 -0.398299 -0.214151 1.358225 0.884844 0.601222 0.701899 -0.192923 -0.201373 0.350488 0.645509 1.760820 -0.193720 -0.240148 NA NA -0.271454 -1.156752 -0.693797 0.175497 -0.722401 -0.476494 -0.717112 -1.363120 0.013090 -0.526197 1.000423 1.050400 -0.117148 1.695208 0.480492 -0.224073 -0.303750 0.668674 NA NA 0.552768 1.034765 -1.265232 0.979277 1.233574 -0.075740 NA 0.731820 -0.076363 -0.960855 0.443215 1.113483 0.176768 -0.176782 0.328284 -2.086467 1.470189 0.416968 0.114553 -0.321483 -0.094681 0.871648 1.847311 1.000000
20 2.007046 0.241415 0.632247 -0.562398 -0.385920 NA -1.432742 -0.314174 1.120652 0.238637 0.470718 -0.910235 -0.268402 1.219274 1.602812 -0.421526 0.607604 -2.657749 0.463984 2.118278 NA NA -0.663444 NA 0.051781 1.294374 1.077737 0.605533 0.294765 0.700307 -0.262185 -1.471321 2.042386 -1.195952 0.435876 0.241259 -0.460415 0.694879 -1.381254 -1.952077 -1.515927 -0.278959 1.761928 -0.548667 -0.770537 -0.235042 2.290837 -0.415628 2.322280 0.605552 0.126272 -0.024390 -0.537826 -1.036721 NA 0.858413 0.148533 -0.344943 1.616253 -0.407499 0.115448 1.000000
21 -0.273006 -0.196225 -0.246969 1.217220 1.481099 0.009310 0.742093 0.251549 -0.053901 0.038691 -1.228068 0.375731 1.112021 1.250553 -0.136911 -0.107109 -0.762778 -1.005992 NA 1.808378 1.072052 1.319031 -1.386696 0.749268 -0.355254 0.277698 1.209322 0.295476 -1.266591 -1.173188 0.580173 -1.392850 1.034080 0.022929 -0.275153 0.193824 0.159871 -1.142145 -1.792594 -0.993707 0.922540 -1.371313 -0.113475 -0.333513 NA 1.451944 1.295001 -0.633542 -1.177163 -1.234738 -1.903056 NA -0.752354 -2.802088 -0.069188 0.515614 0.808504 0.302151 1.295883 -0.675745 0.948072 1.000000
22 0.725511 0.715199 -1.641388 -1.093851 0.251656 -0.906496 0.074667 1.672580 -0.695210 NA -0.156403 1.846434 0.056557 -0.428292 -0.767716 -0.039097 0.200547 -1.287115 0.444965 1.266783 0.114013 0.570057 -1.201922 -0.285863 -0.694096 -0.364468 -0.118066 1.107556 0.622226 -0.637251 -1.050079 -0.521546 -0.437235 -1.863646 0.167754 0.269969 1.034248 -1.130917 -1.629022 -0.761188 0.712792 0.512381 -0.591655 0.636482 1.311176 1.337350 0.094872 0.106421 -1.046399 -0.343403 0.077148 -0.479674 0.192985 0.388838 1.345043 1.028401 -0.948916 0.043236 -1.835846 -0.349120 1.965838 1.000000
23 -0.875016 -0.986903 -0.139257 -1.130527 -0.440771 -1.605558 0.801585 -0.426142 -1.229443 -0.344657 -0.073213 0.018827 -1.178483 0.568645 -0.648644 1.697581 -1.656783 0.489332 -0.995416 0.448933 -3.276682 -0.039509 0.013702 1.352383 0.280225 -0.057430 0.427971 -0.397524 -0.873299 0.530084 -1.328243 -0.254553 0.060035 -1.680700 -0.101086 -0.385637 0.781459 0.851981 1.060821 -0.494423 -0.105964 0.543842 1.078919 -0.016203 0.510613 -0.924386 1.312853 -1.480344 0.018847 -0.842773 2.446487 0.200798 1.774154 0.570300 0.692575 -0.359274 1.212459 -0.228280 0.628743 0.607114 7.423660 1.000000
24 -1.072016 -0.657550 1.051150 -0.153387 0.594880 0.196749 NA 0.446630 -0.962709 -0.337199 0.161422 0.845278 -0.170541 0.941714 -0.053493 0.824686 1.623222 0.148365 1.368976 -0.090293 NA 1.187626 0.424521 2.089170 1.516274 0.897431 0.349200 -0.427805 -0.292874 -1.668330 1.869105 0.139651 -0.917716 0.317544 1.431047 1.321933 0.787116 0.882269 -0.359515 -2.618307 -0.027719 -0.916206 0.725493 0.813694 -0.354808 -0.217624 0.801895 0.660568 -0.027816 -0.071416 0.483700 0.063571 -0.058957 2.222712 0.159455 -0.034753 -0.841983 -0.282132 0.847442 0.670741 4.558965 1.000000
25 -0.796586 1.792297 NA 0.248165 0.042290 0.348814 0.752921 0.323239 0.273458 0.155733 0.107113 0.413407 -1.464518 -0.361564 -1.060590 1.037612 -0.312916 -0.891563 0.549714 -1.651475 -0.637733 -0.083163 0.910036 0.310868 1.463865 0.755772 0.736693 NA -1.177832 -0.153737 -0.915551 -2.957605 0.902169 NA 0.705258 -0.906039 0.658203 0.185171 0.218052 1.451862 -1.924808 0.943000 0.176519 0.328244 -0.951180 -0.850625 NA -1.356697 0.618562 0.796854 -0.440779 NA 3.331413 -0.111438 2.657138 -2.384403 0.706467 -2.431076 -1.565539 0.054972 4.729679 1.000000
26 0.011691 0.634367 0.355656 -1.402460 -0.872960 -0.216422 -0.944958 -0.179454 -1.483553 -0.366053 -0.485452 NA -1.981634 -0.497987 0.738674 -1.528252 -2.965760 0.162670 -0.019253 0.134860 -2.049720 1.240387 -0.500756 -0.275361 -1.197993 -1.665619 0.471196 -0.083843 1.111896 0.835846 -0.298579 0.049622 0.235425 1.634522 0.489607 -1.205392 1.163677 -0.955573 2.039696 NA -0.737445 0.510412 -1.555454 1.104207 -1.915312 0.719394 -0.271500 2.200714 0.108786 -0.045627 -1.026793 0.746817 0.768188 0.910515 2.081028 -1.317773 -0.197962 0.642400 -0.142818 0.138773 0.860155 1.000000
27 -0.969501 -0.855861 NA 0.874102 -1.746140 0.729751 0.511802 -0.726411 -1.317145 0.854529 0.637785 1.114197 -1.203086 NA 1.478513 -0.714816 -0.379347 0.297014 -0.785186 1.298941 -1.529057 NA -1.250556 0.384623 0.477120 -0.003727 -0.153608 -1.929664 -2.128115 0.725627 -0.756383 -0.932777 -0.211410 1.282625 -0.432962 0.920629 -0.161673 0.002595 NA 1.414214 0.124705 NA -0.699969 0.859164 -1.208676 0.498507 -0.058362 -0.515239 NA -0.894756 -1.623961 1.605158 0.104742 -0.131975 -0.592862 -0.813118 0.092565 0.776477 1.543900 0.182058 20.049691 1.000000
28 0.406241 -0.361373 0.835065 1.871102 0.755172 1.203045 -2.269942 2.022840 -0.221000 1.008193 -0.734943 -1.034148 0.359263 1.256158 -0.910370 -0.542490 0.254101 -0.949973 0.323928 0.386217 0.144678 -0.606549 0.100471 1.305150 1.845814 NA -0.198938 -0.239914 0.108600 1.111732 0.264997 1.611219 1.459592 1.487198 NA -0.407085 -0.307041 0.940277 -0.694870 2.107230 0.971042 -0.759546 -1.120216 0.806173 0.639501 1.515616 1.833616 -0.384160 -0.365866 -1.215994 0.717239 -1.025262 0.028397 0.276402 1.590029 0.543585 -1.761466 -1.372198 0.576441 0.835393 0.839848 1.000000
29 NA 0.300390 NA -0.240390 NA 1.305857 -0.626890 -1.860956 2.104031 NA 0.504550 -0.857160 1.148791 NA -0.382398 -0.008858 -1.814456 0.219917 -1.170750 0.753441 0.155313 1.393908 2.105692 -0.530588 0.323821 -0.383217 1.529716 1.557702 1.413717 0.297958 0.363707 1.069827 -1.298842 -0.859668 -0.247069 -1.189495 0.139079 0.454897 -0.577493 -0.415044 -0.286428 0.825462 -0.690212 -0.751622 0.642285 -0.659448 -1.102102 0.059862 -0.264581 0.081617 -0.323967 0.825836 -0.565296 -2.298735 -0.700003 0.792380 NA 0.276434 0.497585 -0.202039 1.027063 1.000000
30 -1.095691 -0.671362 0.853488 NA 0.182788 0.224329 0.594242 1.408267 0.432796 -0.015720 -0.641810 -0.632977 0.723351 -0.092083 -0.126715 -0.280770 -0.771775 0.291863 1.237782 NA -1.673719 -0.423962 -0.186626 -1.724193 0.354116 1.166997 0.376182 0.166410 -0.535355 1.123291 -0.071404 -0.689267 -1.806966 -0.128400 0.735728 -0.089975 NA -0.190168 0.303691 -0.814886 0.036576 -1.508974 3.162089 -0.845983 0.382211 -1.429562 -0.723862 -1.479843 0.618186 -0.562927 -0.569843 0.403502 -0.329595 -0.486116 0.472646 -0.752529 1.336232 0.678396 -0.595230 0.070444 12.598137 1.000000
31 0.057971 2.396575 0.224122 1.053758 0.846373 0.061712 -0.836125 -0.127343 0.716245 0.570186 -0.022690 0.503911 0.559353 -0.155728 -0.000018 1.114889 -1.300694 -0.134382 -0.359575 -1.932003 -0.638017 -0.097235 0.097143 1.274063 0.831275 0.108241 0.686211 0.698943 -1.049868 -0.284122 0.747081 -0.152728 0.810593 0.985538 0.470188 -1.164278 1.057114 -0.482489 1.273055 -1.351754 0.432111 2.268997 0.076697 -1.676752 -2.897026 1.018056 0.566113 -0.320958 0.591859 -1.275254 -0.549299 0.861079 NA 1.263802 0.461301 -0.954406 1.129914 -0.104542 -0.875635 0.051925 0.042308 1.000000
32 -1.879311 1.053825 1.455319 -1.211186 1.002461 0.844595 1.451684 -0.025324 0.398649 -2.541159 0.746709 -1.147173 0.004043 -1.145020 2.297237 -0.087628 -0.851861 -0.681589 0.792226 0.324239 0.824153 NA -2.651641 0.379382 0.700935 0.297725 1.472993 -2.925304 -0.363631 NA 0.367984 -0.179244 1.208048 -1.622921 -1.549249 0.075139 0.076074 0.823973 0.811260 0.657994 -1.788300 -0.228402 NA -0.378489 -1.934507 -1.554032 0.048954 0.115334 -0.987132 0.523880 0.597553 NA 0.858085 -1.507458 -0.295829 -0.443234 -1.801585 0.914717 0.757724 -0.011530 4.253325 1.000000
33 1.081697 0.017383 2.932439 -1.716710 -1.878464 -0.514093 0.275068 0.457888 -0.926466 -0.658431 0.204233 0.917277 -1.786057 0.669574 -0.765096 -0.212696 1.286595 -0.117685 -0.844303 0.262500 -0.290794 0.283695 -0.883225 -1.299891 -1.370087 -2.072259 -2.605644 -1.279054 -0.611222 -0.587647 0.821801 -0.073447 0.623530 0.338454 -0.656615 -2.089802 -1.097885 -1.161489 -0.654781 -1.602988 0.489332 1.776892 -2.254061 0.601402 -0.996123 -0.420557 0.037248 0.393768 -0.589771 -0.132341 0.277622 1.900305 -0.326415 -0.624412 -0.806737 -1.012773 -0.489531 0.004580 -0.665067 0.552236 0.379457 1.000000
34 -0.380379 -0.521338 0.315214 NA NA 2.390807 -0.579801 0.574240 0.740591 -0.231009 0.556846 -0.825073 1.101880 1.424961 1.542931 1.587064 -1.915321 NA -0.542305 0.414825 -0.436711 0.821053 -1.026273 0.185400 0.352616 -0.929140 -0.046247 0.698047 -1.724823 1.014082 -0.701697 0.474397 0.051983 0.230774 1.259590 -0.115120 0.074936 0.355282 0.888652 -0.687712 0.084564 1.840406 0.162121 0.506697 0.179098 -1.719631 0.004750 NA -0.184348 0.004266 -1.000235 -0.141385 -0.529709 -1.512599 -0.184458 0.076148 0.238359 -0.293708 -1.101883 -0.912473 14.013549 1.000000
35 0.323192 -0.072052 0.275522 0.090647 1.189438 -0.966024 0.545974 -2.374140 0.722610 -2.675676 0.592683 -0.817587 1.965885 NA NA 0.180668 -0.814138 1.315957 -1.783882 -0.691241 -0.954550 0.371674 0.002587 0.781132 NA -1.668831 NA -1.146504 0.093873 -0.668496 1.795458 1.496303 -0.929073 1.382643 2.289790 1.352691 0.564498 -0.289462 -0.331271 NA 0.264332 -2.006984 -0.952912 -0.152424 -0.377038 -0.413387 1.267308 -0.044643 0.849804 1.241992 0.369730 NA 0.927227 1.686283 2.124248 0.397966 0.783602 1.885722 0.477897 1.478861 0.081331 1.000000
36 -0.138315 0.073855 -0.045017 1.284019 0.314925 -0.853597 0.720378 0.199585 -1.192879 -1.108649 -0.890779 -1.780389 1.952831 -0.020938 -1.487701 0.033752 1.068855 -1.494907 2.016734 0.515339 -1.104013 -0.820841 -0.021852 0.543231 1.305483 0.568854 0.520862 NA -0.421843 NA -0.135538 0.754155 1.672517 0.483144 -0.601047 -0.774174 -0.163396 -0.685604 -0.016557 -0.788538 -0.852335 -0.094270 -0.296211 1.198898 -0.370439 -0.375476 -0.717157 -0.962779 -0.110705 0.208177 -0.956724 -0.272147 -2.082196 1.184034 -1.834279 NA -0.139098 -1.188237 -0.883594 -0.197208 0.830002 1.000000
37 0.970388 -0.469383 1.242422 -1.319508 0.305420 -1.676443 -0.850474 0.519643 -0.536997 -0.402671 -0.681816 2.375841 0.468476 1.361044 -1.861188 0.184868 -0.479103 -0.897280 0.376743 -0.050728 0.253521 -1.333021 -0.259708 0.612325 -0.271828 1.321459 0.273283 -0.936239 -0.717746 -0.400333 -0.180080 1.106392 1.025327 1.326524 0.588540 0.113444 -1.195642 -0.625450 1.360883 0.756770 1.404590 -1.505183 -0.618411 0.064132 0.441579 1.374723 -0.804570 NA 0.042053 0.851018 -0.588642 0.991836 -0.757740 -0.369551 0.664370 -0.446302 -0.992976 1.565010 -0.289111 0.217401 1.114894 1.000000
38 -0.688716 -2.720403 -0.099995 0.137128 0.452089 1.319435 0.228425 -0.278981 -1.793816 0.930868 -0.220422 1.296403 -1.489384 -0.786021 0.925795 1.238734 1.532748 -1.362326 0.106199 0.185940 -0.719084 0.224816 0.054448 -0.214578 0.031614 0.606875 -0.416319 0.006034 0.163125 0.092085 -1.910782 -0.108482 0.313082 -0.873026 0.865290 1.167948 0.387932 0.648468 0.221975 3.651648 -0.118797 0.351062 0.046890 -0.462516 -0.788731 0.184059 0.008014 -1.277652 -1.162474 0.026192 -0.548256 0.151263 0.464869 NA -1.654729 -1.365218 -0.076094 0.505099 0.773198 0.425313 2.778109 1.000000
39 -0.234951 -0.382433 -0.163359 0.050497 -0.946624 0.348483 0.284958 -2.275314 -0.620269 -0.438466 -0.674241 -0.965445 0.763532 1.246062 -0.281000 -0.478563 -1.913300 0.008858 0.062135 0.156033 NA -0.410784 0.251867 -0.831555 -1.751724 -1.580845 0.892140 0.445373 0.399252 -1.944112 -0.400014 -0.791385 -0.495388 -1.830435 -0.456467 -0.283118 -1.933676 0.702966 0.506246 1.761285 1.364286 2.955741 0.673839 -0.815096 0.432237 -0.828298 0.819579 1.291198 0.779765 -0.564888 0.189012 -0.045572 0.502877 -1.007740 -2.416685 0.770170 NA -0.572582 0.899981 -1.168185 0.474544 1.000000
40 -0.123912 -1.258962 1.383920 -0.288389 0.898367 0.700147 -1.563952 NA -0.129981 -0.481568 0.212323 0.408040 -0.546471 1.827055 -0.402836 -0.561934 0.198117 -0.718379 -0.395283 0.401527 -0.080142 1.061959 -0.495826 1.075777 -0.096775 -0.619215 -0.592029 0.789421 -0.251198 -2.183836 0.627609 -0.565300 0.441833 -0.076828 -0.528211 0.391277 0.882981 0.588186 -0.485324 0.220730 -0.692578 -0.180139 0.053734 1.248182 -1.708684 0.170954 -2.502536 0.782087 NA 0.688008 -0.117046 -0.000584 -0.184198 -1.911661 -0.597297 -1.266933 0.756834 0.899183 -0.694484 -0.933595 0.244692 1.000000
41 -1.924723 0.330222 1.230772 -1.049136 -0.447756 0.081551 -0.375636 -1.288925 0.918574 NA -1.188018 -1.545115 -0.358936 -0.206494 NA -0.021468 1.594149 -0.536097 0.154570 -0.830058 -0.118837 0.183398 0.901710 1.151374 -1.410574 -1.353251 -1.557790 -1.423810 1.183678 0.192677 NA 0.220712 1.035515 NA 0.811102 0.051795 0.901542 1.900900 -2.307863 0.535739 -0.612499 -0.831744 1.146299 0.061736 NA -0.130897 -1.024935 0.616005 1.708213 1.841422 0.516231 -0.923436 -0.369098 -0.980636 1.526093 -0.646622 1.179988 -0.643576 -0.101074 -1.038509 3.070879 1.000000
42 -0.576668 -1.221992 -0.200781 0.117035 -0.232731 -0.531893 1.121175 -1.017215 0.540140 -0.693388 0.540287 -1.083576 -0.586290 -2.415048 -0.793702 1.198992 -0.805937 0.689130 -0.854747 1.129941 0.569539 NA -0.867920 -0.461683 -0.472186 0.915894 -0.866886 0.826899 0.014489 0.068372 -0.745918 -0.592352 -0.353501 0.002091 -1.159365 0.695353 0.701052 0.731694 -0.608289 0.544026 -0.182451 2.376613 0.302950 NA -1.550545 1.971907 -1.518972 0.190948 -0.775006 -0.254835 -0.004779 0.232991 -1.768617 0.636421 -0.126467 -1.045711 -0.063051 -0.798519 0.148992 -0.555867 1.194254 1.000000
43 -2.040164 -0.371760 -0.935796 -1.200518 -1.083378 0.711438 -1.312899 1.099332 0.335831 0.286916 -0.243431 0.757944 -0.986759 NA 0.815931 -0.207996 -0.129119 0.058093 0.505871 -0.205474 -0.440329 0.429964 -0.374772 -0.824422 -0.921496 -0.186088 -0.762733 -1.759898 0.415085 0.557939 -1.383124 -1.453559 0.746262 -0.801088 0.880351 -1.568245 -0.761125 -0.325739 -1.853994 0.637876 1.264506 0.296143 0.661674 -1.655749 0.784642 -0.132552 -1.262129 -0.426465 -0.177670 -0.657991 1.557238 1.088979 1.486786 0.413880 -1.345853 -0.286257 0.101673 -1.306155 -0.735652 1.910998 310.414241 1.000000
44 -0.699718 0.884328 0.291546 -1.044205 -0.952748 0.298086 0.151718 -0.720959 -1.068438 0.448862 0.383823 -1.485318 0.748649 1.220156 1.626867 -1.619502 0.222018 -1.978759 0.934061 0.105090 -0.014478 0.860590 -1.358880 1.092643 0.473809 -1.090808 -0.850469 -1.364191 -1.588720 1.264720 0.330136 -0.600847 -0.722752 -0.862139 -0.344977 0.608899 -1.506776 -0.612384 0.454766 0.434931 1.259837 0.059249 -1.780695 -0.105030 2.226748 NA -0.790091 -0.113213 1.351869 -1.601422 0.630553 -1.374216 -0.890953 0.106839 0.583280 -0.830374 -0.770972 0.561013 -0.422079 -0.064932 8.720614 1.000000
45 0.752548 -1.903687 0.528880 -1.902256 -0.110983 -0.490780 2.229137 -0.101418 -0.783889 1.497429 -0.822677 NA 0.811436 -0.258735 0.051669 1.206476 -1.519784 -0.198534 0.796688 -0.301305 0.833903 0.155133 0.749114 0.092518 -0.005548 1.045373 -0.302444 0.414458 0.474467 -0.581445 -0.537717 0.393534 -0.159889 -0.988114 -1.420157 0.588296 -1.348835 NA 0.482508 -1.021366 0.724016 -0.997964 1.938103 -1.027668 0.653300 -1.190050 0.427603 0.652546 0.421632 -0.852135 0.600038 -0.200406 NA -0.190674 0.139671 0.197333 -0.490218 -1.008139 1.360918 2.517357 33.736684 1.000000
46 0.672967 -0.629916 0.199401 0.686451 0.119881 -1.058876 -2.777585 -0.251280 1.059220 0.702852 1.999553 NA 0.096928 -1.949768 -0.852837 1.249049 1.352942 1.017413 0.316316 0.423504 0.406648 0.634191 -0.105322 -0.179168 0.335563 0.587097 NA -0.864458 -0.401170 0.304822 -0.177512 -1.668271 -0.654575 0.910043 0.445179 -0.896704 0.443130 0.488226 1.402978 0.796850 1.571076 0.187323 1.444748 -1.096657 0.304201 -0.309935 1.341597 0.280156 0.210511 0.228970 -0.159917 -0.301744 0.256909 0.538040 -0.666043 -1.350753 -1.355641 -0.348442 NA -1.303240 0.387087 1.000000
47 -1.070591 -1.173804 0.429532 -0.549568 -0.782724 -0.375083 0.022052 0.085054 -1.694631 -0.411717 0.749476 -0.848823 -2.054279 0.160203 0.673175 -0.648045 0.977960 0.056286 0.240071 0.057899 1.127452 -0.734696 0.155462 -0.580331 0.558672 0.999797 -1.017429 1.025819 0.265279 0.855298 -0.163135 0.947564 0.683553 -0.480472 -1.738137 0.749661 1.940644 1.700454 1.354477 1.762343 -0.677694 0.585486 -1.118974 -1.147924 -0.077960 1.189420 -1.473515 2.575410 -1.489343 -2.064395 -0.236202 1.395197 0.332210 -0.460117 2.097761 -1.340840 -0.641757 -1.512932 -0.057575 0.958551 29.540328 1.000000
48 -0.659359 0.723304 0.004088 0.629970 -0.276894 0.154348 1.227993 -0.196320 0.513908 -0.632539 -1.656679 0.260637 -0.403024 -0.426011 0.328301 2.807700 -0.075554 1.224717 0.275844 -0.740497 0.071398 -0.132385 -2.880985 -0.325871 -0.614099 -0.350078 0.805234 1.218139 0.397236 0.288022 0.650642 0.069694 NA -1.046518 -0.559974 1.303281 -0.600704 -0.222129 -2.235090 -1.919641 -0.676758 0.574533 1.038642 1.683080 0.488832 -0.332363 0.408593 -0.364089 1.019343 NA 0.175283 -0.214833 -0.291263 1.594446 -1.297822 0.261215 -0.887362 -1.029720 -0.541376 -0.044723 3.594997 1.000000
49 0.291540 -0.587022 0.738306 -2.127564 0.335376 0.085261 1.006573 1.502782 0.325815 0.203898 -1.123634 2.293810 2.770755 -0.216942 0.656843 -1.293942 0.455145 -0.249372 -0.481222 0.757226 -0.582770 -1.921034 2.216450 -0.087737 NA 1.322954 -0.336271 0.307002 1.836009 0.298012 0.574138 0.326035 -0.106849 1.209789 -0.164598 -0.905507 2.142125 -0.018847 0.478453 0.670188 0.361312 -1.483457 1.680460 -0.230518 -0.560940 0.804789 0.777662 -1.139254 0.591878 -1.152492 0.597626 0.594627 -1.371437 0.615363 0.116778 0.558048 -0.143082 -0.796624 0.395810 0.894841 8.981155 1.000000
50 0.592600 -1.785873 -0.280559 0.308546 0.983122 -1.733702 -1.082789 0.146678 -0.277637 1.077583 0.303332 -0.824875 1.364983 -0.044643 0.326488 -0.107040 1.198678 -0.000823 1.468339 -0.727221 -0.354732 1.312050 -0.663922 -0.301318 -0.198321 -0.125934 -0.950909 1.369422 0.819755 NA 1.269336 0.757411 -1.554968 NA -0.065836 1.796029 1.011496 1.398716 0.539910 -0.356675 1.426338 -1.473163 -1.285955 -1.234833 -1.153627 2.036852 0.594796 0.466044 -0.842831 -0.909478 -1.697399 NA 0.363192 -0.112727 -0.143098 -0.096026 -1.008200 0.182224 0.563571 -0.363689 1.478900 1.000000
uncorrelated Gaussian covariates
missing covariate fraction: 0.050000
no latent classes
   lambda(t|risk 1)=C, <t>=4.000000 for zero covariates
   risk 1: beta[1]=0.500000
   risk 1: beta[2]=0.500000
   risk 1: beta[3]=0.500000
   risk 1: beta[4]=0.500000
   risk 1: beta[5]=0.500000
   risk 1: beta[6]=-0.500000
   risk 1: beta[7]=-0.500000
   risk 1: beta[8]=-0.500000
   risk 1: beta[9]=-0.500000
   risk 1: beta[10]=-0.500000
   risk 1: beta[11]=0.000000
   risk 1: beta[12]=0.000000
   risk 1: beta[13]=0.000000
   risk 1: beta[14]=0.000000
   risk 1: beta[15]=0.000000
   risk 1: beta[16]=0.000000
   risk 1: beta[17]=0.000000
   risk 1: beta[18]=0.000000
   risk 1: beta[19]=0.000000
   risk 1: beta[20]=0.000000
   risk 1: beta[21]=0.000000
   risk 1: beta[22]=0.000000
   risk 1: beta[23]=0.000000
   risk 1: beta[24]=0.000000
   risk 1: beta[25]=0.000000
   risk 1: beta[26]=0.000000
   risk 1: beta[27]=0.000000
   risk 1: beta[28]=0.000000
   risk 1: beta[29]=0.000000
   risk 1: beta[30]=0.000000
   risk 1: beta[31]=0.000000
   risk 1: beta[32]=0.000000
   risk 1: beta[33]=0.000000
   risk 1: beta[34]=0.000000
   risk 1: beta[35]=0.000000
   risk 1: beta[36]=0.000000
   risk 1: beta[37]=0.000000
   risk 1: beta[38]=0.000000
   risk 1: beta[39]=0.000000
   risk 1: beta[40]=0.000000
   risk 1: beta[41]=0.000000
   risk 1: beta[42]=0.000000
   risk 1: beta[43]=0.000000
   risk 1: beta[44]=0.000000
   risk 1: beta[45]=0.000000
   risk 1: beta[46]=0.000000
   risk 1: beta[47]=0.000000
   risk 1: beta[48]=0.000000
   risk 1: beta[49]=0.000000
   risk 1: beta[50]=0.000000
   risk 1: beta[51]=0.000000
   risk 1: beta[52]=0.000000
   risk 1: beta[53]=0.000000
   risk 1: beta[54]=0.000000
   risk 1: beta[55]=0.000000
   risk 1: beta[56]=0.000000
   risk 1: beta[57]=0.000000
   risk 1: beta[58]=0.000000
   risk 1: beta[59]=0.000000
   risk 1: beta[60]=0.000000
