N=100
P=80
R=2
1 -0.683819 -0.312319 -1.081637 0.972968 -1.517747 1.669548 1.007388 0.902270 -0.751370 0.188382 -0.144936 0.733571 0.431220 0.096218 0.053548 0.546266 -0.892327 0.119492 0.700590 0.735610 -1.374795 0.239302 1.564875 1.922797 1.867179 -1.348719 -1.434447 0.044179 -0.610817 0.862265 0.479483 1.365549 -0.834941 2.837184 -1.574514 -0.066785 -0.926061 -0.946087 0.817762 0.249321 0.862934 -1.430863 -0.616504 1.102187 0.652724 -0.635620 0.346186 0.137911 -0.095091 1.097873 -0.592015 -1.361756 -0.563316 0.189309 -2.638353 -1.064460 -0.944503 -0.584330 -1.175102 -0.769670 0.436168 -1.520646 -0.923579 0.271987 1.168670 -2.101912 -1.262092 0.982862 -0.563598 0.821345 2.105700 -0.162179 0.568907 -0.787678 0.662162 -0.779511 0.691791 0.318414 0.418454 -0.624632 4.013800 1.000000
2 -0.846391 -0.984487 0.063874 0.900885 1.362589 -0.102218 0.430116 -0.265667 0.868143 -0.530537 2.169514 0.054228 1.127581 0.117874 -0.308295 2.012828 0.165808 1.236628 -1.562689 -0.500719 0.168447 1.756683 1.263587 -0.540944 -0.500826 0.405133 -0.526551 -1.154545 -0.274180 1.072913 -0.739367 -0.772398 -1.858331 0.500771 1.561539 -0.656385 -0.531998 1.082757 0.279475 1.404206 -0.636893 0.563973 1.419672 0.232838 -0.876559 -0.095019 -0.611649 -0.829646 -1.576380 -0.542284 -0.666555 0.915400 -0.960835 -0.598768 0.831966 0.659550 0.033993 0.164679 -0.095640 0.141956 -0.755589 0.216681 0.495748 -1.514487 -0.666132 -2.236091 0.330681 0.414479 -0.266946 0.278242 -1.316625 -1.062470 -1.788079 -1.148885 -0.487406 -0.943985 1.457143 0.583487 0.020611 -2.147470 4.884929 1.000000
3 -0.444333 0.003445 1.025939 -0.542000 0.975437 -0.525307 -0.091466 -0.581988 -0.357858 0.864331 1.853547 0.909962 1.118058 0.713987 1.290768 0.865774 -0.049655 0.302238 0.847125 0.640154 -0.364719 -0.545808 0.541891 0.322233 -0.061955 0.890077 -0.096226 -0.651375 -1.405115 0.900121 -0.079872 -0.495868 -0.300566 0.288785 -1.371968 -0.724030 0.967208 2.289044 1.783436 0.621781 -0.292244 -0.699720 -1.296404 -0.418843 -0.831344 -0.368881 0.467495 -0.551043 0.657849 0.408169 1.272686 -0.536410 -1.674056 1.350957 0.259427 -0.974664 -0.118007 -0.212215 -1.641501 -0.776801 -0.865885 -0.248221 -0.403494 -1.488532 -1.243411 -0.847179 -0.513818 -0.410853 -0.823778 -1.016502 -0.744303 1.374905 2.184300 -0.630468 -0.979215 -0.670413 -0.025968 0.154711 0.000463 0.954328 5.503940 1.000000
4 -1.261363 -0.059540 0.980366 -2.395451 -3.024593 -0.126003 -1.509956 -1.805921 -0.488769 1.622782 -0.909222 1.299726 -0.952301 0.506072 1.285948 0.051003 -0.500573 -1.204354 -0.243268 -0.600477 -1.624901 -1.179706 0.671865 0.992930 -0.397373 -0.335834 -1.270494 0.199212 -1.939833 -0.531578 -0.390047 2.268874 -1.738499 1.251140 -0.397836 0.787100 1.668164 1.172520 -0.205559 0.908311 -0.919455 -0.625096 -0.656137 -0.826453 -0.946449 -0.598283 -1.274379 0.786976 -0.943757 -2.636754 0.146218 0.944929 -0.805494 1.348730 -0.325273 0.729887 -0.168253 -1.190624 -0.019027 -0.036738 0.949170 -0.906713 -0.508958 0.710467 0.518134 0.520820 0.484962 -0.039292 1.664285 -0.039715 -1.041288 0.190683 0.028011 1.062707 0.045442 -1.024306 -3.396436 0.591034 -1.124072 1.112350 1.750345 1.000000
5 1.772670 1.079268 -0.189902 -0.787984 0.693496 0.462430 0.575505 0.047245 -0.556981 -0.198451 0.222689 -0.501490 -0.253761 -0.676157 0.473921 -0.684647 -0.493216 1.114091 -0.028063 0.585047 0.031075 -0.276532 -0.334534 -0.690697 -0.827424 -0.512312 -0.708540 -0.125427 -0.109381 0.602429 0.479639 0.859380 0.863286 0.168821 1.577948 0.267218 0.022370 0.681113 -0.404718 0.356710 -0.322386 -1.994305 0.111968 0.959217 0.701130 0.342709 1.454238 0.885481 0.122378 -0.016682 -0.941370 -1.971320 1.447826 -1.644957 0.382253 1.317016 0.207351 0.156799 -0.779678 -0.263851 0.340803 -1.305135 0.508883 0.219367 -0.084238 0.288972 1.656321 -0.670345 -0.558962 1.159945 -0.315676 -1.363107 -0.761799 1.141545 -0.388782 -0.269930 0.555746 0.191235 -0.398137 -0.815581 0.824308 1.000000
6 0.169855 -0.439656 -0.177928 -0.777885 0.029619 0.116891 1.633727 -0.128188 -0.123314 0.269511 0.189591 -0.467620 0.804006 -1.101927 -1.416186 -1.215041 0.707954 0.646525 -0.504560 1.344098 -0.350945 -3.072147 1.482430 0.207055 0.781646 1.502775 -0.939511 -1.303143 0.484351 -0.387033 -0.174602 0.911216 0.798202 0.702425 -0.670513 0.028541 -0.979891 0.564030 0.833050 0.058472 -0.032953 2.858766 -1.269449 -1.085629 0.099556 -0.353729 -0.872426 -0.289727 1.263900 1.624290 0.807337 -0.431213 -0.005813 1.702485 0.406410 -1.687899 -1.019447 -1.575865 0.162753 -1.733366 1.060376 -0.309144 1.575476 -1.221465 -1.641440 1.089903 -0.136424 -0.184684 -0.395081 1.495976 -0.050426 0.736088 0.146213 -0.726258 -1.314326 -0.849570 -2.056520 -0.228188 0.236450 -1.159337 1.507379 1.000000
7 -1.234297 0.609177 -0.926663 0.441810 0.523363 -1.315297 0.932932 1.637507 0.087665 0.891046 0.862597 -0.110866 0.734147 -0.715837 -0.973079 0.763032 0.534629 -0.045544 0.260365 -0.138342 0.573566 -0.449458 -1.136726 -0.251525 0.849621 -2.016259 0.532987 -1.266857 0.521963 -0.310167 -0.287511 0.596494 1.792543 0.379232 0.703768 -1.042613 0.435292 1.913524 -0.133657 -0.558053 -0.821539 -2.480111 -1.598018 -0.311696 -1.569077 0.291851 0.768570 0.747012 0.009519 0.172271 0.115539 -0.493997 0.088448 1.121327 -0.611786 1.532200 1.883997 -0.446627 1.641026 0.366002 -2.515115 -1.343617 0.640071 -0.536770 -1.038927 0.679045 1.550553 0.887461 -0.337891 0.133040 -0.511360 1.814158 -0.075045 -1.192732 -1.287304 -1.387796 -0.071506 -2.600210 -1.095454 1.221525 3.766031 1.000000
8 0.016290 1.550639 0.210255 -1.240891 -0.596480 -0.318487 0.576466 0.057258 -0.499730 1.510980 -1.731894 2.199399 -0.770614 1.736809 0.840568 -0.213009 -2.672582 0.983520 0.099988 -0.419488 0.320424 0.991652 -0.052880 -0.112783 0.011161 2.511782 0.054185 2.144008 0.141198 -2.314201 -1.405135 -0.907065 0.828391 -0.007940 -1.898378 1.431577 -0.507673 -0.306427 -0.786414 0.874246 1.478950 -0.028467 -0.522917 0.287029 -0.350736 1.958853 1.802058 0.889216 0.340306 0.679125 0.815030 -0.690037 -0.626318 0.907850 -0.363630 -0.188932 0.710162 0.407941 0.299992 1.285868 1.343308 0.346143 0.415820 0.692166 0.445773 0.433490 -0.470354 -0.952492 0.710975 2.129157 -0.699465 -2.021042 -1.012397 0.764157 -1.485922 1.294193 0.563177 -0.792968 0.785092 1.474201 0.956378 1.000000
9 0.158572 -0.537936 -0.192445 1.623929 0.431512 -0.188231 0.090095 -0.212575 0.891062 -0.368853 -2.011147 -1.037460 -0.864497 0.066802 0.252164 -0.756466 -0.219935 -0.807067 -0.290632 1.018473 -1.441324 2.117414 -1.395812 1.334828 0.308165 1.633868 1.146618 1.140549 -0.082721 -0.879359 -0.315727 -2.460294 0.796780 0.949773 0.258853 0.017575 0.198498 -1.541443 1.031982 0.293657 -0.927919 0.228839 -0.008414 1.853147 -1.279845 -1.611960 0.542859 0.646222 0.251047 -1.558378 1.065553 -2.528606 0.647921 0.936984 1.769354 -1.232219 1.103304 0.850251 -0.064283 0.529554 1.087418 1.193809 0.085471 -0.888837 -1.132493 -1.041420 -0.957397 -1.673137 0.594670 -1.025730 1.149917 1.837815 0.760419 0.510339 0.620639 0.107402 -0.092785 1.004087 -1.422704 1.429665 1.607809 1.000000
10 -1.180807 -1.539027 0.317341 -1.264727 -2.194859 1.441841 0.152500 -0.140266 -0.694423 1.347629 -0.737684 -0.245542 1.253109 -0.405004 0.495162 0.625495 0.124686 -0.297546 -2.056481 1.872453 1.414298 0.256723 -0.918579 0.841471 -0.863880 -0.723402 0.392637 0.322370 0.337375 -0.360427 -0.652327 0.796350 1.434384 -1.200009 0.305311 -0.845564 -0.418576 -1.407135 0.275277 0.574793 1.128636 1.090439 -0.367852 0.227319 -0.199898 1.533750 -1.872238 -0.879523 2.128618 0.521712 0.133378 -0.211031 0.036629 0.214263 -0.203660 0.338270 -0.129052 -2.617860 0.055812 -0.658175 -0.004652 0.887463 1.111582 1.822925 -1.114608 -0.543730 1.228024 -1.030757 -0.348601 0.602643 1.554044 0.689823 0.439475 1.111707 -0.712127 0.509531 -0.454724 2.065238 0.020576 0.745952 13.273607 1.000000
11 0.996539 -0.248726 0.990488 -0.836017 0.624883 -0.835973 1.080739 0.387763 -1.222489 -0.046913 0.883047 -1.237768 -0.318309 -0.718984 0.243346 -0.160329 0.159646 0.591553 1.126381 1.556578 1.146073 1.337414 -1.061940 0.853286 1.626706 -1.538416 -0.491551 -0.223568 -0.479400 0.445672 -0.222773 1.330605 -0.354665 0.305464 0.828404 0.410403 -0.790032 0.152383 -0.658038 -0.713653 0.507821 -0.109512 -1.458742 -1.774093 1.559108 -0.027370 0.379614 0.461489 0.213207 -0.774726 -0.273451 0.407613 -0.843912 0.749269 0.205641 -0.909909 0.564621 -1.012089 0.197407 1.282066 -0.362349 0.866768 1.139626 1.181686 0.637250 -1.426238 1.863796 -0.637343 0.759739 0.721121 -1.317124 1.622468 -0.035141 1.226511 -1.499585 -0.775516 -0.850614 -1.902413 -0.360101 -0.294551 0.180702 1.000000
12 -0.662171 -0.392742 1.535506 -0.085541 -0.356813 -1.053147 -0.696231 1.399603 0.714597 0.110432 0.970706 0.073625 0.882901 0.576158 1.013474 -0.940614 -1.188724 0.141189 -0.652790 -0.461336 2.465104 -0.831894 -1.538837 0.971839 -1.554390 0.573447 -0.733690 -0.422375 -0.125030 0.687769 2.745575 1.244379 -0.835998 -1.127308 -0.512302 0.014821 0.511965 -0.048635 0.760379 -0.786248 -0.376379 0.169337 -0.273154 -1.232766 -0.183736 0.083795 -2.348843 0.422149 -0.102841 1.171924 -0.290765 0.293453 0.951235 0.195882 1.594120 0.175106 -0.270301 -1.108993 -3.067482 0.706275 0.737059 1.383906 0.175748 -0.574788 -2.002595 -0.499786 0.636552 -0.003487 0.945926 -1.497021 -0.131560 -1.500693 0.244056 -1.219132 -0.776881 1.560332 -0.461327 1.116901 -0.379122 -1.193400 5.991490 1.000000
13 1.743307 -0.615593 -1.011006 1.395518 0.019818 1.013876 -0.203212 0.305972 0.637744 -0.241664 0.098801 -0.298559 0.007618 1.173468 0.232389 -1.184554 -0.531068 -0.698034 1.314889 -0.563440 -0.653694 0.837001 0.252284 0.287481 0.649660 0.123097 -1.397146 -0.134233 0.298376 0.927860 0.323746 0.576818 -2.201012 0.547212 -0.907161 3.639445 -0.021078 1.323587 -2.572781 0.840793 -0.829967 -0.359310 0.621877 0.309285 0.231665 -1.309355 -0.571715 -0.367473 -0.999972 -0.888164 -0.689793 -0.803137 -1.303676 -1.478431 1.616664 -2.106716 0.258026 0.054374 0.830879 1.096576 -0.194724 -1.243947 -1.449296 1.433965 2.075869 0.075529 -0.245234 -0.287216 -0.312147 0.425710 1.754075 -0.950646 -0.757269 1.972453 -0.306406 2.326683 1.072210 0.634911 -0.212855 -1.900796 0.878845 1.000000
14 -0.444504 0.317050 -0.070966 -0.610577 -0.120740 0.972655 1.690383 2.515217 -0.577446 0.832851 -1.069386 2.843385 1.201060 1.717684 0.001802 0.002650 0.122173 0.303304 -0.845701 -1.627420 -0.423653 0.705583 0.131229 -0.075233 0.229903 0.927423 -0.428210 -0.482892 -0.661072 1.026759 -0.270972 0.663414 1.702861 0.213711 -0.979587 0.030314 0.006132 -0.769968 -1.864894 -1.561825 0.379869 -1.210284 -0.969665 0.279826 -0.365749 -0.899875 -1.194693 -0.266754 2.310662 -1.411681 -1.578406 1.141682 -0.850495 0.295956 -0.056365 -0.344144 -1.971791 -0.221398 0.689967 1.221697 1.172343 -0.654297 -0.247091 -0.102301 0.406514 0.042097 0.073498 -0.348173 -0.208113 -0.084421 -1.199081 -0.803788 -1.346950 -2.202547 1.162922 -0.110784 0.284855 3.307533 1.596434 -0.153628 0.855443 1.000000
15 0.784921 0.986571 2.564098 -1.580158 0.140355 -0.191030 -0.799615 1.577585 0.652369 0.057195 0.486910 1.449939 -1.119665 -0.511258 2.907154 0.273524 -0.051617 0.003498 -0.301711 0.367047 1.729022 0.842035 -1.904349 1.106680 0.782784 0.745159 0.477989 0.914618 -0.546831 0.863511 -1.889148 0.730239 1.618415 0.539552 0.114792 -0.642027 -2.151161 -0.664867 0.096036 0.022751 -0.367141 0.062208 -0.055494 -0.438448 -0.565357 1.607346 0.988213 -0.172318 -1.256985 0.287851 -0.415920 0.533058 -0.175915 -2.146502 1.585129 -0.317120 0.340626 -0.381608 0.136455 -0.745120 0.442372 0.654528 -0.618347 0.195974 -0.433762 2.133814 0.065264 0.639969 1.261940 -0.883489 0.266498 0.790119 0.579279 0.039192 0.787238 -0.222142 0.913765 -0.651196 -0.271706 0.480920 1.878215 1.000000
16 0.007370 -1.010328 1.880532 -0.091868 1.138932 0.334734 -0.000442 -0.046078 0.344102 -1.532051 0.907198 0.388941 1.577382 0.256815 1.856922 -0.010678 -0.620458 -0.137292 -0.118512 0.404798 0.682293 -0.115027 0.752056 -0.232729 -0.893489 -0.774821 0.091750 -1.118602 0.714126 1.439008 1.045001 -0.398476 1.069765 0.411332 -0.061192 1.387991 -2.061960 0.300381 -0.259239 0.009983 0.261858 -0.861837 0.510939 0.810955 0.260335 1.507174 -0.408995 -1.043946 0.011067 1.840607 -2.798659 -0.578727 -3.575387 -0.738113 0.261313 0.340882 0.375935 0.857507 0.366152 -0.825277 0.322381 -0.201220 -1.079491 1.803788 -0.289346 -0.539959 -0.342031 2.338458 -1.090668 0.256174 -0.329974 0.947071 -1.469071 -0.905020 -0.337636 -0.557533 -0.607864 2.400756 -1.443680 -0.686838 1.819870 1.000000
17 -0.083506 -0.193046 -0.478236 -0.710851 0.679354 -1.093702 -1.519153 -1.811762 -1.614900 1.534581 0.250349 -0.486986 -0.497230 0.115283 1.972277 1.068220 0.886399 0.316657 -0.545062 -0.131982 -1.851583 -0.810024 0.493163 -1.061890 -1.091499 -0.214407 1.054378 0.205722 0.201574 -0.563738 0.251215 -0.525633 -1.985804 0.144924 -1.072487 0.274949 -1.418058 0.319199 2.546499 -0.621023 0.775526 0.653790 0.693489 -1.369141 -0.854701 1.288096 0.959612 -0.722943 0.533887 0.398358 -0.866530 1.352534 -0.550357 -0.001631 -0.320706 -0.282202 0.854352 -0.266227 -0.264853 0.261935 1.918727 -0.336636 -1.258292 0.865641 2.379054 -0.013244 -0.512181 0.907612 0.421847 -0.002479 -1.187623 2.187207 0.625430 -0.855007 -1.637244 -0.722440 0.151355 0.039024 2.301585 0.198233 1.350316 1.000000
18 0.271186 0.050966 0.324727 1.850570 1.657921 -0.548846 0.157767 -3.039521 -0.794238 0.387046 0.013327 2.593668 -0.261178 -0.593791 1.525307 0.674790 0.791117 1.613426 -0.249072 0.184054 -0.029909 -0.753925 -0.362565 2.364126 -0.921994 0.601256 1.872672 1.840688 -0.616927 0.999184 -0.142632 -0.863830 -0.177179 -0.004742 -2.660657 1.131252 0.632339 -1.107247 -1.673979 -1.507864 -0.842127 0.130650 -0.812161 -2.414548 -1.813542 1.242242 1.165800 -0.041271 0.123607 -0.691831 -1.098394 -0.539581 1.192302 0.675510 -0.355620 0.580391 -0.351062 -0.624899 0.099106 -0.640244 -0.041296 1.231183 -0.274261 -1.487350 1.757205 0.791456 0.987391 1.422645 -0.698711 -0.954947 0.513717 -0.150066 -1.287945 -0.114110 -0.668991 -0.056420 0.652619 1.308712 0.691846 1.699311 0.923491 1.000000
19 -0.045956 -0.301091 0.029081 -0.071918 0.318812 -0.470585 0.707139 -0.729171 -0.643692 -2.460124 1.325764 -0.384120 -0.057181 -0.639792 0.887855 -0.148487 -0.924639 0.430943 1.172614 0.047650 -1.609869 1.511742 -1.949122 1.659878 -1.121807 0.685039 0.393831 -0.400249 -0.058741 1.826060 -0.893371 -0.695243 -0.659149 -0.060211 0.421688 0.852704 -0.828461 -0.915859 -0.075421 -1.491532 -0.125246 0.390460 -1.397365 1.900221 0.257764 -0.218807 0.370963 1.630123 0.555878 0.779181 0.169573 -1.147947 0.352957 1.763536 -0.080165 0.405687 -0.219673 -0.775910 0.262894 -0.848557 -0.600646 -1.516160 0.100044 0.563367 -0.561972 -0.926619 0.206699 1.148415 -1.611063 -0.163691 0.375466 -0.643258 0.182457 -0.477629 0.626973 0.796548 0.879242 0.195028 0.028742 -1.328255 1.631094 1.000000
20 -1.936128 -0.905722 0.173659 -1.102711 1.419496 0.163437 1.368989 0.384980 -0.012384 1.705022 -0.612267 -1.783001 0.372396 -1.149457 -0.750076 -1.526763 0.085759 0.760196 0.723099 0.708410 0.520087 -1.840070 -0.936815 -0.503191 -1.858801 0.594398 -0.759104 -1.153270 1.216042 -0.169713 0.987508 -0.914865 0.019475 -1.350316 -0.841864 -0.415921 -1.075568 0.196890 -1.349581 0.212975 0.504476 -0.770813 -0.763269 -0.173479 -0.679048 -1.346992 -1.386272 -1.264536 1.928857 0.982163 0.925302 -1.533145 -1.706219 1.443372 0.336902 0.547259 0.638575 -0.081232 0.775721 -1.492354 1.158181 0.391701 1.272492 0.046441 -1.972032 1.134142 0.495548 0.107869 0.150670 1.274506 -1.201035 0.061599 0.603316 1.154040 0.893636 0.729721 -0.083949 0.006239 -0.488108 1.134102 5.221009 1.000000
21 -0.612298 1.202710 -0.062659 -0.510847 0.861295 -0.141299 -0.655365 -0.842209 -0.265125 0.480993 -0.879793 -0.357925 -0.075952 -0.589350 -1.449531 1.445249 0.306051 -0.614066 -0.580662 -0.294480 1.686637 0.247885 0.038001 -1.387715 -0.082468 -0.875399 0.099027 -0.448274 -0.916800 -0.951392 -0.625380 2.005279 -1.106373 1.131777 0.242069 1.264688 1.128019 0.534692 0.798969 -1.588566 -1.607288 1.315991 0.910293 -0.022997 -0.376998 -0.188722 -0.101651 -0.101183 -0.601038 -0.082393 0.209871 -1.846353 0.411160 0.112716 -1.490124 0.188147 -0.288366 1.222289 0.056233 -1.133076 -0.762276 -2.113015 -0.266350 -0.259562 -0.639387 0.537203 1.004205 1.705650 -1.282602 -0.978045 -0.249387 1.264561 1.536792 -0.147866 -0.955872 0.281394 1.322812 0.034206 -1.446518 -1.057516 4.021204 1.000000
22 1.577922 -0.833770 1.492046 0.247562 -1.188445 0.579913 -1.322946 0.406409 -0.578087 0.997407 0.951335 0.149312 -0.877347 0.116554 -1.281210 -0.175983 -0.310093 1.738377 0.212954 0.947550 0.576609 -1.178202 -0.085642 -0.427458 -0.255203 0.608842 1.139179 0.911628 -0.283919 1.145415 -1.449585 0.507474 0.018423 0.693892 0.646474 0.679220 -0.455544 0.914697 -0.210593 1.024562 0.782016 0.031290 -0.068475 -0.211079 -0.379476 1.235347 0.113175 -1.894512 -0.404894 0.346758 1.020235 0.189487 0.873059 0.623312 -3.419398 0.908352 1.483246 -0.745204 -1.410033 1.127542 0.916141 1.882981 0.907776 2.624944 0.958869 0.125839 0.302391 0.763790 2.517243 -1.264759 -0.382614 -0.463766 0.749811 -0.680508 2.816078 1.094766 1.779962 1.295478 -0.175574 1.318781 0.107249 1.000000
23 -0.542496 -0.106633 -0.848161 2.172198 -1.840449 0.473884 -0.686578 1.711773 -0.168777 0.946487 1.285578 -0.011409 -1.629677 0.724587 1.221345 0.143330 0.866158 -1.321154 0.190509 -1.181627 -0.408648 0.176249 1.365837 1.031241 -0.515431 0.759537 0.374394 -1.216281 0.232205 -1.718567 1.704979 -0.917173 -0.006363 0.589729 0.208435 0.518142 0.476902 -1.515271 0.423694 1.647953 0.508119 -0.970955 -0.028083 -0.067846 1.533547 -0.600639 -0.217254 -1.159593 -0.794386 -0.169392 -0.640568 1.697676 0.204234 -0.323779 -0.620369 -0.216229 0.031190 -0.304390 -0.710718 0.044307 -0.083621 1.445710 1.022357 0.868910 -0.385172 -1.148256 -1.310088 -1.608095 -0.451167 1.512371 1.056745 -0.650495 0.241232 0.601752 0.082460 1.543094 -0.804982 0.458458 -0.195159 -0.024700 5.001390 1.000000
24 0.880463 1.363048 -0.802773 0.006074 0.521151 0.522911 1.321968 -0.465234 -1.791032 -0.684999 -0.294212 -0.529059 0.840601 -2.592598 -0.997536 0.048515 0.704626 0.616903 0.049587 0.115270 -0.245371 1.609536 -0.398235 -0.156035 0.532760 1.060471 -1.639216 -0.107908 0.314767 -0.212019 0.186620 0.963139 1.027509 -0.084019 1.214913 -0.972391 -0.846657 -0.084095 1.069934 0.027819 0.460344 -0.080754 -0.923305 0.648759 -0.496741 -0.478636 0.367919 1.779262 0.709745 -1.492477 2.116279 0.876876 0.872916 -0.687262 0.482261 -0.164772 0.985852 0.234005 2.061126 0.324720 2.602613 0.764299 0.152489 0.357402 0.060347 0.205148 -0.132771 0.078849 -0.303152 1.436740 0.816834 0.507821 -0.236714 -0.012490 -0.898643 0.526822 0.186885 1.623086 1.394564 -0.316835 0.381416 1.000000
25 -2.931184 0.982998 -0.012935 0.441257 -2.559132 0.678471 -0.909949 1.491116 -0.187470 1.038851 -0.550885 0.568933 0.547690 -0.982260 0.065810 -0.617157 0.547714 -0.724769 0.215079 0.100175 0.429964 1.170264 1.695964 0.986178 0.136183 -0.050414 1.371447 0.160070 2.099236 0.945378 -0.891286 -0.750616 -0.402878 0.163892 -0.563414 -1.148234 0.847951 -0.502769 0.073631 -1.233853 -0.477508 0.009745 0.225043 0.035880 -0.614509 0.392564 1.364771 0.304415 0.402742 0.328277 0.170570 -0.148363 0.521747 0.867272 0.106773 -1.031596 -1.019390 -0.469634 -1.318263 -0.003220 0.219413 1.206593 -1.043105 -0.246561 2.475541 -0.190016 0.476093 2.292093 -0.052329 -0.050981 0.577988 -0.632622 0.023337 -0.563450 0.483172 -0.509879 -0.346448 -1.020995 -1.890458 0.124158 17.856926 1.000000
26 1.016147 1.338438 0.988154 0.937026 -0.485406 -0.155348 0.226894 -0.923455 0.443428 0.052448 0.147794 0.567040 0.091630 -0.024558 -1.784866 0.375497 2.409198 -0.329460 0.490805 -1.585791 -0.750467 1.218535 -1.486064 0.919575 -0.308167 0.624691 -0.251791 0.349895 -0.873103 -1.323461 0.897064 1.990738 0.134025 0.276680 -0.910418 -1.739401 1.123887 -1.834705 -0.597682 0.494693 1.439951 2.443418 -2.039822 -0.948409 -0.763231 -2.169167 1.246592 -0.019477 -1.422213 -2.128829 0.947930 -0.444314 -0.403758 -0.958305 -0.435733 1.741730 0.085635 -0.126201 -2.080246 1.878859 1.234684 1.648540 -0.575285 -1.269752 -0.197982 0.115593 2.228732 -1.135803 1.245749 1.133137 -0.124931 0.506507 1.339150 0.115128 0.286146 -0.688551 -0.881637 -0.488621 1.155905 1.036485 2.093869 1.000000
27 0.040467 -0.648761 1.274218 0.007382 -0.607332 -1.114680 0.703898 -1.583285 0.390022 0.327274 -1.069957 -1.252280 2.787545 -0.007209 -0.741531 -0.777022 -0.962645 -0.088190 1.104104 0.068189 -2.945615 0.107344 -0.691901 0.133910 0.814768 -1.137011 1.113611 0.419744 0.034104 0.409472 -0.283451 0.874836 1.934859 -0.860228 -1.047662 -0.218146 0.680642 -0.329596 0.188841 0.583479 0.582955 -0.604218 -0.362679 -1.495425 -0.165463 -1.471963 0.202848 0.732509 0.034397 -0.573447 0.965826 0.866800 -0.522642 -0.067464 1.306938 -0.680646 -0.284887 0.764728 -0.787449 0.046740 0.815056 -0.782332 -0.078599 0.741638 -1.105688 0.399411 0.485973 0.478566 -0.580128 -1.103032 -1.847682 -0.295936 -0.566702 -1.522720 -0.890763 -0.453052 -0.397722 -0.181960 1.869671 -0.407483 1.597448 1.000000
28 -0.027358 0.060257 -1.102222 0.755479 0.207105 -0.091334 0.983158 -0.482500 -1.095390 -0.351059 -0.830155 0.113027 -0.647269 -0.511998 1.386006 1.694441 0.449828 0.028641 -1.082774 -0.967876 0.618484 -0.034563 -0.274036 -0.909328 0.371269 2.229915 3.181721 0.800884 0.732069 -0.765644 -0.583099 0.817200 -2.492256 -0.597488 -0.384917 1.488964 0.721213 0.136889 -0.926770 0.684869 0.752158 0.017639 -0.251200 -0.300601 -0.270286 0.664092 -0.966275 -0.726179 0.763309 -1.132206 -0.339884 -0.023376 -1.745234 -0.042043 -1.182946 -0.910919 0.722519 -1.852728 -1.059304 -0.858741 0.285242 0.867672 -0.158309 -0.466218 2.092153 -0.542664 0.849312 0.038789 -0.936418 -1.010473 -0.407690 0.115179 -1.074397 1.299250 -1.157808 0.634973 -0.680447 1.103684 1.357969 0.086305 1.411284 1.000000
29 -1.595928 1.906844 0.885183 1.438233 -0.290597 -0.796499 0.894630 0.323172 0.697186 -0.949631 -0.136190 -0.820909 -0.131864 -1.120119 -1.167798 -0.115274 -2.354814 -1.575460 -0.503999 0.139561 0.885318 -0.279878 -0.499594 1.051524 0.154508 0.413322 -2.337012 -0.507996 -1.078433 0.087264 0.252770 0.572963 -0.135262 0.405899 0.350510 -0.780255 0.212172 -0.665586 -1.186005 -0.667172 -0.529789 1.094263 0.498147 -0.031836 0.008661 -0.793965 -0.262370 0.263687 1.084055 -0.392279 1.136560 -0.971093 0.632128 0.007543 -0.487924 0.769169 -0.723146 -1.548167 0.346232 1.114434 0.411261 -0.217263 0.496399 0.125394 -2.009267 2.097079 -1.436573 1.004710 1.769743 -0.780425 0.065968 -1.891776 1.003238 1.200231 0.303148 -0.160467 -1.569721 0.293805 0.300571 0.544590 2.255493 1.000000
30 -1.098746 -0.632895 -0.194073 1.155039 0.771918 -1.223598 0.643552 0.957104 1.862599 0.181384 -1.389298 0.943217 0.578688 0.153953 -0.556794 1.040497 0.585604 -0.896356 0.226471 0.656783 1.464627 -0.695986 0.300658 -1.288718 0.618358 0.358477 1.362385 0.396066 -0.533016 -0.050527 0.836383 0.190706 0.591106 0.707907 0.046005 -0.013552 0.746482 1.581122 1.658101 1.362059 0.080827 -0.111471 0.928923 1.038057 -0.846115 -0.077826 0.038703 -0.050076 0.100119 -1.554886 -0.747065 0.673935 -0.922619 1.157860 0.355016 -0.620468 -1.024912 -1.725148 0.796503 1.982258 1.137537 0.237984 0.891045 -0.823847 -0.039038 1.611700 1.162491 -1.066719 0.579881 1.059775 -0.084686 0.531569 0.813126 1.281350 0.285364 1.662636 -1.148414 -0.821732 -0.200879 0.149996 1.395252 1.000000
31 0.144154 0.015202 0.690459 1.774340 0.011575 -0.287464 -0.267565 -1.161294 -0.454878 0.898145 -0.900576 2.128880 -1.102597 1.210341 1.113195 0.103338 0.200946 -0.266635 -0.400999 0.064678 -0.492163 0.701296 -1.171009 1.174627 -0.146365 -0.209216 0.751830 -0.753910 -1.239217 1.038366 0.504231 -0.170856 -0.048358 -1.128464 -0.749767 0.339296 0.173498 -1.141508 -0.605110 0.222156 -0.553904 -0.820157 1.037613 -0.381697 0.902829 0.181480 -1.053792 1.932064 0.265758 0.693333 -1.573475 0.785485 1.839833 -0.107770 0.325982 -1.070619 0.694668 -1.949381 -1.109203 -1.939144 1.501217 0.325538 -0.228319 0.529114 1.136057 0.053682 -1.773806 -0.103460 -1.297785 0.534808 0.074324 1.002269 1.514250 -0.570998 0.259766 -0.950131 -1.318886 0.302191 0.507615 -1.071025 6.565356 1.000000
32 -0.316831 -0.667427 -0.048763 0.119568 0.377996 0.061446 0.989231 -1.155145 0.693369 0.871755 -0.508530 -0.129010 0.424106 1.498515 1.521557 1.274934 0.059537 -0.488263 1.080248 1.826034 -0.907969 -1.639065 -0.040718 0.805934 1.121893 -1.117896 -0.900303 -1.276657 0.644078 1.005590 -0.949086 0.816485 -0.759312 1.225679 -0.599323 0.124748 0.835936 2.155128 1.414552 -0.192361 0.386201 -0.800347 -1.294788 0.308073 -0.799044 -1.111033 0.831465 -0.535545 -0.779873 2.698763 0.522208 -0.051795 -0.973496 0.398600 -1.242626 -1.403677 -1.198009 -1.300825 -0.253848 0.563059 -0.270039 -2.034450 0.197366 1.256861 -1.016256 -0.826181 0.754110 0.502152 1.441600 1.014864 -0.633444 -0.128746 0.495021 -0.759633 -0.614823 -1.073687 0.928109 -0.833702 -1.175353 -0.301491 2.702556 1.000000
33 -1.063145 1.928928 1.007203 0.161627 0.400939 -1.338117 -0.944106 -1.197201 -0.299929 -0.986914 0.029824 1.341898 -0.912793 0.962016 -0.817585 -1.073907 1.740127 1.298751 -0.663861 1.507006 -0.764833 1.751470 0.026506 -0.112259 0.811614 -0.883778 -0.396453 0.767180 0.494062 0.716928 -0.600823 -0.180389 1.567476 -1.795384 2.546240 -0.212051 1.148218 -0.828681 -0.600906 -0.665388 1.165065 0.234828 0.965147 -0.327459 -1.355587 0.278999 0.817693 0.528347 -0.367230 0.996870 0.762099 -1.904632 1.080652 -0.109819 -0.405505 -1.701110 -0.816481 -0.632530 -0.285874 1.072852 -2.945634 0.307511 -0.759657 0.586263 1.333388 0.428784 1.171150 1.124112 0.210260 1.251398 -1.353631 -0.196823 -1.489343 0.200312 -0.801024 -0.724681 0.777726 0.457427 -2.017441 -0.615679 8.635793 1.000000
34 1.372845 -1.063268 -0.823305 -1.162616 -0.576823 -1.314416 1.226874 -2.760706 -0.204161 1.288369 0.328381 -0.116997 0.480081 1.597180 0.929677 -0.228638 -0.917597 0.603410 -1.098106 -0.472407 0.874965 -0.516366 -0.323391 -1.384477 -0.815757 -1.043028 1.907789 -1.642305 -0.595295 1.474036 0.537725 -0.297783 0.353282 -0.034161 0.306029 -1.553534 1.045258 0.384288 0.041090 -1.333724 1.320583 -0.987112 0.968593 -0.193321 0.933148 -0.059764 1.478254 -0.547142 -0.679483 -0.242480 -0.070346 -0.310688 -2.799788 -0.228031 1.895131 -0.978062 0.375373 -0.880116 0.142291 -0.898603 1.447609 -1.085131 -0.395887 -0.736072 -0.450986 0.374295 -0.494294 0.799081 0.716906 -0.019031 -1.475192 -1.044336 -1.560871 -0.597807 -0.140636 0.070569 0.216388 -1.898055 -1.777399 -0.788302 4.853910 1.000000
35 1.411931 0.608413 1.140756 0.342770 0.383654 -0.288699 -0.092445 0.065519 -1.132343 -0.064965 -0.604409 -1.683747 -2.044471 -0.076823 1.768705 0.011310 1.261420 -0.459995 -1.129118 0.664129 1.093173 1.054979 -0.874375 0.508278 0.544610 -0.273661 -0.801331 0.283472 0.958134 0.770830 -0.118399 0.722913 0.655573 0.660343 0.414999 1.011561 2.224530 1.091198 1.101581 -0.202473 -0.707253 0.537432 0.168970 -0.305694 -0.439987 -0.676201 1.153074 -0.259025 0.760321 -0.867654 -0.334382 -0.434908 0.343469 0.857688 -0.508732 -0.090568 -0.321426 1.565450 0.146464 -0.066608 0.339079 0.012015 1.883819 0.432997 1.674862 -0.868828 0.364864 -1.327355 -1.492284 -0.376348 -0.160074 -1.629983 0.808865 0.237149 -0.745456 2.317642 -1.863182 -0.243514 -0.327745 -1.265119 0.603969 1.000000
36 0.577066 -0.142973 0.781157 0.496311 -0.795931 1.339715 0.939521 -0.928106 -1.099934 0.530390 0.127515 0.141645 -0.547948 -1.130266 1.480900 0.500273 0.503174 0.950623 -1.150077 0.151643 0.493169 0.465055 0.938948 1.027718 1.419291 -1.056388 -1.832451 -1.221978 0.998229 0.626474 -3.153341 1.824674 2.135782 -0.430435 0.383511 0.610221 0.013950 1.825825 0.253061 0.591946 0.437992 1.938708 -0.051225 0.924813 0.060080 0.218613 -1.022186 0.684066 0.078254 -0.006641 -0.923806 0.635586 0.546256 -0.107230 -0.237791 -0.503573 1.103017 -1.316765 -1.050145 -0.898933 0.005765 0.678848 -0.213096 0.084317 0.630069 0.735726 -0.096636 0.637648 0.022290 -2.173010 0.549807 -0.312010 -0.317808 0.952818 0.776570 0.177727 2.170246 -0.933899 1.380978 -0.602603 0.814244 1.000000
37 -0.988369 0.969119 0.657890 -0.418573 0.929259 1.144722 0.019245 0.165103 -1.738119 -0.506911 -0.900934 -0.201200 -0.715832 1.504976 -1.354762 -1.835555 0.059615 0.317324 0.432344 1.360728 1.035929 0.397364 1.678275 -0.528668 -0.618985 1.967429 -0.300857 1.481686 0.987222 1.206420 -1.054790 1.321868 1.118117 0.054675 1.202517 0.475279 0.667240 1.096360 -1.935505 -0.443315 1.150961 1.184974 -0.101432 -0.067272 0.154746 1.760300 1.321434 -0.064860 0.281268 0.955061 0.785050 -0.857767 0.816817 -0.891008 -1.973005 -0.657507 0.372930 -1.559309 0.687870 1.072049 -1.541241 -0.205526 1.176649 0.118763 1.667954 0.928668 0.523040 -0.506101 0.686178 -0.937211 0.031158 0.533528 -0.274265 -0.296342 0.510236 -0.058033 0.655419 0.536452 -0.051519 -0.054829 13.097243 1.000000
38 -1.314712 0.473623 -0.511232 1.286752 1.634136 -0.264918 -0.136705 -0.703642 0.059092 -1.013630 0.664277 -0.534127 0.851744 -1.029435 0.200340 -0.058113 -0.278111 0.365142 0.052910 0.889584 -0.515090 0.781837 0.437802 -0.348306 -0.137255 -0.903698 0.458069 0.821071 0.168127 0.597779 -0.493514 0.353307 0.290181 -1.152187 1.778881 -1.021068 -0.027468 0.198150 0.015652 0.161039 0.544463 0.587938 0.770476 -1.271040 -0.840805 -0.338773 0.266860 0.116620 1.070248 -0.518197 -0.642901 -0.510971 0.832060 1.028803 1.275230 0.484627 1.051562 -0.543558 -1.273451 -0.463635 -0.513299 -0.995270 0.604693 0.365585 0.173602 0.583436 -0.649207 -0.267515 0.541062 0.930748 1.341092 -0.205652 1.496896 -0.235167 0.716596 -0.312177 1.775286 -0.584451 0.256930 0.567677 0.579451 1.000000
39 0.254343 1.932859 0.151709 -1.211313 1.010263 -0.205824 -0.730241 2.065907 0.104552 -1.396633 0.722623 -0.045146 -0.460087 -1.812113 -2.230208 0.713175 -0.203245 1.223977 0.352747 -0.523902 -0.158775 -0.883254 0.383532 1.281719 0.449456 0.018995 0.907100 2.145724 0.451669 0.579322 0.033284 -1.040955 1.479463 1.395696 1.166555 -1.383783 -0.451869 -0.446586 1.465042 1.106668 2.039218 -1.482891 -0.423734 -0.538035 -0.868432 -0.459300 -0.446647 -0.873442 -0.149468 -0.738692 -2.235345 -0.939755 -0.128937 0.004562 1.835601 0.508315 0.118069 -0.968983 -1.772182 -0.422440 2.169049 0.788752 0.846230 0.968298 -0.976358 -0.501741 0.282817 1.023026 -0.169259 2.507847 0.675823 -1.448939 0.257369 -0.053364 -1.580233 0.357350 0.818979 -1.439687 0.922902 0.011301 4.559596 1.000000
40 -1.142165 0.186104 0.831246 -0.597869 -1.161229 -0.098823 1.538519 0.905040 -0.488223 -0.009647 -0.115575 -1.754671 2.165145 0.163672 -0.275605 0.850513 0.011289 -1.764962 0.294131 -0.545469 2.544293 1.766508 -1.162012 -0.730171 0.330403 2.845345 -1.056646 2.320172 0.600975 0.061167 -0.975448 -0.960287 0.863137 -1.063367 -1.665527 -0.722252 0.375375 0.638345 0.510804 0.457214 -1.197371 0.601035 0.370329 -0.280115 0.207121 -0.563743 0.603049 -1.388350 -1.524062 -0.563359 1.553134 1.551838 0.284542 -0.696102 0.010678 -0.327155 0.956816 0.993181 -0.249959 0.745822 -0.968119 0.407544 -0.015433 0.796348 -0.658313 -1.329739 0.104642 -1.076073 1.200330 0.063256 0.601726 0.441554 0.165146 -0.143325 0.472710 1.435474 1.742021 1.069663 -0.187519 -1.552245 8.983477 1.000000
41 -0.390835 -1.176958 -1.066305 0.369179 -0.149254 0.297141 0.315602 2.065561 -0.355293 -0.316863 0.147006 0.884161 0.036655 0.314589 0.937723 -0.191584 -0.180436 0.364610 -0.635106 0.896851 1.088951 0.492211 0.064425 0.045294 0.540293 0.439594 0.595323 -0.970104 -0.420199 0.492375 0.248337 -0.475142 -0.461737 0.186019 -0.088622 0.921228 0.150378 0.720450 0.639178 -1.516727 -1.388562 -1.667428 -0.973265 -0.026902 1.171028 -1.576449 -0.016994 0.635404 -1.706240 -0.513161 -0.534140 1.080588 -0.032819 0.612291 -1.536886 1.114340 -1.356995 -0.691522 0.242657 0.473810 0.620051 1.094245 0.237166 0.231185 -1.578159 0.830276 -0.893112 0.097150 -0.312530 1.523750 1.067853 -1.038613 0.153748 -0.836469 0.059601 -1.856934 1.314874 -1.486175 1.306013 0.202647 6.850477 1.000000
42 -0.056008 1.637612 0.409221 -0.025832 0.258058 1.433311 -2.560616 -0.379087 -0.336523 -0.417042 -0.126492 -1.829173 0.119644 -0.024596 -1.455349 -0.255920 -0.101082 2.445728 1.789401 -0.292355 -0.149066 0.731446 -1.735026 0.421268 -1.584661 -0.490537 0.456393 0.032667 0.963250 -2.115514 -1.237834 -0.225660 -0.440005 1.080053 -0.502365 -0.665282 1.919924 0.479339 1.201925 0.172145 -0.580927 -1.048453 0.211656 -1.149460 -0.617555 -1.041198 0.261636 0.459153 -1.149842 0.774276 -0.414974 0.317899 0.061460 0.248121 2.007318 2.701921 2.218726 0.345746 -1.513144 0.148620 0.427162 0.194835 0.767138 0.384854 -2.225960 1.086708 -2.493169 -1.061118 -1.144146 -0.184434 -0.997805 -0.436718 -0.248338 0.470528 0.448472 0.772900 -1.099078 3.061416 -0.502036 -0.831918 6.862549 1.000000
43 1.568438 -0.451314 0.643463 0.659255 -0.624062 0.815551 -0.343900 -0.407681 -0.652079 1.147029 -0.268040 0.236020 -0.459655 0.555361 -1.574695 0.145143 0.104593 -0.295308 1.046919 1.804095 -0.447314 -0.815952 1.358731 0.254053 0.379781 -1.678920 0.212614 -0.605254 -0.204973 2.104309 1.354712 0.911908 -0.426044 -0.039458 0.489749 0.351105 1.558037 0.713809 -0.226327 -1.622609 1.096125 -0.974284 0.377948 -2.355280 -0.872088 -1.011213 -0.848107 1.103740 -0.434119 -1.758918 0.000709 0.626851 -0.455436 0.737201 -0.238390 -0.746387 1.249396 1.683168 0.516131 -1.193378 0.397815 -0.700555 1.059876 -0.074996 -1.823384 1.072225 -1.926128 -0.313064 1.339102 -0.497816 0.308034 0.465768 0.133837 0.102522 0.234351 -0.322270 0.861860 0.525928 -0.914847 -0.588812 0.563554 1.000000
44 -1.668008 1.770502 0.338758 0.224269 0.647631 -1.063813 1.132789 -0.514545 -1.704281 0.203648 -1.307194 1.401572 -0.782680 -0.919435 3.092853 1.261137 0.164322 -0.577577 -0.768937 0.300851 -0.086606 0.573581 -0.786512 -0.221605 0.737807 2.584089 -0.359153 1.397516 0.529675 0.121349 -0.199413 1.105151 -0.239336 1.620806 0.659335 -1.144391 0.104778 -0.010005 -0.688005 -1.536079 0.660378 1.271810 -1.152211 -0.802240 -1.445510 -0.863021 0.033462 -0.553546 1.111734 -0.070117 -0.891004 -1.024039 0.764325 -1.651536 1.424888 1.316005 0.414060 0.905549 0.381407 0.157011 0.627385 0.020104 -0.550402 0.136959 0.962545 -0.307786 -0.101670 -1.528320 0.293331 1.165792 0.220161 -0.093344 0.900074 -1.441133 0.825022 1.779602 -0.257408 0.424059 0.856626 0.156410 8.115745 1.000000
45 0.933879 0.447440 0.845149 -0.284369 -1.191263 -1.450868 1.048603 -0.231489 0.962378 0.528670 -1.072947 0.127841 0.005446 1.373056 0.385053 0.031031 1.023610 0.058081 -0.490549 0.988129 -0.714932 0.960451 -0.850886 -2.537541 -1.358175 0.317933 -1.266681 -0.677892 0.083951 -0.927777 1.075147 -0.948746 -1.111190 1.000068 -0.279857 -0.596722 0.169942 -1.737076 -0.848230 -0.154404 0.514061 1.406604 0.193372 0.221780 -1.205575 -0.729861 -0.126296 -0.328749 -1.159814 1.036386 -0.950058 -0.572616 0.355228 -0.215600 0.154010 -1.140550 1.239945 0.698783 1.272063 1.381955 1.337572 1.420358 1.175398 -0.054356 -0.935760 0.059122 -1.104779 0.594574 1.149121 -0.662664 0.289896 0.265569 -0.006933 -0.626688 -0.788592 -0.760643 0.368920 -0.110642 -0.524034 -0.935175 2.033540 1.000000
46 0.174223 -0.829089 -0.026007 2.233728 1.045272 -0.254122 -0.091899 -0.551024 -0.474298 0.804923 -0.830440 0.129626 -0.176078 -0.652630 -2.013097 0.563963 0.517404 -1.002596 -1.457254 1.238428 -0.038911 1.303912 -0.779957 -0.405485 -0.790859 0.776618 0.259732 0.168847 0.409057 1.517909 1.221409 -0.765511 -0.293953 -0.355824 1.615350 -0.578530 0.090654 1.479272 0.958845 -0.288029 0.760876 0.431627 -1.288699 -0.473135 -0.329936 -0.261704 0.423507 -0.487248 0.284172 0.734343 0.881841 0.574889 -1.664544 -0.077192 0.382193 -1.653532 -1.818420 -1.090750 0.973332 1.920799 0.584357 -0.208777 -0.648394 0.540590 1.225474 -0.851963 0.523842 1.930966 0.312236 -0.030743 1.316516 0.152672 -0.783071 -1.378322 -0.638662 -0.547165 -1.738776 0.165995 0.195279 0.985520 2.597941 1.000000
47 -0.174137 0.814228 -0.444945 -0.718537 1.961143 -0.318914 1.451582 -2.746691 0.899590 0.047718 0.205910 -0.691630 1.313699 -0.895466 -0.401433 1.537285 -2.598120 0.518999 -1.352215 1.097627 1.301576 -0.028154 0.408688 0.585106 0.822398 0.048569 0.757491 0.121566 0.882472 1.174617 0.399681 0.707171 0.143156 0.094094 -0.919822 0.676369 -1.146525 0.621823 0.800408 -0.476593 1.264336 -0.669601 1.489226 -0.310006 -1.147864 0.738864 0.373663 -2.217225 -0.863362 1.206642 1.054395 0.738431 0.142245 -1.273491 1.273747 0.216558 0.335376 -0.457202 -1.192344 -1.352339 -1.339109 -0.131348 1.929198 -0.552874 0.944226 0.462034 0.195261 0.530136 0.403477 -1.582040 0.082686 1.182912 -0.253925 -0.652234 1.641734 -0.945767 -0.709952 0.272699 -0.811551 -0.311362 2.043014 1.000000
48 0.544943 0.459925 0.048614 -1.119587 -0.469477 1.367271 0.604957 -1.994532 0.301805 0.942921 0.453842 -0.131826 -1.644787 -0.214455 1.649185 -0.809104 0.608800 1.722213 -1.931513 -1.351754 -0.853460 -0.648254 0.023630 1.157402 -0.854290 -1.364739 1.506880 2.253928 -1.253566 -0.176677 -0.050118 1.591068 -0.788955 -0.453261 -0.016120 -1.993725 0.577718 -1.355818 0.103932 -0.985440 -0.624697 -0.560598 -0.382807 -0.129963 0.737973 0.360715 0.747110 1.985496 0.711761 1.428647 -1.338983 0.161693 1.318223 2.438168 1.766040 0.120604 0.278777 -1.130295 0.407783 0.299072 -0.375891 0.141411 -0.628033 0.164592 -1.090852 0.011330 -0.583448 -0.434366 -0.321991 -0.711652 0.909405 0.567015 -0.237726 1.019464 -0.064624 -0.253469 0.178589 -1.683447 0.905701 0.204510 1.615340 1.000000
49 0.270443 0.122109 1.010979 -0.293413 -1.776136 -0.282466 -0.797814 0.130739 1.299269 -0.625575 -1.578994 0.166329 -0.255795 -0.104392 -0.097509 0.732856 -0.994823 -0.244761 1.762469 0.803131 1.189088 -1.377017 -0.419985 -3.222320 0.925489 0.318488 0.258763 -0.942260 0.671937 -0.796114 0.417479 -1.051858 -0.643238 0.850885 -0.559942 -1.019189 -0.517308 0.096663 -0.061106 -1.211542 -0.184355 1.255084 0.311307 -0.144766 -2.215454 0.317871 1.080031 0.084153 -0.211554 -0.469309 0.906591 -1.706002 -0.027806 -0.645129 -0.220802 0.052589 -0.792929 0.328883 1.075320 0.915378 -0.014946 -1.043428 -0.495513 -0.282302 1.853912 -0.531990 0.988210 0.827698 0.258714 0.465409 0.188643 0.799020 -0.413094 0.888937 -0.354110 -0.741974 -1.014747 1.086764 -0.374305 -0.107857 4.195720 1.000000
50 0.385799 -1.058085 -0.328066 -0.440872 0.625203 0.795834 0.291594 -0.888926 0.432722 1.926799 -0.269744 0.007668 -1.302349 -0.106764 -1.217047 -1.171081 -0.666262 1.130219 0.261863 -0.861070 -0.604192 -0.652524 1.455767 -0.892222 -0.968325 0.010819 1.266463 0.667006 -0.788321 0.473424 0.424034 2.375577 -1.876736 1.260529 0.996120 0.553827 -0.846034 0.580520 0.197452 -0.263191 0.161182 -0.210814 0.714611 0.551790 0.687151 -1.341850 -0.743377 0.097744 1.126778 0.633103 -0.312758 -0.092930 -1.372582 3.253488 0.781909 0.996872 0.806330 -0.343277 -0.411691 1.311353 0.719595 0.467596 -0.245245 -0.756351 0.499717 -1.034416 -0.029892 0.318356 1.739746 0.081718 0.076925 -0.860301 0.893608 -0.389030 1.309383 -2.094773 0.302827 0.289552 0.245881 0.552582 0.849049 1.000000
51 -0.168915 -0.439659 -0.063580 1.008293 -0.627872 1.155240 0.344476 -0.738176 -0.476495 -0.529156 -1.160427 0.073736 1.633114 0.699849 -0.632642 0.206930 0.274395 1.174560 -1.224884 -0.076900 -0.115014 -0.040545 -0.015887 0.816161 -0.105551 0.349601 -0.066072 -1.073798 -1.564942 -0.829568 -0.141413 0.439175 2.272694 -0.470932 -0.863419 -0.245972 -0.039233 0.950615 0.390323 0.164321 -0.707778 -0.539611 -0.727527 0.503637 -0.207526 -0.300056 -0.783085 0.429655 1.815755 0.912374 0.642159 -0.287574 -0.800272 0.329342 -0.471298 -0.250238 0.354910 -1.195965 0.716806 -0.412608 1.304368 1.261226 0.208121 2.137901 -0.786817 0.121639 -1.174462 -0.056288 0.744904 1.670714 0.367078 -0.936499 0.235387 -0.957836 0.425194 0.310618 1.041523 -0.028494 0.331751 -0.277934 0.374984 1.000000
52 -1.807920 1.678319 1.004105 -1.278863 -0.455489 -0.756325 -0.899783 -0.411622 0.727248 0.510107 0.675297 -0.109184 -0.396803 -0.689137 0.690832 0.365497 0.654189 -0.460255 -0.495952 -0.369107 1.122485 -0.387307 -0.724027 0.988569 -1.909314 0.564452 -0.801619 0.050639 1.654198 -1.335284 -1.231247 0.083671 -0.366548 1.201528 0.893729 0.411955 0.743317 2.148900 1.350284 0.152458 1.000084 -3.230777 -1.342684 0.294520 -0.968957 0.000603 0.564287 -0.382304 1.640700 1.095593 -0.028713 0.075464 -0.430248 0.376565 2.278846 1.028037 -1.833874 0.862979 1.050961 -0.880511 0.014536 1.120098 -0.259474 -0.315614 2.271263 0.603444 0.178861 -0.022410 1.008064 -0.440320 0.239045 -0.020362 0.093735 0.642581 1.378309 -1.688115 -0.572044 0.475673 -1.718193 -0.326458 0.016477 1.000000
53 0.677490 -1.087602 -0.591042 0.453909 -0.779736 -0.984486 -0.135569 0.235746 0.097084 -0.016220 -0.267524 0.452715 -0.529125 0.880657 0.791130 1.296813 -0.744658 0.148740 -0.580434 -2.039563 0.946220 -1.008182 -0.769108 1.762696 -0.602311 -1.993565 0.798950 0.056773 0.088384 0.312586 -1.290074 0.450932 -1.171611 -0.118531 -0.620368 0.377919 1.754118 0.475016 -0.900734 -0.623537 -1.388464 -1.204137 -0.710289 1.000177 -0.693636 -1.125102 -0.161471 -0.922405 0.239877 -1.062943 -1.166233 -1.060593 -0.424070 -0.617689 -0.012450 1.567482 -0.930737 -0.805174 -0.087324 0.166871 -0.978684 0.614902 -0.966806 -0.958943 1.741094 -0.109480 0.694066 -1.336080 -0.970928 0.247208 1.177920 -0.060129 0.745335 1.341405 1.683773 -0.449534 0.116410 3.010380 -1.179962 0.147932 6.046814 1.000000
54 -1.954893 -0.875092 0.485022 0.418914 0.042812 1.939126 0.567260 0.709081 1.372365 -0.541740 0.997580 -1.169430 0.504301 1.742705 0.057447 -0.896688 0.507218 -0.115136 0.826275 0.922034 -0.257377 2.013942 0.124808 -0.160430 -0.970650 0.141136 2.540192 1.701054 0.355564 -0.272126 0.051499 -0.123597 0.337896 -1.147281 0.411129 -0.691622 -0.206918 1.571278 0.826409 1.256819 0.027535 0.979678 -1.040437 -0.567937 -0.600559 0.753483 1.906423 -0.965000 -0.486441 0.838259 -0.749553 -0.375459 -0.527216 -1.483908 -1.204942 -0.406358 -0.134474 0.046529 0.463534 0.397457 1.776596 -0.961763 1.542289 0.738980 0.088487 -1.425425 -0.921420 0.664053 -0.586351 1.910139 -0.085963 -0.219860 -0.465359 0.779611 0.692763 0.507004 0.500861 0.195381 -0.738888 0.155490 14.180311 1.000000
55 0.266224 -1.379363 2.185549 -0.819303 0.465434 -0.678229 -0.100934 0.407174 -0.757612 -0.285499 0.069862 0.580022 0.030310 -0.021873 -2.157065 0.807526 0.384164 0.190148 -0.732184 0.897665 -0.002552 -0.269187 -0.094983 -1.788397 -0.468493 -0.735434 -0.321523 0.123460 -0.427513 -0.114717 -0.243006 -0.613022 -0.685649 -0.750832 0.328557 1.970629 -0.077075 -0.407953 -1.652226 0.624781 0.394330 -0.589684 -0.975491 -0.009163 1.259413 -0.371367 -0.986950 0.614716 0.406468 -1.719352 -0.883848 -0.545931 0.892753 1.061140 1.219895 -0.413569 0.369372 0.034298 0.102221 -0.830874 -1.707580 0.162948 -0.348018 -0.911199 0.214289 -0.304321 0.020009 -0.241858 -0.986874 1.369705 1.226400 1.813108 -0.629267 0.888060 1.768147 0.808262 0.162974 -0.248807 1.483390 -1.141105 5.140039 1.000000
56 1.132838 -1.149624 0.410152 -0.561794 -0.208918 -0.181474 -2.619662 0.503029 -0.074632 0.726985 -1.094628 -0.468481 -2.795612 0.267158 0.215760 0.873206 0.418943 -0.722885 1.271567 0.852164 1.296801 0.110426 -0.106902 -0.904415 -1.281462 1.715878 1.235850 -0.210196 0.076333 1.787052 0.032377 -1.169649 2.014902 -1.237860 0.783065 1.430672 -0.308627 -0.886671 1.135197 -0.935700 -1.012762 1.100670 -0.949889 -0.694057 0.077534 -1.130014 0.987306 -0.647334 -0.692255 1.113951 0.195970 0.272267 -1.167737 1.406209 1.265548 -1.527225 -1.580470 -0.904595 0.583348 0.018663 -0.597529 -1.714470 0.252372 0.558024 0.594700 0.890606 -0.443092 -1.058372 -0.355196 1.638684 0.580357 2.220360 -1.950087 2.395693 -0.058362 -1.430004 1.491929 -0.195016 0.106143 1.198230 0.168504 1.000000
57 -1.599910 -0.880449 0.474374 -0.668287 -0.650370 -0.334867 -0.015325 -0.583930 -0.188541 -1.098341 -0.067525 0.283068 0.494649 0.567866 -0.945775 0.980180 0.270895 2.287002 0.862061 -0.320779 -0.399674 -3.322208 -0.289138 0.990209 0.042006 -0.078030 1.678421 -0.397158 0.531906 -1.310258 1.704573 0.811692 -1.340369 0.400044 1.609497 0.993450 -0.194728 0.404016 -0.423107 0.431562 -0.294746 -1.171072 -1.344559 -0.770856 -1.266048 1.046230 -0.057305 0.005010 0.526546 -0.117517 -0.061379 0.811968 -0.500836 0.909237 -0.113713 0.526609 -0.505949 -0.518997 -1.443670 0.518976 -0.760974 1.811895 -0.084740 -0.402112 -0.401936 -0.394210 0.675517 0.810666 0.883393 0.567996 -2.508912 0.588877 1.861783 0.115360 -1.273466 1.540370 -1.054501 -1.707127 -0.034104 0.664531 15.867196 1.000000
58 -0.219061 -0.365031 0.364808 -0.948582 0.133999 -0.822726 0.185283 -0.590572 1.564167 1.311206 -0.414074 -0.344734 -0.900926 0.905861 -1.419497 -0.260814 -0.522147 1.236601 0.427406 -0.200243 0.121764 2.318893 -0.432047 0.108640 -0.618935 0.425655 -0.025370 -0.816389 0.856612 1.206605 0.717778 1.454234 0.655140 -1.139476 -0.088277 -0.937014 2.079883 -0.414254 -0.134878 0.363300 -0.054244 -1.403344 -0.631698 1.367794 -0.310050 1.174668 0.673222 3.002578 -0.009358 -0.661265 -0.185353 1.390549 -1.700665 0.004598 0.335523 -3.141130 0.865882 -0.750185 -0.015612 -1.822283 -0.621487 -0.633970 2.770112 0.984080 0.775095 0.132082 2.464532 0.132516 -0.146537 0.418713 -1.001609 0.729835 1.448439 2.297677 0.581826 0.592277 1.304592 0.081886 -0.094305 0.291803 6.323036 1.000000
59 -0.905599 0.667325 1.793244 -0.320787 -0.380297 -1.526370 0.259448 0.023429 -0.901138 -0.066271 1.333588 1.067102 -1.036354 -0.758036 1.548433 -2.148769 -0.222623 0.811521 -0.599334 0.068732 -0.880661 -0.628691 0.146428 -1.056992 0.354605 1.983166 1.229108 1.843322 -0.858901 0.044916 1.255633 -0.761334 -0.532728 -1.040407 0.480170 1.556979 1.817306 -2.117735 0.135495 -0.257570 1.548293 0.154618 0.492391 0.932088 1.002655 -1.953686 -0.753068 -0.288338 -0.263252 0.883043 -0.881293 -0.010433 0.191390 -1.243616 -1.498383 -0.514783 -1.561117 -0.932112 1.507723 -2.260341 -0.855966 0.460680 -0.425639 -1.317704 0.658210 0.015750 -1.708686 -0.273764 1.196042 -1.122470 0.560584 0.060347 0.584238 -0.636230 -0.553021 -0.981878 1.868058 -0.470644 0.702893 0.719527 18.159602 1.000000
60 -0.694113 -0.210574 0.363939 0.063185 0.107906 0.733202 1.233239 -0.406562 -1.023271 0.580665 -1.781963 0.679829 -1.237363 -1.173546 0.679338 0.138874 0.301153 -1.771031 -0.348453 -0.992503 0.928177 0.559283 0.107660 -0.261329 -0.577191 -0.999315 -0.820860 -0.414553 0.293774 2.411546 0.477370 0.990192 0.924390 -0.727070 -0.543532 1.156232 -2.710556 0.792750 0.652477 1.380533 0.536739 -1.651406 -1.514083 -2.373644 -0.724319 -1.668916 0.751132 -1.563070 -2.108053 2.651599 2.609339 -0.562562 -0.776889 0.234460 -0.697191 0.250249 0.574372 -0.079444 -1.468646 -0.800871 -1.121329 -0.400103 -0.585944 -1.614404 0.615109 1.013742 -0.025912 0.033019 0.769502 1.089688 0.432608 0.550197 1.026936 -1.711228 0.169822 0.927151 0.600165 -0.251662 -0.179156 1.506131 0.957109 1.000000
61 -0.237970 -0.009184 0.480867 1.177762 0.490732 0.447351 -0.148017 1.192319 -0.227971 -0.524047 -0.275742 1.280169 0.131362 -0.836589 2.350018 -1.412078 -0.716815 -1.192518 0.357604 2.787169 0.032422 -0.394483 2.005286 -0.572480 0.037171 1.729257 0.813284 -0.972202 1.026612 -0.092391 -0.568242 1.353271 1.400926 -0.716014 -0.342873 0.948957 -0.212446 1.036835 0.742565 -0.861269 0.283831 -1.195800 0.365247 0.427903 2.017197 -0.250891 -0.569035 1.352358 -0.564757 -1.186987 -2.485088 -1.090956 0.537960 0.736232 0.341223 0.807420 0.021548 2.888868 0.879410 -0.902618 0.819972 1.750980 -1.537427 0.160322 -1.292943 -1.766540 0.662631 -1.173261 0.234476 0.700989 1.844749 -1.506295 -0.969359 1.037961 -0.255130 0.585579 -0.594870 0.540498 -1.205515 0.371915 2.878967 1.000000
62 -2.190536 -1.677927 1.138079 0.738112 0.676865 0.520576 -0.308265 0.548745 -2.277837 0.407469 -1.562567 -0.997608 1.821681 -1.369584 0.216919 -0.523111 -0.487131 0.991748 -1.394320 0.336703 -0.218232 0.109774 -0.103983 -1.787864 -0.366979 0.989573 -1.936062 -0.500374 -1.115148 0.394004 -1.432252 -1.362587 -0.387168 0.057986 0.830391 2.572572 -0.918107 -0.269888 1.559770 0.596069 -0.003180 -0.568482 -0.596178 -0.595428 1.071762 -0.682665 -0.939589 -0.751910 0.374681 -0.624263 -0.565559 -2.514008 0.636968 -2.039265 -0.328006 -0.670612 -1.191557 -1.822374 1.028638 -0.463889 0.530388 1.473811 -2.269192 0.393570 0.203194 -1.862799 0.471598 -0.206889 0.417805 0.609523 -0.267623 0.117181 0.093633 0.551773 -0.423937 0.539261 0.023622 0.598359 0.088538 -0.937761 4.717342 1.000000
63 1.317195 1.826768 -1.995870 2.538608 -0.172272 1.712456 -0.037035 0.106101 0.728998 1.050872 -0.592966 0.010226 1.268783 1.431142 0.795499 0.394866 0.212885 1.623929 1.292814 -1.783449 -0.882499 0.387392 0.952493 0.138486 0.958140 -0.034056 0.535313 3.813134 1.184524 -0.548966 0.168016 -1.835203 1.106679 0.197381 -1.034214 0.997154 2.057060 -1.625266 -0.561386 1.582449 1.655982 -0.202935 1.807222 -0.474201 -0.952925 0.390525 0.349563 0.310331 -0.868373 0.053727 0.771434 -1.465343 0.903424 -0.478348 -0.275997 0.614899 -0.791916 -0.019892 0.201193 0.162144 1.442742 1.038627 1.080054 1.418866 0.019242 -0.359139 0.546706 -0.457735 -0.443635 2.306291 -0.020788 1.625392 0.136080 -0.527589 -2.269365 -0.635303 1.403338 -1.085183 1.772320 -0.188409 1.386885 1.000000
64 -0.160347 0.587280 0.322899 0.447771 0.110964 1.808148 0.247799 0.249599 0.002146 1.080171 0.171692 -1.225981 -0.810433 1.769866 -0.812973 -0.196256 1.331314 -0.950107 0.738832 0.133391 -1.403583 -2.022875 1.736590 0.457630 2.389720 1.655366 0.609471 1.190815 0.646324 0.426742 -0.801449 0.988253 2.080096 0.481948 0.136335 -0.606953 1.493623 -0.458688 -1.020676 1.548499 -1.545242 1.100355 1.045968 0.197737 0.045781 0.729070 2.046054 0.408146 0.088762 0.748685 1.384405 -1.505667 -1.128856 0.208125 -0.107181 0.634609 -1.819959 1.783138 -1.453354 1.473388 0.510306 -0.753656 -1.748216 -0.253451 1.143311 -1.580133 0.325275 1.317730 0.990248 0.324686 -1.042503 -0.534896 -0.803259 -0.667970 -1.637227 0.301126 0.009500 2.162685 0.390142 1.095228 4.356131 1.000000
65 0.741748 1.574316 -0.046729 -0.102999 0.185063 -0.500090 1.528097 -0.091217 1.187695 0.088945 0.445212 0.230950 -0.304701 0.580686 1.098242 -0.495445 -1.168965 0.645585 0.697287 -1.018050 -1.559404 1.356871 0.394717 -0.577223 -0.029270 0.163232 1.464858 -0.099384 -0.539089 0.441269 0.409823 -0.075916 0.258874 0.103666 -1.014199 -0.312412 0.765443 -0.480833 1.125455 0.392394 0.799471 0.894697 -0.873185 -1.277896 0.104400 1.174953 0.093801 -0.120253 1.549551 -0.265934 -0.654389 0.141777 -1.915725 1.058128 -0.366090 0.722436 -0.355074 0.705677 1.449419 0.184096 0.724943 1.640112 -0.603449 -0.320147 -1.437804 -0.008760 0.537047 0.286183 2.207929 0.807853 -1.387095 0.267232 -1.233228 0.427307 0.566373 0.421074 -0.204632 1.352757 0.263668 -0.871072 0.246621 1.000000
66 -0.350883 -0.119252 -0.914522 0.558876 -1.116251 -0.590376 1.057547 -0.528453 0.651144 -1.067081 -0.353856 -1.445105 0.944362 0.661601 0.058550 -1.782859 -1.260872 0.613276 1.321142 0.138829 -0.167809 -1.072670 -1.265962 -1.080187 1.234967 0.674793 0.346648 1.273146 -0.041275 0.398556 -0.513024 -0.005997 -1.859848 0.706472 -0.028645 -0.237048 -0.699281 1.157208 -0.331978 0.438210 -0.218383 -0.498167 -0.028816 1.358458 0.445665 -0.411943 -1.698731 -3.142322 -0.102166 -0.154432 -1.614837 -1.831647 0.453361 -0.933918 0.263253 -0.896915 0.604027 0.051445 0.032903 -0.409689 0.504875 -0.739749 -1.314859 -0.733891 0.597791 -0.787540 1.780396 -1.186904 0.385356 -0.418623 1.511830 0.296276 -1.378353 -0.809945 -0.269514 -0.153992 -1.541277 -1.885813 -1.629865 -0.909889 1.436883 1.000000
67 -0.489284 -2.026170 -0.850109 0.585166 -1.314599 -0.375847 1.163473 0.195323 0.013526 0.438951 -0.151430 1.522471 -0.028898 -2.453688 0.795779 0.294338 0.190710 -0.945270 -0.241680 -0.364112 0.428419 2.609819 -1.040568 -0.725208 -0.222147 0.440590 0.378265 -1.523069 -1.859854 0.745041 -1.373912 -1.445004 1.110184 0.373316 0.295976 1.120113 0.691182 0.577732 -0.342434 -0.980074 -0.025496 -0.247460 0.659155 -1.283964 -0.720755 -0.312229 0.882426 0.835901 -1.140959 0.994830 1.202074 1.178947 0.012181 0.871095 0.097301 -0.407596 -0.001944 -0.915793 -0.513042 0.368181 -1.201183 0.453807 0.566151 0.887550 2.273028 -0.124594 0.555570 -1.167555 1.392903 0.699522 0.941184 -0.286081 -1.715007 0.177821 0.321200 0.168831 0.041783 -0.964287 -0.945653 0.987751 2.553570 1.000000
68 1.351316 -0.503225 0.058696 -0.440344 0.727427 0.527199 0.120954 -0.476802 0.507265 0.930077 -0.141396 -0.092476 -0.564722 0.526593 0.234942 -0.766375 0.620163 1.760082 0.481054 0.435311 0.810459 -1.392869 -0.295501 -0.838705 1.916670 0.135436 0.587138 0.069586 1.375169 -0.597858 -0.820503 1.047285 0.275269 0.707632 -0.158576 1.143732 1.643573 -0.224534 0.704115 0.635684 -0.106017 -0.096902 0.275077 -0.226926 0.043738 1.288098 0.740200 -1.500920 -0.548168 0.568570 -1.565792 -1.571448 -0.471873 -2.046949 -1.975259 -1.217762 1.565111 0.536718 -1.043193 -0.520939 0.490213 0.250086 0.781023 -0.332541 -1.041012 -1.032237 1.585983 -0.457219 0.713071 0.794987 -0.323485 0.547775 -0.231444 1.286969 0.212976 -1.917622 -0.101050 -1.453676 0.283350 -0.084022 3.523333 1.000000
69 0.008829 1.661327 0.441920 1.188471 -0.425672 0.710262 -1.271908 0.216201 -0.126296 -1.304374 -3.155793 -0.133483 -0.297707 -1.728601 1.039947 2.279442 0.529091 -1.304609 1.210660 -0.794787 -1.289661 1.462445 -0.372429 -0.089271 0.009306 -0.847299 -0.733540 -1.508867 0.585312 0.442597 0.086237 0.189354 0.924780 0.653406 0.751591 -0.716811 1.513897 -0.917377 0.965861 0.306844 1.660406 -0.867414 0.226106 -2.005838 -0.695773 1.658143 0.429869 -1.983482 1.110053 -0.742035 1.206538 0.226914 0.147762 -0.835498 1.380780 -0.711651 -1.117855 0.398136 1.065026 1.920166 1.880622 -0.428313 0.056019 2.073412 -0.042327 2.468542 -0.267174 0.358244 0.107549 -0.797474 0.002998 0.269027 0.232085 0.669405 0.419006 -0.730774 1.855197 0.109455 0.370988 -0.630749 3.667254 1.000000
70 -0.790578 0.343920 0.013040 -1.477388 0.535243 -1.967715 0.670021 0.390350 -0.188418 0.622633 -0.040884 -0.318921 0.528178 -1.668705 1.979571 1.248983 0.778470 -0.403290 -0.498934 0.677598 -0.066181 1.260456 0.880569 0.058245 0.172836 2.349651 -1.397004 -0.665822 0.341128 1.129186 -1.078517 0.114034 0.158114 -0.400862 0.250275 2.033016 -0.051119 -0.460436 0.544853 -1.163007 0.202207 1.070523 -0.307790 -2.242251 1.373434 0.123731 -0.936770 -1.182254 -0.018754 1.013710 0.069403 2.188586 -0.299764 0.117280 -0.539733 -0.449695 0.250261 -0.793701 0.581248 -0.657349 1.648548 -0.450146 -2.333614 1.136278 -0.144814 0.794177 0.939302 0.724586 -0.600924 0.526555 0.521735 -0.756752 0.005031 -0.172355 0.057452 -1.175143 0.767281 0.500223 0.898391 1.023217 29.795151 1.000000
71 -1.460609 -0.347984 0.363281 -0.748139 1.267800 -0.655133 0.184356 -0.053632 0.910741 0.109824 -0.718321 -0.235899 -1.785132 -0.211957 0.316763 0.145526 -0.634763 0.665957 -0.345983 0.818173 1.032170 1.817662 -1.198426 0.487998 -0.276133 0.523981 0.709296 0.210283 1.656464 -1.695400 -0.853523 0.214367 -0.522328 -1.164540 -0.533712 -0.966755 1.247084 1.200802 0.277919 -0.888422 0.542721 1.579003 0.717661 -0.219768 -0.057220 -0.977699 0.511786 -1.103287 -0.494588 -1.398740 -1.043247 0.028863 -0.141802 -1.132077 0.537245 -1.667774 -2.165145 -0.048511 0.065999 -1.192801 0.090740 1.919084 -0.965938 0.451521 0.147637 0.296672 0.802119 -0.558278 -0.047624 0.111201 0.985296 1.612935 0.443036 1.443798 -0.206650 -1.192931 -1.841527 -0.294045 1.107171 1.118529 40.902752 1.000000
72 0.705084 0.662726 0.830438 -1.241863 -0.170830 -0.762727 -0.420759 -2.258268 -0.164759 -1.224312 1.431194 1.105707 -0.644868 -1.122647 -1.955434 0.380093 -1.381078 0.430993 -0.624512 -0.360405 0.975488 1.650237 -0.916795 -0.619794 1.563689 -0.442822 1.405514 0.236806 -0.063020 1.065102 -1.179186 -0.370865 0.872230 -0.730855 0.380415 0.215294 -0.358955 0.094474 -0.117653 -1.253080 0.037359 -0.110918 -0.240253 0.350930 -0.184977 -0.642421 -1.564304 -0.648280 1.568317 0.616961 -1.265691 -0.391615 -0.293024 0.016871 -0.220063 0.998149 -0.864149 -0.625394 0.634976 2.190512 0.302834 0.885172 0.990978 -0.702162 1.052227 2.333789 -1.969178 -0.035233 -0.554257 -0.641279 -0.527109 -0.609827 -0.445142 -0.384605 0.193083 0.974352 2.300238 -0.076728 -0.946810 2.813026 5.630251 1.000000
73 -3.445003 1.906849 0.783452 0.210294 1.362488 1.297454 -0.384806 -0.127744 -0.494563 -0.292789 -0.130343 -0.178408 2.866218 0.907379 -0.062085 2.095091 0.320357 0.108885 -0.149328 0.785650 0.267018 -1.074971 -2.029247 2.338830 -0.370187 -1.274617 -0.338874 0.820859 0.048781 0.326996 0.777116 -1.670521 -0.955552 0.511573 0.571413 0.573861 -0.166335 0.241951 0.180016 1.674164 0.748733 0.403468 0.217609 0.164750 -2.023522 -0.618212 -2.092061 1.644924 -1.112512 1.440220 -0.472380 -0.672165 -0.267557 -0.022806 1.629905 -0.848053 -1.041330 0.350826 0.469345 -0.148425 2.307704 0.651065 -1.392915 0.466595 2.429226 -0.029346 3.539314 -1.143087 0.359246 -0.023510 -1.167713 0.392067 0.703454 0.362722 1.227179 -0.679368 0.222110 -1.714107 -0.249740 -0.004223 17.065075 1.000000
74 0.960092 -0.717074 -1.079560 -1.072799 1.231780 0.080381 -1.055674 -1.685698 0.233970 -1.825713 0.034754 1.025286 -0.303375 0.854788 0.526983 -0.467151 1.439213 0.827196 -0.594053 -0.455423 0.775085 0.461190 -1.290901 0.723760 1.805878 -0.677563 0.692922 0.245255 -0.639266 -0.570897 0.054169 -0.667544 -0.756673 0.201211 0.926741 -1.322883 -2.580149 -0.098790 1.235494 0.444638 1.206250 -0.721225 -0.471683 -0.637670 1.026616 -0.457717 -0.212032 -0.228754 0.997632 -1.691228 -0.877548 0.419338 0.133241 1.770342 0.482253 0.903716 0.313605 1.050283 -0.632896 -0.544836 0.024881 -0.292960 -1.095212 -0.028358 0.242246 -1.933436 -1.317707 -0.675406 -1.313337 1.295480 -1.196838 -1.512393 0.700375 1.849819 0.953627 0.735714 -0.872837 1.791505 1.368052 -0.299388 0.265508 1.000000
75 0.236543 1.046996 -1.314845 -0.548329 0.404504 0.492760 -0.583606 -0.202738 -0.922251 0.405802 -1.048331 0.019812 0.514142 -0.339293 1.788107 -0.046534 1.447071 1.261949 0.398533 -0.549582 -0.692596 0.123260 0.469838 0.036653 0.185441 -1.358226 0.675229 2.118724 0.951077 -0.741397 -0.267529 0.026068 0.048375 0.737571 -2.513418 1.521094 0.403495 0.671168 -0.159280 -2.073432 -0.116836 1.444323 2.297320 0.638408 0.957149 0.544422 1.107881 -0.159234 -2.416758 -2.102012 -1.385300 0.455941 0.962924 -0.534521 -0.486827 -0.505233 -1.282813 -0.380537 -2.101692 0.606342 1.921394 0.693411 -0.479003 0.087299 0.872780 -0.458699 0.175835 -1.511000 0.799662 1.608591 -0.071125 -0.385184 -1.108584 0.543728 -1.038196 -1.056959 0.293329 -2.201378 0.475475 -0.047411 1.310175 1.000000
76 -0.722932 1.491601 0.338968 -0.826513 -0.047435 -0.775272 -1.461065 1.078198 0.329189 2.316244 -0.152923 1.302759 -1.155358 -1.846020 -0.472093 -0.573431 1.158706 1.615689 1.892230 -1.908373 -1.372258 -0.678826 -0.580964 -0.693338 -0.153438 -0.057931 -0.445291 0.866108 -0.743243 -1.406344 -1.007922 -0.140349 0.763121 2.194745 0.776829 -0.715356 -1.287335 0.581030 1.156728 -0.011300 -0.797327 1.312322 0.609727 1.150381 -0.889735 1.438930 0.661319 -1.234090 -0.455604 0.263184 -1.313131 0.005874 -0.450945 1.270916 -1.408890 0.602519 -0.376703 -1.383372 0.437320 1.548923 0.574393 -1.042302 2.788232 -2.024622 -0.604213 2.005462 -0.608634 -0.088089 -0.654087 0.970789 0.867137 -0.240147 -0.252084 0.528640 -0.663134 0.163915 0.314436 0.957320 -1.864364 0.749092 4.229885 1.000000
77 -0.871445 -1.523475 0.398612 1.423542 1.279025 0.142291 0.376818 -1.517314 0.652412 -0.392926 -0.164294 1.198935 1.236102 0.629977 -0.483152 0.068990 -1.036408 -0.253846 -0.514340 0.869173 1.226083 1.782601 -0.690433 -0.322601 -1.146474 0.540534 -1.373197 -0.534838 1.049483 -0.670471 1.961244 -2.051517 -0.288002 -0.514928 -0.066459 -1.257723 -0.347617 -1.092929 -0.729860 0.203811 0.525550 -0.257976 -0.725928 0.189183 -1.236093 0.710737 -1.230832 1.040387 0.668180 -0.020783 0.596057 -0.174575 -0.067914 -0.087669 0.013237 1.158426 0.690311 -2.103418 0.289912 -0.512990 0.402483 -0.708046 0.388512 0.941881 1.135998 -1.318552 1.092273 0.486638 0.947446 0.013417 -0.074221 1.016824 -2.999931 -0.417966 -1.709469 0.092041 -0.211823 1.303084 -0.492151 -0.391870 1.206177 1.000000
78 -0.617536 -0.622586 0.030095 -0.460108 0.039557 0.548868 0.078898 -0.857197 0.045036 0.085458 -1.555225 -0.320399 -0.362177 0.864487 -0.342155 -0.326449 -1.211775 0.355938 0.771751 -0.533245 1.580075 0.232586 -0.346875 -0.221080 -1.092691 -0.771803 0.389330 -1.009342 1.673588 0.385547 -0.162732 0.608913 1.103903 0.244766 1.425852 -0.117497 -0.627252 -1.160557 1.118819 -1.600639 -0.902741 -0.441549 -0.413201 -0.885606 0.421658 -0.000952 -0.145133 1.704271 1.282452 0.341634 -1.823157 0.257377 -0.577228 -0.512542 -1.021982 -1.459856 -1.506828 1.088712 0.151275 1.094744 0.011271 0.699200 1.329726 -1.780324 0.895725 -1.660428 1.382999 -0.503702 -1.673496 1.784613 -0.282088 1.013948 -0.599335 1.590511 0.762398 -0.691352 0.046765 -1.285919 -0.868185 1.463721 11.458040 1.000000
79 -0.821330 0.952881 -0.753824 -0.535603 -2.060414 -0.123973 -0.132969 0.420178 0.886413 1.076022 1.064504 0.200185 -0.560338 0.033816 -1.063613 0.609879 -1.227024 -1.011255 -0.559981 0.614527 1.305291 0.131620 1.190444 -0.250380 -0.297129 0.317313 0.458427 1.327970 -0.556227 1.770904 -0.954085 0.156880 0.257082 -0.705840 -0.646290 -0.878593 0.610731 -1.151145 0.872130 0.762617 -1.976768 -0.877462 -2.218342 -0.689010 -0.218226 1.761427 -0.045889 -0.733021 -1.263146 -1.959760 0.821961 0.043043 2.551703 -0.278610 0.828980 -1.310775 -0.863897 -1.412991 -0.151869 -0.190954 1.659744 -0.796278 -0.853518 -0.104190 1.548270 -0.838659 1.548139 -1.140791 -0.775457 -2.326593 1.298908 0.610148 -1.072034 0.474061 -0.762303 1.342674 -2.349704 0.115460 2.238682 -0.678361 2.767938 1.000000
80 -1.124835 0.559373 0.976885 -0.296672 0.222379 -0.458586 -0.926767 -0.707891 1.699551 -1.377489 -1.019359 -0.264808 0.540163 0.145038 1.561718 -0.100834 -1.688218 3.249419 0.487112 0.633998 0.718381 -0.425906 -0.005965 0.399098 -0.115193 0.057655 -1.992844 -1.050128 -0.121421 1.101828 0.449526 -1.251528 -0.343858 -0.107470 0.008450 -0.835571 -0.194315 -1.175311 0.405635 1.505600 -0.990711 0.356876 -0.207159 -0.611338 0.638848 0.058799 -1.435419 -0.356092 -0.222294 0.710487 2.327694 0.969037 0.195809 1.210386 0.372804 -1.354564 -1.298783 -1.096325 -0.322499 2.376899 -0.490872 1.006799 0.122697 0.498795 -0.614718 0.282496 -0.374150 1.011482 -1.185491 0.076049 3.156259 -0.592711 -0.040804 -0.539245 -0.810651 -0.743101 -0.170364 0.615653 -0.032385 0.425651 5.953890 1.000000
81 0.807849 0.583778 -1.010708 0.185680 -1.589554 -1.480196 -1.305506 1.271650 -0.686986 -0.292672 -1.367940 -1.263422 1.023346 0.756304 1.103107 0.877355 -0.291742 -0.300227 1.187804 0.473873 1.183974 1.216187 0.474402 2.100071 1.090368 -0.627973 -0.132653 -0.549983 -0.028332 2.846062 1.077156 -0.895614 -0.092260 1.680289 -0.722301 -0.837245 -0.134087 -0.315015 1.545752 -2.002388 0.102867 1.135613 1.485544 1.655264 -1.175413 -0.983168 -0.210663 2.335131 -0.314063 0.159618 -0.377533 0.092407 -1.812533 -0.383791 1.159053 -0.648117 -0.746525 -1.045461 1.592248 -0.607508 0.434919 2.180243 0.901412 0.700798 -1.420960 -0.844127 -0.716771 -0.421217 -1.391191 -1.009196 -0.140243 1.906718 1.563699 3.740921 0.028054 -0.503553 -1.715139 -0.616884 -0.279989 -1.263597 3.694903 1.000000
82 -1.265542 1.285564 -0.654688 -0.435696 0.578441 1.454975 -0.893647 0.769746 0.555223 0.592266 0.852059 0.643612 0.890982 0.466661 -1.030837 0.920923 1.112689 0.183968 -0.842451 -1.245158 -0.117696 0.133099 1.350961 -2.326079 0.061245 -0.093013 -0.312324 -0.111714 0.551727 0.747753 0.318277 1.185596 -0.739885 -1.494065 0.474895 -0.708614 0.741217 -1.859072 -1.133333 -1.415884 -0.700947 -0.868382 -1.312771 -1.023270 -1.589014 -0.875764 0.957236 0.736903 -2.109450 -1.896453 -0.236665 1.222048 -0.655389 1.899827 -0.603769 -0.683308 0.204818 0.128724 0.588011 -0.039029 0.063561 1.684523 -0.071556 1.501482 -0.375693 -1.266515 0.505416 -1.120904 0.991033 -0.068435 1.145785 0.296000 -0.360583 -1.441622 -0.083140 0.258756 -0.147336 1.254534 0.017051 0.603902 6.483400 1.000000
83 -0.505759 0.759780 -0.947666 -0.251191 -0.738275 -0.252947 -0.722869 0.860995 1.673804 1.222238 -0.540591 0.490071 -1.233415 -1.404322 2.011934 1.547120 -0.638212 0.582717 1.102967 0.356201 0.107040 -0.767346 0.969372 -1.794948 -2.499165 -2.297404 -1.233023 0.919342 0.183353 0.536030 -0.293584 0.176028 0.551154 -1.145431 0.428078 2.386244 0.838752 0.093740 0.313721 -0.372078 0.973300 1.603590 0.559388 0.144646 0.129411 0.586752 1.565343 1.025009 -0.302377 -0.475037 -0.923426 2.564755 -0.088897 -0.314919 -1.631444 1.164141 0.541052 1.063937 -0.804537 -0.902704 -0.211464 -1.127682 -1.270680 -0.749664 -0.716021 0.797424 0.701138 -1.158462 -0.552307 -1.954805 0.329977 -2.018147 -0.199713 0.360485 0.967475 0.187070 -0.585851 0.116035 -1.020168 0.739822 2.216405 1.000000
84 0.883240 0.138607 -0.954469 -0.254317 1.005680 -0.139346 1.427283 -0.569370 0.263888 -0.120905 -0.231514 -0.115170 -0.413638 -2.288880 -0.332103 1.275245 -0.276935 -2.068484 1.583807 -0.266257 2.278962 0.461471 0.725128 -0.109075 -0.584358 0.003744 0.855476 1.831588 0.062420 0.107268 1.380778 1.163591 0.315593 -0.191671 -0.402549 -0.408609 0.203569 -0.083318 -0.319017 -0.423288 0.237468 0.891809 0.320770 -0.053932 -0.615779 -0.969929 0.312855 0.112967 1.008183 -0.381458 1.158524 1.169427 0.044473 1.342748 -1.476088 -0.914220 0.044264 0.233855 0.162265 0.401164 0.071463 -1.479816 -0.224364 -0.008337 -0.549020 -1.092259 0.216641 -0.441815 -0.906209 -0.370525 1.075605 -0.466714 2.533421 1.000458 -1.628715 0.287619 -0.433191 -0.789550 -0.880769 0.748760 0.182863 1.000000
85 0.612775 0.729215 0.638313 2.605168 -1.330198 -0.156390 -0.527561 1.619321 0.148197 -0.607246 0.498681 1.457116 -0.968712 -0.359088 -0.529526 0.745390 -0.039653 -1.487041 1.643908 0.665073 -0.213275 1.262451 0.360140 0.897409 -0.782350 0.472986 -1.167574 -0.028838 -0.127398 -2.128263 0.034084 0.422326 0.853804 0.058958 -1.025770 0.428661 -0.368012 -1.322618 -0.914512 0.579475 1.408309 -0.413189 -0.911565 -0.897450 -0.770230 -1.490596 -0.736312 0.171695 -0.662718 1.574986 -0.768698 0.284999 -0.066713 -1.240831 -2.563628 -0.057214 0.369457 -1.704075 1.990274 0.816561 -1.415513 0.342540 0.679069 0.362007 -0.288676 1.327533 -1.120429 -2.000857 -1.144007 -1.298654 -0.003026 0.349098 0.320603 -1.648659 -0.796035 -0.735930 1.034008 0.000104 -0.506098 1.369602 3.646961 1.000000
86 0.108165 -0.101986 1.188039 -0.869745 0.686697 0.490782 -2.155113 -0.216366 -0.486714 -1.005709 -1.151177 0.931232 -0.956726 0.847054 -0.578915 -0.704040 -0.623291 0.139659 -0.635350 1.247840 1.268431 -0.790098 0.418492 1.006985 -1.372207 0.197627 0.666622 1.385470 1.964072 -0.851523 0.297388 -0.397058 -1.119800 0.270057 -0.176740 0.352728 -0.280392 0.622538 -0.434507 1.096036 0.810213 1.413253 0.188472 -1.435556 1.734722 -0.454887 1.915331 0.665929 1.736205 -0.025765 0.745309 0.765278 -0.741561 -0.160161 -0.654709 1.231523 0.357525 2.383512 -0.566590 0.538483 -0.734665 0.518311 -0.258344 -1.658721 -0.548934 -0.024666 -0.367416 -1.742041 -0.163086 1.954815 -1.102470 -0.538108 -0.259255 0.187977 -0.622909 -0.085640 0.212600 1.245613 -0.999142 1.850723 2.647206 1.000000
87 -0.076345 -0.564764 -0.106532 0.133629 -0.786897 0.171041 -0.375898 0.206415 2.289074 1.695268 -1.896622 1.594563 0.727417 -2.357670 -1.040294 -0.689340 1.550140 -0.345452 1.728178 1.467065 2.467337 -0.253780 0.396641 -0.723170 -1.773872 0.372903 -0.049661 -1.276269 1.072892 0.128642 0.265203 0.705180 -0.363678 -0.491307 -1.155413 0.550418 0.908697 1.493686 0.342819 -0.048890 0.522069 0.813945 -1.112040 -0.514908 -1.729966 -0.046762 -0.992496 0.451793 -1.957611 -0.062464 1.401463 -0.232867 -0.389904 -0.416001 0.570196 -0.386622 1.288717 0.265257 0.915671 -1.041166 -0.080017 -0.952419 0.577765 1.936014 0.377444 1.013566 -1.499295 -0.335436 0.244657 1.060151 0.743844 0.002053 -1.100367 1.438434 -0.650413 1.169337 1.302238 -1.527615 -1.002308 1.708651 12.448225 1.000000
88 0.546253 -0.669345 -0.784179 1.233788 -1.218116 -1.146855 0.188360 0.042783 1.181307 -0.519015 1.586933 0.841916 1.908395 1.128066 3.006896 0.580548 -1.638829 0.618741 -0.041637 -0.302757 -1.071537 1.542505 0.130218 0.768545 0.841350 -0.714907 0.297589 1.255635 1.629569 -1.292602 -1.533770 0.227385 1.753672 -0.382035 -0.150123 -1.062112 1.573495 1.177056 -1.173751 -0.485524 0.903462 0.608034 2.065292 0.817875 0.174739 1.006268 0.891276 -1.717390 0.920557 -1.493833 1.080844 1.778482 0.614613 1.144742 1.201547 -0.503510 -0.943433 -0.522095 -0.483348 1.465843 -0.505711 -0.265675 -0.902045 -0.464373 -1.808651 0.276510 -0.669095 1.790514 0.656641 -0.620955 1.549238 -1.147333 1.068205 -0.447366 -0.991310 0.294947 -0.589255 0.500393 -0.331746 -0.238461 0.269803 1.000000
89 -1.061551 -0.836142 0.594175 0.422064 0.549356 0.792094 1.677823 0.098478 0.091848 -0.343121 1.714390 1.089841 -0.512593 -0.753372 1.748142 -1.284794 -1.570013 2.201679 -0.308396 -0.978187 0.673713 -0.278771 0.582027 0.845957 0.579859 0.211203 -1.713932 0.227151 2.072928 -0.645588 -1.689267 1.360674 -1.800033 1.599016 -0.087934 0.475499 -1.446261 -0.428071 0.376120 -0.154695 -1.181568 -0.392706 0.364733 -0.460132 -0.573792 0.243468 -0.271603 0.994456 -0.498572 -2.363199 -0.787384 0.921659 1.957519 0.137822 0.289272 -0.255846 -0.567930 -0.177412 0.332344 0.282973 -0.992896 -0.880026 -1.453884 1.064350 -0.672115 -1.039000 0.269342 -0.933630 0.761794 0.530150 2.237528 0.107516 1.650032 0.278178 0.611752 1.102971 -0.967178 -1.190571 -0.166786 -1.988059 11.845496 1.000000
90 0.146349 -0.594750 0.503783 1.420282 0.043190 -1.232205 0.274899 -0.747017 -0.289180 -0.436786 1.347326 1.909500 -0.867092 0.593258 -0.155576 -0.082292 0.815979 0.234256 -0.763271 -0.872423 -0.177713 0.560917 -1.351963 0.136637 0.898013 0.364014 0.191410 0.562393 -0.392176 -1.151776 -1.041127 -0.620313 0.560695 2.181597 -0.944900 -0.156508 0.658076 2.197305 -0.013223 0.675720 0.939017 -0.265448 -1.414661 -0.082617 0.406720 1.336247 0.957629 -0.261198 -0.475666 0.687630 -0.479272 -0.529260 1.745163 0.329986 0.529146 -0.585709 0.376849 -0.199984 -1.694360 -1.114979 1.550991 -0.597559 1.154863 -0.161160 -0.745420 1.995170 0.467417 1.952538 -0.207527 -2.154947 0.004261 -0.163501 0.543643 -0.293045 0.971020 0.128081 1.874855 -0.320899 -0.467734 1.415054 0.012268 1.000000
91 -0.238537 -0.197336 0.214734 1.871763 -1.181441 0.141635 1.631307 0.251397 0.332607 -1.846252 -1.221675 0.306178 0.853795 -1.164493 -1.063561 -1.433846 -1.190344 0.403858 0.584452 -0.833155 -1.991259 0.477743 0.459558 0.289228 0.025052 -0.062329 -0.289605 -1.674794 0.875918 1.781952 1.379129 1.235869 -1.189552 0.489896 -1.839050 1.082457 0.675405 -0.681479 -0.726137 0.149783 -0.917369 0.180081 0.626393 0.591452 -0.557994 -0.809578 -0.406685 1.691596 -0.242378 0.404997 -0.546210 1.065550 -0.832032 0.383039 1.113556 1.818361 -0.343089 1.366257 1.006301 0.102231 -0.285946 -1.429940 0.528062 0.585783 0.665666 -0.471536 0.676884 0.296709 0.229388 -0.652614 1.185446 2.330433 -0.434003 -0.646151 -1.013866 -2.697224 -0.079439 -2.421559 0.656331 -0.163598 8.387341 1.000000
92 -0.675173 0.066108 -0.767834 -2.412581 -1.579551 -0.942902 1.745381 -0.678218 -0.393218 -0.044447 0.643448 1.718102 1.653803 -0.728764 -0.012851 0.883382 0.811094 0.422577 2.108197 -0.690727 -1.565605 0.183050 0.175223 -1.294765 -0.537089 -0.197887 0.413330 -0.245461 1.423971 0.282461 1.553062 -1.603810 -0.643973 0.710775 -0.129662 0.874485 0.833869 -0.119680 -0.621472 0.230789 -0.208699 -0.200399 1.041733 -1.530538 -1.705554 -1.557486 -1.096587 -0.234097 -0.470611 -1.200098 0.598028 -1.091751 -0.064026 -0.969568 -3.655938 -1.063532 0.536456 -0.371338 0.268398 0.143232 -0.322279 0.914759 -1.294614 -0.924826 0.853838 0.446796 0.693169 2.111517 2.391078 -0.285488 -1.083631 2.582028 2.131002 -0.043787 -1.222657 -0.127476 -0.570570 0.334924 1.116566 -2.269530 0.237147 1.000000
93 0.229555 0.614143 0.342116 -2.091681 0.289006 0.343282 -0.401764 0.399516 -1.447978 -1.560451 0.661777 1.035238 -0.202255 -1.228139 0.608509 -0.029709 0.492551 0.116783 0.342762 0.252795 -0.825088 1.056607 -0.483280 1.277983 1.569226 2.161288 -0.138471 0.608376 1.019121 -1.606931 0.760305 -1.530240 0.812339 -0.301886 -0.883367 1.384294 0.135949 -0.255771 0.449046 1.584412 0.691438 0.072393 -0.877709 -1.408981 1.716261 -0.212049 1.545249 0.057088 2.375368 -1.452887 -0.321412 0.567849 -0.710884 0.375875 2.109734 -0.131502 0.587856 0.354820 -0.690751 -0.388365 -0.429216 0.936883 -0.823993 0.417188 -1.367133 0.603714 1.095882 0.689090 -0.982429 0.283022 -0.230482 0.887095 -0.409665 0.408804 -1.277040 -1.058147 2.503919 0.630693 1.713687 -0.123716 2.267471 1.000000
94 -0.290310 -0.415668 -1.597386 -1.715771 -1.080066 -0.269133 -0.040007 -0.443449 -1.193383 -0.390658 -0.578836 -1.242087 0.309199 2.238216 -1.789804 1.116831 0.352098 0.115945 -0.442820 0.123607 1.790412 -0.546672 0.988773 -0.313880 -1.254452 0.042558 0.632950 0.616719 -1.742049 1.028845 -0.324250 0.262557 -0.338017 0.187424 -0.584350 -1.257768 1.019706 -2.576834 -0.767229 0.653764 -0.255513 -0.802114 1.714252 -0.574532 -0.590620 0.751331 -1.023115 -1.456272 1.626452 -0.291309 -0.037528 -0.885346 -1.502180 1.696864 0.445722 -0.337371 1.627516 1.670523 -0.471284 -1.399219 -1.817365 -0.104040 0.811567 1.768034 0.588838 0.053846 0.789634 -1.397011 -0.999191 -0.544125 -1.631894 1.032487 -1.284143 -1.673224 0.085629 0.049191 -2.168564 -0.296466 -2.485992 0.405951 6.100032 1.000000
95 -1.601515 -0.806795 -1.014046 -1.666817 -0.754718 -0.825837 -0.345374 -0.416113 -0.015262 1.668846 -0.779932 0.339550 1.622873 -1.041013 0.729453 -0.691493 -0.700806 -0.548996 -0.671368 -0.001643 -1.055837 2.643934 -2.445148 0.114095 -0.712011 -0.530370 -0.293926 -0.236409 0.755034 -0.051692 1.851962 0.211075 0.013155 -2.019744 0.678061 -1.489055 0.682354 1.050646 -1.367125 -0.027365 -0.229496 0.783248 1.179569 1.989354 -1.254350 -1.163304 -1.863980 1.621679 0.684914 -0.821609 0.811245 -0.181120 -0.960569 -1.203553 0.840939 -0.456278 0.898279 -0.361041 1.150344 0.400590 0.332760 0.483650 -0.448751 -1.211289 0.514312 -0.062303 0.683682 1.047736 -0.243043 2.073723 1.218911 0.594686 1.250575 0.043666 -0.632138 0.870461 1.450034 -0.067096 0.150303 -0.870651 11.535741 1.000000
96 0.223274 -0.322969 -0.395361 0.092524 -2.386807 -0.268889 -0.562517 1.860613 1.451060 -0.627223 0.344125 1.608362 -0.658485 -0.018376 0.843554 0.758661 -0.399459 1.969208 2.700068 -0.110948 -1.933758 0.637690 -0.395983 -0.673336 0.720683 -0.409907 0.856431 0.182490 1.090688 0.962847 -0.052912 1.774066 0.034288 -0.408779 0.902144 -0.718244 -0.841790 -0.749618 -0.566653 1.745829 0.170223 0.232368 0.706764 1.045437 -0.119139 0.831525 -0.165316 -0.052625 -1.268077 0.182869 -0.863940 0.031058 -1.269351 -0.761775 0.383295 -1.934321 1.246112 2.028835 1.073991 0.514148 -1.208663 -1.634202 0.688987 -0.384982 -0.828788 0.865479 -0.988589 -1.618762 -1.355574 0.455273 0.146274 1.167542 -0.729045 1.041510 1.618385 -0.853824 1.381525 0.251268 0.619961 0.208929 7.913235 1.000000
97 -0.056725 2.005005 1.152742 1.318996 0.491152 -2.026576 0.398946 1.299630 -1.573652 1.679594 -2.962941 0.264975 0.124890 0.446251 0.246982 -0.209350 0.970460 -0.127130 0.056623 0.256050 0.976043 0.322737 -2.050630 0.447914 0.526991 -0.804151 -0.499840 0.579557 -0.487829 -0.281852 -0.449782 -0.349586 -0.993153 -0.976469 0.231574 0.090276 0.096957 -1.349672 -0.484899 0.293388 0.019187 -0.023772 2.830918 0.150344 -0.684199 1.178362 0.214656 0.603556 2.415604 1.060400 -2.038449 -0.321331 -1.126469 -1.242223 -1.892640 0.835737 0.985807 2.893079 -0.293597 -1.184693 0.456200 0.973073 0.514869 1.884067 -2.042036 -0.323594 -2.482074 -2.101081 -0.035132 1.523755 -1.777710 0.463962 0.366015 -1.757489 0.782268 0.079687 0.120562 1.702232 1.319068 0.537134 1.341203 1.000000
98 -1.225917 -1.345591 0.253008 0.262295 -0.317824 -0.641532 -0.772523 -0.536440 0.425268 0.995973 1.177349 0.661660 1.572475 1.322566 -0.367117 -0.714351 0.296814 0.222255 0.192165 0.358430 0.116745 0.074252 0.894658 0.973626 0.477269 0.832935 0.947724 0.455526 -1.004903 0.519487 -0.277637 0.168434 -1.224324 1.307801 1.102486 0.111294 1.517659 -0.519589 0.047135 -0.303834 2.001830 1.472613 -0.443536 0.666362 -0.401895 0.963610 0.779469 -0.111482 -0.021734 2.506250 -0.495317 -1.460285 0.743463 0.869946 0.584632 -0.225514 -0.609337 -1.278011 -0.166917 0.928506 -1.059476 1.067000 0.578948 2.084020 -0.154983 0.960504 1.500391 -1.138734 0.897210 -0.235568 0.013253 0.290001 0.824177 0.184014 0.715274 0.265210 0.290392 0.634544 -0.625615 1.257268 1.321140 1.000000
99 -0.115151 -1.230639 0.096210 -0.533069 -1.376658 -0.113548 0.231677 1.194024 1.107521 1.426442 1.628875 -0.223495 0.051369 0.884324 -1.800534 -0.214886 0.356321 -0.291699 0.166414 -0.448399 -0.768110 -0.962797 0.087893 1.268507 -0.855542 1.328068 0.278030 1.521460 1.138835 -0.470311 -1.935918 -0.371710 1.206207 -0.923560 0.640823 -0.876612 1.200440 0.665284 0.874219 -1.714772 -0.547554 1.920520 -1.101142 -0.068205 -0.695397 -0.032244 0.378051 1.050269 1.076034 -0.114870 -1.261952 -0.057371 1.602306 0.683403 0.278576 0.251319 0.153013 -0.086237 0.333865 0.972205 0.713195 0.680941 1.960882 -2.060293 -1.986235 -1.590176 1.225047 2.851205 0.943623 1.490881 -1.197901 -1.211956 0.473733 -0.336922 0.373821 0.904611 0.782594 0.386357 -1.168024 -1.398029 1.376399 1.000000
100 0.227432 0.645268 -0.960892 -0.900951 0.346966 1.055137 0.774968 0.122985 -0.830682 0.558519 0.531368 0.377748 -0.310210 1.188531 -0.435856 -0.741480 1.884899 0.192280 -0.409455 0.878943 -1.026475 0.209477 1.383760 0.711242 0.380405 -1.045785 0.754015 -0.145557 -0.510688 -1.299123 0.530449 0.604314 -0.369335 1.060108 0.275212 -1.772545 -0.079083 -0.462679 -0.462541 1.581811 -0.040707 -2.171856 1.026566 0.561440 1.455153 -0.502032 0.535804 -0.635388 0.837075 -0.686517 -1.429210 0.775944 -0.487998 0.041444 -0.045724 -0.252200 0.098683 0.452042 -0.741272 1.999213 -0.869331 0.750797 1.188756 -0.108316 1.292150 0.115636 1.095011 -0.646331 0.300807 -0.202918 0.866842 -0.843030 -1.300316 0.161017 1.768998 0.407921 -2.043500 0.319043 -0.615864 -0.248820 0.124414 1.000000
uncorrelated Gaussian covariates
missing covariate fraction: 0.000000
no latent classes
   lambda(t|risk 1)=C, <t>=4.000000 for zero covariates
   risk 1: beta[1]=0.500000
   risk 1: beta[2]=0.000000
   risk 1: beta[3]=0.000000
   risk 1: beta[4]=0.000000
   risk 1: beta[5]=0.000000
   risk 1: beta[6]=0.000000
   risk 1: beta[7]=0.000000
   risk 1: beta[8]=0.000000
   risk 1: beta[9]=0.000000
   risk 1: beta[10]=0.000000
   risk 1: beta[11]=0.000000
   risk 1: beta[12]=0.000000
   risk 1: beta[13]=0.000000
   risk 1: beta[14]=0.000000
   risk 1: beta[15]=0.000000
   risk 1: beta[16]=0.000000
   risk 1: beta[17]=0.000000
   risk 1: beta[18]=0.000000
   risk 1: beta[19]=0.000000
   risk 1: beta[20]=0.000000
   risk 1: beta[21]=0.000000
   risk 1: beta[22]=0.000000
   risk 1: beta[23]=0.000000
   risk 1: beta[24]=0.000000
   risk 1: beta[25]=0.000000
   risk 1: beta[26]=0.000000
   risk 1: beta[27]=0.000000
   risk 1: beta[28]=0.000000
   risk 1: beta[29]=0.000000
   risk 1: beta[30]=0.000000
   risk 1: beta[31]=0.000000
   risk 1: beta[32]=0.000000
   risk 1: beta[33]=0.000000
   risk 1: beta[34]=0.000000
   risk 1: beta[35]=0.000000
   risk 1: beta[36]=0.000000
   risk 1: beta[37]=0.000000
   risk 1: beta[38]=0.000000
   risk 1: beta[39]=0.000000
   risk 1: beta[40]=0.000000
   risk 1: beta[41]=0.000000
   risk 1: beta[42]=0.000000
   risk 1: beta[43]=0.000000
   risk 1: beta[44]=0.000000
   risk 1: beta[45]=0.000000
   risk 1: beta[46]=0.000000
   risk 1: beta[47]=0.000000
   risk 1: beta[48]=0.000000
   risk 1: beta[49]=0.000000
   risk 1: beta[50]=0.000000
   risk 1: beta[51]=0.000000
   risk 1: beta[52]=0.000000
   risk 1: beta[53]=0.000000
   risk 1: beta[54]=0.000000
   risk 1: beta[55]=0.000000
   risk 1: beta[56]=0.000000
   risk 1: beta[57]=0.000000
   risk 1: beta[58]=0.000000
   risk 1: beta[59]=0.000000
   risk 1: beta[60]=0.000000
   risk 1: beta[61]=0.000000
   risk 1: beta[62]=0.000000
   risk 1: beta[63]=0.000000
   risk 1: beta[64]=0.000000
   risk 1: beta[65]=0.000000
   risk 1: beta[66]=0.000000
   risk 1: beta[67]=0.000000
   risk 1: beta[68]=0.000000
   risk 1: beta[69]=0.000000
   risk 1: beta[70]=0.000000
   risk 1: beta[71]=0.000000
   risk 1: beta[72]=0.000000
   risk 1: beta[73]=0.000000
   risk 1: beta[74]=0.000000
   risk 1: beta[75]=0.000000
   risk 1: beta[76]=0.000000
   risk 1: beta[77]=0.000000
   risk 1: beta[78]=0.000000
   risk 1: beta[79]=0.000000
   risk 1: beta[80]=0.000000
