active=80: 1 2 3 4 5 6 7 8 9 10 11 12 13 14 15 16 17 18 19 20 21 22 23 24 25 26 27 28 29 30 31 32 33 34 35 36 37 38 39 40 41 42 43 44 45 46 47 48 49 50 51 52 53 54 55 56 57 58 59 60 61 62 63 64 65 66 67 68 69 70 71 72 73 74 75 76 77 78 79 80 
active=79: 1 2 3 4 5 6 7 8 9 10 11 12 13 14 15 16 17 18 19 20 21 22 23 24 25 26 27 28 29 30 31 32 33 34 36 37 38 39 40 41 42 43 44 45 46 47 48 49 50 51 52 53 54 55 56 57 58 59 60 61 62 63 64 65 66 67 68 69 70 71 72 73 74 75 76 77 78 79 80 
active=78: 1 2 3 4 5 6 7 8 9 10 11 12 13 14 15 16 17 18 19 20 22 23 24 25 26 27 28 29 30 31 32 33 34 36 37 38 39 40 41 42 43 44 45 46 47 48 49 50 51 52 53 54 55 56 57 58 59 60 61 62 63 64 65 66 67 68 69 70 71 72 73 74 75 76 77 78 79 80 
active=77: 1 2 3 4 5 6 7 8 9 10 11 12 13 14 15 16 17 18 19 20 22 23 24 25 26 27 28 29 30 31 32 33 34 36 37 39 40 41 42 43 44 45 46 47 48 49 50 51 52 53 54 55 56 57 58 59 60 61 62 63 64 65 66 67 68 69 70 71 72 73 74 75 76 77 78 79 80 
active=76: 1 2 3 4 5 6 7 8 9 10 11 12 13 14 15 16 17 18 19 20 22 23 24 25 26 27 28 29 30 31 32 33 34 36 37 39 40 41 42 43 44 45 46 47 48 49 51 52 53 54 55 56 57 58 59 60 61 62 63 64 65 66 67 68 69 70 71 72 73 74 75 76 77 78 79 80 
active=75: 1 2 3 4 5 6 7 8 9 10 11 12 13 14 15 16 17 18 19 20 22 23 24 25 26 27 28 29 30 31 32 33 34 36 37 39 40 41 42 43 44 45 46 47 48 49 51 52 53 54 55 56 57 58 59 60 61 62 63 64 65 66 67 68 70 71 72 73 74 75 76 77 78 79 80 
active=74: 1 2 3 4 5 6 7 8 9 10 11 12 13 14 15 16 17 18 19 20 22 23 24 25 26 27 28 29 30 31 32 33 34 36 37 39 40 41 42 43 44 45 46 47 48 49 51 52 53 54 55 56 57 58 59 60 62 63 64 65 66 67 68 70 71 72 73 74 75 76 77 78 79 80 
active=73: 1 2 3 4 5 6 7 8 9 10 11 12 13 14 15 16 17 18 19 20 22 23 24 25 26 27 28 29 30 31 32 33 34 36 37 39 40 41 42 44 45 46 47 48 49 51 52 53 54 55 56 57 58 59 60 62 63 64 65 66 67 68 70 71 72 73 74 75 76 77 78 79 80 
active=72: 1 2 3 4 5 6 7 8 9 10 11 12 13 14 15 16 17 18 19 20 22 23 24 25 26 27 28 29 30 31 32 33 34 36 37 39 40 41 42 44 45 46 47 48 49 51 52 53 55 56 57 58 59 60 62 63 64 65 66 67 68 70 71 72 73 74 75 76 77 78 79 80 
active=71: 1 2 3 4 5 6 7 8 9 10 11 12 13 14 15 16 17 18 19 20 22 24 25 26 27 28 29 30 31 32 33 34 36 37 39 40 41 42 44 45 46 47 48 49 51 52 53 55 56 57 58 59 60 62 63 64 65 66 67 68 70 71 72 73 74 75 76 77 78 79 80 
active=70: 1 2 3 4 5 6 7 8 9 10 11 12 13 14 15 16 17 18 19 20 22 24 25 26 27 28 29 30 31 32 33 34 37 39 40 41 42 44 45 46 47 48 49 51 52 53 55 56 57 58 59 60 62 63 64 65 66 67 68 70 71 72 73 74 75 76 77 78 79 80 
active=69: 1 2 3 4 5 6 7 8 9 10 11 12 13 14 15 16 17 18 19 20 22 24 25 26 27 28 29 30 31 32 33 34 37 39 40 41 42 44 45 46 47 48 49 51 52 53 55 56 57 58 59 60 62 63 64 65 67 68 70 71 72 73 74 75 76 77 78 79 80 
active=68: 1 2 3 4 5 6 7 8 9 10 11 12 13 14 15 16 17 18 19 20 22 24 25 26 27 28 29 30 31 32 33 34 37 39 40 41 42 44 45 46 47 48 49 51 52 53 55 57 58 59 60 62 63 64 65 67 68 70 71 72 73 74 75 76 77 78 79 80 
active=67: 1 2 3 4 5 6 7 8 9 10 11 12 13 14 15 16 17 18 19 20 22 24 25 26 27 28 29 30 31 32 33 34 37 39 40 41 42 44 45 46 47 48 49 51 52 55 57 58 59 60 62 63 64 65 67 68 70 71 72 73 74 75 76 77 78 79 80 
active=66: 1 2 3 4 5 6 7 8 9 10 11 12 13 14 15 16 17 18 19 20 22 24 25 26 27 28 29 30 31 32 33 34 37 39 40 41 42 44 45 46 47 48 49 51 52 55 57 58 59 60 62 63 64 65 67 68 70 71 72 73 74 75 76 77 79 80 
active=65: 1 2 3 4 5 6 7 8 9 10 11 12 13 14 15 16 17 18 19 20 22 24 25 26 27 28 29 30 31 32 33 34 37 39 40 41 42 44 45 46 47 48 49 51 52 55 57 58 59 60 62 63 64 65 67 68 70 71 72 73 75 76 77 79 80 
active=64: 1 2 3 4 5 6 7 8 9 10 11 12 13 14 15 16 17 18 19 20 22 24 25 26 27 28 29 30 31 32 33 34 37 39 40 41 42 44 45 46 47 48 49 51 52 55 57 58 59 60 62 63 64 65 67 68 70 71 72 73 75 76 77 79 
active=63: 1 2 3 4 5 6 7 8 9 10 11 12 13 14 15 16 17 18 19 20 24 25 26 27 28 29 30 31 32 33 34 37 39 40 41 42 44 45 46 47 48 49 51 52 55 57 58 59 60 62 63 64 65 67 68 70 71 72 73 75 76 77 79 
active=62: 1 2 3 4 5 6 7 8 9 10 11 12 13 14 15 16 17 18 19 20 24 25 26 27 28 29 30 31 32 33 34 37 39 40 41 42 44 45 46 47 48 49 51 52 55 57 58 59 60 62 63 64 65 67 68 70 71 73 75 76 77 79 
active=61: 1 2 3 4 5 6 7 8 9 10 11 12 13 14 15 16 17 18 19 20 24 25 26 27 28 29 30 31 32 33 34 37 39 40 41 44 45 46 47 48 49 51 52 55 57 58 59 60 62 63 64 65 67 68 70 71 73 75 76 77 79 
active=60: 1 2 3 4 5 6 7 8 9 10 11 12 13 14 15 16 17 18 19 20 24 25 26 27 28 29 30 31 32 33 34 37 39 40 41 44 45 46 47 49 51 52 55 57 58 59 60 62 63 64 65 67 68 70 71 73 75 76 77 79 
active=59: 1 2 3 4 5 6 7 8 9 10 11 12 13 14 15 16 17 18 19 20 24 25 26 27 28 29 30 31 32 33 34 37 39 40 41 44 45 46 47 49 51 52 55 57 58 59 60 62 63 65 67 68 70 71 73 75 76 77 79 
active=58: 1 2 3 4 5 6 7 8 9 10 11 12 13 14 15 16 17 18 19 20 24 25 26 27 28 29 30 31 32 33 34 37 39 41 44 45 46 47 49 51 52 55 57 58 59 60 62 63 65 67 68 70 71 73 75 76 77 79 
active=57: 1 2 3 4 5 6 7 8 9 10 11 12 13 14 15 16 17 18 19 20 24 25 26 27 28 29 30 31 32 33 34 37 39 41 44 45 46 47 49 51 52 55 57 58 60 62 63 65 67 68 70 71 73 75 76 77 79 
active=56: 1 2 3 4 5 6 7 8 9 10 11 12 13 14 15 16 17 18 19 20 24 25 26 27 28 29 30 31 32 33 34 37 39 41 44 45 46 47 49 51 52 55 57 58 60 62 63 65 67 68 70 71 73 75 77 79 
active=55: 1 2 3 4 5 6 7 8 9 10 11 12 13 14 15 16 17 18 19 20 24 25 26 27 28 29 30 31 32 33 34 37 39 41 44 45 46 47 51 52 55 57 58 60 62 63 65 67 68 70 71 73 75 77 79 
active=54: 1 2 3 4 5 6 7 8 9 10 11 12 13 14 15 16 17 18 19 20 24 25 26 27 28 29 30 31 32 33 34 37 39 44 45 46 47 51 52 55 57 58 60 62 63 65 67 68 70 71 73 75 77 79 
active=53: 1 2 3 4 5 6 7 8 9 10 11 12 13 14 15 16 17 18 19 20 24 25 26 27 28 29 30 32 33 34 37 39 44 45 46 47 51 52 55 57 58 60 62 63 65 67 68 70 71 73 75 77 79 
active=52: 1 2 3 4 5 6 7 8 9 10 11 12 13 14 15 16 17 18 19 20 24 25 26 27 28 29 30 32 33 34 37 39 44 45 46 47 51 52 55 57 58 60 62 63 65 68 70 71 73 75 77 79 
active=51: 1 2 3 4 5 6 7 8 9 10 11 12 13 14 15 16 17 18 19 20 24 25 26 27 28 29 32 33 34 37 39 44 45 46 47 51 52 55 57 58 60 62 63 65 68 70 71 73 75 77 79 
active=50: 1 2 3 4 5 6 7 8 9 10 11 12 13 14 15 16 17 18 19 20 24 25 26 27 28 29 33 34 37 39 44 45 46 47 51 52 55 57 58 60 62 63 65 68 70 71 73 75 77 79 
active=49: 1 2 3 4 5 6 7 8 9 10 11 12 13 14 15 16 17 18 19 20 24 25 26 27 28 29 33 34 37 39 44 45 46 47 51 52 55 57 58 62 63 65 68 70 71 73 75 77 79 
active=48: 1 2 3 4 5 6 7 8 9 10 11 12 13 14 15 16 17 18 19 20 24 25 26 27 28 29 33 34 37 39 44 46 47 51 52 55 57 58 62 63 65 68 70 71 73 75 77 79 
active=47: 1 2 3 4 5 6 7 8 9 10 11 12 13 14 15 16 17 18 19 20 24 25 26 28 29 33 34 37 39 44 46 47 51 52 55 57 58 62 63 65 68 70 71 73 75 77 79 
active=46: 1 2 3 4 5 6 7 8 9 10 11 12 13 14 15 16 17 18 19 20 24 25 26 28 29 33 34 37 39 44 46 47 51 52 55 57 58 62 65 68 70 71 73 75 77 79 
active=45: 1 2 3 4 5 6 7 8 9 10 11 12 13 14 15 16 17 18 19 20 24 25 26 28 29 33 34 37 39 44 46 47 51 52 55 57 58 62 65 68 70 71 73 75 79 
active=44: 1 2 3 4 5 6 7 8 9 10 11 12 13 14 15 16 17 18 19 20 24 26 28 29 33 34 37 39 44 46 47 51 52 55 57 58 62 65 68 70 71 73 75 79 
active=43: 1 2 3 4 5 6 7 8 9 10 11 12 13 14 15 16 17 18 19 20 24 26 28 29 33 34 37 39 44 46 47 51 52 55 57 58 62 65 68 71 73 75 79 
active=42: 1 2 3 4 5 6 7 8 9 10 11 12 13 14 15 16 17 18 19 20 24 26 28 29 33 34 37 39 44 46 47 51 52 55 57 58 62 65 68 71 73 79 
active=41: 1 2 3 4 5 6 7 8 9 10 11 12 13 14 15 16 17 18 19 20 24 26 28 29 33 34 37 39 44 46 47 51 52 57 58 62 65 68 71 73 79 
active=40: 1 2 3 4 5 6 7 8 9 10 11 12 13 14 15 16 17 18 19 20 24 26 28 29 33 34 37 39 44 46 47 51 52 57 62 65 68 71 73 79 
active=39: 1 2 3 4 5 6 7 8 9 10 11 12 13 14 15 16 17 18 19 20 24 26 28 29 33 34 37 39 44 46 47 51 52 62 65 68 71 73 79 
active=38: 1 2 3 4 5 6 7 8 9 10 11 12 13 14 15 16 17 18 19 20 24 26 28 29 33 37 39 44 46 47 51 52 62 65 68 71 73 79 
active=37: 1 2 3 4 5 6 7 8 9 10 11 12 13 14 15 16 17 18 19 20 24 26 28 29 33 37 39 44 46 47 51 52 62 65 68 71 73 
active=36: 1 2 3 4 5 6 7 8 9 10 11 12 13 14 15 16 17 18 19 20 24 26 28 29 33 37 39 44 46 47 51 52 65 68 71 73 
active=35: 1 2 3 4 5 6 7 8 9 10 11 12 13 14 15 16 17 18 19 20 24 26 28 29 33 37 39 44 46 47 51 52 65 68 71 
active=34: 1 2 3 4 5 6 7 8 9 10 11 12 13 14 15 16 17 18 19 20 24 26 28 29 33 37 39 44 46 51 52 65 68 71 
active=33: 1 2 3 4 5 6 7 8 9 10 11 12 13 14 15 16 17 18 19 20 24 26 28 29 33 37 39 44 46 51 65 68 71 
active=32: 1 2 3 4 5 6 7 8 9 10 11 12 13 14 15 16 17 18 19 20 24 26 28 29 33 37 39 44 46 65 68 71 
active=31: 1 2 3 4 5 6 7 8 9 10 11 12 13 14 15 16 17 18 19 20 24 26 28 33 37 39 44 46 65 68 71 
active=30: 1 2 3 4 5 6 7 8 9 10 11 12 13 14 15 16 17 18 19 20 24 26 28 33 37 39 44 46 65 71 
active=29: 1 2 3 4 5 6 7 8 9 10 11 12 13 14 15 16 17 18 19 20 24 26 28 33 37 39 44 65 71 
active=28: 1 2 3 4 5 6 7 8 9 10 11 12 13 14 15 16 17 18 19 20 24 26 28 33 37 39 44 65 
active=27: 1 2 3 4 5 6 7 8 9 10 11 12 13 14 15 16 17 18 19 20 26 28 33 37 39 44 65 
active=26: 1 2 3 4 5 6 7 8 9 10 11 12 13 14 15 16 17 18 19 20 26 28 33 39 44 65 
active=25: 1 2 3 4 5 6 7 8 9 10 11 12 13 14 15 16 17 18 19 20 28 33 39 44 65 
active=24: 1 2 3 4 5 6 8 9 10 11 12 13 14 15 16 17 18 19 20 28 33 39 44 65 
active=23: 1 2 3 4 5 6 8 9 10 11 12 13 14 15 16 17 18 19 20 28 33 39 44 
active=22: 1 2 3 4 5 8 9 10 11 12 13 14 15 16 17 18 19 20 28 33 39 44 
active=21: 1 2 3 5 8 9 10 11 12 13 14 15 16 17 18 19 20 28 33 39 44 
active=20: 1 2 3 5 8 9 10 11 12 13 14 15 16 17 18 19 20 28 33 44 
active=19: 1 2 3 5 8 9 10 11 12 13 14 15 16 17 18 19 20 28 33 
active=18: 1 2 3 5 8 9 10 11 12 13 14 15 16 17 18 19 20 33 
active=17: 1 2 3 5 8 9 10 11 12 13 14 15 16 17 18 19 20 
active=16: 1 2 3 8 9 10 11 12 13 14 15 16 17 18 19 20 
active=15: 1 2 3 8 9 10 11 12 13 14 15 16 17 18 20 
active=14: 1 2 8 9 10 11 12 13 14 15 16 17 18 20 
active=13: 1 8 9 10 11 12 13 14 15 16 17 18 20 
active=12: 1 8 9 10 11 12 13 14 15 17 18 20 
active=11: 1 8 9 10 11 12 13 14 15 17 18 
active=10: 1 8 9 11 12 13 14 15 17 18 
active=9: 1 8 9 12 13 14 15 17 18 
active=8: 1 8 9 12 14 15 17 18 
active=7: 1 8 9 12 14 17 18 
active=6: 1 8 12 14 17 18 
active=5: 1 8 12 17 18 
active=4: 8 12 17 18 
active=3: 8 12 17 
active=2: 12 17 
active=1: 17 
