0.000000 0.480000
1.000000 0.691400
2.000000 0.702400
3.000000 0.678800
4.000000 0.677400
5.000000 0.659400
6.000000 0.681800
7.000000 0.676800
8.000000 0.655600
9.000000 0.663000
10.000000 0.694400
11.000000 0.696000
12.000000 0.735800
13.000000 0.753200
14.000000 0.752400
15.000000 0.741800
16.000000 0.718800
17.000000 0.732000
18.000000 0.743800
19.000000 0.736400
20.000000 0.724800
21.000000 0.747200
22.000000 0.732600
23.000000 0.732200
24.000000 0.706200
25.000000 0.703000
26.000000 0.701200
27.000000 0.707400
28.000000 0.690400
29.000000 0.698200
30.000000 0.708000
31.000000 0.682800
32.000000 0.674200
33.000000 0.672800
34.000000 0.666400
35.000000 0.650600
36.000000 0.670000
37.000000 0.672800
38.000000 0.658000
39.000000 0.650400
40.000000 0.659000
41.000000 0.642600
42.000000 0.647600
43.000000 0.637400
44.000000 0.654800
45.000000 0.635200
46.000000 0.624600
47.000000 0.625600
48.000000 0.620000
49.000000 0.620800
50.000000 0.608800
51.000000 0.604200
52.000000 0.590200
53.000000 0.595400
54.000000 0.587800
55.000000 0.580800
56.000000 0.579200
57.000000 0.577800
58.000000 0.567000
59.000000 0.574400
60.000000 0.571000
