0.000000 0.500000
1.000000 0.742500
2.000000 0.751250
3.000000 0.727500
4.000000 0.856250
5.000000 0.938750
6.000000 0.921250
7.000000 0.937500
8.000000 0.940000
9.000000 0.950000
10.000000 0.940000
11.000000 0.933750
12.000000 0.881250
13.000000 0.868750
14.000000 0.862500
15.000000 0.880000
16.000000 0.885000
17.000000 0.910000
18.000000 0.880000
19.000000 0.881250
20.000000 0.865000
21.000000 0.880000
22.000000 0.885000
23.000000 0.885000
24.000000 0.873750
25.000000 0.886250
26.000000 0.865000
27.000000 0.867500
28.000000 0.887500
29.000000 0.867500
30.000000 0.888750
31.000000 0.872500
32.000000 0.880000
33.000000 0.855000
34.000000 0.857500
35.000000 0.867500
36.000000 0.876250
37.000000 0.871250
38.000000 0.881250
39.000000 0.887500
40.000000 0.861250
41.000000 0.846250
42.000000 0.827500
43.000000 0.821250
44.000000 0.825000
45.000000 0.851250
46.000000 0.827500
47.000000 0.807500
48.000000 0.817500
49.000000 0.831250
50.000000 0.823750
51.000000 0.818750
52.000000 0.785000
53.000000 0.803750
54.000000 0.790000
55.000000 0.793750
56.000000 0.775000
57.000000 0.778750
58.000000 0.767500
59.000000 0.768750
60.000000 0.763750
61.000000 0.750000
62.000000 0.770000
63.000000 0.763750
64.000000 0.752500
65.000000 0.766250
66.000000 0.757500
67.000000 0.766250
68.000000 0.768750
69.000000 0.761250
70.000000 0.766250
71.000000 0.782500
72.000000 0.752500
73.000000 0.732500
74.000000 0.728750
75.000000 0.712500
76.000000 0.676250
77.000000 0.691250
78.000000 0.686250
79.000000 0.700000
80.000000 0.713750
81.000000 0.663750
82.000000 0.645000
83.000000 0.641250
84.000000 0.692500
85.000000 0.687500
86.000000 0.650000
87.000000 0.623750
88.000000 0.623750
89.000000 0.620000
90.000000 0.657500
91.000000 0.640000
92.000000 0.628750
93.000000 0.653750
94.000000 0.655000
95.000000 0.640000
96.000000 0.612500
97.000000 0.610000
98.000000 0.650000
99.000000 0.625000
100.000000 0.621250
