1 -0.072209979167 1.054671912217
2 -0.091638500000 1.015945947300
3 0.175471978723 1.122249251728
4 -0.215556891304 0.895680574430
5 -0.320599562500 1.039465195299
6 -0.116971086957 1.175248667576
7 0.087803312500 0.788154127956
8 0.029566224490 1.131834740319
9 -0.076137395349 1.146839082385
10 0.251642511111 1.073503029085
11 0.224671700000 1.039100195908
12 -0.189050458333 0.982415507663
13 -0.177443521739 1.101699811390
14 -0.015742183673 1.190142200166
15 0.154437734694 0.936802422141
16 0.096901333333 0.857464859724
17 -0.040473673913 0.937223458206
18 -0.188469770833 1.067493999782
19 -0.298370918367 1.123496833006
20 0.035367288889 0.947171578572
21 -0.169295520833 1.165386053403
22 0.070618086957 1.217625727808
23 0.239141957447 0.838312597640
24 0.241238688889 1.006086244721
25 -0.142636511111 1.085792120691
26 0.150400420000 0.856968864889
27 0.035444083333 0.999081816966
28 -0.033249693878 1.155962565713
29 -0.003764854167 0.987329498289
30 0.046762244898 0.911952749041
31 0.037218636364 1.066119807685
32 0.203958847826 0.815284413739
33 0.051783500000 1.025834928355
34 -0.188077404255 1.130053332450
35 0.185860687500 1.093950081310
36 0.264081285714 0.900379231426
37 -0.012246680851 0.914783364868
38 0.106180918367 1.093533928162
39 -0.061418854167 0.979987614395
40 -0.021896291667 0.934308718099
41 0.130614666667 1.182406396664
42 0.040412979167 1.013118088929
43 -0.003621956522 0.947875734336
44 0.101337723404 1.010459953827
45 -0.183523120000 1.019105128650
46 0.114620844444 0.819722218851
47 0.015961687500 1.027737342314
48 -0.162498521739 0.988691149499
49 0.073849234043 0.926715790210
50 0.293127163265 0.977792205579
51 0.029678140000 1.002426847328
52 0.078896100000 0.948657084154
53 -0.253574545455 0.993113181771
54 0.009356086957 0.973344833434
55 -0.014925918367 0.973489582824
56 -0.119088234043 0.897146651312
57 0.079726000000 0.771741989920
58 -0.012215645833 1.037397979297
59 -0.104337980000 1.260722510055
60 -0.185863106383 0.888734774859
