N=50
P=60
R=2
1 -1.100405 0.690487 0.534471 1.090122 1.203413 -1.552786 -0.418006 0.078106 NA -1.011366 0.172622 -0.108041 1.120470 0.144306 -0.653200 -0.225108 1.242144 2.321141 -0.045047 0.410056 -0.510347 -1.080854 -0.121695 0.265557 0.344974 0.584321 0.106762 -0.373088 0.079051 -1.285911 -0.871668 -0.206842 0.046224 -1.627906 1.030508 -1.248401 0.719679 0.105386 0.499359 -0.052783 -1.446432 0.517973 -0.199107 -1.538923 1.174546 0.529766 -1.380944 -2.124548 -0.054212 1.201034 0.751917 -2.053680 0.064559 1.197211 0.368037 0.091255 -0.793404 -0.778120 0.187817 -0.208313 0.024286 1.000000
2 0.260700 -0.446578 0.077864 -0.353025 -0.073971 -0.684223 -1.215036 NA -1.603786 1.103865 -0.856503 -0.277743 0.524711 0.030435 -1.513701 0.097301 0.738961 -1.005015 -0.252927 -2.823507 -2.142121 -1.683176 0.740327 0.211284 -1.828213 0.257201 0.568684 -1.824930 -0.248849 1.132252 -2.371419 0.055435 0.318991 0.115050 0.354326 -0.365541 0.368189 1.536020 -0.171154 NA 0.672256 -0.150311 -0.325824 -1.356410 -0.251321 -0.608961 -0.631322 -0.705124 -0.315413 1.111582 -0.602128 -0.773278 -0.914593 -0.790521 1.919045 1.079680 0.560450 1.145852 3.085420 0.022646 0.850291 1.000000
3 0.714643 NA NA 1.312387 -1.187675 -1.002239 -0.117387 1.833794 -1.664911 -0.172438 -0.163554 0.299735 NA 2.937835 -0.414971 -0.333159 -0.103680 0.451072 -0.565497 0.653596 2.519772 -0.898956 -0.349018 -1.501020 -0.110523 0.176234 -0.427871 0.837609 -0.675970 0.374264 0.782950 -1.004860 -1.327852 -0.107863 0.144135 -0.415102 0.669438 NA 1.023345 -2.217128 1.194313 1.918044 NA -1.059113 0.292470 0.721076 -1.385085 0.944352 -0.378114 0.917662 -0.849599 0.433874 NA 0.465592 -0.693102 1.423129 0.443615 1.690770 -0.297035 -0.566338 1.846883 1.000000
4 -0.590291 1.583249 -0.658325 0.423960 -0.814834 -1.940320 0.678149 1.064150 0.958451 1.562159 0.294790 0.786184 -0.778696 0.546768 1.747860 0.068389 0.424756 0.148705 0.785185 0.227074 0.297360 NA 0.576053 0.052428 0.391044 -0.575605 -0.899859 -0.007825 1.987261 -0.138683 0.734545 NA 0.834600 -1.406209 0.881254 -0.670092 0.210739 -0.560629 -1.118796 0.327475 NA 0.692460 -1.434547 -0.788870 -1.128958 0.104749 -0.057595 -1.783106 1.338856 1.354890 0.765080 0.172274 -0.362058 0.362900 -0.174589 -1.203728 -0.898941 -1.133046 -1.045056 -0.361824 5.199618 1.000000
5 NA 0.920144 -1.807827 1.720765 -0.894248 0.188108 0.464881 -1.261806 0.191446 -0.160905 2.265577 1.032578 0.341985 0.426913 1.526889 0.357090 -2.760608 -1.177726 -0.231558 NA -0.614345 -0.014970 1.471824 -0.768922 -1.141274 0.719508 -0.512308 0.577707 -0.601243 1.272720 1.891512 -0.280949 -0.181064 0.760855 1.293998 0.129079 1.293278 -1.305228 -1.288929 1.217097 0.901863 -1.731721 -0.581217 -1.636203 -0.745859 1.831315 2.261267 -0.957384 -0.688335 -0.790597 -1.419993 -1.856077 NA 0.489869 -1.479852 NA 0.451986 0.952193 0.935390 0.423589 0.185946 1.000000
6 -1.396293 -1.844996 3.186057 NA 0.217895 1.364505 -0.314441 -0.083747 -0.963787 -1.810240 0.885383 1.036825 -1.062321 -1.415959 0.142091 -0.218018 0.517745 0.332294 -0.096324 -0.187403 -1.323441 0.270718 1.400845 1.235144 0.357886 0.408198 0.965073 2.387953 -0.503544 1.406937 0.990143 -0.673418 0.465578 -0.182540 0.801960 0.602820 -0.396106 0.386851 0.592263 -0.573677 -2.115851 -0.699831 2.061780 -0.788291 -1.673480 1.229650 0.244843 -1.366847 NA 1.349719 0.182896 0.350066 0.016510 1.926628 -1.208173 -0.766105 -1.552500 -0.074957 0.932680 -0.126957 0.256808 1.000000
7 0.525458 -0.071166 0.808615 0.870721 -0.932635 -0.287864 0.154465 -0.181200 -0.630451 -0.214639 1.773058 -0.934455 -0.994674 0.194623 0.446280 -0.636812 -0.583316 -0.247257 1.942261 -0.199486 -0.371898 -0.235145 1.002683 NA 0.239996 0.320998 -1.759490 -0.457373 0.899041 0.129847 0.642995 0.254600 0.710192 1.685878 1.160457 -0.079454 -0.044412 -1.052888 0.620561 0.661359 NA 0.195495 0.070467 0.706064 -1.985110 0.108760 -1.595361 -0.709436 0.691629 0.606609 1.238624 1.128643 0.158874 -0.985699 -1.453410 -0.326574 0.972576 -0.608578 -0.954712 -0.104090 0.847744 1.000000
8 -0.621866 -1.886893 0.994571 0.312113 -1.106675 -0.217869 1.460605 -1.057949 1.813040 -0.325309 0.572406 0.018753 -0.323177 -0.037279 2.865122 -1.589610 NA 1.239265 -1.332741 -1.044075 -1.494131 2.113631 -0.750606 0.257507 -0.970517 -0.382303 -1.911918 0.180293 2.001988 0.667457 -0.031609 0.541144 -0.459810 -0.933627 -0.771367 1.757479 0.001032 -1.482732 0.430259 -1.081084 0.008810 0.791818 -1.704419 1.360433 -0.452369 -1.363565 -0.144500 -0.689898 0.133122 0.521107 0.559368 -0.146623 0.635069 -0.613138 1.017941 0.351437 0.517466 -0.033660 0.330185 -1.036483 27.757577 1.000000
9 2.330804 0.924603 0.543574 0.426375 1.142267 -1.219228 1.441152 0.146106 1.132360 0.197700 1.073072 1.646866 1.536114 2.578561 0.966530 -0.281397 NA -0.144128 -1.794663 0.225102 0.976374 0.853969 1.242774 NA -0.240103 -0.103103 0.820262 0.086833 -0.011037 2.693107 0.853515 -1.011576 -1.251843 -0.610270 0.753538 1.430453 2.184274 2.063505 -0.343855 0.143010 -1.097192 0.423504 NA -0.493916 -0.381475 -0.329477 -0.154009 1.089250 -1.719489 -0.176754 -1.543726 0.200842 -1.991666 0.102305 0.758914 NA 1.325661 -0.982822 -0.726011 0.966288 0.265005 1.000000
10 -1.812535 0.428095 1.190541 -0.079718 0.074126 -1.141871 NA 0.896962 0.666171 2.072546 -0.823042 -1.091961 -0.845879 -1.436130 0.335285 0.685781 0.993790 0.393886 -2.912836 1.001848 -0.320537 -0.690437 0.021205 1.087442 -1.435367 0.092279 -0.960041 -1.441529 -0.766043 0.399876 -0.474359 0.130420 -2.035200 1.519971 0.963516 -1.871976 0.893426 -2.157477 -0.822051 -0.654989 1.503719 0.937749 0.399791 1.357145 0.631518 -0.392207 0.978754 -0.567144 -0.002304 0.881924 -0.162834 -1.255302 -0.089142 0.401444 -0.381546 0.923092 -0.587283 NA 0.199278 -0.151202 14.492071 1.000000
11 -0.931971 0.230242 NA -0.345370 -0.102362 0.037213 0.464101 1.482960 -0.919149 0.544758 0.998321 -0.306525 -0.523992 -0.096793 0.297652 0.880724 -0.806180 -1.288593 1.604358 NA 1.657465 2.959588 1.501528 1.581827 1.074686 -0.335137 0.096188 -0.411557 1.702861 1.137802 1.013228 NA 0.806325 1.107469 NA 0.526366 NA 0.571570 -0.715925 0.199878 -0.486844 0.268371 0.727278 1.150041 -0.533729 0.590036 NA 0.735473 -2.313393 0.184617 0.293390 0.456720 -1.077292 -2.678073 -0.065044 -0.859623 -0.127801 -0.478963 2.125368 1.086951 6.107287 1.000000
12 0.189633 -1.242720 0.075286 -0.059560 -1.298260 -0.731304 -0.270596 1.751059 -1.031363 -0.742790 0.517586 -0.859629 -1.858987 0.398169 1.176581 -1.227296 1.714321 -0.299558 -0.780766 1.778546 0.148366 -0.333861 NA -0.915187 NA 0.373722 -1.392320 1.162932 -2.132926 1.387575 NA -0.109816 -1.076138 -0.974443 1.512320 1.980180 0.746272 -1.089296 -0.686870 0.662191 -0.754043 1.185095 1.885996 0.512648 -0.612457 0.516738 -0.480289 -0.420127 -0.058053 0.058084 0.779880 -0.232269 -0.202153 1.816674 1.482245 -1.339298 -0.987145 -0.191806 -1.646724 0.577374 10.439680 1.000000
13 -0.211234 -0.561589 -1.167984 0.707281 -0.825573 NA -0.712724 0.211426 1.298927 1.333114 1.349884 -0.960169 0.332746 -0.442756 -0.658386 0.357038 -1.203694 0.197440 0.813017 0.206955 -0.070523 -1.961630 -0.692548 0.067957 0.506934 1.064221 -0.265434 0.038001 0.285470 0.089039 -0.312491 -0.047681 1.443348 -1.644463 -0.934467 0.222502 -1.125878 0.524470 0.453352 -0.155447 -1.641102 NA 0.284344 -0.561209 0.496121 0.495615 -0.590537 1.420888 2.113970 -0.610162 -0.211947 0.360902 -2.306785 -1.608775 1.046807 0.382937 0.618251 -0.653415 -0.174580 -0.133744 62.523494 1.000000
14 0.274462 -0.879449 -0.763511 -2.255932 -0.695653 NA -1.377411 -0.234881 -0.294550 1.418367 -1.096683 1.161620 NA -0.186275 -0.590610 -0.006095 -0.354898 -0.904762 -0.946710 -1.188833 0.416965 1.053418 0.106055 NA -1.754234 1.097935 -0.251884 -1.376863 -0.467690 1.723040 1.026793 1.633566 NA NA 0.731681 -0.065144 0.077255 0.246427 -0.776599 -0.970715 2.005970 0.162764 -1.405187 -1.162358 0.636218 0.331024 -0.005415 -0.634999 -0.666029 0.531905 -0.023839 1.669509 -1.564814 0.795314 -0.999656 -0.278521 0.291247 -0.774165 -0.666628 -0.413115 17.433981 1.000000
15 NA 0.933880 0.420077 0.026438 -0.322377 0.070137 1.205322 -1.504600 1.600320 -0.790934 -0.965773 -1.640833 -0.840836 1.342769 0.363767 -0.408338 -0.518181 -0.085693 -1.450988 NA NA NA -0.647859 1.054724 0.230818 -1.040307 -1.892461 0.854741 -0.306439 -1.120059 -1.027480 -0.532705 0.155711 1.382879 0.265275 0.726545 -1.771552 -0.567761 -0.652323 0.299330 -0.351132 1.434013 -0.948364 1.700027 -0.901401 0.582091 0.848027 0.190384 2.431388 -0.329102 -1.781365 -0.454101 -0.683877 -0.107744 0.350635 0.527792 0.786545 -1.131626 -1.068610 -0.441530 5.739345 1.000000
16 -0.111353 NA 0.105701 -0.960815 -2.410652 -1.483138 0.209223 -2.071236 -1.801513 0.880672 -1.273510 -0.148523 -0.426847 0.013515 0.098112 0.107195 0.916691 1.654495 0.262811 -0.620770 0.747507 0.131366 0.907068 0.351573 0.187943 -1.103978 0.768097 -0.163900 -0.092266 0.959606 0.796225 0.309576 -0.389098 -1.974480 -2.576711 -0.014323 1.163397 0.999471 0.590031 2.609464 1.408009 -0.251302 0.181738 -0.870457 -1.071690 1.202949 1.452539 NA NA 0.101643 0.649867 0.460785 -0.499351 -0.161354 -0.050478 0.472012 0.046932 -1.220425 -3.275780 0.730927 1.767643 1.000000
17 0.886080 NA 0.165262 -0.069141 -0.186004 0.907949 -0.722021 2.510201 NA 0.776269 -1.432391 1.363460 -0.353636 -1.151138 0.656353 0.617729 -0.187414 0.738654 0.194678 -0.363990 0.161110 -1.773027 -0.436231 0.833006 -0.775962 -1.387995 -0.736530 0.086380 -0.237943 -1.199411 0.151772 -0.179364 -0.630471 -0.989219 1.165859 NA -0.813101 -1.135082 -0.517179 1.635058 1.598964 -0.422636 0.485699 0.355707 -0.529158 -0.426807 1.124836 -0.227567 0.105636 0.414826 0.436652 -1.197982 0.150592 -0.429942 0.485297 -0.807664 -0.664772 -0.318475 -3.102277 -1.254094 39.949219 1.000000
18 -0.959380 -0.147657 0.730718 -0.590511 -0.380570 -1.082916 0.190495 0.126898 1.400803 1.057748 0.821144 NA 0.690942 0.707050 -0.287028 0.691298 1.594205 -1.260225 NA 0.784596 -1.437029 1.364147 -0.312485 0.273065 -0.498891 0.470634 NA 0.293226 1.350026 -0.386553 1.048460 -0.596070 0.508818 1.667774 -1.043596 -0.627971 -0.906592 0.347899 -0.946312 -0.037171 -1.575985 -0.311532 1.287829 -0.325392 0.018140 0.073026 0.565131 0.562539 0.267909 -0.255176 -0.363289 0.073255 0.811334 2.034552 0.542866 -0.699213 -0.164542 -0.179345 -0.608982 -0.222943 46.195169 1.000000
19 -0.235154 -1.625501 1.195522 -0.630003 -0.171548 1.607716 0.237823 -0.088810 1.322143 1.188121 1.501625 1.503950 -0.716493 0.239535 0.120968 1.166327 -1.182342 NA -0.452798 0.287820 -0.409443 1.624214 1.285943 0.526662 NA 0.085703 2.695547 0.496040 -0.237963 0.103628 0.418519 -1.331429 -0.050414 -0.497168 1.795769 -1.113103 -1.625678 0.022010 0.261154 -0.894639 0.335210 -0.312630 -0.595476 NA 0.136914 -0.003570 NA 1.425457 1.608945 -0.310963 -0.586208 0.347200 -0.346995 -0.471477 0.025212 -1.055143 -0.192983 2.247128 -0.592699 -1.260215 31.285049 1.000000
20 1.341476 -0.100074 -1.520453 0.443175 -0.377505 -0.718154 -0.029486 0.467297 NA 1.570059 1.530815 -1.104421 -2.455231 -1.268084 0.613273 0.422128 1.483639 0.446716 -1.327092 -2.781143 -1.184097 -0.266049 -1.271747 -0.047159 1.252778 -0.075684 -0.931614 1.335397 0.513980 0.703714 -0.616882 -0.772255 0.867033 -0.328989 -1.339547 -0.750493 -0.422290 -0.605697 -0.825504 1.025949 -0.210210 0.500611 NA 1.990509 -1.537626 0.411578 -0.691433 -0.829122 0.464738 -0.333466 -0.263963 -0.766698 -0.254124 -0.423318 0.867954 2.098423 0.260116 -0.112121 -1.787178 0.899466 13.578449 1.000000
21 -2.008732 -0.012487 0.362743 -1.203177 -1.152842 -0.563680 -0.233698 -2.099929 0.446413 1.759400 -0.708611 -0.410789 -1.316828 0.341555 -0.471852 1.711532 0.703219 -0.241431 0.559739 -1.067134 -0.794031 -1.903638 -0.202499 1.896691 -2.176724 0.450554 -0.391059 -1.861072 -0.161476 -0.697662 NA -0.290912 NA 0.724418 1.117161 1.166959 -0.329451 -0.269184 0.608471 0.426296 2.033508 -0.574703 1.543993 1.779461 -0.429188 -0.216433 -0.529569 1.078337 0.626481 1.381402 -1.374462 0.051764 0.774264 1.747120 -0.334647 -0.204653 1.558236 0.660027 0.711567 -0.858506 6.961611 1.000000
22 1.438437 -0.126884 -2.279512 NA 1.721224 1.772788 -1.815952 0.720316 1.109800 -0.657410 0.777067 -1.218855 0.991869 -1.235572 -0.112916 1.171578 0.921871 -3.376969 0.022794 -0.851067 1.891810 1.476300 -0.809628 0.509694 -1.041289 1.676317 -0.285948 -0.650829 NA -0.746134 0.179337 0.076331 0.838858 -0.589349 1.674841 0.348500 -0.750442 -0.129374 -0.388472 -0.287240 -0.764029 -2.062138 -0.101437 0.865218 -0.824130 0.103713 1.620084 -0.347527 0.439198 -1.024049 1.726471 -0.895467 1.613330 -0.364944 -0.348101 0.129845 0.550268 -1.574644 0.679258 -2.568131 10.214506 1.000000
23 -0.324089 -1.243846 0.308955 -2.611957 0.346377 0.609208 -0.339851 -0.488138 0.915672 0.830200 1.014454 -1.616840 -0.402200 0.273785 -0.413017 -0.551369 0.188306 -2.048251 -1.819449 0.317375 -0.811514 -0.623322 -0.429179 0.449042 -0.080496 1.530200 NA -1.257074 0.403037 0.483019 0.478518 0.635960 -1.970603 0.278491 0.626073 0.735885 NA -0.709767 1.525375 -0.755126 -2.031806 -0.124881 -0.191673 0.571929 -2.548968 0.930585 0.607760 -0.484190 -0.314238 -2.196168 0.278421 -1.739726 -2.091900 0.352599 -0.093174 -1.631434 1.298534 2.272876 0.025659 -0.967424 219.777951 1.000000
24 0.339490 -0.598853 -0.875638 0.106795 0.216446 -0.010797 0.066098 -0.607154 0.173539 -0.331282 -0.884468 0.552606 0.201110 -0.716350 -1.688466 -0.710250 NA 1.446455 -0.188433 -0.069373 0.720588 0.501032 -0.249621 -0.821638 0.511322 -0.840003 -0.146243 -1.354936 -0.543365 -0.365791 -0.447781 0.255177 -0.821415 0.743445 -1.696905 -0.245886 NA 1.101871 1.404703 0.177760 1.152788 -2.242887 -0.479669 1.266567 0.359813 0.120586 -0.461872 -0.973030 -0.237914 -1.210772 -0.329757 -0.004991 0.374647 -1.192449 -1.060370 -0.770469 0.363032 -0.981497 -0.183663 -1.402628 6.616386 1.000000
25 0.991420 -1.014966 0.695569 -0.834398 0.791208 -0.545625 1.272261 1.718094 0.104927 NA -0.323196 -0.049875 -0.625072 -0.126497 1.017618 -0.469925 0.740910 1.564818 -0.876332 -0.168432 0.518096 2.019963 1.585120 -0.007466 1.020482 -0.937078 1.456150 0.920049 NA 0.245925 0.170013 1.038966 0.528856 0.691154 0.056348 2.150803 -0.094540 0.821930 0.204763 0.599531 NA 0.579846 -0.611036 1.138021 -1.299882 -0.357905 0.191741 -0.745997 0.598163 0.819710 0.241566 -0.316265 NA 0.038391 0.502820 NA 0.733243 -0.294040 1.179367 0.304069 0.198603 1.000000
26 0.173130 0.509197 1.798947 NA NA 1.162927 -0.937270 0.594305 1.792668 0.867538 0.722106 1.030780 0.359812 0.206522 0.172826 0.771382 -0.890966 0.257479 -2.616008 0.552789 -1.141342 -0.964418 -0.649432 0.978539 1.532552 -0.219161 1.735002 -0.484908 0.330869 0.162702 -0.726277 1.128276 0.707674 0.228559 -1.140002 0.026782 -0.723284 -0.168298 1.772478 0.592431 NA NA 1.343638 1.041683 0.155115 NA -1.034677 -1.573178 -0.041787 1.115393 0.366161 1.102926 -0.411266 0.166202 2.231653 0.022782 0.543212 -1.503620 0.663198 -0.666330 4.501211 1.000000
27 0.790439 -0.406171 1.272759 -1.248013 -1.296454 0.839055 0.021537 -1.490616 0.572090 -0.163885 0.916957 -0.979647 NA 0.998667 0.736304 NA -0.200346 -1.046474 0.566575 0.725016 -0.830112 0.794005 0.167548 -1.069591 -0.709942 0.199146 0.302303 0.223904 -2.406697 -0.179568 -0.139263 -0.218086 -0.155259 -0.406539 NA 0.289717 1.215307 -1.442082 0.257500 -0.424704 0.007877 -0.674560 1.460682 -0.482212 -0.872367 NA -0.104747 -1.175548 -2.275947 1.032746 1.696792 -0.553214 -1.741589 -0.620643 NA -0.147848 1.176568 0.688314 0.452233 -0.085503 1.441386 1.000000
28 -0.360138 -0.177348 1.043378 NA 0.830662 NA 2.007375 0.026610 NA NA -0.912075 -1.548951 0.973618 0.347887 0.380247 0.887277 0.321799 -2.155158 -0.717800 NA -2.426807 1.938080 0.122697 0.888969 -2.029928 -0.894677 0.683704 -0.397012 -1.136804 NA 1.383648 0.759946 1.551175 1.594193 0.837245 -0.042709 -0.894058 -1.628398 -1.240957 -0.501325 0.192199 -0.626753 -0.319692 -0.810226 0.219468 -0.091143 -0.393622 0.498806 -0.241885 -0.089364 -0.718736 -1.736176 0.474138 -0.314519 -0.816510 -0.389278 1.112589 0.753252 0.996451 NA 3.419482 1.000000
29 -0.232132 0.883913 -0.708495 -0.728152 -0.366678 -2.287759 0.902864 -0.194631 NA NA -0.300352 -0.414859 -1.433102 1.368456 -0.523590 NA -0.719586 -1.082868 0.043967 -0.290589 -0.831474 -0.611633 0.713915 -0.913574 -1.413438 1.485929 1.260389 0.593557 0.892285 -0.266316 -0.288352 1.536409 -0.944143 -0.178725 1.122745 -0.016282 0.002112 1.357076 0.725834 -1.855971 0.687478 0.969450 0.618584 -0.628516 0.438446 0.451078 0.150619 -1.024075 1.402710 -0.872807 -1.809502 -0.415001 -0.026191 1.729632 -1.673787 -0.092194 0.115941 0.886066 -0.418017 0.716219 4.211986 1.000000
30 0.945246 0.865948 -1.011945 0.139417 0.294426 1.134907 1.379105 -0.171969 0.804805 0.016679 -0.752159 0.058142 -0.423224 -0.886893 1.243582 -0.171634 0.309483 -1.078255 -0.051269 0.721674 -0.411706 -1.333961 -1.563763 -1.626525 1.067982 -0.885980 -0.408065 1.520407 0.034938 -0.107123 0.700466 -0.475658 -0.948849 -0.600856 1.832395 0.826649 0.353760 0.884450 -1.466331 -0.530081 0.548751 0.079035 0.639051 -1.595283 0.935861 -0.819556 0.717594 NA -0.191207 0.891566 -0.767981 1.734514 1.123157 0.591497 -0.248634 -0.073642 -0.804120 -0.529669 0.150605 -0.172845 3.356387 1.000000
31 -1.693777 -1.298298 1.305045 -1.011286 -1.258738 -0.651965 -0.478374 0.662593 -0.101325 0.121778 1.016423 0.227161 0.492256 -1.527245 1.337719 -0.505846 -0.000202 0.786181 0.325631 NA -0.372363 0.582295 -0.452582 0.171918 NA -0.491850 -0.321238 0.344935 -0.004546 -1.418845 0.933570 0.340740 -1.230843 0.864472 0.563126 0.409209 -1.904919 -1.349698 NA -0.785660 -0.617880 -0.417197 -2.302592 -1.034114 0.944937 -2.089504 -2.442042 1.349321 -0.517442 0.691549 1.966879 0.746780 -0.519075 NA -0.017683 0.292861 0.452290 -0.163390 1.261735 -0.559679 6.623529 1.000000
32 -1.264314 0.692783 0.005717 -0.594989 1.907871 NA 1.132761 -0.348981 -1.264954 -0.401854 0.578197 -0.487544 0.807634 -3.129784 1.007306 0.562951 -0.634915 0.070818 -1.586062 0.166894 0.519254 -0.770468 0.150865 1.810930 1.986431 1.214658 0.128143 -1.672119 0.282519 -0.642455 1.566241 NA -1.335509 -0.633939 -1.165399 0.706073 -1.207749 0.910811 -0.232324 -0.095967 0.962145 0.575063 -0.820989 NA 2.301768 NA 2.849615 -0.795508 0.168580 -0.488577 -1.093468 0.033638 0.132613 0.741806 -0.197366 -0.059985 0.654630 -0.269580 -1.150336 0.061353 5.723939 1.000000
33 -1.120712 0.092773 0.591733 -0.890754 -1.380014 0.483245 0.479113 -0.203009 0.356739 1.300491 -2.036995 -0.736684 -1.160356 0.993791 0.852123 -0.646691 -0.338004 -0.902116 2.037919 0.378285 0.276828 -0.826793 NA 2.284678 -0.233041 0.156654 -0.275377 -0.777876 1.036787 -1.120034 -0.231724 0.709189 0.442795 0.436405 -0.953703 1.150670 -0.006423 -0.823268 0.485228 0.126803 -0.947105 1.354243 0.285458 -1.522689 1.069063 -0.785913 -1.961881 -0.037729 0.380679 1.952887 -0.245411 0.403101 -2.095519 -1.073352 0.254682 -1.955881 -0.148405 0.536548 0.101529 -2.435549 36.856495 1.000000
34 0.621905 0.651100 1.465043 0.742435 0.535116 -0.738267 -0.500853 -2.953588 NA 0.568258 1.457858 -0.691806 -1.078916 -3.331639 -0.573597 0.117347 0.167052 0.208863 -1.090972 0.455828 -2.276708 1.726743 0.712529 1.286013 -1.254231 0.105478 0.715448 0.921165 0.004437 -1.000625 NA 0.972728 1.384292 -0.716610 0.244869 0.988810 0.465796 -0.036709 0.544926 0.024548 -1.292710 1.463216 -0.921115 0.912595 0.071962 -0.462069 0.985799 -0.599099 0.395652 -1.234236 0.693682 1.479539 1.148341 0.968485 0.270866 -0.755195 -0.897353 -0.453235 -0.728246 1.270572 0.141238 1.000000
35 -0.112827 -0.717006 0.227756 0.809457 -1.303483 -1.276207 -0.866600 2.173039 -0.665948 NA 0.428113 1.021011 -0.761966 1.148508 NA -1.389062 -0.766152 0.057064 -0.860425 0.687946 0.890738 -0.407508 -1.003882 -1.196344 -0.866249 -0.028894 0.383970 -3.015892 2.055668 0.362571 NA 0.849466 0.068201 -0.508948 1.211788 -0.625350 0.261085 1.418980 0.188492 -0.019886 2.165979 -1.266772 0.722561 1.096951 0.701678 -1.265137 0.292526 2.544092 -0.050555 1.040501 -0.847712 0.113506 0.907435 1.105887 -0.678155 -0.817493 -2.023818 1.251815 -0.481872 0.519763 1.044609 1.000000
36 -0.999131 1.539578 0.168960 -0.181957 -1.564580 1.134777 1.097832 -0.368742 0.240475 -0.736077 1.040027 NA NA -1.825226 -0.903873 0.840373 -0.386084 -1.186755 0.167849 0.426986 -1.968004 2.185372 -1.491718 -1.056462 0.227844 0.241894 -0.740494 -0.008915 0.301446 0.203990 -0.204864 -0.335936 -0.019007 1.591687 1.133805 0.634636 1.208426 1.228571 1.004678 NA 2.350341 -0.288931 -0.337381 -0.482432 1.177108 -1.124861 0.532529 0.440206 -0.164853 0.769713 1.928768 0.169343 -0.378570 NA -0.682580 -0.246341 -0.117075 NA -0.291594 -0.921781 46.706284 1.000000
37 -0.024405 NA 0.343451 0.649452 -1.465426 -0.722208 -0.136696 -0.560351 -0.099083 -0.862555 -0.170210 0.125533 0.474980 -0.096962 0.661112 -0.828697 0.250532 0.480274 0.632080 -0.064251 -1.314229 0.449059 1.981178 -1.840204 -0.609717 -1.174379 -0.019017 -1.801325 -0.163931 -1.434235 1.189890 -0.099505 0.890073 -1.741310 -1.352993 0.085052 0.331377 -0.218428 -1.062737 1.879457 -0.223982 -0.061340 -1.251099 1.395044 -0.454597 NA 0.945258 -1.436106 -0.737471 -0.535770 1.261838 -0.009574 0.007229 -0.002713 1.394998 0.747615 0.656625 -0.032837 1.787068 0.462672 1.272029 1.000000
38 0.236254 1.568573 -0.483477 0.556156 1.582282 2.476956 0.256833 -0.592016 -1.806817 0.575130 0.728655 -1.064637 0.013036 0.515326 0.157175 -0.509050 1.267900 NA -2.269982 1.089205 2.190126 0.690686 0.417782 0.558204 1.636561 0.110469 -0.987594 -0.503700 1.272025 1.240058 -0.572155 -0.101565 0.243754 -2.068071 1.286755 0.513180 -0.400820 1.282200 2.210939 0.051151 0.183715 0.271885 0.962846 -0.025550 -0.450332 NA 0.577264 0.713312 -0.731439 1.604293 -0.039884 -0.124203 0.247527 -0.734645 2.115780 -0.805695 -0.225819 -0.766818 -0.121354 -0.839218 0.364525 1.000000
39 2.049976 1.329636 -1.406934 -0.207014 -0.259812 -0.931655 -0.400986 -0.699807 -1.586311 -0.097914 0.120588 1.160828 -1.702727 -0.738893 -0.362612 1.568411 -0.691768 -1.278819 0.023391 0.457479 -1.720532 0.638512 0.522547 1.326767 -0.497243 1.703689 0.032058 1.741261 -0.146198 -0.330726 -2.488909 0.773062 -0.604409 -3.519203 0.337702 0.956038 0.843006 -0.268335 -0.744583 -1.344200 -1.049180 -0.939099 NA -0.761906 0.346682 0.873985 0.050724 NA -0.576691 -0.574604 -1.467419 -0.173367 0.477440 -0.208327 -0.854080 1.313987 -0.148840 -1.590427 -0.905624 1.303612 0.089033 1.000000
40 0.843548 0.252919 NA -0.197394 0.782065 -1.923860 0.045332 -0.938818 1.638107 -0.145976 2.076487 -0.756248 0.029156 0.575870 -0.424661 -1.913061 -0.637010 -0.610376 1.399050 1.456711 2.088760 -0.639625 0.060203 0.050899 0.103563 -1.568559 0.552478 -0.790580 0.095491 -1.041941 1.055878 2.376583 -0.116603 0.007579 -0.523230 -0.271724 -0.284001 0.712007 -0.842934 0.200074 0.180529 0.212274 0.076558 0.184017 0.588015 1.140966 -0.930381 0.277448 -0.412030 1.549426 -1.232744 0.052101 -0.717868 -0.300221 -0.290435 0.169494 0.490493 1.342868 1.248930 NA 0.652789 1.000000
41 -0.805954 -2.756257 -0.325141 -1.312669 -2.950286 -0.703753 0.349452 1.125892 0.082456 0.892039 -1.015953 1.531728 -0.557821 -0.167474 -0.554022 -0.122104 -0.321324 0.201320 0.101655 -0.810884 -1.274129 NA 0.396779 -0.611884 1.450157 0.018919 -0.345486 0.510309 -1.337799 0.008219 -2.043470 2.326845 -1.257611 -0.436769 -1.505419 2.426173 0.072975 0.701126 0.222065 1.245318 -2.347205 0.397068 0.524135 0.609625 -2.134481 0.114714 -0.641333 -0.545139 -1.135698 0.750970 -1.224155 1.069857 -2.437952 NA 0.385917 -1.776877 -1.038104 -1.416342 -0.675866 NA 120.121268 1.000000
42 -0.466507 -1.655040 -1.661206 -0.366633 -0.278757 1.490698 0.411219 1.254371 -0.336475 0.267925 -0.253417 -1.696908 0.823015 1.421175 -1.444262 2.342348 -0.646175 -0.012238 0.462970 1.671392 -0.255858 -0.912909 NA -0.335521 NA 0.227483 -1.262362 NA -1.153612 -1.369964 -0.762214 0.272525 0.725113 NA 1.239817 0.926925 -0.381062 2.499310 -0.701315 0.409126 NA -1.829168 0.187708 0.621932 -0.224299 0.825980 0.215731 -1.202365 NA 0.958618 1.537091 -0.339019 0.538162 0.059773 0.815227 0.457328 -0.417924 -0.480445 -0.787024 0.128812 88.100523 1.000000
43 -0.203788 0.103846 -1.575523 -1.644539 -0.585662 2.765247 -0.254942 -1.095130 -0.331906 -1.024548 0.785757 0.966851 1.320564 NA -1.042044 0.479442 NA 0.859907 1.078243 -0.257629 0.052315 -1.775501 1.055274 1.764318 1.256671 -0.214727 0.119335 -0.071226 1.288887 -0.366355 NA -0.870240 2.046668 -0.562893 -1.592980 0.732532 0.369381 0.976114 -0.532757 0.845162 1.221919 -0.857441 -0.436100 -0.259685 1.516929 0.944958 1.313660 0.824358 0.900181 1.055235 0.431115 1.029227 NA -0.585519 0.586472 0.982765 0.795103 -0.194258 1.597326 -0.390971 16.847237 1.000000
44 1.960747 0.049335 1.010960 -0.231294 -1.513311 -0.989648 0.488830 0.424390 -1.663556 -1.202758 0.059964 -0.219100 1.126885 1.571145 -0.000416 0.509826 -2.305839 0.181676 -2.398057 0.016601 NA 0.378760 0.349648 -0.778416 -2.230704 0.993116 0.772235 0.262833 -0.634694 0.475228 -1.271533 0.794078 1.930362 1.291323 1.340879 -0.238550 -0.014874 0.070317 NA -0.303591 0.447353 -0.112105 -0.707962 0.772501 -0.990405 1.975766 0.161855 -0.476919 0.210721 NA 1.210078 1.034294 NA -0.392231 0.279831 -0.791026 -0.515901 2.182840 -2.076693 -0.340422 0.096958 1.000000
45 0.141108 -0.508588 1.730540 0.202254 -0.532263 -0.008959 0.304368 0.000529 0.003914 NA -0.832061 0.359693 -1.122607 1.164914 -0.255594 -0.308020 -0.616356 1.068927 0.147511 0.759239 0.564559 NA 1.000414 0.133086 0.013903 1.114171 0.554842 0.463013 0.767929 -0.537841 0.694186 -0.077963 1.058437 NA 0.345089 -0.196727 -2.013912 2.530871 -1.835611 0.086785 0.254096 -0.556645 0.372792 0.171525 -0.709178 -0.503195 0.188742 -0.477428 1.149290 -0.192344 1.056855 0.222902 0.643848 -0.592591 -2.224466 1.835986 0.323613 1.578072 -1.041986 0.521091 1.624516 1.000000
46 -1.687013 0.708293 2.391275 -1.004176 -1.092748 -1.753953 -0.820013 1.137284 -2.702905 -0.590586 -1.847001 -1.712782 -1.293982 -0.914700 2.022736 -0.226348 0.331075 -0.322291 -1.470722 -0.403967 -0.712834 -0.949274 0.763257 1.743393 -1.167835 1.932169 -1.174547 -1.241092 0.306638 1.092476 1.491734 NA -0.874997 0.940240 -0.310416 -0.176780 0.725333 -1.401342 -0.228692 -0.838398 0.442863 2.321132 -0.860563 NA 0.060226 -0.062455 0.248875 1.262167 0.313602 1.962285 0.899459 1.440790 1.346906 0.384805 0.398862 -1.289770 NA -1.328894 -0.448698 -0.692058 1.702655 1.000000
47 1.758275 -0.793827 -0.182396 -1.707821 NA 0.416312 0.163646 -0.393926 -1.439067 0.180116 0.708893 -0.393387 0.527534 -0.889469 0.208472 0.784554 -0.212811 -0.710118 -0.098680 -1.609196 0.656170 -1.114680 1.022589 0.312501 1.285520 0.795796 0.666387 3.104158 -0.770340 -0.153832 -0.249493 -0.036687 0.209591 -1.010506 -1.142608 -1.158261 -0.040689 -1.212532 -1.577319 -2.132901 0.352290 -0.095182 0.278506 1.071965 0.605585 0.220596 -1.496467 -0.608960 0.637011 -0.110943 -0.767241 1.264144 -0.387821 -1.498807 -1.546856 0.646831 0.749873 -0.386622 0.860417 -1.654945 1.712873 1.000000
48 -0.351261 -1.059773 -0.383321 0.037718 -0.089474 0.783587 -0.073244 -1.138244 0.170887 3.496816 1.806328 -1.444766 -0.663526 0.439331 1.102532 1.340268 -0.188349 -0.640732 -0.305977 -0.286648 0.342275 0.950359 0.349032 0.381836 NA 0.510389 1.928854 -0.100998 -0.922363 0.110568 -1.882347 0.330795 2.208051 -0.812471 -0.700214 0.392613 0.704853 0.769956 1.375753 0.602431 1.442991 1.158544 1.174333 -0.166105 0.696834 -0.286188 0.013970 0.644118 -0.281514 0.533039 -0.041248 -0.958924 NA NA -1.104854 0.001779 -0.858062 0.314816 2.639434 1.100945 99.933105 1.000000
49 -1.538973 0.915306 0.716061 0.363687 0.313249 0.746901 -0.634696 0.614050 -1.162204 -2.322688 0.647240 -1.708229 -1.047979 -0.200780 -1.302602 -0.912968 1.434514 -1.480480 -0.301133 0.189423 0.873550 0.201492 0.536046 NA -0.326794 0.988276 1.355362 1.736767 -0.751960 0.428028 NA -0.670782 -1.372989 -0.779124 -0.307487 1.444964 1.583858 0.523322 1.615585 -0.090141 0.272043 1.681830 -0.897289 -0.339703 0.476864 0.844413 -0.253653 NA 0.231600 0.805166 -0.475428 0.027513 -1.021083 0.040541 0.398827 -0.414480 -0.135346 1.395703 -1.255756 -0.254764 0.608028 1.000000
50 -1.115075 1.086696 -0.408280 0.463973 1.523664 -0.202658 NA 1.257591 NA 0.508319 -0.759858 -0.374519 3.920236 0.123120 -0.497646 0.303833 -0.868502 0.432289 1.049389 1.031469 0.383382 0.116558 0.510437 NA 0.294025 -1.326820 1.333203 -0.262086 -1.657649 -0.792234 -1.542228 1.204589 0.549015 -0.628990 0.153123 -1.153742 -0.888009 0.224549 -1.845690 -0.495882 0.302369 -1.541895 -0.309639 0.820828 -2.485977 -0.928829 -1.006848 0.042660 0.966866 -2.451016 0.775096 2.316733 -0.681571 -0.937845 -0.554710 0.009953 -0.642383 0.152351 -0.854813 1.259687 6.188584 1.000000
uncorrelated Gaussian covariates
missing covariate fraction: 0.050000
no latent classes
   lambda(t|risk 1)=C, <t>=4.000000 for zero covariates
   risk 1: beta[1]=0.500000
   risk 1: beta[2]=0.500000
   risk 1: beta[3]=0.500000
   risk 1: beta[4]=0.500000
   risk 1: beta[5]=0.500000
   risk 1: beta[6]=-0.500000
   risk 1: beta[7]=-0.500000
   risk 1: beta[8]=-0.500000
   risk 1: beta[9]=-0.500000
   risk 1: beta[10]=-0.500000
   risk 1: beta[11]=0.000000
   risk 1: beta[12]=0.000000
   risk 1: beta[13]=0.000000
   risk 1: beta[14]=0.000000
   risk 1: beta[15]=0.000000
   risk 1: beta[16]=0.000000
   risk 1: beta[17]=0.000000
   risk 1: beta[18]=0.000000
   risk 1: beta[19]=0.000000
   risk 1: beta[20]=0.000000
   risk 1: beta[21]=0.000000
   risk 1: beta[22]=0.000000
   risk 1: beta[23]=0.000000
   risk 1: beta[24]=0.000000
   risk 1: beta[25]=0.000000
   risk 1: beta[26]=0.000000
   risk 1: beta[27]=0.000000
   risk 1: beta[28]=0.000000
   risk 1: beta[29]=0.000000
   risk 1: beta[30]=0.000000
   risk 1: beta[31]=0.000000
   risk 1: beta[32]=0.000000
   risk 1: beta[33]=0.000000
   risk 1: beta[34]=0.000000
   risk 1: beta[35]=0.000000
   risk 1: beta[36]=0.000000
   risk 1: beta[37]=0.000000
   risk 1: beta[38]=0.000000
   risk 1: beta[39]=0.000000
   risk 1: beta[40]=0.000000
   risk 1: beta[41]=0.000000
   risk 1: beta[42]=0.000000
   risk 1: beta[43]=0.000000
   risk 1: beta[44]=0.000000
   risk 1: beta[45]=0.000000
   risk 1: beta[46]=0.000000
   risk 1: beta[47]=0.000000
   risk 1: beta[48]=0.000000
   risk 1: beta[49]=0.000000
   risk 1: beta[50]=0.000000
   risk 1: beta[51]=0.000000
   risk 1: beta[52]=0.000000
   risk 1: beta[53]=0.000000
   risk 1: beta[54]=0.000000
   risk 1: beta[55]=0.000000
   risk 1: beta[56]=0.000000
   risk 1: beta[57]=0.000000
   risk 1: beta[58]=0.000000
   risk 1: beta[59]=0.000000
   risk 1: beta[60]=0.000000
