0.000000 0.480000 0.520000
1.000000 0.716600 0.729400
2.000000 0.670200 0.718600
3.000000 0.782800 0.823800
4.000000 0.795800 0.836200
5.000000 0.791000 0.844600
6.000000 0.810200 0.864400
7.000000 0.819800 0.880400
8.000000 0.834200 0.913200
9.000000 0.848400 0.911000
10.000000 0.834800 0.911600
11.000000 0.842600 0.929800
12.000000 0.851600 0.924200
13.000000 0.833400 0.931000
14.000000 0.846800 0.930000
15.000000 0.846000 0.934000
16.000000 0.833400 0.934600
17.000000 0.832400 0.942000
18.000000 0.833200 0.943600
19.000000 0.820000 0.940600
20.000000 0.807600 0.943800
21.000000 0.809000 0.949800
22.000000 0.815400 0.953200
23.000000 0.821400 0.961800
24.000000 0.825200 0.969600
25.000000 0.820000 0.968000
26.000000 0.806000 0.968000
27.000000 0.799200 0.969800
28.000000 0.816400 0.970400
29.000000 0.805000 0.971400
30.000000 0.808000 0.972400
31.000000 0.790000 0.968000
32.000000 0.783400 0.967000
33.000000 0.785200 0.973600
34.000000 0.775800 0.971400
35.000000 0.786400 0.974600
36.000000 0.779000 0.978200
37.000000 0.775000 0.976800
38.000000 0.778200 0.976000
39.000000 0.774600 0.981400
40.000000 0.780200 0.978800
41.000000 0.773000 0.977800
42.000000 0.776000 0.980800
43.000000 0.774800 0.982600
44.000000 0.770400 0.987800
45.000000 0.774000 0.990400
46.000000 0.758000 0.988000
47.000000 0.754200 0.988200
48.000000 0.762600 0.989200
49.000000 0.753800 0.991800
50.000000 0.743800 0.994400
51.000000 0.754600 0.994200
52.000000 0.747000 0.995000
53.000000 0.747200 0.997200
54.000000 0.748000 0.997000
55.000000 0.738200 0.998400
56.000000 0.731200 0.998200
57.000000 0.734000 0.998600
58.000000 0.731400 0.999400
59.000000 0.731400 0.999200
60.000000 0.716000 0.999600
61.000000 0.710000 1.000000
62.000000 0.724000 0.999600
63.000000 0.714200 0.999800
64.000000 0.711200 1.000000
65.000000 0.714200 1.000000
66.000000 0.710400 1.000000
67.000000 0.691400 1.000000
68.000000 0.689800 1.000000
69.000000 0.692600 1.000000
70.000000 0.697800 1.000000
71.000000 0.688400 1.000000
72.000000 0.670600 1.000000
73.000000 0.681000 1.000000
74.000000 0.673600 1.000000
75.000000 0.654400 1.000000
76.000000 0.658600 1.000000
77.000000 0.669000 1.000000
78.000000 0.666800 1.000000
79.000000 0.655000 1.000000
80.000000 0.651800 1.000000
81.000000 0.654800 1.000000
82.000000 0.639200 1.000000
83.000000 0.634600 1.000000
84.000000 0.636800 1.000000
85.000000 0.626600 1.000000
86.000000 0.627600 1.000000
87.000000 0.616600 1.000000
88.000000 0.627200 1.000000
89.000000 0.612800 1.000000
90.000000 0.597000 1.000000
91.000000 0.614800 1.000000
92.000000 0.602400 1.000000
93.000000 0.605000 1.000000
94.000000 0.602800 1.000000
95.000000 0.601800 1.000000
96.000000 0.584200 1.000000
97.000000 0.592000 1.000000
98.000000 0.584400 1.000000
99.000000 0.579600 1.000000
100.000000 0.563800 1.000000
