N=100
P=50
R=3
1 -1.406119 1.110176 -0.647871 0.226515 -0.935209 -0.314578 -0.301407 1.994459 -0.751237 -0.161889 0.631570 -0.544182 -1.180041 0.112038 -1.791834 1.504416 -0.897984 3.135744 -0.621614 -1.026419 0.173176 -0.427927 -0.387290 0.356050 -0.728859 -1.192323 0.676836 0.543352 0.482646 -0.103280 1.637524 0.777270 -1.359633 0.416025 -0.838558 -0.888437 -1.236606 -0.797337 -1.554153 -0.498696 1.016183 -1.064817 -2.411139 0.249178 0.626760 -0.228538 -2.104739 -0.455629 0.214454 0.779869 8.722024 1.000000
2 -0.510292 -0.788066 1.580838 0.706871 -1.151205 -1.520889 0.573775 -0.253470 0.678842 1.657676 -1.857096 1.252808 -1.197723 0.839352 -0.219466 -1.971679 0.398250 0.029421 1.521394 -0.015203 0.996484 0.197192 -1.024629 -0.678472 1.342065 -1.393979 -1.171606 -0.261906 -0.324886 0.174600 1.106150 0.494212 -0.077041 1.252201 -0.225916 0.160350 -0.211246 -1.807441 -0.953166 1.516218 -0.019766 0.176004 -0.338534 -0.942720 -0.001560 1.397322 -0.913236 1.463138 -2.077073 0.317023 3.195108 2.000000
3 -0.050963 0.191454 -0.666797 0.082714 0.396912 0.006817 0.542855 -0.335885 -2.410961 -1.948905 0.017908 -1.098389 0.674117 -1.173150 -0.192971 0.743502 -0.258343 0.066656 -0.766063 1.286751 -1.049809 -0.022126 0.175172 -0.492059 0.811149 -0.279274 -0.035394 0.635606 1.838592 -0.966712 0.292581 -0.096736 -0.845578 0.641991 -0.793941 0.904462 1.662275 -0.319910 0.853355 -1.233436 1.805140 1.110900 1.239848 -2.048737 -0.993068 -1.195763 -0.633044 0.818896 0.709379 0.810868 0.190615 1.000000
4 1.100543 -1.059804 -0.271244 -1.162125 -0.687128 -0.845372 -0.540705 1.417976 -0.411132 -0.834854 -0.427389 0.318610 1.242317 -0.178035 -2.184979 -0.271851 -1.718255 -0.997539 0.448856 0.151915 1.618977 -1.606949 0.913857 0.826500 0.500856 2.110288 2.226340 -0.367626 0.717324 -1.452054 0.976928 -0.345154 0.106479 -1.244774 1.075845 0.622009 0.662442 -0.695227 -0.040403 -1.776381 0.162974 0.223784 -0.502609 1.127190 -0.385934 -1.941660 -0.135880 -0.810645 -0.650827 -2.482397 4.159339 2.000000
5 0.693278 0.313612 -1.505910 -0.225459 2.193580 -1.065454 -1.328746 0.373167 -0.358614 -0.248205 0.279801 -0.705685 2.341508 0.960473 -1.478420 0.964855 2.219478 1.402121 -1.233682 0.798453 -0.079154 -0.754461 0.405161 -0.359117 -0.623640 -0.088854 -0.271424 1.170690 -0.573020 -0.319874 -2.041744 -0.628158 1.550782 1.071340 0.555009 -1.647029 -0.004258 -0.514288 -0.218069 1.044530 1.311092 -0.050241 0.432116 -0.674816 -0.292726 -0.573663 -0.418509 -0.595282 0.594375 -1.557000 0.306381 1.000000
6 -0.417242 0.969579 0.425248 1.703157 2.608811 -0.138877 -0.701016 0.279954 -0.464743 1.222981 1.043640 0.579994 0.163727 0.471885 1.416984 -0.833312 -1.086607 -0.488628 1.105613 0.330458 1.012543 1.881487 -1.252296 0.263866 0.893052 1.237584 -0.942329 0.311011 0.666459 -1.537559 0.316528 -1.451036 -0.525392 1.189671 -1.609038 0.913522 -0.206012 -0.618584 -0.040664 1.848259 1.249947 -0.109976 1.158171 0.371496 -0.070047 1.635533 0.431472 1.262863 -0.640900 -2.489996 0.251992 1.000000
7 -0.009329 -0.463371 0.453015 0.016856 -1.679987 1.257607 0.944861 -1.827203 0.391527 -1.605909 0.330706 -1.811146 0.019966 1.557699 -1.076291 0.586382 -0.553274 0.188313 1.419186 1.156887 -0.456813 -1.131806 1.902329 1.188194 0.618892 0.944110 -0.017084 -1.569370 -0.247266 0.165397 0.148354 0.676014 0.697398 -1.079481 -1.412283 1.220858 -0.903914 0.380805 0.553426 1.581090 1.829207 -3.335169 -0.994185 -1.345015 0.058172 0.431955 0.402416 0.040313 1.309557 -0.850472 2.198721 2.000000
8 0.377969 0.807422 1.338865 -0.417256 -0.496085 -0.286662 -0.838068 0.629407 -1.405858 0.438978 0.203257 -0.394436 -1.086596 0.157362 0.166665 0.058332 2.105079 1.351329 2.068551 0.958241 1.575539 0.376074 0.670705 1.524262 -1.424154 -1.467868 -0.398423 -0.593335 0.733277 1.545525 0.103681 0.019595 -1.203771 -0.153572 -1.303432 0.658715 -0.620589 -2.310137 -0.138945 0.725270 0.237589 0.780095 0.662916 1.203818 -0.036473 -0.254322 -0.142403 0.472561 0.154066 -0.154428 0.458586 1.000000
9 0.535011 1.355014 0.248547 -0.217418 1.933484 -1.440258 0.354906 -1.730717 0.707933 1.157526 0.650339 0.721361 -2.295259 1.458399 -0.141787 -1.324750 1.659475 -1.582673 -0.566697 0.319509 0.431768 -0.029727 2.209949 0.535030 -0.663100 0.299086 0.247374 0.605529 0.325947 0.693723 0.850519 -0.416480 0.968994 -0.086334 0.853602 -0.332784 -1.912715 -0.001302 1.502876 -0.626415 -0.439611 1.749031 -0.208197 -1.145459 -0.297342 0.165999 -0.112894 -0.433409 2.060784 -0.230153 0.469652 1.000000
10 2.457666 -0.542680 -0.044974 0.006931 -1.205629 1.016061 0.044917 0.597251 -1.089793 0.118415 -0.135155 -1.544950 -0.970380 0.205495 2.252653 0.277611 -0.653969 0.143421 -0.801766 -0.457734 -0.151404 -0.906389 -2.179578 1.054815 -1.029136 0.089427 -0.330864 -0.792991 0.257798 0.492549 0.253530 -0.338753 1.685240 -2.556476 0.800203 2.422125 0.189539 -0.776153 -0.047050 0.482426 -0.438446 2.024556 0.159803 0.922993 1.147771 1.758642 1.709107 -0.304003 -1.206210 1.189963 0.167644 2.000000
11 -0.403581 -1.154759 -0.614824 -0.208851 -0.249402 -0.991934 0.050571 0.253531 -0.644198 0.461773 -2.028913 -0.395776 0.254773 -0.879984 0.346426 -1.658274 1.300285 0.578939 1.054593 1.202531 -1.842269 0.510017 1.141077 2.173823 -1.733812 -0.273862 0.138945 0.013363 -2.149028 -1.085764 1.654649 0.190165 0.230805 -1.650606 -0.024327 0.527297 0.404352 -0.559369 1.298260 -0.168144 -0.258268 -0.037374 0.400342 -1.341141 0.063480 -0.421329 0.367190 0.016132 -2.356689 1.297986 3.216989 2.000000
12 0.630564 0.309113 0.458806 -0.366306 0.116748 -0.066799 1.444499 1.084309 0.135425 0.136336 1.414438 0.562820 -1.542123 -0.631074 -1.267958 1.292881 -1.024659 0.316242 0.075018 -0.813436 -0.408259 -0.374110 1.146546 0.140960 0.482450 -0.481756 0.035259 0.607095 0.044015 0.517541 -0.283691 1.863586 0.481107 -0.198521 0.064859 0.581741 -1.452663 -0.888945 -1.059320 -0.188522 -0.371263 -2.571217 1.635969 0.254717 -0.020304 0.841842 -0.399421 0.974334 1.827941 -1.035393 0.234122 2.000000
13 0.371450 0.119522 -0.742866 1.268708 -1.278309 1.597030 -0.719998 -1.456523 0.850372 -0.036144 -0.155644 -0.934101 0.804097 0.393863 0.312305 0.017428 0.641697 -1.074682 -0.698925 -0.334518 -0.132600 -2.084927 0.629071 -1.228876 -1.264142 1.034800 -0.062185 -1.595465 -0.556172 0.626259 -1.591134 0.452948 -2.043908 1.111195 -1.733003 -0.114222 -0.204213 0.228941 -0.724447 -0.261001 0.063802 0.647480 -2.062080 -1.988573 0.844633 1.978286 -0.569566 -0.562404 0.802278 0.197606 0.109124 2.000000
14 -0.680691 0.054346 -1.130520 2.362300 1.037630 -0.561389 -1.221629 1.398779 1.287786 -0.360940 -0.198702 0.894459 0.297545 -1.163508 -0.740015 -2.031879 1.920480 1.003300 0.515089 0.849270 0.835922 0.643611 0.955836 0.029463 0.211077 0.931346 1.412477 0.203977 -0.539673 -0.113314 0.618664 -0.212219 1.051684 0.270870 -0.317820 -0.601954 0.486410 -1.864205 -0.087037 0.196888 0.011752 -0.613633 1.054509 0.611299 -0.547591 0.531102 -0.040501 0.231515 -0.860995 1.202261 1.216019 1.000000
15 -0.339704 0.189480 0.158482 -0.523184 -1.080548 -1.768452 -0.861991 -0.020953 -1.393131 -0.388874 -1.247029 1.436542 0.919924 -0.275335 0.177303 -0.191011 0.261369 -1.010181 1.110618 -1.521711 -1.513561 1.067603 -0.639296 -0.613445 -1.297918 0.440420 0.072013 0.114807 -1.877638 -0.493307 0.596419 -0.160406 -0.105832 -1.656038 -0.365598 2.477235 -0.149732 0.113738 1.148483 -0.802265 -0.332234 0.959037 1.713976 0.345094 -2.091427 0.013248 0.427997 0.102210 -0.895793 0.746733 5.628940 2.000000
16 -0.171203 -0.722314 -1.927608 0.365400 0.298658 -0.421804 -0.667563 0.170790 1.360816 1.145991 -0.674467 -0.250626 1.229117 1.114689 0.555418 1.496235 1.222091 0.788442 -1.340244 -0.658748 -2.618397 0.334644 0.938082 -0.891825 1.219359 0.008911 -0.860078 0.396084 -0.261479 0.096221 0.098775 -0.067513 1.688912 -0.659580 0.663230 -0.257644 -2.891872 0.705047 0.338410 -0.036062 0.146408 -1.458043 -1.663044 -0.275066 0.729986 -0.038928 -1.415901 0.754229 0.024920 0.206170 1.450805 1.000000
17 2.168953 0.349695 -0.047116 -0.727640 -0.360647 -1.690119 0.026392 -1.288440 0.284323 1.264572 0.117010 0.996246 -0.940143 0.184301 -1.169563 -0.222840 2.331644 -2.567456 -0.971328 -0.738769 1.290764 1.440470 -1.264661 -0.730852 0.656763 0.826252 -0.220594 -0.710644 0.226799 1.072299 0.692800 0.312846 -0.987021 -2.104180 -0.707811 0.236882 0.574379 0.240764 0.015030 0.315371 0.214166 1.286258 -0.685614 -0.814304 -0.968897 -0.877735 -0.793201 -0.435855 0.499519 -0.982321 2.844487 1.000000
18 1.640866 -0.276389 0.565075 1.171829 1.301045 -1.689634 1.042709 0.201832 0.878147 -0.900430 -0.357459 0.172246 0.722165 -0.287394 -0.255833 -0.242666 0.382781 0.671872 0.183102 -0.071538 -0.406366 0.640026 -1.394243 -1.435800 -0.469685 0.451566 0.531310 0.191671 0.044276 2.206598 1.272510 1.625299 1.276139 0.069238 0.085879 -2.249574 -0.061769 0.713058 1.057776 -0.303883 -1.660423 -0.671824 -1.676418 -1.417542 -1.110654 -0.215998 1.738529 0.335979 1.396217 0.916759 0.037730 2.000000
19 -0.332567 0.345794 -0.273994 -1.013884 0.120299 0.645259 -0.062367 0.540977 -1.665981 -0.038741 -1.572731 -0.930986 2.184180 -0.347381 0.531855 -0.604263 -1.121412 0.285133 -1.088209 -1.058041 1.405362 -0.135030 0.911012 0.019162 -0.375102 -1.732060 -0.772622 0.234863 -0.261277 1.490831 1.119119 1.086158 1.135757 2.169662 1.733893 0.212983 0.089857 0.842730 -1.084722 0.677488 0.986405 -2.407335 0.271666 0.559876 0.104242 1.074803 0.293269 -1.090092 -1.031742 0.689677 5.143120 2.000000
20 1.044888 -2.573957 0.658470 0.425652 0.953468 -1.159225 -1.613571 0.739806 -1.040552 0.413572 -1.725811 0.342335 -2.060306 -0.837841 1.485151 -0.328466 1.584602 0.665326 -1.164973 1.450114 -0.595129 1.200843 0.014769 -0.795151 -2.788597 -0.732546 2.244579 -1.041871 1.749662 0.990858 -0.812353 0.149363 -0.837521 -1.018002 0.872272 -2.384855 1.911880 0.169622 -1.420369 -1.776976 -1.341413 0.428897 -1.173845 0.869090 0.068831 0.222317 0.086968 0.632849 1.658107 -1.493428 0.000603 1.000000
21 1.272143 0.049336 1.637356 -0.102827 -1.249207 -1.093824 -2.230292 -0.311115 -0.148860 0.600420 0.599680 -0.126811 -0.561403 1.189652 -1.190161 0.320883 1.249058 0.432368 -0.212152 -0.251417 -0.021515 0.277009 -0.695850 1.316532 1.117837 0.079379 1.288409 -0.279503 -0.465448 0.143619 1.598193 1.154792 -0.465164 -0.272203 -0.961800 1.862420 -2.104504 -0.470936 -1.302475 0.641020 -1.385970 0.062286 -0.777595 -0.495978 -1.336391 -0.402472 0.236624 -0.318103 0.987301 1.560385 1.251015 1.000000
22 1.378097 1.377847 -0.075234 0.684441 0.646499 0.887719 -0.797464 1.052364 -1.330044 -0.403525 0.104141 0.085183 -1.134791 0.870520 -1.538749 -1.072854 0.024356 1.645456 -1.668764 -1.231383 1.954664 0.331122 0.187744 -0.662493 -0.510160 0.182642 2.135808 0.348624 1.122994 0.496641 0.929762 -1.366088 1.207294 -1.240121 -0.559573 1.009779 -0.096061 0.206238 0.475965 -0.179378 -0.111405 3.412518 -1.299239 0.125895 0.433674 -1.067039 1.187862 -0.487165 -1.672940 -0.089276 0.042331 2.000000
23 -0.221032 0.533664 -0.374226 -1.572333 0.564213 1.447495 -0.272638 0.078866 0.373278 -1.091133 1.091396 -0.664703 -0.930371 1.180065 0.101185 -0.683023 -1.111495 -1.598759 0.586100 -0.398075 -0.355973 1.040832 0.128443 -0.961714 1.362261 0.066138 -0.826136 -1.087741 0.147210 -0.693718 -1.744276 0.650177 -0.536551 -1.476708 1.012083 0.339941 -0.703233 -0.492254 -1.091902 0.633124 0.414930 1.566219 1.078712 0.746089 0.641272 -0.835414 1.038948 -0.204485 0.227489 0.045407 2.796619 1.000000
24 -1.706347 0.950760 0.748740 0.096185 -2.661057 1.495377 1.379213 1.328844 -0.331833 -2.181665 1.689922 1.674349 0.367289 0.413598 -0.357035 -0.735360 -0.179384 -0.835882 0.683665 0.271445 0.283778 -3.306719 0.800004 -0.630668 -0.651040 -1.133890 1.587196 -0.029545 0.387478 -0.169541 -1.968242 0.741609 0.663272 0.296596 1.111635 -1.334994 -0.579273 -0.915469 -0.921572 -1.440576 -0.029777 -0.325415 1.097481 -0.070367 0.349443 -0.917786 0.163591 -0.129434 0.740099 0.355553 1.976869 1.000000
25 0.700029 -0.784484 1.483002 -2.247739 -0.495706 0.479697 -0.500872 -0.517688 1.581482 1.081920 -0.250040 -1.574845 1.374465 -0.497286 -0.514886 -0.782477 -0.847733 -0.967876 -0.250923 -1.271735 -0.448000 -0.084435 -0.963277 1.598665 0.880185 0.394014 0.218291 0.696327 -0.988755 -0.234168 0.991020 -0.446762 -0.264980 -1.686711 0.031503 0.730839 -0.552054 0.202415 0.601919 0.687284 1.010911 -1.340424 1.695677 0.269269 -0.363791 2.708728 0.419378 -0.476634 0.181094 -2.253199 0.593471 1.000000
26 1.479359 2.372591 -1.677981 -0.388965 -0.558114 -0.180981 -0.970553 -0.631164 -0.140646 -0.686448 -0.225174 -1.884983 0.352340 -0.867467 1.445717 -1.917705 -1.059720 -2.558124 -2.408005 1.369426 0.707599 1.414933 0.871050 -0.481548 -1.805316 -1.296742 0.879215 -0.984740 -0.090084 -1.452534 -0.240967 -0.333952 1.550121 1.953314 1.047699 -1.305916 1.061990 0.060256 0.301870 0.744211 1.137682 0.117513 0.818804 2.177750 -0.969919 -0.394148 -1.398628 -2.496366 1.062030 -0.688488 3.629671 2.000000
27 1.404915 0.578537 -0.853248 0.028615 1.543510 0.424445 -0.386987 -1.147916 -0.509966 -0.650722 -0.726726 0.831587 -0.359441 -0.916807 -0.259875 -1.574850 0.185372 1.029316 1.277007 -1.085662 0.686838 -1.172232 -0.974088 -0.225486 0.307946 -0.334995 0.325363 -0.415607 0.160287 -0.906929 1.802889 -0.456576 0.483933 0.502310 -1.592513 0.028421 -0.248197 0.355090 -0.436051 0.047483 0.357424 0.460534 -1.181140 -0.372772 0.026450 0.544512 0.943565 -0.431220 1.465952 0.488566 0.957622 1.000000
28 -0.540245 0.038631 0.325993 0.199229 1.486659 -1.756634 0.968881 -0.482245 -0.329313 0.448973 -0.228030 0.127536 1.295397 -0.057144 0.622372 1.268531 -1.456959 -0.144770 0.549710 -1.420785 2.942927 0.910780 0.479677 -0.177391 -0.570230 1.083316 -1.980656 1.381622 1.382676 0.384659 0.253915 -0.685436 2.362282 0.318138 0.754165 0.577169 -0.077753 0.219490 -2.853994 1.075579 -1.480426 0.805472 -0.053862 -0.688965 -1.266212 -1.101129 -1.113256 0.081401 -1.251111 0.470081 0.874519 1.000000
29 0.213934 1.141232 0.330288 0.714832 1.041181 1.831622 -0.818213 0.350623 1.964372 0.497912 -1.395971 0.101985 -0.267941 -0.586745 0.412731 1.048305 0.687732 -0.597602 -1.294778 1.132541 -0.754881 -0.245682 -0.385691 1.359763 0.250178 -0.763367 -0.740597 1.390196 0.671394 0.642010 1.727264 -0.842633 1.035156 1.436104 0.704200 0.357001 1.293375 0.868146 0.193053 -1.175106 -0.306450 -0.845411 0.788893 0.137881 0.098116 -0.088052 0.638232 0.191537 0.609519 -0.541701 1.788333 2.000000
30 0.449960 -1.270390 0.559664 -0.160809 -0.540745 0.784718 0.342641 -0.190679 -0.130934 -0.167852 1.869603 0.453199 -0.185156 -0.732829 -1.143159 -0.800191 1.262182 -0.365645 -0.983951 0.627239 -1.290877 2.205718 -0.179149 -1.305447 -0.611733 0.029759 1.024672 0.757908 0.432993 -1.282357 -0.876493 0.381611 1.706846 -0.349824 -1.232493 0.203954 -0.316294 -0.604620 -0.755338 -0.155465 0.688646 0.764306 1.320286 -0.951768 -0.000770 0.762514 -0.263304 -0.531350 0.714237 -2.665719 1.136662 1.000000
31 -0.556088 -1.264309 0.767373 2.472425 -0.158172 0.187817 -0.423851 -0.516140 0.221324 -1.828338 1.556990 -0.008890 -0.540739 -1.187274 -0.485430 1.832070 1.145366 -0.325106 -0.330562 0.799624 0.664578 0.349801 -0.911245 -1.468462 0.621084 -0.660296 0.165741 0.323108 -0.105754 1.401661 -0.582763 1.377348 -1.110276 -0.492888 0.538985 1.475165 1.860186 0.264410 -0.146492 0.851296 -0.003929 0.819356 -0.235293 -0.338900 1.386369 -0.665239 -0.488175 -1.135851 0.641490 0.236788 1.728602 2.000000
32 -0.083454 0.324701 -0.780946 -1.835438 -0.437776 -0.480593 0.726265 -0.832187 -2.141112 0.468760 1.251050 -1.197267 0.338835 1.080199 -0.128515 1.781860 1.147505 0.066606 -0.705126 0.329673 0.404408 -0.572654 -0.699536 -1.271433 1.377890 -1.081496 -0.715546 -1.390261 -0.689191 0.726250 -1.852620 -0.450399 0.682324 0.386526 -1.770036 -0.074000 -0.774710 -0.190168 -0.661964 0.633255 -1.386013 -0.804648 -1.205564 -0.618424 -0.461152 0.851559 -0.347627 -2.086462 -0.713319 -0.954601 0.306308 2.000000
33 0.318320 -1.293536 0.536363 0.655746 -1.120968 2.197941 -1.292170 -1.051199 1.082399 1.215490 0.405970 0.428649 0.053817 -0.949118 0.444682 0.105091 0.067790 0.854849 0.304068 0.156844 -1.051145 -0.154783 0.077614 -0.496764 -1.427818 -2.311615 1.054404 0.028873 0.903361 -0.178904 0.252613 -0.118688 0.710574 0.596769 0.763934 -1.021223 0.472944 1.326823 1.111927 0.597131 -0.527558 1.352301 -1.143745 0.230197 1.009912 -2.121013 0.220697 1.191134 1.285106 0.270487 0.236391 2.000000
34 0.363668 0.918812 -0.118113 -0.250476 1.136960 1.011719 0.723900 1.427198 0.358315 0.693074 -0.831808 -0.211672 0.896889 -0.947048 -0.410308 1.348657 0.791215 0.079394 -0.123289 1.290073 0.651015 0.295891 0.270017 -0.788257 1.160458 -1.555990 0.938412 -0.292381 -1.083757 -0.292466 -1.524584 -1.073779 0.215217 2.173622 0.663870 -1.272150 0.561958 -1.223666 -0.930885 -1.376076 0.596767 -0.858074 -0.167216 -1.890631 0.005112 -0.622298 1.173740 1.359205 0.729076 0.096251 1.648090 1.000000
35 0.589147 -2.036471 0.546970 -0.068827 -1.603680 -0.509017 -1.264786 -1.323891 -0.617911 -1.597154 -1.379925 -0.794270 -0.584214 -0.707723 2.303509 0.431579 -0.405460 -0.956440 0.993505 -0.028119 0.115170 0.584020 0.106385 -1.436703 -0.341760 -1.273826 -1.169344 0.169908 -1.191440 0.208613 0.718295 -0.394839 -0.579969 -2.269700 0.112221 0.382788 -0.269193 -1.207397 1.222622 -0.032406 0.784640 0.244350 0.003856 1.897673 0.676348 0.276720 0.663573 0.006261 -2.923204 -0.462336 1.539265 2.000000
36 1.171356 0.329341 -0.852607 -0.123866 0.792654 0.920480 -0.190726 0.485133 -0.108661 3.071177 -0.638931 -0.457461 0.641012 0.771042 -0.094508 -0.575492 -0.273233 -0.272050 0.730014 -0.041175 0.362220 0.560250 1.325970 0.332518 0.497973 1.210636 0.030170 0.899194 0.705152 -0.804000 0.111921 -0.954056 -0.131303 0.878469 -0.586799 -0.000263 0.285864 1.509304 -0.669254 1.226808 -0.820636 0.451247 1.552276 1.663621 1.350086 0.554365 -1.281192 0.392578 2.573563 0.220788 4.712441 1.000000
37 -1.016674 0.087033 0.627261 -0.001074 -0.585835 -0.800485 0.739047 -0.423925 1.164160 -0.122012 0.124830 0.687722 -0.559198 0.744468 0.275322 0.869917 -0.105358 0.914575 0.282196 0.704135 0.501917 -0.437296 0.026004 -1.326447 -0.800725 1.067062 0.159709 1.355329 0.516699 -2.974150 -0.400067 0.637784 2.132071 -0.822724 1.260750 -1.107208 -0.313953 0.183011 -1.078686 -0.504254 1.869049 0.408286 2.213402 0.349159 0.158350 1.156199 0.185159 -1.007774 0.422672 -0.368063 1.141479 2.000000
38 1.006538 0.333205 -0.635615 1.660216 -1.414206 -0.119165 -1.812110 0.592542 0.213661 1.552399 -1.252235 -0.399923 0.055920 -0.967309 -1.573681 0.487359 -0.844475 0.075563 0.693064 -1.452781 -0.814429 1.066314 0.398138 1.255087 -1.147071 -1.104905 -1.568776 0.194554 0.964599 0.896679 -0.183494 -1.214567 -0.319964 -1.161431 -1.017303 -0.890136 1.620662 -1.368355 2.396690 0.952168 0.854164 -2.083825 1.585149 1.579958 -1.603631 0.845952 -0.724150 1.001954 0.335912 1.802050 0.629698 1.000000
39 0.438623 -1.112793 -0.478602 -0.100738 0.419553 0.286507 -0.125273 -1.670799 0.242994 0.592869 -0.909740 0.870677 0.852024 0.679812 0.402632 0.328001 0.522800 -2.692174 1.183280 0.502398 0.005288 0.102855 0.328435 -0.439012 -1.363345 -0.377482 -1.193679 0.851554 0.931246 1.368639 1.041512 -1.688814 0.377063 -0.498433 0.048509 -0.428676 0.382853 -0.072783 0.160082 -0.829818 0.800511 1.033184 -0.160265 -0.195617 -0.710822 0.152071 -0.750483 1.749630 0.731040 -0.746709 1.205690 2.000000
40 -1.091792 -0.658890 0.758173 -1.081957 -0.351616 -0.702147 -0.528935 0.239585 -0.716825 -1.123673 0.660257 -0.624420 0.913297 -0.576817 0.282823 1.177450 1.461998 -0.173274 0.753655 0.393679 1.081147 -0.481456 0.053418 0.379412 0.511535 -0.976685 -0.577027 0.211357 0.437499 -1.411569 -0.000231 -0.156933 -0.360996 -0.291965 1.548488 0.133341 1.245230 0.188271 1.595977 -0.263744 -0.774386 0.696410 1.489025 0.318533 -0.266425 -1.247809 0.320987 0.070304 -1.667089 0.211438 2.817157 1.000000
41 0.361728 3.091011 1.481848 -1.112619 -1.412181 -0.192108 0.307586 -0.139847 -0.304480 0.313081 -0.324592 0.190405 0.338294 0.629733 -0.762710 0.910564 1.573486 0.765499 -0.985087 1.947320 -1.383669 0.540297 -0.637927 0.337017 -0.414344 -0.437904 -1.040797 1.239028 0.140408 -1.881414 -0.219629 0.063869 -1.196437 0.622013 -1.606691 -0.889018 0.026418 -1.089921 0.089220 -1.283145 -1.257262 -0.164201 0.164654 2.113545 -1.601112 -0.648463 -0.941533 0.149493 0.714222 -0.515417 0.696950 2.000000
42 -0.700507 -1.293727 -0.655982 0.657182 -0.669854 0.352857 0.494472 -0.162787 0.537404 -0.389918 -0.322044 1.454608 0.885672 1.340875 0.385594 -1.103312 -0.204858 1.004087 -1.687478 0.439433 -1.044115 -0.055683 -1.303456 -1.679864 -0.928612 -0.671792 0.580401 -0.170577 -1.335493 -0.482137 1.008142 -0.269142 1.811592 0.698221 2.207012 -0.127547 0.212781 0.989584 -1.877620 2.419710 -1.146637 -1.936293 -0.736899 0.600337 0.444265 0.415179 -2.601519 0.039125 -0.310830 0.315634 4.847139 2.000000
43 -1.002364 -0.193175 -1.658997 0.602289 1.417446 0.771119 0.460119 -1.624202 0.389774 1.045693 -1.377853 -0.037911 -0.908131 1.823742 0.927206 0.167751 -0.846429 1.234189 -1.751831 1.792273 0.440008 1.245039 -0.134270 0.146263 1.281603 -0.057887 -0.419771 1.603414 1.890983 1.448012 1.192756 -0.161507 0.467447 -0.519611 0.483682 -0.442325 0.845789 0.665540 1.010538 -1.139957 -2.114780 -0.914945 -1.271042 1.463749 0.121796 2.728202 1.569618 0.306353 1.459370 -0.795260 5.226031 1.000000
44 -0.154164 -0.567656 0.776756 -0.716260 -0.836428 0.565134 -0.333225 -1.292839 -0.015648 -0.765393 0.804470 -0.011760 1.345833 -1.401371 -0.267046 -0.825764 -0.926096 0.595193 0.333488 -0.061705 -0.593903 0.001979 0.341377 0.359207 2.338886 0.965107 1.113960 -0.110871 -1.261707 -0.661250 0.044619 -0.475195 -1.290861 0.234230 1.307094 -2.658201 -0.455660 -1.398679 1.662897 -0.868793 -0.230174 0.963952 0.078890 0.326321 0.419644 -1.314847 -1.882504 -0.358197 -1.078246 -0.390870 1.917357 2.000000
45 -0.197412 -1.275936 -1.691038 -0.721398 0.507092 0.730071 0.738167 1.250626 -0.032066 2.232586 3.708860 2.218393 0.018132 0.274583 1.007499 -0.310378 1.076342 -0.874583 1.160502 0.333400 0.778189 -1.623608 -0.643493 1.078021 -0.617142 1.876412 -1.563843 1.254269 -0.940031 0.344281 0.891567 0.772547 1.011343 -0.637366 0.129727 -1.461090 -0.306422 -2.837205 0.171587 -0.590779 1.789026 2.211546 1.401305 0.727785 0.040973 0.133720 -0.413244 0.620980 0.449361 -0.176852 1.532886 2.000000
46 -0.570636 -0.290690 1.763187 0.898467 -1.410951 -0.388806 1.372584 -0.461359 0.791718 -0.802124 0.691547 1.227767 1.839740 -1.629219 -0.202828 -1.735024 -0.157564 -0.029659 0.285979 -0.961220 -0.629959 -0.411985 0.459784 -0.751665 -0.447172 -0.431534 -1.512056 0.521478 -0.978483 0.056420 0.293757 1.682823 0.676771 -0.424960 -0.246575 0.239929 0.379002 0.702504 0.883697 0.055175 -1.096988 1.118166 0.681449 0.106455 0.284557 0.934970 -1.968010 -0.295127 -0.277255 -0.019845 0.891678 2.000000
47 -0.753632 -0.689251 1.392564 -0.740870 -1.150037 -0.116170 0.223141 -0.325636 0.570086 -0.172481 -0.452571 0.379471 1.271806 0.071482 0.409186 -1.110970 -0.326122 0.997922 0.472125 0.396504 0.012032 0.440320 -0.636887 -0.704637 0.552287 0.182792 0.347255 0.904875 0.688344 -0.619275 -0.048366 -1.519269 -1.372067 2.387453 -1.359965 -1.144957 -0.144523 1.891670 1.443636 -1.169367 -0.146984 1.349319 1.226274 0.601396 0.004319 -0.762260 -1.063210 1.280742 0.358407 -0.006813 6.825075 2.000000
48 0.497248 -0.887132 -0.158997 0.359760 -0.870246 2.316508 -2.130931 0.791945 -0.443637 -1.010420 0.288134 0.615600 1.143489 0.681240 -0.547459 -0.150392 0.292987 1.195749 -1.145656 -0.442087 -0.553731 -0.875693 -0.303231 0.915886 2.183524 0.473972 -0.422384 0.547457 -0.704234 -0.586318 1.885616 0.637572 0.612754 0.669563 1.347372 -0.706741 0.535613 -0.099270 1.166797 -2.060536 -1.743039 1.224222 1.133870 0.092492 -0.403070 -1.285051 -1.358838 0.363398 -0.797473 -0.071719 3.783669 2.000000
49 -0.554662 -0.331224 -2.243318 0.529926 0.425975 1.388422 0.291699 1.119462 1.513264 -0.152018 -0.897811 0.748860 1.072892 0.356612 -1.234675 -0.557206 -1.670997 -0.339294 1.510782 0.064808 -0.076754 -0.722327 1.063762 -1.284377 -0.060092 0.421733 -0.177989 1.258914 0.822697 0.126702 -0.562522 -0.215642 -0.963574 1.247939 -1.384520 0.831200 0.371994 -0.594615 1.729542 0.663511 0.440330 -0.088585 1.485065 0.320409 1.908695 0.977090 -0.779924 -0.617263 -0.734575 1.763713 2.485356 2.000000
50 1.143214 1.553073 -0.776964 -0.472324 -0.155927 -0.145807 -0.868417 -0.330424 1.696916 0.816881 -0.591529 0.810457 1.151548 0.343548 -2.116654 0.079977 1.525581 -0.238182 -0.052014 -0.122117 -0.548155 -0.153224 0.115698 0.364981 0.430465 -0.204120 -0.194303 0.152267 -0.574422 1.679460 -0.243554 -1.460542 -1.344053 0.037814 -0.614929 -0.900342 -0.189294 0.878196 -0.965423 -0.084740 -0.998053 0.140710 0.849978 0.800441 0.818609 0.781148 0.717822 0.481888 0.832190 1.492497 3.995634 2.000000
51 1.379424 0.327114 -0.377154 -0.318585 0.256867 -0.682472 -2.081852 -3.006979 0.939879 0.992412 0.380877 0.364801 -1.246133 -1.024424 0.042911 -0.423087 -0.601950 0.579743 0.699221 2.138274 -0.469004 -0.382750 0.863116 -1.131985 0.250014 -0.800659 0.226906 0.624360 0.834409 -1.967851 -0.034386 -0.513971 1.695422 2.393338 -0.232309 -0.791718 -0.173210 1.073789 0.444904 -0.282008 1.062614 1.188937 -0.510773 0.977463 0.846214 0.062383 -0.411419 0.563141 1.564277 0.243846 0.068195 2.000000
52 -0.065897 -1.503358 -0.127663 1.967019 0.346647 1.935632 0.456963 -1.089437 -0.377407 -1.010797 -0.862786 0.377871 -0.740975 -0.180642 -0.178229 -0.095796 1.615910 -0.319437 0.679589 -0.439904 0.600170 -0.109018 -0.554406 -0.147754 0.793327 -0.068660 -0.785009 0.074490 0.976653 0.577220 -0.586654 2.176709 1.124853 0.276059 -0.387403 0.904509 0.722717 -0.965837 -0.383679 -0.599269 -0.557059 1.725433 0.711946 1.124399 -0.951604 -0.319577 1.639428 0.615776 -1.673327 -2.336315 1.865002 1.000000
53 -0.004190 0.802143 -1.289869 -1.213548 -1.769164 1.017306 -0.599318 0.698821 0.648630 1.117951 -1.410199 0.715019 0.540976 0.816658 0.191827 -0.568355 -1.465014 0.609762 0.220801 0.024097 -1.698783 0.355305 0.091358 -0.641049 -1.315558 2.332593 0.318505 0.312468 -0.977211 -1.190007 2.316147 -0.775123 0.830672 1.925090 -1.458003 -0.366466 -1.931558 1.189882 -0.913928 0.680952 -0.093373 -1.083120 1.581456 0.650437 -0.086981 -0.424678 -0.906442 0.035164 -0.154409 -0.582816 11.487937 2.000000
54 -0.247327 -0.250960 -0.855379 1.678491 0.392823 -0.880472 -0.826604 1.343603 1.180743 0.636351 -0.171580 0.585225 -1.424337 0.724640 1.315463 0.734843 -0.604526 -1.036368 0.083945 0.079409 -0.165458 -0.429870 0.094736 0.985420 -0.566638 -1.442901 1.815287 0.506520 -0.322762 1.001599 -0.676804 -1.048695 -1.250715 -0.027594 -0.464827 1.427510 0.969123 0.027050 -1.048837 -1.239063 0.803599 -0.259955 -1.068702 0.113945 -1.009175 -0.997136 0.345198 0.095464 0.187548 -1.143612 0.097007 1.000000
55 1.471290 1.248544 1.122232 0.130995 -0.483047 0.383276 -0.618822 -1.125437 -1.498447 -0.343626 -0.057388 1.909940 1.226974 -0.435042 0.994096 -0.881945 -0.412036 0.098739 0.069860 -0.189972 0.889011 -0.307053 0.578770 -0.721334 0.418000 1.491334 -0.399190 0.665892 0.194222 0.735338 0.039267 -0.733561 0.693498 -1.393094 0.748456 0.851834 1.662903 0.057130 -0.230817 -2.060986 -0.484112 -0.317712 -2.242859 -1.307963 -0.229945 -0.403390 -0.608429 0.170309 -0.387830 -0.557175 0.896431 1.000000
56 0.287406 -0.708742 -1.737866 0.141795 1.011310 -1.545288 0.293396 0.753074 -0.805997 0.691319 1.001154 -0.924715 -0.034200 0.480686 0.221656 1.897954 -0.495330 -0.068759 -1.931155 0.058113 1.351296 -1.636068 -1.241762 0.093662 -0.475648 1.992266 0.034120 0.316877 -0.151033 0.503555 1.386947 -0.112309 -0.427549 -2.295303 -0.984243 0.572911 1.220494 0.799635 0.863530 0.182183 0.713906 1.498265 1.247859 -0.439249 -0.221769 0.271101 0.395050 -0.507620 -0.393218 0.285518 1.079003 2.000000
57 0.467824 -1.188003 -0.709857 -2.140168 2.493374 -1.417828 0.302306 -0.663926 1.231429 -1.526858 -0.321196 -0.742303 0.237984 0.326782 0.647725 -0.043943 -1.137075 0.547705 -0.477628 1.487958 0.506926 -1.081824 0.310308 1.546917 0.968251 -1.466452 -0.623352 1.201286 0.140332 -1.078989 -0.625100 -0.717086 0.547464 -0.953839 0.340040 -0.227229 0.626401 -1.137664 -0.514825 -0.804764 -0.866121 0.406995 -0.702717 0.206709 0.400610 1.292346 0.235844 -1.694494 -1.183654 -2.101925 1.311152 1.000000
58 0.985173 0.690347 0.839701 -1.117685 0.779173 0.408525 1.562786 -0.137696 -0.337131 -0.613463 -0.511830 0.582354 1.512293 1.631055 -1.387131 1.080925 0.285789 2.571128 0.741748 3.249615 -0.241920 1.149526 1.787871 -1.304299 1.367662 -0.439466 0.412188 -0.378619 0.945414 0.778554 0.129193 -0.467679 0.288957 0.688488 -0.082809 0.569421 -0.710028 -0.631125 0.324743 -1.971952 -0.706929 0.443419 -0.103245 2.361815 0.407825 1.032245 -0.296034 1.178081 2.508214 -0.665267 1.570617 1.000000
59 -1.069893 -1.156368 0.482576 0.385398 -0.871983 1.245802 -0.872817 0.950739 -1.459811 -1.050325 -0.672154 -0.223766 0.288197 -0.878673 -1.958762 0.600437 0.525279 2.319886 0.967945 -1.464056 -0.249650 -0.429895 -0.591053 0.583847 -0.452379 1.181111 1.107086 0.803363 0.376352 -0.023518 -1.461163 -2.085574 -0.638941 -1.310612 -0.483625 -1.378850 -0.379212 -1.127257 0.239451 0.127584 0.775787 2.409717 0.863547 1.276092 0.251232 -0.209352 0.522790 0.542570 -0.656203 0.480615 2.345479 1.000000
60 1.158453 2.514573 1.122178 1.751853 -0.842133 -0.462124 0.433284 1.742382 1.300039 -0.245450 -0.388695 1.382052 -0.670861 -1.626400 0.272276 0.126196 0.238971 0.067149 -0.408778 -0.512593 0.942568 0.032443 0.673688 0.611310 0.190864 0.195799 1.179993 -1.526738 0.059375 -0.978825 -0.060116 -1.311037 -0.020668 -1.666204 -0.171574 0.125360 1.204452 -0.334143 -0.986186 1.772294 0.521986 0.862780 0.605178 -0.530189 -0.066826 0.183412 -0.713641 0.313747 0.609497 -0.069328 0.443129 1.000000
61 -0.901744 -0.526719 1.475168 -0.110115 0.572369 -0.728810 -0.071284 -0.599459 -0.142766 -0.156329 -0.518648 1.810032 -0.591736 1.339476 -0.486545 -0.267590 0.469264 -0.018149 -0.660552 1.127088 -1.026943 0.356051 0.240060 0.029363 0.259668 -1.811437 0.278191 0.552685 -1.643648 -1.549680 -0.583896 -0.425621 -0.478475 0.460941 -1.004772 0.482892 -1.732277 0.511473 -0.403153 0.414309 1.440581 0.833597 1.226729 -2.393211 1.335652 -1.455024 -1.319569 0.643035 0.245748 0.385251 0.974119 1.000000
62 0.394399 0.498799 -0.221846 0.138709 1.849807 -0.142961 0.815652 -0.494211 -1.493128 -1.203299 0.061011 0.497134 2.188055 0.750931 -1.384400 -1.822463 -1.335625 -1.699977 -0.969242 0.853102 -1.194183 -0.606779 -0.476946 2.236641 0.269767 0.503925 -0.164079 -0.047262 0.175671 0.676471 -1.118097 0.353701 -0.298331 -2.109437 1.435507 0.530836 -0.720640 0.157883 0.577757 -1.207722 -0.982923 2.093286 -0.783957 -1.052137 -0.078296 1.107230 -0.197229 0.451711 -0.602875 -0.728022 0.599069 1.000000
63 2.009174 0.405350 0.236769 1.166859 0.378104 0.753519 0.677144 0.490409 -0.040398 1.609950 -0.255799 0.096895 -0.424205 0.880966 1.339479 1.251990 -0.574205 1.329483 -1.286955 -1.086073 -0.150147 -1.250229 -1.174551 0.268784 2.358035 0.577391 -0.742615 -0.065949 1.590761 -1.969525 0.496155 -0.094920 -0.081800 -1.126939 0.193890 -0.225280 0.301148 0.099051 1.180780 0.157402 0.861823 1.499217 -0.495931 -0.092338 -0.684419 0.991130 -0.782709 0.588280 0.818972 -0.802899 0.545895 1.000000
64 0.166750 0.405133 0.924234 -0.599843 0.281531 0.968504 -0.411796 -0.133050 0.059607 0.661629 2.727354 -0.003809 -0.872740 0.373477 0.963217 -0.799035 -1.988815 0.320037 0.027547 1.914765 0.866386 -0.942196 -0.087480 -1.590365 0.146208 -0.117580 -0.479673 -1.063001 1.735146 0.459420 -0.517012 1.286584 -0.063524 -1.402094 1.098879 0.902523 -1.105757 1.438211 2.283905 1.124185 -1.222506 -0.831155 -0.035657 0.002631 2.261855 -0.100760 0.950880 0.857206 1.495361 0.935596 0.017567 1.000000
65 -0.380504 -0.539786 0.128831 -0.332306 -1.811498 -0.198387 1.265266 -0.581537 0.698351 1.434185 -1.450213 -0.035915 0.084069 1.018762 0.722613 0.808529 -0.483503 0.768848 -1.654100 -0.387157 -0.367566 -0.058033 0.683593 -0.764459 0.886763 -0.824242 -0.767511 -0.463344 -1.686108 0.409399 -0.889040 1.002443 0.987356 -0.606012 0.625390 0.860664 -1.517052 -1.398674 1.604430 0.216055 -0.751412 0.109904 2.892636 0.991469 0.914575 0.531137 0.782599 0.919738 -0.381508 0.201481 1.736581 2.000000
66 -1.273303 -1.939589 -2.213903 0.447697 -1.036220 0.056963 0.956749 -0.975211 0.138856 -0.441075 0.378644 -0.204391 0.801048 -0.584582 2.180439 1.363803 -0.039097 1.156947 0.872157 -0.787157 1.197797 -0.781742 0.761670 1.543531 1.102743 -1.074778 0.978454 -1.453427 1.439239 0.930475 -1.238878 -0.909664 0.322047 -0.547758 0.009907 -0.668985 -1.455453 -0.127825 1.139173 -0.148431 -0.605768 -0.103766 -0.189231 -0.347579 1.052581 0.455883 0.354775 2.358717 0.335177 -0.585832 5.104140 2.000000
67 0.196149 -0.848890 0.327236 0.333335 0.317707 0.506335 -0.679483 0.873188 1.294271 0.530374 0.983255 -0.744319 1.173076 -0.529897 -0.584874 -0.425150 1.686034 0.620868 -0.025073 -0.691809 0.444080 -0.098621 -0.182434 2.863616 0.790041 0.986558 -0.927872 0.780758 0.117750 0.743523 0.012047 0.082720 -2.584942 -1.176732 0.995127 -0.278010 -0.606794 -0.151302 -0.521970 -0.529925 -0.417937 0.934422 1.024584 0.445887 1.584243 0.853272 -0.245477 -0.790141 -1.768935 1.530161 5.574432 1.000000
68 -0.819998 -0.635857 -0.132150 0.414680 1.276515 -0.736011 1.108980 1.953009 -0.499586 -0.632393 0.381866 0.467188 1.167559 0.183016 -0.745851 -0.517272 0.156720 -0.209278 0.283707 1.245878 -0.950353 0.044504 -1.271596 -0.077081 -1.211979 -2.123294 0.273735 0.251911 -0.894528 -0.049648 0.095385 -0.365464 1.419376 -0.600276 -1.093269 -0.124138 -1.311905 0.024035 -0.575247 -0.825422 -1.192881 1.333854 -0.029683 -0.265103 -1.088374 1.183887 -0.660077 1.452528 0.380848 -0.737607 1.845441 2.000000
69 0.939569 -0.200151 -1.380516 0.692176 -1.009681 0.050002 -0.409379 -1.966924 -0.217575 -0.326930 -0.198436 0.945217 -1.227904 0.035427 -0.288472 0.366345 -1.208183 0.388675 0.914134 -0.948054 -2.128948 0.489784 0.177572 0.391442 -0.481683 1.055764 1.090111 0.483661 -1.169453 0.916158 1.393353 0.347424 -2.347346 -0.399368 0.929565 -0.835895 -0.504315 -1.897652 1.265769 -0.522364 0.104197 -0.573278 1.512027 1.785030 0.757567 -1.040139 -1.061932 1.075162 0.053180 -0.111635 3.459331 1.000000
70 -1.385717 -0.879750 0.258258 -0.037881 -1.547930 0.495234 -0.584961 -0.956654 -0.535788 -1.091875 -0.383150 -1.820477 1.054168 -0.412747 -1.033307 -0.297899 -0.971314 0.434493 -0.661703 1.258087 0.844152 0.042563 0.212524 -1.709657 0.738129 -0.420272 -0.091760 1.022458 1.109058 0.800887 -1.231735 -0.043917 0.545030 0.563416 1.692387 -0.257044 0.816285 0.794197 -1.529703 0.493582 -0.727261 1.786340 -0.825559 -1.324920 -0.237236 0.468222 0.361507 -1.007878 0.821747 -0.581938 0.375998 1.000000
71 -0.818636 2.315891 -1.232786 -0.219303 -0.019214 1.189229 0.423183 -0.857965 -0.850499 -0.144455 1.436559 0.684660 2.418465 -0.415152 -1.626729 0.839527 0.042619 1.588731 -0.231400 0.255666 -0.000959 1.761295 0.160610 1.604747 -0.919099 1.483547 0.148619 0.981164 0.365095 -0.611423 -1.566383 -0.230789 1.123373 -0.633374 0.411066 -0.606091 0.149374 0.802531 0.544332 -0.346487 -1.192014 -0.990227 -1.001884 0.427304 -0.626244 -0.638662 1.510631 1.149312 1.126201 -1.376143 0.473441 1.000000
72 -0.540390 -0.127652 -1.702030 0.235089 -0.965693 -1.591328 -0.015089 -0.487385 -0.573166 0.645939 1.500026 -1.229117 -0.524430 0.919072 0.950444 1.904882 -0.318886 -1.169905 -1.753901 1.286184 0.283819 0.626585 0.589209 -0.221638 0.702550 -1.208489 -1.430186 0.076992 -0.387842 0.200298 0.790753 1.198697 -0.171703 -0.615084 -0.444165 -0.375183 -2.218586 -1.104590 0.325615 0.263938 0.110839 -2.281560 -0.318896 0.442369 0.926280 -1.336724 -1.141979 0.494787 -0.053405 0.500272 1.786194 1.000000
73 0.412530 -2.035766 0.528865 -0.925132 -0.711324 -1.135642 -0.716903 0.557619 1.151197 0.656844 -0.931757 0.825121 1.319884 0.666946 -0.551737 -1.198101 0.257744 -0.300303 0.353286 1.604048 1.139858 0.009714 -0.754280 1.977803 1.007901 -2.296656 -0.603668 0.467785 0.591771 -0.161330 0.283293 0.083611 0.617105 0.341474 -0.122834 -0.788616 0.955440 -0.034989 1.263400 0.342759 -0.310044 0.793107 -1.197318 -0.119369 -0.988273 0.198715 0.647122 -0.350382 0.488427 1.076982 14.914086 2.000000
74 -0.009512 0.511370 -0.940601 0.982087 -1.227425 -0.528479 -0.575276 -0.425603 -1.324221 0.500239 0.774923 -0.292979 -1.225046 0.612044 0.482972 0.646315 -0.861020 -0.819120 0.409716 0.506124 0.327223 -2.447979 -0.604362 1.104016 0.487990 0.312057 0.830612 -1.847590 -1.205017 2.024261 -0.088682 0.803735 0.780682 -0.075517 0.493671 -0.252413 -1.221924 2.335023 1.908798 -0.568884 0.464642 -0.120397 0.858635 1.432123 0.668259 -1.431620 1.044077 -0.118643 -0.375223 0.925264 1.747113 1.000000
75 1.520797 -0.313849 -0.274494 -0.553973 -0.743913 1.153815 -1.816690 0.735465 -0.460214 0.918817 -0.269330 2.390207 1.361530 -1.662138 -0.216923 -1.809797 0.439548 -1.909125 -0.347196 1.578146 1.709764 0.085685 0.524195 -1.375795 -0.243175 -2.048548 -0.258914 -0.214878 -0.986528 0.894901 0.588823 -0.656565 -0.686663 -0.983477 -0.252516 0.821363 0.102478 0.549897 -0.237989 0.382130 -0.726156 0.783159 0.898248 1.907483 0.601224 -1.529298 -0.862272 -1.990761 -2.317862 -0.071908 6.327065 2.000000
76 -0.190116 -0.117326 0.000036 -0.041018 -0.074710 -0.980286 -0.421451 -0.706701 -1.353823 0.175942 0.079073 0.849895 -1.572585 -0.114088 0.489398 -0.978113 1.618616 -0.545906 0.424437 -1.470283 0.724479 -1.025690 1.680921 -0.088515 -1.391906 -1.563186 0.481654 1.081398 -0.037167 0.990334 0.429669 1.230063 -0.122548 0.785721 0.910976 -1.029634 -0.666349 -1.028827 0.661235 -0.088478 0.820851 0.168887 -0.108870 -0.150013 1.405487 1.866637 0.369407 0.369775 0.810317 1.482739 1.435512 1.000000
77 -0.208076 -1.140160 -0.327973 0.360308 0.531860 1.840574 1.539101 -1.304594 -0.385211 -0.062519 -0.094815 0.742939 -0.195519 -2.168678 -0.035421 1.065925 -0.155389 -0.768578 -0.099915 0.251995 1.475855 2.361699 -1.773588 2.461509 -0.803620 0.207768 -0.361927 -2.207009 0.538974 0.184672 0.970205 1.111494 -1.344335 -1.105025 -0.787599 -0.033368 -0.163585 0.520791 0.006450 0.458690 2.449335 1.081671 -1.020195 0.869809 -0.833100 0.868505 0.524991 0.838216 0.275479 -0.898638 0.469941 1.000000
78 -2.318679 -0.517825 -1.002929 -1.255976 -1.547092 0.633570 -0.884049 0.308026 0.720468 -0.253655 -0.174931 0.081099 -1.287758 -1.198561 0.343730 -0.053885 1.082256 1.310117 -0.886604 0.891394 1.451204 0.043575 -2.215495 -0.439070 0.326461 -0.121010 -0.709190 -0.139315 -0.896178 -0.247661 0.810907 0.240560 -0.876903 0.204155 0.058245 0.552701 -0.234761 0.843336 2.338196 0.329240 1.134548 0.110270 0.574071 -0.749314 0.209271 -1.723566 -0.787282 1.179802 -2.154675 -0.274849 5.273282 2.000000
79 -1.202535 1.514519 1.303952 2.203006 0.494047 -0.572919 0.380111 0.764947 -0.515795 0.382631 -0.056779 2.075707 0.684640 -0.443646 0.051712 -1.726187 -1.349042 0.418703 -0.755218 -0.906597 0.837016 0.308294 -1.479390 -1.899084 0.241675 -0.854705 0.250473 0.646292 -1.448065 0.422726 0.022207 0.098494 2.342409 0.087383 -1.316847 -0.558966 -0.441658 0.404815 0.737685 -1.596397 -0.938596 2.756816 1.042161 -0.314665 -0.746926 0.978291 -0.543125 1.179452 -0.198546 -0.384758 0.678952 1.000000
80 -1.058358 1.997894 1.225709 -0.110725 -0.085366 0.313739 0.503918 0.070345 0.621893 -1.253354 0.150093 1.175432 -0.178940 0.318280 0.569841 -0.687708 1.216536 0.507113 -0.320737 0.198218 -0.213735 -0.213566 -1.550240 -0.233359 -0.016399 0.457616 -1.455326 -1.114387 0.587055 0.567211 1.417906 1.137018 -1.546247 -1.812279 -0.385138 -1.636058 -0.249222 0.813956 1.407152 -0.908649 -1.394301 -1.006507 -1.545871 -0.595071 1.605064 -0.279893 -2.368379 -2.292043 -0.756169 -0.254002 1.222447 1.000000
81 -0.673127 1.144308 0.869741 -0.433074 -0.539677 -0.385129 0.118325 -2.304482 0.133639 -0.904681 -1.787963 0.844354 -1.709759 0.163047 -0.898523 0.113289 -2.122867 -0.532444 0.500284 2.118837 -1.502325 0.778255 -0.891613 -0.315990 -0.834597 -1.941524 0.110090 -0.591192 1.330415 1.497592 -1.085556 -1.114429 -0.734001 0.857900 -0.773799 0.483607 -1.167988 -0.262693 -0.480920 0.153879 0.465355 1.220059 0.131816 -0.244540 0.026065 -0.138672 -0.030738 1.764641 0.636006 -0.746135 0.188794 1.000000
82 -1.390119 1.793296 -0.260345 -0.306628 -1.008592 -2.522651 -0.231575 0.468430 1.530298 2.251653 1.470686 -1.423174 -0.189470 -0.735356 -0.482348 -0.850546 1.763017 1.051140 -1.134368 -1.083055 -0.386708 -0.688015 -0.834836 -0.482473 0.543616 -1.766542 1.847294 2.207583 0.630746 -0.252458 -0.220092 -2.653692 -1.460399 1.536957 0.224030 0.826966 -0.981603 -0.319273 0.536194 -0.013466 -0.253846 -2.502553 0.412161 -0.348448 1.046140 1.071082 -0.141590 -0.119256 1.512027 -0.164966 1.124506 1.000000
83 -1.027126 -0.275041 1.575969 1.467865 0.642848 -1.054143 0.364657 -0.035892 -0.527887 0.066450 -0.998294 -1.083595 -0.556290 -0.560921 0.547788 -0.947063 -0.325877 -0.119045 1.151696 -2.506286 0.245448 -0.037211 -0.235195 0.551231 1.736509 2.042425 -1.002947 -1.139062 -0.612978 -0.998014 0.070831 -0.745365 0.611265 0.074805 -0.099681 0.342776 -1.191407 -0.107871 -0.233886 -0.501012 -0.558308 0.833466 0.446663 -0.395101 0.008864 0.577899 -0.167827 0.939066 1.034720 2.673459 0.688481 1.000000
84 0.547668 1.170361 0.707276 0.850740 0.388691 0.370513 0.097970 0.461514 -1.460690 -0.560195 0.620728 0.316250 -1.065974 -0.749575 -1.618262 -0.517111 -0.995471 0.669101 0.694600 0.169195 -0.258239 1.226654 0.253651 -0.901939 -1.993722 0.371872 -0.389453 1.055284 -0.754275 0.190990 -0.045365 -1.254698 -0.363953 1.158535 -0.446939 -1.343384 -2.137793 -0.155517 -0.215932 -1.002095 0.469016 -0.271327 -1.576606 -0.653111 -1.508450 1.238071 0.001539 1.672673 -4.335343 0.921664 0.001806 1.000000
85 -0.024984 0.851587 0.779744 2.052979 0.196467 0.127257 -0.984317 -1.036626 -2.598888 2.609245 0.432270 0.553218 -1.038410 -0.462004 0.889734 0.905095 -0.785777 1.101015 1.329267 1.101228 1.608613 -0.392893 0.970303 0.212542 0.434170 -0.058102 -0.713805 -1.506366 0.298570 -1.759462 1.345299 -0.486142 0.358242 0.483574 1.658375 1.255720 -0.428132 0.194801 1.183049 0.763950 0.951515 2.051925 -2.129839 -0.985226 0.228894 0.536785 -0.516741 0.145112 -0.972511 -0.374901 0.198293 1.000000
86 0.347038 -0.222351 -0.341528 -0.155711 -0.076951 -1.120130 0.108466 2.422822 0.049847 1.400506 -0.212294 0.863254 -0.499605 -0.401824 -0.736979 1.493426 0.782826 -0.445490 -0.826446 2.165809 0.333540 -0.345772 1.100224 -1.380969 -1.143586 0.155254 -1.121747 -1.055750 1.216827 -0.958670 -1.043909 -0.590048 0.676740 -0.542920 0.774297 -0.746502 0.621926 -1.733060 0.593213 0.493359 -0.424475 0.884809 -0.876209 -0.768906 -0.129739 -0.287026 1.231267 -0.116197 -0.085073 -0.357685 1.244528 2.000000
87 -0.027565 1.879421 0.315569 -1.015835 0.477371 0.102883 -2.161737 0.036539 0.080913 0.625212 -0.011308 0.194240 -0.533265 -1.653238 0.098111 -1.491611 0.231402 0.301272 -1.074448 -0.023933 -0.783321 -0.923660 -1.164941 -0.010439 1.440008 -0.197864 -2.396410 0.275452 -0.521001 0.648629 -0.407390 1.098570 -0.567815 0.051565 -0.096676 -1.557933 0.255693 1.201069 -0.324336 -0.937773 -0.590989 -0.590523 0.856073 0.859374 -1.436083 1.793854 -1.048686 -0.534088 -0.140265 1.737758 0.677141 1.000000
88 -1.566102 -0.149441 1.184175 -0.076023 0.050912 -1.026110 0.699578 0.522982 -0.421495 -1.071311 0.414675 -0.964371 -0.439756 0.064408 0.992177 -0.440706 0.009181 -0.922428 -1.234686 0.227744 -0.413186 -0.626633 -1.507920 -0.662575 0.046517 0.143872 0.096456 -0.338147 1.072224 0.680711 -0.532636 0.130415 -0.563195 0.369777 1.362355 -0.420763 0.119241 2.117787 1.165560 1.059250 -0.884753 0.550225 0.360028 -1.340873 1.060690 0.143595 0.700423 -1.412748 1.852632 0.776753 0.751695 2.000000
89 -0.552913 0.065798 1.291500 -1.862297 0.982977 -0.194754 1.118506 0.365951 1.187198 0.960619 -1.129900 1.479573 -0.578061 -0.451083 0.191029 -1.171646 -0.072199 0.682796 -0.248469 0.131139 -0.290065 -1.082650 1.051748 2.456043 -1.516693 1.057921 0.265259 -1.526532 -1.320412 0.601027 1.158601 -0.525765 0.664877 0.561817 -2.242304 -0.534865 0.380738 -1.886948 -0.737970 -0.002829 -0.003845 0.389829 -0.162363 -0.877657 0.473992 0.162478 -1.300693 -1.329667 -0.213139 1.733547 0.380433 2.000000
90 0.307223 2.551482 0.508312 0.840727 1.306699 0.781199 -0.605808 1.461361 0.562461 0.599368 -0.160405 0.822117 -0.022336 1.752361 -2.653137 0.684883 1.072103 -0.544432 -1.861605 -0.603198 0.416131 0.008055 0.724075 -1.095028 0.003347 1.752144 -0.567883 -0.014022 -0.871349 0.702087 0.401617 -0.974191 0.397977 0.581903 -1.742351 -0.260319 -0.464573 0.424765 -2.130156 -1.684188 0.028413 -1.090064 -1.428441 0.271644 1.263842 1.500361 -1.237788 0.029248 -0.330588 -1.717696 2.865006 1.000000
91 -0.520037 -0.173626 0.173023 0.915942 -0.988867 -1.137570 -0.930894 1.162526 0.137094 -0.533452 -0.191224 -1.308639 1.078636 -0.046220 -0.903854 1.617509 -0.155454 0.412832 -0.590849 -0.709363 1.879308 -0.669383 -0.050269 0.338071 1.313545 -1.655493 -0.425332 -1.835744 -0.796829 -0.152792 -1.753584 0.350624 -0.143626 0.497280 -0.154757 -1.229764 -0.411058 -0.013735 1.652867 0.232618 1.116660 1.032741 -1.325627 -0.583598 1.853227 1.323044 0.515847 -0.156139 1.711600 0.386291 0.688491 2.000000
92 1.630914 -0.606045 -0.561223 0.989373 -0.305796 2.071689 1.303396 -0.355201 0.174178 -0.885737 1.286991 -1.444006 -0.228817 -0.844853 -0.303940 0.013396 1.257858 -0.246424 3.248937 1.106432 0.053092 0.889750 -0.231110 0.313544 -1.287930 0.995130 1.701644 -0.487651 0.029575 0.053335 0.865284 -0.303354 -1.543175 1.484572 0.703612 0.477506 -0.576903 -1.529927 1.070494 -1.267570 1.048232 0.673213 -0.003998 -0.702929 -0.189898 2.538215 -0.470930 -0.738982 -2.159889 -1.145328 4.143901 2.000000
93 -2.128668 -0.807015 -0.919948 -0.856076 1.420897 1.495690 0.506804 0.520550 -0.951347 0.170919 0.478604 0.042326 -0.220975 0.392254 0.443472 -1.705484 -1.367633 1.169382 1.523543 1.290673 -0.873958 -0.958114 -1.376939 -0.696647 0.880333 -0.582431 -0.855337 1.234234 0.557821 2.565374 0.022466 -0.059185 -0.345009 0.765194 -0.437698 2.172457 0.359621 -1.582835 -1.313389 0.072218 -0.637194 0.629105 -2.374043 2.055197 -0.586551 0.390922 -1.338582 2.119320 -1.224800 0.021746 0.710953 1.000000
94 0.218848 1.583983 0.565741 1.959757 0.257942 1.425352 -0.950747 1.165095 -0.524567 0.217066 0.956838 0.751059 1.633353 -0.222938 0.014189 -0.688229 0.084693 -0.424735 0.325425 0.829136 0.528437 -1.977618 -1.700084 -0.563164 -0.477214 -2.150336 0.393046 1.706595 1.726145 -1.145300 0.650010 0.158941 1.553120 0.242143 0.162721 1.518114 1.063641 0.480403 0.001370 0.035404 0.137696 1.206892 -0.732901 -0.440310 0.963535 1.176226 0.215579 0.852935 1.930590 1.619364 0.964814 1.000000
95 1.483019 -0.627196 0.431641 0.602048 1.127470 -0.362556 0.343813 -0.255371 -1.759843 0.490204 0.918713 0.032479 0.943353 1.580610 0.149565 -1.397851 -0.224634 -0.031893 -0.342546 -1.623927 -0.356944 -0.374031 1.722393 0.530403 0.041346 -0.727933 0.591442 0.664927 -1.932557 0.872670 -0.147729 -1.897068 -0.025844 -1.165481 -0.583556 -0.580434 -0.428605 0.791900 -0.713204 -1.859189 -1.266185 0.242704 0.750622 1.745357 -1.129335 1.013247 0.499627 0.394077 -0.923826 -0.001658 0.521651 1.000000
96 -0.394087 0.125132 1.207784 0.100448 1.352233 -0.336994 -1.141549 -1.119808 -1.298168 1.185295 -0.152113 -0.085353 -0.433187 1.369599 -0.269528 1.024224 0.169480 0.404271 -1.162250 -1.450632 -0.071489 1.895238 0.099479 -0.773376 0.203119 -0.781349 -1.456313 -0.354059 -0.817698 -0.124192 0.325568 0.360559 0.478710 -0.090906 0.599558 0.967025 -0.006817 -2.726014 1.327959 -0.010943 0.151480 -0.192874 -0.876096 -0.490659 -0.732846 -0.963348 -1.679939 1.125413 -0.571736 0.283421 0.308799 1.000000
97 0.206452 -1.425593 0.136704 0.168791 -2.225207 0.024690 -0.118599 0.594454 0.951525 0.263556 -0.848863 -1.118098 1.313778 -0.984549 -0.359697 -2.064039 0.904534 -0.099530 -0.233484 0.595298 -0.596596 1.941840 1.130509 -1.472320 -0.430830 -0.706177 -0.135405 0.681579 -0.337528 1.169691 -0.732987 1.082987 -0.727178 -1.155935 0.088409 -0.725459 0.686905 -0.377862 -1.110280 -0.363480 0.666649 -0.705423 -1.200356 -0.602660 0.025232 -1.390179 -0.632846 -1.025437 0.497520 0.721191 4.466575 2.000000
98 0.417595 0.606646 1.150853 1.224072 0.885262 -0.047397 -0.267006 0.573858 0.148265 -0.991986 -0.514885 -1.280924 -1.463790 -0.718713 -1.090947 0.937106 -2.648431 0.481937 -0.303095 -0.613297 -1.730351 1.206867 -0.939282 0.504191 -0.796786 1.055571 0.101499 1.361028 1.065116 1.622621 -0.204836 0.376217 1.266900 0.961166 2.693381 1.466664 0.496691 0.696424 1.136016 1.004514 -0.417057 0.606853 -0.532680 -2.617948 0.843243 1.409726 -1.340922 -0.963880 0.186621 -0.277638 0.461024 1.000000
99 0.007258 1.330459 -0.280633 1.617516 1.926715 0.987480 -0.426559 -0.442506 -0.949921 -0.250464 -0.264755 0.009345 2.806377 -1.847890 2.065932 -0.956913 0.018375 0.512987 -0.623752 0.081971 -0.467858 1.833663 1.503630 0.140423 0.218280 0.887151 -0.076524 -1.740016 1.568262 -0.151867 0.826657 -1.541530 1.046039 -0.176603 0.010249 -0.807644 0.784089 -0.326165 0.115280 0.109665 -0.934176 -1.652345 0.570901 0.401946 1.525819 -1.863650 0.976594 -0.421091 -1.125288 1.158203 0.421191 1.000000
100 2.763840 0.379087 0.114049 0.679823 -0.759650 0.263336 -0.168537 0.397738 -0.255125 -0.208596 -0.079335 -0.898620 -0.127365 -1.021125 -1.013408 -0.792180 1.352409 1.272122 -0.797084 0.150567 -2.140497 1.279905 -0.506248 -0.266949 -0.890513 1.345054 -0.321401 -1.813363 0.491391 0.826317 -1.047625 1.223564 -0.271921 -0.055277 0.621190 1.407798 -1.140460 1.038559 0.924357 0.887466 -0.957886 -0.203317 -0.093418 -0.450291 0.243729 0.212558 0.511861 -1.350244 1.186530 -0.002797 0.179791 1.000000
uncorrelated Gaussian covariates
missing covariate fraction: 0.000000
no latent classes
   lambda(t|risk 1)=C, <t>=4.000000 for zero covariates
   lambda(t|risk 2)=C, <t>=5.000000 for zero covariates
   risk 1: beta[1]=0.100000
   risk 1: beta[2]=0.200000
   risk 1: beta[3]=0.300000
   risk 1: beta[4]=0.400000
   risk 1: beta[5]=0.500000
   risk 1: beta[6]=-0.100000
   risk 1: beta[7]=-0.200000
   risk 1: beta[8]=-0.300000
   risk 1: beta[9]=-0.400000
   risk 1: beta[10]=-0.500000
   risk 1: beta[11]=0.000000
   risk 1: beta[12]=0.000000
   risk 1: beta[13]=0.000000
   risk 1: beta[14]=0.000000
   risk 1: beta[15]=0.000000
   risk 1: beta[16]=0.000000
   risk 1: beta[17]=0.000000
   risk 1: beta[18]=0.000000
   risk 1: beta[19]=0.000000
   risk 1: beta[20]=0.000000
   risk 1: beta[21]=0.000000
   risk 1: beta[22]=0.000000
   risk 1: beta[23]=0.000000
   risk 1: beta[24]=0.000000
   risk 1: beta[25]=0.000000
   risk 1: beta[26]=0.000000
   risk 1: beta[27]=0.000000
   risk 1: beta[28]=0.000000
   risk 1: beta[29]=0.000000
   risk 1: beta[30]=0.000000
   risk 1: beta[31]=0.000000
   risk 1: beta[32]=0.000000
   risk 1: beta[33]=0.000000
   risk 1: beta[34]=0.000000
   risk 1: beta[35]=0.000000
   risk 1: beta[36]=0.000000
   risk 1: beta[37]=0.000000
   risk 1: beta[38]=0.000000
   risk 1: beta[39]=0.000000
   risk 1: beta[40]=0.000000
   risk 1: beta[41]=0.000000
   risk 1: beta[42]=0.000000
   risk 1: beta[43]=0.000000
   risk 1: beta[44]=0.000000
   risk 1: beta[45]=0.000000
   risk 1: beta[46]=0.000000
   risk 1: beta[47]=0.000000
   risk 1: beta[48]=0.000000
   risk 1: beta[49]=0.000000
   risk 1: beta[50]=0.000000
   risk 2: beta[1]=0.010000
   risk 2: beta[2]=0.020000
   risk 2: beta[3]=0.030000
   risk 2: beta[4]=0.040000
   risk 2: beta[5]=0.050000
   risk 2: beta[6]=-0.010000
   risk 2: beta[7]=-0.020000
   risk 2: beta[8]=-0.030000
   risk 2: beta[9]=-0.040000
   risk 2: beta[10]=-0.050000
   risk 2: beta[11]=0.000000
   risk 2: beta[12]=0.000000
   risk 2: beta[13]=0.000000
   risk 2: beta[14]=0.000000
   risk 2: beta[15]=0.000000
   risk 2: beta[16]=0.000000
   risk 2: beta[17]=0.000000
   risk 2: beta[18]=0.000000
   risk 2: beta[19]=0.000000
   risk 2: beta[20]=0.000000
   risk 2: beta[21]=0.000000
   risk 2: beta[22]=0.000000
   risk 2: beta[23]=0.000000
   risk 2: beta[24]=0.000000
   risk 2: beta[25]=0.000000
   risk 2: beta[26]=0.000000
   risk 2: beta[27]=0.000000
   risk 2: beta[28]=0.000000
   risk 2: beta[29]=0.000000
   risk 2: beta[30]=0.000000
   risk 2: beta[31]=0.000000
   risk 2: beta[32]=0.000000
   risk 2: beta[33]=0.000000
   risk 2: beta[34]=0.000000
   risk 2: beta[35]=0.000000
   risk 2: beta[36]=0.000000
   risk 2: beta[37]=0.000000
   risk 2: beta[38]=0.000000
   risk 2: beta[39]=0.000000
   risk 2: beta[40]=0.000000
   risk 2: beta[41]=0.000000
   risk 2: beta[42]=0.000000
   risk 2: beta[43]=0.000000
   risk 2: beta[44]=0.000000
   risk 2: beta[45]=0.000000
   risk 2: beta[46]=0.000000
   risk 2: beta[47]=0.000000
   risk 2: beta[48]=0.000000
   risk 2: beta[49]=0.000000
   risk 2: beta[50]=0.000000
