1 0.058603776042 0.976456784127
2 0.069520142105 1.090956446454
3 0.090649764398 1.107012858657
4 -0.029436160622 1.089841423342
5 -0.013328618557 1.034016239754
6 -0.043277389474 0.961346604821
7 -0.032802546392 0.966538233952
8 0.038559288770 0.989102239523
9 0.000920878947 0.943530404168
10 -0.127986868421 0.979850080864
11 0.049826857143 0.954651557639
12 0.150659850267 1.011137992402
13 0.139960251337 1.001828434641
14 -0.117180270833 1.008437203958
15 -0.017998587629 0.911338498548
16 -0.115003814815 0.952706063185
17 -0.003151041451 0.964569974187
18 -0.010405108108 0.902129239711
19 0.077127394737 1.014438454941
20 0.063119978610 1.015547501350
21 0.074612829897 0.991167759971
22 0.079765240838 1.020953064523
23 0.042743197917 0.918185805974
24 -0.082658945946 1.089839353505
25 -0.070300863874 0.949793482512
26 -0.004247021164 1.022227683739
27 -0.009783020725 1.024494390370
28 -0.069263459459 1.010801103189
29 -0.065463855670 0.962435693940
30 0.000094742268 0.956807210141
