1 0.028643240000 1.035443127777
2 -0.132006660000 0.985730279611
3 0.047927680000 1.214132959440
4 0.022113430000 1.075930580454
5 -0.024623200000 0.887187653203
6 0.106383620000 0.983235986426
7 0.089311610000 0.989727453560
8 -0.036674420000 1.017891707147
9 -0.035782960000 0.755248843457
10 -0.034955760000 0.960678951888
11 0.038054170000 1.028593258505
12 0.007829730000 1.003700680822
13 0.004867270000 0.930325487156
14 0.176373470000 1.046451456215
15 -0.039712410000 1.017448171644
16 -0.030131410000 0.994490125164
17 0.040873020000 0.973715896930
18 0.149505040000 1.023941275176
19 0.077940750000 1.072229661235
20 -0.061959960000 0.893877860829
21 0.163298580000 0.944842747510
22 -0.134554890000 1.089563192050
23 0.000246480000 1.113287444147
24 0.035541350000 0.881438319862
25 -0.134682270000 0.953745604561
26 0.048315430000 1.022521306070
27 -0.103096700000 1.000710005812
28 0.004933550000 0.946842486075
29 0.129235700000 0.855429802630
30 0.022678680000 0.921005294837
31 -0.034250490000 0.889543987272
32 0.053714460000 0.954297443057
33 0.016775350000 1.042137073173
34 -0.117180040000 1.114440974990
35 -0.096841650000 1.173602503035
36 0.087443130000 0.846021201554
37 0.101021620000 1.060326854414
38 -0.106515420000 0.989122977253
39 0.022821260000 1.141094461915
40 -0.153539670000 1.067465400106
41 0.068628540000 0.918353581853
42 0.002452170000 1.037353975686
43 0.045959770000 1.048235032975
44 0.000018290000 0.978727024101
45 0.142198400000 0.937833488077
46 0.072762160000 1.062869075644
47 -0.145119280000 0.979066093480
48 0.140590210000 0.960524829929
49 0.082006770000 1.007581453443
50 0.124532230000 0.979900125035
51 -0.092171740000 0.946423532712
52 -0.176349350000 1.055305915828
53 0.202842190000 1.083639875167
54 0.016710520000 0.887840763350
55 -0.217440200000 1.040240371384
56 0.054561800000 1.107180013879
57 -0.054263850000 0.821738237822
58 -0.074779740000 1.110949580949
59 0.152914510000 0.890372660934
60 -0.136372920000 1.051089634571
61 0.076336310000 0.974582206923
62 -0.053058730000 0.979075728496
63 -0.132601330000 1.095176989126
64 0.031539340000 0.874424748200
65 0.080902270000 0.915882543944
66 0.134053840000 1.113371057027
67 0.033838550000 0.976824952864
68 0.036429350000 1.044208246954
69 0.002353900000 1.016112444439
70 -0.059420200000 1.048249529435
71 -0.142734990000 1.011476811113
72 0.027705870000 0.927708494648
73 0.046910340000 0.892335970556
74 0.014553710000 0.976667755967
75 -0.034754130000 1.001392451795
76 0.177457430000 1.103963250367
77 -0.030359540000 0.984643942360
78 -0.043534490000 0.893739433676
79 0.060064130000 1.172240874113
80 0.051110160000 0.989584114684
