0.000000 0.500000 0.500000
1.000000 0.571700 0.566800
2.000000 0.631000 0.658100
3.000000 0.674800 0.694800
4.000000 0.695100 0.723200
5.000000 0.719400 0.748600
6.000000 0.735900 0.770400
7.000000 0.749300 0.794900
8.000000 0.754600 0.810800
9.000000 0.770500 0.821900
10.000000 0.782700 0.830600
11.000000 0.766400 0.829200
12.000000 0.762500 0.822800
13.000000 0.770400 0.840100
14.000000 0.776200 0.854900
15.000000 0.767600 0.845300
16.000000 0.763100 0.849500
17.000000 0.768300 0.855000
18.000000 0.771900 0.863500
19.000000 0.757200 0.866300
20.000000 0.770800 0.871700
21.000000 0.777000 0.878800
22.000000 0.780500 0.885100
23.000000 0.773400 0.887700
24.000000 0.767200 0.879600
25.000000 0.758000 0.892500
26.000000 0.762400 0.896300
27.000000 0.758900 0.888700
28.000000 0.761600 0.896200
29.000000 0.760600 0.899600
30.000000 0.752100 0.902700
31.000000 0.752400 0.904000
32.000000 0.754100 0.908400
33.000000 0.745100 0.902500
34.000000 0.751300 0.904000
35.000000 0.743900 0.904700
36.000000 0.736600 0.910600
37.000000 0.738800 0.906900
38.000000 0.725200 0.914500
39.000000 0.731100 0.908200
40.000000 0.721400 0.910100
41.000000 0.731100 0.910200
42.000000 0.712300 0.918400
43.000000 0.707500 0.917400
44.000000 0.705500 0.919600
45.000000 0.699700 0.924000
46.000000 0.699500 0.919400
47.000000 0.700700 0.925000
48.000000 0.700000 0.926200
49.000000 0.691100 0.927900
50.000000 0.686900 0.931500
