N=50
P=60
R=2
1 NA 0.241481 0.611477 1.613565 -0.252296 1.665889 0.601510 -1.597272 -0.066850 -0.388660 -1.032937 -0.972253 -0.314633 -0.161228 0.445001 1.753833 0.503837 0.729205 -2.152721 1.754764 3.568212 -1.412614 0.813865 0.623607 1.642840 0.106243 0.605108 0.866725 0.509955 -1.337528 -0.128684 -0.812993 -0.461939 0.397730 -0.974887 -1.327068 1.579011 -0.284525 0.179536 1.012663 1.353664 -2.033484 -1.689120 -0.912259 -0.522885 0.131579 1.197299 -2.313275 -0.690863 1.619673 0.544934 -0.150862 1.314632 -0.821193 0.806864 0.567229 0.909940 -1.703624 0.866716 0.376506 0.504238 1.000000
2 0.120163 -0.596620 NA 0.498111 1.118531 -0.876330 1.021844 0.211920 -1.048567 1.393796 1.591180 2.480782 0.199128 1.485242 1.052695 -0.190796 -1.257196 0.125435 -1.853436 -1.305466 1.305170 -0.912018 NA 1.446397 -0.137969 -0.580307 -0.497721 0.240198 -1.176870 1.051034 -0.006204 0.693480 -0.223178 -1.575717 0.677065 -0.730703 -0.414707 -0.055764 2.211222 -1.492426 -0.545720 -0.294091 -1.341215 0.953741 0.794279 0.097846 0.749439 2.504775 -1.119302 -0.682657 -0.658527 0.836028 -0.810650 0.261126 1.394192 -0.715770 -0.999286 -1.032767 -0.018338 0.262995 4.616901 1.000000
3 3.302952 -0.282359 0.746015 NA -0.396972 -0.287175 0.466451 1.384388 1.187434 0.417825 -0.391379 2.023158 -0.697750 -2.319335 0.068791 -0.319304 1.305616 NA 1.743912 NA 0.525606 1.563565 -0.248987 -0.657943 0.100512 -0.869684 -1.438064 -1.732200 0.830992 -1.041990 -0.619333 NA NA 0.340674 0.767355 1.485892 0.099716 -0.211886 -0.104825 -0.706591 2.313075 -0.119672 0.292557 0.798288 0.107230 -0.815427 -0.709301 0.020490 0.820827 0.387957 0.891328 -1.050026 -1.363456 -0.074805 -0.020234 1.188092 0.106720 NA -0.409389 -0.526658 1.568475 1.000000
4 -0.122060 0.354310 NA 0.705711 1.135193 -0.833903 -1.426514 1.727223 1.009645 -2.165011 NA 0.431130 0.436856 NA -1.847880 -0.961203 -0.260269 NA -0.939629 NA -1.646131 0.295362 2.178153 -1.394002 0.577486 NA -0.206257 0.155087 0.535163 -1.146238 0.452705 -1.246519 0.345484 -0.022973 1.297961 0.776821 0.093017 -1.190793 1.013312 1.436583 1.284079 -1.478470 -1.855396 -0.988201 0.707604 1.885692 0.207955 0.449977 -1.413394 0.319137 0.010238 -1.154166 -1.817968 0.558478 1.804230 -1.068632 0.292456 1.821644 -1.364299 -0.047100 0.100796 1.000000
5 1.397020 NA 0.261987 0.888599 0.375483 0.396419 -0.227823 -0.066274 0.316616 NA 0.444692 -0.029910 -1.102320 0.064118 -0.169623 -0.506233 -0.732039 -0.007389 -0.113290 1.240189 -0.784009 -0.212701 -0.019460 -2.195626 -0.497151 NA 0.017867 1.287784 -1.062445 0.049786 0.162499 -0.169324 0.269262 -0.469869 0.194055 -1.775167 -0.791277 2.195650 -0.417872 -0.752809 0.588470 1.216034 -0.054099 NA 0.630693 0.677517 -0.488984 -0.018058 -0.010579 0.235384 1.242029 0.123793 -0.707878 0.144785 -1.753633 -2.530152 -1.341470 1.025811 NA -0.498601 1.087810 1.000000
6 -0.172906 -1.622555 2.334314 -1.138822 0.309599 -0.852093 0.270997 -0.200803 -0.235696 0.880794 -1.587212 -1.123776 0.999873 -0.799434 -0.333147 0.905731 0.875586 NA 2.101289 -0.667494 -0.178231 0.568683 0.711910 -0.729646 -0.922828 -1.296563 -1.166288 0.845913 -0.042272 1.370696 0.925188 -1.550402 -0.946998 -1.455040 -0.209425 -0.368720 0.267162 0.650074 2.837575 1.690518 NA -2.047637 0.398374 NA -1.900392 0.616558 -0.402086 0.345713 1.465014 0.807442 -1.460120 -0.281811 -1.235515 -0.048878 -0.121943 -1.157036 0.031711 -0.032091 -1.205536 -1.291523 3.194225 1.000000
7 -0.332357 1.896724 0.171347 -0.303939 -0.302667 0.388275 0.689952 -0.863117 0.336576 -0.128814 0.353713 1.139806 0.682687 0.460403 0.437898 0.063107 -0.258118 NA 0.244321 0.824782 0.765436 0.371238 -0.668464 -0.814266 -0.201159 -0.112664 -0.381751 -1.116287 -0.064854 0.790452 -0.599272 -1.643428 0.685953 1.303022 -1.605110 -1.069712 NA -0.466823 -1.297082 -0.232753 0.248203 -1.082920 NA -1.946447 0.250509 2.011553 0.520707 -0.845914 0.594637 -0.338070 -0.361344 -0.756047 1.110561 0.879955 -0.917545 -0.591584 0.664891 -0.759654 0.582666 0.674389 4.000253 0.000000
8 0.610260 -0.803105 0.248560 0.436051 -0.383182 0.981192 0.185863 -0.706311 1.186622 0.314536 0.488409 -2.059064 -2.204923 -0.244955 -1.355635 0.393848 0.744783 -0.619418 0.604276 -0.603779 -0.937531 0.431056 0.709891 0.126555 0.156952 NA -0.919222 -1.580624 0.094918 0.090821 0.950841 -0.861230 0.187078 -0.183566 1.001596 0.562946 -1.724672 0.295150 -1.392687 -1.033155 -1.065624 0.617212 0.016909 0.803231 -1.420126 0.751277 1.214533 -0.472219 0.766651 -1.046319 1.454251 0.371573 0.708816 -0.095783 NA 0.491710 0.800869 0.331643 -3.148389 -3.368012 3.731245 1.000000
9 -1.621258 -1.180046 -0.186890 0.714590 -0.113910 2.036186 0.270210 -0.535771 1.520082 1.786228 -1.284622 0.699605 0.498922 -0.910133 1.482511 -2.019508 1.913598 -1.223833 0.221138 0.184940 0.018301 2.116504 -2.113592 -1.890374 -0.141237 0.664519 NA -0.209015 0.439365 0.228754 1.406766 -0.669112 -2.230910 -0.920313 -1.072289 -0.681926 -1.942730 -0.709865 -0.540163 1.039874 0.037013 0.137818 -0.149839 0.114093 -0.918108 -0.689622 1.488098 -0.045677 0.061437 -0.910827 -1.585443 0.273696 0.487080 0.252863 1.439330 0.278392 -0.462756 1.171531 -0.064237 -0.003618 0.939670 1.000000
10 1.529650 0.664634 1.452510 -1.389134 -0.071726 -0.908476 -1.065322 0.179804 0.019064 0.264628 -0.259705 -0.811595 -1.274367 -2.248588 0.145504 -0.068987 0.506573 0.393129 0.454719 -0.839114 0.401954 -0.005856 -1.131733 -1.506333 -0.188701 0.817342 -0.264470 -0.710257 -1.246013 -0.249311 -2.114880 -0.348014 NA NA -0.789999 1.072388 -1.016722 NA 0.692151 1.350027 0.494025 -2.122052 1.083909 -0.278244 -1.121764 1.040495 0.541332 0.487669 -3.587830 NA 0.032931 0.523181 -0.406785 -0.720436 0.104093 -1.378710 0.678841 -1.734358 0.222426 -1.916573 3.748154 1.000000
11 0.735768 1.437428 1.190724 -1.773799 -0.750402 -1.144012 0.153530 0.124413 0.193947 0.356287 -0.414466 -0.164383 0.570903 2.271288 0.640314 NA -0.666456 -0.776924 NA 2.553375 -0.681828 -0.219967 NA -0.287352 0.576085 0.330109 -1.642397 0.995361 -0.097299 NA -0.318756 3.008549 0.187547 -3.156779 -0.852597 0.247473 0.333772 -1.742097 -0.960016 NA -0.432900 -0.071516 1.181081 0.748659 0.118806 0.360701 0.137389 -0.767943 0.217907 -0.982360 -0.761780 -0.021408 -0.369946 -1.733822 -0.677679 1.219717 0.174286 -1.878443 -0.092575 -0.746530 1.439633 0.000000
12 -0.205408 1.928628 0.445724 -0.440487 0.058074 -0.421018 -1.601938 -0.062423 -0.509686 0.019614 1.354829 -0.812626 -0.865530 -1.539481 0.916256 -0.629074 -0.650558 -1.674090 -0.271880 0.432506 1.641174 -1.619698 NA 0.012843 -0.924041 -0.849186 1.894373 0.937637 2.832278 1.432209 0.555370 0.510909 1.061468 1.271987 0.180683 -1.381181 -1.189311 NA -0.466608 0.627366 0.803907 2.637219 -2.460984 0.668201 -0.465984 0.985738 -0.295944 -1.588155 NA 1.434805 -1.050763 1.733344 -0.407250 NA -0.277468 1.153494 -3.474271 -0.320343 0.791328 1.197029 0.223901 1.000000
13 1.898421 0.038343 0.393531 0.528106 0.953628 NA -0.559146 -0.094671 1.178096 -0.874049 0.442715 NA -0.072079 0.500099 0.174583 -0.554909 0.151292 -0.650381 0.832169 0.702728 0.036998 -1.121581 1.574609 -1.703330 -2.467559 0.860576 -1.084701 NA NA -0.705067 -0.140631 1.293858 1.104301 -0.323005 -0.206505 -1.383891 1.420942 0.323922 -0.057615 2.556560 -0.271647 0.683002 -0.039302 -0.857049 0.720115 -0.272311 -1.365928 -0.840860 -0.478262 1.212467 -0.540135 -0.568867 -0.628378 NA -0.872244 -1.215700 0.581605 -0.503536 -1.707087 -1.354645 0.907479 1.000000
14 -3.131639 -0.589423 -0.077472 -0.969794 -0.626405 0.307392 -1.012026 NA 0.946981 -0.986484 1.036781 -0.274223 0.125898 -1.701979 1.068581 -1.545548 NA -1.136788 -1.973737 -0.276650 0.234051 NA -0.907143 -0.158795 -0.573119 0.014408 NA -1.719845 0.177850 -0.644683 3.413596 -0.665104 -1.049171 -0.930881 -1.842684 0.210157 NA -2.076113 -2.098007 1.748500 1.115080 -2.039231 -1.139539 -0.361300 -0.075382 -0.791291 -0.849974 -1.028108 -0.074545 0.107690 -0.029954 -1.047689 -0.673285 2.021329 -1.176031 -0.346465 -1.187369 -0.007543 0.241269 0.028578 11.171883 0.000000
15 1.316805 -0.736728 1.247115 -0.628511 -0.806203 1.753282 0.529671 -1.403862 -0.403466 -0.505512 1.242092 0.770640 0.365174 -2.544496 -1.153018 0.776397 -1.347722 -0.970653 0.499483 1.462360 0.940910 -0.498196 -0.092715 -0.502154 1.520718 0.776975 -0.200489 1.280920 -0.819036 -0.959209 -0.272716 0.655745 -0.627884 1.049667 -1.837607 -0.599650 -0.065819 0.787900 -0.683651 0.124835 0.541778 -2.288285 0.344034 0.845856 -1.963933 -1.397288 0.337610 NA 0.989521 0.817806 -1.394551 0.801963 0.911356 -0.373967 NA 0.971845 0.287416 -0.449443 -0.437044 -0.365713 2.166091 1.000000
16 0.320875 0.474892 1.672368 2.386607 -0.072167 -1.480671 0.683334 -0.487593 -0.679614 0.731656 -0.812593 1.046700 -0.442601 -0.980132 1.492705 0.423291 -0.380708 -0.839769 -1.585535 0.304187 0.629353 -0.623933 -2.085618 -0.806849 0.523606 NA 1.554607 -1.017582 -0.046171 0.056356 0.096245 -0.472612 NA -0.494679 0.808063 1.584026 0.669027 -1.424028 -0.031102 -2.306734 1.377168 1.392179 0.119819 -0.225259 -2.111801 -0.081197 -0.646412 -1.346387 -0.963983 -0.825884 0.411683 0.097375 0.609173 1.692239 -0.751105 1.092324 NA -0.121259 0.071156 -0.353456 0.385704 1.000000
17 NA -0.470768 1.052961 0.381556 NA 2.158418 -0.131849 0.280626 0.722380 -0.500312 1.257493 1.265835 -0.550443 -0.722238 -0.873786 NA -1.374380 0.299124 -1.442770 1.175585 1.223546 NA -0.085798 -0.535680 1.599500 -1.063300 0.723690 -0.719340 1.067189 0.623227 -0.740762 -1.271623 -1.782012 1.049045 -0.977885 -0.428234 NA 0.057704 -1.969343 -0.768679 1.071962 -0.460308 1.846674 0.589902 NA 0.429336 -0.650236 0.762123 -0.565907 0.164446 -0.370548 -0.488264 -0.774528 -1.528700 -0.498428 -0.037946 0.952172 -0.417739 -1.899007 -0.507205 3.371272 0.000000
18 1.608856 0.087173 -0.589980 -0.291463 0.654867 -1.166281 -0.284586 0.694024 -1.819010 -0.421525 2.160519 NA 1.089939 0.829844 -0.258666 1.986247 0.032240 -0.179962 -0.450320 0.607685 -1.991436 0.310425 0.848191 NA NA 1.077385 -1.030782 1.424828 -0.250291 0.936649 -0.042378 -1.393407 -0.764892 1.758840 0.311665 1.878756 -0.946529 -2.275747 -0.212995 0.657410 -0.815078 -1.504959 0.436485 -1.144361 0.180600 -2.510939 0.556453 -1.484662 0.432077 NA 1.189551 NA NA -0.669261 1.016011 0.440227 -0.158548 2.068244 1.424384 1.399898 0.144344 1.000000
19 -0.060935 -0.590560 -0.596354 0.639447 -0.470975 -1.015720 -1.026086 0.175436 1.238272 0.029697 0.053764 0.032085 0.586240 0.915473 NA -0.756646 0.324987 -0.309192 0.769150 -1.030786 0.202580 -1.087036 -1.176973 -0.889688 2.660967 0.806009 0.672257 0.142889 1.127354 1.060969 -0.085924 1.413764 -0.872214 -1.169645 -1.313109 -0.252614 -0.173663 0.440811 1.284834 -0.035470 -1.027575 0.186498 1.027630 -2.275576 -1.637774 -0.911808 2.244508 1.136813 -0.801513 -0.736259 -0.287227 0.415918 0.264119 0.860785 0.035107 NA NA -1.926622 1.733411 1.603864 5.866749 0.000000
20 1.467127 1.980411 -0.552705 1.548912 -1.123453 0.264405 -2.123517 0.477798 NA -0.037975 0.831822 -0.417523 1.144982 -1.900528 -0.702608 -2.023508 1.768249 0.208529 -0.249633 -0.730274 1.104736 NA -0.075890 -1.290068 -0.263466 -1.263795 0.236983 -0.233757 -2.560765 NA NA -0.683835 -0.189843 -0.126012 0.152597 1.024829 1.175128 -0.827574 -0.236439 -0.524566 -0.173729 -0.505342 1.221437 0.487327 -0.623268 -2.701481 0.441604 -1.017496 1.628160 1.208527 -0.314407 2.323988 -0.340334 -0.776727 0.670983 -0.367635 -0.738641 -1.300933 -0.097052 0.889196 1.206613 1.000000
21 0.036801 0.746684 1.401561 -0.220981 -0.288712 -0.343462 -0.715209 1.902117 -1.029799 -1.110937 0.757433 -1.790435 -0.055791 -0.786560 NA -0.160894 -1.643508 -0.010941 -0.794622 -0.290474 0.067273 0.193105 0.860832 -1.082349 -0.666108 -0.909148 -0.010909 0.901352 -1.118359 0.296124 0.031076 0.268423 -1.413977 0.691905 0.034129 -0.236801 1.020623 1.219727 0.492571 NA 0.494688 NA -0.490852 0.749775 0.794137 0.637521 0.588997 0.990994 0.745427 0.937327 1.109324 -0.342980 1.355662 -0.693022 0.299870 0.880107 -0.249271 -0.564294 0.343215 -0.115051 0.386951 1.000000
22 0.225367 0.725388 1.273116 0.069675 -0.623322 0.170824 -0.096009 NA -0.332927 0.500535 -1.008104 0.560286 1.666323 -0.435849 0.788770 NA 1.161812 0.717566 0.007365 0.479898 -0.638760 0.018921 0.440044 1.337129 -0.531682 -0.110510 -0.359468 0.256332 -0.342076 NA 1.096309 1.684160 -0.571897 2.028472 -0.937327 0.115695 -1.202106 2.406378 -0.597798 -1.357744 0.863715 0.141530 -0.164360 0.062668 -0.400684 0.356499 0.646619 0.904198 1.259603 0.807257 -0.432171 -0.517190 -0.581822 -0.298822 -2.824084 -1.266638 NA 0.149983 NA 1.128351 4.389908 1.000000
23 -1.354259 -0.458199 -0.172030 -0.563567 -0.097400 -0.453618 0.233021 -1.361209 -0.892529 0.903518 -0.645110 -1.214604 2.428998 -1.403648 0.151066 -0.097317 0.424988 -1.514582 NA 1.770501 -1.279585 0.050999 NA -0.267490 -0.957688 1.709059 0.165388 1.141092 NA 1.466167 0.324216 0.904557 -0.702851 -0.082385 0.939478 -1.009312 2.323462 -0.973599 0.234115 0.982380 0.187107 0.871200 -1.038901 1.018917 -0.059260 -0.428706 1.774157 -1.043088 0.558976 -1.708908 -0.808713 -1.572467 -0.588740 -1.520652 -0.254681 1.441326 -0.904546 -0.524471 -0.182396 0.946528 4.260895 0.000000
24 NA 0.465831 0.817728 0.362280 -0.715910 -2.149249 -0.705615 -0.830328 0.349984 1.015150 -0.179539 -1.475706 1.724312 0.020311 0.349005 0.111836 1.075006 0.063836 0.207835 1.248672 -0.263754 -0.670853 -1.874487 -1.195624 -1.469596 -0.675405 -0.617970 1.103650 0.280274 -0.267992 -0.204338 0.809436 0.251508 -0.455948 NA -2.099817 -1.654510 -0.395789 -0.941103 0.480135 0.188612 0.198578 0.216240 1.319570 -0.312040 0.610857 -1.083092 NA -0.598033 2.024396 0.039781 0.847580 1.295363 -0.779156 0.438962 -0.317568 0.759645 0.041415 -0.888243 -0.794063 0.837103 1.000000
25 -0.191663 -0.430488 -0.685185 -0.402811 0.097644 -0.921133 1.165126 1.771398 -0.805546 -0.083625 -0.428793 0.336580 1.769895 -0.156208 -0.366914 -0.580231 -0.443511 -0.861692 0.168543 -0.148218 -0.729686 0.794262 1.417951 0.631662 -1.041932 NA NA 0.795063 0.561080 1.370258 -1.332569 0.054316 1.439370 0.739277 -0.567895 -0.079296 1.307302 -0.019994 0.339051 0.156440 NA -0.227448 -0.640077 NA -0.288559 0.565735 -1.179767 NA 1.338498 -3.119517 -0.917359 1.526551 -1.377015 -0.990217 -0.180112 -1.822841 0.095397 -0.893343 -0.554292 0.895025 1.453266 1.000000
26 -0.977715 -0.708564 NA -0.743201 0.111080 -0.856084 0.047777 0.394312 0.931619 -0.728212 -0.881283 0.779507 -0.106045 0.116809 -0.353091 -0.622147 -0.435093 0.000573 -0.091053 -1.187326 -0.046027 -0.396310 1.292375 1.171831 0.508407 1.908199 1.137308 NA NA -0.587815 -1.180468 0.694768 -0.862833 NA -2.598337 -0.579480 -1.496763 -0.335780 1.294340 0.308236 -0.724546 -0.509372 -0.734414 -0.045454 2.220913 NA 1.810665 0.607363 0.546533 0.061656 0.177915 -1.491430 -1.006767 -0.497568 -0.451603 -0.303393 0.390107 -0.672228 0.818950 -1.872639 3.547184 1.000000
27 0.900811 -0.840483 2.496129 0.136071 -0.907468 1.172726 1.217355 0.112727 1.378495 0.546482 -0.401864 -0.922129 -0.076046 1.571675 NA -0.227213 -1.619310 -0.023535 0.856266 -0.103335 2.142691 -0.466442 -1.248835 -0.215318 -0.333500 -1.252265 -0.303395 -0.473289 0.856509 -0.780872 -0.736061 0.928530 0.425337 0.386321 -0.840981 -0.696848 -2.492775 0.520273 0.084541 -1.810913 -1.295165 -0.375199 1.564967 0.377438 2.103474 -1.094297 -0.252836 -0.729372 NA -0.689934 1.988420 -0.892899 -0.785288 0.878480 1.229777 -1.176140 0.151345 0.551957 -0.777323 1.243638 4.238864 1.000000
28 0.939828 -0.127227 -1.458916 0.445140 -0.215544 -0.646318 -0.680191 0.342975 -0.696505 -0.950767 3.025953 NA -0.142439 -0.644894 -1.665545 -0.274597 -1.522762 0.931354 1.233123 0.727738 1.351984 -0.039605 0.087931 -0.166644 0.457521 -0.810775 0.095358 -2.647293 -0.956726 -0.338138 -0.661708 0.052226 -0.907712 0.675240 0.161932 NA 0.303794 1.140954 -0.466068 0.434315 1.526850 0.011458 0.760117 2.253882 -1.369163 0.015143 0.679851 -0.558227 -1.478150 -1.361218 0.099552 -1.371407 -1.988347 0.166904 -1.282856 -0.653034 -0.495219 -0.781999 -0.793516 1.611084 0.978362 1.000000
29 0.094244 -1.875080 -1.432519 2.061096 2.581333 0.209373 0.268689 0.727806 0.199194 0.599440 -0.941385 1.560574 1.512921 NA -1.436365 -0.439608 -0.488916 -0.353754 NA 0.495209 0.460970 2.057997 0.702833 -2.135200 0.864635 -0.217435 0.651325 -0.339257 0.586145 NA 0.953412 2.205029 -0.897477 -0.582649 0.665955 -1.416616 0.854121 -1.529499 -2.403931 1.621490 1.780987 0.486765 -1.279984 1.281103 -0.951673 0.322714 -0.209763 0.376124 -0.739054 0.472919 -1.368050 1.833097 0.156431 -0.399282 -0.922257 0.423280 -0.566513 1.466597 NA 1.165910 1.069025 1.000000
30 -1.092645 -0.327458 -0.403718 -1.178871 0.588723 -0.407525 0.180671 -0.106508 0.138098 -0.254727 -0.226401 -0.829244 0.808050 0.673258 -1.487638 0.098874 -0.071482 -0.600110 -0.798686 -0.482591 -2.263103 0.044073 -1.964453 0.493285 0.146274 -1.632086 0.619000 0.187858 -0.514159 0.834013 -1.327747 -1.868961 -0.385757 1.045691 -0.377039 1.467537 1.094221 -0.985182 -0.014296 0.462612 -1.277637 -0.338306 0.690992 -1.534331 0.466393 0.399459 -0.330787 -0.040554 0.618014 -1.178298 1.466744 NA 0.947249 0.263054 0.552106 -0.510350 0.053956 -1.637142 -1.462234 -0.872645 2.939415 0.000000
31 -0.027783 -0.866749 0.443431 2.247354 1.026229 1.243346 -0.148212 -0.453717 -2.022882 -0.317372 0.240475 -0.478167 -1.887273 0.773501 1.161223 0.981597 1.120570 NA NA 0.435700 -0.413677 0.981693 -1.316403 0.507620 -0.102750 -0.708661 0.306779 0.643795 -0.185059 1.348851 -2.666477 -1.485091 -2.773707 -0.552222 1.837121 1.090754 -0.344248 0.664811 -0.609137 -0.014415 -1.994711 -1.310915 -0.516666 -0.821967 1.189963 -2.367468 0.122517 0.726074 -2.632488 -0.412477 NA -0.396700 -0.836977 -0.394882 -1.126552 -1.657465 0.342081 -0.181364 0.077226 -1.710088 0.617714 1.000000
32 0.480366 0.266826 0.258966 -0.453424 -0.829803 -0.397963 -0.507725 0.380649 NA -0.546004 -2.048353 -0.456130 -0.976127 -1.502798 1.055402 -1.032590 0.354000 0.788746 0.717418 0.077983 -0.569212 -0.475698 NA 0.139592 1.046787 -0.200471 1.448397 -0.457064 0.772847 -0.618997 -0.283801 -1.795450 -0.676904 -0.714279 0.872896 -0.032804 -0.839282 -0.278597 0.296841 -0.297818 1.236052 -0.341991 1.023698 NA 0.174568 -0.811530 -0.677058 -1.392984 -0.114220 1.151420 -0.473142 -0.435161 -0.188672 0.688071 0.430266 -0.834244 NA 1.477488 0.549562 -0.778607 1.588101 0.000000
33 NA 0.545677 -1.986178 -0.496629 -0.781561 -0.162293 0.392177 1.665902 0.519909 -0.582581 -1.465450 -0.703578 1.290332 -0.637221 -0.443782 -1.940083 -0.202792 1.678769 -0.717096 -0.473655 -0.645467 1.468095 -0.082992 0.014239 2.325750 1.472305 -0.926124 -1.171163 -0.428193 0.199036 -0.132289 -2.824564 0.020010 -2.715302 0.275264 -0.477010 -2.077778 -0.304264 0.198091 -0.075817 -1.022773 -0.300776 -1.521041 -0.735592 0.872811 0.995520 0.187596 -0.613065 0.718744 1.218539 -1.876557 NA -0.257944 -0.192759 0.361951 -0.024751 1.514871 -0.174044 0.651744 0.568588 10.285894 0.000000
34 0.801451 0.808799 -1.261465 2.489374 0.022419 0.889994 -0.152094 -1.817522 -0.646343 1.953039 -0.445403 1.808579 0.992081 1.422647 1.146804 0.260989 0.348687 0.411270 0.485721 1.125668 -1.829897 -0.915647 1.042161 0.504170 NA -2.218901 -2.091850 0.009548 -0.640794 -0.468956 -1.451698 -0.085594 1.089545 0.811967 -1.511734 1.221507 1.430093 -0.428234 -0.502973 -1.301091 -0.648942 1.603846 0.938437 0.552984 0.735360 -0.468577 1.409684 0.612264 0.375676 0.594509 -0.959200 -0.289570 0.317382 NA 0.853794 -1.315296 1.356776 -0.693190 -0.410421 0.910832 1.327231 1.000000
35 -0.433199 -0.797525 -0.028726 -0.509612 1.241116 0.242148 0.774903 -2.010648 1.178486 1.376919 -1.553092 1.972615 -0.031298 0.848908 -2.304665 -0.855776 -0.562697 -0.665375 0.254232 -0.780424 -1.498364 0.250414 1.705493 0.352631 1.901371 1.466958 -3.068174 1.236276 -1.209365 -0.821796 -0.194461 -1.319845 -0.109431 -0.387912 0.399416 0.691402 -0.529697 0.924262 2.497347 -0.228010 -0.397133 0.329722 -0.034218 2.102516 0.038082 -1.766043 -1.278230 -1.040119 1.267863 0.173207 1.260433 -0.157775 -0.164366 0.795262 -0.372506 0.918602 0.630217 -0.021672 0.221581 1.011724 5.342684 0.000000
36 -0.946532 0.039631 0.052508 -0.408425 -0.089012 0.026917 0.988496 1.824674 -2.056220 0.034394 -0.092333 -0.287662 -1.160651 1.848271 1.752468 0.286034 0.199808 0.921894 -0.661339 -0.717911 0.579439 -0.562444 -0.185940 0.224705 0.041139 -0.639676 -0.617795 0.822872 0.650938 0.006601 -0.839379 -0.499993 -0.796060 -1.256541 NA 1.191607 0.659307 -0.737653 -0.185231 0.091435 0.538763 -1.923373 -1.353077 0.137538 1.200021 -1.694339 0.319480 -0.018476 2.317326 NA NA -0.816254 -2.662123 -2.141735 1.703414 -0.660958 -1.660006 NA 0.364927 0.375689 1.212528 1.000000
37 0.016697 -0.957239 1.666189 1.286595 -0.011887 0.347977 -1.577870 1.009095 0.731120 -0.071452 NA -0.215762 1.048860 -0.067722 -0.007146 0.163407 0.229528 -0.303887 2.242220 -2.607936 -2.136420 -1.021175 -0.319119 0.037815 0.122395 -1.673270 -0.578305 NA -0.291937 0.099953 0.930247 -0.034753 -0.950133 1.154673 0.912811 0.599092 0.162597 0.185685 1.361039 0.310716 2.325388 -1.084448 1.184306 0.388838 -0.284921 -0.928405 -1.162333 -1.654910 0.724369 0.169246 0.203604 -1.833919 -1.499711 -0.733848 0.157966 0.136910 -0.043909 -1.975967 1.207211 0.307911 4.721731 1.000000
38 -0.261902 NA -0.712001 1.068853 -1.703892 0.244321 -0.583511 1.220702 -1.155428 0.091591 -0.176358 0.466141 NA 1.067614 NA -0.620412 -0.382348 -0.548031 1.469827 1.017882 0.598796 -0.725275 0.664439 -1.880592 -0.764119 -0.039524 0.064060 -1.105550 0.126134 -1.441731 0.199856 -0.861847 1.059515 -0.434330 1.890032 -1.956284 0.775017 3.785006 -0.351754 0.302073 0.259022 -1.114679 -0.660228 0.539379 0.709633 0.238440 0.365387 -0.195620 0.840294 -0.768917 -0.252212 1.189601 0.471690 -0.202283 -0.513553 -0.592349 -0.325013 -0.155771 0.976487 -0.734516 9.142386 0.000000
39 -0.793091 0.145699 1.263874 0.989277 NA 0.122428 -1.218928 -0.360126 0.499442 1.668876 -1.393768 0.121809 -0.461465 0.969890 0.834958 -1.322348 0.035289 -0.074070 1.856128 0.700648 -1.714458 0.596141 NA 0.109386 0.696986 0.877143 NA -1.183342 NA -1.327924 1.453912 -0.441883 -0.838573 -2.366486 0.701597 0.809655 NA -1.084676 -1.358561 NA -0.277757 -0.683556 -0.492915 -1.963283 0.481991 0.489557 0.488818 -2.854778 1.231983 1.050061 0.364717 -0.305439 0.169063 -0.611880 -1.857640 1.865644 -0.047387 0.217313 1.359814 2.131085 2.162125 1.000000
40 0.754389 0.384961 -0.643966 -0.007409 0.969801 0.928290 1.006303 -0.080594 0.751443 -1.211313 0.546113 -0.814010 0.376434 -0.456528 1.125403 -0.394424 1.012502 -1.363885 -0.854251 2.071303 -0.044810 0.844065 0.202814 0.662180 1.538965 -0.404755 2.284405 1.022123 -0.226940 0.229579 0.432358 -1.255425 0.981740 -1.053671 0.147339 0.558653 -2.453046 NA -0.426887 2.125052 -0.014917 -0.182567 NA -1.436271 1.810543 -1.669126 0.771140 -2.273591 2.088309 0.504775 1.334878 -0.365262 0.549072 -0.050099 0.152173 -0.019795 0.933732 -0.571057 1.786507 -0.752729 0.632600 1.000000
41 0.542620 1.049540 0.417888 1.137490 0.028045 -0.050194 -1.528573 -0.745304 -0.838036 0.557635 0.300248 0.166207 -1.305890 1.215005 0.760764 -0.295971 0.070023 1.769651 0.665597 -0.321072 -0.393519 -1.817128 0.919541 -1.125653 0.368502 -0.325016 NA -1.846781 1.535366 -2.364620 -0.603120 -1.287989 -0.609289 -0.358253 1.558093 -0.293772 -0.331799 -0.764976 -0.820709 -0.822197 0.462937 -0.299375 -1.558023 -0.343414 -1.646623 -0.776342 NA NA -0.817222 -0.190529 0.596030 1.178140 2.252932 1.560787 NA -0.073035 -0.189566 0.554518 -0.736480 NA 0.150519 1.000000
42 NA 1.909910 1.235196 0.168268 -1.006202 -0.322578 -0.680510 -0.521150 0.874512 -0.173927 -0.032879 -1.249794 0.131871 -1.587565 -1.439128 0.051791 -1.625376 -0.985540 -1.603905 -0.645737 2.082203 -0.267761 -0.380596 0.487923 -1.345843 0.494041 1.258063 -0.362116 1.544561 0.150048 -1.583000 0.649926 -0.631152 -0.805295 -0.663406 1.034154 NA 0.133628 -1.002758 -0.959284 -0.216041 1.431155 -0.074451 0.692273 -1.407478 -0.300673 -0.086463 -1.609685 -0.300719 0.008140 0.479786 0.714902 -0.250730 0.897148 -0.288890 1.240717 -1.187898 NA -1.274479 1.839737 0.507694 1.000000
43 -1.283129 -1.178539 -1.986356 -0.001257 0.096915 1.222915 -0.140624 0.553804 2.717201 0.284828 -2.168773 1.386538 1.731288 1.129829 -0.694430 -0.915409 0.358696 1.919094 0.031934 0.765036 -0.626893 0.219411 -1.202740 0.150914 -1.826207 -0.169970 0.627843 1.862415 -0.630277 NA 0.276520 0.406790 -2.765696 0.625705 -0.714524 0.177239 0.238235 -1.223818 -1.285274 1.158445 -0.083751 -1.907657 -0.569360 -0.696308 0.397370 0.202147 0.270546 0.740154 -0.802830 0.173426 0.970102 0.640800 -0.586581 1.155730 1.315594 -1.683379 0.418440 -0.397302 -0.051112 1.226318 8.655006 0.000000
44 -0.159985 -0.713750 -0.619821 1.723089 0.547882 -0.918139 0.079958 -0.181894 0.110353 -0.818934 -1.014451 0.654316 0.452604 -0.543042 0.234752 0.760824 -1.119161 1.486930 -1.482966 0.630056 1.241967 -0.442162 -0.659753 0.301143 -1.047406 0.395987 -0.785329 -0.896058 -1.210129 0.697597 -0.352231 0.467629 1.308045 0.677618 NA NA 1.346334 -0.801794 0.620351 0.796745 -0.448824 -1.379048 -0.363574 0.316135 0.700692 0.472296 -2.116196 NA -1.608171 -2.616285 -0.058817 0.391813 -2.219871 -0.389464 0.053729 0.453866 0.639933 -0.293784 -1.151930 -1.281525 3.215547 1.000000
45 0.593156 -2.831090 0.613993 1.024691 -1.223114 -0.079540 0.217605 1.133239 -0.477986 0.359821 -0.419890 0.442161 0.613011 -0.173999 0.339119 -0.166956 -0.534508 -0.388790 1.140136 0.880685 -0.115519 1.313946 2.600734 -0.148913 -0.016543 0.694953 1.024418 -0.944228 0.567850 0.819687 -1.415950 -1.542744 -1.943500 -1.395819 0.338228 -1.027204 1.105448 -1.183190 0.080549 0.869585 -0.542843 -0.943254 -1.196230 -0.500950 -0.556249 -0.749470 -0.452435 1.559256 -0.707905 -1.011410 0.941543 0.108588 -0.138150 -0.089420 1.090074 0.674098 -1.337512 0.096660 0.384508 0.022032 10.569119 0.000000
46 1.474873 1.558235 1.690394 -1.106699 0.268381 NA -2.091828 -0.628804 1.073378 0.023450 0.137674 1.314423 0.289309 0.720273 -1.264970 0.914421 0.015747 0.720608 -0.103787 -1.531559 -1.212878 0.992077 -0.346319 1.351197 0.964822 NA -2.227345 NA 0.429561 -0.153612 -1.055947 -0.469686 0.897143 -0.546322 -0.893547 -0.268021 -0.613403 -0.310537 1.617876 -1.181846 -0.255018 -1.164944 1.622044 0.086912 -2.027271 -0.226127 -0.055895 1.884861 1.666753 -0.210446 -1.330731 -0.197008 NA 0.267168 1.541005 0.264685 0.041276 NA 0.045106 -0.357644 0.813717 1.000000
47 1.051452 0.716281 0.100990 0.266562 -1.250222 0.962526 0.776862 -0.988856 -1.199964 2.418423 -0.948122 -0.319624 -1.209384 -0.069628 -0.009640 0.289288 1.062849 2.229273 0.441834 NA -0.999074 -0.097912 1.169793 1.719141 0.045355 -1.112803 NA NA 1.103776 -2.323538 1.494857 -0.707716 0.002647 0.830247 -0.294816 -1.298122 1.078278 -0.283552 NA -0.465058 0.239126 0.269690 0.753355 0.317181 -0.585088 0.660627 -0.202276 -0.475836 -0.407495 NA -0.542006 0.322304 -0.038493 -0.421108 -0.212919 -0.097716 0.552777 0.905733 -1.445485 NA 8.126175 1.000000
48 0.850807 -0.200892 -0.450855 -0.300053 -0.635734 0.057171 0.382907 -0.703389 -1.451511 -1.029061 -0.902655 1.598540 1.745308 -0.125163 -0.724860 0.522053 -0.464417 -1.202220 -0.278817 0.301885 NA -2.191506 0.141857 2.992577 -0.027218 0.786458 -0.977264 1.125535 -0.362842 1.125938 -0.596280 0.907987 -1.566381 0.463861 0.300266 -0.773616 0.053486 -0.680733 1.531560 -0.214922 -0.519067 1.215559 -0.144335 -0.310618 NA 1.440238 -0.149156 1.179563 -0.011311 -0.730634 -1.616664 -1.847488 0.981274 -1.548104 -0.818805 0.076372 -0.613164 -1.055188 -1.001190 -0.624838 0.563453 1.000000
49 0.312767 -1.264495 2.368821 1.433512 -0.205294 0.074323 -0.520789 0.176659 -0.780390 -1.423761 1.137690 0.058690 0.778688 -0.717126 1.527721 -0.490417 -0.130917 1.530935 -0.346292 0.326445 0.007218 -1.245918 NA 0.046415 -0.076211 -0.542708 -0.588086 -0.177854 -0.069031 -0.847286 0.428754 0.997233 0.690302 -1.105643 -0.085480 2.052476 -2.467046 NA 0.198369 -0.952863 -0.255065 1.383485 0.926391 NA -0.714075 -1.705623 0.157554 -0.366742 0.314484 -1.616500 NA 0.100396 0.171661 1.045827 1.404629 -0.031939 -1.093728 0.133384 -1.311929 -0.495675 0.180928 1.000000
50 0.828738 -0.039706 0.342575 0.004287 -0.515729 1.370072 1.637614 1.497027 -1.672532 -1.384593 -0.122057 0.138617 -0.795916 -0.901839 -1.483859 -0.342953 -1.270491 0.828360 1.200309 0.691377 -0.442368 -1.236810 -2.679970 -1.195319 0.663189 0.054128 1.196055 1.611318 -0.060570 -0.159587 0.453472 -0.462127 1.113867 -2.587118 -1.427620 -0.381890 -1.372623 -0.007522 -0.785293 1.347256 0.184964 2.269241 1.566868 0.342282 -0.463839 -1.732963 -0.637550 0.246320 -0.729388 0.567817 0.215484 0.702648 -0.289206 -1.099997 -1.086646 -0.046729 -1.292431 0.993671 0.658556 0.303222 1.663651 1.000000
uncorrelated Gaussian covariates
missing covariate fraction: 0.050000
no latent classes
   lambda(t|risk 1)=C, <t>=4.000000 for zero covariates
   risk 1: beta[1]=0.500000
   risk 1: beta[2]=0.500000
   risk 1: beta[3]=0.500000
   risk 1: beta[4]=0.500000
   risk 1: beta[5]=0.500000
   risk 1: beta[6]=-0.500000
   risk 1: beta[7]=-0.500000
   risk 1: beta[8]=-0.500000
   risk 1: beta[9]=-0.500000
   risk 1: beta[10]=-0.500000
   risk 1: beta[11]=0.000000
   risk 1: beta[12]=0.000000
   risk 1: beta[13]=0.000000
   risk 1: beta[14]=0.000000
   risk 1: beta[15]=0.000000
   risk 1: beta[16]=0.000000
   risk 1: beta[17]=0.000000
   risk 1: beta[18]=0.000000
   risk 1: beta[19]=0.000000
   risk 1: beta[20]=0.000000
   risk 1: beta[21]=0.000000
   risk 1: beta[22]=0.000000
   risk 1: beta[23]=0.000000
   risk 1: beta[24]=0.000000
   risk 1: beta[25]=0.000000
   risk 1: beta[26]=0.000000
   risk 1: beta[27]=0.000000
   risk 1: beta[28]=0.000000
   risk 1: beta[29]=0.000000
   risk 1: beta[30]=0.000000
   risk 1: beta[31]=0.000000
   risk 1: beta[32]=0.000000
   risk 1: beta[33]=0.000000
   risk 1: beta[34]=0.000000
   risk 1: beta[35]=0.000000
   risk 1: beta[36]=0.000000
   risk 1: beta[37]=0.000000
   risk 1: beta[38]=0.000000
   risk 1: beta[39]=0.000000
   risk 1: beta[40]=0.000000
   risk 1: beta[41]=0.000000
   risk 1: beta[42]=0.000000
   risk 1: beta[43]=0.000000
   risk 1: beta[44]=0.000000
   risk 1: beta[45]=0.000000
   risk 1: beta[46]=0.000000
   risk 1: beta[47]=0.000000
   risk 1: beta[48]=0.000000
   risk 1: beta[49]=0.000000
   risk 1: beta[50]=0.000000
   risk 1: beta[51]=0.000000
   risk 1: beta[52]=0.000000
   risk 1: beta[53]=0.000000
   risk 1: beta[54]=0.000000
   risk 1: beta[55]=0.000000
   risk 1: beta[56]=0.000000
   risk 1: beta[57]=0.000000
   risk 1: beta[58]=0.000000
   risk 1: beta[59]=0.000000
   risk 1: beta[60]=0.000000
uniform censoring on time interval [1.000000,12.000000]
