0.000000 0.500000
1.000000 0.557174
2.000000 0.707283
3.000000 0.704022
4.000000 0.713804
5.000000 0.716304
6.000000 0.750109
7.000000 0.737609
8.000000 0.744130
9.000000 0.757609
10.000000 0.765326
11.000000 0.773587
12.000000 0.796848
13.000000 0.812609
14.000000 0.818152
15.000000 0.833696
16.000000 0.837391
17.000000 0.832826
18.000000 0.845109
19.000000 0.851848
20.000000 0.855543
21.000000 0.872717
22.000000 0.879783
23.000000 0.878152
24.000000 0.870000
25.000000 0.881630
26.000000 0.880761
27.000000 0.888370
28.000000 0.887935
29.000000 0.887935
30.000000 0.892065
31.000000 0.897935
32.000000 0.893478
33.000000 0.898478
34.000000 0.901196
35.000000 0.909565
36.000000 0.910000
37.000000 0.910543
38.000000 0.914457
39.000000 0.920543
40.000000 0.919674
