active=80: 1 2 3 4 5 6 7 8 9 10 11 12 13 14 15 16 17 18 19 20 21 22 23 24 25 26 27 28 29 30 31 32 33 34 35 36 37 38 39 40 41 42 43 44 45 46 47 48 49 50 51 52 53 54 55 56 57 58 59 60 61 62 63 64 65 66 67 68 69 70 71 72 73 74 75 76 77 78 79 80 
active=79: 1 2 3 4 5 6 7 8 9 10 11 12 13 14 15 16 17 18 19 20 21 22 23 24 25 26 27 28 29 30 31 32 33 34 35 36 37 38 39 40 41 42 43 44 45 46 48 49 50 51 52 53 54 55 56 57 58 59 60 61 62 63 64 65 66 67 68 69 70 71 72 73 74 75 76 77 78 79 80 
active=78: 1 2 3 4 5 6 7 8 9 10 11 12 13 14 15 16 17 18 19 20 21 22 23 24 25 26 27 28 29 30 31 32 33 34 35 36 37 38 39 40 41 42 43 44 45 46 48 49 50 51 52 53 55 56 57 58 59 60 61 62 63 64 65 66 67 68 69 70 71 72 73 74 75 76 77 78 79 80 
active=77: 1 2 3 4 5 6 7 8 9 10 11 12 13 14 15 16 17 18 19 20 21 22 23 24 25 26 27 28 29 30 31 32 33 34 35 36 37 38 39 40 41 42 43 44 45 46 48 49 50 51 52 53 55 56 57 58 59 60 61 62 64 65 66 67 68 69 70 71 72 73 74 75 76 77 78 79 80 
active=76: 1 2 3 4 5 6 7 8 9 10 12 13 14 15 16 17 18 19 20 21 22 23 24 25 26 27 28 29 30 31 32 33 34 35 36 37 38 39 40 41 42 43 44 45 46 48 49 50 51 52 53 55 56 57 58 59 60 61 62 64 65 66 67 68 69 70 71 72 73 74 75 76 77 78 79 80 
active=75: 1 2 3 4 5 6 7 8 9 10 12 13 14 15 16 17 18 19 20 21 22 23 24 26 27 28 29 30 31 32 33 34 35 36 37 38 39 40 41 42 43 44 45 46 48 49 50 51 52 53 55 56 57 58 59 60 61 62 64 65 66 67 68 69 70 71 72 73 74 75 76 77 78 79 80 
active=74: 1 2 3 4 5 6 7 8 9 10 12 13 14 15 16 17 18 19 20 21 22 23 24 26 28 29 30 31 32 33 34 35 36 37 38 39 40 41 42 43 44 45 46 48 49 50 51 52 53 55 56 57 58 59 60 61 62 64 65 66 67 68 69 70 71 72 73 74 75 76 77 78 79 80 
active=73: 1 2 3 4 5 6 7 8 9 10 12 13 14 15 16 17 18 19 20 21 22 23 24 26 28 29 30 31 32 33 34 35 36 37 38 39 40 41 43 44 45 46 48 49 50 51 52 53 55 56 57 58 59 60 61 62 64 65 66 67 68 69 70 71 72 73 74 75 76 77 78 79 80 
active=72: 1 2 3 4 5 6 7 8 9 10 12 13 14 15 16 17 18 19 20 21 22 23 24 26 28 29 30 31 32 33 34 35 36 37 38 39 40 41 43 44 46 48 49 50 51 52 53 55 56 57 58 59 60 61 62 64 65 66 67 68 69 70 71 72 73 74 75 76 77 78 79 80 
active=71: 1 2 3 4 5 6 7 8 9 10 12 13 14 15 16 17 18 19 20 21 22 23 24 26 28 29 30 31 32 33 34 35 36 37 38 39 40 41 43 44 46 48 49 50 51 52 53 55 56 57 59 60 61 62 64 65 66 67 68 69 70 71 72 73 74 75 76 77 78 79 80 
active=70: 1 2 3 4 5 6 7 8 9 10 12 13 14 15 16 17 18 19 20 21 22 23 24 26 28 29 30 31 32 33 34 35 36 37 38 39 40 41 43 44 46 48 49 50 51 52 53 55 56 57 59 60 61 62 64 66 67 68 69 70 71 72 73 74 75 76 77 78 79 80 
active=69: 1 2 3 4 5 6 7 8 9 10 12 13 14 15 16 17 18 19 20 21 22 23 24 26 28 29 30 31 32 33 34 35 36 37 38 39 40 41 43 44 46 48 49 50 51 53 55 56 57 59 60 61 62 64 66 67 68 69 70 71 72 73 74 75 76 77 78 79 80 
active=68: 1 2 3 4 5 6 7 8 9 10 12 13 14 15 16 17 18 19 20 21 22 23 24 26 28 29 30 31 32 33 34 35 36 37 38 39 40 41 43 44 46 48 49 50 51 53 55 56 57 59 60 61 62 64 66 67 68 70 71 72 73 74 75 76 77 78 79 80 
active=67: 1 2 3 4 5 6 7 8 9 10 12 13 14 16 17 18 19 20 21 22 23 24 26 28 29 30 31 32 33 34 35 36 37 38 39 40 41 43 44 46 48 49 50 51 53 55 56 57 59 60 61 62 64 66 67 68 70 71 72 73 74 75 76 77 78 79 80 
active=66: 1 2 3 4 5 6 7 8 9 10 12 13 14 16 17 18 19 20 21 22 23 24 28 29 30 31 32 33 34 35 36 37 38 39 40 41 43 44 46 48 49 50 51 53 55 56 57 59 60 61 62 64 66 67 68 70 71 72 73 74 75 76 77 78 79 80 
active=65: 1 2 3 4 5 6 7 8 9 10 12 13 14 16 17 18 19 20 21 22 23 28 29 30 31 32 33 34 35 36 37 38 39 40 41 43 44 46 48 49 50 51 53 55 56 57 59 60 61 62 64 66 67 68 70 71 72 73 74 75 76 77 78 79 80 
active=64: 1 2 3 4 5 6 7 8 9 10 12 13 14 16 17 18 19 20 21 22 23 28 29 30 31 32 33 35 36 37 38 39 40 41 43 44 46 48 49 50 51 53 55 56 57 59 60 61 62 64 66 67 68 70 71 72 73 74 75 76 77 78 79 80 
active=63: 1 2 3 4 5 6 7 8 9 10 12 13 14 16 17 18 19 20 21 22 23 28 29 30 31 32 33 35 36 37 38 39 40 41 43 46 48 49 50 51 53 55 56 57 59 60 61 62 64 66 67 68 70 71 72 73 74 75 76 77 78 79 80 
active=62: 1 2 3 4 5 6 7 8 9 10 12 13 14 16 17 18 19 20 21 22 23 28 29 30 31 32 33 35 36 37 38 39 40 41 43 46 48 49 50 51 53 55 56 57 59 60 61 62 64 66 68 70 71 72 73 74 75 76 77 78 79 80 
active=61: 1 2 3 4 5 6 7 8 9 10 12 13 14 16 17 18 19 20 21 22 23 28 29 30 31 32 33 35 36 37 38 39 40 41 46 48 49 50 51 53 55 56 57 59 60 61 62 64 66 68 70 71 72 73 74 75 76 77 78 79 80 
active=60: 1 2 3 4 5 6 7 8 9 10 12 13 14 16 17 18 19 20 22 23 28 29 30 31 32 33 35 36 37 38 39 40 41 46 48 49 50 51 53 55 56 57 59 60 61 62 64 66 68 70 71 72 73 74 75 76 77 78 79 80 
active=59: 1 2 3 4 5 6 7 8 9 10 12 13 14 16 17 18 19 20 22 23 28 29 30 31 32 33 35 36 37 38 39 40 41 46 48 49 50 51 55 56 57 59 60 61 62 64 66 68 70 71 72 73 74 75 76 77 78 79 80 
active=58: 1 2 3 4 5 6 7 8 9 10 12 13 14 16 17 18 19 20 22 23 28 29 30 31 32 33 35 36 37 38 39 40 41 46 48 49 50 51 55 56 57 59 60 61 62 64 66 68 71 72 73 74 75 76 77 78 79 80 
active=57: 1 2 3 4 5 6 7 8 9 10 12 13 14 16 17 18 19 20 22 23 28 29 30 31 32 33 35 36 37 38 39 40 41 46 48 49 50 51 55 56 57 59 60 61 62 64 66 68 71 72 73 74 75 76 77 78 79 
active=56: 1 2 3 4 5 6 7 8 9 10 12 13 14 16 17 18 19 20 22 23 28 29 30 31 33 35 36 37 38 39 40 41 46 48 49 50 51 55 56 57 59 60 61 62 64 66 68 71 72 73 74 75 76 77 78 79 
active=55: 1 2 3 4 5 6 7 8 9 10 12 13 14 16 17 18 19 20 22 23 28 29 30 31 33 35 36 37 38 39 40 41 46 48 49 50 51 55 56 57 59 60 61 62 64 66 68 71 73 74 75 76 77 78 79 
active=54: 1 2 3 4 5 6 7 8 9 10 12 13 14 16 17 18 19 20 22 23 28 29 30 31 33 35 36 37 38 39 40 41 46 48 49 50 51 55 56 57 59 60 61 62 64 66 68 71 73 75 76 77 78 79 
active=53: 1 2 3 4 5 6 7 8 9 10 12 13 14 16 17 18 19 20 22 23 28 29 30 31 33 35 36 37 38 39 40 41 46 48 49 50 51 55 56 57 60 61 62 64 66 68 71 73 75 76 77 78 79 
active=52: 1 2 3 4 5 6 7 8 9 10 12 13 14 16 17 18 19 20 22 23 29 30 31 33 35 36 37 38 39 40 41 46 48 49 50 51 55 56 57 60 61 62 64 66 68 71 73 75 76 77 78 79 
active=51: 1 2 3 4 5 6 7 8 9 10 12 13 14 16 17 18 19 20 22 23 29 30 31 33 35 36 37 38 39 40 41 46 48 49 50 51 56 57 60 61 62 64 66 68 71 73 75 76 77 78 79 
active=50: 1 2 3 4 5 6 7 8 9 10 12 13 14 16 17 18 19 20 22 23 29 30 31 33 35 36 37 38 39 40 41 46 48 49 50 51 56 57 60 61 62 64 66 71 73 75 76 77 78 79 
active=49: 1 2 3 4 5 6 7 8 9 10 13 14 16 17 18 19 20 22 23 29 30 31 33 35 36 37 38 39 40 41 46 48 49 50 51 56 57 60 61 62 64 66 71 73 75 76 77 78 79 
active=48: 1 2 3 4 5 6 7 8 9 10 13 14 17 18 19 20 22 23 29 30 31 33 35 36 37 38 39 40 41 46 48 49 50 51 56 57 60 61 62 64 66 71 73 75 76 77 78 79 
active=47: 1 2 3 4 5 6 7 8 9 10 13 14 17 18 19 20 22 23 29 30 33 35 36 37 38 39 40 41 46 48 49 50 51 56 57 60 61 62 64 66 71 73 75 76 77 78 79 
active=46: 1 2 3 4 5 6 7 8 9 10 13 14 17 18 19 20 22 23 29 30 33 35 37 38 39 40 41 46 48 49 50 51 56 57 60 61 62 64 66 71 73 75 76 77 78 79 
active=45: 1 2 3 4 5 6 7 8 9 10 13 14 17 18 19 20 22 23 29 30 33 35 37 38 39 40 41 46 48 49 50 51 56 57 60 61 62 64 66 71 73 75 76 77 78 
active=44: 1 2 3 4 5 6 7 8 9 10 13 14 17 18 19 20 22 23 29 30 33 35 37 38 39 41 46 48 49 50 51 56 57 60 61 62 64 66 71 73 75 76 77 78 
active=43: 1 2 3 4 5 6 7 8 9 10 13 14 17 18 19 20 22 23 29 33 35 37 38 39 41 46 48 49 50 51 56 57 60 61 62 64 66 71 73 75 76 77 78 
active=42: 1 2 3 4 5 6 7 8 9 10 13 14 17 18 19 20 22 23 29 33 35 37 38 39 41 46 48 49 50 51 57 60 61 62 64 66 71 73 75 76 77 78 
active=41: 1 2 3 4 5 6 7 8 9 10 13 14 18 19 20 22 23 29 33 35 37 38 39 41 46 48 49 50 51 57 60 61 62 64 66 71 73 75 76 77 78 
active=40: 1 2 3 4 5 6 7 8 9 10 13 14 18 19 20 22 23 29 33 35 37 38 39 41 46 48 49 50 51 57 60 61 62 64 66 71 73 75 77 78 
active=39: 1 2 3 4 5 6 7 8 9 10 13 14 18 19 20 22 23 33 35 37 38 39 41 46 48 49 50 51 57 60 61 62 64 66 71 73 75 77 78 
active=38: 1 2 3 4 5 6 7 8 9 10 13 14 18 19 20 22 23 33 35 37 38 39 41 46 48 49 50 51 57 60 61 62 64 66 73 75 77 78 
active=37: 1 2 3 4 5 6 7 8 9 10 13 14 18 19 20 22 23 33 35 37 39 41 46 48 49 50 51 57 60 61 62 64 66 73 75 77 78 
active=36: 1 2 3 4 5 6 7 8 9 10 13 14 18 19 20 22 33 35 37 39 41 46 48 49 50 51 57 60 61 62 64 66 73 75 77 78 
active=35: 1 2 3 4 5 6 7 8 9 10 13 14 18 19 20 22 33 35 37 39 41 46 48 49 51 57 60 61 62 64 66 73 75 77 78 
active=34: 1 2 3 4 5 6 7 8 9 10 13 14 18 19 22 33 35 37 39 41 46 48 49 51 57 60 61 62 64 66 73 75 77 78 
active=33: 1 2 3 4 5 6 7 8 9 10 13 14 18 19 22 33 35 37 39 41 46 48 49 51 57 60 61 62 64 73 75 77 78 
active=32: 1 2 3 4 5 6 7 8 9 10 13 14 18 19 22 33 35 37 39 41 46 48 49 51 57 60 61 64 73 75 77 78 
active=31: 1 2 3 4 5 6 7 8 9 10 13 14 18 19 22 33 35 37 39 41 46 48 49 51 57 60 64 73 75 77 78 
active=30: 1 2 3 4 5 6 7 8 9 10 13 14 18 19 22 35 37 39 41 46 48 49 51 57 60 64 73 75 77 78 
active=29: 1 2 4 5 6 7 8 9 10 13 14 18 19 22 35 37 39 41 46 48 49 51 57 60 64 73 75 77 78 
active=28: 1 2 4 5 6 7 8 9 10 14 18 19 22 35 37 39 41 46 48 49 51 57 60 64 73 75 77 78 
active=27: 1 2 4 5 6 7 8 9 10 14 18 19 22 35 37 39 41 46 49 51 57 60 64 73 75 77 78 
active=26: 1 2 4 5 6 7 8 9 10 14 18 19 22 35 37 39 41 46 51 57 60 64 73 75 77 78 
active=25: 1 2 4 5 6 7 8 9 10 14 18 19 22 35 39 41 46 51 57 60 64 73 75 77 78 
active=24: 1 2 4 5 6 7 8 9 10 14 18 19 22 35 39 41 46 51 57 60 64 75 77 78 
active=23: 1 2 4 5 6 7 8 9 10 14 18 19 35 39 41 46 51 57 60 64 75 77 78 
active=22: 1 2 4 5 6 7 8 9 10 14 18 19 35 39 41 46 51 57 60 75 77 78 
active=21: 1 2 4 5 6 7 8 9 10 14 18 19 35 39 41 46 51 57 60 77 78 
active=20: 1 2 4 5 6 7 8 9 10 14 18 19 39 41 46 51 57 60 77 78 
active=19: 1 2 4 5 6 7 8 9 10 14 18 19 39 41 51 57 60 77 78 
active=18: 1 2 4 5 6 7 8 9 10 14 18 19 39 41 51 57 60 77 
active=17: 1 2 4 5 6 7 8 9 10 18 19 39 41 51 57 60 77 
active=16: 1 2 4 5 6 7 8 9 10 18 19 39 41 57 60 77 
active=15: 1 2 4 5 6 7 8 9 10 18 19 39 41 60 77 
active=14: 1 2 4 5 6 7 8 9 10 18 19 41 60 77 
active=13: 1 2 4 5 6 7 8 9 10 19 41 60 77 
active=12: 1 2 4 5 6 8 9 10 19 41 60 77 
active=11: 1 2 4 5 6 8 9 10 19 60 77 
active=10: 1 2 4 5 6 8 9 10 19 77 
active=9: 1 2 4 5 6 8 10 19 77 
active=8: 1 2 4 5 6 8 10 77 
active=7: 1 2 4 5 6 8 10 
active=6: 1 2 4 5 6 10 
active=5: 1 4 5 6 10 
active=4: 4 5 6 10 
active=3: 4 5 6 
active=2: 5 6 
active=1: 5 
