1 0.097381950000 0.925026842287
2 -0.045379680000 1.057388668115
3 0.216999620000 0.996400232280
4 -0.016459590000 0.920430531585
5 0.160648860000 1.010442675855
6 0.115330330000 1.008536735181
7 -0.094783490000 1.108129692988
8 0.129403010000 1.000328197446
9 -0.061561730000 1.155652980262
10 0.102898810000 0.947880801721
11 0.079827030000 0.846243023291
12 0.037566260000 0.927179602896
13 0.179219090000 0.894929151496
14 -0.034295870000 0.897653988268
15 -0.089579040000 0.981171767123
16 -0.005554810000 0.989019597796
17 -0.137950820000 0.908055344242
18 0.021401610000 1.109053674779
19 -0.054677830000 1.024696593937
20 -0.078401600000 0.901785203557
