N=100
P=10
R=2
1 -0.873074 0.101557 0.031713 -1.363621 -1.274144 0.707946 -0.369347 0.092070 0.149858 0.071181 2.105427 1.000000
2 1.285852 1.022530 2.876686 -0.089919 2.142846 -0.446617 0.476880 0.613265 0.801879 1.032223 9.446287 1.000000
3 -1.690219 0.065774 2.108597 -0.322352 -0.146795 -0.338845 0.111784 -0.496745 1.337487 0.115770 3.427393 1.000000
4 0.497391 -0.343230 -2.012845 -0.306188 -0.211718 -1.839871 -1.072252 2.821575 2.273359 -0.343119 3.256378 1.000000
5 1.243816 -0.131876 -0.509663 1.618033 -0.970269 0.966838 -0.931985 -0.746365 0.374080 -0.214975 0.202308 1.000000
6 0.932169 -0.975379 0.019596 0.832568 -0.413294 -0.918128 -1.680362 0.006888 -1.444456 -1.825912 0.625956 1.000000
7 1.307372 -0.644227 0.457314 0.295077 -0.045337 -1.910294 -0.019402 -0.493669 1.324820 1.246707 17.933252 1.000000
8 1.209458 1.225288 -0.361825 0.044208 0.306157 -1.687359 0.114465 -0.642196 0.165478 0.032481 1.189478 1.000000
9 -0.593099 0.002435 -1.042834 -0.159806 0.735903 0.363446 -0.716571 0.317242 -1.130164 -0.855142 0.129523 1.000000
10 -1.426266 -0.069010 0.194292 1.298321 -0.303596 0.164381 1.173522 0.094792 0.104901 -0.109379 4.772986 1.000000
11 -2.404798 -0.498055 0.382982 1.555971 1.711357 0.053320 -1.404280 0.342360 -0.992752 -0.794381 0.054875 1.000000
12 -0.215814 -0.154441 0.043590 -0.177308 0.693177 1.417842 -1.092402 1.280136 -0.359346 1.178586 10.908244 1.000000
13 -0.885824 0.510770 -0.914356 0.197519 0.540172 1.165424 -1.961491 -0.156889 -0.185887 -1.291829 0.879918 1.000000
14 1.855496 1.428933 -0.365101 -0.925064 1.392131 2.183861 -0.412491 0.347046 0.921388 2.162613 1.123148 1.000000
15 0.371444 0.675842 -0.899453 -0.071505 0.676137 -0.536910 -0.820052 0.814521 0.056535 0.834848 9.458518 1.000000
16 -0.051900 1.032707 2.289406 0.058016 -0.115000 1.108851 -0.208845 0.025950 0.605213 -0.431085 2.304114 1.000000
17 0.357039 -0.013671 -0.328595 -0.716425 -0.560930 -1.245198 -0.795766 -0.280345 -0.708179 -0.651485 1.537537 1.000000
18 -0.285111 -1.062854 2.309193 -0.607644 1.516855 0.107709 0.409570 -0.862831 -1.411547 0.947892 0.276791 1.000000
19 -0.139927 -1.112948 -0.070876 -1.843032 -0.624948 -1.144608 2.978500 -0.277899 -0.880806 -0.969509 4.490228 1.000000
20 1.855976 -1.158304 1.761419 -0.491158 0.145959 0.677648 1.759682 0.495887 0.562328 0.060376 10.433872 1.000000
21 -1.052755 0.717699 -0.525110 -0.368716 -0.709825 -0.408237 -0.934464 -0.645888 -1.423826 0.519963 1.271034 1.000000
22 1.504523 -1.243934 -0.138872 -0.478278 2.404073 0.675204 -0.084956 -1.585611 0.129837 0.453497 1.325301 1.000000
23 -0.430718 0.099000 1.384009 0.456631 1.449965 0.717648 -0.538919 -1.044340 0.009610 1.485058 0.956238 1.000000
24 -0.766169 0.130943 -0.257578 0.036070 -1.108247 -0.141211 -0.695720 -0.902968 -1.046066 0.978031 3.035695 1.000000
25 1.408267 -0.533270 0.359031 0.787219 0.750472 -1.536006 -0.759779 -0.282442 0.248526 0.051393 0.007592 1.000000
26 -0.816969 1.528492 -0.702450 4.001798 0.354694 -1.272604 -1.199708 1.141868 1.467448 0.714954 0.286160 1.000000
27 0.387352 -1.416276 2.887473 0.014459 -0.014809 1.985502 0.312392 -0.219956 0.090795 -0.948710 2.962671 1.000000
28 -0.191085 -0.885962 1.825671 -0.315128 -1.854414 -0.461447 0.978377 2.084051 1.182192 0.840216 21.464316 1.000000
29 -0.733145 0.267672 -1.375744 1.129984 0.102503 0.832415 1.600092 1.792826 -0.008715 -0.400641 8.771264 1.000000
30 2.093245 -0.807839 0.048702 -0.263674 -0.568858 0.435127 -1.773579 -0.353230 0.824357 0.064619 1.789146 1.000000
31 0.846030 0.539018 -0.177507 0.356039 -0.044804 -1.194802 -1.732146 0.040452 -0.221738 -0.766979 0.320623 1.000000
32 0.641412 -0.312671 0.601286 0.551823 1.150901 -1.167689 0.894741 -0.041219 0.023443 -0.170405 1.010236 1.000000
33 0.351869 -0.390570 -0.091780 0.316360 -1.046948 -1.592580 -1.046111 -0.102271 1.149854 -1.471843 1.881474 1.000000
34 0.930906 -1.796748 1.689531 -0.787943 -0.053264 -2.291867 0.038082 0.366495 -0.018238 0.048690 0.798869 1.000000
35 -0.885107 -0.997287 -0.038588 1.363245 -0.123003 -1.942132 -0.404001 -1.661205 -0.933546 -0.427688 0.520893 1.000000
36 -0.154877 0.012837 1.410086 -0.591742 -0.242936 1.176656 0.502387 0.467290 -0.697647 -1.105996 0.564492 1.000000
37 0.937990 0.625151 -0.232567 -0.274891 0.364023 0.393785 0.240783 -1.012502 -0.467689 -2.029166 0.347729 1.000000
38 -0.401998 2.919528 0.315742 -0.670945 2.415359 -1.396946 1.967135 -0.249111 -0.804439 -1.381960 0.051510 1.000000
39 -0.553091 -1.934134 -0.052919 -0.743625 -0.125472 -0.042054 0.354360 0.438573 1.243118 -0.537977 1.403821 1.000000
40 -0.091328 -1.106724 0.806412 1.261975 0.090455 0.585391 0.597265 -1.429642 -0.561062 0.546464 2.840974 1.000000
41 0.768979 0.662179 -1.458400 -1.078911 2.219308 1.204611 1.707825 -1.102264 -0.338260 -0.105274 0.449501 1.000000
42 -0.255815 3.033758 0.061485 0.188149 -0.037514 -0.986091 1.281479 0.563117 0.891467 -2.394772 1.063865 1.000000
43 0.468916 0.500745 0.023927 -1.459172 0.908288 0.800565 -1.098153 -0.689594 0.588792 1.111979 0.263867 1.000000
44 0.028458 -0.246028 -0.388421 -1.088793 1.252160 -0.429424 -0.329930 1.290923 0.068640 0.822007 8.909900 1.000000
45 0.497161 0.898262 0.123461 -2.667580 -0.498209 0.353245 -0.020528 1.303511 -1.640506 -1.126112 4.373880 1.000000
46 0.868639 0.247052 -0.486126 0.244755 1.459194 0.571109 -0.581023 0.344139 -0.066035 1.476727 1.232300 1.000000
47 0.512257 0.279162 0.062274 1.285002 -1.958814 -1.491994 0.892322 0.816140 -1.196329 -0.025413 8.205898 1.000000
48 -1.813206 0.035044 -0.020381 -0.521167 1.585768 1.549740 -0.023949 1.588965 0.055049 0.262353 2.469844 1.000000
49 0.971088 -1.011835 -0.727465 0.929590 0.202446 0.163728 0.467438 -0.456036 1.363774 -0.457303 3.852601 1.000000
50 -0.275950 0.653464 0.395647 -0.451306 0.346197 -2.555439 0.868094 -0.680183 -0.176436 1.359457 17.128361 1.000000
51 0.237831 -1.303915 0.730458 0.488030 0.554794 0.430249 -1.304315 0.917561 -1.022126 -0.053333 0.799715 1.000000
52 -0.909854 0.406184 -1.699350 -0.273802 -1.311903 0.869327 -0.390377 1.550859 1.773826 1.030846 8.488439 1.000000
53 0.430942 -2.017048 -0.780052 0.918629 0.933270 -0.278995 0.589432 2.082380 0.269820 0.301338 10.327444 1.000000
54 -0.039345 1.457292 1.063269 0.704261 -0.742228 -0.308270 -0.802157 -1.062244 -0.715773 -0.146134 3.275083 1.000000
55 0.562490 -2.041062 -0.582575 0.398605 0.144980 -1.655059 -1.533795 -1.041707 -0.946694 0.563958 1.493901 1.000000
56 -0.120764 -0.981471 0.794247 -0.313690 -0.751444 0.355906 0.103955 -1.615347 -1.642820 -1.304524 1.115615 1.000000
57 -0.633447 -0.003315 0.086723 0.994623 0.979670 -0.606930 0.089157 -0.610158 1.364472 0.767085 2.836547 1.000000
58 -0.767325 -0.024985 -1.909961 -1.001767 1.785206 -0.368081 -1.890977 0.430771 -0.210231 -1.932229 0.512221 1.000000
59 0.006252 -0.818975 0.094026 -0.084993 1.813353 -2.465922 0.836977 1.637859 0.889857 -1.861802 1.678182 1.000000
60 -0.113651 1.575421 -0.293943 0.440357 0.712520 1.673177 -0.041698 0.120281 -0.245257 -0.581270 3.054147 1.000000
61 2.967768 -0.174790 -1.282873 -0.238476 0.517556 0.065585 -0.122365 -0.393164 0.688090 -2.234927 0.525796 1.000000
62 0.152526 -0.638830 -1.622234 -0.345380 -0.025622 1.614890 0.042234 1.335433 0.515256 0.878838 44.034844 1.000000
63 0.244701 1.094894 1.174204 -0.556077 -0.953444 0.157411 1.323105 0.229754 0.447183 -0.780122 2.188021 1.000000
64 0.888788 -0.340434 -0.362430 0.100423 -0.728781 1.411876 0.030046 0.120761 1.001991 -0.028555 3.642211 1.000000
65 -0.530598 0.602019 0.011684 0.714683 -0.269036 0.466192 1.429301 -0.246658 -0.937739 2.942406 9.307099 1.000000
66 0.276828 -0.494632 -1.152197 -0.343735 -0.071613 -0.360552 -0.914868 1.409374 -0.394097 -0.823290 3.921579 1.000000
67 0.625356 0.664786 -2.416285 -0.365486 1.536268 -1.109658 -3.021057 0.397570 0.352234 -2.203151 1.100581 1.000000
68 0.457947 -0.546347 0.959763 -0.150547 0.880539 0.111194 0.396642 0.090440 1.275336 -0.513661 5.452069 1.000000
69 -0.589464 -1.237174 0.871974 -0.939854 0.276428 -0.392171 1.028654 0.618635 0.742560 1.056611 12.846247 1.000000
70 0.983702 -1.024229 1.130022 1.149480 0.926008 0.200942 1.442937 -1.003965 -1.655938 1.116859 0.940753 1.000000
71 0.784204 -0.708910 -0.089998 0.312127 -0.178525 0.835929 0.262144 0.575612 0.283746 1.008282 21.575139 1.000000
72 0.265190 2.065636 1.171800 1.519957 -0.402063 -0.965564 0.590694 -0.136683 0.575332 0.395849 0.137794 1.000000
73 0.134590 2.260846 0.693694 -0.130707 -0.371500 2.011420 2.034171 1.126074 -0.972661 0.011734 4.673178 1.000000
74 -1.615830 -0.280377 0.907508 0.543995 0.333443 -1.170584 -0.873398 -1.069817 0.703846 -0.664621 0.672266 1.000000
75 -0.320545 -1.923020 -0.865175 0.317115 1.025943 -1.375360 1.101710 1.123734 0.150191 -1.691833 1.653960 1.000000
76 1.809032 -1.249001 -0.658443 1.799767 -1.061947 0.085037 0.941999 -0.468696 -1.198843 1.035412 1.040351 1.000000
77 -0.621814 -1.372740 -0.748446 -0.011604 -0.965156 -0.358185 0.655521 -1.439054 1.600911 -1.585001 15.418946 1.000000
78 1.032278 0.284402 -1.549322 1.382996 0.517199 -0.293489 -1.380344 -2.643597 -0.622618 -0.026754 0.407726 1.000000
79 0.021756 0.078959 -1.183646 1.077980 0.192286 -0.266582 -0.912464 -1.818450 1.975035 -1.163260 5.281871 1.000000
80 -0.078953 -1.108871 1.052609 -0.233865 0.118899 -0.193653 0.474129 -0.424270 0.120423 -0.190480 1.630118 1.000000
81 1.587072 -0.155719 0.543610 -0.994753 0.849560 0.952707 0.200884 0.259478 -2.167918 2.149348 4.033623 1.000000
82 -0.178137 0.223210 1.880634 -0.391970 0.078303 0.305610 0.236081 0.662799 -1.177847 -1.059358 0.809150 1.000000
83 1.416842 2.083974 -0.179954 1.341980 -1.500606 -0.480585 -1.782194 -1.850125 -1.489282 0.733230 1.265383 1.000000
84 0.762026 0.420949 0.524543 -0.839487 0.768459 1.013373 -0.095796 -0.213086 -1.320136 -1.523529 1.319935 1.000000
85 2.128115 0.768717 -0.202781 2.336213 0.220118 -1.070847 0.219221 -2.173830 -1.741138 0.032718 1.055450 1.000000
86 -0.704316 -0.141858 -0.312900 -0.600190 2.425321 -0.957135 0.062154 0.271511 0.569367 -0.224224 1.209113 1.000000
87 -1.068194 0.035218 1.020827 -0.200906 0.538636 0.148249 1.325138 1.241028 0.981079 -0.790265 0.831282 1.000000
88 0.933000 2.081214 -1.254000 -1.377754 1.368959 -1.104812 0.347175 1.348248 -1.837446 0.206812 0.382360 1.000000
89 0.065722 -0.496507 -0.126217 -0.118673 -1.373427 -0.435787 0.231785 -0.704966 -0.471798 0.052777 6.925296 1.000000
90 0.199350 1.031652 -0.358487 0.120799 2.045506 0.431213 -0.982301 -1.137338 0.948310 -1.129860 1.511637 1.000000
91 0.536889 0.700571 1.358850 1.402636 -0.084665 0.664330 0.498809 -1.954392 0.266389 -1.172132 0.318571 1.000000
92 -1.039137 -0.146787 0.193295 1.659905 0.959566 -1.232607 1.562832 0.304477 -0.199084 0.575360 1.737862 1.000000
93 -1.505734 1.227784 0.898393 -1.422217 -0.296956 0.624191 -1.139548 0.439128 -0.152375 -0.742684 3.345798 1.000000
94 -0.118762 1.143984 0.274452 -0.375268 0.324699 1.302340 0.562125 0.029625 1.011957 -0.183192 3.951550 1.000000
95 0.467912 1.253657 -0.451393 -0.600780 -1.243281 1.421781 -1.167820 -0.361538 0.455653 1.099779 33.737246 1.000000
96 -0.936614 0.724117 -0.866880 -0.825392 0.366351 0.578960 -0.727276 0.494527 0.385637 0.856675 1.109427 1.000000
97 1.017386 -2.301675 0.733753 -1.142533 -1.126840 -0.899531 1.411521 1.008485 0.380734 0.009110 66.107421 1.000000
98 0.324894 -0.518283 0.500430 -0.343846 -0.887009 0.432815 1.596808 -1.265344 1.783701 0.289184 15.881821 1.000000
99 -1.093561 -0.317080 -1.013625 0.034350 -1.672595 -0.676702 0.015092 -1.849434 1.847589 0.671738 6.223708 1.000000
100 0.599815 0.552347 -0.541730 -1.753377 -0.973959 -1.258177 0.425894 0.212538 1.515329 -0.581959 8.601805 1.000000
uncorrelated Gaussian covariates
missing covariate fraction: 0.000000
no latent classes
   lambda(t|risk 1)=C, <t>=4.000000 for zero covariates
   risk 1: beta[1]=0.100000
   risk 1: beta[2]=0.200000
   risk 1: beta[3]=0.300000
   risk 1: beta[4]=0.400000
   risk 1: beta[5]=0.500000
   risk 1: beta[6]=-0.100000
   risk 1: beta[7]=-0.200000
   risk 1: beta[8]=-0.300000
   risk 1: beta[9]=-0.400000
   risk 1: beta[10]=-0.500000
