0.000000 0.500000
1.000000 0.586400
2.000000 0.623500
3.000000 0.622200
4.000000 0.669400
5.000000 0.678600
6.000000 0.688700
7.000000 0.689900
8.000000 0.710800
9.000000 0.728900
10.000000 0.730000
11.000000 0.735900
12.000000 0.738900
13.000000 0.745800
14.000000 0.761000
15.000000 0.754400
16.000000 0.762000
17.000000 0.767800
18.000000 0.763900
19.000000 0.766800
20.000000 0.767500
21.000000 0.776900
22.000000 0.781200
23.000000 0.777400
24.000000 0.790000
25.000000 0.795700
26.000000 0.804900
27.000000 0.803100
28.000000 0.810900
29.000000 0.808100
30.000000 0.815000
31.000000 0.817700
32.000000 0.818300
33.000000 0.827400
34.000000 0.828600
35.000000 0.835600
36.000000 0.834400
37.000000 0.846400
38.000000 0.839400
39.000000 0.848500
40.000000 0.848600
