N=50
P=80
R=2
1 -0.362440 -1.222244 -1.632317 0.834549 -0.269371 1.221585 -0.435887 -1.012882 2.365823 -0.320837 -0.422130 -0.538760 0.905910 0.559650 -0.315284 -1.650110 0.149756 0.368799 0.432712 1.534772 0.201529 -1.248117 -1.370794 -0.115386 0.520803 -0.926638 0.085685 -0.988569 0.028080 -0.182155 -0.760687 0.661547 1.052798 -0.976347 -0.685546 0.395837 0.681753 0.463937 1.022784 -0.101062 -1.309592 -0.804089 0.732403 1.315014 -2.810146 -0.566691 1.088652 0.173268 -0.101088 -1.869056 -0.244356 -0.663959 0.320505 -1.530613 -0.274993 0.663698 -0.446689 1.277841 -1.787005 2.300524 0.018829 -0.213598 -0.424504 1.364512 1.599486 -0.401223 0.139159 1.127842 0.328945 -0.293709 0.423932 0.071697 1.226179 0.049547 -0.054332 -1.067798 1.632441 -0.509461 0.811318 -0.386791 30.150197 1.000000
2 0.822122 0.652713 0.819833 0.112232 0.202950 -0.156664 0.050591 0.043081 0.747461 0.784352 0.590953 -1.564505 0.339227 1.062941 0.599093 -1.072000 1.013752 -0.317370 -0.857524 -0.285453 1.683537 -0.114698 -0.604376 -0.441600 0.543898 -1.340603 -0.309113 -0.108672 -0.368851 0.356035 1.616504 0.716488 0.016440 1.565037 -1.056709 -0.559297 -0.063983 0.473847 -0.898283 0.543784 -0.293740 -0.529919 0.122502 0.282043 -0.271928 -0.849600 -0.454788 -0.159191 -0.705436 -0.880182 -1.738341 -0.813819 -0.206237 -0.812815 -0.595466 -0.913349 -1.464470 -1.913516 0.576041 0.447519 0.863094 0.419879 -0.705387 0.164681 -0.236804 0.472871 -0.761914 -1.479183 1.761392 -1.153798 0.574491 1.217353 1.198855 0.757228 -0.225816 0.072562 1.300379 0.302394 0.192369 -1.374475 5.016304 1.000000
3 1.249268 1.400837 -0.121416 -0.327974 0.195755 -0.262733 -1.105176 -0.296438 0.312556 -2.652092 -0.976822 0.544835 -0.519578 1.247073 -0.767160 0.903475 -0.637998 -0.244790 -0.448971 -0.694307 1.572370 0.265604 -0.601902 -0.575221 -0.581474 -1.930481 -0.876451 0.925402 0.134980 1.441201 0.955013 0.379448 1.118316 3.251575 0.468331 0.769519 1.056730 -0.228143 0.334502 -1.909687 0.960106 0.477554 -0.016170 -0.959740 0.831201 0.460052 -0.955309 -1.313286 0.247982 0.601857 -0.179426 -0.309713 0.768357 1.261493 -0.610754 -1.161973 -0.028460 -1.195895 -0.678511 1.748634 0.534676 0.010956 0.106342 1.999300 0.009672 -2.728553 1.093918 -0.152377 3.202127 -1.520180 1.019944 0.018597 -0.199457 1.378788 -1.512078 0.123264 -0.247162 0.048957 -1.040199 -0.594536 0.179700 1.000000
4 1.473413 -1.241134 0.516814 0.574902 -0.086559 -0.395685 -0.626668 -0.079415 -0.948618 -1.320860 -0.571571 -0.980604 1.359307 0.587993 -1.220304 2.540403 1.756665 -0.609963 -1.218397 2.907847 0.662981 -0.134066 -1.349458 0.586780 0.492528 -1.261809 -0.830613 -0.197453 0.934533 0.255833 -0.606821 -0.094432 0.910206 -0.501053 -0.208183 0.404120 -0.757605 -0.513427 -0.210663 -2.166316 -0.112272 -1.736791 -0.984605 0.646093 -0.334841 0.144918 -0.833716 0.975153 0.776935 -0.203304 1.740429 0.110134 1.016290 -0.392727 0.604372 0.829962 1.117258 -1.039719 -0.133195 -0.184569 -1.990159 -0.337022 0.634973 0.394125 -0.322589 0.385643 -0.202254 -0.783299 -0.422606 -0.777271 -1.028066 -0.103483 -1.341823 -0.064659 1.883820 0.157839 0.548588 0.154619 -2.574786 -0.199652 0.545542 1.000000
5 -1.286455 -0.282756 0.479519 -0.804931 0.422834 -0.262294 0.679893 -0.498392 1.522754 1.420681 -0.337247 0.381347 0.846028 -0.660942 -1.275441 0.458301 0.188240 -0.442039 -0.165561 0.630070 1.320879 0.155200 0.486126 -0.781920 0.447664 -0.643055 -0.860621 -0.630205 -1.337042 -1.114375 0.057295 -0.873257 -0.864337 0.056466 0.964462 0.251934 -1.435519 -0.336761 -0.404910 0.650823 -0.812141 1.709295 0.003991 0.633779 0.025320 1.726323 0.004079 1.307776 -0.984740 -0.189521 0.076849 -0.175473 -0.074884 -1.555385 0.957049 -0.209470 -0.711006 0.992428 0.326309 -0.691575 -0.100340 0.420372 0.960471 1.776155 0.573956 -0.705945 0.542872 -0.459982 0.719710 -0.844055 0.364876 0.698167 -0.905229 -0.047860 -0.293727 1.213710 -0.537062 -1.067287 0.958081 0.109179 13.171134 1.000000
6 -1.611249 0.553965 0.414941 -1.653766 -0.605164 -0.241691 -1.554410 -1.239244 1.062753 0.839418 -0.579788 -2.517835 0.685986 1.478836 -0.408360 1.900990 -0.826795 -0.494883 0.677110 -1.242140 -1.575889 0.431600 0.584882 0.667674 1.544948 -0.394126 -0.156682 -0.775156 1.033991 -0.672766 -0.291322 -0.339522 1.001820 1.265548 0.505365 0.652823 -0.619314 -1.054154 -1.293491 -0.459929 0.548864 0.159300 -2.019077 1.139082 0.895192 -1.972418 0.169560 -0.583023 0.712506 -0.557526 -0.540162 -0.591895 0.998091 0.879736 -1.411587 0.283773 -0.491343 0.229402 1.146590 -0.058729 1.857228 -0.695590 2.110497 1.271694 -1.211064 0.644613 -2.350268 0.991318 -1.649005 1.096991 1.920938 -1.539852 0.413436 -0.326305 -2.302332 -0.115509 -2.467751 1.376747 1.246510 1.338722 1.217264 1.000000
7 0.041934 0.353080 0.431537 0.177824 -0.920724 2.014874 0.772175 -1.433588 -1.102700 -1.279112 -0.750358 0.157796 -0.027081 -0.225957 -0.751509 -0.532634 0.806480 -0.130468 0.393834 1.041224 -0.653688 0.098206 -1.477807 0.083052 1.574443 0.684777 -0.164053 -1.247142 0.037180 0.815501 0.895235 -1.457284 0.374237 -0.645079 -1.361959 0.023736 0.592164 -0.087467 -1.005141 -2.798282 2.030497 -1.216487 -1.150289 -0.703194 -0.731992 -0.741577 0.662245 -0.153756 1.032364 -0.508471 -1.029956 -1.495988 1.006204 0.657576 -1.116279 -0.469780 0.160321 -1.108575 0.218737 0.617536 -0.606408 0.671775 -0.321350 -0.988641 -0.165404 -2.274831 -0.469248 0.373669 0.115722 -0.029200 -0.463082 -1.144656 0.408447 -0.789116 1.056872 -2.336008 -0.608629 -1.966466 -0.895376 1.900221 7.902723 1.000000
8 0.661898 0.831006 -1.762598 -1.325119 -1.847815 1.131034 -0.563028 -0.849528 0.216671 0.625332 -1.829807 1.299902 -1.534779 0.417549 -1.667127 -0.002893 0.822015 2.320584 0.765114 0.417891 -2.151415 0.513197 0.661037 -1.132613 -0.597637 -2.131853 1.224593 -1.526427 0.310878 -0.232707 -0.401765 -1.350423 0.480884 -0.185752 -0.114543 0.927564 0.199936 -0.637672 -2.392654 0.528607 0.667702 -0.492600 0.343746 -1.502797 0.338020 0.200244 -0.081179 1.000156 -0.110633 0.982631 -0.594936 1.215570 -0.507495 0.552996 -1.163464 0.761791 -0.215466 -1.166201 -0.275966 0.311862 0.746968 0.180594 1.813194 0.426406 0.212735 0.956368 1.120447 -0.316524 -0.475461 0.829935 -1.715368 -0.049360 2.896329 -0.059800 1.740410 -1.587020 0.612379 2.426737 0.011134 -1.612029 21.231414 1.000000
9 -1.099040 0.107325 1.195164 0.955560 1.944213 0.899051 1.886407 -0.876826 -0.093772 -1.148578 2.423533 -0.927974 -1.107478 -0.807563 2.977700 0.330499 -0.906827 1.438228 0.456218 -0.363509 -0.810768 -2.191100 -0.236565 -1.019082 2.101231 0.998974 -0.645523 1.364732 0.534460 1.185152 0.374696 1.154158 0.584649 0.133213 0.372370 0.410354 0.791947 0.172512 -0.450794 -0.005169 -2.219855 0.566477 -0.488161 -0.776018 0.882865 0.660455 -0.307410 -0.180100 -0.844195 1.024767 0.979713 -0.323754 0.598530 -0.705575 1.879244 0.683496 -1.934117 -0.746948 -1.056846 -0.831747 -1.329426 0.764232 -0.119224 -1.936953 -1.343632 -0.465191 0.636404 -0.895989 0.846338 1.484742 0.249688 -0.923819 1.605962 -0.320799 0.737817 -0.596901 -0.102391 1.080625 1.031311 -0.533698 3.071995 1.000000
10 -0.831918 0.922640 -0.704005 -0.345154 0.581268 -1.005440 0.007848 -0.721664 -0.580394 -1.253364 0.372960 -0.255574 1.421382 0.544731 -0.652141 1.481439 0.378793 0.393465 0.917011 0.244923 -1.363100 0.953357 -0.531379 0.363296 0.565822 0.465437 0.042518 -0.970658 -1.004001 1.026621 -1.033299 0.147338 -1.416512 -0.521638 1.503880 -1.685452 -0.753580 0.559283 0.622922 -1.516357 1.334942 0.918688 0.118749 0.028577 0.311177 0.638057 0.718471 0.021384 1.218974 0.683073 -1.823572 -0.796201 0.998279 0.692769 1.289734 1.064501 2.187831 -2.322291 -1.082342 0.111038 -1.904155 -0.029089 -0.252801 -0.426190 -0.713521 -1.719512 -0.884345 -0.365342 0.998946 0.086281 -2.715705 0.707668 0.032162 0.669471 -0.466945 0.614750 -1.933469 -1.125252 -0.239631 0.132224 0.468460 1.000000
11 0.013375 -0.769306 0.219615 0.325937 -0.776151 1.056133 0.596062 0.954762 -0.556474 0.438102 0.156630 1.822044 -0.201779 -0.199632 0.481145 1.707090 -2.274993 0.585513 -2.122442 1.150093 0.444065 0.786753 -0.575693 1.064102 1.234589 0.630298 1.504987 -1.534187 -0.717414 -1.232779 -1.909522 -0.834732 -0.421027 0.272897 -1.562500 0.081242 0.118591 0.159003 0.367590 -0.213494 -0.163529 -0.201711 -1.621639 0.908859 2.386634 -0.730144 -2.161661 0.834578 1.204749 -0.109466 0.021456 -0.705746 -0.044227 0.202514 -0.387957 -1.098691 -0.905874 -0.307019 -0.355938 -1.514759 -1.621778 1.696757 -0.091299 0.331582 1.149650 -0.463417 -0.429675 1.582796 0.431465 0.011889 0.335574 1.433824 0.218745 3.017231 0.650430 1.676326 -1.007582 0.591579 -0.149165 0.126817 33.915939 1.000000
12 1.495900 1.415233 -0.976114 0.297895 0.766267 0.031629 0.096607 0.200669 0.176493 -0.604655 0.239516 -0.833289 -0.113620 -1.263894 1.728484 -0.504475 0.172243 0.359740 1.128582 -0.374562 -1.230088 0.671071 -0.235882 -1.087433 0.370721 -0.565690 -0.375676 -0.543929 0.447383 -0.660826 0.489539 -1.059793 -1.318816 -0.097291 -0.924911 0.531666 0.648419 -1.956397 -0.257295 0.044090 0.709172 1.600338 -0.163363 -0.275385 1.052550 -0.772693 -0.376269 0.632903 0.367128 -0.876145 0.389072 -0.614470 -1.714273 -1.356352 0.649181 0.066664 0.639385 0.997916 -0.103976 0.223085 0.631319 -0.325985 1.006836 -1.625468 0.115840 0.413490 -0.616453 -0.864835 -0.025582 -0.309556 -1.879310 1.065899 -0.140841 0.872108 0.457463 0.290339 0.077763 -0.196445 -0.228542 -1.118511 0.320982 1.000000
13 0.005935 0.062779 -0.210198 -0.946443 -1.239986 -0.498019 0.251101 -0.240045 -1.211791 1.689845 0.765069 0.657911 -0.811174 0.362433 2.176179 -0.138230 -0.353103 1.703243 -2.116657 -1.151783 0.271028 0.071001 0.052613 -0.047470 -0.489685 1.547228 -0.347644 -0.433147 0.179956 -1.771943 1.075211 0.938759 0.439453 -1.182300 -0.495499 -0.502749 0.471462 -1.259636 1.271829 0.348530 -0.093078 -2.032737 2.182978 -2.191546 0.022769 1.869685 1.633715 -0.885964 0.003377 -0.276374 0.473005 -0.434621 -1.028590 -0.375260 -1.741335 -0.383307 0.006990 0.017672 -0.786405 -1.097432 -2.422918 -0.038981 -1.404106 -0.217429 -2.347165 0.834633 -0.616949 0.110019 -0.595056 0.082690 -0.349336 -1.139865 -0.818309 1.216136 -0.121608 0.604129 1.045670 0.145923 -1.488956 -0.852313 5.392829 1.000000
14 -1.659147 0.476186 -1.939583 -0.173964 0.524694 -0.982969 -0.107271 1.542559 0.049472 -0.968502 0.082524 -1.624717 -0.901774 0.737514 0.555469 0.523062 -0.833415 0.911244 -0.193770 0.260294 0.314022 -0.575741 -0.117314 1.041528 0.614559 0.135288 0.034047 0.990247 0.471714 -0.103774 -1.017855 1.256787 1.495675 -0.973356 -0.073954 1.117119 1.111995 1.577565 1.200102 1.557051 0.507931 0.242479 -0.152060 1.408720 -0.340545 -0.559666 -0.145420 -1.340341 1.469389 -0.581254 -1.011860 1.641547 0.278499 0.442684 -0.074178 -0.316089 1.248073 -0.635616 -0.143465 2.352310 0.001813 -1.033532 1.835709 -0.091479 -0.366079 0.391501 -0.717542 -0.198053 -0.369526 -2.188686 -0.418608 1.333575 -0.306438 -1.121703 0.468635 1.419842 -0.231964 -0.632187 -0.305711 -0.470330 11.286811 1.000000
15 -1.541834 0.573784 -2.215541 -0.321173 0.295181 -0.164238 -0.745085 1.043970 -0.968552 1.493366 0.471682 0.167714 -0.759710 1.788906 -0.695551 0.216773 -0.901465 -0.526728 1.914451 0.278195 0.645205 -1.469405 0.238843 -0.444276 0.444293 0.283219 0.201781 0.344847 0.296871 0.244445 -1.526425 -0.458861 -0.261212 -0.451628 -0.258036 0.568654 0.596676 -0.741225 -1.890892 0.498683 0.134383 -0.860760 -0.179533 1.125166 1.141539 0.220350 1.474148 2.266604 0.185971 0.267895 0.016039 0.858842 -1.173413 -0.253500 -2.802052 -0.773359 0.842581 -0.098093 -0.076474 -2.271204 1.277905 0.359510 2.260656 -0.766751 0.270946 -1.219227 0.876081 -0.286357 -0.418100 0.736582 -1.252870 -1.328052 -0.255347 1.406703 0.597545 0.859226 0.378167 -0.035411 0.546561 0.516771 116.837601 1.000000
16 0.126197 1.128409 0.739663 0.633368 1.490871 -0.549231 -0.401733 -0.241496 0.551800 -0.116666 -0.991356 -1.205662 0.425879 -0.826196 -0.191238 -1.602680 -0.128486 0.085480 0.054817 -2.084447 1.094247 -0.949474 -0.037945 0.027595 -0.493718 0.050691 -0.191943 -1.581622 -0.066640 -0.788109 -0.825896 -0.117957 -0.891409 -0.903270 1.204556 1.825265 -1.911091 1.916185 0.232587 -1.200624 0.213446 -0.085471 -0.422535 -1.332219 -0.237710 -0.467630 1.222008 -0.599910 0.574639 -0.697717 0.513888 0.925585 0.720325 0.975067 0.783862 -1.197823 -2.504318 1.062187 1.033542 0.105955 -0.269550 -0.164128 1.450267 -1.731524 -1.143215 1.855369 0.243354 -0.239218 0.327619 0.884011 1.476956 -0.930660 0.518848 -2.017935 1.067034 0.945957 1.327897 -0.336804 -0.904392 0.921622 0.011842 1.000000
17 -1.168829 -0.078542 -0.579008 0.177160 -0.819462 0.194779 -0.699769 -0.131735 0.467095 -0.234136 -0.848537 0.818273 0.728735 0.333243 -0.451481 -0.193620 0.469558 -0.703570 -0.530347 2.082902 0.341633 1.000744 -0.539028 -1.442862 -0.252982 1.250146 1.085162 -0.050851 0.114197 -0.103822 -1.018323 0.851213 -0.357378 2.325178 -0.330975 -0.087015 -0.311708 0.470099 0.233937 0.728325 -1.180000 2.602555 0.617407 -0.380005 -1.406726 1.790534 -0.205439 -1.568921 0.621878 -0.980845 -0.988671 -0.755320 -1.043152 1.764154 -0.058375 1.392401 1.320417 0.489748 0.181397 -0.153888 0.946705 -0.071868 -1.378104 0.733606 0.248178 -0.148467 -0.671650 -0.441373 -0.227811 0.843471 -0.568681 0.052104 0.390857 -0.225501 0.372573 0.177775 -0.466948 0.651970 -1.886007 0.644846 1.037314 1.000000
18 -1.694678 -0.299972 -0.603395 -0.419618 1.297970 1.324808 -0.357847 -1.230800 2.127319 0.462451 0.802587 -2.186780 -0.331428 -0.423295 0.293222 1.165997 -0.043875 -0.570301 -0.538544 1.098533 1.516298 1.940129 0.287587 -0.471277 -0.037541 1.233009 0.090210 0.793299 1.766228 0.978971 0.378322 -0.962542 1.157982 0.031412 0.658875 0.403187 0.308091 0.623373 1.943697 1.042842 1.395884 -0.825212 0.125149 0.810652 -0.807485 -0.711124 -0.619117 0.491630 0.677376 0.114115 -1.315710 0.198146 -1.047332 -0.090772 -0.745635 0.890000 -1.266706 -0.247947 -0.224906 -1.088694 0.865247 2.159935 -0.364434 1.033314 -1.191262 -1.506225 -0.054051 0.678422 -0.476049 1.884387 0.761712 0.924240 1.343508 0.049975 0.569307 -2.249932 0.021303 0.655181 1.062161 0.704600 36.323347 1.000000
19 0.141597 1.695573 1.171428 0.355803 0.230899 -0.265268 -0.388896 -0.522285 -0.403769 0.798603 0.537486 0.224345 -0.571955 0.276066 1.390130 -0.544903 -0.250138 0.866875 0.491722 0.198948 -0.065282 -1.609388 0.842054 -0.866802 -1.087910 -0.733004 0.064771 -0.269393 -0.774132 -0.992947 -0.773063 1.204673 1.151599 -1.318177 -0.332500 -1.561576 0.544759 -0.627414 -0.163679 -0.702297 -0.059794 0.914937 0.236913 -0.197428 -0.007945 -0.802965 0.203910 -2.519338 -0.479592 0.330556 -0.746069 0.709682 1.571758 -1.059971 -0.919504 2.187665 0.074446 -0.115617 0.400125 -0.712276 0.615068 0.283941 0.960331 1.116572 0.025535 -0.346553 0.853590 -0.406430 -0.083816 -1.446982 1.634541 -0.642820 0.382555 0.487204 -0.168969 1.612196 0.497414 -0.108573 1.606188 0.968993 0.068535 1.000000
20 -1.068112 1.866976 -0.521859 0.247948 0.789081 0.752327 0.778675 -0.101151 0.386191 -0.086037 -0.867869 1.368330 0.922851 -0.266904 0.175344 0.358961 -1.562617 -0.922673 0.913730 -0.090951 -0.196335 0.182200 1.924510 -0.617073 -0.264895 1.496889 -1.442365 -0.892550 0.696180 -0.866699 1.072105 0.172168 -0.639332 -0.868260 -0.093719 -0.099788 -0.863343 -0.397585 -0.476759 0.397312 2.058835 -0.657106 -1.119787 0.899334 -0.562806 1.771645 -0.331368 1.006570 -0.294691 0.731713 -1.627178 0.704947 -1.663660 0.939959 -0.147144 0.058836 -0.940743 0.883914 0.947395 1.442242 0.231771 -0.989047 -0.641371 -0.661954 0.559770 -0.083807 -1.700307 -1.292153 0.821222 -1.907753 1.238285 0.522223 0.220000 1.533889 0.215149 -2.215501 -1.305909 -0.075879 0.293301 -0.224401 4.173973 1.000000
21 0.045280 0.382903 -1.129659 0.288187 0.936727 2.761026 -0.835036 -0.159826 1.542910 0.971641 0.380871 -0.947200 -0.206283 0.031610 -1.397346 -3.186633 -1.853954 -0.729141 0.405126 1.593672 -0.972573 -0.140632 -0.522571 1.004558 1.437461 -0.252324 -0.814254 0.844389 0.557275 -2.519142 -0.102677 0.613251 -1.257740 0.706263 0.443049 0.295450 -0.875831 -0.424881 -1.752675 1.416515 1.470800 -0.214031 -0.652399 1.858716 0.514133 0.901829 1.112406 0.037333 -0.842428 1.107790 -0.533893 1.170334 -0.529382 0.156466 -0.568022 0.667055 -0.204872 -1.006905 0.201309 1.251880 0.889384 0.310881 0.559083 -1.803904 0.458026 0.223161 -0.877634 -0.354876 0.118955 0.587677 0.039770 -0.176619 -1.251030 -1.191235 1.751290 0.294710 1.375370 1.164268 1.506017 -1.483764 87.955201 1.000000
22 1.757358 -1.477837 -0.271268 -0.589976 1.322012 0.336733 -0.991021 -0.125782 -0.336623 0.276450 0.403163 -0.428410 -0.394831 0.165240 1.082608 -1.059824 0.647987 1.120582 -0.944957 -1.986872 0.489692 1.388825 1.338394 -1.795592 -0.734153 0.165821 0.539786 -2.651335 -1.148031 0.925853 -0.555888 0.724763 1.719790 1.223563 1.809822 0.516534 1.573017 -1.380213 -0.502073 -0.435555 -0.794779 0.388250 0.769205 -1.313157 0.603218 0.907575 0.587759 -0.949056 -1.131959 0.610405 -0.001249 -0.068670 0.837015 -0.043742 -0.600299 0.346555 -1.494363 1.237673 2.692092 0.547720 1.321364 -2.395464 0.726317 0.437605 0.222459 -1.558644 0.054919 -0.813764 0.552701 -0.860847 -1.988681 -0.237305 1.278371 -0.651014 -0.490445 0.864259 1.314756 0.440440 -1.144807 -0.153278 12.423858 1.000000
23 -0.790761 1.246954 -0.542439 1.546090 0.709130 0.985586 0.261574 1.053028 -0.688332 -1.878316 0.049152 0.682595 -1.042542 -1.325477 0.184691 0.273228 -0.549619 0.255006 0.309892 -1.057404 0.234945 0.331215 0.404291 -0.896087 0.345786 -1.564675 0.492274 0.078866 -1.167495 -0.627895 -0.176091 -0.751293 0.225519 0.362792 -0.120399 -0.474401 0.884712 0.364803 -0.521709 -0.404723 0.417139 0.707062 0.570712 0.166384 0.925349 -0.777380 1.869824 0.430352 -0.740225 0.516374 1.578839 -0.988348 -0.601766 -1.299426 0.709507 0.092561 -0.580844 -1.640763 0.190287 -1.342834 1.278506 1.252149 -1.090548 -1.582199 1.815070 -1.133651 -0.023552 -1.474870 -0.232457 0.149669 -1.444250 -0.292803 0.371417 0.007594 1.284824 -2.885343 -2.164392 -0.373115 -0.186358 0.962807 0.394443 1.000000
24 2.273824 -0.283607 0.349170 1.481808 0.979876 0.787978 -0.053928 -2.273871 0.949638 -0.223038 -0.803851 -0.373650 -0.725322 -1.605160 0.243274 1.049732 0.894234 -0.646380 -1.490277 0.241838 -2.637369 -0.423683 -0.858442 -0.027249 1.304637 0.153888 0.170422 0.049181 -1.958847 -1.700334 0.557885 -1.754350 -0.486654 -1.415124 -0.207413 -0.881627 -1.866016 0.489441 -0.946984 -1.416867 1.480785 0.123788 0.193636 -0.105492 -1.645336 0.381941 0.135568 -0.343748 3.577726 0.900494 -0.411706 -3.946927 -0.112711 -0.266054 0.737467 1.930548 0.267226 -0.359860 -0.240546 -0.030822 1.557755 0.149840 1.141696 1.249200 1.375864 -0.892604 -0.341245 -0.468759 0.172384 1.353980 -0.788893 1.215898 0.878585 1.508742 -0.456072 -0.148599 0.368837 -0.948030 0.848522 1.473589 0.480311 1.000000
25 -0.977677 -1.853193 1.390037 0.007195 -0.827098 1.258530 -0.144347 0.322218 -0.078512 -0.594302 -1.129928 1.268591 -1.299493 -1.227504 -2.085791 0.050493 -1.400604 -0.214163 0.026826 1.184996 1.194752 -0.478409 -0.032422 0.047105 0.175980 -0.777311 -0.256850 1.360491 0.453340 -0.442368 1.875405 -1.214416 0.566768 -1.299668 1.608401 0.873405 0.547417 0.038413 -0.003326 1.067009 0.149104 0.737439 -0.031294 -0.753233 0.890073 -3.006446 -1.281968 0.846645 -0.297116 -0.376407 -0.346854 0.836244 -1.108276 2.174273 -0.164370 0.509934 -0.856325 -0.600547 0.754283 0.990317 -0.207341 -0.929898 0.937389 -0.393855 -0.499094 -0.337012 1.348599 -0.937581 -0.077154 -0.228188 -0.347736 -0.348809 0.875350 -1.496161 -0.102610 -0.144967 -1.516819 0.808425 0.463088 -0.625266 0.649250 1.000000
26 -1.166454 0.755511 1.059263 0.213751 -1.838624 -0.285069 -0.057823 0.480791 0.423135 -1.015262 -1.217740 0.226262 0.097884 0.156522 0.796619 1.548880 -1.010741 0.402635 -1.781935 -0.613845 2.350696 0.556427 -0.949106 1.899443 -1.099840 0.972832 -2.018352 0.677698 -0.139178 -1.459329 -1.564290 0.512801 -0.760137 -0.982081 0.291500 -0.297205 -1.072788 0.020971 -1.032391 -0.431303 0.093405 0.335148 1.110055 0.374617 0.190720 -0.003393 -0.020567 -0.175715 -0.598897 -2.311821 0.934389 -1.347972 -0.098510 -1.340087 -0.563929 -1.256426 0.456817 -0.276727 -0.152785 1.322636 -1.348580 -1.034768 -0.300835 -1.051367 0.329784 2.554668 -0.344489 -1.172364 -0.252241 -0.194089 -2.616390 0.325496 0.113533 -0.440139 0.542052 -0.173500 0.561078 -0.534009 -0.519894 1.033528 0.211027 1.000000
27 -0.684230 -1.736893 0.300350 -2.021254 0.524413 0.026423 -0.006770 0.763407 0.943398 -0.347253 -0.139392 1.640211 -1.845290 -0.118920 -0.401219 -1.709862 1.189480 -0.417398 0.105577 1.465410 -1.395711 -1.384544 0.369003 0.324037 0.692917 -0.825112 -0.317430 1.188623 -0.124846 -0.840757 2.433557 0.361993 1.266972 1.726136 -0.809146 -0.894112 1.005104 0.081241 -0.118689 -0.583670 0.000203 0.074905 -1.004639 0.280677 -0.531619 -1.649159 0.380567 0.324208 0.184961 -0.246984 -0.523246 -1.169444 0.506547 1.294616 -0.799937 -1.029892 -1.049868 1.661282 0.367448 -1.791247 -2.612446 -0.247039 -0.085441 0.802837 -0.972886 0.214294 -0.854060 -1.388755 -0.811385 0.373288 -0.389269 0.039991 2.176946 2.130159 -0.869592 0.715528 -0.243302 -0.289287 0.052832 1.036724 108.740027 1.000000
28 0.302337 -1.241213 -0.854420 0.192787 -0.066606 -0.215448 0.182471 -1.103874 0.474501 -1.026416 0.663087 -0.368616 0.992788 -0.184402 2.082066 0.198826 0.377633 -2.046634 -0.027315 0.314681 -0.256364 -1.052874 0.103367 1.519457 -0.009334 0.079644 1.061344 -0.621911 0.543029 0.051521 2.459917 1.848407 -0.233735 -0.579740 -0.758496 0.824407 -1.320924 0.020098 -0.752765 -0.565718 1.213533 0.306793 0.247726 1.960175 -0.851665 -0.628019 -2.138281 -1.107735 1.201021 0.878386 0.637484 -0.256027 -0.478249 1.449524 -0.332656 1.802610 0.436646 -1.119620 0.262167 -1.042135 -1.503336 0.078825 -1.004930 -0.038912 0.476944 -0.481377 0.549333 -0.601123 0.624446 -0.879400 -0.233909 0.293800 -0.538808 -0.951743 0.082371 -0.418297 -0.542901 -0.116122 -0.386626 -2.561858 2.175166 1.000000
29 0.530990 0.252907 0.536346 -0.186339 -0.621873 -0.151276 -1.839359 -0.956569 -1.436733 1.319846 -1.708331 0.156586 0.133500 2.049688 1.676222 1.401526 -0.587531 -0.037179 0.933679 -0.433296 0.492503 -0.144610 0.383533 2.017794 0.901461 0.368897 -0.341330 -0.514703 -0.178900 1.239967 0.054393 0.050849 1.019359 0.808981 -0.687375 0.909245 -1.208541 0.420311 -0.398955 -0.177892 1.125945 1.949235 -1.667916 0.993973 1.624752 -1.327965 -1.048866 0.383683 -0.830450 0.189078 -0.566747 1.340284 0.074984 -0.265785 0.162059 -0.378472 0.627061 0.725237 0.617572 -0.993015 -1.916221 -0.590400 0.606666 1.347333 -0.926077 0.455033 -0.051048 -1.709326 0.139500 -0.334204 -0.613628 -0.106423 0.539753 -0.441922 0.125243 -0.159600 -1.056707 0.002391 -0.410913 -0.648111 0.944439 1.000000
30 -0.140468 -0.115767 -0.329153 1.120049 -0.737743 0.840125 0.977571 -0.426187 0.739845 0.438058 2.584658 -1.158406 -1.062221 -0.968171 0.733299 -1.673134 -0.479031 0.739916 0.424442 -0.244018 0.932515 -0.782623 0.241699 0.641000 0.201803 -0.761762 0.774695 -0.917182 -1.524173 -0.190905 1.586694 0.259883 -0.611273 0.905506 -0.244276 -0.830736 0.102762 0.156163 -0.208549 -0.931144 -1.042605 2.650410 0.667685 0.291988 -0.224981 0.802976 -0.166200 0.915319 -1.756764 -1.312920 -1.565228 -1.357003 1.723587 -0.458289 1.317246 0.926904 -0.296671 0.266797 -0.253745 -0.529941 1.129373 -0.936418 -0.864635 1.457144 -0.726035 0.172419 -0.362006 -1.460821 -1.152019 0.267800 -0.158276 -0.518024 0.533800 -0.158043 -1.583554 -2.567937 -0.162210 -1.040941 1.263892 0.734506 15.311738 1.000000
31 -1.479772 -0.040795 -1.236869 -0.568963 -0.237763 -1.598695 0.273592 -0.250501 0.124622 0.159780 1.464498 0.123060 -1.279824 -1.134127 -0.423360 -0.025018 -1.039535 0.547471 -2.722108 -0.891741 -2.226136 -0.121834 0.361965 0.353621 -1.896615 -0.299071 -0.253770 1.376100 -0.718615 0.390854 -0.650862 2.207365 -1.644188 1.800995 -1.429539 -1.252482 0.412533 0.458026 -0.382754 -1.043425 -0.373798 -0.188329 0.015619 0.320077 -0.217420 -0.394908 0.682548 -1.617415 0.204989 1.867144 1.075294 0.698667 -0.687156 0.571498 1.727456 1.840400 0.102437 0.106209 0.857525 0.546749 0.344859 -0.413557 0.760145 -0.771009 0.559918 0.299604 0.454428 0.581549 0.187745 1.353643 -1.273613 1.166369 1.867293 -0.439433 -0.062196 0.513969 -0.995511 0.490204 -1.219249 -0.439166 2.512661 1.000000
32 0.380770 -0.125914 -2.845246 0.063910 2.301282 0.950317 -0.759315 -0.525824 -0.871934 -1.321676 -0.438364 0.103930 1.211250 -0.330169 -0.240621 1.016413 -0.677072 1.242800 0.151719 1.175258 1.358666 -0.291570 -0.419596 0.038233 -0.379916 0.641219 -0.481676 -0.490169 -0.641334 -1.724286 1.063902 1.305179 1.712750 -0.072511 0.008610 -0.289675 0.269938 0.203769 0.060224 0.678586 0.080004 -0.881835 1.255621 -1.334075 2.017821 0.577326 0.206776 0.866366 -0.949607 0.631872 -1.143009 -0.221181 0.897255 2.141837 0.772034 -0.163745 0.633597 -1.957868 0.151944 -2.034908 -0.630548 -0.169153 -0.157716 0.844702 -0.824835 -0.426840 0.571303 0.918163 0.723209 -0.222763 0.259549 1.118026 0.044727 0.022813 -1.971833 -1.098433 -1.838397 -0.223680 1.183724 -0.081331 1.285004 1.000000
33 -1.008902 -1.432027 -0.761179 -0.342245 0.259491 0.406358 -0.140002 -0.299963 0.445937 0.143529 -0.994322 0.175488 -0.764908 0.331648 -0.180701 -0.380349 -0.262283 0.589787 -0.400312 -1.121715 -0.215346 -0.293389 0.642428 -0.286933 1.679643 0.399343 -0.605434 1.570942 0.159879 0.932355 1.147867 -1.188749 -0.683580 1.056401 0.347398 0.163278 -2.351787 0.062157 -0.907965 0.606347 -0.605033 -0.942096 -0.502148 -0.308219 -0.979498 -0.121415 1.204128 0.221659 1.511801 -1.776016 1.938962 -0.345038 0.450176 -1.432429 1.711547 0.297201 1.535960 -0.147754 2.201422 -0.251723 -1.582035 -0.557068 -1.412746 -1.121255 -0.266449 -0.352048 0.195198 0.058895 -0.068833 0.851084 0.230135 -0.739711 0.439045 1.410665 -0.250949 -0.650956 1.168225 -0.167391 0.266247 -1.618836 1.959093 1.000000
34 -1.297663 1.176910 -0.360825 -0.414781 0.543536 -1.228284 1.528034 0.833365 1.218947 1.886116 -0.639817 0.370909 0.357971 1.019723 0.590724 -2.006576 -0.607100 0.319725 0.425434 -0.745373 -0.687212 1.075938 -1.058422 -2.430941 -0.631212 -1.093269 -1.140973 -0.839592 -1.055093 0.205240 0.648825 1.788121 -0.145991 0.113096 1.067128 -0.841719 0.234854 -0.249715 1.472364 -0.582103 0.051036 -1.654285 -0.183753 0.091034 -0.779933 -0.807773 -0.444534 0.354691 0.708943 -0.124594 0.102641 -1.457527 -1.483314 0.752463 -0.015607 0.547322 -0.340125 0.596507 0.322060 -0.887651 -1.117425 0.098599 1.161350 -0.271563 0.449049 -1.105634 -0.032085 -1.163983 -0.832350 -2.031660 -0.342981 0.023330 1.596353 1.715941 -2.365495 0.912299 -0.227522 -2.167946 -1.306767 0.799403 14.468862 1.000000
35 -0.287289 -0.761131 1.112340 0.653417 0.384844 -0.316560 -1.438488 -2.529837 -1.684501 -1.276105 -1.242120 -1.890428 0.533928 0.592325 -0.045922 0.886087 -1.802960 0.240580 0.685305 0.804448 0.619196 -1.748623 1.510270 0.640680 1.026748 1.011931 -0.555534 0.577646 1.580154 1.694381 -0.263189 0.648827 -0.626006 0.420598 0.700897 1.131765 0.401194 2.009488 1.395964 -2.889505 0.645934 0.608266 1.585204 1.472410 0.314301 -0.921686 0.751033 0.347728 1.507340 0.209735 0.217385 0.910011 0.266384 -0.312405 1.948937 0.739408 0.359824 -2.656795 -0.692716 -0.426341 -0.688239 1.375431 0.556021 0.160413 -1.620096 1.355533 -0.723359 -0.213655 -0.240175 0.305254 1.945943 0.032419 0.569954 0.537491 0.509841 -1.261942 1.029117 0.561104 0.548250 -0.395036 0.037516 1.000000
36 -0.591062 -1.045192 -0.469864 -0.022663 0.016167 1.244904 0.041279 -1.906705 0.958336 -0.592122 1.863806 0.601150 -1.315324 2.766802 -0.952896 -1.894906 1.416214 0.022057 0.984273 0.383297 -1.426004 -0.630786 -1.698010 0.007239 2.489922 0.653047 -1.897757 -1.244861 -0.696992 2.093040 1.802640 -1.210995 1.241234 0.224513 0.794825 -0.321533 -0.348975 0.344637 -0.588622 0.967557 -0.285881 -0.230018 2.333650 -1.201800 0.744849 -0.862927 2.462278 -2.145604 -0.228430 -0.277406 -0.474222 0.226069 0.566228 -1.000647 1.947787 -0.172857 -0.744022 0.524272 -1.380621 -0.785237 1.905471 -0.635099 -0.008507 0.595917 0.451653 -1.627119 -0.388123 -0.045951 -0.739606 -0.855951 1.184911 -0.691470 -0.165515 -0.991813 0.395717 1.084740 -0.972620 0.636004 -0.587623 2.047600 4.443561 1.000000
37 0.964918 -1.158724 -1.836476 0.955184 -0.207042 0.467913 -0.739201 0.910362 -0.890089 -0.715497 -0.481015 0.216906 -0.432319 -0.688355 -0.291310 1.749471 -0.041928 -0.543359 1.154658 -0.162159 -0.603046 -0.293494 1.099971 1.063935 -0.830704 -0.220071 -0.317965 2.109847 0.645199 -0.763942 -0.902227 -1.877266 -0.724919 0.986587 -0.990465 -0.856486 0.537932 0.006256 0.474561 1.214558 -0.558126 0.027184 -0.829355 1.180842 0.207030 -2.367317 0.736542 -0.268677 -0.508623 0.772279 -1.603885 0.822481 -0.641374 -0.096719 1.581204 -0.178394 1.492206 -0.739577 0.875348 -0.191267 -2.219338 0.771232 -0.378056 -1.988049 0.811298 -0.236055 -1.505374 -0.945116 0.112611 -0.731381 -1.660156 -0.062147 0.416921 0.331335 -1.576152 -0.532490 -0.571400 -0.062724 -0.403599 0.480935 0.973029 1.000000
38 0.241006 -0.066520 -1.646282 0.814525 0.428843 -0.152084 -0.839932 0.014534 1.091049 0.014493 -1.974216 -1.237658 -0.289594 -0.119176 1.399773 0.609088 -1.038417 0.195847 -0.526832 0.648849 0.019413 -1.115334 1.485595 1.218682 0.402944 -0.254179 -1.073160 -0.167542 -0.641905 -1.254459 0.440052 2.031615 -0.897829 -1.392192 -0.294772 0.731704 0.518428 -1.501025 0.358007 -0.700916 -1.830216 0.458723 0.623440 -0.286518 -2.249677 1.154310 -2.345873 0.826228 0.408574 0.396612 1.185362 -1.975795 0.691415 -2.781476 0.267807 0.203281 0.591317 0.454353 2.930343 2.610198 1.281007 1.317374 -0.462278 0.293184 0.751874 0.651569 -1.146078 -1.011539 -0.963636 -0.104840 -0.088128 0.473798 1.036871 0.097137 -0.704716 -0.053282 1.033241 0.292401 -1.610737 -0.565355 2.114312 1.000000
39 -0.768978 -0.304802 1.112428 2.172086 0.592013 -0.607235 1.182822 -1.372220 0.335289 1.708611 -0.556493 0.508789 -0.199506 0.458302 0.260381 -1.094627 0.989239 1.922060 0.393955 -1.596656 -0.031538 -0.934151 -0.629118 0.902144 -0.423555 0.391958 0.143828 -0.019941 0.211756 0.123475 0.044772 -0.205458 0.166599 -1.194222 -1.050113 -1.072095 -0.061867 -0.348958 -0.326337 -0.711006 0.603159 -0.451911 0.306204 0.144286 0.420911 0.333216 -0.583342 -0.412367 -1.515498 -1.014339 1.589481 0.631336 1.666272 0.437304 0.744042 -0.600403 1.326436 1.316231 -0.658649 0.291667 -0.559220 -0.021275 0.128598 0.400581 0.793289 0.155846 -0.453942 -1.282125 0.786725 -0.167994 1.378448 -0.601583 -1.226109 -1.967675 -0.732323 -0.827027 -0.946889 1.433433 -0.503172 -0.257740 0.472514 1.000000
40 -0.118473 0.041419 -0.117980 -1.125206 0.882526 -0.362739 -1.854290 0.441467 -0.535221 0.233929 1.556483 2.463580 -0.346594 -0.002612 -0.527240 -0.183550 -0.349566 0.004104 -1.452351 0.627593 1.449166 0.153294 0.139095 -0.192934 -0.180496 -0.446782 -0.201073 -0.730976 -0.690901 0.605715 0.675976 1.581792 0.139367 -1.388685 0.762647 0.814416 1.007434 0.477599 -0.290287 0.854871 -0.208501 -0.598074 -0.273650 1.045681 0.058919 -0.514849 -0.555728 -0.001503 1.396683 0.499996 1.209309 0.717207 -1.604935 0.738161 0.237658 1.075192 0.719346 0.787775 -1.016820 0.530314 1.564725 0.880981 2.290129 0.437767 -0.157952 -1.376215 -0.478235 0.951250 0.796083 0.236410 0.495163 0.835047 0.895966 0.506783 1.025829 1.112339 -0.857476 -0.049763 0.074624 1.208657 1.706584 1.000000
41 -0.035640 0.872533 1.110811 0.671087 -0.568941 1.470098 0.389050 -1.484288 -0.389386 -0.192658 -1.413088 -0.932938 1.741615 -0.091177 0.443639 0.665344 -0.389677 0.469919 -0.803430 1.063134 -2.155434 -0.721149 1.868536 1.884086 -1.266053 -1.285925 1.185357 0.123494 0.153840 0.786622 0.944586 -0.987891 0.682517 1.297507 -0.777305 -0.464032 2.675778 0.475252 -1.724225 0.028240 0.566189 -0.273821 0.460781 0.353710 -1.812348 0.872392 0.756996 1.512243 -0.574061 -0.686111 -0.741081 -1.324658 -0.148467 0.684701 0.472665 -1.587671 0.062028 0.101914 -1.135977 0.371449 -0.284400 0.000720 -0.920728 0.607381 -1.143658 -0.728174 0.845029 -2.064371 -1.462676 -0.178278 1.348345 -0.355262 0.234203 -1.986759 0.038555 -1.383256 0.102230 -0.195294 0.547453 0.095160 3.480277 1.000000
42 0.344885 -0.124126 1.037125 0.512249 1.456744 0.026589 -0.468125 -1.171527 0.975649 0.021529 -0.130064 -0.521889 -0.786804 2.717833 0.332623 0.018086 -0.056697 -0.845052 2.936547 -2.261292 0.000783 -0.526067 0.743479 0.114567 -0.328428 -0.490595 1.159964 0.225121 -2.028727 1.307024 0.189237 -2.155040 -1.020792 0.587963 -1.322111 0.010976 0.188789 1.898849 0.071404 0.957968 1.867834 -1.380257 1.762959 -0.221800 0.443986 -0.402921 0.646552 -1.399777 0.366952 0.706565 0.484233 -0.060609 0.377571 0.830256 -0.727268 -1.127256 -0.449386 0.075495 0.910620 0.443128 0.299210 -1.901462 -0.196912 0.008581 1.320271 0.598954 1.462864 -0.482104 1.059351 0.188064 -0.112057 -0.751678 0.163091 -1.072700 1.368218 -1.692569 0.801902 0.100535 0.303051 0.211582 0.560659 1.000000
43 -0.090458 0.359015 0.238350 -0.225367 -0.837967 -0.611060 -1.335333 1.280056 -0.983800 -1.442117 0.846087 -0.162584 0.931665 0.763148 0.087374 0.322068 -0.446754 -0.405532 1.221719 0.583753 -0.619458 -0.115616 -0.433757 0.638057 0.675120 -0.189815 1.144814 0.667539 -0.792462 -1.280985 1.200849 0.786507 -1.261044 -1.335135 0.559754 -0.454068 -1.548216 -0.169438 0.336313 -0.257015 0.724165 -0.793576 -1.384220 -0.490879 1.228714 0.846049 -0.538763 -2.686292 -0.050395 -1.894738 -0.185649 -1.169935 -1.391134 0.281323 0.929904 0.305279 -1.636477 -0.616241 -2.059044 0.706817 -0.628829 -0.558850 -1.442451 -0.115487 -1.252888 -0.228901 1.549143 0.784641 0.493805 -1.318530 0.023374 -0.824891 -1.835672 -0.981558 -1.249283 -0.541873 0.800199 -0.272851 0.437501 -0.772555 0.956167 1.000000
44 -1.173646 -0.668505 -1.409293 -0.615507 -0.841236 1.635295 -0.025236 -0.197177 -0.164483 -0.971789 0.717624 -0.319849 1.138732 -1.940463 -1.242441 1.780800 -1.420241 0.414205 -1.023100 -0.880009 0.339802 1.373059 -0.833582 2.655686 -0.199426 -0.245186 0.196411 -0.328855 0.628627 -0.277241 0.498605 1.640105 -1.005602 -0.322515 0.394867 0.486171 1.624490 -1.127023 -1.676770 0.575885 -0.648610 -0.072148 -0.862289 0.857851 -0.611062 0.528191 -0.642325 -0.158828 1.705190 -0.533063 -1.262632 -0.898552 0.490188 -1.146522 -0.746955 -0.680431 -1.277568 -1.304547 -1.420917 -0.440803 -1.993798 -1.142198 -0.735978 -0.532582 1.584444 -0.468844 0.043595 -0.749483 -0.508192 0.693707 0.103203 -0.783301 0.486410 -0.943912 -0.152546 -0.776853 -1.235517 0.530421 -0.499314 1.260187 1.481096 1.000000
45 -1.319348 0.855064 -0.286600 0.992994 -0.510929 0.893236 -1.008733 0.241303 0.618839 -0.095741 1.590415 0.733703 0.188703 1.044357 -0.207517 -0.529314 -0.265504 -1.124621 1.012413 -1.132525 0.175055 -0.044447 -0.642481 0.561781 -0.003011 -1.911248 -1.176154 0.304291 0.052831 -0.709742 -0.617240 -2.047033 0.989982 0.825416 -0.224126 -0.990405 0.257843 0.019240 0.368375 -0.090083 1.147252 -2.854165 -2.100933 -0.192410 -1.012182 0.544832 -0.160329 0.753111 -0.525476 -1.619017 -0.266952 -2.424661 -0.087577 -0.019837 -0.038156 1.020673 -0.150919 0.271627 -0.824547 -0.643573 1.220968 -0.470156 -1.287912 1.678446 2.441632 1.031951 1.249761 1.694346 -0.577156 -1.511092 -1.421535 -0.643798 0.503497 0.518898 0.624330 -0.733516 1.659696 -0.474004 0.116033 -0.098400 1.014746 1.000000
46 -1.325459 -0.211986 -0.213551 0.225158 1.002709 0.393047 0.733570 -0.836531 0.526317 0.642102 0.729093 0.657712 0.949993 -0.269975 0.261554 0.067067 -2.537550 -0.051105 0.021190 -0.887538 -0.960843 -1.292992 -0.451560 1.497563 0.639637 0.092616 -0.269150 1.165310 -0.192529 0.638400 -0.012271 -1.539316 -0.826225 1.094365 1.537653 0.053241 -0.307661 1.356385 -0.318934 0.555588 -0.530469 -1.527787 0.287139 0.209464 1.349451 -0.782305 -1.360412 0.264176 0.863025 0.135167 0.664515 0.695714 -0.541927 1.732771 -0.052462 -1.682493 2.278109 0.338876 0.110864 -0.202085 0.637310 -0.306132 0.625289 0.023647 -1.079515 -1.499728 0.557348 0.235430 -0.496629 1.160694 -0.238146 0.012574 -0.096011 -0.425962 0.557963 0.550759 -0.924592 1.128864 -0.534676 -0.616214 6.701824 1.000000
47 1.287890 0.646791 -1.007490 1.348198 1.513183 -1.343379 1.325101 -0.085299 1.150698 0.860386 2.289933 0.512042 -1.026646 -1.159178 -0.193075 -2.002235 -0.786031 1.158905 0.195151 1.050157 -0.204462 1.129011 0.364936 0.218040 1.342960 -0.488877 0.313684 -0.397396 -0.081424 0.694152 -0.064498 -0.388540 -0.185631 0.030226 -0.613909 0.756945 0.503048 1.494675 0.440663 -0.894149 -0.957138 -0.810343 -0.337550 -0.266379 0.226585 -0.118069 -0.320598 -1.443009 1.041630 1.606968 0.905003 0.061197 -0.833894 0.126233 -1.801551 0.514810 1.032769 -0.594308 1.691525 0.610061 0.744453 0.591382 1.231248 -0.344737 0.095849 0.765984 -0.723152 1.071928 1.321150 -0.536540 0.000632 -1.471685 0.205184 -1.540273 -0.702673 1.355828 -1.880035 -0.165784 -1.205745 0.795699 0.222528 1.000000
48 -1.630380 -1.435263 -2.679309 0.421735 0.187640 -0.211165 0.813672 -1.409141 -1.469229 0.677179 1.097979 -0.133458 -0.837002 0.738899 -0.910766 0.472551 0.884910 -1.486981 -0.599357 -0.543055 0.571381 1.490159 -0.647500 1.007289 0.971257 -0.881405 1.067232 -0.373887 0.590943 -0.956097 -0.283072 1.016944 -0.072849 -1.957736 0.448413 0.058154 -0.542112 -0.323786 -0.640564 0.134311 -0.080511 -0.784889 0.350323 0.319043 -0.637789 -0.700963 -0.682951 1.472132 -2.670600 0.422946 0.492412 -0.185750 0.428575 0.487346 0.999352 1.038834 -2.181567 0.499806 1.098076 0.080397 0.914625 0.539346 -0.214901 -0.913904 0.096559 1.398967 -1.716742 0.304708 -0.788385 0.762601 1.167898 0.308992 -0.267532 -1.287928 0.990314 0.425725 0.385531 0.296681 0.228979 0.641566 58.348293 1.000000
49 -1.030979 -1.351042 -0.428443 0.192958 -1.513949 -0.512337 0.016026 1.096532 1.676034 -1.000558 -1.795028 1.106750 -0.589825 0.715260 -2.424584 0.219582 1.184343 0.419456 -1.036703 -0.609369 -0.508592 -0.476617 -0.181302 0.477434 -0.186064 -0.832807 -2.611361 0.425306 0.513745 -0.237610 -0.198911 0.198509 -0.722660 -1.551039 -0.182985 1.014176 2.026103 -0.169902 0.335016 -0.878716 -1.001099 -0.028271 2.137583 1.860736 2.375024 -0.615060 0.256946 -0.103135 -1.609871 0.260117 1.495780 -0.510446 -1.639310 0.532591 0.498885 0.081793 -1.623822 0.940931 -0.463890 -0.710555 1.351961 1.023123 -0.521627 1.195366 2.266999 0.190139 -0.231860 -0.403864 0.698388 1.258582 -0.273986 -0.925001 -0.234195 0.303789 0.563554 2.748819 -1.019569 -0.474022 -1.981979 -1.718193 4.248442 1.000000
50 -0.962317 -0.471905 1.630313 0.850872 0.865647 1.384550 -0.420145 -0.070535 1.486589 0.194220 -0.384776 -0.372855 -0.740669 -2.236856 -1.516662 -0.053898 -1.070382 0.640017 -1.322536 0.188278 -1.089004 1.073343 -0.493044 -0.556211 0.194650 0.423726 -2.500036 -0.335171 -0.935007 -0.128619 -0.915147 0.182956 0.830037 0.456205 -0.912447 -1.908329 -2.068319 -1.320281 -0.367211 -0.494210 1.453097 -0.696307 -1.100096 -0.327100 1.028246 0.404504 -0.788267 -2.509093 -0.000783 -0.555628 -0.746200 -0.507450 0.117827 -0.318645 -0.821484 -0.304691 -0.953389 -1.654385 -0.963048 -0.530760 -0.949471 0.638920 1.532916 1.668011 -0.456121 2.878782 -0.040837 0.751357 0.136970 1.075229 -1.546937 -0.125702 0.567042 -0.351053 2.407797 -0.516751 0.047629 0.398433 -2.139939 0.515406 3.853629 1.000000
uncorrelated Gaussian covariates
missing covariate fraction: 0.000000
no latent classes
   lambda(t|risk 1)=C, <t>=4.000000 for zero covariates
   risk 1: beta[1]=0.500000
   risk 1: beta[2]=0.500000
   risk 1: beta[3]=0.500000
   risk 1: beta[4]=0.500000
   risk 1: beta[5]=0.500000
   risk 1: beta[6]=-0.500000
   risk 1: beta[7]=-0.500000
   risk 1: beta[8]=-0.500000
   risk 1: beta[9]=-0.500000
   risk 1: beta[10]=-0.500000
   risk 1: beta[11]=0.000000
   risk 1: beta[12]=0.000000
   risk 1: beta[13]=0.000000
   risk 1: beta[14]=0.000000
   risk 1: beta[15]=0.000000
   risk 1: beta[16]=0.000000
   risk 1: beta[17]=0.000000
   risk 1: beta[18]=0.000000
   risk 1: beta[19]=0.000000
   risk 1: beta[20]=0.000000
   risk 1: beta[21]=0.000000
   risk 1: beta[22]=0.000000
   risk 1: beta[23]=0.000000
   risk 1: beta[24]=0.000000
   risk 1: beta[25]=0.000000
   risk 1: beta[26]=0.000000
   risk 1: beta[27]=0.000000
   risk 1: beta[28]=0.000000
   risk 1: beta[29]=0.000000
   risk 1: beta[30]=0.000000
   risk 1: beta[31]=0.000000
   risk 1: beta[32]=0.000000
   risk 1: beta[33]=0.000000
   risk 1: beta[34]=0.000000
   risk 1: beta[35]=0.000000
   risk 1: beta[36]=0.000000
   risk 1: beta[37]=0.000000
   risk 1: beta[38]=0.000000
   risk 1: beta[39]=0.000000
   risk 1: beta[40]=0.000000
   risk 1: beta[41]=0.000000
   risk 1: beta[42]=0.000000
   risk 1: beta[43]=0.000000
   risk 1: beta[44]=0.000000
   risk 1: beta[45]=0.000000
   risk 1: beta[46]=0.000000
   risk 1: beta[47]=0.000000
   risk 1: beta[48]=0.000000
   risk 1: beta[49]=0.000000
   risk 1: beta[50]=0.000000
   risk 1: beta[51]=0.000000
   risk 1: beta[52]=0.000000
   risk 1: beta[53]=0.000000
   risk 1: beta[54]=0.000000
   risk 1: beta[55]=0.000000
   risk 1: beta[56]=0.000000
   risk 1: beta[57]=0.000000
   risk 1: beta[58]=0.000000
   risk 1: beta[59]=0.000000
   risk 1: beta[60]=0.000000
   risk 1: beta[61]=0.000000
   risk 1: beta[62]=0.000000
   risk 1: beta[63]=0.000000
   risk 1: beta[64]=0.000000
   risk 1: beta[65]=0.000000
   risk 1: beta[66]=0.000000
   risk 1: beta[67]=0.000000
   risk 1: beta[68]=0.000000
   risk 1: beta[69]=0.000000
   risk 1: beta[70]=0.000000
   risk 1: beta[71]=0.000000
   risk 1: beta[72]=0.000000
   risk 1: beta[73]=0.000000
   risk 1: beta[74]=0.000000
   risk 1: beta[75]=0.000000
   risk 1: beta[76]=0.000000
   risk 1: beta[77]=0.000000
   risk 1: beta[78]=0.000000
   risk 1: beta[79]=0.000000
   risk 1: beta[80]=0.000000
