1 0.058684370000 0.865615408962
2 0.115183310000 1.123640316222
3 -0.055614280000 1.032002051651
4 0.086495240000 1.061586615794
5 -0.050814790000 1.099744076869
6 -0.086172640000 0.996394306546
7 -0.112432460000 1.131033343628
8 -0.017592650000 1.007685847682
9 -0.050748530000 0.934172882108
10 0.049590070000 0.977320948872
11 -0.020240090000 0.957892341455
12 0.104155540000 0.893795913015
13 -0.138549250000 0.873300491737
14 -0.026049420000 0.860184812407
15 -0.052339400000 0.971154739648
16 0.140449470000 1.064500619642
17 -0.000669630000 0.950053998172
18 0.116875160000 0.858505788403
19 0.180408000000 1.088087238315
20 0.034272870000 1.009309566776
21 0.010235740000 1.070701564821
22 0.137129180000 1.018323766273
23 -0.150627070000 0.867133716381
24 0.086586460000 0.995696723617
25 -0.051769910000 0.962240537459
26 -0.141898850000 0.976812978791
27 -0.094974540000 0.942519336691
28 -0.018252590000 0.955469024788
29 0.076726770000 0.891760568375
30 0.016633560000 1.078532298088
31 0.020875470000 1.014968582488
32 -0.021166980000 0.823974718029
33 -0.036125130000 1.119647713062
34 0.000570320000 1.080631897222
35 -0.070344020000 0.947415914056
36 -0.039650850000 1.005287306466
37 -0.023377340000 1.066399560814
38 0.095309290000 0.915368027287
39 0.086207030000 0.938974655285
40 0.060628120000 1.044825716699
