0.000000 0.500000
1.000000 0.714167
2.000000 0.728333
3.000000 0.809792
4.000000 0.868542
5.000000 0.907292
6.000000 0.909583
7.000000 0.917083
8.000000 0.922083
9.000000 0.929167
10.000000 0.927083
11.000000 0.933125
12.000000 0.936875
13.000000 0.946667
14.000000 0.945833
15.000000 0.950208
16.000000 0.955417
17.000000 0.965000
18.000000 0.962708
19.000000 0.967083
20.000000 0.969792
21.000000 0.966250
22.000000 0.974583
23.000000 0.969583
24.000000 0.971458
25.000000 0.967708
26.000000 0.969375
27.000000 0.972708
28.000000 0.975417
29.000000 0.975417
30.000000 0.980833
31.000000 0.978125
32.000000 0.977500
33.000000 0.978542
34.000000 0.977917
35.000000 0.982917
36.000000 0.983333
37.000000 0.982500
38.000000 0.983125
39.000000 0.982500
40.000000 0.982917
41.000000 0.988333
42.000000 0.986042
43.000000 0.984375
44.000000 0.989583
45.000000 0.988958
46.000000 0.991667
47.000000 0.994792
48.000000 0.993750
49.000000 0.997083
50.000000 0.997083
51.000000 0.996042
52.000000 0.997708
53.000000 0.998750
54.000000 0.998333
55.000000 0.999375
56.000000 0.999792
57.000000 0.999583
58.000000 1.000000
59.000000 1.000000
60.000000 0.999792
61.000000 0.999792
62.000000 1.000000
63.000000 1.000000
64.000000 1.000000
65.000000 1.000000
66.000000 1.000000
67.000000 1.000000
68.000000 1.000000
69.000000 1.000000
70.000000 1.000000
71.000000 1.000000
72.000000 1.000000
73.000000 1.000000
74.000000 1.000000
75.000000 1.000000
76.000000 1.000000
77.000000 1.000000
78.000000 1.000000
79.000000 1.000000
80.000000 1.000000
