active=80: 1 2 3 4 5 6 7 8 9 10 11 12 13 14 15 16 17 18 19 20 21 22 23 24 25 26 27 28 29 30 31 32 33 34 35 36 37 38 39 40 41 42 43 44 45 46 47 48 49 50 51 52 53 54 55 56 57 58 59 60 61 62 63 64 65 66 67 68 69 70 71 72 73 74 75 76 77 78 79 80 
active=79: 1 2 3 4 5 6 7 8 9 10 11 12 13 14 15 16 17 18 19 20 21 22 23 24 25 26 27 28 29 30 31 32 33 34 35 36 37 38 39 40 41 42 43 44 45 46 47 48 49 50 51 52 53 54 55 56 57 58 59 60 61 62 63 64 65 66 67 68 69 70 71 72 73 74 75 76 77 79 80 
active=78: 1 2 3 4 5 6 7 8 9 10 11 12 13 14 15 16 17 18 19 20 21 22 23 24 25 26 27 28 29 30 31 32 33 34 35 36 37 38 39 40 41 42 43 44 45 46 47 48 49 50 51 52 53 54 56 57 58 59 60 61 62 63 64 65 66 67 68 69 70 71 72 73 74 75 76 77 79 80 
active=77: 1 2 3 4 5 6 7 8 9 10 11 12 13 14 15 16 17 18 19 20 21 22 23 24 25 26 27 28 29 30 31 32 33 34 35 36 37 38 39 40 41 42 43 44 45 47 48 49 50 51 52 53 54 56 57 58 59 60 61 62 63 64 65 66 67 68 69 70 71 72 73 74 75 76 77 79 80 
active=76: 1 2 3 4 5 6 7 8 9 10 11 12 13 14 15 16 17 18 19 21 22 23 24 25 26 27 28 29 30 31 32 33 34 35 36 37 38 39 40 41 42 43 44 45 47 48 49 50 51 52 53 54 56 57 58 59 60 61 62 63 64 65 66 67 68 69 70 71 72 73 74 75 76 77 79 80 
active=75: 1 2 3 4 5 6 7 8 9 10 11 12 13 14 15 16 17 18 19 21 22 23 24 25 26 27 28 29 30 31 32 33 34 35 36 37 38 39 40 41 42 43 44 45 47 48 49 50 51 52 53 54 56 57 58 59 60 61 62 63 65 66 67 68 69 70 71 72 73 74 75 76 77 79 80 
active=74: 1 2 3 4 5 6 7 8 9 10 11 12 13 14 15 16 17 18 19 21 22 23 24 25 26 27 28 29 30 31 32 33 34 35 36 37 38 39 40 41 42 43 44 45 47 48 49 50 51 52 53 54 56 57 58 59 60 61 62 63 65 66 67 68 69 70 71 72 74 75 76 77 79 80 
active=73: 1 2 3 4 5 6 7 8 9 10 11 12 13 14 15 16 18 19 21 22 23 24 25 26 27 28 29 30 31 32 33 34 35 36 37 38 39 40 41 42 43 44 45 47 48 49 50 51 52 53 54 56 57 58 59 60 61 62 63 65 66 67 68 69 70 71 72 74 75 76 77 79 80 
active=72: 1 2 3 4 5 6 7 8 9 10 11 12 13 14 15 16 18 19 21 22 23 24 25 26 27 28 29 30 31 32 33 34 35 36 37 38 39 40 41 42 43 44 45 47 48 49 50 51 53 54 56 57 58 59 60 61 62 63 65 66 67 68 69 70 71 72 74 75 76 77 79 80 
active=71: 1 2 3 4 5 6 7 8 9 10 11 12 13 14 15 16 18 19 21 22 23 24 25 26 27 28 29 30 31 32 33 34 35 36 37 38 39 40 41 42 43 44 45 47 48 49 50 51 53 54 56 57 58 59 60 61 62 63 65 66 67 68 69 70 71 72 74 75 76 77 79 
active=70: 1 2 3 4 5 6 7 8 9 10 11 12 13 14 15 16 18 19 21 22 23 24 25 26 27 28 29 30 31 32 33 34 35 36 37 38 39 40 41 42 43 44 45 47 48 49 50 51 53 56 57 58 59 60 61 62 63 65 66 67 68 69 70 71 72 74 75 76 77 79 
active=69: 1 2 3 4 5 6 7 8 9 10 11 12 13 14 15 16 18 19 21 22 23 24 25 26 27 28 29 30 32 33 34 35 36 37 38 39 40 41 42 43 44 45 47 48 49 50 51 53 56 57 58 59 60 61 62 63 65 66 67 68 69 70 71 72 74 75 76 77 79 
active=68: 1 2 3 4 5 6 7 8 9 10 11 12 13 14 15 16 18 19 21 22 23 24 25 26 27 28 29 30 32 33 35 36 37 38 39 40 41 42 43 44 45 47 48 49 50 51 53 56 57 58 59 60 61 62 63 65 66 67 68 69 70 71 72 74 75 76 77 79 
active=67: 1 2 3 4 5 6 7 8 9 10 11 12 13 14 15 16 18 19 21 22 23 24 25 26 27 28 29 30 32 33 35 36 37 38 39 40 41 42 43 44 45 47 48 49 50 51 53 56 57 59 60 61 62 63 65 66 67 68 69 70 71 72 74 75 76 77 79 
active=66: 1 2 3 4 5 6 7 8 9 10 11 12 13 14 15 16 18 19 21 22 24 25 26 27 28 29 30 32 33 35 36 37 38 39 40 41 42 43 44 45 47 48 49 50 51 53 56 57 59 60 61 62 63 65 66 67 68 69 70 71 72 74 75 76 77 79 
active=65: 1 2 3 4 5 6 7 8 9 10 11 12 13 14 15 16 18 19 21 22 24 25 26 27 28 29 30 32 33 35 36 37 38 39 40 42 43 44 45 47 48 49 50 51 53 56 57 59 60 61 62 63 65 66 67 68 69 70 71 72 74 75 76 77 79 
active=64: 1 2 3 4 5 6 7 8 9 10 11 12 13 14 15 16 18 19 21 22 24 25 26 27 28 29 30 32 33 35 36 37 38 39 40 42 43 44 45 47 48 49 50 51 53 56 57 59 60 61 62 63 65 66 67 68 69 70 71 74 75 76 77 79 
active=63: 1 2 3 4 5 6 7 8 9 10 11 12 13 14 15 16 18 19 21 22 24 25 26 27 28 29 30 32 33 35 36 37 38 39 40 42 43 44 45 47 48 49 50 51 53 56 57 59 60 61 62 63 65 66 68 69 70 71 74 75 76 77 79 
active=62: 1 2 3 4 5 6 7 8 9 10 11 12 13 14 15 16 18 19 21 22 24 25 26 27 28 29 30 32 33 35 36 37 38 39 40 42 43 44 45 47 48 49 50 51 53 56 57 59 60 62 63 65 66 68 69 70 71 74 75 76 77 79 
active=61: 1 2 3 4 5 6 7 8 9 10 11 12 13 14 15 16 18 19 21 22 24 25 26 27 28 30 32 33 35 36 37 38 39 40 42 43 44 45 47 48 49 50 51 53 56 57 59 60 62 63 65 66 68 69 70 71 74 75 76 77 79 
active=60: 1 2 3 4 5 6 7 8 9 10 11 12 13 14 15 16 18 21 22 24 25 26 27 28 30 32 33 35 36 37 38 39 40 42 43 44 45 47 48 49 50 51 53 56 57 59 60 62 63 65 66 68 69 70 71 74 75 76 77 79 
active=59: 1 2 3 4 5 6 7 8 9 10 11 12 13 15 16 18 21 22 24 25 26 27 28 30 32 33 35 36 37 38 39 40 42 43 44 45 47 48 49 50 51 53 56 57 59 60 62 63 65 66 68 69 70 71 74 75 76 77 79 
active=58: 1 2 3 4 5 6 7 8 9 10 11 12 13 15 16 18 21 22 24 25 26 27 28 30 32 33 35 36 37 38 39 40 42 43 44 45 47 48 50 51 53 56 57 59 60 62 63 65 66 68 69 70 71 74 75 76 77 79 
active=57: 1 2 3 4 5 6 7 8 9 10 11 12 13 15 16 18 21 22 24 25 26 27 28 30 32 33 35 36 37 38 39 40 42 43 44 45 47 48 50 51 53 56 57 59 60 63 65 66 68 69 70 71 74 75 76 77 79 
active=56: 2 3 4 5 6 7 8 9 10 11 12 13 15 16 18 21 22 24 25 26 27 28 30 32 33 35 36 37 38 39 40 42 43 44 45 47 48 50 51 53 56 57 59 60 63 65 66 68 69 70 71 74 75 76 77 79 
active=55: 2 3 4 5 6 7 8 9 10 11 12 13 15 16 18 21 22 24 25 26 27 28 30 32 33 35 36 37 38 39 40 42 43 44 45 47 48 50 51 53 56 57 59 60 63 65 68 69 70 71 74 75 76 77 79 
active=54: 2 3 4 5 6 7 8 9 10 11 12 13 15 16 18 21 22 24 25 26 27 28 30 32 33 35 36 37 38 39 40 42 44 45 47 48 50 51 53 56 57 59 60 63 65 68 69 70 71 74 75 76 77 79 
active=53: 2 3 4 5 6 7 8 9 10 11 12 13 15 16 18 21 22 24 25 26 27 28 30 32 33 35 36 37 38 39 40 42 44 45 47 48 50 51 53 56 57 60 63 65 68 69 70 71 74 75 76 77 79 
active=52: 2 3 4 5 6 7 8 9 10 11 12 13 15 16 18 21 22 24 25 26 27 28 30 33 35 36 37 38 39 40 42 44 45 47 48 50 51 53 56 57 60 63 65 68 69 70 71 74 75 76 77 79 
active=51: 2 3 4 5 6 7 8 9 10 11 12 13 15 16 18 21 22 24 25 26 27 28 30 33 35 36 37 38 39 40 42 44 45 48 50 51 53 56 57 60 63 65 68 69 70 71 74 75 76 77 79 
active=50: 2 3 4 5 6 7 8 9 10 11 12 13 15 16 18 21 22 24 25 26 27 28 33 35 36 37 38 39 40 42 44 45 48 50 51 53 56 57 60 63 65 68 69 70 71 74 75 76 77 79 
active=49: 2 3 4 5 6 7 8 9 10 11 12 13 15 16 18 21 22 24 25 26 27 28 33 36 37 38 39 40 42 44 45 48 50 51 53 56 57 60 63 65 68 69 70 71 74 75 76 77 79 
active=48: 2 3 4 5 6 7 8 9 10 11 12 13 15 16 18 21 24 25 26 27 28 33 36 37 38 39 40 42 44 45 48 50 51 53 56 57 60 63 65 68 69 70 71 74 75 76 77 79 
active=47: 2 3 4 5 6 7 8 9 10 11 12 13 15 16 18 21 24 25 26 27 33 36 37 38 39 40 42 44 45 48 50 51 53 56 57 60 63 65 68 69 70 71 74 75 76 77 79 
active=46: 2 3 4 5 6 7 8 9 10 11 12 13 15 16 18 21 24 25 26 27 33 36 37 38 39 40 42 44 45 48 50 53 56 57 60 63 65 68 69 70 71 74 75 76 77 79 
active=45: 2 3 4 5 6 7 8 9 10 11 12 15 16 18 21 24 25 26 27 33 36 37 38 39 40 42 44 45 48 50 53 56 57 60 63 65 68 69 70 71 74 75 76 77 79 
active=44: 2 3 4 5 6 7 8 9 10 11 12 15 16 18 21 24 25 26 27 33 36 37 38 39 40 42 44 45 48 50 53 56 57 60 65 68 69 70 71 74 75 76 77 79 
active=43: 2 3 4 5 6 7 8 9 10 11 12 15 16 18 21 24 25 26 27 33 36 37 38 39 40 42 44 45 48 50 53 56 57 60 65 68 69 70 71 75 76 77 79 
active=42: 2 3 4 5 6 7 8 9 10 11 12 15 16 21 24 25 26 27 33 36 37 38 39 40 42 44 45 48 50 53 56 57 60 65 68 69 70 71 75 76 77 79 
active=41: 2 3 4 5 6 7 8 9 10 11 12 15 16 21 24 25 26 27 33 36 37 38 39 40 42 44 45 48 50 53 56 57 60 65 68 69 70 71 75 77 79 
active=40: 2 3 4 5 6 7 8 10 11 12 15 16 21 24 25 26 27 33 36 37 38 39 40 42 44 45 48 50 53 56 57 60 65 68 69 70 71 75 77 79 
active=39: 2 3 4 5 6 7 8 10 11 12 15 16 21 24 25 26 27 33 36 37 38 39 40 42 44 45 48 50 53 56 57 65 68 69 70 71 75 77 79 
active=38: 2 3 4 5 6 7 8 10 11 12 15 16 21 24 25 26 27 33 36 37 38 39 40 42 44 45 48 50 53 56 57 65 68 69 70 71 75 77 
active=37: 2 3 4 5 6 7 8 10 11 12 15 16 21 24 25 26 27 33 36 37 38 40 42 44 45 48 50 53 56 57 65 68 69 70 71 75 77 
active=36: 2 3 4 5 6 7 8 10 11 12 16 21 24 25 26 27 33 36 37 38 40 42 44 45 48 50 53 56 57 65 68 69 70 71 75 77 
active=35: 2 3 4 5 6 7 8 10 11 12 16 21 24 25 26 27 33 36 37 38 40 42 44 45 48 50 53 56 57 65 68 69 70 71 77 
active=34: 2 3 4 5 6 7 8 10 11 12 16 21 24 25 26 27 33 36 37 38 40 42 44 48 50 53 56 57 65 68 69 70 71 77 
active=33: 2 4 5 6 7 8 10 11 12 16 21 24 25 26 27 33 36 37 38 40 42 44 48 50 53 56 57 65 68 69 70 71 77 
active=32: 2 4 5 7 8 10 11 12 16 21 24 25 26 27 33 36 37 38 40 42 44 48 50 53 56 57 65 68 69 70 71 77 
active=31: 2 4 5 7 8 10 11 12 16 21 24 25 26 27 33 36 37 38 42 44 48 50 53 56 57 65 68 69 70 71 77 
active=30: 2 4 5 7 8 10 11 12 16 21 24 25 26 27 33 36 37 38 42 44 48 50 53 56 57 65 68 69 71 77 
active=29: 2 4 5 7 8 10 11 12 16 24 25 26 27 33 36 37 38 42 44 48 50 53 56 57 65 68 69 71 77 
active=28: 2 4 5 7 8 10 11 12 16 24 25 26 27 36 37 38 42 44 48 50 53 56 57 65 68 69 71 77 
active=27: 2 4 5 7 8 10 12 16 24 25 26 27 36 37 38 42 44 48 50 53 56 57 65 68 69 71 77 
active=26: 2 4 5 7 8 10 12 16 24 25 26 27 36 37 38 42 44 48 50 53 56 57 65 69 71 77 
active=25: 2 4 5 7 8 10 12 16 24 25 26 27 36 37 38 42 44 48 50 53 56 57 65 69 77 
active=24: 2 4 5 7 8 10 12 16 24 25 26 27 36 37 38 42 44 48 50 53 57 65 69 77 
active=23: 2 4 5 7 8 10 12 16 24 25 26 27 36 37 42 44 48 50 53 57 65 69 77 
active=22: 2 4 5 7 8 10 12 16 24 25 26 27 36 37 42 44 48 50 53 57 65 69 
active=21: 2 4 5 7 8 10 12 16 24 25 26 27 36 42 44 48 50 53 57 65 69 
active=20: 2 4 5 7 8 10 12 16 24 25 26 27 36 42 44 48 50 53 57 69 
active=19: 2 4 5 7 8 10 12 16 24 25 26 27 36 42 44 50 53 57 69 
active=18: 2 4 5 7 8 10 12 24 25 26 27 36 42 44 50 53 57 69 
active=17: 2 4 5 7 8 10 24 25 26 27 36 42 44 50 53 57 69 
active=16: 2 5 7 8 10 24 25 26 27 36 42 44 50 53 57 69 
active=15: 2 5 7 8 10 24 25 26 36 42 44 50 53 57 69 
active=14: 2 7 8 10 24 25 26 36 42 44 50 53 57 69 
active=13: 2 7 8 10 24 25 26 36 42 44 50 57 69 
active=12: 2 7 8 10 24 25 26 42 44 50 57 69 
active=11: 2 7 8 10 24 25 42 44 50 57 69 
active=10: 2 7 8 10 24 25 42 50 57 69 
active=9: 2 7 8 10 24 25 42 57 69 
active=8: 2 7 8 10 24 25 42 69 
active=7: 7 8 10 24 25 42 69 
active=6: 7 8 10 25 42 69 
active=5: 7 8 10 25 42 
active=4: 7 8 10 25 
active=3: 7 8 25 
active=2: 7 25 
active=1: 7 
