0.000000 0.520000
1.000000 0.673400
2.000000 0.636800
3.000000 0.734600
4.000000 0.779000
5.000000 0.789800
6.000000 0.800600
7.000000 0.827800
8.000000 0.821600
9.000000 0.836800
10.000000 0.856600
11.000000 0.855800
12.000000 0.883400
13.000000 0.905000
14.000000 0.926800
15.000000 0.923200
16.000000 0.945600
17.000000 0.950000
18.000000 0.949000
19.000000 0.945400
20.000000 0.947800
21.000000 0.945400
22.000000 0.951800
23.000000 0.951000
24.000000 0.947200
25.000000 0.951200
26.000000 0.965200
27.000000 0.961600
28.000000 0.960000
29.000000 0.960400
30.000000 0.965400
31.000000 0.971400
32.000000 0.969200
33.000000 0.968600
34.000000 0.969000
35.000000 0.971000
36.000000 0.970200
37.000000 0.970200
38.000000 0.973400
39.000000 0.972400
40.000000 0.972400
41.000000 0.972200
42.000000 0.972400
43.000000 0.974200
44.000000 0.974000
45.000000 0.974800
46.000000 0.976800
47.000000 0.976600
48.000000 0.978800
49.000000 0.979800
50.000000 0.982000
51.000000 0.981200
52.000000 0.981800
53.000000 0.985800
54.000000 0.983800
55.000000 0.983600
56.000000 0.988000
57.000000 0.988400
58.000000 0.992200
59.000000 0.993200
60.000000 0.992400
61.000000 0.994400
62.000000 0.994800
63.000000 0.995400
64.000000 0.996400
65.000000 0.998000
66.000000 0.999400
67.000000 0.998200
68.000000 0.999400
69.000000 0.999000
70.000000 0.999200
71.000000 0.999400
72.000000 0.999800
73.000000 0.999800
74.000000 1.000000
75.000000 1.000000
76.000000 1.000000
77.000000 1.000000
78.000000 1.000000
79.000000 1.000000
80.000000 1.000000
