1 -0.153671946809 0.865463636187
2 -0.173712802083 0.880927637489
3 0.016619867347 1.056181442111
4 0.038214278351 1.036555737371
5 0.021143742268 0.973995016439
6 0.107405202128 0.964982431226
7 0.104740583333 1.063460763294
8 0.020325778947 1.026723674233
9 -0.066641916667 0.972802055788
10 0.094896694737 1.006568070026
11 0.050466687500 0.886714987579
12 0.057953404255 1.079982456971
13 0.062540731183 0.848146516346
14 -0.281640478261 0.950881293937
15 0.073658831579 1.045562631531
16 0.100632326316 0.887396693910
17 -0.013944402062 1.040505480357
18 -0.072870000000 0.823716741696
19 0.029369851064 1.009695874333
20 0.047812144444 0.899796061109
21 -0.086428270833 1.136720398106
22 0.056813989583 1.073412747817
23 0.190735978947 0.986686036599
24 -0.031477195876 0.963270641386
25 0.077341273684 0.918207281070
26 -0.181359032967 0.886334433326
27 -0.119221783505 1.037603178956
28 0.041343483146 0.955138535131
29 0.091414875000 1.105882352441
30 -0.027864164948 0.961550296699
31 0.027932677083 1.008486156262
32 -0.065358582418 0.813350603187
33 0.011052720430 0.912751627035
34 0.073348217391 0.962442480935
35 -0.001372091837 1.011149081766
36 0.055105723404 1.147756501752
37 -0.050312925532 0.971397053544
38 0.208913695652 1.049317558017
39 0.011650663158 0.943794643912
40 -0.049574494845 1.010964948955
41 0.205625223404 0.949820406573
42 0.013635597826 1.065633774168
43 0.049671287234 1.108987904951
44 -0.212567865979 0.926769565812
45 -0.026846427083 0.921012856136
46 0.145110346939 1.216097205465
47 -0.016757010309 1.039420066590
48 0.003169712766 0.960310360545
49 -0.057426791667 0.960743825668
50 0.026129478261 0.900063191792
51 0.040183123711 0.967139081057
52 -0.217417135417 0.913159437453
53 -0.150864833333 1.007125432263
54 -0.060513840426 0.938158730112
55 -0.079011978495 0.922374939406
56 -0.023018107527 0.939467320441
57 -0.012258538462 1.162611533621
58 -0.098536727273 0.998579701874
59 0.014908250000 1.190005705804
60 0.003277400000 0.954860518177
61 -0.115128891304 1.025946554478
62 -0.013728357143 0.961425806689
63 -0.072062989474 1.140820756092
64 0.044570242105 0.986133263596
65 -0.108974391753 0.977082095899
66 0.034032361702 0.986039415703
67 -0.067138360825 0.921702816034
68 0.076357755319 1.043156725268
69 0.106906886598 0.974905951242
70 -0.196219979592 1.004908099852
71 -0.082283813187 1.077680940562
72 0.072364293478 1.101143345605
73 0.080940117021 1.021740215843
74 -0.112595031579 0.992960122672
75 -0.021729736842 0.942358549942
76 0.006802618557 1.013647157125
77 0.047597817204 0.903362406002
78 -0.052406031250 0.995809573867
79 -0.090256968421 0.954668554348
80 -0.028890041667 1.010624762127
