1 -0.060150617021 0.847752603085
2 -0.060080600000 1.135238123870
3 0.076356712766 0.977579849458
4 -0.032879112245 1.047940046157
5 -0.188994200000 1.065418550009
6 0.107783680851 0.881416291123
7 -0.028044836957 1.066294883464
8 -0.121189595960 0.972384643968
9 0.000848150538 0.935250264960
10 -0.062785130000 0.853678317863
11 -0.020407840909 1.147778410293
12 0.009305571429 1.142365170742
13 0.085297865979 1.092946643242
14 -0.081612309278 0.923383880097
15 0.091304857143 1.079694130598
16 -0.199272457447 1.058637650125
17 -0.088915463918 0.970005366245
18 0.099950344086 1.031635423062
19 0.101560947917 0.966562370959
20 -0.083473193548 1.013835202657
21 -0.056592118280 1.048370325794
22 0.045419979167 0.996797241515
23 -0.053797000000 0.940890129971
24 0.012542278351 1.052321600306
25 -0.070398978022 0.910467098339
26 -0.009939086957 0.997118041737
27 0.042104040816 0.991333958231
28 -0.083622666667 1.083778508477
29 -0.000601810526 0.923881152022
30 -0.081660387755 1.034970132714
31 -0.056122378947 1.091468595159
32 0.073616372340 1.091271695810
33 0.059587978947 0.936373027696
34 -0.049579000000 0.924433211238
35 -0.076140742268 0.922914088055
36 -0.028541989474 0.913981041375
37 -0.006543010870 0.956658886267
38 -0.111759739130 1.081322095813
39 -0.147734744681 0.973659145379
40 0.014869333333 0.898289354160
41 0.016104437500 1.009631241611
42 -0.042106291667 1.179865885317
43 -0.087296434343 1.049220549063
44 0.149265159574 1.080327248983
45 -0.094333357895 0.867439608690
46 0.144822793814 0.953313142186
47 0.110234053191 1.248599937005
48 0.018581157895 0.915613114937
49 -0.110101835052 0.985538279264
50 -0.115597631579 0.941918249467
51 0.060897659794 0.929965439035
52 0.035580541176 1.115294601238
53 -0.002210010309 0.885324920535
54 0.075116561224 1.130077651550
55 0.090486093750 0.914987836097
56 -0.128130257732 0.937978139375
57 0.155253010526 1.011972564593
58 -0.004035888889 1.005697227649
59 0.190978273684 0.958477214517
60 0.168285709677 1.029929933965
61 -0.116650180851 1.058859923534
62 0.088772946237 0.890780537865
63 -0.009392440860 0.932315907208
64 -0.140075958333 1.025051319752
65 0.030657094737 1.097312741513
66 0.024343418367 0.954842838393
67 -0.065231319149 0.964329406735
68 0.079114340426 1.022690675624
69 -0.004228109890 0.926067784052
70 0.163663239583 0.956757001617
71 0.059960296703 0.997604771797
72 0.138010873684 0.971115774645
73 -0.055690452632 1.052882466223
74 0.031356387097 1.067043529804
75 -0.156088858696 0.915262735038
76 -0.280079373737 1.052654468964
77 0.110958723404 1.051745393203
78 0.021790395833 0.931278787600
79 -0.056215365591 0.926086011496
80 -0.046894659341 1.126909017420
81 -0.023627000000 1.022058570075
82 0.145317226804 1.059418077029
83 -0.056265712766 1.105374135441
84 -0.151969197917 0.947949572930
85 -0.193443145833 0.990374474839
86 0.090835104167 1.048880354222
87 0.089717125000 0.904655476107
88 -0.036340978947 0.884593245469
89 -0.075350364583 0.848581123363
90 -0.027863515464 1.211168639753
91 -0.124138000000 1.058510659263
92 -0.042212042105 0.956730251937
93 0.178606312500 0.939835109279
94 0.041838438776 1.087179654431
95 0.033952781250 1.076237723662
96 0.088437670213 0.992401523347
97 0.017488659794 1.057212648073
98 0.115836947368 0.934912642663
99 0.216734854167 0.981237034543
100 0.028883072917 0.887393088313
