active=30: 1 2 3 4 5 6 7 8 9 10 11 12 13 14 15 16 17 18 19 20 21 22 23 24 25 26 27 28 29 30 
active=29: 1 2 3 4 5 6 7 8 9 10 11 12 13 14 15 16 17 18 19 20 21 22 23 24 25 26 27 29 30 
active=28: 1 3 4 5 6 7 8 9 10 11 12 13 14 15 16 17 18 19 20 21 22 23 24 25 26 27 29 30 
active=27: 1 3 4 5 6 7 8 9 10 11 12 13 14 15 16 17 18 19 20 21 22 23 24 25 26 27 29 
active=26: 1 3 4 5 6 7 8 9 10 12 13 14 15 16 17 18 19 20 21 22 23 24 25 26 27 29 
active=25: 1 3 4 5 7 8 9 10 12 13 14 15 16 17 18 19 20 21 22 23 24 25 26 27 29 
active=24: 1 3 4 5 7 8 9 10 12 13 14 15 16 17 18 19 20 21 23 24 25 26 27 29 
active=23: 1 3 4 5 7 8 9 10 12 13 14 15 16 17 19 20 21 23 24 25 26 27 29 
active=22: 1 3 4 5 7 8 9 10 12 13 14 15 16 17 19 20 21 23 24 26 27 29 
active=21: 1 3 4 5 7 8 9 10 12 13 14 15 16 17 19 20 23 24 26 27 29 
active=20: 1 3 4 5 7 8 9 10 12 13 14 15 16 17 19 20 23 24 27 29 
active=19: 1 3 4 5 7 8 9 10 12 14 15 16 17 19 20 23 24 27 29 
active=18: 1 3 4 5 7 8 9 10 12 14 15 16 17 19 20 23 27 29 
active=17: 1 3 4 5 7 8 9 10 12 14 15 17 19 20 23 27 29 
active=16: 1 3 4 5 7 8 9 10 12 14 15 17 19 20 23 29 
active=15: 1 3 4 5 7 8 9 10 12 14 17 19 20 23 29 
active=14: 1 3 4 5 7 8 10 12 14 17 19 20 23 29 
active=13: 1 3 4 5 7 8 10 12 14 17 19 20 23 
active=12: 3 4 5 7 8 10 12 14 17 19 20 23 
active=11: 3 4 5 7 8 10 12 14 17 19 20 
active=10: 3 4 5 7 10 12 14 17 19 20 
active=9: 3 4 5 7 12 14 17 19 20 
active=8: 3 5 7 12 14 17 19 20 
active=7: 3 5 7 14 17 19 20 
active=6: 3 5 14 17 19 20 
active=5: 3 5 14 17 19 
active=4: 3 5 14 17 
active=3: 3 5 17 
active=2: 3 17 
active=1: 17 
