0.000000 0.500000
1.000000 0.659318
2.000000 0.683864
3.000000 0.734773
4.000000 0.756364
5.000000 0.740000
6.000000 0.736136
7.000000 0.719545
8.000000 0.749318
9.000000 0.766591
10.000000 0.778636
11.000000 0.789545
12.000000 0.791818
13.000000 0.809773
14.000000 0.787045
15.000000 0.774773
16.000000 0.779318
17.000000 0.774545
18.000000 0.770000
19.000000 0.771364
20.000000 0.749091
21.000000 0.755682
22.000000 0.769091
23.000000 0.759773
24.000000 0.727500
25.000000 0.737500
26.000000 0.725227
27.000000 0.718409
28.000000 0.724318
29.000000 0.705227
30.000000 0.696591
