0.000000 0.500000 0.500000
1.000000 0.659318 0.661136
2.000000 0.683864 0.725682
3.000000 0.734773 0.768182
4.000000 0.756364 0.813182
5.000000 0.740000 0.807273
6.000000 0.736136 0.830909
7.000000 0.719545 0.833636
8.000000 0.749318 0.889318
9.000000 0.766591 0.893636
10.000000 0.778636 0.921818
11.000000 0.789545 0.945000
12.000000 0.791818 0.948182
13.000000 0.809773 0.960000
14.000000 0.787045 0.968182
15.000000 0.774773 0.967273
16.000000 0.779318 0.969091
17.000000 0.774545 0.974545
18.000000 0.770000 0.979773
19.000000 0.771364 0.978636
20.000000 0.749091 0.981364
21.000000 0.755682 0.982273
22.000000 0.769091 0.983182
23.000000 0.759773 0.983636
24.000000 0.727500 0.988864
25.000000 0.737500 0.987273
26.000000 0.725227 0.986136
27.000000 0.718409 0.988182
28.000000 0.724318 0.987955
29.000000 0.705227 0.987045
30.000000 0.696591 0.989773
