0.000000 0.509900
1.000000 0.570200
2.000000 0.663200
3.000000 0.695500
4.000000 0.710500
5.000000 0.739100
6.000000 0.748100
7.000000 0.759600
8.000000 0.801200
9.000000 0.800100
10.000000 0.797000
11.000000 0.781500
12.000000 0.779500
13.000000 0.798100
14.000000 0.802400
15.000000 0.825600
16.000000 0.824700
17.000000 0.825200
18.000000 0.846300
19.000000 0.855600
20.000000 0.862000
21.000000 0.873600
22.000000 0.874700
23.000000 0.871800
24.000000 0.884300
25.000000 0.882500
26.000000 0.885400
27.000000 0.882800
28.000000 0.880100
29.000000 0.891400
30.000000 0.885000
31.000000 0.891200
32.000000 0.893000
33.000000 0.896900
34.000000 0.897700
35.000000 0.902600
36.000000 0.904400
37.000000 0.905500
38.000000 0.908200
39.000000 0.909200
40.000000 0.910900
41.000000 0.914100
42.000000 0.922500
43.000000 0.918200
44.000000 0.922600
45.000000 0.922100
46.000000 0.925200
47.000000 0.926100
48.000000 0.934900
49.000000 0.933000
50.000000 0.934900
51.000000 0.938300
52.000000 0.933700
53.000000 0.936100
54.000000 0.937000
55.000000 0.940200
56.000000 0.946000
57.000000 0.945500
58.000000 0.943600
59.000000 0.948100
60.000000 0.948100
61.000000 0.949500
62.000000 0.952900
63.000000 0.953300
64.000000 0.954700
65.000000 0.953800
66.000000 0.955900
67.000000 0.957700
68.000000 0.957100
69.000000 0.957700
70.000000 0.960000
71.000000 0.959600
72.000000 0.961700
73.000000 0.959200
74.000000 0.961900
75.000000 0.962700
76.000000 0.964600
77.000000 0.964800
78.000000 0.966100
79.000000 0.967000
80.000000 0.967300
81.000000 0.967100
82.000000 0.967900
83.000000 0.968500
84.000000 0.967200
85.000000 0.970600
86.000000 0.969100
87.000000 0.969400
88.000000 0.971000
89.000000 0.970500
90.000000 0.971200
91.000000 0.973000
92.000000 0.971300
93.000000 0.971800
94.000000 0.973300
95.000000 0.972000
96.000000 0.972400
97.000000 0.973300
98.000000 0.974300
99.000000 0.974000
100.000000 0.975400
