0.000000 0.500000
1.000000 0.574800
2.000000 0.646600
3.000000 0.655100
4.000000 0.672000
5.000000 0.662100
6.000000 0.671700
7.000000 0.682700
8.000000 0.700500
9.000000 0.692000
10.000000 0.693600
11.000000 0.701700
12.000000 0.722100
13.000000 0.714700
14.000000 0.719600
15.000000 0.715500
16.000000 0.729900
17.000000 0.724600
18.000000 0.727900
19.000000 0.732100
20.000000 0.724300
21.000000 0.717200
22.000000 0.721200
23.000000 0.716900
24.000000 0.700300
25.000000 0.700100
26.000000 0.701100
27.000000 0.702000
28.000000 0.702600
29.000000 0.691700
30.000000 0.688600
31.000000 0.688500
32.000000 0.682500
33.000000 0.684600
34.000000 0.674800
35.000000 0.669500
36.000000 0.674500
37.000000 0.671000
38.000000 0.668900
39.000000 0.672300
40.000000 0.664600
41.000000 0.670700
42.000000 0.653200
43.000000 0.666600
44.000000 0.652200
45.000000 0.655300
46.000000 0.647100
47.000000 0.643300
48.000000 0.638400
49.000000 0.644300
50.000000 0.634800
51.000000 0.634600
52.000000 0.629700
53.000000 0.622900
54.000000 0.625600
55.000000 0.623100
56.000000 0.621300
57.000000 0.617900
58.000000 0.626400
59.000000 0.614500
60.000000 0.616100
61.000000 0.603500
62.000000 0.605200
63.000000 0.606500
64.000000 0.602400
65.000000 0.594700
66.000000 0.595100
67.000000 0.595000
68.000000 0.594200
69.000000 0.583700
70.000000 0.590200
71.000000 0.583200
72.000000 0.577100
73.000000 0.578200
74.000000 0.574600
75.000000 0.565700
76.000000 0.562100
77.000000 0.555500
78.000000 0.557300
79.000000 0.561300
80.000000 0.550200
