0.000000 0.500000
1.000000 0.582386
2.000000 0.677727
3.000000 0.678068
4.000000 0.661364
5.000000 0.717727
6.000000 0.737159
7.000000 0.740455
8.000000 0.763977
9.000000 0.778182
10.000000 0.814318
11.000000 0.820000
12.000000 0.816591
13.000000 0.841705
14.000000 0.852045
15.000000 0.857955
16.000000 0.863523
17.000000 0.877159
18.000000 0.882273
19.000000 0.876364
20.000000 0.885909
21.000000 0.882841
22.000000 0.898409
23.000000 0.894205
24.000000 0.898636
25.000000 0.909886
26.000000 0.904886
27.000000 0.904318
28.000000 0.915000
29.000000 0.919432
30.000000 0.924091
31.000000 0.922159
32.000000 0.928182
33.000000 0.920227
34.000000 0.925455
35.000000 0.936023
36.000000 0.936705
37.000000 0.940455
38.000000 0.939886
39.000000 0.938523
40.000000 0.940568
41.000000 0.941932
42.000000 0.947045
43.000000 0.947273
44.000000 0.947273
45.000000 0.953182
46.000000 0.953182
47.000000 0.953409
48.000000 0.956250
49.000000 0.957386
50.000000 0.955682
51.000000 0.960795
52.000000 0.959205
53.000000 0.961250
54.000000 0.960909
55.000000 0.961705
56.000000 0.962386
57.000000 0.961818
58.000000 0.965227
59.000000 0.966818
60.000000 0.967727
