0.000000 0.500000
1.000000 0.629659
2.000000 0.617500
3.000000 0.634545
4.000000 0.639886
5.000000 0.660795
6.000000 0.640114
7.000000 0.622273
8.000000 0.652841
9.000000 0.646364
10.000000 0.634318
11.000000 0.629545
12.000000 0.634432
13.000000 0.617614
14.000000 0.616136
15.000000 0.631250
16.000000 0.626364
17.000000 0.634773
18.000000 0.631023
19.000000 0.618636
20.000000 0.626705
21.000000 0.628182
22.000000 0.619659
23.000000 0.611364
24.000000 0.614432
25.000000 0.604773
26.000000 0.604091
27.000000 0.606477
28.000000 0.596818
29.000000 0.596250
30.000000 0.585682
31.000000 0.579545
32.000000 0.579773
33.000000 0.577727
34.000000 0.566818
35.000000 0.565795
36.000000 0.556818
37.000000 0.555909
38.000000 0.551250
39.000000 0.543750
40.000000 0.540909
