N=50
P=40
R=3
1 0.438086 -0.335811 0.559767 -0.759835 -0.277938 -0.365054 -1.107383 0.541116 -0.675018 1.210041 -0.178183 -0.358971 -1.774355 1.037432 0.608251 0.237989 -0.017858 0.207681 2.470130 -0.186070 1.125806 -1.177245 -0.733063 -0.483626 -1.452178 2.538495 1.534035 0.989042 1.400527 -1.302732 0.281225 -2.176792 -1.176770 1.400891 -0.561156 -0.164397 -1.006711 0.930633 2.158917 -0.620600 0.380612 2.000000
2 1.390642 1.992710 -0.028280 -0.071193 1.525673 0.154570 -0.366557 2.139796 -1.370172 -0.785025 -1.216074 0.231538 0.411676 -0.471860 0.415979 0.001551 -0.789864 -0.558455 -0.590548 -1.831150 2.028697 -1.334173 -1.462093 -1.864859 0.984439 -0.013511 1.361086 1.214078 1.949247 0.080173 -0.947279 -0.622719 0.135745 -0.297489 -0.405447 -0.479675 0.105848 0.787176 -0.572384 -1.940487 1.089755 1.000000
3 1.000907 -0.897839 -0.549196 -0.292371 -0.864882 1.287687 1.089511 0.296909 2.447166 -0.934518 -1.456598 -1.465708 0.958858 -0.424426 -1.486840 -1.775342 1.559215 1.350662 0.026029 1.009249 0.158305 -0.159666 0.552179 0.828169 -1.033542 -0.140729 -0.680846 -0.795632 -0.171225 0.890868 0.282963 -0.121402 -1.003475 -0.905967 0.334654 -0.830465 -2.251832 1.320119 0.575049 -0.196333 1.094915 2.000000
4 0.436622 1.001444 1.408308 0.513141 0.713850 -0.206579 1.079097 -0.760230 0.975232 0.337989 -2.128376 -0.223214 -1.811691 0.571387 0.386960 -0.233767 -0.699548 2.203172 0.203052 0.344687 -1.313194 -0.353273 -1.079237 -1.737414 0.451383 -0.934272 0.241708 1.044155 1.203521 -0.416516 -1.470837 0.359610 -0.226523 -0.782935 -0.935017 -1.312223 0.171254 1.266349 0.531866 -1.551220 3.519702 1.000000
5 -0.880423 -0.353893 -0.756563 1.335839 0.446863 -0.619571 1.422953 -0.749207 0.232741 1.459678 -0.785487 0.609055 -1.106447 0.302085 -0.162926 1.088325 0.661791 -0.689293 -0.191857 0.404942 -0.668727 -1.104851 0.784828 0.910294 1.055635 -1.540733 -1.768112 -0.136088 0.160860 -0.153728 0.005003 -1.472027 -0.031377 0.316426 -0.099369 -0.304920 -2.502915 -1.561082 1.015842 -3.179247 3.430794 2.000000
6 1.101511 -1.760910 2.674327 0.024911 0.248223 -2.398811 0.794897 -0.122559 0.203588 -0.542662 1.244963 1.585547 0.552805 0.805042 0.944336 0.121347 -0.249263 -0.155353 0.345530 -1.818100 1.134240 0.366137 -0.841051 -2.552862 0.912346 -0.071699 0.242354 1.461681 -1.844236 1.394652 -0.966805 0.051161 -0.927755 -0.497753 -0.435792 1.526145 -1.286592 -0.391347 -1.044974 0.017315 0.020254 1.000000
7 0.228013 1.902461 0.572267 0.427687 0.195144 -1.073538 -0.545956 -2.126061 -0.287860 -0.185886 0.051830 -0.233650 -0.365156 -0.591082 -2.602688 0.476485 2.195784 0.953377 -0.909785 1.170226 -0.010057 -0.034376 2.026341 -0.856831 -0.829829 1.294840 -0.058674 0.235744 -1.809696 -0.535284 0.214076 -1.380574 -1.328451 1.532488 0.260577 0.504416 0.323371 0.094310 -0.887255 -0.524789 0.414676 1.000000
8 0.688386 -1.340485 0.704379 -0.511363 1.141051 1.216454 -1.066052 -0.928045 1.534083 0.804561 0.543985 -0.399121 0.219228 0.810485 -1.913953 1.416545 0.862520 -0.383006 -0.515041 1.064646 -0.159947 -0.803834 0.637196 1.390791 0.335517 0.126553 0.658710 -1.500932 -0.977444 -0.401841 0.256749 0.088807 0.643194 1.445855 0.708685 1.165752 -0.391523 0.214023 -0.071207 -0.058165 0.434481 2.000000
9 0.460921 -0.660065 0.287267 -0.347136 0.624257 0.624846 -1.026535 -1.092044 -0.751784 0.543372 1.544292 1.206093 1.060424 0.594223 0.081236 1.501404 -0.561315 -0.434482 -0.771951 -0.672957 -1.559206 0.075041 0.256216 0.572317 0.678788 1.217191 1.141472 -0.985709 -0.771073 0.069733 0.022459 -0.885967 -1.443142 -0.705887 1.264025 -0.345076 0.428054 0.622753 -0.407467 -0.463491 1.196455 2.000000
10 -0.424454 -0.359996 1.268342 -2.495676 1.008947 -1.057652 -0.903939 -1.496954 0.432840 1.059786 -0.614801 -0.013902 0.965937 -1.603505 0.271017 0.412144 -1.152866 0.393634 1.242507 -0.539526 0.847234 2.640531 -0.300415 1.473683 1.074863 0.311314 0.195709 -1.129220 -0.902696 0.178337 -0.780705 -1.011479 -1.595020 0.689905 -0.544181 0.357957 -0.640252 0.967700 0.589416 -1.074391 1.433904 2.000000
11 -0.322672 -0.334681 -0.153982 1.422929 0.568027 0.578879 -0.506808 -0.074080 0.371774 0.480102 0.450193 0.616769 0.745727 0.350741 0.406146 -0.005101 1.231327 -0.070125 -0.883759 0.896803 -0.296521 -0.075381 -1.067810 -1.334149 -0.054165 0.802799 -0.316985 -0.939925 -1.154162 0.290431 -0.372748 -0.514196 0.577235 1.346331 2.332277 3.430141 -2.546638 0.932177 1.179266 -1.398594 1.631625 1.000000
12 -0.879088 -0.264508 1.345109 0.708769 1.315234 0.254611 -0.581568 -1.118271 -0.832717 0.399247 -0.161528 -0.843755 -1.369205 -1.156300 0.067623 0.946764 0.593965 1.531607 0.277406 -0.851186 0.493552 0.245704 1.309568 1.696161 -0.310739 0.953214 -1.696321 0.067670 -2.318664 1.402144 0.457419 1.123007 0.560827 0.651741 -0.049117 -2.257895 0.135484 -0.074440 1.534269 -0.230169 1.085080 1.000000
13 -0.618990 -1.882317 -0.528384 -0.234500 0.662903 0.468332 -0.659827 1.158048 -0.742527 -0.422901 0.959395 -0.483937 0.195028 -1.192769 0.504929 0.057195 -0.634293 0.858698 -1.140471 -0.502625 -1.024309 0.603590 0.879027 0.522899 -0.088180 0.015070 1.987518 -0.822012 -0.285092 -0.158298 -1.504320 -0.559127 0.181762 -0.022205 -0.655456 -0.202513 -1.547677 -0.406058 0.276481 1.717554 1.886453 2.000000
14 -1.458292 1.203709 -0.510756 -1.526978 1.387730 1.505121 -1.236968 0.065166 1.105389 0.436110 -0.320520 -0.299737 -3.400948 0.337694 -1.092147 -2.080324 -0.085539 -0.976258 -1.161771 -0.811602 0.354740 1.346983 -1.347711 -1.569040 -0.114996 -1.419764 -1.488008 0.634415 0.633701 -1.569821 -0.733192 0.573600 0.936225 -0.995266 -0.879957 0.026144 0.081490 -0.241639 0.909471 -0.175100 2.479968 1.000000
15 0.356619 1.751763 -1.452862 -0.179832 -0.470283 0.445570 -0.021934 0.635766 -1.419168 -0.689691 -1.434706 1.752127 -2.188509 1.572146 0.851689 -0.029860 -0.735332 -0.342847 0.286331 1.647414 0.517487 1.661622 0.412592 -0.415897 -1.756992 -1.934321 -0.995858 0.006011 -0.462436 0.879636 1.275366 -1.212044 -0.093064 0.156349 -1.400016 1.519023 1.036762 -0.121604 1.407971 -0.638232 0.561102 1.000000
16 0.031073 -0.089466 0.464862 -1.229827 -0.984698 -0.246981 0.357147 -0.124604 -0.150972 0.828967 -1.093802 -0.691039 -0.432086 0.597055 0.440281 -0.675199 2.802995 0.526791 0.688959 0.577165 -0.184286 -1.157096 -0.778812 -0.988014 0.295692 1.825657 -0.970695 -2.405153 -0.076884 -1.540337 -1.780727 0.051293 0.388707 -1.177088 1.502241 2.001416 -0.962640 1.404293 0.369551 0.432072 0.905467 2.000000
17 -0.259495 0.109497 2.577749 0.078188 1.249425 1.143330 0.356529 1.108352 -1.093025 1.716294 -0.387351 -0.701511 -2.584703 0.947272 1.243583 -0.394540 2.026943 -1.621207 -0.228491 0.080286 -2.523458 1.406146 0.551908 1.795959 -1.137623 0.737707 -0.230307 -1.272485 1.224725 -0.464159 -1.191728 0.393799 0.054973 -1.567555 1.934346 -1.868096 -0.496387 -0.644015 1.157647 -1.754548 0.451648 1.000000
18 -1.313458 0.862458 -0.610143 -0.486239 -0.044093 0.842331 1.020917 -0.565947 1.724901 -0.388458 -0.874132 0.718105 -1.154361 -1.249631 0.594804 0.950377 -0.082001 -0.799294 0.770611 -0.171614 -0.275910 -1.037349 0.047231 0.343190 -2.181118 -0.234888 0.607525 0.576464 0.647640 1.000804 0.611475 -0.803098 -0.828256 -0.557931 -0.506247 -0.000097 1.017410 -1.313514 -0.664397 1.310362 8.129443 2.000000
19 -1.301180 0.819752 0.471044 -1.346057 0.605392 -2.152948 -0.133745 -0.968938 0.173042 -0.187367 0.827706 -1.141964 -1.514550 -2.735680 0.176145 -0.448075 -0.558774 0.053161 -1.065769 0.815518 -0.199776 -2.276990 0.359475 -0.855528 -0.808421 1.671883 1.366363 -0.489299 1.248291 -0.488133 0.244897 -0.336861 0.574286 0.202015 -2.439821 1.219376 1.015339 0.157637 0.530739 0.302709 0.156898 1.000000
20 -0.675473 1.818231 0.864014 -0.183457 0.284902 -0.361197 0.424623 -0.391343 -1.492663 -0.110136 1.229067 -0.832656 -0.535968 -1.419912 -0.726331 -0.126858 0.273751 1.974496 0.071847 -1.409506 0.526067 0.003541 -0.757399 -0.375530 -0.265610 -0.391788 -0.481538 -1.437555 -1.113942 -2.063976 -0.195858 -0.742141 0.466573 -1.521969 1.363758 0.728170 1.040505 1.380113 -0.607146 -0.435291 0.115715 1.000000
21 0.049521 0.221041 0.625647 -0.793235 0.113355 -0.487744 0.479345 0.437298 0.962435 0.481528 -1.373983 -0.708535 1.218854 -0.990242 0.759086 0.782485 0.057031 -1.272381 1.171260 -0.759157 2.161332 1.164255 0.121335 0.506917 0.708634 0.024505 -1.523631 -0.544609 -3.050634 0.526147 -0.170097 0.814465 -1.190005 0.713497 0.674162 0.585992 1.092528 0.148015 0.569001 0.302945 1.588520 2.000000
22 -1.052518 -0.766660 0.359482 0.392128 0.604092 -0.978750 0.026017 0.757769 -0.338473 -1.494498 1.319672 0.372086 0.109604 -0.905135 1.272064 -0.711155 -0.940101 1.414598 0.017651 0.504450 -0.250783 -1.162276 -1.889681 -1.283179 -0.847333 -1.171119 -0.310264 0.540102 0.012893 2.163809 -2.885877 0.444307 -0.541594 1.014342 -0.358165 -0.604178 1.062005 0.330976 -0.455936 1.682188 1.223640 1.000000
23 -0.589094 -0.919232 -0.756136 0.723051 1.345171 0.238418 -1.233478 -0.714717 -0.596546 -1.094735 0.384476 -1.455801 -0.749906 -1.289260 -1.405896 0.470141 0.265393 -0.335851 -0.889841 0.633837 0.990924 0.480235 0.606049 0.202870 -0.336313 0.279591 0.675325 -0.356846 1.518207 -0.168219 -0.435471 -0.174382 0.716897 -0.742656 0.722468 1.271384 -0.762755 1.179961 -1.014682 -1.306219 1.297607 1.000000
24 -0.686310 0.652212 -1.570436 0.190375 -1.097883 0.437331 -1.295129 1.376341 1.438583 -0.859117 0.257837 -0.008792 -0.325625 -0.447402 0.191483 -2.439319 0.814063 -1.146472 0.881413 1.609686 -0.500749 1.166380 -0.589477 -0.931742 0.917539 -0.782801 0.574965 -0.393825 0.620133 -0.332848 -0.364385 0.423662 0.440557 1.702479 -1.485928 -0.599117 -2.013645 -0.362371 0.442876 -0.597238 0.604172 1.000000
25 -1.822704 1.180910 -0.664126 0.208379 -1.790461 -0.660069 -0.755709 1.735318 -1.293382 -0.911963 -1.929066 0.076950 -0.976060 -0.136387 -0.387137 0.357825 1.713070 -1.949783 2.110457 -1.267754 -0.808274 0.204530 -0.613863 1.341246 -0.581632 -0.251183 -0.227241 -0.059221 -1.011210 -1.795101 -0.230687 -0.233691 -1.229953 0.707012 0.760971 -0.052741 0.278559 -1.927333 1.488211 -2.616190 2.597226 2.000000
26 -1.278597 0.107729 -1.288704 -0.635337 -0.590684 2.137111 1.704872 0.525375 0.211460 0.294638 0.183892 -0.017116 0.200858 0.176468 -0.000650 -0.596320 0.171874 -0.724195 0.931518 1.018222 -0.689914 1.245857 0.863184 0.043094 1.064033 -0.624609 0.244345 -0.930101 -0.471494 -0.077302 0.072401 -0.971169 -0.711710 0.624882 -0.202773 -0.165777 -0.919523 -1.416675 -0.596851 0.493477 1.714371 2.000000
27 -0.094654 1.770105 1.477328 -0.657651 -0.103038 0.938617 -0.519185 1.246155 0.782040 -0.868776 2.569592 0.974774 0.892363 -0.813344 -1.204654 1.082136 -0.530258 -0.637239 -0.224912 0.421949 -1.125751 1.804443 -0.219900 -0.728389 1.635611 0.688283 1.139684 -0.973883 -0.602523 0.500514 -0.322959 0.126332 0.034533 -1.218208 -0.793533 -1.006981 -0.641201 1.637920 1.355042 1.293282 0.712179 1.000000
28 0.037684 -0.160597 -0.647955 0.072028 -2.766206 -0.018687 0.626462 1.201081 -0.247877 0.366733 -1.174171 -0.712742 -1.777940 0.026384 -0.130598 0.446258 -0.154093 0.301381 0.799634 0.130566 0.364740 -0.057190 0.111094 0.486241 1.317942 -0.866034 -2.180572 1.272893 -0.062729 0.245596 -0.351684 0.499197 -2.045858 0.116693 -1.607657 0.440671 -0.439317 -0.452377 -0.921473 -1.312330 0.328019 1.000000
29 0.788026 1.198040 0.045666 -1.040914 1.298717 1.118661 0.663326 1.130047 -0.457591 2.753835 2.034596 1.140580 -0.352515 0.686013 1.237258 0.565556 -0.639004 0.117773 0.529795 -1.020638 0.508453 -0.939793 -1.313266 -0.102690 -0.464060 0.702701 -0.921668 -0.608384 0.782219 -0.543180 1.115253 -0.561353 -0.928363 -1.684186 -0.011920 0.491421 -0.617693 1.783791 0.033570 0.440835 12.940896 2.000000
30 0.247090 2.579115 1.199972 0.653764 2.157446 -1.903837 -0.080445 0.751034 -0.310750 0.856929 -0.560800 -1.383326 0.918674 -0.318864 0.300905 0.845325 -0.712155 0.046085 -0.278149 1.626385 -0.736248 0.167719 -0.303195 -0.630112 -1.335398 0.874167 0.859941 -0.045053 -0.141307 -0.714308 1.124022 1.217945 -0.736066 0.841721 -0.179617 0.995073 -0.305873 -0.637382 1.169762 -0.189769 0.718921 1.000000
31 1.079160 -1.130775 0.940288 -0.168258 0.482415 -1.099150 0.499134 1.547609 -0.485639 -1.004916 -1.309414 -0.972816 -1.099962 -0.517618 0.164706 0.902503 -0.554745 0.638516 -1.616387 1.599653 -0.386060 0.702561 1.371924 0.279874 -0.484914 1.685262 0.804716 -2.712975 -1.075891 -2.006203 1.197456 -0.137915 -1.448651 -0.521460 -1.120807 0.602685 0.868258 0.362049 1.230890 1.967527 0.249976 1.000000
32 0.332413 -0.325898 -0.833634 0.320374 -0.299431 0.178595 0.475645 -1.149748 1.707667 2.480555 -0.035826 0.385340 -0.679533 -2.000343 -0.914614 -0.868806 -1.601756 1.617446 1.736049 0.137145 -0.748738 1.400974 -0.750696 -0.012235 0.258022 -0.256748 -2.349323 0.863630 -3.127158 1.472170 -1.338728 0.986192 0.879055 0.222102 -0.383074 -0.424527 0.875196 0.456433 -0.056017 -0.162415 5.852740 2.000000
33 1.610802 -0.642039 0.927471 1.249518 0.823681 -0.616229 -0.411847 0.245815 0.409871 0.511649 0.536953 -0.725561 -0.298977 -0.484858 2.016985 0.036786 -0.292367 -1.243733 -0.257578 0.094267 -0.018884 -1.213662 1.155655 0.945440 1.515981 -2.096829 -0.467496 1.047084 0.462504 1.618234 -1.352902 -0.935676 0.296797 0.773058 0.384130 0.492838 -2.606012 0.245434 2.136142 1.066474 2.088451 1.000000
34 0.679281 -0.188521 2.222854 0.029898 -0.508767 0.699475 0.482695 0.465565 -0.829760 -0.079684 0.605907 -0.038611 -1.750507 -0.502054 -1.050098 -0.731878 0.226695 0.274985 0.395874 -0.234983 -0.379535 0.520294 0.812444 -0.974798 0.254181 0.521766 -0.910430 -1.655138 -1.352404 -0.798859 -1.432398 0.558462 -0.732523 -0.197453 0.683689 1.060020 -0.182918 -0.163695 -0.704495 -0.326386 2.623367 1.000000
35 -0.216752 -0.743307 0.141431 1.778062 -1.905214 -0.625414 0.589750 2.802932 -1.132489 0.506004 -1.123824 0.141241 -0.492456 -0.901135 0.574641 -1.173530 1.341590 0.726184 -0.440008 0.190040 0.162769 0.708987 -0.192195 -0.553989 0.792306 -0.518891 -0.167829 0.335727 -0.364304 0.952416 1.189355 0.166048 -0.953106 -0.467858 0.877421 -0.178849 0.972952 0.139502 -0.302635 0.834443 8.174537 2.000000
36 0.953730 -0.090242 -0.777710 -1.508612 0.068750 -1.373773 1.059977 0.149529 0.633020 0.408284 0.587690 1.257942 -1.406048 -2.260500 0.756767 0.635018 -1.323268 -0.378999 -1.130346 1.061076 -0.655809 0.682953 1.053772 1.749344 -0.731577 -0.039842 1.335346 -0.635558 2.463858 -0.767392 -0.395865 -2.166069 0.620730 -0.437149 0.917693 -1.178951 -0.943331 -0.420546 0.535431 -0.045542 0.565776 1.000000
37 -0.010703 0.254162 -1.449246 0.823701 1.171764 0.530391 -0.478381 0.864191 1.260414 0.305394 -0.985779 -0.948273 -1.456027 -1.117360 -0.441194 0.405357 1.472311 -0.674936 0.915609 0.388314 -0.248957 0.000164 -1.231423 0.067580 -1.877100 -1.305899 -0.196475 0.855522 -0.206200 0.160538 1.095097 0.849836 -0.625367 -0.470015 -0.434960 1.483844 -0.598537 -0.083023 -1.498127 0.051668 3.241109 2.000000
38 -0.861477 -1.548595 1.702436 0.705582 1.993045 1.085212 -0.991084 0.893656 0.617607 2.342724 -0.464165 -0.461665 -0.726656 0.675358 -0.928770 1.743806 -1.657037 -0.770388 2.147790 -0.878425 1.275555 0.205629 -1.985169 0.906898 -0.322443 1.068709 1.641277 0.209517 -1.197234 0.305249 0.569447 -0.328776 -0.387215 -0.108282 0.229641 -1.084236 -1.009103 0.253477 0.767105 0.133663 0.254807 1.000000
39 0.596258 0.811384 -0.379649 0.146521 -0.867444 0.340903 -0.623061 1.623963 0.256743 1.729534 -0.272656 0.730925 -0.074556 -1.293183 0.012554 0.409046 -3.074939 -0.759380 2.623474 0.534891 0.551981 -0.252209 -1.768081 -0.118114 -1.148551 0.186020 0.098982 0.464624 0.603957 -0.589834 -0.486586 1.789925 -0.678243 0.439372 -0.409784 0.905095 -2.551976 1.974273 0.036493 2.031559 2.283285 2.000000
40 0.813113 1.643356 0.124810 -0.133613 0.841325 0.321052 0.322177 -0.607070 0.144556 -0.433637 0.142234 1.204353 -0.761025 0.218382 0.034159 -0.081661 -1.160989 -0.808835 -2.271392 0.284221 -1.043032 -0.148350 0.107462 -0.636510 0.449670 0.914831 -1.098155 -0.188414 -0.985849 -0.535719 0.813654 -0.352061 1.370194 -1.638220 -0.288556 0.964271 -0.639761 1.371094 1.349003 0.564899 0.946673 2.000000
41 -0.317256 -0.564244 -0.077734 0.487955 -0.948435 0.395754 -0.137094 2.300057 -0.196166 0.771159 -0.498065 -0.049808 1.231439 -0.669448 -1.181401 -0.179394 0.701889 -1.746220 1.577952 0.246029 1.035841 -0.423915 -1.714836 1.227895 0.963076 -0.093988 -1.438240 0.868786 -0.324257 0.445057 -1.254996 0.504278 -0.016963 0.451315 -0.365050 0.805505 0.875680 1.359291 -0.099055 0.423832 2.951520 2.000000
42 1.335332 0.495703 -0.441485 0.707060 -0.488691 -1.410775 1.061313 -1.873862 1.030154 0.119099 -0.179064 -0.257317 -1.671422 1.838091 -0.232931 0.001244 -0.877641 0.575347 -0.074448 -0.284031 -0.643964 -0.668489 2.079848 -0.063184 0.030969 0.313644 -0.338363 0.536721 -1.534302 0.193658 0.970953 0.391548 0.249542 2.003153 -2.231297 0.961439 -1.368652 -0.914466 -0.793654 -0.985917 2.508013 2.000000
43 0.374761 -0.251623 -0.306678 1.110095 -1.848912 1.764908 -0.216539 2.544883 -0.688540 -0.507517 -0.861989 -0.861323 -0.651947 -0.736853 -0.913972 1.034097 0.443355 0.069132 -1.423671 -0.872299 0.735652 1.213602 1.563900 0.944071 0.275010 -0.199765 1.583201 0.351291 0.492848 0.851953 -1.992101 -0.392451 0.396277 0.736383 -0.126827 0.530639 -0.541440 0.237419 1.269395 -0.996325 2.809896 2.000000
44 -0.094945 0.703131 2.175869 1.438707 1.608204 0.969584 1.865831 1.397381 1.175214 -1.057417 -1.493398 -0.877751 -0.071255 -0.272894 1.099183 -1.593877 -1.636331 -1.956291 0.510572 1.380641 -2.741484 -0.813008 -0.930584 0.481418 -1.574214 0.764660 -0.647302 -0.090000 0.116187 0.546252 1.059397 -1.376877 -0.571974 -0.897221 0.693894 0.187172 1.829601 -1.346122 0.535788 -0.904444 0.381238 1.000000
45 -0.587128 -0.825818 -0.787076 -0.423837 1.291466 -0.032464 1.569732 1.720050 -0.151431 1.138479 -0.682212 -0.475415 2.773034 -1.535805 0.879130 0.614598 1.595665 -2.029487 -0.439770 0.798405 0.324485 -0.610918 1.241265 1.031707 0.003755 -0.979159 0.693683 1.007102 -0.191328 -0.096664 1.096682 3.500590 -0.689120 -1.025956 -0.522124 0.427249 1.878525 0.531113 -0.843391 -0.546684 2.170906 1.000000
46 0.450502 -1.019922 0.374305 0.902114 1.751853 -2.427475 -1.064821 0.439286 0.310144 -0.372615 1.141485 0.423771 1.526037 0.548203 -0.376480 1.176125 -0.658117 0.983092 0.083681 -0.675483 -0.855349 0.604669 -0.506042 1.584614 0.501107 0.557684 -1.376203 -0.332526 -0.517583 -0.284245 0.439662 -0.168359 -0.256149 0.381119 -0.484519 -1.374299 1.505113 -0.916397 0.224343 0.017080 0.089886 1.000000
47 1.438999 0.613204 -0.087431 0.161767 1.034379 0.577824 1.887550 0.301109 0.690530 0.558402 1.268635 -0.368581 -0.947031 1.632047 1.211238 0.603870 1.258252 0.921394 0.077020 0.623192 0.123274 0.189960 0.060577 -0.251151 -1.245399 1.294471 1.139914 -2.460300 0.734740 0.329927 -0.689775 -0.244474 1.221348 -0.332689 -0.798042 -1.202284 0.276791 -0.825436 -1.958132 -1.185250 1.114496 1.000000
48 -0.930775 1.300080 -0.405624 0.856184 0.614003 -0.349996 1.096512 -0.003405 -1.478263 -1.640812 0.536410 0.518239 0.923690 1.475233 0.397985 -0.942344 -1.578207 0.114162 0.572786 -1.121658 1.191385 1.230576 0.278744 0.723601 -2.464330 -0.275480 0.534465 0.244187 1.309989 -0.469615 -0.138065 -0.360903 0.459687 0.519754 0.526133 -0.934624 0.468096 1.518571 1.423899 0.312516 0.050749 1.000000
49 1.375601 0.204449 0.014308 -0.246406 1.216976 0.500107 0.276613 -2.314881 0.918843 0.521961 -1.183531 0.092874 -1.951107 -1.945796 -1.715357 -0.757441 -1.288237 -1.955125 -1.721005 0.234578 0.544173 -0.196709 1.541922 -0.625094 -0.241760 0.403970 -0.338097 0.780087 -0.500999 0.024891 -0.527928 -0.131530 1.958559 0.058812 -0.232338 -0.591309 1.805843 1.549557 -1.004872 0.522968 0.596473 2.000000
50 -0.375268 0.630036 -1.249708 1.674812 -1.567693 1.391899 0.078187 -0.701734 -0.322459 0.930535 -0.525584 0.688340 0.636119 -0.183542 0.157444 0.087477 -0.984812 0.554101 -0.852396 -0.039268 0.106881 0.623807 -0.088738 -0.317164 2.434902 -0.721230 0.169332 0.201638 0.061233 1.694791 1.495730 0.518306 0.710960 0.028575 0.621303 1.110582 -0.033871 1.234847 -0.183951 0.025929 5.314475 2.000000
uncorrelated Gaussian covariates
missing covariate fraction: 0.000000
no latent classes
   lambda(t|risk 1)=C, <t>=4.000000 for zero covariates
   lambda(t|risk 2)=C, <t>=5.000000 for zero covariates
   risk 1: beta[1]=0.100000
   risk 1: beta[2]=0.200000
   risk 1: beta[3]=0.300000
   risk 1: beta[4]=0.400000
   risk 1: beta[5]=0.500000
   risk 1: beta[6]=-0.100000
   risk 1: beta[7]=-0.200000
   risk 1: beta[8]=-0.300000
   risk 1: beta[9]=-0.400000
   risk 1: beta[10]=-0.500000
   risk 1: beta[11]=0.000000
   risk 1: beta[12]=0.000000
   risk 1: beta[13]=0.000000
   risk 1: beta[14]=0.000000
   risk 1: beta[15]=0.000000
   risk 1: beta[16]=0.000000
   risk 1: beta[17]=0.000000
   risk 1: beta[18]=0.000000
   risk 1: beta[19]=0.000000
   risk 1: beta[20]=0.000000
   risk 1: beta[21]=0.000000
   risk 1: beta[22]=0.000000
   risk 1: beta[23]=0.000000
   risk 1: beta[24]=0.000000
   risk 1: beta[25]=0.000000
   risk 1: beta[26]=0.000000
   risk 1: beta[27]=0.000000
   risk 1: beta[28]=0.000000
   risk 1: beta[29]=0.000000
   risk 1: beta[30]=0.000000
   risk 1: beta[31]=0.000000
   risk 1: beta[32]=0.000000
   risk 1: beta[33]=0.000000
   risk 1: beta[34]=0.000000
   risk 1: beta[35]=0.000000
   risk 1: beta[36]=0.000000
   risk 1: beta[37]=0.000000
   risk 1: beta[38]=0.000000
   risk 1: beta[39]=0.000000
   risk 1: beta[40]=0.000000
   risk 2: beta[1]=0.010000
   risk 2: beta[2]=0.020000
   risk 2: beta[3]=0.030000
   risk 2: beta[4]=0.040000
   risk 2: beta[5]=0.050000
   risk 2: beta[6]=-0.010000
   risk 2: beta[7]=-0.020000
   risk 2: beta[8]=-0.030000
   risk 2: beta[9]=-0.040000
   risk 2: beta[10]=-0.050000
   risk 2: beta[11]=0.000000
   risk 2: beta[12]=0.000000
   risk 2: beta[13]=0.000000
   risk 2: beta[14]=0.000000
   risk 2: beta[15]=0.000000
   risk 2: beta[16]=0.000000
   risk 2: beta[17]=0.000000
   risk 2: beta[18]=0.000000
   risk 2: beta[19]=0.000000
   risk 2: beta[20]=0.000000
   risk 2: beta[21]=0.000000
   risk 2: beta[22]=0.000000
   risk 2: beta[23]=0.000000
   risk 2: beta[24]=0.000000
   risk 2: beta[25]=0.000000
   risk 2: beta[26]=0.000000
   risk 2: beta[27]=0.000000
   risk 2: beta[28]=0.000000
   risk 2: beta[29]=0.000000
   risk 2: beta[30]=0.000000
   risk 2: beta[31]=0.000000
   risk 2: beta[32]=0.000000
   risk 2: beta[33]=0.000000
   risk 2: beta[34]=0.000000
   risk 2: beta[35]=0.000000
   risk 2: beta[36]=0.000000
   risk 2: beta[37]=0.000000
   risk 2: beta[38]=0.000000
   risk 2: beta[39]=0.000000
   risk 2: beta[40]=0.000000
