1 -0.095238734043 1.003853833054
2 -0.011345746032 1.014304145863
3 0.080229969231 0.952409290098
4 0.082396764706 0.967985861695
5 0.031458299465 0.968089225934
6 0.108663190476 0.987188716556
7 -0.021397888889 0.960726380166
8 0.028998839378 0.950107933469
9 -0.001076712042 1.051550484677
10 -0.011374020942 1.039452953982
11 -0.018697888298 1.124118526034
12 0.045219859375 0.996692221685
13 -0.018547823834 0.976974456851
14 0.001571541237 0.945178496692
15 0.000738750000 0.981730425991
16 0.006868100529 0.969116349068
17 0.007504037037 1.083142419522
18 0.067978675258 1.000270636573
19 -0.000350926316 0.959973778103
20 -0.012477606383 1.009267192009
21 0.102317575916 1.044876132767
22 0.000091448649 1.150750719247
23 -0.017615946237 1.007102348254
24 -0.049688919786 1.000943813444
25 0.009669768421 0.981490471657
26 0.091333958333 1.072433023496
27 0.050021784211 0.941317118765
28 0.037552119171 0.999822205365
29 0.074138912371 1.034894188838
30 -0.094695549223 1.008680472750
31 0.050424396825 0.905303695845
32 -0.067466095745 0.981759642742
33 0.055118932642 1.000570388642
34 -0.014080755319 0.929490614473
35 0.056195680628 1.022221738689
36 -0.041912657609 0.994816521181
37 0.028581460317 1.037964284945
38 0.050076518519 1.010842949383
39 0.143161468421 0.996220322553
40 0.066660231579 1.031893285436
41 0.072393725389 0.993858956379
42 0.139480823834 0.981085257998
43 0.010402685567 0.997951719356
44 -0.060471069149 0.993212892730
45 -0.066083251337 1.062586441640
46 -0.011652402116 1.088663077186
47 0.116987795699 1.041440012657
48 0.168011597884 1.053557781137
49 0.059207092784 1.001689335014
50 0.035403729167 0.982255315196
51 0.141894904762 1.028689628264
52 -0.072644721311 1.132428774568
53 -0.039419789474 0.976165760195
54 -0.073295584211 1.014822604950
55 0.066390454054 1.009067143698
56 -0.018945973958 1.008739054464
57 -0.038634165775 0.983989363796
58 -0.034582602151 0.975491152377
59 -0.094518702703 0.992124958092
60 0.032403913978 1.000796839429
61 0.122766715026 1.000164526304
62 -0.024988730159 1.065569955492
63 0.038612518919 0.951202297075
64 0.015835365979 0.970374484384
65 -0.022734417526 1.077242343844
66 0.031107725389 1.046228486807
67 0.011763677249 0.938647581165
68 -0.173484052632 1.021625802700
69 -0.083019322751 0.994846389889
70 0.065005351064 1.106300745768
71 0.146001438144 0.986202326437
72 -0.031118000000 1.028361841596
73 -0.004055974227 0.983475800361
74 0.017600688172 1.003889780803
75 -0.042550760870 0.979278462250
76 0.193281176166 1.116082317578
77 0.012717005155 1.033938226711
78 0.066650595745 1.016071114114
79 0.012416591623 1.002061377033
80 0.066131442708 0.976891157905
