active=30: 1 2 3 4 5 6 7 8 9 10 11 12 13 14 15 16 17 18 19 20 21 22 23 24 25 26 27 28 29 30 
active=29: 1 2 3 4 5 6 7 8 9 10 11 12 13 14 15 16 17 18 19 20 21 22 23 24 25 26 27 28 29 
active=28: 1 2 3 4 5 6 7 8 9 10 11 12 13 14 15 16 17 18 19 20 21 22 24 25 26 27 28 29 
active=27: 1 2 3 4 5 6 7 8 9 10 11 12 13 14 15 16 18 19 20 21 22 24 25 26 27 28 29 
active=26: 1 2 3 4 5 6 7 8 9 10 11 12 13 15 16 18 19 20 21 22 24 25 26 27 28 29 
active=25: 1 2 3 4 5 6 7 8 9 10 11 12 13 15 16 18 19 20 21 22 24 25 26 27 29 
active=24: 2 3 4 5 6 7 8 9 10 11 12 13 15 16 18 19 20 21 22 24 25 26 27 29 
active=23: 2 3 4 5 7 8 9 10 11 12 13 15 16 18 19 20 21 22 24 25 26 27 29 
active=22: 2 3 4 5 7 8 9 10 11 12 13 15 16 19 20 21 22 24 25 26 27 29 
active=21: 2 3 4 5 7 8 9 10 11 12 13 15 16 19 20 21 22 24 25 27 29 
active=20: 2 3 4 5 7 8 9 10 11 12 13 15 19 20 21 22 24 25 27 29 
active=19: 2 3 4 5 7 8 9 10 11 12 13 19 20 21 22 24 25 27 29 
active=18: 2 3 4 5 7 8 9 10 12 13 19 20 21 22 24 25 27 29 
active=17: 2 3 4 5 7 8 9 10 12 13 19 20 21 24 25 27 29 
active=16: 2 3 5 7 8 9 10 12 13 19 20 21 24 25 27 29 
active=15: 2 3 5 7 8 9 10 12 19 20 21 24 25 27 29 
active=14: 2 3 5 7 8 9 10 12 19 20 21 25 27 29 
active=13: 2 3 5 7 8 9 10 12 19 20 21 25 27 
active=12: 2 3 5 7 8 9 10 12 19 21 25 27 
active=11: 3 5 7 8 9 10 12 19 21 25 27 
active=10: 3 5 7 8 9 10 12 19 21 25 
active=9: 3 5 7 8 9 10 12 19 21 
active=8: 3 7 8 9 10 12 19 21 
active=7: 3 7 8 9 12 19 21 
active=6: 3 7 8 9 12 21 
active=5: 3 7 8 9 12 
active=4: 3 7 8 9 
active=3: 7 8 9 
active=2: 7 8 
active=1: 7 
