0.000000 0.481667 0.520000
1.000000 0.654167 0.668400
2.000000 0.740417 0.763000
3.000000 0.777500 0.810800
4.000000 0.803958 0.859800
5.000000 0.812292 0.889200
6.000000 0.807500 0.890400
7.000000 0.823750 0.874200
8.000000 0.800833 0.902600
9.000000 0.813750 0.910200
10.000000 0.811042 0.907800
11.000000 0.799792 0.894800
12.000000 0.789792 0.915000
13.000000 0.796250 0.921800
14.000000 0.796667 0.925000
15.000000 0.791042 0.927000
16.000000 0.784375 0.936800
17.000000 0.776042 0.933600
18.000000 0.773750 0.939400
19.000000 0.756875 0.945800
20.000000 0.756042 0.947600
21.000000 0.742708 0.945600
22.000000 0.724792 0.947000
23.000000 0.729792 0.949600
24.000000 0.725208 0.952400
25.000000 0.703333 0.952800
26.000000 0.699375 0.953800
27.000000 0.701250 0.955200
28.000000 0.685417 0.953200
29.000000 0.685208 0.956400
30.000000 0.680833 0.953800
