N=50
P=60
R=2
1 1.238700 0.595540 -1.554815 -0.996431 1.274518 -0.891367 -1.138038 -0.439316 -1.265958 -1.252935 -0.851561 -0.849314 2.219311 -2.575624 1.027674 NA -0.996558 -0.718379 -0.920715 0.537844 -1.058869 -1.367962 1.104948 -0.979424 -1.093756 -0.123152 1.469270 0.373400 1.275983 -0.189561 0.365038 NA -0.113057 -1.851475 NA 2.111939 -1.057242 1.758474 -1.079735 -0.680071 0.547116 -0.472123 1.981071 0.284663 -0.060159 -0.720458 -1.132246 1.281325 -1.659035 0.577543 -0.302344 -0.270543 -1.367788 -0.953931 -0.149674 -0.068535 -0.856657 0.020070 -1.203169 0.619996 0.587221 1.000000
2 -1.229238 -0.273348 0.679318 0.396869 -1.681317 0.681611 0.722391 NA NA -1.104775 0.355367 -0.643974 0.233682 0.419211 -0.463004 -1.260624 -0.555085 0.015800 -1.455056 -0.204933 1.382090 -0.001892 0.187092 0.761506 0.026412 2.123563 0.193356 -0.494812 1.466527 -0.524955 -1.227083 NA -0.162608 0.767010 1.034051 -0.686005 -0.323901 0.072436 -1.799161 NA NA 0.286570 -0.113969 0.063161 -0.885022 1.681561 -0.990109 -0.372944 -0.999829 2.117799 0.528990 -0.251299 0.710049 -2.628181 -0.650393 NA 1.210749 -1.174474 0.122984 -0.329261 5.766624 0.000000
3 1.929980 0.053838 -0.870372 1.041430 0.395249 -1.083305 0.108753 -1.831377 0.170081 0.666555 0.848431 -0.991912 0.018600 -0.735245 1.654035 -0.036914 0.654339 0.360804 0.128798 -0.401562 0.027153 1.066770 0.304612 -2.253672 1.962339 1.286529 -1.259061 -0.716408 0.631612 -1.323467 0.408209 1.572016 1.506154 0.597313 0.687068 0.367325 -1.182735 -0.976068 0.003617 -0.158695 -0.841245 0.025464 -0.427001 -0.297914 -1.246502 0.934107 -0.766366 0.398220 0.659078 0.439425 1.844131 -0.824819 0.704671 0.941389 0.486283 -0.144363 0.768930 -0.797245 0.171351 1.803784 0.392103 1.000000
4 NA -2.533007 -0.351325 0.671951 -2.048260 0.637708 -0.321266 0.976291 -0.932255 0.788212 0.480424 0.809750 0.612550 0.613211 0.848880 1.149305 0.095710 0.518787 1.329522 -1.714719 NA 0.185993 0.027892 -0.701245 0.555877 2.664881 0.291055 0.760934 0.625093 -0.013470 0.186467 -0.858490 -0.173799 -0.137877 0.777347 0.000653 -0.810323 1.363307 2.243016 -0.132683 0.098313 0.887272 0.894339 -1.586015 1.356447 -0.339406 -0.714914 0.565232 0.011099 -0.457228 1.116239 0.610166 0.634781 -0.330210 1.311184 0.863771 0.462916 0.711517 -0.185464 -0.081283 9.837623 0.000000
5 -0.090657 NA 1.143355 NA -1.033393 -1.342522 2.600640 -0.170112 1.666537 -0.217211 0.242460 0.070705 NA -0.814244 0.252724 1.275410 -0.474089 -0.112794 -0.126323 -0.376347 1.221599 -0.833604 0.102495 0.895826 -0.252425 0.145138 1.468579 2.403801 -0.303738 0.448295 -1.606166 1.137778 -0.664994 -0.331729 -0.277108 -0.180666 -0.916563 -0.435794 -1.345646 1.057865 NA 1.311088 -0.725022 1.630298 0.466119 0.132447 0.278607 -0.396879 1.355864 NA 0.849946 -0.614224 0.118518 0.476530 -0.031357 1.073764 -0.313243 1.017359 1.337827 0.816606 3.170163 1.000000
6 0.981848 0.573380 0.406697 -0.364310 -0.570088 -0.002661 -0.074985 -1.327167 -0.615419 -1.572349 -0.351967 -1.285027 -0.469391 0.362783 0.285866 NA 1.328985 -1.182787 1.434970 0.570836 0.979504 0.533501 -2.972613 1.087354 -1.183824 -0.995571 -0.838950 -1.012370 0.188387 -0.678552 0.562978 0.350902 -0.414344 0.768525 -0.718804 1.673569 -2.034322 1.007321 0.057121 0.117070 0.058221 -1.010849 -0.685380 1.112818 -0.062248 -0.511508 -1.037771 0.828832 -1.094412 NA -1.137177 1.084928 -1.733987 -0.487348 1.072994 -0.688247 -0.094428 -0.633878 -0.512774 0.503922 0.189082 1.000000
7 -0.236458 -1.090269 0.234647 -0.181257 0.203053 0.621396 0.027989 0.424745 -0.650744 -1.217686 0.790208 0.824897 0.486652 -1.222845 0.147156 0.577371 -0.009719 1.152995 1.083329 -0.498069 -0.259409 0.301167 -0.819076 -1.761423 0.127663 -1.885578 1.136869 -0.316911 0.625919 0.093327 0.411206 0.140178 1.989790 -0.697814 NA 0.625407 1.115278 1.064825 0.285396 0.142417 0.504999 0.338592 -0.573461 -0.441040 0.697321 -1.742702 1.757210 0.702529 0.013110 1.045620 -0.504173 -0.894826 0.281082 -0.541541 -0.963656 -0.560373 -0.837604 -0.122505 -0.159598 -0.011617 6.104804 1.000000
8 -0.727820 1.069028 1.731943 0.754054 0.742715 -0.398019 0.004938 -0.740671 0.146345 -1.031671 -1.978482 0.645208 -0.595059 1.850782 -1.421113 -0.346253 0.763661 -0.129890 2.320823 -0.331209 -0.293389 1.433293 -0.651810 NA 0.644978 -0.786647 0.270602 0.147419 0.873743 -2.640800 -0.105851 1.391921 -1.271220 -0.927002 2.568893 0.645640 -0.185219 NA 0.890808 NA -0.540483 0.322271 0.801847 -0.362683 -0.784339 -0.062314 -0.574815 -0.844716 -0.849667 -0.467541 -2.189451 1.702319 0.377399 NA 1.217668 -0.098846 -0.138373 0.007224 1.029755 1.315868 0.072568 1.000000
9 0.928129 1.958713 0.807818 0.074050 0.972130 -0.155351 -0.850691 0.737584 0.905794 -0.663304 -1.456152 -1.212751 -1.627430 1.541890 0.518113 NA -1.965374 0.893049 1.078530 -2.063140 -0.169599 0.645481 -1.202523 -0.494332 -0.444257 -0.611635 -0.416585 0.103890 -0.180900 -0.218916 -0.380727 1.326903 0.495240 0.055865 0.731110 -1.278487 -0.085406 -0.464092 -0.517442 -0.635396 -1.083129 -0.399609 1.331659 1.796354 -1.357588 -0.331081 0.109368 1.858798 0.504915 NA 0.003562 -1.653189 NA -0.643604 0.485114 1.256025 -0.005102 -0.084405 1.237859 -0.190110 0.130110 1.000000
10 0.008506 0.039161 -0.657923 1.299095 -1.832681 -0.931894 2.127399 -0.031783 -0.838375 2.043995 0.551960 0.694032 0.142226 0.484430 -0.730077 0.982462 1.492564 0.393213 0.558112 NA 0.034378 0.203676 -0.950026 0.553225 -0.006434 0.721334 1.446782 NA -1.178960 0.716295 -1.639082 -0.983917 -1.212026 -1.174521 -0.267618 0.399284 0.446466 0.075105 -0.674436 1.642926 -0.014339 -0.779287 -0.575686 0.441735 0.686426 0.183454 0.583843 0.365052 0.589593 -0.474148 -0.270524 -1.419194 -0.083331 0.294113 NA -0.591460 0.877713 -0.572187 -0.060461 -0.235820 10.852138 0.000000
11 0.533430 3.020987 0.874466 -0.894687 -0.063744 -1.568617 -0.380289 -0.332736 0.690004 0.376497 -0.266291 -0.474758 1.237162 0.244421 0.599140 0.367283 0.502333 NA -0.644484 1.808506 -1.261130 -0.656402 -0.020495 -2.629077 0.027997 -1.011270 0.742638 1.257909 -0.240237 1.039387 0.096004 0.124396 -0.627991 0.392029 0.419234 0.959675 -0.358878 0.443647 -0.561451 1.386652 NA 0.549411 -0.191617 0.786793 -0.231821 0.097390 0.439386 0.293555 -0.224589 2.206484 -1.701108 -0.920566 1.212680 1.447823 -0.600770 0.525906 -0.763743 0.298853 -0.886864 -0.889064 0.503389 1.000000
12 0.118426 -0.805698 0.113549 1.290845 0.219647 1.179032 -0.187693 0.678318 0.309064 0.521654 -0.432030 -0.817759 0.021867 NA 0.265499 -1.956066 -0.425205 -0.858124 -0.636398 0.224930 -0.707759 1.990181 0.411541 1.362300 -1.701296 -0.075604 -0.477287 1.577412 0.430110 -0.653991 0.538696 0.144948 0.426766 -1.761874 0.592211 0.638233 0.058387 -0.365075 -1.341300 -0.913505 -0.576381 2.124240 -1.205656 -0.230438 NA 1.501330 -0.315827 1.981717 0.652837 2.360116 0.748298 0.793392 -2.114322 -0.991298 -0.743779 0.800807 0.481363 -0.022623 0.535553 -0.494913 7.342362 1.000000
13 -0.374606 -0.619703 0.237760 0.911392 0.383352 -0.665864 0.294485 NA -0.154356 -0.300489 0.517888 1.228832 -1.012664 -0.178935 -0.193511 -0.444429 0.026565 -0.906910 -0.379136 1.037900 -0.559907 -0.737726 NA 0.394671 -1.384217 0.224259 1.600749 -1.998477 -0.393878 1.553420 0.120043 0.340142 -0.477762 0.150069 -0.276246 -1.083517 0.284760 0.662661 0.963460 -1.014779 1.343471 0.914538 0.278313 0.386221 -0.839925 0.092445 0.129947 1.617497 NA -0.633258 0.362171 0.116879 -0.717225 0.623963 -1.020033 -0.947375 -0.972565 1.067970 -1.360215 -0.385643 1.187327 0.000000
14 0.032059 -0.307849 -1.235099 -0.044400 -0.320832 -2.497799 -0.047283 -1.577334 -3.071758 1.359842 0.741425 0.143355 -0.104296 1.971796 0.178173 -0.769785 -0.504689 0.843728 -0.321413 0.507046 0.253884 -0.413891 3.893391 NA -1.057658 0.731499 -0.910084 -0.020578 -1.291337 0.149305 0.096285 0.422419 0.236416 0.448948 1.238025 1.307200 1.119864 NA -0.038356 -0.824154 -0.455830 -0.216026 -0.112227 3.210951 1.590575 -0.043244 -2.373943 -0.288508 NA -0.747791 -1.015266 -0.390840 -0.411894 -0.249380 -0.106855 -0.338842 -1.541026 0.491239 0.143964 -0.302285 0.031979 1.000000
15 -0.859889 1.045997 NA -0.547156 0.154938 0.198979 0.967688 0.057867 -0.527068 1.787011 0.227622 -0.059432 -1.776680 2.568981 -0.242549 0.620039 -1.212957 -0.844507 0.028868 -1.289995 0.860050 0.673217 2.643349 0.888783 -1.176126 NA 0.554556 -0.429882 0.148350 -0.595711 0.878873 -1.085744 -0.530101 1.899345 1.147161 1.198190 0.091570 -0.264269 NA -0.426136 0.434048 0.143283 0.209913 0.908992 -0.032915 0.546599 -0.818368 -0.161193 0.056526 0.663054 -0.886102 -0.545423 0.369946 -0.343407 -0.766057 1.481331 -0.227817 1.080991 1.106107 NA 9.328642 0.000000
16 0.271349 -0.051327 1.323362 0.461588 -1.363093 0.318287 -0.251829 0.977486 -1.207369 -0.152874 -0.854702 1.390288 0.420654 -0.192387 0.138873 0.711441 0.321286 -0.571283 0.447606 -0.077104 0.043503 0.651225 1.200855 -1.809851 -0.378631 NA 0.881434 0.331974 -0.051286 NA -0.113390 -0.380070 -0.027559 -0.586983 0.893884 NA -0.472753 -1.635265 0.034311 0.794811 0.209459 -0.509973 2.565213 0.958185 -0.346384 -0.912556 0.430384 0.346157 0.138186 -0.090373 0.436793 -1.227824 -0.713783 0.453301 -0.343581 -0.931242 -0.003546 NA -0.362194 NA 0.662868 1.000000
17 NA 1.064073 0.555397 0.329287 0.451779 0.339062 0.375009 -0.468327 2.493376 0.210037 -0.071998 -1.168709 -0.227583 -0.429069 -0.063226 -1.771911 -0.726838 0.058678 -1.124545 -1.013410 -1.436007 0.593487 0.448471 -0.704053 -0.498987 0.205634 -1.758894 -1.675635 -1.893324 0.425429 NA -1.927096 0.300577 1.211683 -0.086254 0.297644 NA 0.887036 -0.968235 1.069064 -0.193334 2.358644 -1.000306 -0.306081 -1.042465 0.644732 0.120563 1.025084 0.378698 -0.088308 -1.580744 -0.551142 0.528984 0.094550 NA -0.403816 -1.288509 0.455187 1.369506 0.991242 0.015143 1.000000
18 1.894175 0.663750 0.760366 NA -1.831605 NA 0.334617 1.012810 -2.020476 -0.946117 -0.893859 -0.278101 0.640689 0.471967 1.667484 1.663770 -2.557576 -0.272802 -1.487397 0.030660 -0.670618 -0.806889 NA -0.397781 -0.875371 0.298431 -0.682454 1.219760 0.810648 -0.444893 0.060635 -1.263062 -0.290369 1.030685 1.298938 1.234784 -0.570401 -0.870759 -1.595882 -0.608951 0.345902 -1.277109 -1.084745 -1.722582 -0.735006 -1.520909 0.254038 -0.065872 -0.155796 0.966514 1.519648 -2.402761 0.709876 0.137564 1.562177 1.704990 -1.262319 0.217371 -0.539182 NA 0.559225 1.000000
19 -0.687594 0.515248 0.457721 -0.090860 1.210455 -0.087816 -0.836317 -2.819157 -2.579849 NA 0.169282 0.778244 -1.217136 -2.115141 1.550787 0.648598 0.178573 -0.720237 0.016191 0.700532 0.135002 -1.188469 0.099760 0.491232 0.079437 NA -0.142297 -2.142872 0.546123 1.489544 -1.018339 -0.984552 -1.213478 NA -0.218888 0.896515 0.000148 -0.470379 0.085780 0.452932 NA 1.202688 0.787013 0.289795 0.418635 -0.154899 -1.098940 0.400521 0.635666 0.203090 0.246055 -0.160583 0.491931 0.358823 -0.914484 0.494821 0.236259 -1.108817 1.188762 0.047036 0.028616 1.000000
20 -0.044368 -0.064238 -1.718029 -0.374672 NA 1.263068 1.729275 -1.137661 NA 2.055194 -1.053233 2.101691 NA -0.331312 -1.451924 -0.186109 0.630712 -0.046474 -0.655822 0.101442 -2.607093 0.463785 -1.307458 -1.075687 1.258852 0.879966 -0.792966 -0.379381 NA -0.117155 -2.261384 0.195161 -1.108315 1.203210 -0.564674 -3.278041 0.549051 2.302056 -0.294727 -1.086791 -0.472344 0.819971 -0.126595 0.580409 -2.021545 0.652721 1.017343 0.940722 0.867696 0.271223 -1.691014 0.474273 -1.785078 NA -0.196676 0.380720 0.570709 -1.953373 -0.515570 0.230463 8.402836 0.000000
21 -2.156477 0.648149 NA 0.561480 -0.686534 -1.986322 -0.054189 -1.355094 -1.291255 0.147344 -0.015564 -1.472365 -0.796444 -1.750925 0.097255 0.943340 0.825910 1.475537 0.932223 -1.952845 1.525711 -0.543359 NA 0.164352 NA -0.718172 1.430222 -1.534787 -0.592934 -0.090878 -0.002321 -1.094372 -1.371728 0.695481 0.133227 -0.103337 0.474288 0.001008 -1.933475 1.153599 -0.001192 -1.311937 -1.663640 0.181711 0.034941 -0.650493 -2.395189 0.020279 1.169697 0.977279 -0.758944 -0.014735 -2.371204 -0.457509 NA 0.112679 1.315867 -2.655855 NA -0.483628 1.495900 1.000000
22 -0.907741 1.002095 -2.011112 0.568732 0.458301 0.969389 0.349191 -0.097101 1.122835 NA 0.777856 1.116110 -1.637600 0.358487 -0.513546 0.009499 -1.320201 0.805753 -0.953025 0.047969 -1.184674 -1.226261 0.612630 -0.148112 -0.579987 0.623325 0.513070 -0.120946 0.140784 0.201142 0.582640 1.321717 -0.120387 -0.109461 -0.326744 -0.429295 0.180275 -0.628317 -0.573383 NA -0.232851 0.954074 0.741555 0.432690 -0.151098 -0.900463 2.203176 0.400525 -0.826442 -0.597816 0.317273 1.015391 1.340352 -1.004610 0.916572 -0.035436 -0.043365 NA -1.065116 -0.440396 9.201903 0.000000
23 -1.177462 1.825030 1.265867 0.523345 -1.797567 0.533762 -0.399156 0.767143 0.527125 -0.331329 -0.455232 0.746562 -1.859653 0.210306 -0.486392 2.854293 -0.464191 NA 0.752193 -0.650919 -0.760501 -1.667653 -1.636544 -1.327418 0.089467 0.618622 0.244155 0.798365 -0.252093 -2.232739 -1.419599 1.401194 -0.445142 -0.640935 -0.043344 -0.133975 0.511225 -0.569706 0.049270 -0.794360 1.019793 0.116046 -0.550335 -0.594984 -0.487558 -1.596682 0.564513 -0.588874 -0.408840 0.544936 -1.068230 NA -1.927965 0.182373 0.642922 0.946914 0.545537 -0.031119 -0.790590 0.367725 2.725277 0.000000
24 0.258245 NA 0.010184 1.796248 -0.287475 1.728122 -1.646948 0.399545 -0.897105 -0.717038 0.316671 -1.075428 -1.930257 -1.059728 -1.143726 0.309849 -0.391508 -0.103353 -0.116168 -1.479770 0.120694 0.056033 -1.463577 NA -1.893818 0.195680 1.007441 0.767974 -0.090258 -1.581358 0.650044 -1.264238 0.764716 -0.634770 -0.146824 -1.549326 -1.700549 -0.909544 NA 0.781993 -0.979088 -1.465867 -0.430566 0.821718 -0.537051 0.551053 -0.017504 NA 1.707533 -0.156247 0.588701 -1.274417 0.101906 0.713503 1.594935 -1.962324 2.133013 -0.057039 2.392897 0.080577 0.186609 1.000000
25 NA 0.700034 -0.216253 1.192030 -0.112554 1.070678 0.736101 0.326306 -1.962246 -0.204333 0.781824 1.628249 2.607718 -1.248603 0.055816 0.997312 -0.622854 -0.000943 -0.516174 0.128976 -0.264830 1.397736 0.889713 1.489661 -2.651859 -0.138393 1.182220 0.172110 -0.117623 0.733261 0.881256 0.438029 -1.163201 -1.271293 -0.840474 -0.514378 1.059536 0.667734 1.033025 -1.099057 -0.174556 NA 0.906542 0.984566 -0.696154 0.792585 0.290457 1.603109 0.765530 -1.346900 -0.753098 0.390849 0.244706 1.112624 0.467920 1.638685 -0.119405 -0.813746 1.346518 NA 1.913356 1.000000
26 0.394813 0.313976 2.327249 0.170438 0.430033 -0.015214 -0.647897 0.415632 -0.570556 1.795073 1.403237 -0.725754 -0.054981 0.126717 0.577795 -0.163619 0.094963 -0.555521 1.067553 -0.238938 -1.232447 -0.158037 NA 0.391639 -1.600560 0.488871 0.411551 0.287948 -1.109207 1.991838 NA 2.377655 0.528669 NA 1.323583 -0.505402 -1.366817 -1.021621 -0.089341 -0.527085 -0.495635 1.209399 0.358831 0.057462 -0.294932 0.151638 -1.301015 NA -0.386960 NA -1.106797 0.927443 0.621785 -2.606549 NA -1.540522 0.406611 0.791892 -0.113000 -0.000815 1.806263 1.000000
27 1.431423 0.413937 0.384788 -0.950241 -1.541802 NA -0.551855 0.261133 1.246973 -1.166162 NA 0.308247 -0.357409 0.914061 0.493218 0.909694 0.707063 -0.119330 -0.710922 0.939587 -2.395517 -0.639924 -0.024113 0.576410 -0.085357 -0.305242 0.330425 -0.102502 0.570076 -0.092527 1.413640 0.765139 1.924956 0.604480 0.531426 0.608643 -0.787833 -0.235227 0.717462 1.020432 0.519357 1.269008 -0.011813 -0.284700 0.153733 0.292568 NA -0.435933 1.344074 0.086470 -0.502769 -0.202547 -1.368693 -1.383947 -0.072943 -0.311502 0.544158 -0.612659 0.933435 -0.919013 7.112990 1.000000
28 0.753619 -1.206299 0.261975 -1.044932 0.465926 -0.530292 -0.442007 0.023437 0.260859 1.380170 0.483589 0.084104 -1.723232 -0.520563 0.776454 NA -0.101142 0.313923 -1.742593 0.615338 -1.830789 0.384518 0.091788 0.875275 -0.301982 0.099163 -1.187973 0.914576 -1.610670 1.315675 -0.153956 1.187838 -0.029055 1.189813 -0.052012 2.107282 -0.713287 0.778273 -0.533377 -1.457959 0.451915 -1.830963 NA -0.723531 -0.349371 1.605240 0.907153 3.486907 0.750572 -2.106626 0.991426 -0.218335 -1.301176 0.402410 0.432340 1.504077 -1.036986 1.604427 -1.545151 0.665026 2.133083 1.000000
29 -1.413676 0.447521 2.120862 -0.407591 0.889238 -0.532584 1.782539 0.298459 0.533215 0.741515 0.360831 -1.304277 0.992047 0.911693 0.112724 -0.747269 -0.513091 1.240550 -2.361385 -1.279103 -0.913853 NA 2.086304 -0.653157 NA -0.071687 NA 1.041815 -0.258307 0.809935 -2.772735 NA 1.036627 -0.233381 1.135614 -2.216734 1.179828 0.562231 -1.326583 -1.490787 1.549618 -0.647414 0.982703 -0.292607 -1.200634 0.652411 -1.284551 -1.048131 1.930674 -0.240054 0.346714 -0.119511 0.135993 1.068856 -0.598538 -1.365163 0.379427 -1.089215 0.170607 -0.846206 8.691702 1.000000
30 -0.792645 0.364413 -1.280626 -1.584130 0.250931 1.708776 -0.285242 0.459155 -0.361763 1.837503 -1.583838 0.477367 0.328859 -0.375011 -0.016556 -0.211309 1.495591 -1.043996 0.189812 0.219635 0.567984 0.502704 1.387973 1.660871 0.891248 1.012177 -0.692804 0.600040 2.489900 -0.825752 -1.597964 -0.939483 -0.439896 -0.403035 1.106207 -0.682602 NA -2.250382 -0.755173 -0.516919 0.286253 -0.598750 0.685130 1.650392 -0.352054 1.543690 0.348591 0.907264 0.872960 1.094606 1.765666 -0.345998 0.280845 -0.572026 -2.378063 NA -0.032652 -0.880120 1.303750 NA 3.797652 0.000000
31 1.195505 0.039395 -1.873905 0.155893 2.232656 1.503023 2.114556 0.237943 -0.244158 -0.944415 -0.921549 -1.153065 0.118709 -0.338793 NA -3.627431 1.545546 0.418705 -0.179939 0.120411 -2.412709 -0.023728 -0.736076 0.468125 -1.272796 -1.958915 0.897709 -0.570969 1.169956 0.244279 -0.475357 0.835063 -2.180898 -0.103367 -0.014328 -0.942254 -0.153495 -0.741092 0.103332 1.327213 0.268512 0.460816 0.262621 -0.494300 0.724799 -0.403391 0.252583 -0.418472 NA -0.006866 0.224883 1.632861 -0.797862 -0.153781 0.982055 0.766535 1.082974 -0.818263 -0.387510 1.746635 11.203997 0.000000
32 -0.932785 -1.503354 0.530686 NA -0.253808 0.571745 NA -1.545792 -1.697202 0.651640 -1.293973 1.167313 -0.398446 -0.272827 0.649572 -0.455168 -1.738712 -0.490445 -0.093746 1.118499 -0.146729 -1.377457 -2.665018 -1.690733 2.000963 -0.673720 0.750223 -1.469408 0.386153 0.557923 -2.556316 -2.722523 0.456766 0.827135 0.619902 1.770698 -0.518397 -0.156318 0.236641 0.597808 0.130226 -1.462022 -1.231320 -1.094507 -0.948189 -1.366232 -0.433392 0.716222 -1.109127 0.228783 0.050584 -0.380166 0.747713 -0.491048 -0.860117 NA 1.496489 -0.827590 -0.197767 1.397122 0.930541 1.000000
33 1.906293 0.839958 -0.458076 -1.447955 -0.485897 -0.702790 -1.278796 0.150021 0.501163 -0.387126 1.009187 0.184141 -0.045912 -1.259231 0.262483 0.273068 -0.217590 0.373561 0.717960 -2.030504 -0.529667 -0.545009 0.088153 -0.751983 -0.047996 -1.221528 -0.838039 0.191800 -0.275230 0.359175 0.136167 0.078017 -0.867746 1.826798 NA -0.308842 0.041331 1.382187 -0.051730 -1.821027 1.498901 -0.440983 -1.150159 0.732216 -1.047739 2.463158 -0.247566 1.033714 -0.505611 0.456081 0.040503 0.806820 -0.082572 0.980916 1.882362 0.744808 -0.161742 0.477519 -1.611144 0.349235 1.238183 1.000000
34 -1.196638 0.158858 -0.208404 -1.405146 -0.500498 0.351429 -0.484955 -0.061836 -0.211077 0.593374 -1.543974 1.198908 0.099225 -1.021735 0.218200 0.547002 -0.538180 0.388089 -0.911568 1.743662 0.219111 0.252571 -0.935631 -0.608044 NA -0.541100 0.114059 -0.181471 NA 0.345099 NA 0.995286 0.696760 0.612667 -2.219208 -0.783105 -0.409869 NA -0.092870 -1.069055 NA 0.587239 1.982145 -0.968234 0.334857 0.105895 -2.002887 -0.107967 -0.189066 0.400325 -2.264693 0.145079 2.187342 1.541663 -0.752130 NA -0.594316 -0.347210 0.418298 -0.990573 6.708854 0.000000
35 -0.395973 -0.788329 0.966717 1.370184 0.206999 0.102191 0.264722 -2.095519 1.418890 0.559349 0.181276 0.640682 0.811508 -1.847723 0.327529 1.036860 0.594885 0.988082 1.219182 NA -0.041895 -0.102464 -0.839517 NA -0.149797 0.406081 -1.452914 -0.389566 -0.465779 -1.067277 0.429530 0.013853 1.333014 NA 0.470453 -1.821163 1.213790 NA 0.597662 -0.501964 -0.861665 1.304801 1.039220 1.867308 0.106053 0.929200 -0.616267 -2.036481 -0.235998 0.924291 0.910399 NA -0.056936 0.480091 -2.339467 -0.501020 -0.799776 1.124041 -2.907623 0.573528 1.570363 1.000000
36 1.628248 0.450560 NA -1.131842 1.960209 -1.245865 0.020117 -0.733748 1.921629 0.537416 0.992893 1.905378 0.294257 1.961355 0.714999 1.834278 0.425598 0.654114 -0.253281 0.992886 -0.500466 -1.863404 0.957620 -0.474999 0.347011 0.336301 0.548957 1.139152 0.299101 0.311874 1.234763 0.705152 -1.112629 1.969466 0.630115 0.693318 0.384650 -1.395210 -1.082985 -0.356690 0.320228 0.312507 0.160001 -0.860695 -1.244513 0.963483 1.842011 0.314581 0.239734 -1.004306 0.595966 0.851447 1.487109 -1.628540 -0.805083 -1.658728 -1.319803 NA 0.006861 -1.764088 0.514087 1.000000
37 0.986974 1.326957 -0.069219 1.191270 -0.752283 -1.049071 -1.279012 -0.419782 0.311824 0.420465 NA -0.815459 0.591323 1.379673 1.869361 -0.218167 0.892351 1.075014 1.746247 0.285354 0.203305 -0.801806 NA -0.384262 1.777997 -0.283023 -0.510185 0.676402 0.594843 0.554758 -0.979057 -0.326127 0.486883 -1.192997 -0.241096 0.235396 -0.386378 0.140493 0.267738 -0.154959 0.894885 0.618944 -0.094758 -0.103537 1.525165 0.344298 0.085926 -0.291719 -1.034025 1.128309 1.636128 1.937361 -1.198848 -1.762301 NA -1.992856 1.014847 -1.435980 NA -1.463003 1.056107 0.000000
38 -0.854803 0.234226 NA 0.999221 0.523382 -0.503599 0.706139 -1.715519 0.147324 0.768186 0.198184 -0.563456 -1.202517 0.015057 0.083485 -0.298105 -0.522358 0.287892 -0.607723 -1.478251 -0.199476 1.735734 -0.544865 2.551676 -1.398877 0.562455 1.472477 0.551088 -0.055784 0.963000 -1.270715 1.229273 1.535322 0.048902 -1.446715 -0.803412 NA 0.727731 -0.171689 -0.599422 0.553517 0.046556 1.146911 NA 0.930076 0.425121 2.152332 -2.150544 0.036014 -1.409987 0.052274 -0.961318 -0.125898 -1.509682 -0.307502 0.260451 0.553825 0.666278 -1.144211 0.446430 0.495597 1.000000
39 1.820191 -0.632577 NA -1.148791 0.046198 0.611307 0.855876 0.809136 -0.929661 -0.117123 -1.109976 NA NA 0.112080 0.672212 1.053655 0.241041 NA -1.082523 -1.388635 -1.018283 0.982702 0.263208 -0.353675 -1.028714 -0.611421 0.211673 -0.800316 1.121828 -0.109609 NA 0.257535 0.105928 0.791874 1.060798 -1.132759 0.468545 1.599674 0.408042 -1.135900 -0.063588 -2.125743 -1.087780 -1.002937 0.466561 1.428742 -0.424518 0.218869 1.509955 0.463980 -0.080902 0.579976 1.361913 0.305468 0.572774 -0.538125 0.221735 -0.212134 -0.003617 0.361873 8.113411 0.000000
40 -0.140251 1.110137 -0.501216 -1.013772 0.947307 1.718295 -1.079821 0.734088 NA -0.043163 0.039314 0.396536 -1.431529 -0.337836 -0.057442 NA -0.758432 -0.150625 -0.971448 -0.203577 -1.321390 0.645634 0.186817 -0.972382 0.152657 -1.346934 1.022381 -0.143170 1.121111 1.150373 0.490366 -0.483742 -2.131610 0.332194 NA NA 0.571283 0.980536 -1.295941 1.540895 0.597436 1.223346 1.335694 -2.061378 0.265126 -0.354474 -1.006591 0.341062 -0.085586 1.578037 -1.021692 0.550284 0.112925 0.850456 -0.470951 0.969256 0.876398 1.335428 0.027322 0.240086 9.533747 0.000000
41 0.388493 -1.329074 1.788570 -0.408429 -0.114137 -0.406205 -0.099844 -0.884365 -0.713146 -0.280640 -0.728322 0.577973 0.155152 -0.577555 0.000721 0.596235 0.622006 -1.074033 0.287382 -0.691603 0.719608 0.214192 -0.363517 0.227990 NA -1.604998 0.233672 0.416772 1.009042 1.672939 1.351935 1.101024 -1.073556 -0.687923 0.024864 -1.181622 -0.593022 0.983345 1.372286 -0.577124 1.532603 0.344522 -0.090133 -0.901022 -1.683854 -0.341919 -0.569919 NA 1.975890 -1.126789 -1.277872 -0.167133 -1.275038 -0.269316 0.526431 1.113308 1.642926 -0.207172 -0.112950 0.422091 0.344810 1.000000
42 -0.760094 -1.330981 -1.120472 -1.286980 1.035237 0.406417 0.040192 -0.655659 NA -0.124731 -0.057111 0.397455 -0.079627 -1.735537 1.797420 -2.113174 -0.231716 -0.198327 0.807673 -0.132268 -0.355569 -0.330036 -0.108840 0.390184 -0.995667 -0.398896 -1.075374 -0.211525 1.743663 -0.264163 -0.891634 -1.550653 2.208553 0.986980 -0.794618 0.033083 -0.499123 -1.004098 0.001521 -0.428150 0.852873 0.564502 NA -0.202478 -0.746772 1.137091 -1.819446 -1.550611 1.617862 -0.474825 NA 1.562864 -0.797639 0.152455 -1.292267 -0.834719 1.403202 -0.646833 0.774300 -1.066436 10.754868 0.000000
43 0.498071 -0.001203 1.379771 -0.747650 1.687104 -0.723669 -1.249269 0.698417 -1.772174 -0.746302 -0.800884 0.830112 -0.935419 -1.296669 0.167427 0.811867 0.885098 -1.513935 -1.243584 0.033803 0.040055 -0.514014 -0.204550 0.265153 -0.092923 -0.174925 -0.613799 1.362578 -2.928312 0.115383 NA 1.550530 0.765596 0.185071 -1.247360 -0.646502 NA -0.873981 -0.730862 0.697132 -0.549446 0.933014 0.625576 -0.642490 -0.091766 -0.291371 0.072075 -0.443504 -0.588038 1.505460 -0.044905 -1.374562 NA 0.877050 1.202066 0.494700 -2.351144 0.192683 1.101451 NA 0.075564 1.000000
44 0.272554 -0.021948 -0.770136 0.790734 -1.397630 0.309965 0.743405 0.457477 -0.623067 -0.855260 -0.503620 -1.030896 -0.065004 -0.058429 -0.071855 -0.459059 -1.184569 -1.206709 0.994720 0.251044 -1.419298 -0.061017 0.648269 -0.093455 -0.085748 -0.409065 -1.584309 -0.733534 -2.082753 -0.213000 -0.139590 -0.682826 -0.080917 0.403277 -0.000915 1.058502 NA NA 0.153666 0.049686 0.876638 0.469841 0.169077 -0.204029 NA 1.526528 -1.418956 0.022606 0.770183 -0.446599 0.340478 0.790605 0.473047 0.816165 -0.848950 -1.488521 0.200216 0.156935 -1.211125 1.325051 0.072589 1.000000
45 0.900142 0.532110 0.370768 0.241316 1.335585 NA -0.053325 -1.621855 0.440589 -0.396555 2.290184 -0.137750 -0.147780 -1.797099 0.950243 0.384916 -1.466919 -0.541358 0.294328 -1.079225 -0.042919 0.840708 -0.491372 -2.372874 -0.013159 NA -0.972796 0.786736 -0.968227 -0.240207 -0.316186 0.128610 -0.741449 -0.643665 -1.424606 -0.242055 0.124580 -0.786819 0.877898 -0.766027 -0.154001 0.332174 0.999850 -0.420445 0.014280 NA -0.376733 0.382558 0.688824 0.332153 0.579216 0.410667 0.524609 -0.767802 0.731671 NA 1.460333 0.861933 -1.768631 NA 1.818855 1.000000
46 0.584431 0.875405 -1.477619 -0.681028 0.425730 0.307426 0.541066 3.064840 -0.470488 0.903671 0.273642 -0.344073 0.433312 1.416180 2.014045 2.696666 NA 1.582426 1.897440 -1.316755 -1.142996 0.396323 1.057516 1.385054 -0.498088 -0.597655 -0.363279 -1.078015 -1.250284 -0.631623 -0.729335 -2.580478 NA 0.481987 1.144635 -0.930470 0.118455 -2.267329 0.135998 -2.128121 NA -1.240819 1.098246 0.829931 0.655227 1.090111 -0.305489 0.328548 1.376382 0.527091 0.013621 -0.656949 0.059438 1.585782 0.185360 -0.789741 -0.293666 0.143550 -0.599182 NA 2.487317 0.000000
47 1.104827 -0.650770 -0.861876 -0.172243 -1.530652 -1.051676 -0.487667 0.635743 0.138495 1.602319 -1.146002 0.538524 0.313413 NA 0.606710 1.825301 0.513037 -0.101656 NA 0.082339 -0.759059 -0.486266 -0.468192 -0.346511 -1.194428 -0.182007 0.669904 -0.376069 -2.150593 1.612818 -0.473398 -0.622299 0.620039 0.599603 -0.370621 0.728044 0.906985 -1.970197 0.353165 -0.561836 -0.029622 -0.652798 -0.194866 -0.475884 NA NA -1.000839 0.694925 0.580374 -0.706133 -0.935569 -1.276489 1.365984 0.358954 0.918126 -0.612893 -0.013461 -0.170943 -1.703058 -1.093157 10.143855 0.000000
48 1.102137 0.970877 2.608833 1.668573 0.996356 2.668590 -0.897035 -0.124325 0.183279 0.847018 0.262389 -1.472020 0.738763 -1.878566 1.895757 1.596584 -0.141202 -0.376946 0.282608 -1.782191 1.817764 2.491116 -0.732387 1.747655 0.190215 1.202488 0.220942 -0.022749 -0.127048 1.596451 0.855132 0.188852 -0.987442 0.038241 -1.118027 -1.690344 -0.791029 0.073454 -0.618527 -0.126821 0.236227 -0.772168 -0.022056 1.553283 1.807542 0.687895 1.239210 0.366654 -0.325075 NA -0.799749 -0.303292 0.110641 0.574979 NA 1.082427 0.541899 0.080552 0.214071 -0.432913 0.417364 1.000000
49 -2.582997 NA -1.426588 -0.420024 -0.439200 -0.761198 1.047394 -1.064822 0.389290 1.026082 -0.218904 -0.361133 -1.011652 -0.336677 1.689598 NA -1.585682 0.301465 0.881238 -0.557034 -0.829045 -0.998567 0.419248 0.876979 -0.103536 -2.036139 -0.100924 -0.029489 0.766912 -0.673432 0.265670 0.755998 -1.150425 -0.342621 -0.109744 -0.855485 NA 0.446259 1.001736 -0.188630 -1.346321 0.876928 1.094308 0.611455 -0.930719 -0.384393 -0.461293 -1.115065 0.615827 0.496979 -1.270874 2.079324 -0.882495 0.895893 -1.212199 -0.678921 0.294546 -0.328018 0.389157 0.106019 6.308732 0.000000
50 -0.281231 -0.867817 0.561147 -1.426045 1.467875 -0.214119 0.116152 0.906166 0.733151 0.543380 -0.186259 0.690308 1.840356 1.231009 -0.473688 -0.268935 -1.215844 0.778727 -0.158601 -0.805834 -1.861276 -1.688377 -1.401658 0.410402 1.685853 0.867686 0.425254 0.130768 0.386971 -0.879150 -1.633461 -0.293311 1.035080 1.422773 -0.377995 NA -0.471821 -0.263476 0.678549 0.027409 1.351635 0.130866 2.325662 -0.472186 1.675246 1.602099 -0.673766 0.522892 -0.525599 NA -0.010222 1.257020 1.449373 0.511500 -1.013675 0.542023 -1.194572 -1.070876 -0.383641 0.097419 11.805494 0.000000
uncorrelated Gaussian covariates
missing covariate fraction: 0.050000
no latent classes
   lambda(t|risk 1)=C, <t>=4.000000 for zero covariates
   risk 1: beta[1]=0.500000
   risk 1: beta[2]=0.500000
   risk 1: beta[3]=0.500000
   risk 1: beta[4]=0.500000
   risk 1: beta[5]=0.500000
   risk 1: beta[6]=-0.500000
   risk 1: beta[7]=-0.500000
   risk 1: beta[8]=-0.500000
   risk 1: beta[9]=-0.500000
   risk 1: beta[10]=-0.500000
   risk 1: beta[11]=0.000000
   risk 1: beta[12]=0.000000
   risk 1: beta[13]=0.000000
   risk 1: beta[14]=0.000000
   risk 1: beta[15]=0.000000
   risk 1: beta[16]=0.000000
   risk 1: beta[17]=0.000000
   risk 1: beta[18]=0.000000
   risk 1: beta[19]=0.000000
   risk 1: beta[20]=0.000000
   risk 1: beta[21]=0.000000
   risk 1: beta[22]=0.000000
   risk 1: beta[23]=0.000000
   risk 1: beta[24]=0.000000
   risk 1: beta[25]=0.000000
   risk 1: beta[26]=0.000000
   risk 1: beta[27]=0.000000
   risk 1: beta[28]=0.000000
   risk 1: beta[29]=0.000000
   risk 1: beta[30]=0.000000
   risk 1: beta[31]=0.000000
   risk 1: beta[32]=0.000000
   risk 1: beta[33]=0.000000
   risk 1: beta[34]=0.000000
   risk 1: beta[35]=0.000000
   risk 1: beta[36]=0.000000
   risk 1: beta[37]=0.000000
   risk 1: beta[38]=0.000000
   risk 1: beta[39]=0.000000
   risk 1: beta[40]=0.000000
   risk 1: beta[41]=0.000000
   risk 1: beta[42]=0.000000
   risk 1: beta[43]=0.000000
   risk 1: beta[44]=0.000000
   risk 1: beta[45]=0.000000
   risk 1: beta[46]=0.000000
   risk 1: beta[47]=0.000000
   risk 1: beta[48]=0.000000
   risk 1: beta[49]=0.000000
   risk 1: beta[50]=0.000000
   risk 1: beta[51]=0.000000
   risk 1: beta[52]=0.000000
   risk 1: beta[53]=0.000000
   risk 1: beta[54]=0.000000
   risk 1: beta[55]=0.000000
   risk 1: beta[56]=0.000000
   risk 1: beta[57]=0.000000
   risk 1: beta[58]=0.000000
   risk 1: beta[59]=0.000000
   risk 1: beta[60]=0.000000
uniform censoring on time interval [1.000000,12.000000]
