active=40: 1 2 3 4 5 6 7 8 9 10 11 12 13 14 15 16 17 18 19 20 21 22 23 24 25 26 27 28 29 30 31 32 33 34 35 36 37 38 39 40 
active=39: 1 2 3 4 5 6 7 8 9 10 11 12 13 14 15 16 17 18 19 20 21 22 24 25 26 27 28 29 30 31 32 33 34 35 36 37 38 39 40 
active=38: 1 2 3 4 5 6 7 8 9 10 11 12 13 14 15 16 18 19 20 21 22 24 25 26 27 28 29 30 31 32 33 34 35 36 37 38 39 40 
active=37: 1 2 3 4 5 6 7 8 9 10 11 12 13 14 15 16 18 19 20 21 22 24 25 26 27 28 29 30 31 32 33 34 35 36 37 38 40 
active=36: 1 2 3 4 5 6 7 8 9 10 11 12 13 14 15 16 18 19 20 21 24 25 26 27 28 29 30 31 32 33 34 35 36 37 38 40 
active=35: 1 2 3 4 5 6 7 8 9 10 11 12 13 14 15 16 18 19 20 21 24 25 26 27 28 29 30 31 32 33 34 36 37 38 40 
active=34: 1 2 3 4 5 6 7 8 9 10 11 12 13 14 15 16 18 19 20 21 24 25 26 28 29 30 31 32 33 34 36 37 38 40 
active=33: 1 2 3 4 5 6 7 8 9 10 11 12 13 14 15 16 18 19 20 21 24 25 28 29 30 31 32 33 34 36 37 38 40 
active=32: 1 2 3 4 5 6 7 8 9 10 11 12 13 14 16 18 19 20 21 24 25 28 29 30 31 32 33 34 36 37 38 40 
active=31: 1 2 3 4 5 6 7 8 9 10 11 12 13 14 16 18 19 20 21 24 25 28 29 30 31 32 33 34 36 37 38 
active=30: 1 2 3 4 5 6 7 8 9 10 11 12 13 14 16 18 19 20 21 24 25 28 29 30 32 33 34 36 37 38 
active=29: 1 2 3 4 5 7 8 9 10 11 12 13 14 16 18 19 20 21 24 25 28 29 30 32 33 34 36 37 38 
active=28: 1 2 3 4 5 7 8 9 10 11 12 13 14 16 18 19 20 21 24 25 28 29 30 32 33 34 37 38 
active=27: 1 2 3 4 5 7 8 9 10 11 12 13 14 16 18 19 20 24 25 28 29 30 32 33 34 37 38 
active=26: 2 3 4 5 7 8 9 10 11 12 13 14 16 18 19 20 24 25 28 29 30 32 33 34 37 38 
active=25: 2 3 4 5 7 9 10 11 12 13 14 16 18 19 20 24 25 28 29 30 32 33 34 37 38 
active=24: 2 3 4 5 7 9 10 11 12 13 14 16 18 19 20 24 25 28 29 30 32 33 34 37 
active=23: 2 3 4 5 7 9 10 11 12 13 16 18 19 20 24 25 28 29 30 32 33 34 37 
active=22: 2 3 4 5 7 9 10 11 12 13 16 18 19 20 24 25 28 29 30 32 33 37 
active=21: 2 3 4 5 7 9 10 11 12 13 16 18 19 20 25 28 29 30 32 33 37 
active=20: 2 3 4 5 7 9 10 11 12 13 16 18 19 20 25 28 30 32 33 37 
active=19: 2 3 4 5 7 9 10 11 12 13 16 18 19 20 25 28 30 32 37 
active=18: 2 3 4 5 7 9 10 12 13 16 18 19 20 25 28 30 32 37 
active=17: 2 3 4 5 7 9 10 13 16 18 19 20 25 28 30 32 37 
active=16: 2 3 4 5 7 9 10 13 16 18 19 20 25 28 32 37 
active=15: 2 3 4 5 7 9 10 13 16 18 20 25 28 32 37 
active=14: 2 3 4 5 7 9 10 13 16 20 25 28 32 37 
active=13: 2 3 4 5 7 9 10 16 20 25 28 32 37 
active=12: 2 3 4 5 7 9 10 16 20 25 32 37 
active=11: 2 3 4 5 7 9 10 16 25 32 37 
active=10: 2 3 4 5 7 9 10 16 32 37 
active=9: 2 3 4 5 7 9 10 16 37 
active=8: 2 3 4 5 7 9 10 37 
active=7: 2 3 4 5 7 9 10 
active=6: 2 3 4 5 9 10 
active=5: 2 3 5 9 10 
active=4: 2 3 9 10 
active=3: 3 9 10 
active=2: 9 10 
active=1: 9 
