0.000000 0.500000
1.000000 0.682800
2.000000 0.692400
3.000000 0.694300
4.000000 0.716800
5.000000 0.736600
6.000000 0.764200
7.000000 0.790200
8.000000 0.810600
9.000000 0.807400
10.000000 0.803900
11.000000 0.809600
12.000000 0.800700
13.000000 0.809000
14.000000 0.811400
15.000000 0.803900
16.000000 0.814000
17.000000 0.817100
18.000000 0.813200
19.000000 0.823100
20.000000 0.827800
21.000000 0.830100
22.000000 0.843900
23.000000 0.838300
24.000000 0.841300
25.000000 0.849400
26.000000 0.850000
27.000000 0.850200
28.000000 0.857000
29.000000 0.860200
30.000000 0.861600
31.000000 0.859800
32.000000 0.866500
33.000000 0.870100
34.000000 0.869100
35.000000 0.870100
36.000000 0.874800
37.000000 0.878900
38.000000 0.877900
39.000000 0.884500
40.000000 0.889500
