0.000000 0.480000 0.520000
1.000000 0.721600 0.731400
2.000000 0.718000 0.751200
3.000000 0.758800 0.805800
4.000000 0.763600 0.827000
5.000000 0.799200 0.868800
6.000000 0.792800 0.873600
7.000000 0.799800 0.889600
8.000000 0.800800 0.908600
9.000000 0.809400 0.907000
10.000000 0.798400 0.900000
11.000000 0.793600 0.902600
12.000000 0.817000 0.919000
13.000000 0.833800 0.941400
14.000000 0.833200 0.952600
15.000000 0.817200 0.944000
16.000000 0.812200 0.945600
17.000000 0.820600 0.938600
18.000000 0.814800 0.941400
19.000000 0.818400 0.949000
20.000000 0.824000 0.957600
21.000000 0.811000 0.958000
22.000000 0.831800 0.958400
23.000000 0.810600 0.961600
24.000000 0.804800 0.959400
25.000000 0.793600 0.948600
26.000000 0.791800 0.949400
27.000000 0.786600 0.957600
28.000000 0.788400 0.967200
29.000000 0.804200 0.968600
30.000000 0.804800 0.965800
31.000000 0.806400 0.971400
32.000000 0.797800 0.972200
33.000000 0.787000 0.971800
34.000000 0.790800 0.976600
35.000000 0.785000 0.973000
36.000000 0.786000 0.975600
37.000000 0.779600 0.982400
38.000000 0.794200 0.979800
39.000000 0.796200 0.981600
40.000000 0.785000 0.978200
41.000000 0.780400 0.979600
42.000000 0.776400 0.981400
43.000000 0.769200 0.982400
44.000000 0.769600 0.982000
45.000000 0.768600 0.981600
46.000000 0.763800 0.984800
47.000000 0.762600 0.985000
48.000000 0.758400 0.985800
49.000000 0.745800 0.989000
50.000000 0.748000 0.988800
51.000000 0.741400 0.990000
52.000000 0.745200 0.991000
53.000000 0.736800 0.994200
54.000000 0.730000 0.995000
55.000000 0.731600 0.996000
56.000000 0.741200 0.997800
57.000000 0.728400 0.997800
58.000000 0.729000 0.998000
59.000000 0.735000 0.998400
60.000000 0.720400 0.999400
61.000000 0.701000 0.998800
62.000000 0.708400 0.999400
63.000000 0.706000 0.999600
64.000000 0.696200 0.999800
65.000000 0.685600 0.999800
66.000000 0.698600 1.000000
67.000000 0.691000 1.000000
68.000000 0.681200 1.000000
69.000000 0.690400 1.000000
70.000000 0.682000 1.000000
71.000000 0.678200 1.000000
72.000000 0.678200 1.000000
73.000000 0.673600 1.000000
74.000000 0.664200 1.000000
75.000000 0.648600 1.000000
76.000000 0.661400 1.000000
77.000000 0.652400 1.000000
78.000000 0.646800 1.000000
79.000000 0.650800 1.000000
80.000000 0.646000 1.000000
81.000000 0.646000 1.000000
82.000000 0.646200 1.000000
83.000000 0.634200 1.000000
84.000000 0.622800 1.000000
85.000000 0.628000 1.000000
86.000000 0.626000 1.000000
87.000000 0.617600 1.000000
88.000000 0.611800 1.000000
89.000000 0.607000 1.000000
90.000000 0.608800 1.000000
91.000000 0.597800 1.000000
92.000000 0.603000 1.000000
93.000000 0.602400 1.000000
94.000000 0.587800 1.000000
95.000000 0.584000 1.000000
96.000000 0.591800 1.000000
97.000000 0.582000 1.000000
98.000000 0.573800 1.000000
99.000000 0.572000 1.000000
100.000000 0.576800 1.000000
