1 0.059348453947 1.089448957515
2 0.063866363706 0.937021565506
3 0.198329512499 1.063340527381
4 -0.145851152195 1.052812390056
5 0.090020705983 1.007957464491
6 -0.166463365964 0.989963946335
7 0.066266207290 0.922936922214
8 -0.032578101226 1.022878347827
9 -0.093265810831 0.925794017857
10 0.021369824618 1.037768247843
11 -0.080904997458 0.899933079521
12 -0.102628260367 0.958144282451
13 -0.098472668984 0.883337132163
14 -0.042843730517 1.027158344995
15 -0.145878833284 1.150885398406
16 0.015982399979 0.858119104502
17 0.071470271464 0.900540768980
18 0.014571969293 0.975589228550
19 -0.014074543222 1.022240005449
20 -0.031148028406 0.940497976146
21 0.039579292389 0.923931400598
22 0.170837380803 0.880029394438
23 0.143810728541 1.221733548905
24 -0.017372623441 0.920376674794
25 -0.022831893418 1.058471563392
26 -0.009217791410 1.000195801149
27 -0.024885737345 0.917789112396
28 0.009689381945 0.891436572233
29 -0.048861751216 1.125266323324
30 0.025750182142 1.053361433800
31 -0.038359291248 1.029816733302
32 -0.159670239779 1.006011478290
33 -0.083028496951 0.862888750079
34 0.047820241717 1.038498722851
35 -0.161720673913 0.942146567446
36 -0.085297353666 1.034850085817
37 0.006768070277 1.057465632590
38 0.121024331787 1.014269842109
39 -0.058436382944 0.955418350224
40 0.056537541517 0.957704697355
41 0.062044879571 1.043893465865
42 0.008534592043 1.099103548086
43 -0.050167438800 0.975993247395
44 0.054653955934 0.870758508974
45 0.235418287065 1.006504313685
46 -0.127105702583 1.083000721177
47 0.017704302567 1.067483364388
48 0.002189192366 0.937080631256
49 -0.080254177356 0.919313710279
50 -0.067507114366 0.989074359820
51 -0.060730255881 1.003587890261
52 0.013667910973 1.176424071396
53 -0.153097133686 1.057981453609
54 -0.039850027875 0.834091235286
55 -0.065104107850 0.991045066737
56 -0.103159045266 1.112271754469
57 0.160777917331 1.028676950440
58 0.015212901856 0.898848464815
59 -0.092020486909 1.021774691828
60 -0.138033351585 0.966034175660
61 0.097014265925 0.999925734871
62 0.041714546549 1.055134054187
63 0.191818332828 0.921514651341
64 0.137760773203 1.031541855686
65 -0.104348046142 0.994807227801
66 -0.184129876716 0.960893274855
67 -0.114745330339 1.061104381601
68 0.211510237175 0.980561156815
69 0.018441016663 0.965671523958
70 -0.027968162293 1.009224970172
71 -0.162692662802 1.000177334742
72 -0.051874140022 1.044801524431
73 -0.066392175035 1.003938925665
74 0.161108309949 1.017829695797
75 0.073328076439 0.885477791623
76 0.040128488618 1.106721577281
77 -0.060867793740 1.089638965425
78 -0.048433980105 1.035411000724
79 -0.050567164816 0.980283854878
80 -0.038302137100 0.972082289481
81 -0.079383054694 0.933704636497
82 0.077053602929 0.873676736923
83 -0.137074923129 0.961700344901
84 -0.249856802551 0.950384913589
85 0.099611477937 1.029091649487
86 0.028309212829 1.039880434931
87 0.074259949071 1.058511596201
88 -0.073285996119 0.969551016506
89 -0.045454181808 1.075341933177
90 0.000950217660 0.964876502872
91 0.178880686435 0.927186455855
92 -0.010050248329 0.962968592969
93 0.051597847319 1.029000206204
94 -0.147556561142 0.865318964686
95 -0.051913803081 0.941879258302
96 0.064835998487 0.987512053095
97 -0.144673911082 1.019496683442
98 0.149129515846 0.929613327705
99 -0.141259122446 0.950588220172
100 0.096037767501 0.959174517574
