0.000000 0.500000 0.500000
1.000000 0.667300 0.683900
2.000000 0.689600 0.698200
3.000000 0.705100 0.715300
4.000000 0.708600 0.735200
5.000000 0.689300 0.725800
6.000000 0.690500 0.728200
7.000000 0.681200 0.727400
8.000000 0.705500 0.744300
9.000000 0.714600 0.758900
10.000000 0.706200 0.766700
11.000000 0.714300 0.776600
12.000000 0.722900 0.788900
13.000000 0.720800 0.801600
14.000000 0.725200 0.805000
15.000000 0.728100 0.815100
16.000000 0.724700 0.823700
17.000000 0.718600 0.833000
18.000000 0.715800 0.827900
19.000000 0.712300 0.835900
20.000000 0.712800 0.840600
21.000000 0.704800 0.839400
22.000000 0.697400 0.845900
23.000000 0.708300 0.846500
24.000000 0.698100 0.847500
25.000000 0.699800 0.855800
26.000000 0.693600 0.858200
27.000000 0.691000 0.862400
28.000000 0.693100 0.866300
29.000000 0.687600 0.862600
30.000000 0.678600 0.870000
31.000000 0.674700 0.871200
32.000000 0.671700 0.873300
33.000000 0.663100 0.874700
34.000000 0.657400 0.879900
35.000000 0.644400 0.882400
36.000000 0.652500 0.884800
37.000000 0.653500 0.889700
38.000000 0.643200 0.891800
39.000000 0.650000 0.892100
40.000000 0.650900 0.892300
41.000000 0.644300 0.896100
42.000000 0.641500 0.895800
43.000000 0.630300 0.906200
44.000000 0.620600 0.908600
45.000000 0.624400 0.909700
46.000000 0.618800 0.915400
47.000000 0.608700 0.914100
48.000000 0.605400 0.913600
49.000000 0.598000 0.916000
50.000000 0.603000 0.923000
51.000000 0.596900 0.926800
52.000000 0.589000 0.920800
53.000000 0.586800 0.930200
54.000000 0.595200 0.931700
55.000000 0.582900 0.935200
56.000000 0.586900 0.928300
57.000000 0.574100 0.938500
58.000000 0.578800 0.938700
59.000000 0.566400 0.938300
60.000000 0.561300 0.940700
