N=100
P=100
R=2
1 2.057159 -0.323773 -0.286526 1.527399 NA 0.055459 -0.647989 -1.400341 -0.185978 -0.470201 -0.994890 -0.309948 -0.131464 -0.410180 -0.446984 NA -0.291056 -0.444913 0.155462 -1.163327 -0.588031 -0.023867 0.537169 0.991535 NA -1.282378 -0.396871 2.467342 0.980283 -0.621956 -0.278753 0.415128 -1.011392 -0.633645 1.371908 NA 0.124578 0.800476 1.281447 NA 0.309789 0.007852 0.720687 0.700657 NA 0.586865 -0.283748 NA 0.556994 0.335109 0.493631 0.785863 0.525537 1.420046 0.378688 -0.227651 -0.569705 -0.544769 0.849593 -0.336497 -1.005629 0.749791 0.757907 -0.102038 0.655051 NA -0.528532 -1.398810 -1.557579 NA 0.477491 NA -0.034011 NA 1.313632 0.478608 0.197035 -1.267266 0.278428 1.313557 0.189462 0.817293 NA -0.694982 -0.402794 0.429215 -0.094537 -1.096252 -1.468420 NA -1.296687 -0.207167 -0.270240 0.428102 1.463288 1.957098 0.027975 0.032793 0.428199 0.007759 0.082297 1.000000
2 -1.737269 NA -0.546108 NA NA 0.003090 0.486356 NA NA NA NA 1.130745 1.857161 NA 0.234276 -0.262444 0.257020 0.099997 NA NA -0.059373 -2.428869 3.153806 NA NA 0.942575 0.326093 0.340239 NA 1.578096 NA 0.869570 -0.236159 0.183867 -0.443411 0.199213 -0.398971 -0.438633 -0.165851 -1.145360 -1.018987 0.401870 -1.279951 NA 1.365608 -1.697230 -0.165044 NA -0.699754 0.938638 NA NA NA -0.925683 NA 0.385885 -0.949181 -0.399937 0.133508 1.264081 NA 0.663228 -1.171768 -0.167749 -0.323465 -1.273376 NA -0.444570 -0.142665 NA -2.679606 -0.959532 NA 1.177125 NA NA NA -0.560319 -0.540892 0.509449 0.398104 -0.386996 1.444688 0.727600 -0.759482 0.841047 0.032572 1.216401 -1.189887 2.120155 -0.230291 -0.823706 0.566475 -0.466998 NA NA 1.506977 -0.907032 NA -0.680665 154.920354 1.000000
3 0.802650 -1.120781 NA 0.226336 -0.350690 2.072676 NA 1.375837 0.303687 0.507334 -0.901293 -1.055693 NA -0.508428 -0.494827 -0.272600 -0.132365 0.206725 -0.955549 0.855063 NA -0.326485 -1.631021 -1.279544 -0.248888 -1.706262 -0.071863 -1.650361 -0.164164 -1.009694 -1.141008 -0.330309 1.332678 NA 0.632495 NA -0.048456 NA NA 0.476826 -0.782980 -0.020284 -2.158498 0.281136 2.193633 -1.554583 NA -0.547807 -1.031336 -1.218238 -0.285729 -0.680122 0.792012 -0.521920 -1.195138 -0.991127 -0.056332 NA -1.330316 -0.500142 1.397032 NA -0.670430 -1.732575 -0.006282 -0.133432 -0.110442 -0.305813 1.125960 -1.052482 NA 0.126802 -0.363273 0.878779 0.548470 -0.776961 0.016144 NA 0.006361 -1.909364 1.515529 NA -2.000157 NA NA -1.361097 0.488140 1.363242 NA 1.089333 NA -0.124413 NA -1.453055 -1.339223 -0.184526 0.354143 1.087961 -1.593426 NA 81.769284 1.000000
4 -0.232862 -1.064270 -1.561787 -0.115519 -0.002137 0.672916 NA -0.877750 0.059434 -1.651001 -0.143902 -0.870963 0.410988 2.253853 1.609438 1.123326 -2.855046 1.492657 NA 2.276965 -2.320214 -0.544502 2.001686 0.923293 -0.040033 -0.216928 0.401501 -0.025065 -1.169579 0.869828 -1.065921 0.097947 0.362729 0.770094 0.127748 0.160727 0.439575 0.934923 -0.691279 NA NA 0.240394 -1.428536 -0.610904 -0.696413 1.965659 -0.709065 0.136090 NA -0.823467 NA 0.612941 0.518466 -0.105484 -0.696993 1.388104 NA 0.705178 -1.222138 -0.083974 -0.215188 NA -0.381766 NA -0.685351 1.351321 NA -2.692227 -1.195644 NA -0.961178 0.891686 0.522305 0.274520 -1.196834 NA -0.250062 1.515403 -0.166411 -1.165131 NA 0.282941 NA -0.176918 -1.585837 0.540756 -0.454857 -0.544454 0.944610 0.273882 -0.734331 1.613446 -0.718881 NA -0.133098 -0.722047 NA 0.332564 -1.772236 -1.176887 15.934769 1.000000
5 -0.584363 0.722793 0.471152 -1.319290 -0.680963 NA -0.082055 0.737201 1.386736 -0.218287 0.245436 1.179421 NA NA -1.784243 -0.047276 0.776480 -1.351597 1.528034 -0.392015 0.509558 0.062095 NA 0.498200 0.950110 -0.960628 NA 0.309977 -0.286634 0.216616 -0.776286 2.288333 -0.101907 0.477271 0.384913 -0.297297 0.537894 NA NA 1.435019 -0.892051 -0.238306 0.819025 0.250045 -0.809966 1.246416 -1.332482 0.832944 -0.205046 -0.467975 2.189609 -1.945896 NA -1.047174 NA -2.093221 -0.852076 -0.921408 -0.687146 -0.489020 -0.183640 0.057067 -0.200093 -0.955001 -0.908873 0.534449 0.280545 0.237072 -0.132843 0.899463 1.553548 0.981399 0.214582 -1.118766 -0.110656 0.466215 0.905355 NA -1.238898 -1.317712 -0.938704 -0.468829 0.860606 0.930542 -0.331756 -0.150077 2.605820 NA -0.576202 -0.850080 -0.316480 NA -2.777815 1.077037 -0.399832 0.896874 -0.573673 1.717993 -1.229800 0.560349 9.655261 1.000000
6 NA -0.435487 NA 0.033302 -0.509298 0.014603 0.428795 -0.485961 0.250710 0.048828 NA 0.466673 NA 0.686326 -0.786734 1.628013 0.029457 1.875518 1.478640 -0.848376 NA -0.282823 0.254964 0.809315 0.241219 0.042517 0.185153 0.543477 -1.223685 NA NA 0.584921 NA -2.389289 -0.325818 0.344160 -1.510183 -0.425001 -1.460563 0.002695 -0.126041 0.776285 -0.799758 0.103556 0.561062 -0.261963 -0.909028 0.807392 -0.698482 0.743005 -0.415483 -0.080288 NA NA 1.306600 0.157534 -0.415946 -1.316770 -1.011328 -0.220182 0.339402 -0.168902 0.759931 -0.748144 -0.621636 -0.984244 NA 0.290410 -0.776005 -0.580347 0.474897 -0.228537 0.429681 0.381728 NA -0.516936 -0.032510 -0.206559 0.003628 NA 0.814184 NA 0.514246 -0.572657 0.412363 -0.308951 NA 1.028244 -0.106191 -0.093655 -0.035149 -0.650477 NA -0.412473 NA 0.199999 -0.948843 NA -1.634167 0.252213 0.644863 1.000000
7 NA 0.725403 NA 0.859986 0.354120 0.895785 NA 0.782625 -0.908240 NA 0.628980 1.213552 -0.089536 0.046055 0.139604 -0.372278 0.095757 -1.180121 NA -0.780571 -0.359307 NA NA 0.818525 1.945485 NA 0.911793 -1.373012 -0.304348 -0.117571 0.400766 -1.103339 -0.047705 0.371104 1.211250 -1.698462 NA 0.365487 -0.379637 -0.384589 1.340313 NA -0.007424 -0.094627 -0.692643 -0.161817 -0.440245 -1.476428 NA NA 0.621885 -0.915489 NA 0.100104 -0.675514 0.449532 -0.351851 2.121912 NA -0.871664 1.984510 0.959444 0.128524 -0.082920 -1.486676 1.562488 2.549519 NA -0.121618 NA -0.525089 -0.049682 0.412495 0.965012 0.640983 0.010662 -0.002092 -0.042098 -0.791253 1.105165 0.625768 0.439590 -0.140985 NA 0.754110 0.572787 0.622180 0.483637 0.525335 -1.209018 -2.431847 NA 0.369950 -0.240173 0.627504 NA 0.976457 -0.171313 NA -1.067007 0.253325 1.000000
8 0.715365 -0.050608 NA 3.424550 -0.555655 -0.305720 NA NA NA 0.948751 1.067828 0.613712 2.248373 NA 0.542597 1.074494 0.824602 NA -1.194320 1.513075 -0.378904 0.713453 -0.889502 NA -1.109757 NA 1.040850 -1.275977 -1.739106 NA -1.517980 0.031183 NA 0.450123 -0.111073 0.391550 NA -0.171386 0.018516 -0.274768 0.826762 -0.819959 0.464437 1.418934 0.284319 1.596491 0.693147 0.152309 0.857446 0.939788 0.409266 -0.541727 -0.424414 0.067770 -2.193578 -0.223607 -1.829298 NA -0.054438 1.560669 -1.449198 0.352740 2.552370 1.280818 1.369467 -0.810906 -0.350276 1.568594 0.181994 0.064797 -0.071728 NA NA 0.504480 -0.585816 0.977902 NA -0.237801 NA -1.678406 1.173789 NA 1.960344 1.189146 2.109044 1.695033 -0.053649 -0.364783 -0.396689 0.840384 NA -0.603723 0.801533 -1.132685 NA 0.378806 0.147416 NA -1.359049 -1.215611 0.491222 1.000000
9 NA -0.406729 -0.016354 -0.428182 2.309273 1.201222 0.194236 -1.504721 -0.273241 0.720072 1.341977 0.826427 0.051504 -0.032511 0.634661 -0.326927 -0.180519 -1.042510 0.114512 NA 0.029246 -0.896512 NA 0.941963 1.145825 0.295880 0.717977 -2.174943 0.616838 NA 0.117216 -1.082224 0.862584 1.193033 NA -0.668003 0.701038 NA 1.189109 -0.596254 -1.773430 -1.088239 -1.514094 NA 0.890573 1.073424 0.862721 NA 0.129710 NA NA NA NA NA NA -1.201189 -0.437760 0.832949 0.450612 -1.236216 -1.187296 0.057225 -1.062663 -1.451175 NA 0.027864 NA 0.704015 0.526745 -0.211085 NA -1.375462 -0.643518 1.116850 2.228180 0.791489 0.281627 -1.343226 1.460362 1.201695 0.169900 -0.630518 0.163235 NA 1.937658 0.388904 1.855119 NA -0.151111 0.229282 -0.117595 0.498236 -1.192298 1.458234 0.601656 -0.740836 NA -0.405063 -0.746300 NA 5.572809 1.000000
10 -0.079023 0.137316 1.845672 1.093427 -1.606845 1.244139 NA NA 0.256936 1.818668 0.041897 -0.084618 -2.714225 0.353666 -0.809903 NA -1.846706 0.392413 -0.534614 0.556559 -1.132325 -0.726624 -1.208890 0.921759 0.762031 0.138510 -0.413082 -0.639020 -0.772405 0.498948 -0.268167 -2.070334 -1.097677 -0.609322 NA -0.478203 NA -0.425193 1.723088 0.537300 NA 0.549770 -0.152775 -0.043265 -2.840031 -1.050496 -0.838532 0.428786 NA -0.943837 -1.263540 -0.919058 -0.638840 NA 0.701192 0.464100 0.462487 0.553396 0.451254 -1.035749 2.452397 3.215101 -0.609806 NA 0.361687 -1.273434 NA 0.721026 -0.724214 0.250057 NA -0.233018 3.411951 1.920388 0.610801 1.118388 -1.247761 -0.404729 0.480085 NA NA 0.294463 0.095489 NA 0.361039 0.056376 -0.113422 1.112694 0.422110 -0.640975 -3.146901 -1.549291 0.526888 -2.276440 1.045642 -2.096847 NA -0.094227 0.597679 0.639738 2.748034 1.000000
11 NA -0.551313 -0.802425 1.215207 -3.091517 NA -1.154622 0.333366 0.739988 -0.358657 -1.308628 NA -1.511775 0.905572 -2.261175 0.471166 NA 1.413385 -0.091176 -1.183542 0.094283 -0.759871 -0.161852 -0.060180 NA 0.820457 0.276746 -0.128036 0.826793 -0.647154 0.325278 NA NA 0.232074 0.450669 NA -0.871789 -1.630323 0.566034 0.570783 0.757972 NA 0.540605 -0.103484 0.187669 -0.744945 1.019575 -0.809062 0.136629 NA -0.533762 1.409350 0.031215 0.268673 -0.082566 NA -0.133794 NA -0.042275 1.234886 -1.641212 -1.479356 0.834891 1.286459 1.001831 -0.633218 NA -0.721014 -0.418013 -0.364095 -0.030382 -0.512133 0.929574 -0.957769 1.702959 -1.828914 2.777123 0.764029 NA NA 0.594829 -0.541884 -0.231023 0.388651 2.154392 -1.266139 -1.086061 -0.317518 NA -0.592724 1.620579 -0.675385 0.394068 -1.549961 0.005147 -1.181680 -0.395226 -1.109036 NA -1.361823 23.242594 1.000000
12 -0.134020 0.404034 -1.833994 NA NA NA NA -1.305480 1.170437 -0.390540 -0.615704 -0.245859 NA 0.631815 -0.391504 NA -0.435860 0.783455 NA -0.058787 NA 1.095289 -0.287566 -0.459102 0.025395 NA 0.657489 -1.322098 -0.057254 -1.119025 NA -1.157589 0.240061 NA 2.450884 0.231146 -0.134102 -0.350000 0.594115 0.523280 NA -1.069744 -2.168740 -1.250762 -0.118019 NA 0.654379 0.080668 0.417695 2.248529 -0.451146 NA NA 1.620551 0.329105 0.283631 -0.776220 0.430172 -0.456986 2.249161 2.854641 0.937265 0.025520 NA 1.971557 -0.005163 NA -0.101417 -1.438956 -1.219527 0.249567 -0.348542 0.606717 0.510563 -0.683988 -1.308075 1.046805 -0.726989 -0.036697 NA 0.935705 0.399711 NA 0.354712 0.507771 0.650175 -0.575183 NA 0.106523 -0.085739 -1.550304 2.294041 NA -1.669490 -0.107790 NA NA -0.765311 0.269880 -0.377423 36.190575 1.000000
13 -1.830931 -0.913551 -0.292070 1.342191 -0.398932 1.199101 NA -0.250341 -0.978618 -0.716162 NA -1.283643 0.299066 0.225182 -0.826827 -0.601844 -0.064220 -0.834321 -0.150068 -0.468990 NA NA -0.662290 0.884180 0.485847 -1.481487 NA 1.226992 -0.565127 -0.285248 2.963013 -0.522492 -0.784024 0.743575 NA 2.090875 NA 2.064713 -0.008059 NA -0.434007 -0.489215 0.378938 0.779707 -0.596869 NA NA 0.609031 NA -0.402481 -0.088165 NA -0.051788 -2.122498 -1.326548 -0.281211 NA -1.098874 0.520199 NA 2.314718 0.652135 NA NA 0.645187 NA -0.216920 0.054365 NA -2.066261 0.403977 1.099178 -1.251407 NA -0.214923 1.723555 -0.952818 -0.637932 -0.048770 -1.071624 -0.311432 0.010994 NA 1.891760 -0.285082 0.306680 -1.885005 -0.310409 0.114858 -0.811542 NA -0.352133 -0.559966 NA 1.012394 1.443242 -0.975627 -1.144384 0.427492 -1.374612 7.050795 1.000000
14 -1.303413 0.210360 -1.104542 0.702485 -0.801985 -0.786836 0.904305 NA NA 0.923591 0.396056 0.596100 -0.923507 0.313813 0.814391 NA 0.577538 NA -0.848723 NA 0.052428 0.680482 NA 0.486546 -0.284577 0.928990 NA NA 0.441169 NA 0.608875 0.290459 0.567560 0.236480 -0.679813 0.902845 0.759196 0.658384 0.858846 1.111000 -0.277593 -0.316682 0.999956 0.406783 -1.120923 0.811241 NA NA 0.444315 0.257389 -0.022528 1.512579 -0.305138 0.727128 -1.129411 -0.220919 -1.041318 0.375067 -0.800550 NA -0.990242 0.365451 0.044285 NA NA -0.381687 -0.432017 0.881620 -1.952388 -0.449307 NA 1.449625 -0.639687 -1.106158 NA NA NA 0.294248 0.657661 -1.997011 -0.854120 -1.008332 2.266340 0.868383 -0.298268 0.599542 0.176896 NA -0.507595 NA -1.734185 0.377337 1.580993 NA -0.400345 -1.470830 NA -2.626185 0.432833 NA 16.455306 1.000000
15 -0.782141 -1.112784 -2.012545 NA NA NA 0.859322 -0.352429 -0.587402 -0.664588 0.397718 NA -0.234407 0.641383 -1.926008 0.626078 0.072476 0.717019 1.968856 0.883589 -0.251055 NA NA -0.747481 -0.499434 1.484944 -0.197587 0.553860 2.239385 NA -1.240028 -1.812699 0.679127 0.365661 -0.074390 NA 2.187151 NA -1.455260 NA -0.986285 1.025231 -1.480148 -0.667227 -0.919767 NA -0.956718 -0.597046 0.092124 0.459094 1.491176 -1.997515 -0.461529 -1.266310 -0.883636 0.130464 -0.617754 -1.207911 -0.764712 -1.418875 0.630988 0.508734 -1.513209 0.227937 -0.008879 0.697482 0.760634 1.204449 -0.046464 1.513569 1.052150 -0.068942 NA NA 0.065841 NA 0.608976 0.174169 1.456359 0.182399 -0.370172 -1.115664 0.741017 NA -1.385461 0.544917 -0.424920 NA -1.241605 -0.911847 0.740338 -0.508858 0.981912 0.335361 -1.757194 NA NA 0.747815 NA NA 4.713655 1.000000
16 -0.063769 0.221688 -0.272107 1.514719 -0.952032 NA -3.164509 1.379286 NA 2.235055 2.353943 1.656846 NA 1.327370 -0.087136 1.128880 -1.194443 NA NA 0.513856 -0.664295 -1.150601 0.823029 NA -0.622103 0.621777 0.841194 -0.410869 -2.139446 -0.953034 0.067555 NA 1.260942 -1.295024 NA -1.227622 -0.221043 0.452868 NA -1.300959 0.790050 0.660704 NA -0.734127 -0.617239 1.687638 -0.718826 -0.256427 0.016607 NA 0.882011 1.007749 1.523368 -0.536299 0.049006 1.557728 -1.668340 1.298203 0.974119 2.703580 0.594023 NA -0.903388 NA -0.900182 NA 0.074170 0.179218 NA -1.031630 NA 1.191549 -0.998649 -0.910035 NA NA -0.699265 0.733084 2.033104 NA NA -3.049093 -0.921344 -0.108186 1.733981 -0.682414 -0.707677 NA 1.673955 -0.536539 0.331134 -0.464941 0.279564 -0.220157 -0.540927 -1.119617 -1.228200 NA -1.028870 -0.383114 0.358500 1.000000
17 0.451034 0.549776 0.207599 -1.792583 0.239391 0.001070 NA -0.099110 -0.592771 0.053489 -0.310910 -1.154955 1.058722 1.714465 -0.726187 -1.411113 0.477327 0.193197 -0.699914 -0.992368 -0.305826 -0.011453 0.397849 0.200511 -0.914415 1.843018 -1.421616 0.370134 2.139667 -1.199522 NA -1.897765 0.464466 NA -0.912082 0.850382 0.624072 NA -0.255589 -2.330900 0.531627 NA 0.131198 NA -0.294117 0.902874 -0.898885 -0.066468 -1.290197 NA -2.529574 0.565515 NA 0.131196 NA -0.581840 NA -0.483990 -1.083794 NA 0.230594 NA -0.982276 NA -0.329348 -1.146915 -2.012478 0.462920 0.959797 0.289466 0.740425 2.117795 -0.124587 0.400895 0.080503 1.163099 1.466510 NA 2.626715 NA -1.544244 0.618906 0.002653 0.267266 -0.132726 NA -1.703371 -1.312251 NA 0.624602 -2.044340 -0.319484 -0.739661 -0.730553 2.448432 0.447963 0.248037 1.331816 2.321986 -0.028924 0.614842 1.000000
18 -1.062693 -0.616919 -1.538370 -0.433083 1.492007 NA 1.165993 0.964895 -0.120246 NA 1.025089 -0.190389 0.110889 1.408833 0.053821 0.884216 0.077686 1.115451 -1.475435 0.081311 0.331156 NA 1.026737 0.933775 0.972808 -0.508981 0.419638 NA 0.733089 1.277119 0.319526 NA -2.110000 -1.227034 0.295063 -0.446798 -1.852183 2.177925 0.176906 2.396342 1.548766 0.335891 0.654922 -1.799228 0.451729 1.290456 0.554752 -1.068060 1.264542 0.453371 0.220066 NA 0.596047 -1.315643 1.418438 -1.962442 0.053097 -0.181062 -1.248633 1.087105 NA NA 0.498471 NA -1.003197 1.326452 0.640138 0.343231 0.070723 -0.852179 -1.267758 0.639811 -0.453599 -1.501955 -1.361821 0.310944 -0.012225 1.813777 NA 1.308456 -0.590764 -0.912981 -2.260273 0.544637 -0.198622 0.857052 -0.919255 -0.338673 -1.431391 -1.064160 0.800262 -0.451808 -1.170106 0.027848 -1.330637 -0.583116 1.296896 -0.429991 0.401129 1.687846 18.809515 1.000000
19 0.350174 -0.042365 1.097451 0.112857 NA 1.214016 1.020313 -0.765240 -0.934294 0.248138 -0.338002 NA -0.581266 -0.517644 0.172936 1.938539 0.148355 NA 2.120436 1.872174 0.842497 NA 1.579824 -0.938569 -0.201637 -1.485870 -0.583324 1.010320 NA NA NA -0.551665 NA 1.172939 NA 0.039076 0.632723 0.946473 0.635880 -0.409389 -0.239622 0.238762 0.500150 0.433477 0.195829 0.811803 -0.729208 -0.191130 -0.032716 0.179325 -1.470121 NA NA 0.721788 0.100139 -0.175520 0.708515 0.482347 NA -1.117985 -0.777838 0.393575 0.648063 -0.877693 -0.444232 -0.290289 0.340651 -0.118939 NA 1.365208 -0.362439 0.453471 0.259102 NA -0.055776 0.825558 0.078005 0.148894 -1.098386 NA 1.320961 0.417745 -1.649401 -1.089385 -0.288841 -1.079486 0.097989 -0.505414 -0.812915 0.493798 -0.006951 0.207681 -1.135165 NA NA 1.647982 1.973864 NA -0.208823 -0.016439 0.070985 1.000000
20 -0.367453 -0.491502 -0.152712 0.118019 NA 0.222970 0.738923 1.270466 -1.008312 -0.713703 2.033216 -0.060306 NA 0.139657 0.021212 NA -1.293662 -0.345950 0.019855 -0.748804 0.073889 -0.321898 -0.504336 -1.477625 0.915271 0.604045 0.610933 NA -1.191269 NA NA 0.618343 NA 0.567492 0.367420 NA -0.066580 0.751302 -0.570276 0.724793 -1.627841 0.249843 0.206199 NA 0.151241 0.491833 NA 0.141962 1.804407 0.073408 1.179315 0.174989 NA 0.290058 1.032805 0.208255 -0.188137 NA -0.747093 NA NA 1.079364 0.623971 1.018612 0.090369 NA -0.861828 NA NA -1.299352 -0.305949 1.119266 NA -0.964922 -0.153971 0.782638 1.052518 -1.014795 0.698750 0.561833 0.404355 1.293439 NA 1.052115 NA 0.688005 -0.149969 0.607781 -1.282603 -1.365749 0.384935 -1.600447 0.436999 -2.254119 -1.331181 0.691066 -3.207896 1.072650 -0.322138 -0.833522 12.069866 1.000000
21 0.053763 -0.414803 -0.628922 -0.968258 0.599545 0.052906 NA -0.072646 -2.208439 -1.274753 NA 0.827199 0.244922 1.404072 -0.550602 -0.238301 -1.127330 NA NA -0.277194 -0.957867 -0.833156 0.269945 -2.258155 0.325385 0.603948 0.479319 1.666153 -0.160874 0.063363 0.094179 NA 0.873968 -1.406588 -0.756709 NA 0.610617 -1.037813 -1.219863 0.610835 NA 0.685481 0.198214 -2.086252 NA 2.435321 -1.210099 0.938098 -0.525421 NA 0.139888 -1.746900 -0.984036 -0.256094 -0.049870 1.991260 NA NA -1.702599 0.257532 -1.198422 NA NA -0.915903 1.501319 1.656484 -0.248319 -0.746476 NA -0.770171 1.101828 -0.114950 -0.331975 0.316911 0.404897 0.598682 -0.579030 NA 1.123751 NA 0.961592 0.424017 -0.138630 -1.872428 NA -0.212959 NA -0.406678 -0.035513 1.253576 0.206094 NA -0.137026 -0.776795 0.093466 1.162930 -0.319946 0.356318 -0.411126 0.421860 2.022151 1.000000
22 -0.434424 1.214246 NA 1.079954 -0.340325 -1.009074 NA NA 0.268031 1.001644 -1.204707 -1.039936 -0.972576 -1.634922 1.199375 0.567343 0.334061 NA 0.737609 -0.410749 NA -1.157646 -1.230207 0.530868 -0.354298 0.429431 -0.475901 0.115401 -0.912877 0.843410 0.750932 0.387577 NA NA -0.359094 -0.883881 -0.917999 0.596483 -1.159424 -0.050512 1.045039 1.324671 NA -0.613162 NA NA -0.050016 -0.405172 0.932785 0.729463 0.065875 -0.259875 NA -0.825830 -0.424089 1.903302 0.852024 -1.731774 NA NA 1.061459 -0.334989 -0.541962 NA 0.093114 -0.887053 1.070625 NA 0.175181 NA 0.368530 -0.771661 0.329371 NA -0.827190 0.226465 NA -0.043458 -0.334822 0.662220 -0.451372 0.261384 -0.259208 NA -0.948253 0.174448 0.160746 NA 0.049188 NA 1.855573 0.390559 0.174610 NA 0.488920 0.458028 1.748815 NA 2.175234 0.602843 1.123661 1.000000
23 -0.409036 -1.011832 -1.550158 0.290341 -0.509535 0.771429 -0.510842 NA 1.391765 0.680395 NA 0.836336 -1.273690 0.884525 NA -0.728644 NA -1.419272 0.341842 NA 0.672011 -0.575786 -0.958746 NA NA 0.457341 -0.614895 -1.162554 -0.309441 0.592613 -0.878771 NA 0.297068 0.416120 1.211946 -0.070465 NA 0.717344 -0.116979 NA -1.398707 1.155278 -0.158235 NA -0.648941 -0.689923 0.801702 1.000473 1.800163 0.431341 -0.530023 NA 1.186224 NA NA -0.027027 -0.791582 -0.282860 -0.865447 0.333635 0.962249 1.274875 NA 0.403171 -1.257716 1.114989 NA -0.165041 NA 1.094060 0.174763 -0.482098 -0.101784 -0.067528 0.396439 0.378022 0.214897 1.447199 -0.241175 1.279071 -1.448417 NA -0.163753 0.605096 0.686054 -0.055462 NA -0.990599 NA 1.336885 1.112237 -0.888410 0.757914 0.445190 NA NA 0.710391 -0.696851 -0.729827 -0.736500 48.146352 1.000000
24 NA -0.050669 -0.161553 0.573300 NA NA 0.026525 0.140201 0.738812 0.135344 0.285502 NA 0.634578 1.112432 -0.151566 NA -1.923409 0.581222 -2.225399 -0.952898 -0.563537 0.171130 NA 1.858530 0.596994 NA -2.415499 1.124062 -0.165087 0.312585 0.136332 -2.423220 0.868042 -0.449439 -1.408976 -0.424413 0.960654 NA 0.217154 0.091869 -0.249032 -0.739951 -1.623247 -0.166626 0.359689 -1.543081 0.284821 NA 0.721807 1.260399 -0.944831 -0.415882 -0.130543 0.375260 0.393551 NA -0.175166 -0.703896 -1.035219 -0.074095 NA -0.945786 0.798342 -0.328473 -0.509110 -0.652431 NA 0.431673 1.913957 -2.603599 -0.621329 0.466586 0.159943 0.967880 0.125690 -1.164796 0.704281 2.764710 -1.013115 -1.205368 0.000411 NA -0.344416 -1.579351 -1.228117 NA 0.589098 -0.680748 1.386624 -0.237997 0.977601 NA -1.389899 -0.436229 NA 1.882248 NA -0.440085 0.144566 1.178820 0.377691 1.000000
25 1.306044 0.224636 1.123037 NA 0.604272 1.435793 NA 0.468135 0.964627 -0.114350 0.087908 -1.623531 2.364350 -0.197830 0.350632 1.027580 NA 0.272027 0.028737 -0.346105 0.614823 0.565031 NA -1.399662 NA 0.123700 -0.902149 -0.148669 1.052949 -0.644483 0.378573 -0.622293 NA NA -0.313443 2.103434 NA 0.296614 0.871147 0.728338 NA 0.096288 -1.101098 NA NA 0.807312 NA 0.520037 0.312316 0.779097 NA -0.202462 -0.642264 NA -0.592058 0.108188 1.397949 -0.489458 0.011768 0.491474 1.197192 0.930531 NA 0.340063 -1.307951 2.273928 NA -1.423814 NA -0.200918 -1.307874 -0.026369 NA 0.098573 NA 0.334697 NA NA 0.855487 0.112650 -2.246791 0.552222 1.736790 0.081317 NA NA -2.173742 0.605608 -0.355790 0.062099 -0.346862 0.645285 NA 0.722926 -0.944101 1.605851 -0.493899 -0.675025 NA 1.018413 12.534921 1.000000
26 -1.409637 NA 0.054539 NA 0.008949 -1.821828 NA -0.798405 NA 0.282017 -0.000960 -0.149245 0.194188 NA NA 3.046505 -0.664897 -0.756592 NA NA 0.994677 0.004202 -0.976399 -2.081654 1.001021 -1.409851 0.720865 NA NA NA 1.040779 NA 0.019459 -1.014233 -1.646551 -0.634414 -0.090277 -0.177458 -0.221207 NA 1.304597 0.290661 NA 0.515767 NA 0.667318 1.860900 -0.005395 0.802419 0.020580 NA -0.514456 -0.921947 NA 0.616897 -0.626803 NA -0.103411 NA 1.317823 -0.261908 0.388260 NA 1.019227 -0.369638 0.501333 -0.162734 -0.559116 NA -0.810697 1.025583 -0.821315 1.710577 0.178590 -1.514219 0.602527 -1.248548 -0.459059 NA -0.705739 -2.046844 -1.315942 0.752909 -0.618676 -0.248119 0.650987 NA NA 0.431404 -0.262384 0.062620 0.442634 -0.423730 0.702604 -0.249324 1.442187 1.775315 -0.244801 -1.927356 -1.803767 3.317386 1.000000
27 0.461206 NA -0.779208 -1.246269 NA 0.113664 0.241211 1.196286 0.562343 -0.582821 -0.919679 -0.907724 -1.070222 -0.331527 -1.301735 NA -1.125775 -0.778112 0.464390 -0.326997 NA -0.321632 0.286369 1.260625 NA NA -0.948707 0.083160 NA -1.489097 -0.205045 -0.788863 1.073207 -0.269405 -1.222855 -0.665926 -0.222488 1.165082 -0.590300 -0.151722 0.489816 0.344283 NA -0.906617 -1.515727 1.440177 1.170725 NA -0.583735 0.371515 NA -0.043823 -1.053203 NA -0.810542 -0.766026 0.673124 1.497813 -0.587694 NA 1.090139 1.098482 NA -0.974942 -0.571141 -0.778269 -0.596124 0.025739 2.188543 -2.231454 0.326825 1.161646 -1.376537 -0.120550 1.138003 NA -0.281635 0.729737 -0.219929 -0.148792 2.511598 NA 1.519887 NA NA -2.308037 -0.184846 -2.397956 -0.433674 -1.229995 NA -0.933467 NA 0.409408 0.904989 2.043900 -0.418406 -0.894511 -0.622729 0.209085 11.115695 1.000000
28 NA -0.466084 0.080861 1.262384 NA NA NA 1.370673 -0.737571 -1.359633 NA 0.118827 NA -0.940495 NA 0.618946 0.340275 1.194370 0.169171 -1.121640 0.988201 -0.203822 -0.498898 NA NA 1.526364 0.276940 0.357451 NA 2.460787 -0.813256 -0.936649 -0.840995 -0.789266 0.582662 -1.681986 NA NA -0.504152 2.615796 NA -0.201605 -1.853478 -0.447424 0.459798 NA NA NA NA -1.038130 -0.414264 -0.928531 1.823051 -0.764218 0.201266 NA 0.310226 -0.420757 NA 1.591467 NA -0.895568 -1.349164 NA -0.558358 NA -0.509474 NA 0.879088 1.025782 2.175315 -1.538511 0.371787 -0.042005 1.678421 0.724625 NA NA -1.390498 NA NA -1.357191 1.356078 0.681273 -0.158648 NA NA 0.678865 -1.062836 -0.241707 -1.713622 1.483534 0.278981 NA 1.315753 NA NA -1.167262 NA 0.607343 0.312191 1.000000
29 NA NA 0.097779 NA 0.181085 1.367853 -0.948837 0.957554 -0.692229 0.199287 NA 0.099818 NA 2.336751 -1.094328 -0.794100 0.018137 0.657488 -0.193310 0.472784 0.763000 2.579795 NA NA -0.929376 -0.037012 -0.005968 1.650142 -0.900759 0.296794 0.108101 NA -0.233717 -0.976694 -0.565251 -0.891412 -0.492362 -0.598840 0.528151 NA 0.615022 2.797421 NA -1.203901 -1.186538 -1.204843 -0.430967 0.816080 NA 0.600942 0.740655 0.280323 NA -0.203914 1.891063 0.274520 0.207236 -0.501324 1.994901 -2.116680 NA -1.010738 NA 0.928646 -2.119737 1.923855 0.828432 -0.055294 0.748817 NA -1.996041 NA -0.100839 -0.116101 1.247754 -1.590169 0.519809 NA -1.606364 2.363533 0.801932 -0.111133 0.582053 0.651043 NA 0.506472 NA NA 0.034667 -0.000112 0.061182 -2.705705 NA -0.389116 1.977846 0.594432 0.092657 0.849017 0.198864 0.602097 0.214332 1.000000
30 NA -0.256377 0.639324 -1.281401 2.188621 0.201401 -0.005850 -0.079793 -0.992774 NA 0.350758 -0.969099 0.257961 0.951949 NA 0.824905 -0.873553 -0.115701 -0.776329 -0.411090 -0.854397 0.644735 -1.069325 -0.006023 NA -0.882504 NA -1.266417 -0.689663 0.606337 -0.371129 -0.240882 0.295241 -2.949138 NA 0.610028 0.289088 -1.440017 NA 0.058531 -0.768427 0.213255 0.403673 -0.921212 0.580240 0.814215 -0.619708 0.867091 -0.179153 0.984351 -0.642401 0.132240 NA NA 0.827303 -0.588064 NA -1.491758 NA -1.789142 -0.558362 -0.653226 -0.170247 -0.447508 NA NA -0.568172 0.732132 -0.202450 -0.490357 1.537766 0.287030 0.933287 -0.059834 NA NA 0.845217 0.722933 NA -0.717003 0.279921 -0.968604 0.682373 -0.598169 NA -1.253176 NA -1.812953 NA 0.685908 -0.237095 -0.173197 0.505393 -0.628903 -0.326302 0.928417 NA 1.361812 -0.821571 -1.004450 0.315011 1.000000
31 0.385365 NA NA NA -1.421163 -0.637428 NA 0.823218 -0.176906 -1.265940 0.485812 -0.883059 0.250238 -0.918497 -1.687154 0.028337 NA -0.892938 1.692466 -0.174630 NA NA 1.597400 1.709843 NA 0.130961 -0.551394 0.792441 -0.131386 -1.418196 NA -0.187536 1.570110 0.849346 NA NA NA -0.473846 1.556777 1.144643 1.931130 0.999077 NA 1.725074 -1.581445 -0.692275 0.887810 0.345653 -0.103882 NA NA -1.305592 0.050080 -1.734866 -1.014973 -0.723056 NA -1.650155 1.218711 NA 0.970473 NA NA -0.170669 0.588553 NA 0.850582 1.702524 0.960615 0.967990 NA 0.524037 NA 1.211552 0.894156 1.200004 -0.314680 1.247282 -0.493923 1.227375 -0.011628 -0.283666 0.324231 -0.396031 -0.227424 0.697283 0.668025 1.194474 -2.117460 NA 1.306101 NA 0.088044 0.443122 -2.349781 1.021304 NA 1.818188 0.860121 0.103711 1.170292 1.000000
32 0.284822 -0.247480 0.756413 -1.072087 0.584862 0.360758 0.278536 1.700376 1.080452 -0.366089 NA -1.198068 1.043348 0.535331 0.646778 -0.455581 0.423427 -0.847960 -2.252772 -0.173022 -0.946347 1.586930 NA 1.369834 1.214807 NA -0.823042 1.244852 -1.070118 -0.222200 NA -2.499542 0.345905 0.820669 2.054399 -1.185119 0.728169 -0.357150 -1.603258 NA 0.314276 -0.224311 0.010566 -1.406073 NA NA -0.759051 NA -0.187156 NA 1.340553 0.385885 NA -0.361971 0.041576 -0.217472 -1.874818 NA NA 1.065045 0.860881 0.605407 0.138647 0.288243 -1.325098 -0.124615 NA 0.242525 0.471675 -0.045728 -3.067982 0.469808 NA -1.635880 0.208121 0.499976 -1.158838 -1.366845 NA 0.062377 0.075292 0.234143 -0.357342 1.118754 0.477836 1.460190 NA 1.999630 -0.970789 -2.769292 0.515380 1.411358 1.193526 0.283739 -0.478542 -0.009155 0.585958 0.542567 -0.797148 0.461050 6.423485 1.000000
33 0.631877 -0.194114 2.241628 -0.718831 0.374330 -0.678691 0.107476 0.070248 -0.322718 NA 0.176845 NA 1.385101 NA NA -0.519809 2.204586 0.421389 3.565742 0.790506 -0.274241 0.129298 0.046934 -0.852182 -1.250464 1.386511 1.637065 -0.607636 1.557755 -0.740240 0.856987 -0.712238 0.438338 0.558198 0.019433 -1.220963 -0.850635 -1.370457 0.027920 NA 1.020960 0.584153 -0.384768 -1.559759 NA 0.183279 -0.493373 -0.938077 0.187289 -1.049411 0.034789 -0.202027 0.055544 1.110314 0.179406 0.989910 -1.593314 NA -1.834214 NA -0.703697 -1.580195 -0.492732 -0.260960 1.825012 0.765727 2.074382 0.936927 -0.831451 -1.547364 0.190012 -2.406138 0.020445 1.742468 0.548743 -0.884664 NA -0.661219 0.621431 -0.090406 -0.135313 0.219672 0.880155 -1.584795 0.341592 1.812716 -0.249031 1.105950 0.716084 3.465660 -0.000582 1.070468 -0.151972 -0.573564 -0.824786 0.415374 -0.733753 3.184696 NA -1.676518 0.796330 1.000000
34 -0.238263 0.291484 1.306425 -0.166353 NA -0.862241 -0.150428 NA NA 0.366656 -0.104676 -0.154694 1.527595 -0.720349 -1.872706 NA -2.016282 0.382043 NA 0.129669 0.780715 NA 0.430242 0.630979 NA 1.359606 0.033765 -0.899635 0.919903 NA -1.662140 NA -0.782647 NA NA NA 0.828831 0.970037 NA NA -0.166517 -0.317989 1.143649 0.428199 1.256832 -0.868894 1.341360 0.644789 -0.110873 -1.573010 -1.626770 1.026737 0.627714 -1.092029 -0.377411 0.755638 1.267774 -0.612867 NA 0.219984 -0.596603 -0.675352 0.389027 -1.604425 -1.765731 -1.004964 NA NA 0.577857 1.455894 NA -0.293966 NA NA 0.351373 2.069308 -0.333036 0.872428 -0.221426 -1.251137 -0.614225 -0.728457 -0.796879 -0.695734 -0.423326 0.645642 NA -0.407741 -1.328462 NA NA 1.192800 0.007463 -0.219180 -0.298589 -1.072697 0.198665 -0.750187 0.862416 0.105240 0.176649 1.000000
35 NA NA NA NA -0.801620 -1.019463 1.398996 1.672423 0.787734 NA -0.260618 1.359948 0.595027 NA 0.747659 -0.333184 NA 1.086748 -2.209741 1.009077 -1.098273 -0.251463 0.617413 NA 1.891180 NA 0.756532 NA 0.113790 1.286167 0.762805 0.247327 -0.999578 0.390550 0.290878 0.726064 0.124960 NA NA -0.684931 -0.651723 -0.639290 0.646027 -0.211103 -0.529527 -0.865891 -0.758943 0.357614 -1.501802 -0.139714 0.049965 NA 0.750456 2.057024 0.154741 2.276556 -1.280097 -2.226997 -1.316966 -0.420634 -1.143567 -0.093098 2.055350 -0.070791 1.601477 -0.911803 -0.862380 -0.634008 -0.661457 NA -0.285797 -1.233135 1.134139 NA 1.447371 0.911424 0.362144 -1.135902 0.253600 -0.142282 -0.150485 0.448910 -1.279293 0.671176 -0.942947 -0.697837 NA -0.085233 1.202590 -0.918618 0.496235 NA 0.228535 -0.595369 NA NA -1.169881 -0.287485 0.634702 0.257961 63.948390 1.000000
36 -0.298816 -1.187507 0.121525 -0.861862 0.364415 -0.064128 -1.510098 -0.304196 -0.630749 -0.199793 -0.163624 0.421376 -0.073221 0.804247 0.653712 NA NA 1.056272 2.095966 -1.128328 -1.475833 NA 0.408925 NA 0.952408 -0.145824 -0.189427 2.447371 -0.231646 0.062652 -0.206227 NA -0.333713 0.595143 -0.521339 NA -0.389799 1.678680 -0.098921 NA -0.040235 -0.115873 0.422376 -0.600029 NA -0.160995 0.080382 NA NA -1.110653 0.008073 -1.197515 0.467982 -0.284791 0.867239 NA -0.721612 -0.178122 1.239479 0.206923 NA -0.873982 -0.121793 NA 0.969908 -0.123856 -0.867101 0.020947 0.554104 -0.178546 -0.220618 -1.594574 -0.475631 -0.877807 NA 1.845244 NA -1.504405 NA 0.149463 NA -1.009030 1.033350 -2.042815 1.097588 -1.478029 0.318934 1.782408 NA NA -0.378014 0.323111 -0.125812 -2.211189 -0.629080 1.472135 -0.595912 -1.780563 0.289792 1.360474 0.599555 1.000000
37 -0.999595 -1.204878 -0.410500 -0.246915 0.268313 -2.366088 0.887632 -0.601766 -0.316570 0.720018 0.075661 -0.374982 NA -0.077828 -1.304484 0.108140 -0.531663 0.006562 1.014357 NA NA NA NA -0.212011 NA 0.070422 -0.114464 -0.458184 -0.300582 0.619757 0.935668 -1.757533 -0.483572 -0.265755 -0.025642 0.421389 0.839215 0.665597 1.136011 NA -0.488064 0.234184 1.128229 NA 1.775076 1.453611 0.185221 NA -0.732468 -0.704049 -1.144099 0.351883 0.260311 -1.416552 NA NA 0.795749 NA 0.124568 0.077330 -1.447202 -0.060398 0.440442 NA NA -0.143074 0.036606 NA 1.309002 NA -1.094170 -1.382018 0.268538 1.787418 0.337679 1.010470 0.984923 2.344192 0.227805 -0.912087 -1.078268 0.930552 0.470421 NA -1.628411 -0.218795 0.344559 -0.436642 1.230031 -0.798498 0.545202 -0.410130 -0.466106 -1.341645 -1.016460 NA 0.074760 -1.028121 1.199906 NA 5.911359 1.000000
38 0.819504 1.086963 -0.559934 -1.169150 0.255396 0.301152 -1.395895 -0.166710 1.625520 0.437469 -0.552968 -1.196152 -1.336995 0.698797 1.891900 NA NA 0.832884 0.292388 NA NA -0.797947 -0.632790 -0.314966 0.043928 -0.348621 0.951281 1.324731 -1.453043 -0.990251 NA -0.746281 0.045877 -1.155873 NA 1.836325 -0.069219 -0.301906 0.525660 0.440408 0.114452 -0.149795 -0.689965 -1.770872 -0.407294 1.562529 -1.581153 1.101123 -0.965049 0.168713 NA NA -1.303521 -0.597754 NA -0.035700 NA 0.379551 -0.309177 -0.378379 0.395309 1.433093 NA NA -0.548578 0.347139 0.940859 1.250699 -0.081768 0.310633 -1.299538 -0.588603 NA 0.476122 0.698359 -0.995687 NA NA -0.964364 -0.753890 -0.599841 NA -0.990609 0.938060 0.491774 0.945683 0.335450 0.333899 0.301527 NA NA 1.058222 0.691633 2.021219 NA 0.246137 -2.296358 NA -0.803915 0.492121 2.300668 1.000000
39 NA 0.982947 0.419623 0.389872 0.179753 NA 0.049236 -0.234493 -0.980667 -0.417645 1.487953 NA 1.370894 0.054335 1.127698 -1.233490 1.486756 0.088176 0.088793 0.404361 -1.530086 1.472182 NA 1.136605 -0.710736 -0.688053 -0.420077 0.028929 NA 0.245760 -0.129609 0.546445 0.297794 0.453190 0.627154 0.211008 NA 0.789014 0.208457 -0.838777 -1.265263 -0.911077 1.978475 1.608599 0.281891 NA -0.032261 NA NA NA NA NA -0.311015 NA -0.072363 0.117749 0.267263 0.016863 -0.421363 0.114114 NA NA NA -0.551610 -0.806694 1.353238 1.584691 NA 1.347798 -1.274908 NA -1.990136 0.787146 -0.402008 2.195681 NA 0.292894 1.417625 1.043702 -0.921564 -1.276283 0.430457 0.055126 -0.239931 1.063027 0.322846 2.245685 1.065768 NA NA -0.308310 -0.856509 -0.374101 NA -0.091881 -0.572822 NA NA -0.703667 0.690179 0.494396 1.000000
40 NA 0.375308 0.801505 NA 0.910384 -0.942763 -1.390466 0.607488 1.186634 1.644090 NA 0.075936 1.396179 1.044253 -1.409167 NA -0.600899 NA 0.465439 -0.158921 -0.410312 NA -1.391154 0.837020 1.061973 1.100368 -0.253383 0.324919 0.533895 -0.395471 -0.527957 1.155870 0.943166 -1.746670 0.264860 NA -0.398377 0.447914 NA 1.800894 NA -0.416777 -0.360163 -1.379952 1.323754 -2.188984 -1.363179 -0.641131 0.405234 -0.239270 NA -0.825686 0.792512 0.783732 0.962734 1.119126 0.596232 0.290399 -0.943947 1.681361 -0.173831 0.371810 -1.192016 0.634010 -0.089491 1.178840 -1.094425 NA 0.324053 1.690354 -0.805676 0.022654 -1.136652 0.209148 -0.895369 -2.352009 -0.436560 -0.296576 -0.362607 0.941549 0.452372 1.720288 NA NA -0.885673 -0.711274 1.282824 1.767275 NA NA 1.143024 -0.505747 1.306552 NA 0.583692 -1.440367 NA 1.404975 NA NA 2.874173 1.000000
41 NA -1.465702 -1.569983 -0.707667 -0.010064 0.099486 0.925431 0.166442 -0.958666 0.452541 0.479363 NA 0.155391 -0.617951 -0.897931 -0.300454 -0.725992 -0.008562 NA 1.168817 0.675873 -0.537589 NA 0.717987 -0.361064 0.625632 1.248662 0.403015 0.317676 -1.955757 -1.154880 0.843733 0.992758 -0.714418 -1.279053 -0.337900 0.100624 0.034536 0.405395 -0.586741 -0.022006 0.850741 1.441535 NA -1.039035 -0.418437 0.164214 -1.504568 -0.436130 0.534794 NA NA 0.152441 0.105385 NA -0.705609 -0.756618 -0.185832 0.189146 -0.539285 NA 0.086502 0.899416 -1.615747 0.465454 0.912732 NA 1.708356 0.380830 NA 0.475006 -1.377695 NA 0.144045 -0.822655 1.696096 NA 0.675581 NA 0.964731 -0.881971 -0.514675 -0.976056 0.639490 2.407309 -1.292934 NA 0.129433 -0.599462 -0.836647 0.792377 -0.109642 NA -0.218091 -0.669436 2.723683 0.971120 NA NA -1.650242 59.005057 1.000000
42 -0.902774 0.873120 NA -0.275139 1.087905 -0.228497 1.169704 -0.894511 1.297353 1.574497 -2.068710 -0.874010 0.394548 1.071916 -1.260679 NA -1.712718 NA 0.243619 1.275506 0.059535 NA -0.633190 -2.131382 1.307810 0.488691 1.243939 NA 0.089648 0.091010 0.258672 NA -0.900338 0.911396 NA 1.486772 -2.114409 0.662003 -1.065747 -1.089820 -2.081519 NA 0.365214 0.723955 -0.177163 -0.375262 -0.979058 NA 0.321934 0.576655 -1.394939 -0.803180 1.264296 1.946909 -0.936728 1.632849 NA -0.938714 -1.053068 0.057814 0.175791 0.562057 0.142683 0.678202 1.020580 -0.049495 -0.215327 0.488713 0.302755 0.927995 1.691821 0.356548 0.372883 -0.552043 0.292653 0.432463 0.000141 0.559589 0.320839 -0.924290 NA 0.177775 0.772213 NA NA 0.683675 -0.200542 -0.174987 -0.252908 -0.037966 NA 0.934953 NA 1.539311 -0.099655 NA -0.740561 -0.459876 -0.138027 -0.221998 1.672697 1.000000
43 NA -0.974543 1.095933 NA NA 0.220979 0.496390 0.938160 -2.171034 -0.626637 -0.612056 0.125476 -0.084094 -2.233216 NA -0.989273 -0.825820 -0.889374 NA -0.978081 -1.518785 1.183704 -1.143728 NA 0.670628 -2.080977 1.202640 0.648702 -0.152104 0.150644 -0.522233 -0.625585 NA 0.882418 0.487320 0.565103 NA 1.708794 0.785216 1.186374 NA 0.178969 -0.741807 1.993564 NA -1.326720 -0.010998 -0.965205 NA NA NA 0.724684 0.411552 -1.123078 -1.071856 0.820251 0.961388 0.719340 0.544748 -0.252681 0.395944 NA -0.156883 -1.318273 0.619546 NA 0.036149 NA -0.966825 -0.788542 -0.704742 -0.280040 0.955676 1.408411 NA NA 1.178727 -2.218434 -0.222368 -2.110131 -0.003087 1.233431 NA -0.416490 0.330581 0.546722 -2.221347 -1.926081 -0.607052 -0.845546 -0.187826 -0.418479 NA NA 0.411839 NA 0.077155 -0.094073 -0.997535 NA 1.935535 1.000000
44 NA 1.232188 0.501817 -0.130711 -0.452608 -0.327017 -1.471322 0.308830 -1.977340 NA NA -1.037247 0.508570 NA -0.365707 -2.061875 -0.227453 1.074595 NA NA NA NA 0.782046 0.008769 1.071119 0.613335 -0.351025 1.503665 -0.094113 -1.871094 -1.557299 -1.682857 -0.575124 NA 0.276348 1.161642 1.057075 NA 0.607283 NA -0.225262 1.135676 1.212535 2.011959 -1.228950 -0.374140 -1.175179 0.576929 -0.929523 0.924584 0.547470 -2.274138 -0.481614 NA -0.765552 0.811022 1.348093 -0.446784 0.702329 -0.096320 NA -1.741689 -1.633634 -0.384364 NA -1.132242 0.470335 0.203150 -0.071597 -1.808353 -0.906660 1.624078 -0.309260 -1.531263 0.128650 -0.439130 -0.793342 0.582918 -0.104528 -0.721413 NA -0.645842 1.677415 2.186647 0.515299 1.496616 1.154673 0.281682 NA 0.297372 0.678183 -0.444732 0.280030 0.000992 0.594645 -1.929081 NA -1.438625 0.242902 1.784893 0.085988 1.000000
45 -0.091390 -1.705739 -0.003114 0.603678 -1.046578 0.128127 -0.202893 NA -0.014725 NA 0.481577 0.063239 0.010520 -0.273194 -0.447654 -0.103756 0.390291 -0.876957 -0.418052 0.691285 -0.112777 1.404019 NA 0.118449 NA 1.783156 -0.037228 -1.240457 0.804728 0.706078 0.360551 0.292027 -0.208100 0.876401 0.397552 -0.863228 -0.546562 -0.753342 0.662394 NA -0.245293 0.664257 1.364375 0.410569 NA -0.990693 -0.821310 0.570354 1.582244 -0.045339 0.565224 -0.629957 -1.004546 0.703276 1.118684 -0.547364 -0.074455 -0.862078 -0.023417 NA 1.049922 -0.093397 NA 0.148023 -0.282609 NA 2.648642 0.153568 1.463454 -0.482984 -0.312416 NA -1.447958 -1.483538 NA 1.081175 -0.949156 -0.018435 -0.866517 -0.315508 NA -0.173269 NA -0.147976 0.136418 NA 1.605977 1.480232 NA 0.546605 0.862090 -0.326392 NA -0.147660 0.295321 -0.554111 -0.985670 -0.345211 -0.720931 0.889061 3.382829 1.000000
46 -0.658395 NA -1.417272 0.046546 0.107699 2.039588 -1.705431 -1.262451 0.012236 0.146501 -0.758611 NA 0.371610 NA -0.911237 1.014020 0.236552 0.496090 -0.028742 0.851021 NA -0.587628 NA 0.512893 0.411530 -0.248172 2.243965 -2.057520 -0.098374 0.177106 NA -1.201863 0.615622 -0.383256 -1.130290 0.866146 0.203768 NA -0.193364 -1.741505 -1.172441 1.621053 NA 0.273566 0.432299 -0.336879 0.871413 1.566671 -1.157994 -0.649489 0.607494 NA NA -0.922036 -0.721143 -0.389305 0.421085 NA -0.972024 -1.795507 NA -0.452284 NA 0.677404 -1.381689 NA NA NA -1.820489 -1.011115 1.222570 0.972036 -0.119731 0.728831 -0.801975 0.714551 0.238839 -1.012640 -0.057672 NA 1.048978 -0.660497 2.556924 -2.337917 0.123042 -0.739205 NA 0.208601 0.502801 0.580489 0.284234 -1.508256 -0.237641 0.076424 NA 0.809218 NA NA -0.545280 -0.150468 1.736784 1.000000
47 NA NA 0.719740 -1.831910 0.345304 0.864856 -0.873007 -0.383307 NA -0.040043 0.465221 -0.238148 -0.516859 -1.162292 -1.476165 -2.143182 -0.380793 -1.014349 0.064024 -0.305630 0.655731 1.766222 1.281603 -0.443605 -0.356870 -0.410748 1.403012 0.401356 2.273312 0.974527 NA 1.184543 -0.961468 0.580160 1.572372 -0.522091 NA 0.946587 -0.696080 -1.767806 0.037097 0.038829 NA NA -0.060204 NA NA NA -0.944826 -0.438142 NA -0.524820 -2.254975 -1.005266 0.263557 0.144860 -0.692842 -0.642481 -1.853808 2.035904 -0.450276 0.190939 NA 1.081611 -0.277657 0.098993 1.360763 NA 0.630212 -0.524454 -0.639649 NA 0.546634 -0.237987 -0.185934 -1.169141 0.335739 1.695795 -1.705800 0.435392 -0.839856 -0.521030 -1.063403 0.958603 -0.211554 1.189461 -1.277556 -0.467644 0.185073 NA 0.686149 -0.610876 0.077770 1.898458 0.331014 NA NA -0.699794 1.117429 0.213853 1.877430 1.000000
48 -0.523080 0.471423 NA 1.514587 NA 0.111605 -0.143224 -1.135181 -0.516878 -0.999640 -1.641293 1.761284 -0.917513 0.125443 NA 0.004080 1.191627 NA -1.503048 0.213731 0.342397 0.959258 0.407007 -1.607958 0.030294 -0.454883 NA -0.060379 0.703916 0.175002 -1.431531 -0.637894 -0.199250 1.250716 -0.641591 1.339525 0.031384 0.981115 -0.594244 NA NA -0.444480 0.703696 NA -0.255366 NA 0.519634 -1.721151 -0.406871 0.107070 NA 0.779615 -1.679526 -0.747572 0.291304 -1.614282 1.512311 1.590336 NA -0.888675 -0.029763 -0.939804 1.712546 -0.925238 0.541200 -0.268564 NA 0.925686 0.446291 -0.343303 -0.405059 0.101380 -0.884690 NA -1.493666 2.098132 NA NA 0.067035 0.004718 -1.414757 NA 1.064425 0.306813 -0.385415 -1.215788 -1.163029 0.703082 0.210008 1.571833 -0.267152 NA NA -0.453727 0.218570 0.514936 0.127503 0.217975 -0.401829 1.270248 0.219542 1.000000
49 0.467082 0.460027 0.557384 0.557858 0.492135 NA 0.750058 -1.414437 NA 1.516572 -1.236381 -0.128587 NA 0.615177 1.405657 -0.929236 0.567731 -0.282265 NA 0.478253 1.388072 -1.060007 0.658407 0.358949 NA -1.746966 0.082815 -0.094879 1.843566 0.120495 1.352258 -0.662852 NA NA -2.518336 -0.224300 NA -0.167414 -0.616931 -0.968868 1.433769 0.057804 -1.054511 -1.196571 -0.261747 -0.498346 -0.245464 -0.182661 0.106120 0.191923 NA 2.141775 -1.705361 -0.608316 -1.526888 1.960720 -0.190251 NA NA 0.231634 0.303803 -1.128733 -0.857023 -1.828824 -0.369344 0.872317 0.005106 0.547687 -0.233627 -1.710039 -0.749556 NA NA 2.807195 -1.360605 -1.751783 0.997498 -0.128091 0.537309 1.064700 0.198288 1.219140 0.954027 -0.793864 -1.634919 NA -1.105238 -0.263899 -1.524091 NA 1.343905 -0.050840 NA NA 0.825719 0.245256 -1.032811 -0.047108 0.870655 -1.682802 0.336128 1.000000
50 0.099215 NA -0.495016 0.598152 NA -0.677715 -0.687595 NA -0.905907 -0.521529 1.616811 0.301019 -0.232853 NA NA 0.482343 0.601211 -0.568544 1.681585 -0.006715 -0.581559 -0.440291 -0.319208 -0.959485 0.727346 NA NA NA NA 0.229125 -0.994240 -0.192764 -0.115681 1.587402 0.284438 NA 1.222457 -1.012861 -0.217718 -0.191123 -2.867957 -0.069515 NA -0.409787 0.175870 -0.339942 0.365424 0.832307 -0.148463 NA -0.164813 0.851199 -0.042990 -1.199967 1.363015 NA -0.600168 -0.094762 1.185689 -0.092220 0.099192 -0.299143 0.669073 NA NA 2.034318 0.155193 -0.730682 -0.368457 1.655491 -0.655968 0.332125 -2.124467 -1.249867 NA NA -1.083328 NA NA -0.902794 -1.119837 -1.094233 -0.042406 NA -0.667388 1.299494 NA 0.026491 NA 0.803176 -1.599907 -0.449701 1.407023 -1.503388 NA NA -0.783604 -0.440543 2.023105 NA 0.596449 1.000000
51 0.321822 0.383537 0.938488 -0.655683 -0.254461 -0.190164 NA -1.086404 0.051811 NA NA -0.936212 0.884584 0.039917 0.722270 -0.572100 0.451838 -0.787375 1.870646 -1.438741 -0.252458 0.333652 -2.083943 -1.139700 -1.204147 -1.501027 1.405723 0.766786 0.688620 -0.434805 -1.548283 -0.458507 -0.934250 NA -0.583936 1.456815 -1.529191 NA -0.643862 -1.312096 0.484920 NA 1.089227 1.644631 -0.328695 -0.708915 0.429516 1.200864 -0.370172 1.476226 1.081473 -0.204503 -0.937034 1.364666 NA -0.935325 -0.632452 -0.242918 0.764929 0.514225 0.389912 NA -0.918282 NA 2.246895 0.826926 0.885982 -0.421257 -1.200688 -0.059204 -0.365813 -0.311957 0.144109 NA -1.258689 -0.012427 0.441024 0.181722 -0.197079 -0.494650 1.337670 -0.117803 -0.229635 NA -0.221014 1.196381 NA 1.248596 1.192715 -0.864208 1.761424 2.166312 -1.520113 -0.469060 0.492739 NA 0.475369 0.257266 0.296384 1.060541 1.021170 1.000000
52 NA -0.257066 0.481966 -0.124531 0.382234 -1.153982 0.775341 NA NA 0.466105 0.606188 0.621339 1.276981 -0.471755 -0.189610 0.739882 0.934125 NA 1.208777 -0.397184 -0.800107 -0.273599 1.065056 NA -1.120037 0.298444 NA NA 1.309548 NA 1.994593 0.565415 -0.352967 1.953765 0.947278 NA 0.735040 1.068411 1.211592 1.020064 0.306312 NA -1.000589 NA -0.961981 NA -0.232673 -1.264294 -0.883087 -1.165452 NA 2.936979 0.205214 2.524395 0.180996 -0.319303 NA 0.239136 0.856837 0.810317 -0.258451 -1.214062 -0.898875 -0.280911 1.461178 -1.019080 -1.433346 1.593377 1.653773 0.387765 0.480799 NA NA -1.470375 -0.618755 1.034888 1.305986 NA -1.206432 NA 0.750943 0.235692 -0.342293 NA -0.612679 1.511349 -0.312250 NA -0.481397 2.126041 -0.966546 -0.404925 -0.333851 -0.064183 NA NA NA NA 0.402128 1.122206 2.627351 1.000000
53 -0.125907 -0.257135 -0.238448 1.036501 -0.396042 -0.161978 0.763579 -0.646499 -0.202183 NA NA NA 1.086227 0.262739 NA NA NA 0.324099 -0.244460 0.901215 1.370029 0.124494 -1.048922 0.470253 NA 0.279126 -0.460207 NA 2.220909 NA -0.658846 0.501646 2.372843 0.414785 NA 1.484458 NA -0.983224 NA -1.548932 -0.723716 0.595700 -1.172478 -0.248819 NA -0.221432 -0.427639 NA -0.433489 -0.847544 NA -1.802459 1.250618 0.450252 0.025817 1.324991 NA -1.783413 0.161355 -0.357562 -0.024178 0.911679 0.774328 0.307983 1.164895 -1.384454 -0.466612 NA 0.155878 -0.940374 -0.740803 1.136413 1.200833 NA 0.458413 -0.240108 1.264647 1.527733 NA -0.422540 -0.624729 NA 0.376025 1.415920 -0.557322 0.847684 -0.742188 -0.638893 0.574405 -1.444085 NA 2.047213 0.949981 0.802471 0.109556 -0.261412 1.234510 1.873793 -0.857775 2.511130 1.343989 1.000000
54 0.191951 0.453279 -0.024642 NA -0.948826 NA 0.554937 0.918045 0.528645 NA -0.591154 -0.355814 -0.685054 -0.577355 NA 0.909583 -1.147932 0.081574 NA -1.249696 NA -0.466991 -1.058594 2.734812 -0.793618 1.792592 2.114889 -0.123585 -0.432401 -0.325636 0.885393 0.073646 NA NA 0.060491 0.040282 NA NA -0.422640 -0.913771 -0.764568 -0.098403 -0.394837 2.296179 0.942448 -1.134026 0.350538 0.569744 0.299578 0.612787 1.785400 -1.104159 NA 0.077163 1.430037 -1.265232 -0.482574 0.471800 -1.568237 NA NA -0.141456 -0.254349 NA 0.896668 0.760495 0.500742 0.077235 0.055307 0.168080 -0.058157 0.117501 NA 0.764134 0.468453 NA -0.702316 -0.626990 -1.593997 1.205144 -0.763323 NA -1.574086 -1.174469 -1.092658 -1.237199 -0.221428 1.727561 -0.252980 NA -0.472332 0.334459 0.163671 0.646011 -0.161838 -0.005285 -0.203740 1.218598 NA 0.471158 11.627043 1.000000
55 -0.426869 0.274028 -1.084856 -1.059754 1.501031 0.874161 2.122157 -1.675515 -0.988686 0.198835 0.546259 -0.201377 NA 0.325163 NA 1.642455 0.600176 NA NA -0.646256 NA 0.799833 -0.975123 -0.478199 -0.653739 -0.491751 0.156790 0.947787 0.960115 -0.914702 1.030724 0.397775 NA -0.959933 -0.034057 NA 0.418756 NA 2.459218 NA NA 1.383613 1.303373 0.090321 NA 1.649150 -0.821500 1.105017 0.086106 NA -1.055439 -0.405976 0.531335 0.087654 -0.844249 NA -0.124427 -0.283660 -0.219666 -0.833872 0.026911 -0.675240 1.138996 0.499680 -1.680309 -0.470614 -0.255788 0.565767 -0.135344 -0.646340 NA -0.006449 -0.894174 NA 0.527195 0.375721 0.274163 1.283575 0.403982 0.118916 0.388559 -0.828785 0.622041 -1.404168 1.021445 -0.458561 0.033320 -0.018863 -0.855819 NA NA 0.361118 0.405963 -1.301336 0.489301 1.351810 0.193027 0.838746 -0.592561 -2.330490 0.965397 1.000000
56 -0.337009 1.892481 0.284375 NA 0.799432 1.181278 0.382074 NA 0.166711 1.773855 0.302209 NA 0.243259 0.350579 0.218117 NA 0.587292 -1.126573 0.124738 0.498776 -1.246611 0.117439 -0.475192 1.437113 NA -0.974612 -1.078123 NA 0.507916 1.057711 -0.598789 0.398199 0.051714 -0.077599 1.513491 -0.703405 NA -0.181997 1.017503 0.624165 2.928151 -1.329297 -0.642624 0.463202 -0.041524 0.583669 NA -1.421616 -0.566683 1.816596 0.769661 -1.108527 0.451773 NA -1.121871 2.655328 -0.661861 0.628599 -0.594407 0.029271 -0.380065 NA -0.770131 1.019190 0.388598 1.943053 0.143914 -0.037303 -0.310091 0.112996 NA 0.820889 0.065478 NA -0.459098 NA NA -2.127406 NA -0.303817 -1.694074 -0.839635 0.147445 -0.318228 NA 0.637915 NA -0.997527 1.311575 1.211648 -0.252019 NA 0.024617 -1.607095 0.284988 -0.053958 NA 0.866144 NA 0.936440 7.312941 1.000000
57 -0.510349 0.708077 -0.510106 NA NA NA NA -1.482319 -0.801216 1.322360 -0.167568 NA -1.631744 -1.403756 0.841073 -1.311225 0.292793 1.157972 0.279285 0.246005 -1.376214 -0.110178 -0.048956 0.464909 -0.695190 1.339809 0.463875 -0.354593 -1.707301 0.562614 NA 0.175289 0.634816 1.086159 0.919115 -0.080545 NA -0.689699 NA -0.569899 -0.502264 1.519396 0.674731 0.163634 -1.155674 -0.069952 -1.157275 -1.178828 0.433729 0.465036 1.174323 0.429727 1.006585 -0.493762 0.977957 0.882764 -1.196661 NA 0.049634 1.126887 NA NA 0.876218 -1.794977 NA -0.458319 NA 0.006802 -0.704958 -0.850455 -0.180614 -0.992060 -1.466730 1.412785 NA NA 0.863469 -1.833086 NA -0.736218 NA 0.714183 NA NA 0.227830 NA NA -2.005439 -0.374503 2.126471 NA -0.392735 NA NA 0.975689 -1.417593 NA -0.904295 0.709130 -0.837259 0.142936 1.000000
58 -0.297420 0.041450 1.311813 -1.012748 NA 0.794753 1.408289 -0.400109 0.558856 -1.635448 NA NA -1.377386 -1.476376 -0.583416 2.104319 -0.187939 NA 1.326283 -0.667720 NA -0.402082 NA NA 0.066485 -1.121879 1.726681 1.104341 0.288748 -0.691976 -1.413933 0.479584 0.500857 0.197092 -0.086090 NA 0.479691 NA 0.046985 0.823221 NA -1.191842 -1.072138 NA -1.339055 1.114979 -2.726654 NA 0.511025 -1.609911 -0.424365 -0.252090 NA -0.980366 0.716253 -0.290427 0.201837 0.481176 1.361932 NA NA 2.301842 0.253141 2.234516 NA NA -1.421343 -0.273183 -1.029641 NA NA -0.969853 -0.931864 -0.240651 -1.468608 -0.713238 -1.094414 0.514567 -1.339787 1.423231 NA 2.690996 NA 2.072908 -0.502991 -0.396150 0.575030 0.181125 1.349705 NA 0.660009 0.168661 -1.049912 0.412052 NA -0.567767 -1.557749 NA -0.675240 0.053322 8.597789 1.000000
59 1.831379 1.271006 0.391376 -1.375276 -0.559938 NA -0.712862 -0.715144 0.640644 -1.067547 -1.689148 -0.586380 1.517042 -0.226402 -0.940141 -0.000369 1.455762 -1.469781 NA -1.057794 1.146095 NA -0.687696 -0.317875 0.033428 -1.088063 1.178189 1.259430 0.191128 1.322476 NA 1.566128 -0.043030 NA 1.525224 0.833596 -1.174212 0.418437 0.739448 NA 1.155023 -0.429801 -0.424228 1.054741 1.596980 0.779156 -2.164875 1.368622 NA 0.708485 -0.707926 0.525083 1.435471 -0.055581 0.471663 1.467306 -0.446134 0.664068 NA NA NA 0.316037 -0.328571 -0.381831 -0.520961 0.615136 0.252631 0.644922 1.088252 -0.009128 NA 0.538711 0.944877 NA -0.879437 NA 0.705955 0.867500 0.969368 0.463660 -0.667925 1.539322 -0.585333 0.470051 NA NA -0.429741 0.942479 1.572983 NA 0.103553 -0.730451 NA -0.005489 NA 0.818323 -2.387409 -0.695415 -0.521558 0.044730 0.550553 1.000000
60 1.264349 NA -1.112920 NA 0.268185 0.226948 -0.248711 -0.281899 0.393802 2.446209 -0.986569 -0.780239 NA NA -0.542198 0.684657 -0.810644 -0.726800 NA -0.779194 NA 0.338179 0.320271 -0.440044 NA 0.601779 NA NA 2.029376 -1.548360 0.843348 1.566165 -1.340034 1.742499 -0.388607 0.660946 -0.368280 0.303583 NA -1.105349 0.530824 1.664013 -1.126442 -0.455207 0.075282 -0.106368 0.149240 -0.038441 0.530360 NA -0.043872 NA -0.036590 NA 1.135538 NA NA 0.671676 -0.375675 0.614171 -0.282240 -0.435251 1.868771 -1.189687 NA -0.665799 -0.208224 -1.370000 0.633857 -0.288062 0.068130 0.776924 -0.619526 NA -1.614532 NA -0.815412 0.749553 -0.514779 0.086320 2.320853 -0.981733 1.705963 0.853899 0.015614 -0.330127 -0.331044 -0.469786 0.243854 -0.383756 NA 0.886460 NA 1.018403 NA NA -2.433459 1.402447 -0.011597 0.838836 2.922080 1.000000
61 0.042650 -0.780734 0.209019 -1.222305 0.522965 -0.007928 1.050837 -1.752633 NA 0.691036 -1.012602 -0.451551 NA NA -1.176565 -0.239959 -0.791692 -0.082759 -1.368435 NA NA 1.096668 0.932510 -0.319209 0.674085 2.286439 -1.179948 NA 0.608792 1.293957 0.475597 NA -0.054944 NA 1.187626 1.901364 -0.624430 NA -0.841465 NA -1.093453 -0.882953 -0.408272 -2.779311 0.676268 -0.076019 0.274619 0.366708 NA 0.076676 -0.797422 0.956013 0.625734 -3.135232 2.231001 0.015368 NA -1.552414 0.269851 1.185272 0.148248 1.717079 -1.247208 NA NA 0.581006 -0.378515 1.538109 -0.484150 NA 0.114627 -0.450622 -1.551186 0.483426 0.395408 -0.103619 0.383603 NA 1.349090 NA 0.390113 NA NA -1.133856 0.274747 1.815477 NA 0.042367 NA -0.673230 NA 1.384105 -1.589575 -0.674047 -0.970985 -0.265945 0.362614 -0.666290 -0.969292 0.432244 4.571083 1.000000
62 NA 1.307180 0.491209 NA -1.779434 -0.854314 NA -0.387272 -0.726058 -1.742930 -0.137858 0.744529 -0.322028 0.708576 0.214101 0.237708 NA -0.463701 1.375109 -0.523316 1.251674 -1.811613 0.258099 -0.209376 NA 0.202974 2.318610 NA NA -0.547033 -0.529220 1.323655 NA NA -1.665805 -1.419579 0.848051 -0.639453 0.389833 0.467957 -0.346808 -0.348726 NA -0.191634 1.295177 -0.013018 NA -0.822711 -1.299133 -0.117943 0.974427 -2.171965 -0.187038 -0.628413 NA -0.886347 NA -0.425554 0.320267 0.990853 -0.460140 1.323997 0.018965 -0.299973 0.761775 -0.509626 -0.962118 -0.060409 2.149061 -0.304463 -0.831375 -0.834058 0.161613 NA 2.090407 -0.400070 -1.219534 0.461876 -1.675006 0.358454 -0.100534 0.591051 -0.573945 1.321733 -1.365500 1.219963 NA -1.599037 -1.392859 -0.671345 -1.452260 0.877165 NA -0.184715 NA NA 0.933632 NA NA -0.114801 0.530603 1.000000
63 NA 0.365512 -1.633164 -0.390705 NA 1.193834 NA 0.254850 0.395477 -0.023757 1.443659 NA -1.454328 -1.414443 0.978231 0.674498 1.097282 0.080160 NA -0.589261 -0.555192 0.964903 NA -0.932946 1.253169 -0.307807 0.034631 NA NA -0.897646 NA 0.858958 NA 3.060441 0.585989 NA NA 0.377266 1.438278 -0.874400 0.504160 -1.960094 0.532385 1.975475 -3.111530 -1.141500 NA -1.539523 -1.838472 NA -1.631885 -1.898080 1.725011 NA 0.107935 1.101520 -0.180676 -0.508054 -1.073391 -0.265602 0.057489 -0.050425 -0.721234 NA 0.537828 -0.533917 -0.202957 -0.129046 0.415380 -0.189983 0.313213 0.554299 0.261942 -0.387484 -0.544476 0.513716 -0.135781 NA NA 1.118185 0.768256 0.843963 -0.117982 -0.056135 -1.143505 -0.444414 -0.022638 0.002258 NA -1.529434 0.115710 -1.424465 -0.165122 NA NA -0.347251 NA 0.267190 1.020462 NA 14.086862 1.000000
64 -1.351492 NA 0.538533 -1.208504 -0.950828 0.560018 NA -0.418033 0.025119 0.893998 0.099474 -0.626621 0.258186 0.345702 NA 0.095842 -1.017665 -1.024374 NA 1.410001 -0.950704 -0.044773 -0.354932 -1.908164 -2.092650 0.680560 -0.348777 -0.286002 NA -0.075412 -0.681141 -0.632765 2.025946 1.007799 NA -1.341933 -0.219362 0.160770 NA -0.491992 0.470468 0.840993 0.540688 1.620566 1.317792 1.011706 NA 0.573314 NA 0.819992 1.455019 0.555452 0.323014 -0.897250 -0.393726 -0.685918 0.269663 -0.902790 0.003176 -1.017173 NA 1.164229 -1.921413 -0.422301 NA NA 1.929886 -0.258606 -1.448322 -0.095672 0.026903 NA -1.116508 -0.567647 0.847963 0.759872 -0.583822 NA 0.174988 -1.567739 1.242404 -0.504748 -0.428634 NA 0.791832 -0.220171 -1.490951 -0.290847 NA NA NA -0.294143 -0.798622 0.533318 NA -1.017261 0.677800 -0.194915 0.579147 1.198256 13.517739 1.000000
65 -0.830096 -0.042012 NA 0.314214 0.146050 -0.375479 1.411140 -0.278350 -0.169956 -0.550587 0.964291 -0.387849 -0.146970 -0.332115 -1.970565 1.294934 0.836179 NA 0.450804 0.963391 -0.309923 NA -1.321077 -1.571309 NA 0.918646 -0.136615 0.265982 0.241207 0.428469 -0.612161 -0.776863 -0.534243 NA 0.795378 1.630798 NA 0.921375 -0.523949 NA 1.790033 1.317820 0.035112 2.660131 1.048784 0.873964 0.346848 0.252681 -1.258030 -0.077727 -0.072861 1.450863 0.526943 -1.504032 2.036017 -0.154783 -0.116837 NA -1.286779 NA -0.319121 NA -0.112507 0.869202 NA -0.576544 0.924898 0.871790 NA NA -1.158483 -0.457308 1.668110 -0.213860 NA 1.360936 -0.013973 0.233959 -0.089940 0.152270 -1.235771 -0.489037 -0.322549 0.385803 NA -0.190492 0.333630 -0.480073 -0.281678 NA -0.789549 0.264518 2.345037 NA 0.254715 NA 0.372725 -0.652817 0.360156 NA 1.255589 1.000000
66 -1.569336 -0.045113 0.033845 -0.009395 -1.083405 -0.317145 -0.689728 -0.138186 1.115123 -0.208006 -1.432198 NA NA 1.742594 NA 0.222036 -1.589541 NA 1.114367 NA -2.202334 NA -0.944698 -0.101751 NA -1.245072 0.570331 -0.336277 -0.643018 0.590311 -1.952179 NA -0.614663 NA -0.013222 0.657241 -0.936835 -0.508643 0.179037 NA 0.696918 0.735494 -1.529375 0.505328 -1.059256 1.147535 NA -0.261547 NA NA -0.788384 NA 0.293716 0.336312 -0.545663 -0.811275 -0.205221 -0.055191 NA -0.335797 -0.048634 NA -0.701868 -1.037805 2.613129 0.782478 -0.239073 0.120542 0.579894 0.086835 0.083369 0.426132 NA 1.168165 -0.410811 -0.341380 NA -1.510523 0.803615 1.767093 -0.399540 0.592970 0.328260 NA -2.172364 -0.385802 0.577496 1.597122 -0.574675 0.812772 0.827192 -0.190084 NA NA -1.730793 1.310976 -1.190841 0.881236 -0.641074 0.452288 5.315423 1.000000
67 0.301527 -0.020023 -0.954634 -0.568956 NA 0.494674 -1.943546 -0.612977 1.099033 -1.387661 3.034319 NA 0.371670 0.593207 -0.900683 0.009013 NA 0.244089 0.989161 -0.488653 NA 2.087316 NA -0.413392 0.710681 -1.092188 1.076394 -0.381723 -1.779014 0.180686 0.392791 1.070141 1.417776 -0.721872 -0.507533 1.162093 -0.986425 -0.235490 1.554317 NA 0.329461 NA 0.792444 -1.132984 1.396316 -1.046097 -0.680944 -0.345323 0.500240 1.169301 -1.710337 NA -0.531904 0.903014 -0.032417 0.906596 NA 1.295524 NA 0.221097 -0.401791 1.435918 NA -0.171089 NA 1.951595 0.415763 1.307525 1.330150 NA -0.363667 1.943022 1.267986 NA -1.639047 NA 1.905751 -0.770999 -1.451292 -0.303803 -0.449546 NA -0.668718 -0.524194 NA -1.818478 -0.614568 0.676365 -0.611277 -0.622113 0.345199 0.388853 0.071420 -0.816186 0.832050 -0.283898 NA 0.704752 -0.132938 -0.154968 0.400539 1.000000
68 NA -0.555092 0.504414 -0.094814 NA 0.032412 1.152265 0.771812 -1.080847 3.456816 -0.451665 1.643139 NA 0.383971 NA -0.661864 -1.519155 -0.403397 -0.111703 1.732832 -0.404062 NA -0.072790 -0.500953 NA -0.415014 0.456567 1.710583 NA -0.366326 NA NA 1.505554 0.165977 0.574118 NA -0.813970 -1.639661 0.734298 0.061028 1.413556 -0.149978 NA 0.857191 NA 0.505496 NA -2.299373 -0.724401 NA 0.696368 0.653356 -0.976902 0.245566 1.128084 NA NA 0.872001 NA -0.325171 0.251752 NA -1.022316 -1.612699 -1.881948 NA 0.622500 1.564813 0.648645 2.147572 -0.063732 1.380830 0.603256 1.188629 NA 0.324770 1.712002 0.104801 -2.010746 1.320205 -0.025492 -0.689688 -1.163025 2.173341 NA 0.489350 -1.020158 0.729718 0.303886 0.231711 -0.676405 -1.823522 NA -1.107710 -1.173160 1.273972 -1.697289 -1.634244 -1.479301 -1.166208 467.525442 1.000000
69 0.338816 0.098615 0.347578 -1.854409 -1.524967 0.425362 -0.259891 NA -0.721173 -2.490624 1.866597 -0.844361 0.450083 -0.736161 -0.087624 NA NA 0.577220 1.080602 2.710562 -1.507804 0.962325 -0.702897 -1.082273 -1.907412 1.084071 -0.040529 0.564152 NA 0.076944 -1.353713 3.239195 -0.532305 0.785350 NA 0.312553 -0.040638 0.048226 NA 0.503218 2.242877 0.329221 1.457848 2.991242 -0.655014 0.333095 NA 0.699031 0.607950 -1.176777 0.762014 0.441143 -0.763533 NA -0.640267 NA 0.463620 -0.120933 0.585926 NA -0.501798 NA NA -1.448735 0.359671 -0.378083 -0.420924 -0.674540 NA -2.255488 NA 0.066135 -0.887616 -1.511243 0.394570 0.655397 0.811145 -1.159776 0.129500 NA 0.116462 NA -0.041865 -0.341864 0.948234 2.128052 0.316910 -1.124592 -0.611162 0.336590 -0.720003 -0.597837 -1.286879 0.111704 0.607757 0.775293 NA 0.356721 -0.171397 -2.272672 0.486239 1.000000
70 1.773460 -0.654090 1.588201 -0.719787 NA -0.023456 NA -0.646849 0.750708 0.509845 -0.175004 NA 0.714128 NA 1.019286 NA 1.517191 -1.452118 NA -2.368925 -0.825820 NA 1.405711 0.078789 0.382834 0.073310 -0.165942 0.496828 0.066768 -1.777843 NA 1.406626 -2.042656 -0.547766 -0.409264 NA -0.240679 NA 0.383868 1.636455 -1.733689 1.280845 NA NA 0.029105 -0.249166 -0.355470 -0.429351 -0.219149 -0.204695 -0.828111 1.759411 0.035864 1.435630 1.675028 -0.829627 0.266870 -0.504602 -1.583075 NA 0.246266 -0.334507 NA NA -0.220029 -0.373820 NA 0.182739 -0.132921 0.768658 1.803953 0.353209 -0.681937 -1.396597 -0.481828 1.542408 -1.106084 -0.218506 -0.124781 0.221019 0.006822 1.164135 0.758548 -0.388415 0.085310 -0.057174 1.098911 -0.171300 NA -0.096109 NA -0.707328 -0.174214 -1.276640 1.409652 0.922429 0.715695 0.867694 -0.388415 1.217459 1.180814 1.000000
71 0.064806 0.893640 0.328181 1.290698 NA -0.504814 0.875861 0.164550 NA NA -0.491323 0.113900 0.303262 0.790042 -0.265449 1.055827 0.720768 NA 0.779670 -0.477844 0.023186 -0.979658 1.252166 -0.875597 1.318564 -0.273260 1.175921 0.480780 -1.915671 -0.425644 -0.408475 NA 0.607309 -0.309266 1.002121 NA NA 1.021970 0.381099 NA -0.611439 -0.738478 -0.463815 0.565061 0.815273 -0.245394 0.810534 -1.867939 -0.428204 NA -0.280056 0.108898 NA -1.087122 1.376092 -0.298235 0.853900 0.365446 0.852811 NA -0.259835 NA -0.584795 NA NA 1.193893 NA NA -0.082326 1.041341 -0.320279 0.089860 -0.122384 0.756937 NA 0.719519 0.281214 0.889783 1.513757 0.453929 -0.142161 0.524328 -1.816645 0.320759 NA -0.346143 -1.085410 0.785631 -0.306752 1.505470 NA -1.641509 -1.411155 NA 0.425039 1.260019 NA 1.369312 -0.571957 NA 2.112529 1.000000
72 -0.322444 NA 0.512538 -1.273286 NA 1.705989 NA -0.433362 1.943905 -0.351554 NA -0.981595 0.455708 -0.235618 NA 0.195446 NA 1.029876 -0.932353 NA 0.661627 0.423803 2.709507 0.064056 0.434853 0.365793 0.208478 -0.960381 -0.756910 NA 0.216445 0.729304 -0.650114 NA 1.407048 NA NA 1.985359 -1.160318 1.308732 -1.142652 -0.055155 NA -1.638456 2.173113 0.814925 -0.035059 -0.174106 0.694896 -1.198069 0.615041 1.490451 -0.065693 -0.454232 NA -0.748417 1.214364 -0.331652 -1.319369 NA -1.264324 0.853328 -0.819046 0.777085 0.426508 0.617586 1.227276 NA -0.998103 -0.680158 -0.182075 -0.144562 -0.636384 0.203827 -0.089229 1.256608 -0.605844 NA -0.077868 1.469648 2.112887 1.733223 0.370853 2.166421 -1.297439 -1.205789 1.417560 NA 1.900953 0.812956 0.320707 0.052616 NA NA NA 1.981085 -1.672447 -0.461378 0.374485 0.228730 263.450670 1.000000
73 NA 0.231129 -0.383670 NA -0.695205 NA -1.254659 0.687399 NA -0.443647 0.640823 1.971386 -0.988806 NA 0.256906 0.345995 0.900488 NA -1.176920 1.030607 0.560100 -0.564325 -1.265388 -0.897948 NA -0.627820 -1.128169 -1.042913 0.844737 -0.381906 0.563587 1.001766 NA -0.610499 0.279662 1.380273 NA 0.130140 -0.519894 0.936199 -2.167454 -1.234675 0.247958 1.406785 NA 0.233810 -0.503179 NA NA NA 1.320155 NA NA 0.925542 1.073935 -1.646685 NA 0.644169 -0.225523 -0.613067 NA -0.151072 -0.012012 0.087496 0.848597 -1.286280 -0.716241 1.448355 NA -1.021841 1.153665 -0.400905 NA -1.482880 3.550677 0.207455 0.397185 0.040382 -0.608697 -1.663097 0.520807 -0.547488 -0.908007 -0.016642 -0.331201 -0.385198 -1.701198 1.903299 -2.244004 -0.598741 1.163615 1.019332 -2.290502 NA -0.535547 0.476208 0.680229 1.046728 1.027081 1.328981 0.362617 1.000000
74 -1.296628 -0.771585 0.134467 0.914592 2.024161 0.354861 0.254269 -0.987758 2.436430 -0.533087 -0.200256 1.090890 1.138733 -0.938095 0.509261 -0.557765 NA -0.358176 NA -0.070023 0.049685 -2.346535 0.171646 -2.554375 0.395078 -0.847296 0.182115 0.179060 -0.832958 0.712209 -0.527778 1.112402 1.026941 1.520446 0.175035 NA 1.024964 0.446780 -0.457243 1.384600 -0.244954 -1.164725 0.562281 -0.449086 -2.416929 NA 0.228406 0.323468 -1.685339 0.694362 NA NA 0.168030 0.384542 NA NA -0.033870 -0.762207 -0.441136 0.435844 0.464416 -0.610887 NA -0.846192 0.457372 -0.235894 -1.463601 -0.771602 1.307921 1.784375 -1.266933 -1.697591 0.215743 -0.385634 0.629129 0.039522 -0.274744 NA -1.373817 1.782243 0.756587 0.062724 NA NA -1.107267 -0.715750 0.042162 0.827654 0.517498 1.282760 -0.144843 -0.656355 NA NA 0.097903 0.915391 0.703620 0.490759 NA -0.513607 1.351922 1.000000
75 0.614127 0.418466 0.287955 -0.550584 NA -0.979647 0.777943 0.704344 0.347766 -0.459618 1.018926 -0.520452 0.210048 -1.755186 0.654255 NA NA -1.040047 0.096951 -1.028423 -1.130623 0.652890 -0.557977 1.576532 0.540892 0.413607 0.875251 -0.369874 -0.352304 1.095576 -1.147814 -0.231325 -2.325081 0.067334 -0.348545 NA -0.226647 -0.431953 -1.970117 0.442584 NA 1.120261 0.581978 -0.171931 NA -0.127196 NA 0.443635 0.276165 0.251279 -2.041369 -1.034396 -0.171981 0.525243 0.997886 -0.233531 NA 0.560751 -0.126519 1.412817 0.495120 -0.810731 NA -0.250251 0.121434 -1.027538 NA 0.354868 0.234705 0.306838 -2.003354 -0.022687 -1.151263 0.971115 NA NA -0.902797 NA -0.424055 -0.246981 0.666726 -0.128293 0.146666 0.687619 -0.040743 1.126624 1.190128 0.971056 -0.784730 1.238701 NA -1.476585 NA 0.503180 NA 1.223694 -0.473493 -0.653328 0.697140 NA 7.177682 1.000000
76 NA NA 0.200910 0.571030 -1.427352 -0.261528 0.196485 0.283666 0.887350 -0.197371 -1.431505 -1.529048 0.517356 0.256715 1.108357 NA -0.510299 -0.037163 0.380499 NA NA 0.878567 0.673935 -1.115478 -0.009510 -1.227896 NA 0.946945 NA 0.784015 0.152390 -0.194785 -0.133559 -1.252800 -0.262779 -0.245711 1.755708 -0.546544 -0.758444 1.191109 0.372480 NA -0.201770 -0.521082 0.467999 -1.068895 NA 0.591302 NA 0.086961 -0.595325 -1.728108 0.205096 -0.241113 1.330351 0.258594 -1.844804 1.241197 -0.706016 0.879722 0.574978 -1.471043 1.277005 0.808052 -2.552562 0.831327 -0.450808 -0.573280 NA NA -0.915131 -0.158008 0.582511 0.134798 -0.281445 1.153599 -0.313203 0.062904 0.692267 NA -1.569926 -1.467947 -1.413150 -0.897764 NA NA 0.175182 0.575239 -0.951332 NA -0.215329 -0.917771 -1.430693 0.656435 1.070927 NA -0.259899 -0.573683 0.479715 0.821516 3.082065 1.000000
77 1.185486 -0.027236 -1.073459 -2.330009 -2.038121 NA 1.790976 0.459779 -0.893571 -0.257640 1.018342 0.991709 -0.512727 -0.132212 -0.903821 -0.102426 -0.627071 -1.134401 -0.341970 0.061113 0.541601 0.186481 1.776840 -2.026982 0.150470 -1.586885 2.535689 -0.902893 -0.863860 -0.915098 0.046781 1.736858 -0.080872 NA 0.739802 NA 0.814952 0.155598 NA -0.204048 0.298600 -0.903811 -2.895616 1.117615 1.606199 2.049683 -1.055503 NA -0.019541 0.173307 1.591154 NA NA NA 0.936344 -1.521347 -0.331332 -2.619936 0.831914 1.169950 -0.344051 0.125120 0.033322 -2.450007 0.410074 -1.256787 NA -0.663120 -2.427788 -0.069020 -0.216357 -0.390592 NA NA 0.068717 -0.898511 -0.020419 0.115455 NA -0.228139 -1.556570 NA 0.678228 0.429296 1.189337 0.730803 -0.426514 0.029144 0.850449 NA -0.863452 0.446153 0.644481 0.258925 -1.062821 -0.583893 -1.488231 -0.525125 0.805330 0.621032 142.265024 1.000000
78 NA -0.047686 0.177346 NA NA NA 0.238362 0.725046 NA -0.049192 0.871262 -0.157241 1.056946 NA 0.449489 -0.215649 0.884741 0.114054 -1.067027 1.302432 NA 1.775915 NA 2.046190 0.084181 0.561601 -0.563546 NA -1.687349 NA -0.311435 -0.062089 0.240987 -0.278375 -0.350142 1.704393 -0.462038 NA -1.189307 NA 1.074435 -0.214174 NA 0.262372 NA -1.191496 -1.029574 -1.146060 -0.395242 1.529248 -0.425747 NA 0.973156 NA 1.682149 -0.288910 NA NA -1.103137 -0.362830 0.201505 -0.112866 -0.074196 NA NA -1.334305 0.214420 1.302774 NA -0.535084 -1.325183 0.732603 0.943383 0.511429 1.940487 NA -0.402018 NA -0.387369 -2.207550 1.041226 -0.317465 -0.312767 0.272389 0.296009 -0.332175 -0.797367 -0.831045 0.228602 1.674277 0.122218 0.141282 NA 1.483619 1.228990 -0.521016 -0.407036 -0.373343 0.305620 NA 1.849254 1.000000
79 -0.957059 1.135065 -0.533521 0.181853 -1.355978 -0.901200 0.068969 0.022142 0.275623 1.960411 1.309480 1.554899 1.144831 NA 0.508645 -1.604698 -0.520353 0.147121 -0.635131 1.348578 NA 0.771662 NA NA -0.080036 1.050436 NA -1.737771 0.260955 NA 0.540447 -0.376991 0.143452 -1.002658 NA -0.178606 -0.956800 -1.090352 0.235057 1.217918 -1.378607 -0.487638 -1.042923 NA NA NA -0.236742 NA NA NA -1.930697 NA 0.660900 -1.219419 -0.116120 0.190891 NA 1.046840 0.634791 -0.617991 -0.677407 1.421175 1.372309 0.467496 -0.646774 1.539043 0.681020 1.672496 NA 0.660654 0.814307 -0.907108 -0.310942 NA NA NA -1.030656 -1.300022 -0.003471 0.167983 1.032004 0.677001 0.337751 1.995271 -0.633440 -0.189736 NA NA 0.586330 0.250054 1.590883 -0.827976 -0.189974 -0.723248 NA -1.569061 0.493118 0.077139 NA NA 38.747813 1.000000
80 0.090805 0.300448 -0.651535 -0.798183 1.547997 NA NA 0.138102 -0.623638 -0.018741 1.380421 NA -0.266644 0.787623 -1.637753 -0.937573 NA -0.057087 1.772308 NA 0.317042 -0.965169 1.424084 -1.010407 NA -0.294083 NA -0.409407 -0.996210 -0.241136 -0.324339 0.284839 NA NA -0.145775 0.647619 -0.791189 NA 1.781936 -1.837662 -0.442142 NA 1.151287 NA NA -1.475953 1.031827 0.307877 -0.420295 0.902778 1.649129 -0.565224 0.217441 NA NA 0.118182 0.425889 0.194390 -0.743549 -0.927712 0.081393 0.766087 NA 0.796578 -0.140248 NA -0.003789 0.233024 -1.104971 NA -0.219727 0.511033 0.319949 1.184112 1.047955 NA 1.313982 -2.166890 0.208268 -0.977293 1.841161 0.022675 -0.252885 -1.005827 -0.397848 -1.128093 1.000492 0.172195 -0.110943 0.352002 NA -0.694707 -0.422380 0.556661 0.151947 -0.081902 0.051604 NA 0.491344 NA 2.261645 1.000000
81 NA NA -0.783188 -0.057224 0.679106 0.777861 -0.059306 -1.066097 0.735196 NA -1.505049 NA NA -1.334234 -0.272062 1.304401 0.352846 -0.390496 0.269303 0.850592 0.692459 NA 0.478790 -0.413322 NA -0.956359 -1.366617 1.203341 0.403047 -0.327026 -0.949780 1.801102 0.740617 -0.541910 NA 0.823906 -0.477334 -0.898788 NA -0.712648 0.243637 0.464000 -0.306127 -1.116981 0.456842 -0.595965 1.015393 NA -1.169567 NA -0.230859 0.350887 -0.425201 -0.160975 1.255748 -0.115370 -1.305987 -0.784898 0.175645 NA NA 1.770901 0.198024 0.876511 1.631949 -0.335643 NA 0.790313 0.101616 -2.282373 NA NA 1.201367 0.384591 NA -0.094519 -0.524818 NA NA -2.350412 0.884532 -0.435351 0.410097 0.145903 0.884958 1.326697 0.644275 -0.744365 NA -0.219207 0.294469 NA -1.546254 0.587987 0.166617 1.024585 -0.644780 -0.770890 -0.624683 0.971742 12.401367 1.000000
82 NA 0.600268 -0.488155 1.652096 1.246689 NA 0.453282 0.099601 -3.038504 -0.742047 -0.116898 -0.062734 NA NA 0.902849 0.745043 0.537874 NA 0.742767 -1.176593 -2.267258 -1.880000 -0.746278 0.080043 NA -0.016973 -0.794345 NA -1.174897 0.929769 -0.412252 NA NA 0.899049 0.371842 1.088977 0.605843 -0.335010 NA 0.371572 1.310128 0.045189 -0.465648 NA 1.951781 -1.575929 1.154959 0.365579 0.213076 0.230541 -0.273453 -1.391500 -1.309368 -2.345713 -0.136453 0.978496 -0.955795 NA -0.345183 -1.525189 -0.776380 1.148772 1.665056 NA 0.935283 1.466442 -0.849011 -1.185496 0.970477 0.819766 1.622370 0.557042 1.332331 -1.673535 0.846886 -2.408458 -0.667505 NA -0.459867 NA -0.444493 NA -1.146716 -0.152213 -1.826848 0.424780 0.551371 -0.160158 NA NA 0.533697 0.274946 0.595499 3.099371 -1.228433 NA -0.588261 NA -2.120787 -1.541918 0.238532 1.000000
83 -0.138861 -0.195653 1.174903 0.885557 0.970252 1.272804 NA 0.460723 -0.021898 NA 0.995545 -0.617406 NA 0.716107 -1.476056 NA 0.541459 0.889090 0.437425 2.195413 1.803573 0.067545 -1.529231 NA -0.888113 0.835411 0.608124 0.654361 -0.121565 -1.365339 1.002779 NA 0.574948 -1.356090 0.784209 -0.679091 -1.144461 NA 0.092614 1.523818 0.900999 -1.362994 NA -0.067589 0.619798 0.050461 -0.417673 0.989754 -0.959913 -0.282117 -1.282435 -0.059370 -1.734343 0.657377 NA NA -0.541576 0.228290 0.285937 NA 0.167971 NA 0.575141 NA 2.229308 -0.996614 0.540247 -0.017894 NA -0.382233 -0.825717 -0.366476 0.905256 -0.435783 0.718532 -0.384041 NA NA NA -0.073196 -1.260339 -1.039772 0.340608 NA 0.134355 -0.836055 0.500809 1.435041 NA 1.972769 NA NA 1.800995 0.642041 0.434068 -0.620120 NA NA NA -0.805209 22.357304 1.000000
84 1.882030 NA -0.237654 0.152979 1.826708 -0.455005 0.737396 -0.146292 0.230788 0.217779 0.095696 -0.461749 -0.640177 NA NA -0.099555 NA 0.027306 -0.078871 -0.090654 -1.026009 -0.351328 -1.284206 0.118996 -0.927127 0.702764 -0.766458 -0.463126 -0.823653 0.140634 0.651255 -0.335721 -0.474743 -0.823644 1.531426 -0.149252 NA NA NA -0.628357 -1.903306 -1.690362 -0.847128 0.805844 NA 0.402893 0.751847 NA 0.015022 0.099220 -0.559104 0.524701 -0.338621 0.411380 -1.288609 1.144228 0.306185 NA 0.314407 -0.563067 1.047203 0.932190 1.178796 0.542837 0.437869 0.582972 -0.308739 -0.272527 NA 0.530460 -0.010514 -0.039140 -0.870352 0.030561 0.997477 -0.401766 -0.022603 NA 0.676830 -0.109116 0.837525 -0.545690 0.718391 1.547022 NA -0.459088 NA NA 1.388447 -1.039115 0.003219 -0.873876 NA 0.007115 1.259280 0.987451 0.073848 1.187349 -1.382287 1.455437 0.650306 1.000000
85 -0.725717 -0.910231 -1.011407 2.298390 NA -1.385365 NA NA 1.531802 NA -0.046415 0.996316 0.705089 0.112218 0.536549 NA 1.993755 2.223924 NA 0.237948 NA NA -0.473304 -1.161039 0.246545 -0.842098 1.851666 0.581336 NA 0.937286 0.446692 0.593382 -1.089334 -0.283579 -0.606620 NA -0.391888 -0.033397 -1.548288 NA -1.378532 -0.264220 NA -0.931698 1.860020 -0.460616 0.411180 -0.978262 -0.205956 -0.504461 -1.667540 0.589198 -1.409951 -0.380729 0.873511 NA 0.042966 -2.427588 NA NA NA -0.525012 NA 0.380890 -0.513110 0.430122 1.494176 0.954035 -1.250039 1.018559 NA -0.562687 NA 0.808298 NA 0.185059 -1.029419 -0.419493 -0.953339 -0.471981 1.733062 -0.229671 0.634159 NA NA -1.081236 -1.511060 NA 0.875932 NA 0.325249 0.036132 0.351499 NA NA NA -1.428578 NA -1.756978 NA 11.805025 1.000000
86 0.772626 NA -0.594479 NA -1.750101 -1.510504 NA -0.136961 -0.856396 NA NA -0.209881 -0.755140 -0.205801 NA 1.387513 -1.452494 1.100828 -1.759218 -1.124936 0.809414 NA -0.404080 0.098608 NA 1.905994 -0.521843 0.275265 -1.078481 0.792236 0.952011 0.046211 2.036014 -0.578978 NA -0.601405 NA -1.584495 -0.557572 -0.864235 NA -0.056495 -0.199256 0.084646 NA 0.673155 NA -0.176725 NA 0.352982 1.832746 -1.398933 -1.315595 NA 0.051542 -1.673572 0.644840 0.565811 NA -0.808950 0.028546 2.028913 -2.259007 NA NA 0.703977 0.343807 -0.050765 1.025523 NA -1.498109 NA -0.795990 NA 0.964776 0.101388 NA -0.785985 NA NA -1.806745 0.427731 -0.401257 -0.153075 -0.456545 1.118985 0.375109 NA 1.516308 0.864668 0.958228 1.555864 0.375096 -0.692108 0.439036 -0.170769 -1.205181 -1.445055 0.095168 -1.359466 1.686687 1.000000
87 -1.423158 0.705122 NA 0.819792 -2.772302 0.697104 -2.091859 -0.372153 -0.819413 1.110584 0.293837 -0.850371 0.767739 NA 1.311125 0.187442 0.842576 0.429678 -0.172970 NA 1.188106 -1.221056 0.999893 0.640902 NA NA NA NA -0.162446 -0.747463 NA -0.836633 1.467365 0.824555 -0.646515 NA NA 0.563574 -1.128206 1.727647 1.478918 -0.289067 0.846793 NA -0.657945 1.146682 NA NA -0.272099 0.436071 1.074119 0.309071 -1.488010 -1.302236 1.936638 0.123781 NA -0.668039 -0.293535 -0.097161 NA -0.681892 NA -2.639106 -0.284751 -1.020631 -0.462769 -1.048723 -2.046524 -1.579575 -0.310377 NA NA 0.529393 -0.555209 2.588434 0.460062 0.257670 NA 0.403236 0.678196 0.813060 1.324774 -0.277337 0.143879 0.252078 0.834403 NA 0.327844 NA -1.033018 1.010093 -0.127571 NA -0.016276 -1.116302 0.402667 -1.276173 -0.341304 -0.466270 8.637054 1.000000
88 0.379920 0.604438 -0.575100 -1.161616 -0.062519 0.091369 -1.664729 NA 1.095881 0.352934 NA NA -0.481387 0.620341 -1.103127 0.717352 0.961461 0.026159 -1.110341 1.101468 -0.768576 -1.481064 -1.005214 -0.958634 -1.357099 -0.972988 NA NA 1.355170 0.705125 NA 1.955111 NA 1.118958 -0.740221 -2.028765 0.786804 0.053691 NA NA -0.972609 1.409236 NA -1.216150 1.194447 0.608433 0.231233 NA 0.467779 NA 0.219085 0.551168 1.256264 0.472669 -0.757755 0.234003 -0.127545 1.396520 0.080409 1.137135 NA -0.918431 NA -1.549267 NA -1.046197 NA -0.182406 -1.130675 0.250753 -1.517116 -0.169749 NA 0.451400 1.320334 -0.222829 0.182600 NA NA -0.239107 NA -0.582637 -0.058896 -2.147640 1.027470 0.131204 -0.429771 -0.050049 NA NA 1.405470 -0.066546 -0.747603 0.201991 NA NA -0.048902 NA -0.232825 -0.985346 0.806115 1.000000
89 -0.832383 -1.119729 NA 0.880178 1.751242 0.997031 0.048435 -0.912876 -0.062897 -0.379648 NA -1.344041 -0.012244 NA NA 0.019871 -0.760720 -0.018183 0.222631 NA NA -1.341254 0.184661 0.461883 -0.107324 -1.327552 -1.492376 0.200061 NA NA 0.765546 -0.080989 1.407300 -0.667562 -0.040199 -0.444836 NA -2.244087 1.175278 -0.093717 -0.073763 -0.077712 -0.359499 NA NA -0.296245 -0.599406 NA NA 0.224551 0.204285 NA NA NA -0.321784 -0.421841 -0.140668 2.204818 -1.410262 0.618095 1.284799 0.788659 -0.855414 -0.684979 -1.427551 1.151971 0.140660 -0.918499 NA NA NA -1.549200 -0.738372 2.326308 -1.208832 NA 1.150970 -0.785702 1.627766 0.112860 NA NA 0.991349 0.235576 0.487446 NA -0.414539 -1.940754 0.532810 -0.250684 -0.297594 -0.585170 0.031313 0.898439 0.779300 -1.172630 NA 1.875435 -0.973567 1.047326 0.736553 1.000000
90 NA NA 1.244971 1.141852 -1.460531 0.766884 0.450737 0.019384 1.384993 -0.027841 NA -1.276221 -0.489614 0.300639 1.100786 0.777746 -2.076766 1.139693 -1.053210 0.316448 -1.163952 0.328754 0.148719 2.235435 0.495228 NA -1.558463 -0.753390 -0.567488 -0.921867 0.680013 -0.750397 1.223178 NA -1.176476 -2.021515 -0.317846 1.068705 NA NA 0.000544 -0.019211 0.461509 0.591979 -1.021628 -0.470902 0.104677 -0.697169 -1.087152 -0.613827 -0.510962 NA NA NA -0.616330 0.772158 0.472054 0.087796 0.696494 1.859183 0.373995 -1.246167 NA -0.461830 1.643403 -0.258779 NA 0.568243 0.088230 -0.699583 1.055037 -0.141421 NA 0.196210 0.215979 NA NA -1.533764 0.881244 -0.045047 -1.307960 1.643425 -0.070860 -0.529898 -1.002961 1.241653 -0.604618 0.053059 0.260282 -0.286306 1.249176 NA 0.412315 -1.022132 -0.964799 0.092003 -2.638278 0.191584 -0.059062 1.456063 1.297533 1.000000
91 0.719381 0.319962 -0.309473 NA -1.099505 0.788676 -1.756119 -1.223642 -0.253400 NA -0.160562 0.878967 0.938026 -1.507086 NA -0.757647 -0.137125 -0.649032 NA 0.904168 NA 1.345700 NA -2.029259 -1.489362 -0.511059 0.165575 0.362395 NA 1.677578 0.724250 -0.878361 -0.132167 -0.027728 2.588125 0.706438 -0.891313 0.116770 0.051797 1.918994 1.057493 NA 1.163445 -1.055349 0.707218 NA NA 1.625460 NA NA -0.101395 0.222585 -0.298384 0.179331 -0.467629 -0.085195 1.029078 0.067438 -0.595928 NA NA -0.623199 -0.308055 NA 0.228845 -0.059674 NA 0.263386 0.848716 NA -1.601426 NA NA NA -0.379558 2.125812 0.353877 NA 0.615806 -0.920075 1.069464 -0.272920 0.246732 NA 0.838533 -1.809272 -0.369999 -0.799284 -0.213667 0.202218 0.575972 1.966624 1.415044 0.864394 NA NA -0.723248 -0.588870 -0.966524 NA 0.026169 1.000000
92 1.470510 0.933462 0.379132 1.556925 0.217819 -0.009875 NA -0.015597 -0.719545 0.720906 -0.826006 -0.242971 1.509011 NA -0.677139 -0.556225 NA -0.997382 NA -0.017013 -0.694448 -1.484393 -0.509575 NA -2.122072 -0.881567 0.766888 -0.339838 0.146869 -0.318033 1.208127 0.789023 -0.304337 0.951408 0.747819 0.148038 NA 0.514727 -1.262372 0.242353 -0.275416 -1.027094 NA NA 0.828496 NA -0.808558 -1.096379 2.811147 0.581194 -0.333469 NA -0.155080 NA -1.676620 -0.104197 NA -0.754481 0.278778 -1.001496 -0.063870 0.751611 0.042314 -0.012822 -0.235268 -0.878561 0.776955 0.628230 NA 0.956411 0.418881 -0.965494 1.170135 -1.402668 0.733805 -0.783923 1.180590 -0.128864 0.171094 -0.600025 0.387010 0.198728 0.147327 NA -0.356438 0.599865 -0.047744 NA -0.608992 0.307247 NA -0.505104 0.366733 1.704562 -1.820527 -0.566712 -0.037668 -1.276765 0.897906 0.880031 0.923359 1.000000
93 -0.989845 -0.461569 NA NA 0.093275 NA 0.478630 -1.456624 0.560916 0.419949 -0.464564 1.382461 NA 0.067339 0.014188 1.343906 -0.131762 -1.408844 NA 1.408501 -0.255354 -0.304447 -2.006991 -0.716543 NA 0.007153 -0.397679 -0.864359 -0.869953 0.332806 -0.614438 NA -0.768691 NA -0.688934 -0.401149 2.277285 NA 0.363250 NA NA 0.883279 NA -1.754409 -1.367931 -0.494576 NA -1.243484 NA NA NA NA 1.143698 -0.619984 -0.374090 NA -0.896963 -0.856037 0.405803 NA -0.396718 NA 0.122373 -2.285122 NA -0.573740 -0.025806 0.370496 -0.331065 NA NA 0.679845 1.331230 0.299296 -1.258508 -0.212632 0.244261 0.473931 0.294764 0.198655 NA -0.766469 NA -0.101274 1.080614 1.013173 -2.456592 0.000980 -0.390868 -0.737068 0.520191 0.202018 0.402516 NA 0.431094 0.901336 NA 1.289443 0.768036 0.459772 7.097243 1.000000
94 -0.624590 0.203573 0.579102 -0.212506 -1.151596 -2.540343 0.702360 NA NA 0.366981 0.002708 -0.321969 -1.026322 NA -1.971913 NA 2.657987 -0.095655 -1.660601 0.380214 1.073803 2.169445 0.585788 -0.410422 0.226375 0.572445 1.299495 0.919927 0.869034 0.149324 0.051628 0.797395 0.244366 NA -0.270084 -1.789768 -1.643484 -1.426908 NA -0.669246 -1.543111 -0.579128 0.431036 -0.519733 -1.285111 -0.211206 -1.145443 -0.974693 -0.363443 NA -0.243854 -0.511745 1.096593 -0.411644 0.045438 -0.402952 -3.612938 -0.842307 -0.582714 0.009387 1.679341 0.802845 0.431118 -0.122174 NA NA NA 1.408236 -0.090335 -0.461503 1.195675 -0.291711 0.092281 -0.635437 0.442617 -0.837516 -0.048012 0.020887 NA 0.229904 0.248707 0.802101 0.662088 NA -0.461772 -1.039051 -1.157464 -0.189777 NA -0.598186 NA 1.707945 1.427734 NA 0.107282 -0.096568 NA NA 1.237050 1.110806 0.140346 1.000000
95 0.266739 0.962264 -0.994591 NA -0.573312 1.107941 -0.604528 -0.982667 1.353387 -0.134110 -1.563393 2.168073 -0.525796 -1.501854 0.479086 NA 0.023765 -0.954900 1.264551 -1.172565 0.960267 0.098463 NA 0.274330 1.640346 -0.070024 NA 1.577982 0.455401 NA 1.720200 NA -1.287127 0.417348 0.714639 -0.376517 0.215055 NA 1.612926 1.316821 -1.361774 -1.235573 -1.774715 -0.332339 -1.202083 NA -0.538170 -0.739395 -0.459059 NA -1.247337 0.415556 1.088759 0.371614 NA -0.035865 1.412306 NA -0.333230 1.523662 -1.831626 -1.097065 0.983360 -2.410500 0.442599 2.750966 0.051478 -1.093197 -0.995044 -1.262533 0.977487 1.930635 0.458057 0.868272 -2.494989 -0.689524 NA 0.176849 -0.192966 -1.029049 NA NA -0.855624 0.396912 0.373429 NA NA -0.925124 -0.894317 0.201318 2.800347 -0.655195 NA 0.781774 NA -0.920280 0.622147 -2.546754 NA 1.422051 21.697724 1.000000
96 NA -1.706776 -0.352193 NA 1.878425 0.211186 -1.998013 -0.726652 -0.860281 -0.490263 NA 1.685660 NA 1.086809 -1.776454 0.857579 -0.166752 0.380246 -0.133379 -0.516153 NA NA NA -0.712492 0.498290 NA NA NA -0.253133 NA 0.096379 NA 0.206441 -0.278475 -0.914810 -0.062517 -0.470822 NA NA -0.321274 -0.346110 -0.455052 -1.115670 -0.161151 -0.977018 0.113976 -1.410457 0.345994 0.188943 0.222811 1.290162 -0.466317 -1.360922 NA -0.262052 -2.222897 -0.420819 -1.587391 -0.046419 0.034782 0.037684 NA 0.277767 -0.607895 NA -1.354851 1.023867 NA -0.027024 2.179481 -0.659315 NA 0.789401 1.986512 0.646129 -1.558866 -0.414309 NA 0.678531 1.301690 -0.819672 -0.399077 NA NA 1.252052 2.146098 1.294983 -0.786551 -0.515544 -0.228788 -0.993859 1.516991 2.021637 0.015456 1.016440 -2.042259 0.796185 1.191458 -0.155129 NA 0.900203 1.000000
97 NA -0.781316 -0.393319 0.741011 0.300804 -2.126009 0.752546 -0.172710 0.727052 0.288884 -0.582528 -0.787836 -0.019973 0.435346 NA -0.105334 -0.747727 -0.116080 NA -1.641977 NA -0.972100 -0.992657 0.961789 0.135416 -0.195736 0.717978 1.492644 NA -0.896503 1.218977 0.156631 -0.879320 0.121093 0.173903 -2.164481 -1.964376 -0.862366 NA NA -2.688090 -0.876351 -1.699550 1.016058 NA 0.710488 1.064091 -1.297732 -0.608214 0.303257 -0.934943 NA -0.783817 -1.029727 -0.479265 1.275525 NA -0.167034 0.629132 NA -0.531305 NA -1.542124 -0.784693 -1.702551 -0.302620 NA 0.710285 -0.003991 NA -1.411974 NA 0.135717 -0.767452 NA NA NA -0.855944 NA -1.128658 0.469165 -0.587220 0.248352 NA 0.251367 -0.245940 -0.315804 -0.102839 -0.285178 -0.805781 -0.601360 2.035833 0.558649 NA -0.977450 0.076684 NA -0.074227 0.246367 NA 8.999427 1.000000
98 0.615296 1.595620 -0.495956 1.390997 -0.385368 1.633257 -1.341776 0.424182 -2.006888 NA 1.034762 0.489023 0.237584 0.989005 -0.077485 1.139546 -0.327527 0.941576 -0.004814 0.501327 0.112017 1.137141 NA 2.016035 -1.309611 0.916520 -0.486834 NA NA 0.834639 -2.889792 -0.256516 0.935407 NA -1.187525 0.518919 -0.157594 NA -0.100211 1.816460 0.588008 -0.128305 0.040278 0.385902 0.066500 0.433580 1.312226 0.101420 1.435350 NA NA NA -1.322829 NA 0.039039 NA -0.397957 0.103120 -0.312108 0.618061 1.961711 0.333349 NA 1.253474 -1.589947 -1.191768 NA NA -0.636375 NA -1.089822 -0.399043 -0.690385 0.177931 -0.097860 0.241465 -0.027601 1.042776 -0.447479 NA 0.593023 -0.341708 0.423654 -1.133170 -0.011455 -0.073656 -0.009153 -0.735622 0.187365 -0.528169 2.122197 -1.391740 NA 0.049266 -1.171117 -0.180435 0.744076 0.753163 0.584113 0.281255 1.151725 1.000000
99 -1.449092 -0.742593 -1.413242 -1.006688 -0.707003 -0.812692 -0.556591 NA -0.284510 1.367869 0.068328 1.029750 -1.219705 1.281365 0.289148 -0.477006 2.210130 0.552108 -0.135246 -0.809111 -1.548892 -0.561131 NA 0.153378 -1.026903 -1.477627 0.134519 NA -1.280388 -0.964897 1.507643 0.352238 -0.605058 0.464008 -0.689850 -0.848541 -0.139793 NA 0.535234 -0.142402 NA -2.720906 -0.963545 NA 1.409328 NA 0.056751 -1.678146 0.170063 NA 0.488395 1.084838 1.191717 NA -0.302492 -0.295912 0.672435 0.292373 NA 0.101664 0.526013 0.962183 NA 1.636741 -0.984849 NA NA 1.570371 1.168415 -0.215320 NA -0.108321 -0.662736 -0.743473 -0.784280 -1.725197 -1.873896 NA -1.162027 NA NA NA -0.266396 -0.734040 -0.795789 NA NA 0.760983 0.553451 0.596672 -1.536306 -0.648399 -2.538274 0.869871 -0.464078 -1.092102 0.848330 0.909117 0.989607 NA 106.456380 1.000000
100 -1.024367 -1.262140 1.399324 -2.291717 NA -1.018868 1.001571 0.230632 0.472097 -0.268894 0.276204 -0.095180 NA 0.810076 NA 0.927520 -0.393654 0.539060 NA 0.553697 -0.005356 NA -0.604948 -0.215160 NA 1.049285 0.290621 -0.585111 -0.648778 NA NA -0.870234 1.891182 0.537257 -0.649031 0.810080 NA NA 0.055294 -0.550680 0.699508 0.193554 -0.015725 -0.363406 NA NA NA NA 0.962705 1.618938 -0.155469 -0.764190 0.192453 -0.373672 NA 0.495961 -0.156572 NA -0.672698 -0.399319 -1.099495 -0.273708 -1.157216 0.733483 -0.296585 NA 0.439624 -0.589399 -1.325485 NA -0.851302 1.784492 -0.374743 0.038491 0.078712 2.157654 0.821108 NA -0.157341 NA 0.232555 NA -0.186119 -0.654095 -1.401971 -0.639554 -0.315137 -0.795507 1.101243 NA -0.276908 -0.868010 0.731401 0.516015 0.700610 0.038488 0.721427 -1.392560 0.128671 -2.081567 78.908653 1.000000
uncorrelated Gaussian covariates
missing covariate fraction: 0.200000
no latent classes
   lambda(t|risk 1)=C, <t>=4.000000 for zero covariates
   risk 1: beta[1]=0.500000
   risk 1: beta[2]=0.500000
   risk 1: beta[3]=0.500000
   risk 1: beta[4]=0.500000
   risk 1: beta[5]=0.500000
   risk 1: beta[6]=-0.500000
   risk 1: beta[7]=-0.500000
   risk 1: beta[8]=-0.500000
   risk 1: beta[9]=-0.500000
   risk 1: beta[10]=-0.500000
   risk 1: beta[11]=0.000000
   risk 1: beta[12]=0.000000
   risk 1: beta[13]=0.000000
   risk 1: beta[14]=0.000000
   risk 1: beta[15]=0.000000
   risk 1: beta[16]=0.000000
   risk 1: beta[17]=0.000000
   risk 1: beta[18]=0.000000
   risk 1: beta[19]=0.000000
   risk 1: beta[20]=0.000000
   risk 1: beta[21]=0.000000
   risk 1: beta[22]=0.000000
   risk 1: beta[23]=0.000000
   risk 1: beta[24]=0.000000
   risk 1: beta[25]=0.000000
   risk 1: beta[26]=0.000000
   risk 1: beta[27]=0.000000
   risk 1: beta[28]=0.000000
   risk 1: beta[29]=0.000000
   risk 1: beta[30]=0.000000
   risk 1: beta[31]=0.000000
   risk 1: beta[32]=0.000000
   risk 1: beta[33]=0.000000
   risk 1: beta[34]=0.000000
   risk 1: beta[35]=0.000000
   risk 1: beta[36]=0.000000
   risk 1: beta[37]=0.000000
   risk 1: beta[38]=0.000000
   risk 1: beta[39]=0.000000
   risk 1: beta[40]=0.000000
   risk 1: beta[41]=0.000000
   risk 1: beta[42]=0.000000
   risk 1: beta[43]=0.000000
   risk 1: beta[44]=0.000000
   risk 1: beta[45]=0.000000
   risk 1: beta[46]=0.000000
   risk 1: beta[47]=0.000000
   risk 1: beta[48]=0.000000
   risk 1: beta[49]=0.000000
   risk 1: beta[50]=0.000000
   risk 1: beta[51]=0.000000
   risk 1: beta[52]=0.000000
   risk 1: beta[53]=0.000000
   risk 1: beta[54]=0.000000
   risk 1: beta[55]=0.000000
   risk 1: beta[56]=0.000000
   risk 1: beta[57]=0.000000
   risk 1: beta[58]=0.000000
   risk 1: beta[59]=0.000000
   risk 1: beta[60]=0.000000
   risk 1: beta[61]=0.000000
   risk 1: beta[62]=0.000000
   risk 1: beta[63]=0.000000
   risk 1: beta[64]=0.000000
   risk 1: beta[65]=0.000000
   risk 1: beta[66]=0.000000
   risk 1: beta[67]=0.000000
   risk 1: beta[68]=0.000000
   risk 1: beta[69]=0.000000
   risk 1: beta[70]=0.000000
   risk 1: beta[71]=0.000000
   risk 1: beta[72]=0.000000
   risk 1: beta[73]=0.000000
   risk 1: beta[74]=0.000000
   risk 1: beta[75]=0.000000
   risk 1: beta[76]=0.000000
   risk 1: beta[77]=0.000000
   risk 1: beta[78]=0.000000
   risk 1: beta[79]=0.000000
   risk 1: beta[80]=0.000000
   risk 1: beta[81]=0.000000
   risk 1: beta[82]=0.000000
   risk 1: beta[83]=0.000000
   risk 1: beta[84]=0.000000
   risk 1: beta[85]=0.000000
   risk 1: beta[86]=0.000000
   risk 1: beta[87]=0.000000
   risk 1: beta[88]=0.000000
   risk 1: beta[89]=0.000000
   risk 1: beta[90]=0.000000
   risk 1: beta[91]=0.000000
   risk 1: beta[92]=0.000000
   risk 1: beta[93]=0.000000
   risk 1: beta[94]=0.000000
   risk 1: beta[95]=0.000000
   risk 1: beta[96]=0.000000
   risk 1: beta[97]=0.000000
   risk 1: beta[98]=0.000000
   risk 1: beta[99]=0.000000
   risk 1: beta[100]=0.000000
