1 0.110500662623 1.021593027149
2 0.033186628732 0.891710881385
3 -0.110180171608 0.968658474537
4 -0.077025209538 0.999114869479
5 -0.032823524029 1.036575762273
6 0.126181737078 1.004585739784
7 0.055906149965 1.156671829867
8 0.085872122827 0.863462542050
9 -0.080461606236 0.933620937092
10 -0.057285854319 0.864064263570
11 0.117966526942 1.111981883830
12 -0.025164096742 0.991596191453
13 0.144870552141 0.896567036034
14 0.074778038632 1.209804111469
15 0.030209473474 0.998776358515
16 0.067948873069 1.032241497843
17 0.021823596057 1.071285879866
18 -0.040164077139 0.909412915330
19 0.108305666635 1.026646981242
20 -0.132710464572 1.027158006385
21 -0.018132984020 0.926910055810
22 -0.052697111180 1.012986549356
23 -0.238179093761 0.928536395244
24 0.087774058033 0.938414433289
25 -0.157146552969 0.927826026841
26 0.015949453077 0.922350790009
27 -0.106015477106 0.883910621274
28 -0.048056274720 0.965302162752
29 -0.121982646892 0.957321876484
30 0.013674145287 0.906525011315
31 0.003597375788 0.990964314740
32 -0.020629875899 1.076500480849
33 -0.012488446704 1.008113542027
34 -0.114333277051 1.119683357034
35 -0.025288387036 1.032285756142
36 0.001758424468 1.112310451558
37 -0.028461724436 0.960383980202
38 -0.000079773872 1.124560262404
39 -0.066155279041 0.910378243571
40 0.037246892126 0.946303570726
41 0.086412184557 1.013116263800
42 -0.138927134177 1.042776793810
43 -0.133159605232 0.967903776146
44 -0.058287802955 1.007528702497
45 0.029395345506 1.124490467688
46 0.023812104988 1.126911262005
47 0.002429658811 0.957985929654
48 -0.097327688352 0.986201011704
49 0.030604945299 1.146901608708
50 -0.010820399107 0.926287381956
51 0.098838434325 1.015690429336
52 0.039971433357 0.981426931611
53 -0.129790051048 0.943166519677
54 0.114869547773 1.028556553607
55 0.180697620217 1.001498594686
56 0.017547995792 1.025901436268
57 0.007285401691 0.929225084916
58 -0.071640074644 1.029189782526
59 -0.142588967416 0.960096491603
60 0.021742908908 0.943265159152
