active=20: 1 2 3 4 5 6 7 8 9 10 11 12 13 14 15 16 17 18 19 20 
active=19: 1 2 3 4 5 6 7 8 9 10 11 12 13 14 15 16 17 18 20 
active=18: 1 2 3 4 5 6 7 8 9 10 11 12 14 15 16 17 18 20 
active=17: 1 2 3 4 5 6 7 8 9 10 11 12 14 16 17 18 20 
active=16: 1 2 3 4 5 6 7 8 9 10 12 14 16 17 18 20 
active=15: 1 2 3 4 5 6 7 8 9 10 12 14 16 17 18 
active=14: 1 2 3 4 5 6 7 8 9 10 12 14 16 18 
active=13: 1 2 3 4 5 6 7 8 9 10 12 14 16 
active=12: 1 2 3 4 5 6 7 8 9 10 12 16 
active=11: 1 2 3 4 5 6 7 8 10 12 16 
active=10: 1 2 3 4 6 7 8 10 12 16 
active=9: 1 2 3 4 6 7 8 10 16 
active=8: 1 3 4 6 7 8 10 16 
active=7: 1 3 6 7 8 10 16 
active=6: 1 3 6 7 10 16 
active=5: 1 6 7 10 16 
active=4: 1 6 7 16 
active=3: 6 7 16 
active=2: 7 16 
active=1: 16 
