0.000000 0.480833 0.520000
1.000000 0.631458 0.663800
2.000000 0.603333 0.644000
3.000000 0.621458 0.692400
4.000000 0.673333 0.764200
5.000000 0.704167 0.790800
6.000000 0.693542 0.815200
7.000000 0.696875 0.837400
8.000000 0.720000 0.857000
9.000000 0.706667 0.878400
10.000000 0.698542 0.883400
11.000000 0.686875 0.885000
12.000000 0.702708 0.901800
13.000000 0.694375 0.906200
14.000000 0.678750 0.907800
15.000000 0.666667 0.906400
16.000000 0.665833 0.913200
17.000000 0.663750 0.910400
18.000000 0.667500 0.924200
19.000000 0.646042 0.922800
20.000000 0.633958 0.927800
