active=100: 1 2 3 4 5 6 7 8 9 10 11 12 13 14 15 16 17 18 19 20 21 22 23 24 25 26 27 28 29 30 31 32 33 34 35 36 37 38 39 40 41 42 43 44 45 46 47 48 49 50 51 52 53 54 55 56 57 58 59 60 61 62 63 64 65 66 67 68 69 70 71 72 73 74 75 76 77 78 79 80 81 82 83 84 85 86 87 88 89 90 91 92 93 94 95 96 97 98 99 100 
active=99: 1 2 3 4 5 6 7 8 9 10 11 12 13 14 15 16 17 18 19 20 21 22 23 24 25 26 27 28 29 30 31 32 33 34 35 36 37 38 39 40 41 42 43 44 45 46 47 48 49 50 51 52 53 54 55 56 57 58 59 60 61 62 63 64 65 66 67 68 69 70 71 72 73 74 75 76 78 79 80 81 82 83 84 85 86 87 88 89 90 91 92 93 94 95 96 97 98 99 100 
active=98: 1 2 3 4 5 6 7 8 9 10 11 12 13 14 15 16 17 18 19 20 21 22 23 24 25 26 27 28 29 30 31 32 33 34 35 36 37 38 39 40 41 42 43 44 45 46 47 48 49 50 51 52 53 54 55 57 58 59 60 61 62 63 64 65 66 67 68 69 70 71 72 73 74 75 76 78 79 80 81 82 83 84 85 86 87 88 89 90 91 92 93 94 95 96 97 98 99 100 
active=97: 1 2 3 4 5 6 7 8 9 10 11 12 13 14 15 16 17 18 19 20 21 22 23 24 25 26 27 28 29 30 31 32 33 34 35 36 37 38 39 40 41 42 43 44 45 46 47 48 49 50 51 52 53 54 55 57 58 59 60 61 62 63 64 65 66 67 68 69 70 71 72 73 74 75 76 78 79 80 81 82 83 84 85 86 87 88 89 90 91 92 93 95 96 97 98 99 100 
active=96: 1 2 3 4 5 6 7 8 9 10 11 12 13 14 15 16 17 18 19 20 21 22 23 24 25 26 27 28 29 30 31 32 33 34 35 36 37 38 39 40 41 42 44 45 46 47 48 49 50 51 52 53 54 55 57 58 59 60 61 62 63 64 65 66 67 68 69 70 71 72 73 74 75 76 78 79 80 81 82 83 84 85 86 87 88 89 90 91 92 93 95 96 97 98 99 100 
active=95: 1 2 3 4 5 6 7 8 9 10 11 12 13 14 15 16 17 18 19 20 21 22 23 24 25 26 27 28 29 30 31 32 33 34 35 36 37 38 39 40 41 42 44 45 46 47 48 49 50 51 52 53 54 55 57 58 59 60 61 62 63 64 65 66 67 68 69 70 71 72 73 74 75 76 78 79 80 81 82 83 84 85 86 87 88 89 90 91 93 95 96 97 98 99 100 
active=94: 1 2 3 4 5 6 7 8 9 10 11 12 13 14 15 16 18 19 20 21 22 23 24 25 26 27 28 29 30 31 32 33 34 35 36 37 38 39 40 41 42 44 45 46 47 48 49 50 51 52 53 54 55 57 58 59 60 61 62 63 64 65 66 67 68 69 70 71 72 73 74 75 76 78 79 80 81 82 83 84 85 86 87 88 89 90 91 93 95 96 97 98 99 100 
active=93: 1 2 3 4 5 6 7 8 9 10 11 12 13 14 15 16 18 19 20 21 22 23 24 25 26 27 28 29 30 31 32 33 34 35 36 37 38 39 40 41 42 44 45 46 47 48 49 50 51 52 53 54 55 57 58 59 60 61 62 63 64 65 66 67 68 69 70 71 72 73 74 75 76 78 80 81 82 83 84 85 86 87 88 89 90 91 93 95 96 97 98 99 100 
active=92: 1 2 3 4 5 6 7 8 9 10 11 12 13 14 15 16 18 19 20 21 22 23 24 25 27 28 29 30 31 32 33 34 35 36 37 38 39 40 41 42 44 45 46 47 48 49 50 51 52 53 54 55 57 58 59 60 61 62 63 64 65 66 67 68 69 70 71 72 73 74 75 76 78 80 81 82 83 84 85 86 87 88 89 90 91 93 95 96 97 98 99 100 
active=91: 1 2 3 4 5 6 7 8 9 10 11 12 13 14 15 16 18 19 20 21 22 23 24 25 27 28 29 30 31 32 33 34 36 37 38 39 40 41 42 44 45 46 47 48 49 50 51 52 53 54 55 57 58 59 60 61 62 63 64 65 66 67 68 69 70 71 72 73 74 75 76 78 80 81 82 83 84 85 86 87 88 89 90 91 93 95 96 97 98 99 100 
active=90: 1 2 3 4 5 6 7 8 9 10 11 12 13 14 15 16 18 19 20 21 22 23 24 25 27 28 29 30 31 32 33 34 36 37 38 39 40 41 42 44 45 46 47 48 49 50 51 52 53 54 55 57 58 59 60 61 62 63 64 65 66 67 68 69 70 71 72 74 75 76 78 80 81 82 83 84 85 86 87 88 89 90 91 93 95 96 97 98 99 100 
active=89: 1 2 3 4 5 6 7 8 9 10 11 12 13 14 15 16 18 19 20 21 22 23 24 25 27 28 29 30 31 32 33 34 36 37 38 39 40 41 42 44 45 46 47 48 49 50 51 52 53 54 55 57 58 59 60 61 62 63 64 65 66 67 68 69 70 71 72 75 76 78 80 81 82 83 84 85 86 87 88 89 90 91 93 95 96 97 98 99 100 
active=88: 1 2 3 4 5 6 7 8 9 10 11 12 13 14 15 16 18 19 20 21 22 23 24 25 27 28 29 30 31 32 33 34 36 37 38 39 40 41 42 44 45 46 47 48 49 50 51 52 53 54 55 57 58 59 60 61 62 63 64 65 66 67 68 69 70 71 72 75 76 78 80 81 82 83 84 85 86 87 88 89 90 91 93 96 97 98 99 100 
active=87: 1 2 3 4 5 6 7 8 9 10 11 12 13 14 15 16 18 19 20 21 22 23 24 25 27 28 29 30 31 32 33 34 36 37 38 39 40 41 42 44 45 46 47 48 49 50 51 52 53 54 55 57 58 59 60 61 62 63 64 65 66 67 68 70 71 72 75 76 78 80 81 82 83 84 85 86 87 88 89 90 91 93 96 97 98 99 100 
active=86: 1 2 3 4 5 6 7 8 9 10 11 12 13 14 15 16 18 19 20 21 22 23 24 25 27 28 29 30 31 32 33 34 36 37 38 39 40 41 42 44 45 46 47 48 49 50 51 52 53 54 55 57 58 59 60 61 62 63 64 65 66 67 68 70 71 72 75 76 78 80 81 82 83 84 86 87 88 89 90 91 93 96 97 98 99 100 
active=85: 1 2 3 4 5 6 7 8 9 10 11 12 13 14 15 16 18 19 20 21 22 23 24 25 27 28 29 30 31 32 33 34 36 37 38 39 40 41 42 44 45 46 47 48 49 50 51 52 53 54 55 57 58 59 60 61 62 63 64 65 66 67 68 70 71 72 75 76 78 80 81 82 83 84 86 88 89 90 91 93 96 97 98 99 100 
active=84: 1 2 3 4 5 6 7 8 9 10 11 12 13 14 15 16 18 19 20 21 22 23 24 25 27 28 30 31 32 33 34 36 37 38 39 40 41 42 44 45 46 47 48 49 50 51 52 53 54 55 57 58 59 60 61 62 63 64 65 66 67 68 70 71 72 75 76 78 80 81 82 83 84 86 88 89 90 91 93 96 97 98 99 100 
active=83: 1 2 3 4 5 6 7 8 9 10 11 12 13 14 15 16 18 19 20 21 22 23 24 25 27 28 30 31 32 33 34 36 37 38 39 40 41 42 44 45 46 47 48 49 50 51 52 53 54 57 58 59 60 61 62 63 64 65 66 67 68 70 71 72 75 76 78 80 81 82 83 84 86 88 89 90 91 93 96 97 98 99 100 
active=82: 1 2 3 4 5 6 7 8 9 10 11 12 13 14 15 16 18 19 20 21 22 23 24 25 27 28 30 31 32 33 34 36 37 38 39 40 41 42 44 45 46 47 48 49 50 51 52 53 54 57 58 59 60 61 62 63 65 66 67 68 70 71 72 75 76 78 80 81 82 83 84 86 88 89 90 91 93 96 97 98 99 100 
active=81: 1 2 3 4 5 6 7 8 9 10 11 12 13 14 15 16 18 19 20 21 22 23 24 25 27 28 30 31 32 33 34 36 37 38 39 40 41 42 44 46 47 48 49 50 51 52 53 54 57 58 59 60 61 62 63 65 66 67 68 70 71 72 75 76 78 80 81 82 83 84 86 88 89 90 91 93 96 97 98 99 100 
active=80: 1 2 3 4 5 6 7 8 9 10 11 12 13 14 15 16 18 19 20 21 22 23 24 25 27 28 30 31 32 33 34 36 37 38 39 40 41 42 44 46 47 48 49 50 51 52 53 54 57 58 59 60 61 62 63 65 66 67 68 70 71 72 75 76 78 80 81 82 83 84 86 88 89 90 91 93 97 98 99 100 
active=79: 1 2 3 4 5 6 7 8 9 10 11 12 13 14 15 16 18 19 20 21 22 23 24 25 27 28 30 31 32 33 34 36 37 38 39 40 41 44 46 47 48 49 50 51 52 53 54 57 58 59 60 61 62 63 65 66 67 68 70 71 72 75 76 78 80 81 82 83 84 86 88 89 90 91 93 97 98 99 100 
active=78: 1 2 3 4 5 6 7 8 9 10 11 12 13 14 15 16 18 19 20 21 22 23 24 25 27 28 30 31 32 33 34 36 37 38 39 40 41 44 46 47 48 50 51 52 53 54 57 58 59 60 61 62 63 65 66 67 68 70 71 72 75 76 78 80 81 82 83 84 86 88 89 90 91 93 97 98 99 100 
active=77: 1 2 3 4 5 6 7 8 9 10 11 12 13 14 15 16 18 19 20 21 22 23 24 25 27 28 30 31 32 33 34 36 37 38 39 40 44 46 47 48 50 51 52 53 54 57 58 59 60 61 62 63 65 66 67 68 70 71 72 75 76 78 80 81 82 83 84 86 88 89 90 91 93 97 98 99 100 
active=76: 1 2 3 4 5 6 7 8 9 10 11 12 13 14 15 16 18 19 20 21 22 23 24 25 27 28 30 31 32 33 36 37 38 39 40 44 46 47 48 50 51 52 53 54 57 58 59 60 61 62 63 65 66 67 68 70 71 72 75 76 78 80 81 82 83 84 86 88 89 90 91 93 97 98 99 100 
active=75: 1 2 3 4 5 6 7 8 9 10 11 12 13 14 15 16 18 19 20 21 22 23 24 25 27 28 30 31 32 33 36 37 38 39 40 44 46 47 48 50 51 52 53 54 57 58 59 60 61 62 63 65 66 67 68 70 71 72 75 76 78 80 81 82 84 86 88 89 90 91 93 97 98 99 100 
active=74: 1 2 3 4 5 6 7 8 9 10 11 12 13 14 15 16 18 19 20 21 22 23 24 27 28 30 31 32 33 36 37 38 39 40 44 46 47 48 50 51 52 53 54 57 58 59 60 61 62 63 65 66 67 68 70 71 72 75 76 78 80 81 82 84 86 88 89 90 91 93 97 98 99 100 
active=73: 1 2 3 4 5 6 7 8 9 10 11 12 13 14 15 16 18 20 21 22 23 24 27 28 30 31 32 33 36 37 38 39 40 44 46 47 48 50 51 52 53 54 57 58 59 60 61 62 63 65 66 67 68 70 71 72 75 76 78 80 81 82 84 86 88 89 90 91 93 97 98 99 100 
active=72: 1 2 3 4 5 6 7 8 9 10 11 12 13 14 15 16 18 21 22 23 24 27 28 30 31 32 33 36 37 38 39 40 44 46 47 48 50 51 52 53 54 57 58 59 60 61 62 63 65 66 67 68 70 71 72 75 76 78 80 81 82 84 86 88 89 90 91 93 97 98 99 100 
active=71: 1 2 3 4 5 6 7 8 9 10 11 12 13 14 15 16 18 21 22 23 24 27 28 30 31 32 33 36 37 38 40 44 46 47 48 50 51 52 53 54 57 58 59 60 61 62 63 65 66 67 68 70 71 72 75 76 78 80 81 82 84 86 88 89 90 91 93 97 98 99 100 
active=70: 1 2 3 4 5 6 7 8 9 10 11 12 13 14 15 16 18 21 22 23 24 27 28 30 31 32 33 36 37 38 40 44 46 47 48 50 51 52 53 54 57 58 59 60 61 62 63 65 66 67 68 70 71 72 75 76 78 80 81 82 84 86 88 89 91 93 97 98 99 100 
active=69: 1 2 3 4 5 6 7 8 9 10 11 12 13 14 15 16 21 22 23 24 27 28 30 31 32 33 36 37 38 40 44 46 47 48 50 51 52 53 54 57 58 59 60 61 62 63 65 66 67 68 70 71 72 75 76 78 80 81 82 84 86 88 89 91 93 97 98 99 100 
active=68: 1 2 3 4 5 6 7 8 9 10 11 12 13 14 15 16 21 22 23 24 27 28 30 31 32 33 36 37 38 40 44 47 48 50 51 52 53 54 57 58 59 60 61 62 63 65 66 67 68 70 71 72 75 76 78 80 81 82 84 86 88 89 91 93 97 98 99 100 
active=67: 1 2 3 4 5 6 7 8 9 10 11 12 13 14 15 16 21 22 23 24 27 28 30 31 32 33 36 37 38 40 44 47 48 50 51 52 53 54 57 58 59 60 61 62 63 65 66 67 68 70 71 72 75 76 78 80 81 82 84 86 88 89 91 97 98 99 100 
active=66: 1 2 3 4 5 6 7 8 9 10 11 12 13 14 15 16 21 22 23 27 28 30 31 32 33 36 37 38 40 44 47 48 50 51 52 53 54 57 58 59 60 61 62 63 65 66 67 68 70 71 72 75 76 78 80 81 82 84 86 88 89 91 97 98 99 100 
active=65: 1 2 3 4 5 6 7 8 9 10 11 12 13 14 15 16 21 22 23 27 28 30 31 32 33 36 37 38 40 47 48 50 51 52 53 54 57 58 59 60 61 62 63 65 66 67 68 70 71 72 75 76 78 80 81 82 84 86 88 89 91 97 98 99 100 
active=64: 1 2 3 4 5 6 7 8 9 10 11 12 13 14 15 16 21 22 23 27 28 30 32 33 36 37 38 40 47 48 50 51 52 53 54 57 58 59 60 61 62 63 65 66 67 68 70 71 72 75 76 78 80 81 82 84 86 88 89 91 97 98 99 100 
active=63: 1 2 3 4 5 6 7 8 9 10 11 12 13 14 15 16 21 22 23 27 28 30 32 33 36 37 38 40 47 48 50 51 52 53 54 57 58 59 60 61 62 63 65 66 67 68 70 71 72 75 76 80 81 82 84 86 88 89 91 97 98 99 100 
active=62: 1 2 3 4 5 6 7 8 9 10 11 12 13 14 15 16 21 22 23 27 28 30 32 33 36 37 38 40 47 48 50 51 52 53 54 57 58 59 60 61 63 65 66 67 68 70 71 72 75 76 80 81 82 84 86 88 89 91 97 98 99 100 
active=61: 1 2 3 4 5 6 7 8 9 10 11 12 13 14 15 16 21 22 23 27 28 30 32 33 36 37 38 40 47 48 50 51 52 53 54 57 58 60 61 63 65 66 67 68 70 71 72 75 76 80 81 82 84 86 88 89 91 97 98 99 100 
active=60: 1 2 3 4 5 6 7 8 9 10 11 12 13 14 15 16 21 22 23 27 28 30 32 33 36 37 38 40 47 48 50 51 52 53 54 57 58 60 61 63 65 66 67 70 71 72 75 76 80 81 82 84 86 88 89 91 97 98 99 100 
active=59: 1 2 3 4 5 6 7 8 9 10 11 12 13 14 15 16 21 22 23 27 28 30 32 33 36 37 38 40 47 48 50 51 52 53 54 57 58 60 61 63 65 66 67 70 71 72 75 76 80 81 82 86 88 89 91 97 98 99 100 
active=58: 1 2 3 4 5 6 7 8 9 10 11 12 13 14 15 16 21 22 23 27 28 30 32 33 36 37 40 47 48 50 51 52 53 54 57 58 60 61 63 65 66 67 70 71 72 75 76 80 81 82 86 88 89 91 97 98 99 100 
active=57: 1 2 3 4 5 6 7 8 9 10 11 12 13 14 15 16 21 22 23 27 28 30 32 33 36 37 40 47 48 50 51 52 53 54 57 58 60 61 63 65 66 67 70 71 72 75 76 80 81 82 86 88 89 91 98 99 100 
active=56: 1 2 3 4 5 6 7 8 9 10 11 12 13 14 15 16 21 22 23 27 28 30 32 33 37 40 47 48 50 51 52 53 54 57 58 60 61 63 65 66 67 70 71 72 75 76 80 81 82 86 88 89 91 98 99 100 
active=55: 1 2 3 4 5 6 7 8 9 10 11 12 13 14 15 16 21 22 23 27 28 30 32 33 37 40 47 48 50 51 52 53 54 57 58 60 61 63 65 66 67 70 71 72 75 76 80 81 86 88 89 91 98 99 100 
active=54: 1 2 3 4 5 6 7 8 9 10 11 12 13 14 15 16 21 22 23 27 28 30 32 33 37 47 48 50 51 52 53 54 57 58 60 61 63 65 66 67 70 71 72 75 76 80 81 86 88 89 91 98 99 100 
active=53: 1 2 3 4 5 6 7 8 9 10 11 12 13 14 15 16 21 22 23 27 28 30 32 33 37 47 48 50 51 52 53 54 57 58 60 61 65 66 67 70 71 72 75 76 80 81 86 88 89 91 98 99 100 
active=52: 1 2 3 4 5 6 7 8 9 10 11 12 13 14 15 16 21 22 23 27 28 30 32 33 37 47 48 50 51 52 53 54 57 58 61 65 66 67 70 71 72 75 76 80 81 86 88 89 91 98 99 100 
active=51: 1 2 3 4 5 6 7 8 9 10 11 12 13 14 15 16 21 22 23 27 28 30 32 37 47 48 50 51 52 53 54 57 58 61 65 66 67 70 71 72 75 76 80 81 86 88 89 91 98 99 100 
active=50: 1 2 3 4 5 6 7 8 9 10 11 12 13 14 15 16 21 22 23 27 30 32 37 47 48 50 51 52 53 54 57 58 61 65 66 67 70 71 72 75 76 80 81 86 88 89 91 98 99 100 
active=49: 1 2 3 4 5 6 7 8 9 10 11 12 13 14 15 16 21 22 23 27 30 32 37 47 48 50 51 52 54 57 58 61 65 66 67 70 71 72 75 76 80 81 86 88 89 91 98 99 100 
active=48: 1 2 3 4 5 6 7 8 9 10 11 12 13 14 15 16 21 22 23 27 30 32 37 47 48 50 52 54 57 58 61 65 66 67 70 71 72 75 76 80 81 86 88 89 91 98 99 100 
active=47: 1 2 3 4 5 6 7 8 9 10 11 12 13 14 15 16 21 22 23 27 30 32 37 47 48 50 52 54 57 58 61 65 66 67 70 71 75 76 80 81 86 88 89 91 98 99 100 
active=46: 1 2 3 4 5 6 7 8 9 10 11 12 13 14 15 16 21 22 23 27 30 32 37 47 48 50 52 54 57 58 61 65 66 67 70 71 75 76 80 86 88 89 91 98 99 100 
active=45: 1 2 3 4 5 6 7 8 9 10 11 12 13 14 15 16 21 22 23 27 30 32 37 48 50 52 54 57 58 61 65 66 67 70 71 75 76 80 86 88 89 91 98 99 100 
active=44: 1 2 3 4 5 6 7 8 9 10 11 12 13 14 15 16 22 23 27 30 32 37 48 50 52 54 57 58 61 65 66 67 70 71 75 76 80 86 88 89 91 98 99 100 
active=43: 1 2 3 4 5 6 7 8 9 10 11 12 13 14 15 16 22 23 27 30 32 37 48 50 52 54 57 58 61 65 66 67 70 71 75 80 86 88 89 91 98 99 100 
active=42: 1 2 3 4 5 6 7 8 9 10 11 12 14 15 16 22 23 27 30 32 37 48 50 52 54 57 58 61 65 66 67 70 71 75 80 86 88 89 91 98 99 100 
active=41: 1 2 3 4 5 6 7 8 9 10 11 12 14 15 16 22 23 27 30 32 37 48 50 54 57 58 61 65 66 67 70 71 75 80 86 88 89 91 98 99 100 
active=40: 1 2 3 4 5 6 7 8 9 10 11 12 14 15 16 22 23 27 30 32 37 48 50 54 57 58 61 65 66 70 71 75 80 86 88 89 91 98 99 100 
active=39: 1 2 3 4 5 6 7 8 9 10 11 12 14 15 16 22 23 27 30 32 37 48 50 54 57 58 61 65 66 70 71 75 86 88 89 91 98 99 100 
active=38: 1 2 3 4 5 6 7 8 9 10 11 12 14 15 22 23 27 30 32 37 48 50 54 57 58 61 65 66 70 71 75 86 88 89 91 98 99 100 
active=37: 1 2 3 4 5 6 7 8 9 10 11 12 15 22 23 27 30 32 37 48 50 54 57 58 61 65 66 70 71 75 86 88 89 91 98 99 100 
active=36: 1 2 3 4 5 6 7 8 9 10 11 12 22 23 27 30 32 37 48 50 54 57 58 61 65 66 70 71 75 86 88 89 91 98 99 100 
active=35: 1 2 3 4 5 6 7 8 9 10 11 12 22 23 27 30 32 37 48 50 54 57 58 61 65 70 71 75 86 88 89 91 98 99 100 
active=34: 1 2 3 4 5 6 7 8 9 10 11 12 22 23 27 30 32 48 50 54 57 58 61 65 70 71 75 86 88 89 91 98 99 100 
active=33: 1 2 3 4 5 6 7 8 9 10 11 22 23 27 30 32 48 50 54 57 58 61 65 70 71 75 86 88 89 91 98 99 100 
active=32: 1 2 3 4 5 6 7 8 9 10 11 22 23 27 30 32 48 50 54 57 58 61 65 70 71 75 86 88 89 91 98 100 
active=31: 1 2 3 4 5 6 7 8 9 10 11 22 23 27 30 32 48 54 57 58 61 65 70 71 75 86 88 89 91 98 100 
active=30: 1 2 3 4 5 6 7 8 9 10 11 22 23 27 30 32 48 54 57 58 61 65 70 71 75 86 88 91 98 100 
active=29: 1 2 3 4 5 6 7 8 9 10 11 22 23 27 30 32 48 54 58 61 65 70 71 75 86 88 91 98 100 
active=28: 1 2 3 4 5 6 7 8 9 10 11 22 23 27 32 48 54 58 61 65 70 71 75 86 88 91 98 100 
active=27: 1 2 3 4 5 6 7 8 9 10 11 22 23 27 32 48 54 58 61 65 70 71 75 86 88 91 100 
active=26: 1 2 3 4 5 6 7 8 9 10 11 22 23 27 32 48 54 58 61 65 70 71 75 88 91 100 
active=25: 1 2 3 4 5 6 7 8 9 10 11 22 23 27 32 54 58 61 65 70 71 75 88 91 100 
active=24: 1 2 3 4 5 6 7 8 9 10 11 22 23 27 54 58 61 65 70 71 75 88 91 100 
active=23: 1 2 4 5 6 7 8 9 10 11 22 23 27 54 58 61 65 70 71 75 88 91 100 
active=22: 1 2 4 5 6 7 8 9 10 11 22 23 27 54 58 61 65 70 75 88 91 100 
active=21: 1 2 4 5 6 7 8 9 10 11 22 23 27 54 58 61 65 70 75 88 91 
active=20: 1 2 4 5 6 7 8 9 10 11 22 23 27 54 58 61 65 70 75 88 
active=19: 1 2 4 5 6 7 8 9 10 11 22 23 27 58 61 65 70 75 88 
active=18: 1 2 4 5 6 7 8 9 10 11 22 27 58 61 65 70 75 88 
active=17: 1 2 4 5 6 7 8 9 10 11 22 58 61 65 70 75 88 
active=16: 1 2 4 5 6 7 8 9 10 22 58 61 65 70 75 88 
active=15: 1 2 4 5 6 7 8 9 10 22 58 65 70 75 88 
active=14: 1 2 4 5 6 7 8 9 10 22 65 70 75 88 
active=13: 1 2 4 5 6 7 8 9 10 65 70 75 88 
active=12: 1 2 4 5 6 7 8 9 10 65 70 88 
active=11: 1 2 4 5 6 7 8 9 10 70 88 
active=10: 1 2 4 5 6 7 8 9 10 70 
active=9: 1 2 4 5 6 7 8 9 10 
active=8: 1 2 4 5 6 7 9 10 
active=7: 1 4 5 6 7 9 10 
active=6: 1 4 5 7 9 10 
active=5: 1 5 7 9 10 
active=4: 1 7 9 10 
active=3: 7 9 10 
active=2: 7 10 
active=1: 10 
