0.000000 0.509600
1.000000 0.573800
2.000000 0.637700
3.000000 0.631100
4.000000 0.657700
5.000000 0.680100
6.000000 0.672800
7.000000 0.704700
8.000000 0.724800
9.000000 0.748800
10.000000 0.767900
11.000000 0.777300
12.000000 0.780600
13.000000 0.798400
14.000000 0.798500
15.000000 0.814000
16.000000 0.810100
17.000000 0.811900
18.000000 0.822400
19.000000 0.827600
20.000000 0.827500
21.000000 0.828600
22.000000 0.829800
23.000000 0.846500
24.000000 0.846900
25.000000 0.850300
26.000000 0.861200
27.000000 0.869300
28.000000 0.869300
29.000000 0.863800
30.000000 0.867400
31.000000 0.878100
32.000000 0.875300
33.000000 0.881800
34.000000 0.880700
35.000000 0.880800
36.000000 0.891800
37.000000 0.892400
38.000000 0.891000
39.000000 0.898800
40.000000 0.900000
41.000000 0.908900
42.000000 0.914100
43.000000 0.911100
44.000000 0.913400
45.000000 0.914100
46.000000 0.918200
47.000000 0.929300
48.000000 0.930900
49.000000 0.928800
50.000000 0.930800
51.000000 0.931000
52.000000 0.927400
53.000000 0.936100
54.000000 0.935300
55.000000 0.937600
56.000000 0.940800
57.000000 0.940700
58.000000 0.946500
59.000000 0.945500
60.000000 0.947000
61.000000 0.947900
62.000000 0.949200
63.000000 0.952000
64.000000 0.952900
65.000000 0.953100
66.000000 0.954000
67.000000 0.959800
68.000000 0.959300
69.000000 0.958600
70.000000 0.959900
71.000000 0.960300
72.000000 0.961300
73.000000 0.962600
74.000000 0.965000
75.000000 0.965000
76.000000 0.967100
77.000000 0.965200
78.000000 0.964500
79.000000 0.965700
80.000000 0.967600
81.000000 0.968500
82.000000 0.966300
83.000000 0.968700
84.000000 0.969400
85.000000 0.969400
86.000000 0.970800
87.000000 0.969700
88.000000 0.971800
89.000000 0.971500
90.000000 0.970700
91.000000 0.969800
92.000000 0.971900
93.000000 0.973000
94.000000 0.971700
95.000000 0.973700
96.000000 0.974300
97.000000 0.972400
98.000000 0.972700
99.000000 0.974000
100.000000 0.975500
