0.000000 0.510400
1.000000 0.564000
2.000000 0.624400
3.000000 0.624700
4.000000 0.648200
5.000000 0.638600
6.000000 0.664400
7.000000 0.681300
8.000000 0.688900
9.000000 0.701800
10.000000 0.704600
11.000000 0.722100
12.000000 0.719500
13.000000 0.718100
14.000000 0.727800
15.000000 0.727800
16.000000 0.729500
17.000000 0.723900
18.000000 0.732200
19.000000 0.735600
20.000000 0.727100
21.000000 0.731900
22.000000 0.733100
23.000000 0.729100
24.000000 0.725300
25.000000 0.730600
26.000000 0.733500
27.000000 0.738700
28.000000 0.730700
29.000000 0.728300
30.000000 0.730900
31.000000 0.732200
32.000000 0.720500
33.000000 0.717000
34.000000 0.719200
35.000000 0.708800
36.000000 0.711300
37.000000 0.711000
38.000000 0.712000
39.000000 0.710200
40.000000 0.711400
41.000000 0.708500
42.000000 0.699000
43.000000 0.700500
44.000000 0.705100
45.000000 0.703500
46.000000 0.713000
47.000000 0.698000
48.000000 0.695000
49.000000 0.698000
50.000000 0.691700
51.000000 0.688700
52.000000 0.688800
53.000000 0.685500
54.000000 0.685300
55.000000 0.685300
56.000000 0.680900
57.000000 0.672000
58.000000 0.666200
59.000000 0.666300
60.000000 0.667000
61.000000 0.664100
62.000000 0.666700
63.000000 0.666000
64.000000 0.668100
65.000000 0.659900
66.000000 0.652500
67.000000 0.644500
68.000000 0.641200
69.000000 0.649100
70.000000 0.649300
71.000000 0.636600
72.000000 0.642400
73.000000 0.640000
74.000000 0.631400
75.000000 0.629000
76.000000 0.616400
77.000000 0.618200
78.000000 0.616700
79.000000 0.618500
80.000000 0.617200
81.000000 0.599100
82.000000 0.609500
83.000000 0.603900
84.000000 0.604400
85.000000 0.608500
86.000000 0.593000
87.000000 0.597000
88.000000 0.595600
89.000000 0.602900
90.000000 0.586800
91.000000 0.588200
92.000000 0.578400
93.000000 0.587500
94.000000 0.583900
95.000000 0.578900
96.000000 0.567700
97.000000 0.568200
98.000000 0.573100
99.000000 0.568400
100.000000 0.563600
