0.000000 0.500000 0.500000
1.000000 0.626146 0.627396
2.000000 0.693021 0.703333
3.000000 0.725833 0.747396
4.000000 0.738437 0.763229
5.000000 0.767292 0.812083
6.000000 0.769375 0.810833
7.000000 0.783438 0.829271
8.000000 0.803750 0.842812
9.000000 0.792083 0.848646
10.000000 0.784063 0.847187
11.000000 0.775208 0.834583
12.000000 0.774583 0.843125
13.000000 0.776875 0.844271
14.000000 0.782917 0.851354
15.000000 0.780417 0.853438
16.000000 0.779896 0.866875
17.000000 0.770937 0.864062
18.000000 0.771354 0.861875
19.000000 0.764271 0.869271
20.000000 0.776875 0.874583
21.000000 0.786250 0.883958
22.000000 0.777083 0.895938
23.000000 0.782813 0.901042
24.000000 0.779062 0.905833
25.000000 0.781250 0.909167
26.000000 0.787812 0.915000
27.000000 0.778854 0.919375
28.000000 0.775833 0.927500
29.000000 0.780833 0.925521
30.000000 0.776042 0.926667
31.000000 0.765104 0.926667
32.000000 0.768542 0.935625
33.000000 0.765312 0.935625
34.000000 0.757604 0.936146
35.000000 0.765000 0.937500
36.000000 0.754687 0.937708
37.000000 0.746667 0.935417
38.000000 0.746771 0.942708
39.000000 0.751354 0.947188
40.000000 0.747604 0.943646
41.000000 0.740833 0.947083
42.000000 0.736979 0.943958
43.000000 0.729896 0.951562
44.000000 0.733438 0.949583
45.000000 0.733333 0.954062
46.000000 0.737396 0.953125
47.000000 0.731458 0.956250
48.000000 0.727396 0.958958
49.000000 0.723333 0.958229
50.000000 0.726771 0.959688
51.000000 0.704792 0.959375
52.000000 0.702917 0.961979
53.000000 0.700729 0.960208
54.000000 0.703125 0.959375
55.000000 0.693646 0.963646
56.000000 0.701562 0.963646
57.000000 0.690000 0.962813
58.000000 0.690000 0.966458
59.000000 0.687083 0.964375
60.000000 0.686667 0.964271
61.000000 0.673750 0.964375
62.000000 0.676667 0.964271
63.000000 0.672708 0.965521
64.000000 0.662812 0.965521
65.000000 0.669063 0.963229
66.000000 0.658021 0.964687
67.000000 0.662812 0.964375
68.000000 0.649167 0.966875
69.000000 0.652500 0.968854
70.000000 0.658854 0.965521
71.000000 0.653542 0.969479
72.000000 0.645729 0.968125
73.000000 0.644479 0.969271
74.000000 0.636562 0.970417
75.000000 0.643125 0.969896
76.000000 0.646354 0.969271
77.000000 0.632292 0.968854
78.000000 0.636458 0.970312
79.000000 0.629167 0.970000
80.000000 0.617083 0.970625
81.000000 0.624792 0.969896
82.000000 0.618750 0.970521
83.000000 0.613333 0.972083
84.000000 0.618958 0.972708
85.000000 0.620104 0.973229
86.000000 0.619688 0.971979
87.000000 0.612292 0.973021
88.000000 0.608646 0.972708
89.000000 0.596250 0.973542
90.000000 0.600521 0.974583
91.000000 0.599375 0.974167
92.000000 0.586771 0.973542
93.000000 0.587188 0.974375
94.000000 0.589167 0.973750
95.000000 0.589896 0.975625
96.000000 0.578125 0.976042
97.000000 0.585937 0.975625
98.000000 0.584271 0.976354
99.000000 0.573438 0.976146
100.000000 0.573333 0.976667
