0.000000 0.500000
1.000000 0.626146
2.000000 0.693021
3.000000 0.725833
4.000000 0.738437
5.000000 0.767292
6.000000 0.769375
7.000000 0.783438
8.000000 0.803750
9.000000 0.792083
10.000000 0.784063
11.000000 0.775208
12.000000 0.774583
13.000000 0.776875
14.000000 0.782917
15.000000 0.780417
16.000000 0.779896
17.000000 0.770937
18.000000 0.771354
19.000000 0.764271
20.000000 0.776875
21.000000 0.786250
22.000000 0.777083
23.000000 0.782813
24.000000 0.779062
25.000000 0.781250
26.000000 0.787812
27.000000 0.778854
28.000000 0.775833
29.000000 0.780833
30.000000 0.776042
31.000000 0.765104
32.000000 0.768542
33.000000 0.765312
34.000000 0.757604
35.000000 0.765000
36.000000 0.754687
37.000000 0.746667
38.000000 0.746771
39.000000 0.751354
40.000000 0.747604
41.000000 0.740833
42.000000 0.736979
43.000000 0.729896
44.000000 0.733438
45.000000 0.733333
46.000000 0.737396
47.000000 0.731458
48.000000 0.727396
49.000000 0.723333
50.000000 0.726771
51.000000 0.704792
52.000000 0.702917
53.000000 0.700729
54.000000 0.703125
55.000000 0.693646
56.000000 0.701562
57.000000 0.690000
58.000000 0.690000
59.000000 0.687083
60.000000 0.686667
61.000000 0.673750
62.000000 0.676667
63.000000 0.672708
64.000000 0.662812
65.000000 0.669063
66.000000 0.658021
67.000000 0.662812
68.000000 0.649167
69.000000 0.652500
70.000000 0.658854
71.000000 0.653542
72.000000 0.645729
73.000000 0.644479
74.000000 0.636562
75.000000 0.643125
76.000000 0.646354
77.000000 0.632292
78.000000 0.636458
79.000000 0.629167
80.000000 0.617083
81.000000 0.624792
82.000000 0.618750
83.000000 0.613333
84.000000 0.618958
85.000000 0.620104
86.000000 0.619688
87.000000 0.612292
88.000000 0.608646
89.000000 0.596250
90.000000 0.600521
91.000000 0.599375
92.000000 0.586771
93.000000 0.587188
94.000000 0.589167
95.000000 0.589896
96.000000 0.578125
97.000000 0.585937
98.000000 0.584271
99.000000 0.573438
100.000000 0.573333
