1 0.212764896510 1.100587771012
2 0.008236428736 0.924713597539
3 0.148195029373 0.863413077142
4 -0.081821771908 0.904632845824
5 -0.141785295691 0.907553683105
6 -0.078575047525 1.025157073395
7 0.011842646119 0.948791977929
8 -0.165893065195 1.039451699650
9 -0.043355933003 0.974917876396
10 -0.022291115054 1.094665196702
11 0.054198561645 1.089735608198
12 0.198164912510 0.905813538367
13 0.115581511285 1.125625484523
14 -0.003769211355 1.183902198287
15 0.168188692751 0.850406581383
16 0.003555552904 0.868557271582
17 -0.154340080755 0.992366474416
18 -0.006583131717 0.864632193948
19 0.049219712346 0.770496305695
20 -0.163791420984 0.936409458842
