N=200
P=50
R=2
1 -0.516427 0.728233 -1.914596 -0.439038 1.241927 -2.286270 -0.904758 -2.137547 0.050018 -0.658024 0.227242 NA -0.791243 1.039504 0.838429 0.242637 0.185316 -0.403493 0.084249 -0.329259 -1.144823 -0.369912 0.661477 0.020001 -1.354047 1.501141 0.755822 1.852456 -0.687753 0.577219 -0.638943 1.020586 -0.022087 -1.239743 1.969523 -1.515729 0.641303 0.287649 -1.476261 0.098681 -1.364797 NA 2.535863 1.139982 0.086990 1.951490 1.106995 0.219369 -0.100930 -1.391223 0.405403 1.000000
2 -0.008568 -1.617003 1.007075 0.384274 0.938459 1.872355 0.801220 -0.338418 0.090870 0.728275 -0.060996 -1.058890 0.752943 -0.361727 0.618123 -2.099200 -0.775633 -0.123494 0.230210 0.695606 -0.894883 -1.242437 -1.357203 1.838339 0.634102 0.344723 -0.418798 -0.556099 -1.116344 0.580573 0.608110 0.958373 -0.036171 1.618365 -2.033773 0.437787 NA -0.045770 -0.037104 0.049729 1.597835 -1.191881 0.469878 NA -0.725645 2.587798 -0.754071 -0.859197 0.822112 1.215044 2.950977 0.000000
3 0.282732 NA -0.742112 -0.298607 0.881518 -0.112830 0.187446 0.605712 -0.937536 -0.445138 -1.313068 0.679412 -1.791426 -1.173656 NA -1.366658 -0.143708 NA -1.140129 0.474889 1.073941 0.963677 -0.782115 0.910745 -0.238041 -0.022949 -0.628749 -0.409856 -0.625135 -0.905703 -1.348957 -1.361828 -1.202102 0.458602 -1.032284 1.292359 0.453682 1.158098 -0.061093 0.425848 2.694624 NA 0.120769 -0.842506 -1.543757 NA NA -1.363822 -0.146731 0.504421 1.593714 0.000000
4 0.041709 0.388100 0.218104 2.299135 0.349139 -0.090431 1.473185 1.093339 -1.526124 -0.484202 0.686172 -1.563062 0.159783 -0.066212 -0.132918 -0.893597 -0.815887 0.997889 -2.031689 NA 0.573937 -0.710757 0.770018 2.207682 -0.056004 -0.759714 -0.513277 2.063630 0.741639 -1.063718 -0.411549 1.504590 0.186222 -0.634218 0.381771 0.839494 1.055603 -2.050592 3.331193 -1.702795 NA NA -0.333559 0.031962 -0.390644 -0.367238 -1.121608 -0.986987 0.557648 -0.980675 0.131124 1.000000
5 -1.873493 0.111128 -0.396020 -0.645263 1.488671 -0.682630 0.091169 1.207671 0.681795 -0.576355 1.082007 1.550959 -0.903286 1.056934 1.025750 0.181844 0.711153 -0.376077 1.018576 -0.469860 0.074628 -0.952676 -0.784988 -0.108455 -1.006959 2.669588 1.244727 0.315299 1.298859 -0.355914 -0.070506 1.424264 -0.828461 0.628279 -0.461538 1.318606 -0.659242 1.446849 0.801848 1.158037 -0.082726 -1.086597 -0.194698 1.214260 -0.054144 -0.274901 -0.457990 2.739327 -0.066916 -1.132078 7.167288 1.000000
6 -0.494433 -0.382724 0.478728 1.041768 0.944539 0.901563 1.098752 -0.090625 -0.521099 0.797413 0.089437 1.139595 0.746630 0.018320 3.026231 0.523045 1.647570 0.386453 -0.222498 NA 0.479929 -0.925628 -0.742663 0.523456 -1.232445 3.468900 -0.087940 -0.566116 -0.430578 0.181225 0.103126 0.666609 -0.332547 0.710357 -1.178373 0.370047 -0.080329 0.732505 -0.090628 -0.953635 -0.280538 0.637101 0.486144 -0.784936 0.296026 NA 0.850158 0.675913 1.411937 1.558691 1.472535 0.000000
7 -0.488395 NA 1.387524 -1.007343 -0.984346 NA 1.060049 0.994635 -0.935690 -0.982531 1.027290 -0.915531 0.937077 0.748464 -1.119709 -0.441318 0.521225 0.392451 -0.980475 -0.360836 NA -2.053670 0.176430 0.914593 NA 0.593245 -0.796304 1.687301 -0.495843 -0.242752 -0.851518 -1.537328 1.192549 -0.749084 0.334921 0.363472 -0.490696 -0.256467 -0.129601 0.638860 0.406938 -1.818838 -0.080227 0.328250 -0.225026 -0.035789 NA 0.505387 -0.379009 0.026278 3.549972 1.000000
8 -1.144346 0.869782 1.480255 1.227244 -1.630015 0.071962 NA -0.803375 -0.400940 -1.558739 -0.889909 -1.592644 2.057962 1.364247 NA 1.448237 0.496571 0.448285 0.390663 -0.068146 0.551236 -0.036976 2.280351 0.857862 0.404767 1.303764 1.144641 -0.055143 1.114490 0.170236 -1.238720 0.125774 1.881890 0.294221 -0.666686 -0.779876 -0.094632 -1.554563 1.428774 -0.069633 -1.741046 -1.093066 -2.536363 -0.313829 0.275649 -2.554406 -1.492898 -0.910656 1.426824 0.126528 0.371748 1.000000
9 1.034018 0.521185 0.163147 0.973988 -0.005263 -1.198032 0.222207 0.389415 0.168193 -1.367493 0.110467 -0.134850 -0.227157 -0.525138 0.664432 -0.725804 -0.155098 -0.835487 0.713609 -1.019042 -1.147456 NA -0.414195 -1.157686 -0.070154 -0.778712 1.031563 -0.581776 0.368132 -0.501164 -0.481944 1.076423 -0.079345 -1.627885 -0.227728 0.008059 -0.817017 1.053065 0.993762 0.530160 -0.304698 -0.771415 NA 0.080040 -1.222666 -0.243815 -0.533103 -1.351904 -1.532757 0.013805 1.378668 1.000000
10 -0.991242 0.445412 0.378461 -0.701485 1.604008 -1.001100 0.858094 1.430568 -0.484647 0.312604 -0.214169 1.285335 0.103457 0.664508 -0.499053 -1.067956 0.204491 -0.737160 1.441624 NA 0.574312 1.686622 1.523773 -0.282741 0.270260 -1.312955 -1.564092 -0.075118 1.433172 -0.741971 -0.203999 0.075385 -0.317950 3.125794 0.353253 1.199786 0.607712 -0.011092 -0.940492 0.070331 0.555019 1.265018 -1.528342 -0.549550 -0.170781 0.709918 -0.540142 -0.557113 1.052871 -2.014785 2.643622 1.000000
11 0.447993 -1.896740 0.028729 0.358644 -1.545545 0.647817 0.340651 1.380901 NA -0.811292 -1.016968 0.170814 1.385008 1.264307 0.671862 -0.731815 0.300594 -0.733565 -0.251626 0.541859 -0.101491 -0.802121 -0.221760 0.383768 -1.229283 1.908500 -0.607430 -0.927747 0.261234 0.931364 -0.576851 -1.272096 -0.037914 NA NA 0.724366 0.537533 0.411058 0.517759 -0.050937 -0.627152 -0.094598 0.255946 0.609419 -0.282476 1.313515 -0.684473 -1.051326 0.241571 0.153016 0.040356 1.000000
12 -1.320731 NA 1.816216 -0.388141 -0.972207 NA 0.606673 0.701941 -1.251124 -0.001769 1.160224 -0.105917 1.043502 -1.092057 -1.313652 1.110145 -0.321689 1.264683 0.175942 0.395435 -2.067369 1.142921 -1.459744 0.161857 1.713095 -1.270182 0.591041 1.146464 0.540800 -0.731911 1.356098 -1.177996 0.607964 -0.819459 -1.165403 -1.014079 NA -1.906379 0.564655 1.329013 -0.157202 0.276595 0.349171 1.759095 0.514588 0.489083 0.521857 -0.147850 -1.291418 1.101272 1.255380 0.000000
13 0.615428 -1.118164 -0.494856 0.892953 -1.643955 0.184230 -0.233701 0.206102 -0.040720 0.818750 NA 0.136624 0.309937 0.296329 -1.554436 0.905186 -2.268052 -0.742039 1.032543 1.465398 -0.178344 0.351655 -0.883362 1.646614 1.631568 1.255786 -0.592202 0.410474 0.156888 NA -0.124642 -0.530410 0.471679 -0.268979 1.026635 1.173969 0.929380 0.477769 -0.628844 1.087962 -0.614587 1.441724 0.351695 -0.334529 NA 1.249570 0.900844 0.606806 -1.359673 -0.985711 1.142298 1.000000
14 0.491437 0.217029 2.192781 0.173970 0.649716 -0.298010 -0.501936 0.230316 0.645274 -1.839854 0.037807 -0.101787 NA -0.070326 0.186926 1.616110 0.402734 0.705519 -0.148331 -0.773239 -1.894556 -0.612560 -1.687992 -0.448613 -0.660212 1.091265 -0.308931 NA 0.220333 -0.814930 -0.491587 0.864646 0.472381 0.066024 1.346982 0.429081 0.284988 -0.532376 0.394425 -0.138417 -0.302766 -1.547465 -0.395910 -0.570861 -0.357541 0.198066 -1.529056 0.374654 -0.473520 -1.273628 0.646425 1.000000
15 1.423149 0.861250 -0.355527 -0.779507 1.790265 -0.793577 1.290183 0.868526 -0.155558 0.133339 -0.656430 1.652707 0.463354 -0.248192 -1.682272 NA 0.762096 1.570203 -0.815197 -1.323705 0.483765 -0.472592 -0.318273 0.157928 -1.422466 -0.924380 -2.050542 -1.455473 -0.610528 0.958026 -0.125700 0.741231 0.072022 0.904865 1.334941 1.269882 -0.250390 0.429572 -0.743393 1.621705 -0.121276 -1.215321 -1.504606 -0.151201 0.161288 0.075046 -1.446085 -1.567088 0.164847 0.231042 4.130793 1.000000
16 0.066666 1.654552 -0.550332 0.207942 0.104840 -0.411201 0.323125 0.585478 0.603514 NA 0.435752 -1.340618 1.659723 0.386522 1.196657 0.313030 -0.019914 -1.625748 -0.361572 0.392917 -0.568113 NA 0.120179 -0.179188 0.977771 0.949336 -1.611687 -0.414236 2.032107 -1.038862 -1.692172 -0.156791 -0.767876 1.262775 -0.210332 -0.041826 -0.437585 -0.954309 -0.093272 2.234577 -0.549695 1.277684 NA -0.454897 0.341681 -0.791031 0.380467 0.133022 0.373998 -0.447588 1.795712 1.000000
17 -0.541794 -0.639493 -0.786922 1.376328 1.111928 0.295683 -0.372320 -0.641543 -1.363569 NA -1.435857 1.197287 1.516139 -3.013310 -0.695842 -0.793852 -0.493684 0.758164 1.103375 -1.005143 1.021045 -0.645900 -0.819053 -1.783865 -0.321395 -0.387324 -1.281808 0.491235 1.689542 -0.144620 0.314893 1.218295 1.001196 1.139454 -0.367097 0.643348 0.855746 0.901655 0.218101 2.144749 -1.234343 1.109189 2.069712 0.338527 0.117526 1.758727 -0.505691 -0.703621 -0.824017 -2.136935 0.879536 1.000000
18 0.938367 -0.627766 1.842764 -0.084272 -0.390685 -0.771190 1.563242 -0.128530 0.958375 -2.279353 -0.829723 0.786044 -0.088874 -1.567849 -0.894094 0.318427 -0.603074 -0.992571 0.928523 0.764726 -0.673421 1.467328 0.436361 0.044857 -0.186507 NA -2.146186 -0.748849 -1.521218 1.286031 1.992920 -1.067868 -1.128971 0.221644 -0.419261 1.070498 0.194401 -0.281004 -1.194052 -0.239938 1.006616 -2.673193 -0.551148 -0.656638 -0.390260 2.386002 0.568300 -2.159178 0.319208 1.391653 0.181777 1.000000
19 0.047611 0.129330 2.147629 0.055094 -0.438357 -0.875107 -0.502213 0.040264 0.066266 0.817864 NA 0.710282 0.592869 0.832980 0.007835 1.731146 -0.298809 0.163627 -0.185701 0.202522 0.396708 -0.708935 1.696493 0.397343 1.267089 2.077642 -0.539095 NA 0.806570 -0.632032 -0.466415 -0.823508 0.682672 0.097943 -1.669034 -0.289231 NA 0.779236 0.552692 0.932020 0.363273 1.214741 -0.409042 -0.772845 1.056494 -1.774905 0.428446 -1.217387 0.349271 -0.824973 2.221940 0.000000
20 -1.374905 -0.927049 NA NA -0.591582 -0.395662 0.051090 2.396477 -0.259209 2.045200 0.991879 0.614645 0.547031 0.347768 0.077072 0.567971 0.279255 2.757314 1.098754 -1.327429 NA 0.227868 -0.027763 1.492572 -0.485342 0.752213 1.333948 -0.570416 3.210639 NA -0.460511 1.121697 -1.293690 0.737129 1.527532 -1.548582 -0.630637 0.324173 -0.057083 -0.596823 NA -0.004673 -0.083501 -0.181593 -0.722402 1.223560 -0.004064 1.056895 -1.614327 0.833814 5.647037 0.000000
21 -0.268612 NA -0.326514 -0.420115 0.564123 0.460536 -0.851602 -0.272907 1.090393 -0.720373 -0.146545 0.268359 -0.430391 -0.204821 0.838873 -1.756736 -0.239374 -1.464779 -0.030328 -0.380819 -1.702102 0.482910 -1.241487 -0.215094 -0.204130 NA 0.185717 -0.275634 NA 1.410739 -0.052018 0.397514 -1.817714 -0.808596 0.507359 -0.907024 -1.420558 1.474719 -0.637632 0.196342 -0.390750 NA -1.090140 NA -1.264298 0.306652 0.749439 -0.652129 -0.124643 2.861545 5.966371 1.000000
22 NA -0.203078 -0.697437 NA -2.271679 NA -0.803689 -1.211933 0.433722 0.716733 1.820184 -1.302652 0.719406 0.976925 -0.745819 -0.024571 -1.667721 -0.754116 0.284274 0.415613 1.237132 0.248074 1.363539 0.725367 0.754239 -0.584427 -0.970961 -1.606185 1.131489 -2.295613 0.315758 1.414560 -1.430643 -0.202789 0.036476 -1.242435 -0.270138 0.409254 0.751403 -0.482169 -1.158241 -0.331934 -0.789167 NA -0.866732 -0.864271 0.382223 2.159222 0.193496 0.225698 7.345839 0.000000
23 -0.661518 -0.051343 -1.083756 -0.851026 -0.352750 -0.684627 -0.403156 -2.558001 0.518672 -0.864362 -2.956565 -0.336342 0.726892 -0.100926 1.523969 1.458747 -0.734400 -0.011723 -0.977907 0.993067 0.540148 -1.854272 0.440273 0.258040 NA 0.159291 NA -0.186695 0.709169 -1.228355 0.418511 0.414025 -1.599137 0.762572 -1.292525 0.703470 -0.318149 -1.290235 0.163313 0.264332 -0.053756 NA -0.627019 0.454569 0.218913 -0.501582 0.870439 2.497263 0.988787 -1.180049 1.858094 1.000000
24 -0.254373 -1.981999 -0.631489 0.177696 1.443235 -0.862385 1.044414 -1.327578 0.091280 0.756739 0.431304 -0.850263 1.042299 0.683507 0.290914 0.697284 1.183724 -0.745065 NA 0.676932 -0.234979 -0.575024 1.114063 -0.422346 0.699772 2.389392 1.575764 1.168239 0.460485 -2.548219 0.500615 0.538002 0.542693 0.506946 1.216678 -1.518173 -0.596188 1.173803 1.403408 -1.605461 0.423889 0.467630 -0.749064 -1.730059 -1.338361 -1.175216 1.160928 0.378672 -1.098449 1.811015 0.109139 1.000000
25 -1.385808 -0.386765 -0.716055 -1.084119 -0.664591 0.220816 0.355644 0.254750 -0.801885 0.376024 -1.211632 1.196094 -0.078600 -1.970742 0.224987 -0.518285 -0.450464 1.164620 -0.508539 0.830961 -1.077283 0.842910 1.320008 -0.437319 -0.381839 0.725990 -0.258489 1.479702 0.041546 0.678330 0.446030 0.282226 1.330163 1.137838 0.787085 0.178375 -1.077030 -0.591836 0.527986 -0.781494 -1.064272 1.687863 0.590707 0.712479 1.240851 0.065502 -0.341624 0.469145 2.131621 0.389726 1.031495 0.000000
26 -0.041452 -0.161821 2.283445 -1.519110 -0.218112 -0.598692 0.978564 0.646117 0.273580 1.371885 -0.300631 0.923510 0.941592 1.480893 -0.166959 1.664030 -1.333014 -0.550862 NA -0.015474 1.577167 0.716186 -0.701371 0.959373 -0.038411 -1.217981 -0.048581 -0.435351 -1.097058 -0.544287 0.351030 1.086245 1.982400 -0.582294 0.396527 -0.565157 1.130361 0.629972 -0.189426 -2.449209 0.213233 NA 0.559384 0.330252 1.306556 0.865533 1.062887 -0.380130 0.687614 -0.737490 0.958132 1.000000
27 -0.301472 0.839321 -1.649347 1.258390 0.730007 -1.216696 1.158068 NA NA 1.053313 0.677155 -0.609799 -0.904429 -0.581297 0.955138 -0.854351 -1.480271 -0.923072 1.119818 2.303996 -0.218517 0.744255 -0.230454 0.959696 0.549697 -0.662596 0.243054 -0.040057 1.403607 0.953348 -0.250584 NA 0.457924 -1.896088 -0.357733 -0.832685 -0.117916 -1.200695 -1.069869 -0.624564 0.146023 -0.276486 0.093820 NA 0.833097 -1.192876 2.164952 1.048336 0.532775 -1.454712 4.395562 0.000000
28 0.135634 -0.512030 -1.115900 0.987962 -0.274343 0.845307 -0.312046 -0.490794 0.101918 0.295932 -0.496689 -0.539955 0.722333 0.406337 0.578025 -0.941811 -0.399336 0.105451 0.074793 -0.721467 0.455345 NA -1.006640 -0.921718 -0.427068 -0.279323 -1.266566 -0.725848 NA 0.645835 0.193139 -1.547865 -1.557349 -1.648813 -0.055089 -0.069710 0.138167 -0.627322 NA 0.744045 2.866515 -0.440377 1.188022 2.127329 -1.159741 1.095408 1.523132 0.053180 -0.264146 0.275099 0.282700 1.000000
29 1.168858 0.099154 -0.737075 0.478364 -2.101689 0.169572 -1.117280 -0.597083 -0.182424 0.554189 -0.409854 0.327318 1.186404 -0.613410 1.534571 0.891699 -0.491030 0.243645 -1.059594 0.336005 -0.609906 0.410942 0.934254 -0.575201 1.309416 -1.157842 0.862986 0.247898 -1.215691 1.039805 -0.935709 1.228716 1.080115 0.870660 NA -0.585588 -0.014956 -1.582612 0.499932 -0.198085 1.488454 1.020145 -0.119667 -0.981227 0.462784 0.680880 -0.012576 0.983178 0.598314 -0.187479 5.707431 0.000000
30 -0.553261 -0.449051 -0.597428 -0.145730 -1.069823 -0.117031 -1.039516 0.457331 2.629095 -1.512107 0.096724 -2.181323 1.203738 1.518337 0.995219 -0.427301 2.020648 -0.463503 -0.713442 -0.865213 -0.105168 0.826844 -0.171892 0.138800 -0.086133 NA 0.381485 -0.937187 1.222088 -1.054108 0.064499 -0.089111 1.580762 0.095189 0.345176 NA -1.293148 0.427910 -1.534985 0.532367 -0.457229 -1.006512 1.378657 0.582829 -0.923289 -0.208237 -0.190417 0.399723 0.692818 1.512634 10.385772 0.000000
31 -0.486268 -1.401449 0.067990 NA -0.716186 0.249349 -1.391610 -1.628699 0.895908 -2.860014 0.965248 NA -2.272996 0.024963 -0.455948 -0.978453 0.244230 -0.251847 0.735458 -0.785267 0.134810 2.883909 -0.126012 0.696944 0.150759 -1.255804 -0.942189 0.491271 1.052506 -2.602432 0.475346 0.389444 -0.438637 -0.724635 2.173850 0.662056 -0.253719 -0.645735 1.070730 -2.206152 NA -1.774406 -2.340037 0.226687 -0.593751 -0.059397 0.406118 1.672512 -0.088081 -0.279199 0.001458 1.000000
32 -2.257149 -0.722697 -0.203294 1.093499 -2.798067 -1.230754 -2.403040 -1.291320 0.643898 0.622490 -0.366717 -0.735631 0.050407 -0.001018 -0.711030 -0.779888 0.565940 -2.056827 0.407341 -0.057180 0.015402 -1.326938 1.002966 -0.598242 NA -0.366591 0.290688 -0.625909 1.049372 -0.097349 -1.640866 -0.630630 -1.751760 -1.100040 0.824547 -0.045949 NA 0.454008 -0.706161 1.260700 0.223036 -1.027642 -0.234216 2.719974 1.331436 -1.085261 -0.438881 1.005957 -0.092416 0.851751 1.865596 1.000000
33 0.385818 NA -0.978260 -0.851087 1.222992 -0.092067 -1.497888 -0.291971 -1.264078 -1.119958 -0.682751 0.982690 -0.350183 0.024559 -0.485820 -0.972504 NA 0.623611 -0.606404 -1.430431 -0.242051 0.627694 0.976439 0.071583 1.003088 0.952595 -0.500543 0.390786 0.430962 -0.387209 1.865517 0.906208 1.085406 -0.540456 0.623761 -0.908749 -0.836035 1.801445 0.591485 -0.178130 -1.063962 0.439131 0.873909 0.384949 -0.919155 NA -0.203067 -1.460230 0.232733 0.956459 0.566328 1.000000
34 -2.503379 -0.110785 -1.370286 -0.628186 -0.397490 -0.157739 1.946173 2.162525 -0.493897 -0.346565 -0.975010 -0.537511 2.146160 -2.045696 -0.463921 1.393471 0.400706 1.349471 1.272609 1.789073 -0.522436 NA -0.626507 1.618197 -0.230426 -1.013765 -0.753414 2.196900 0.262671 0.539194 -1.102622 -1.330382 -1.510959 NA 0.342700 -0.920023 0.314055 1.641852 0.724902 1.238459 -1.244795 NA -0.285858 1.511680 1.738631 0.820688 -0.909713 -0.048694 -1.413811 1.332922 9.337558 1.000000
35 0.396089 -0.638977 NA 0.210185 -1.390285 -2.814047 1.506978 1.667036 -1.398121 1.240705 -0.519116 -0.234869 0.917515 1.330050 0.630318 -0.387310 1.271801 -1.838246 1.042001 1.064651 -0.274847 1.420532 -0.878753 NA -1.815620 -0.695685 NA 0.702414 NA NA 1.215929 0.328267 0.815937 -2.148030 -0.687588 -1.063298 0.592564 -1.052682 -0.368942 0.036181 2.129115 -0.966578 -0.601569 -0.772688 0.398897 0.709801 -1.369112 0.006154 -2.044060 -1.565977 4.154458 0.000000
36 2.826368 0.370640 -2.013240 1.753414 -1.900832 -0.485013 NA -1.360767 0.815684 -0.692521 -1.771138 0.837947 0.428550 1.145077 0.087024 -0.034539 0.950008 -0.152111 -0.075478 -0.298580 -1.006463 0.411182 -1.542822 0.985352 0.553172 0.184709 1.265199 -1.462560 1.225252 0.063964 -0.764359 -0.775444 -1.020370 1.044955 0.019460 -0.111760 0.228671 0.717358 NA 1.007030 -1.424480 -0.292833 0.627447 0.611448 -0.089572 -1.774630 0.873426 1.279842 0.993535 -1.339286 1.000098 1.000000
37 -0.007278 -1.396100 -2.564523 -0.201341 0.713353 0.608359 -0.771994 1.366913 1.170052 0.484462 0.174162 0.731228 -0.562947 -0.464344 1.201417 -1.408468 0.953463 -0.788766 -0.825087 0.399301 1.010076 1.650864 1.249993 -2.098140 -0.644109 2.941813 -0.568357 -0.133712 -0.862740 1.438032 -0.293108 0.139442 -0.788562 1.052137 -1.136669 2.409000 1.176702 -0.682569 NA 0.584580 -1.118508 -0.002011 0.629708 -0.764989 -1.072035 -0.931049 -1.460344 0.398973 -0.937723 -0.341016 7.337576 0.000000
38 1.014232 2.177755 1.314314 1.377673 0.980374 0.324562 -0.739955 -0.202072 0.797953 -1.229142 0.435574 -0.410458 0.130701 -0.785951 -1.058990 0.267258 0.507360 0.163639 0.438733 0.461414 0.453078 -1.570550 -0.678149 0.609147 NA 1.255418 0.121218 -0.518703 0.463719 0.535338 -0.396992 -0.090968 NA -0.123106 0.636355 1.412061 -1.125129 0.731977 0.751862 -1.127921 -0.508682 0.883455 0.530994 -0.303359 -0.816400 0.156754 0.995405 -0.172935 0.593381 NA 0.014900 1.000000
39 1.344886 0.362968 -0.714187 NA -0.877231 0.321891 0.951545 0.835774 2.447856 0.142349 -1.392663 0.402151 1.122316 -0.292384 -0.550614 -0.251689 -0.362890 -0.436349 -0.779372 -1.642951 -0.315256 1.867169 0.026505 0.508912 NA -2.118920 -0.409614 -0.305951 2.938136 0.312614 -0.393897 -0.422569 0.817618 NA 1.114706 0.975668 1.636942 0.295682 NA 1.797516 -0.669361 -0.824927 0.634511 -0.331574 1.535040 0.244527 -1.609827 0.712349 -1.362158 0.086538 1.656792 1.000000
40 0.805622 0.856604 0.551958 -1.031114 -0.417889 NA 0.543470 -0.472963 -1.881356 -0.740811 0.541655 -0.459177 -0.600463 -1.282719 0.659006 -1.617153 0.309707 -0.208406 -0.736915 1.602010 0.667137 -0.788091 -0.492817 -1.318195 0.630285 0.366747 -1.109082 0.161991 0.682335 -0.647764 0.286460 -0.063067 -1.399350 -1.688496 1.500677 0.402687 0.718271 1.467418 0.383362 0.380668 0.795252 0.521851 1.578141 0.698321 0.752304 0.057088 0.110338 0.442530 -0.567282 -2.259008 2.732148 1.000000
41 1.384335 -0.792891 1.251291 -0.548921 -0.372430 -0.562170 0.873055 0.505709 0.228766 0.330466 0.799983 -0.581876 -0.014457 0.208515 1.482903 2.460223 0.595540 -0.618161 0.192122 -1.081759 -1.438114 0.520045 NA 0.253059 -1.090149 NA -0.187799 0.335101 -0.067685 0.771887 -0.446444 1.332766 -1.762557 1.243478 -1.030139 -0.956652 0.401314 0.803322 -0.039784 0.360795 NA -1.293650 0.372675 -1.269732 NA -0.310002 -0.036530 0.072176 -0.311282 0.376043 7.452581 1.000000
42 0.141566 0.817255 0.578687 -1.224078 1.424269 -0.062727 -0.101805 0.118123 NA -0.615695 -0.824143 -0.368042 -0.385733 0.416658 -1.408898 1.092755 -1.183542 -1.395101 0.734478 0.982201 -0.433650 0.528871 -1.107428 -0.076816 -0.320880 0.135057 0.565525 -1.049520 -0.119850 -0.977098 0.197719 -0.092100 2.177750 3.198421 0.570158 -0.982367 0.521714 0.587055 -0.971259 NA -1.885818 -1.292600 -0.186960 1.379629 1.898384 0.997595 -1.171663 1.272112 0.918208 -0.251135 3.286396 1.000000
43 -0.831711 1.888658 0.566433 0.240047 0.814605 0.958405 -1.792317 -1.099135 -0.460305 -0.108982 0.116624 -0.249086 0.160928 -0.431262 NA 0.223657 -0.771921 0.491776 2.220142 0.251634 -1.055598 -0.010691 0.641139 1.648122 0.842378 0.038197 -0.800625 0.320495 0.286943 -0.882129 0.922469 0.534519 0.791613 -0.114975 -1.898311 -1.255160 0.924080 -0.194593 1.338769 -1.021237 -1.295905 1.051470 0.549058 1.342230 0.323989 0.018095 0.067356 -0.387218 0.592071 -1.859076 0.217576 1.000000
44 NA 1.380970 0.222485 -0.326639 NA 1.099777 -0.470676 1.112815 -0.355033 -1.375974 1.088867 0.653185 -0.350978 0.059869 1.288799 0.588878 -0.936771 NA 0.290264 0.459387 1.069893 -0.461158 -0.801801 -0.409278 -1.231805 0.215231 -0.440330 -0.411508 -1.182934 0.592887 -2.016481 0.405832 -1.281689 0.274930 -0.248298 0.699313 -2.203189 3.027899 -0.775685 0.233569 1.049172 1.044146 0.253885 -0.053045 NA 1.107295 0.181156 -0.951980 -0.474852 -0.939242 3.314134 1.000000
45 1.741153 -1.617889 1.435178 -0.793207 0.288951 NA 0.001218 0.215943 1.006654 -0.108488 -1.590657 -0.928512 0.505554 0.785332 2.218390 1.145014 0.158494 -0.423802 0.332072 -1.440709 -0.600374 -1.130772 NA -1.023253 -0.603931 -0.291826 1.141413 NA -0.225014 -1.465595 0.313671 0.239113 -0.009195 1.384200 2.722702 -0.492187 -0.385093 -1.138960 0.094816 0.140787 -1.246185 -0.284204 -0.463555 0.993097 -1.091133 1.093063 1.317404 1.727236 0.968466 -0.465375 2.320785 1.000000
46 -0.437617 0.428380 0.759953 0.374989 -0.987851 NA NA -0.762576 -0.123260 -0.752595 1.232866 -1.517613 0.025635 -0.130212 0.929541 -0.485851 -0.636308 -1.134445 -0.002667 0.010993 0.403577 0.119599 0.315027 0.110193 NA -1.677109 -1.395612 -0.449047 1.010848 0.600393 -0.822698 -0.981697 1.253704 0.731173 -0.135541 0.684872 1.053000 -1.095177 -1.405651 -0.013989 -0.362413 -0.401962 0.358537 -0.794058 -1.606533 0.883681 NA -0.578783 NA -0.349998 1.806330 0.000000
47 -0.970120 -1.119181 1.440028 -1.756608 0.039810 -3.447578 1.328187 1.315336 -0.787389 1.228360 -1.794596 -1.154629 NA -0.027836 0.954923 0.563643 -1.669108 0.107499 -0.375788 -0.229714 -0.300050 1.604797 0.431027 -0.051119 -1.692253 0.120884 1.009493 2.005158 0.796972 0.487731 -1.552450 -0.850268 -0.872373 0.334254 -0.651018 -1.324070 -0.496267 0.580472 -1.416140 -2.248374 2.071941 -1.625902 0.873735 NA 1.516425 1.424037 0.482599 0.493961 -0.000379 1.735838 3.018645 1.000000
48 -0.307301 0.117842 0.510430 1.803510 0.568784 0.511727 -0.145525 0.980510 -1.282594 0.413255 0.963329 1.203538 0.253681 NA -1.556578 0.385077 -0.313987 -0.373462 -1.585721 NA 0.452537 1.011243 1.352110 -0.428064 -0.588608 0.261249 -0.110299 0.211030 -0.415263 0.436506 0.188204 -2.014428 0.957651 -0.718129 -0.548767 NA -1.355573 -0.487154 -0.969166 0.601945 -0.915528 1.313237 -2.335876 -0.418421 0.175944 -1.667223 -1.334929 0.287256 1.736374 0.100194 1.892037 1.000000
49 -0.308285 -0.114292 -0.011293 0.659061 1.239759 0.471460 1.357104 0.198628 -0.850845 1.878066 -2.041644 -0.977191 1.539662 NA NA 0.795439 0.316451 -2.001932 1.057874 -0.482284 0.465202 1.047403 -0.357026 -1.446572 -0.055499 NA 0.504218 -0.331022 -1.769911 0.418001 NA 0.639615 2.019479 -1.180805 0.246711 0.079103 0.711237 -0.191749 -0.209339 0.609094 -1.478877 -0.595205 0.070946 -0.033828 -0.820188 -2.095061 -0.513798 NA -1.980974 0.093739 6.568952 0.000000
50 1.334996 -1.346662 0.965128 -0.196590 1.309442 0.725337 0.981320 -1.065421 -1.965444 -0.492181 0.253036 -0.285378 -0.431468 0.589127 -0.867897 -0.207756 0.459923 0.517047 -0.108721 -1.658298 -1.847679 -0.212163 -0.233955 -1.641824 NA -0.441374 1.405161 0.450857 -0.772912 -1.594496 NA 0.293722 0.144335 0.706580 -0.096992 -1.322876 -0.489954 -1.749114 1.045211 -1.625927 -1.075471 0.170817 -3.397896 0.621025 -2.031243 -1.187597 -0.566378 1.241392 -0.645534 -0.472832 0.162213 1.000000
51 -0.607168 -0.908299 0.913862 -0.940626 -0.049248 0.290978 0.158370 1.017773 -0.289034 1.250719 0.963872 -0.280460 0.656934 0.733248 -0.052481 -0.177390 0.429727 0.803724 0.005152 2.024349 0.526457 -0.807519 1.712940 1.003777 -0.505264 -0.507942 -0.228536 0.195185 1.657354 -0.671050 -0.580412 0.680049 -0.709385 -1.712844 NA 0.567636 -0.554826 NA 0.974791 1.881184 1.433081 0.566430 -1.237145 -1.866133 -0.321537 1.020462 0.519832 0.235820 -0.455035 NA 2.763735 0.000000
52 1.222122 0.358581 0.135726 -2.051551 0.178850 0.259303 0.576587 -0.851922 -0.406034 -0.009826 0.211184 -0.785265 -1.233227 -0.807204 2.304357 -0.289984 0.048680 1.870300 0.750255 0.723067 -1.950264 -0.845201 -0.974807 -0.519188 0.211410 -0.984269 1.754755 0.006772 0.954848 -1.546685 0.241991 0.190047 1.136450 -0.041228 0.685863 0.484430 -0.142350 0.803656 -0.623433 -0.040719 0.047386 -0.943509 0.225017 0.530297 0.082535 1.345465 -0.854560 0.300911 -0.036033 0.501014 0.926343 1.000000
53 0.974761 -0.421179 0.281630 -0.954371 -0.072782 -0.000926 NA 1.059883 0.289322 1.016437 0.692693 -0.127967 3.789465 NA -0.452258 NA 0.155861 0.428538 NA 1.043727 -0.556125 -2.653862 0.981495 -0.888890 NA -1.464567 0.092466 2.104030 NA -0.298130 -0.754987 -0.028468 -0.358020 0.792637 0.976826 -1.341359 0.027644 -2.091686 -0.199892 1.210901 0.425412 0.258602 -1.029178 2.015300 -0.691480 0.483390 1.495411 0.927142 -1.168634 -0.854445 2.224320 1.000000
54 0.166931 0.040541 0.860249 -0.778181 0.235228 0.368412 NA -1.538749 0.002715 0.125033 0.582331 0.134856 0.815668 0.442291 NA 1.591871 -1.074947 -0.153492 1.608432 0.463722 -1.372745 -1.031198 -0.486591 0.676360 -0.751060 -0.134141 -2.380377 -1.247169 0.591854 0.510804 -0.770471 0.136371 0.346255 0.212118 0.651978 NA -1.543430 -0.471370 -0.726163 1.152393 -0.090058 -1.424338 -0.645882 0.175690 -0.275709 -0.591247 1.004223 0.745446 -0.178783 -0.130255 0.937920 1.000000
55 -0.007960 0.498862 0.844276 1.067218 -0.592416 0.112428 -0.289519 -1.446420 -1.365530 0.841937 0.605696 0.553414 1.137231 0.573708 NA -1.832390 0.653519 1.366041 1.961645 0.243221 0.727011 1.185349 -1.568433 -1.148921 -0.183056 -1.577244 0.644388 1.790542 1.912027 -0.049119 -0.029769 0.749764 1.111535 1.491504 -1.331044 1.296030 0.422667 0.463716 1.089299 2.446503 0.562333 0.406954 -0.464197 0.768155 0.764418 -0.804725 1.105204 1.584706 NA -0.253791 0.106762 1.000000
56 -0.551111 0.079874 NA NA 1.228113 1.292522 -0.935881 1.391614 0.771406 0.055353 -0.729110 -0.703548 0.508076 -0.382296 0.152421 -0.310400 1.076852 -0.458097 1.152537 1.246879 0.305472 -0.632716 1.303426 -0.728547 1.159260 0.192636 -0.991310 0.531121 -0.272009 -0.652996 NA 0.207355 -0.122424 NA -0.913964 0.209878 0.755912 1.539047 0.953742 0.366523 -0.005233 0.132138 0.219791 1.155795 0.321761 0.976524 0.089048 0.655842 2.708402 -0.585056 10.310365 0.000000
57 1.021104 0.955004 0.465122 -0.119974 1.527343 0.015288 0.587056 NA -0.168484 0.346221 -0.744460 -0.502367 -0.224569 1.032073 -0.206486 1.047215 NA 0.574838 -0.470742 0.468721 0.775759 -0.326191 -0.668893 -0.154873 1.253027 0.860511 -1.890650 0.350583 -0.086875 -0.332025 0.704686 -2.212227 0.317174 0.392801 -0.561056 -0.031367 0.125405 0.044039 0.713717 -1.337557 0.846228 -0.133403 1.135241 -1.469001 -1.598005 -0.777743 0.862748 -1.160108 -0.832803 -1.578324 0.846950 1.000000
58 0.266721 -0.653627 -1.063795 -1.186670 -0.086642 -2.102576 0.253766 0.652423 1.096417 1.794721 1.474321 -0.110253 -1.620685 -1.282274 -0.092958 -0.963673 0.796689 NA -0.743152 0.580966 0.145627 -0.846053 1.660392 1.133964 NA NA -1.760562 -0.371938 NA -0.056622 1.680601 2.571003 -1.652047 0.226045 0.042329 0.592085 -1.628488 1.453073 0.553088 0.747647 1.225853 0.407416 -0.992119 -0.627823 -1.268143 2.049622 0.322645 0.268207 -0.350549 0.786784 11.176877 0.000000
59 1.092322 -0.280335 0.639078 -0.237813 0.136499 -0.096589 2.616448 1.344652 2.107230 -0.198112 -0.120969 0.390357 0.652344 0.164561 0.557399 0.980197 -0.498675 0.869892 -0.954963 -0.816949 -0.452990 -0.477947 0.226484 -1.492433 -0.143481 2.062076 -0.566740 -0.766517 -2.853362 0.520353 -0.119749 -0.509674 0.776025 -0.683600 -0.246033 NA -1.120916 1.145070 0.367783 NA 1.238060 -0.958115 -1.306885 NA 0.504415 0.242063 -1.689806 0.410742 0.498641 -1.255219 6.355087 0.000000
60 -1.840409 1.279817 -0.456541 -0.526865 1.299133 1.503047 -0.269992 0.840263 1.746709 -1.775803 0.923422 -1.077742 0.043410 2.070940 -0.487868 -1.366292 1.495128 1.365043 -0.316318 1.526820 -0.324848 0.027192 -1.016090 0.302968 -0.133118 -0.194400 2.676825 0.130561 NA 0.975936 -0.675847 0.535293 -1.645549 1.190685 0.894391 -0.123532 0.424592 -0.983799 -0.455277 -1.831193 -0.279629 0.686441 0.490183 -1.002184 -2.194592 -0.375306 0.036844 -1.297544 0.341268 -1.767622 1.861471 1.000000
61 0.890510 -0.613962 0.464256 -0.173766 -1.511218 -1.354240 0.369179 0.124958 -0.196424 -1.273483 NA -1.253058 -0.036051 NA -1.207829 0.305565 -1.172704 -0.162909 -0.815818 -0.683863 0.996887 -0.749750 -0.427538 0.472528 1.032747 -2.995453 -0.915113 0.989711 -1.083707 0.377549 -1.009578 -0.870406 -1.017094 1.326282 2.386085 0.391603 0.221491 0.051735 -0.529778 -0.126800 -0.649966 -0.710256 NA 2.518459 -0.063855 -0.950333 0.613672 -1.308164 0.664524 0.186362 3.088433 1.000000
62 -0.080622 0.503052 -2.265882 -0.702970 -0.451198 1.304655 0.320685 -0.201604 -0.286715 -1.612654 -0.917535 0.991264 -0.601822 0.143271 2.214905 0.595145 -2.586623 -1.355399 -0.015408 0.471511 1.589570 1.772693 -0.464392 -1.334556 0.739844 0.946898 0.425288 0.391384 0.335636 0.525283 1.043121 0.249072 -1.381822 0.758391 1.244978 0.585339 -0.909460 0.334202 0.452396 0.276365 -0.378619 -0.762223 0.724888 -0.681333 -0.827969 1.428630 -0.055320 -0.637175 0.328686 -0.081510 11.481733 0.000000
63 -0.787239 -0.969673 0.504491 -1.527189 1.086489 1.295649 -0.205941 -0.221067 -0.381496 0.007348 -1.254135 -0.254884 -1.220872 0.072149 -0.861529 0.064173 -0.434643 -0.407734 -0.165954 -0.195149 -0.431698 0.040596 -0.054838 -1.226939 2.420969 1.209655 0.082251 -1.291927 1.122225 1.597067 0.709188 -0.793513 -0.927389 -0.131186 -0.292441 -0.299324 0.032905 -0.141439 -0.483053 0.020981 0.803666 1.494486 -0.617434 -2.471900 0.442616 NA -2.196890 -0.203524 0.980623 NA 1.257041 0.000000
64 -1.557580 1.251987 NA 0.478141 NA -0.188410 1.181646 -0.430556 0.092432 1.063981 0.986306 -1.158589 -1.098230 -0.841806 -2.921961 -0.911345 0.903101 0.786681 0.079490 -0.811051 -0.310898 0.361196 -1.906470 -1.884083 0.631948 0.189064 0.568535 0.571045 1.232539 NA 0.530698 -0.294274 -0.285776 -2.505341 -0.058567 1.022824 -0.142724 1.439359 -0.875848 -1.609767 0.236638 0.052959 2.251924 0.753367 -0.421591 1.179621 NA -0.208918 0.763464 -0.016129 5.999302 0.000000
65 -0.693775 -0.105301 0.683548 1.644567 0.229751 1.132982 2.643421 -0.738011 0.593237 2.469424 0.324097 0.306367 -1.675000 -0.977218 -0.310946 NA 1.065859 1.777753 -0.387700 -0.923632 0.363598 -0.656727 0.779535 0.802260 -0.078548 -0.692461 0.340821 0.989682 -0.122939 -0.127827 -1.331337 0.309028 -0.422654 -1.248308 -0.033650 0.569576 -1.458108 0.543100 0.494009 1.211568 1.403433 0.838676 -0.207245 -0.880759 -0.472277 -0.298022 NA 0.706161 -0.060179 -0.317569 7.028861 0.000000
66 -1.191992 -0.719806 0.816385 0.074284 -1.088027 -0.623565 -0.939017 -0.333627 0.367654 1.551016 1.641519 -0.801594 0.169067 -0.721164 0.439172 -0.333466 -0.000399 -1.035943 0.337138 1.121877 NA 0.024289 -0.588210 -0.915214 0.629020 -0.206705 0.144992 -1.883741 -1.033252 0.412209 0.534935 0.354079 -0.001026 NA 0.234028 0.260135 -2.543648 1.538758 0.080241 1.529076 -0.720462 -0.347141 NA 0.887991 -0.208006 -1.516209 -1.144674 -0.680098 0.754410 -0.994654 1.923828 0.000000
67 1.229242 NA -0.671720 0.687458 -0.323593 0.360254 0.499894 0.312810 0.781671 -1.720332 -0.438257 -1.587701 -0.560066 0.856954 1.078741 -0.588662 -1.020425 -0.811823 0.209663 -1.603602 1.144413 -0.311450 -0.431929 0.289641 -1.009195 NA 0.027774 -0.679233 -1.323979 -1.714068 -1.337020 -0.212418 1.577738 0.680891 NA -1.639425 -0.976198 0.267465 0.856606 0.688742 -0.412358 0.691823 1.461073 -1.640217 -1.479131 -0.913880 -0.945256 -1.328944 -0.318162 0.966499 0.005326 1.000000
68 -1.049817 -0.787848 0.589746 -0.145677 -0.027260 0.549878 -1.348974 0.566692 -1.162692 0.550818 2.861790 0.882159 -0.646761 -1.324668 -0.999509 -1.308877 0.983116 -0.828751 -0.722810 -0.669552 0.180347 -0.481421 1.998826 0.276749 0.992830 -0.495293 1.616518 -0.470719 -0.141049 0.400597 -0.180121 0.359387 0.205594 0.791445 -0.136402 -1.165174 0.877392 0.481231 -1.687452 -0.614768 -0.210949 -1.450075 -1.783424 1.227284 0.371251 -1.905543 -0.692579 0.144524 0.737269 2.267957 5.182527 0.000000
69 0.610605 0.082974 NA -0.371246 -1.134121 0.068442 0.868248 -2.536844 1.268417 NA -0.102359 -0.574272 0.167753 0.490463 0.220874 -1.453327 -1.319735 -0.191923 0.881434 -1.058749 0.690140 -1.075800 0.620389 -0.939404 2.088285 -0.057151 0.013877 0.329469 NA -1.097659 0.491296 -0.799872 -0.895197 0.277936 1.367365 NA -0.636919 -0.954667 -1.197290 1.221093 NA 0.447516 NA -0.139878 -0.762985 0.570075 -1.006960 0.490482 -0.039296 NA 0.708599 1.000000
70 0.232233 -1.081950 0.214031 0.180640 0.847643 0.070220 -0.475963 0.213647 2.233440 -0.447684 -0.346226 1.206818 -0.961227 1.682803 NA -1.032748 0.036882 0.890913 0.549135 0.223470 -1.895918 0.740997 0.679248 NA 0.598446 -1.122224 1.544283 0.662174 -0.184526 -1.253030 NA 0.273066 0.341623 -1.649054 -0.092979 -1.059662 0.118876 0.074080 -1.041992 -0.117714 -1.321218 0.733147 -0.186099 NA 0.025040 0.577933 0.084243 0.762702 0.858097 -0.744825 1.933958 1.000000
71 -0.356902 0.913312 -0.342532 0.107668 NA -0.411972 0.579155 0.896792 0.028553 -0.385132 0.337507 1.823696 -1.132923 -0.988114 -1.606444 1.336883 -0.139549 0.023058 -2.555706 -0.694601 1.298310 1.815668 1.180271 1.637911 0.808531 -0.580863 -0.806823 -0.353588 NA -0.094629 2.170866 -0.705927 -1.884066 -0.625690 -0.997806 -0.277811 -2.033706 -0.123737 NA 1.959985 -0.494717 1.025068 0.211513 0.769091 0.519834 -0.548481 1.785265 1.096541 -1.053969 -0.335772 4.685977 1.000000
72 1.370107 0.566131 0.051506 1.657532 -1.029311 1.409693 1.357437 -0.191665 2.212517 0.453632 -0.696005 3.032377 -0.425794 -0.836949 -0.902188 0.160435 1.506257 -0.198259 0.872993 -1.540814 -0.946979 -0.214389 -0.540146 0.532819 -1.305310 0.662605 0.368820 -1.254655 0.293598 0.751222 -1.655247 1.109820 -2.298968 0.348864 -1.512600 -0.871258 0.571925 0.008285 -0.201654 -0.650703 1.465299 1.760958 1.895872 -0.539714 1.994429 1.359166 -0.787184 0.326012 -0.686452 -0.059199 3.333443 0.000000
73 -0.133145 0.880019 -0.070687 0.586853 -0.111658 0.097797 -1.905212 1.127062 0.341498 -1.733436 -0.904919 0.305066 0.066255 0.619254 0.788980 NA 0.382784 -1.090195 1.859023 -0.092927 0.179515 -1.430313 -0.501026 -0.141137 1.627205 0.416362 -0.459373 1.065434 -1.947597 -0.710306 1.409094 -0.243003 -1.031412 -0.078125 0.643587 -0.450215 0.898489 1.816908 0.521920 0.457713 0.749938 0.606485 0.714324 0.736214 -1.070852 1.933309 -0.223977 1.085535 0.257020 NA 1.234746 1.000000
74 0.279125 -0.094371 -1.030581 -1.282156 -0.187189 -0.189424 -0.072815 -0.324669 0.004350 -0.045168 -0.973885 -0.322444 -0.278534 -1.436290 -0.494716 0.101888 0.539789 1.114880 1.875351 0.079335 0.310433 0.927600 0.119585 0.264051 -2.735713 0.389800 -0.318910 -0.724952 0.177025 -0.812437 NA 0.226503 -0.858852 0.768568 0.217752 -0.543874 0.629360 0.649351 1.070156 0.746623 0.001799 -0.467835 -0.409967 -0.032344 0.968143 1.408178 -0.304776 -0.775714 -0.312669 1.208263 1.566955 1.000000
75 NA 2.582136 NA 0.509445 NA 0.617997 1.721893 -1.053237 -2.274786 -1.371555 -2.461034 -0.409618 1.791992 1.115567 -1.629117 -0.566958 1.586373 -0.813854 -0.353100 -1.207340 1.080482 -0.304321 0.081021 -1.340950 -2.455720 -0.079565 -0.001818 0.544124 -1.663944 -0.454972 -1.730659 -1.188892 1.075138 NA -0.570701 -0.396461 1.953709 0.948752 0.364001 -0.509257 -1.057694 0.784704 -0.361910 -0.261277 1.085374 -1.714748 0.841511 -0.638708 0.608845 -0.877659 0.158611 1.000000
76 0.012395 -2.317463 0.907909 -0.475840 -1.068300 -1.438579 -0.051843 NA 0.049830 0.642013 1.071899 NA -0.756382 -0.809612 0.877274 0.394969 NA -1.269050 0.566443 0.218520 -2.079280 -0.034045 1.575114 -1.210559 0.975765 0.761652 0.287976 1.219713 0.306577 1.079733 1.193436 -1.410866 -0.984487 0.600210 1.558547 -0.009432 0.343319 -1.077386 2.601298 -1.316108 0.950590 1.059722 0.122652 1.171239 0.176812 0.552460 0.193730 0.355522 1.809005 -0.507013 4.827592 1.000000
77 -1.192772 -1.386972 0.336832 0.125049 0.101852 0.702842 -1.662344 -0.651482 NA 1.391355 -0.806818 0.377931 0.719651 2.487046 1.295040 0.492330 -0.035710 0.149751 0.450271 NA 0.260908 0.237802 -1.426806 0.198966 -1.136794 -0.813565 0.329067 -1.462482 0.190830 NA -0.256510 -0.169360 0.571301 0.341522 0.464559 -2.116857 1.187578 0.360036 -0.377200 -0.181954 -0.103833 0.732082 NA 0.640869 1.629654 0.020378 0.571754 -0.988272 -0.111931 -0.271891 1.527884 1.000000
78 0.489771 1.791044 -0.428723 2.036424 0.736063 0.261309 -0.137862 1.583366 -0.852666 0.369019 -0.577718 0.895235 1.938171 0.802763 0.105892 2.129403 -1.339812 -1.586453 -0.779202 -0.990009 0.306890 1.178123 -0.366875 1.041671 0.071113 -1.191980 2.251882 -0.468308 -1.776024 -0.216238 -0.146653 NA -0.203248 -0.866353 -0.371063 -1.098817 -0.485044 0.771505 -0.437168 0.609241 NA -0.636337 NA -1.250496 -0.858692 -1.869116 1.819801 -0.766319 -0.228671 NA 1.710720 1.000000
79 1.297553 -0.432530 -0.092581 0.563509 0.381913 0.383916 -0.085930 -2.094020 -0.124848 1.965271 1.548381 -0.031139 2.035192 -1.799880 -1.919867 0.593991 -1.087311 -0.484320 0.073490 -1.016512 0.360390 -0.251853 0.874158 -0.802638 -0.438290 1.507761 -0.834065 1.374316 0.539858 0.062710 -0.828997 1.486379 0.992398 0.712163 0.829359 -0.986402 0.283998 -0.837383 -1.573830 -1.543056 1.655824 -2.014167 1.314470 -0.634101 -0.488216 NA -2.266839 0.536087 -0.318723 0.163918 3.153771 1.000000
80 0.813813 0.906385 0.328304 0.444755 -0.350829 0.483051 -0.089658 0.474873 -0.172447 NA 1.174285 0.367328 0.753334 0.448922 -1.904338 1.432512 -0.082911 NA -0.176150 1.300137 0.051861 0.092630 -2.770504 -1.294185 -0.064050 -0.879004 -0.715184 -0.744817 -1.156384 -0.014190 NA -1.895983 NA 1.284567 0.263757 2.246593 -0.343572 -0.415531 1.132807 NA 0.373711 -0.248901 -1.100034 1.204482 -0.623475 0.497311 0.957485 1.525878 2.222090 -0.325569 0.720569 1.000000
81 0.350639 0.267638 -0.496644 0.284837 -0.057662 0.734212 -1.201980 0.701577 -0.935773 -0.584212 -1.021331 0.036165 -0.213055 -1.393718 -2.157191 -1.284708 0.101702 0.185457 1.218170 0.890724 -0.988038 -0.276917 2.317215 -0.271888 0.226973 -0.506169 -0.122400 0.508945 NA 1.426841 1.163664 1.027210 -0.380361 0.325022 NA 0.836258 -0.465073 -0.778693 0.419516 NA 0.782842 1.918132 0.995227 0.147114 1.033424 0.223089 -1.642711 -0.742401 0.129893 -0.941726 1.948248 1.000000
82 0.759989 0.107186 1.315490 0.766114 -0.519147 -1.315872 -0.593509 -1.299896 -0.957774 NA 0.919350 0.896073 -1.124779 -0.912902 -0.339073 -1.897964 NA -1.672483 0.358218 -0.612752 1.060852 0.183704 -0.107270 1.748378 NA 1.393705 0.143018 -1.130872 -0.651262 -0.378929 -0.132010 -0.242144 0.324536 NA 1.008487 -0.051640 -0.249838 -0.885155 -0.170164 -0.016381 0.434880 0.621725 -0.313885 -0.850650 0.510735 -1.095451 -0.363043 -0.683872 -0.412622 -0.557542 0.675980 1.000000
83 0.499512 1.370310 -0.269900 -0.170264 0.984741 -0.413818 -0.300376 -0.250359 0.146249 -0.860052 1.070694 0.365821 -2.013239 -1.326137 -2.457061 -0.421653 -1.801417 0.625476 -0.358427 -1.905891 -0.384533 -1.566735 0.169927 -1.223634 1.235672 -0.228577 0.904783 -2.248204 0.122769 -1.725532 -1.154079 0.692497 -0.587122 0.850510 -1.438083 0.902603 -0.192222 -0.275895 0.414197 -0.700834 -1.249332 -0.991054 0.795923 0.497009 -0.176216 -0.619795 1.229750 1.088608 0.538401 0.009225 0.291011 1.000000
84 1.019072 0.357915 1.319732 -0.293263 -1.201703 0.341776 0.638279 -0.061183 -0.080377 0.446530 0.047268 -0.030806 -0.345242 -0.556353 0.317937 0.606170 -0.307732 0.474328 0.734849 0.509986 1.272003 -1.042475 0.440245 0.422130 -0.106096 0.525933 0.876584 -1.685414 -1.288377 -2.161383 1.440540 -0.890367 0.877993 1.438958 -1.090845 0.947207 NA 1.248892 -0.339853 -0.284657 0.104978 -1.326195 0.720449 -2.568089 0.423800 -0.257725 NA 0.643401 -1.330748 -0.286936 3.409511 1.000000
85 -0.058592 -1.579794 0.243892 -2.288896 -1.425661 -0.343562 0.013234 -1.142794 0.185497 1.796971 0.181533 1.337605 -0.253260 0.672690 0.602648 0.566721 1.070863 1.206600 -1.873728 1.611185 0.299002 0.174171 -1.297280 1.142952 0.296410 0.080667 -0.079011 NA 0.674224 -0.003009 -0.333537 -0.605398 0.801157 NA 0.367920 0.221175 0.025909 -1.058071 NA -0.664407 -1.507072 1.393806 NA 0.600428 0.534163 -0.685385 0.507812 0.150743 NA -0.356070 7.182411 0.000000
86 1.017396 NA 0.038546 0.015975 1.347030 0.508532 -0.109899 0.336028 -0.182274 1.632456 0.394404 1.462132 0.636783 1.674623 -0.419030 -0.151481 0.231734 -0.487550 -0.597412 0.087308 0.278237 -1.796898 -1.132664 0.429088 0.805084 -0.593454 0.020960 -1.797356 -0.764485 -0.512012 0.958823 -1.614786 -0.684122 -0.104348 -1.330288 NA -0.777938 0.327458 -0.902685 -0.240889 NA 0.896603 -0.693808 -0.407457 -1.457456 0.132924 -0.916393 0.498071 0.978565 1.422284 3.197251 0.000000
87 0.828931 -1.484574 0.601995 0.840035 -1.074935 -0.817730 0.226803 0.483913 -0.282548 -0.737995 -0.668151 NA -0.230031 1.893218 -1.705406 0.501938 -0.299257 0.462440 -0.758672 NA -0.941736 0.191859 -0.347980 -0.974449 -0.776336 -0.074848 NA -0.964107 2.141421 NA -0.554798 -1.640971 1.094103 0.489746 -0.227002 -1.285384 -0.122976 -0.734483 1.443177 -0.284740 0.838201 -0.773601 -1.085120 2.326941 -0.714371 0.613336 -0.477903 -0.193154 0.322790 0.795923 3.832579 1.000000
88 0.228877 -0.445404 -0.499579 0.034185 0.611142 -1.773839 -0.893651 -1.628033 0.166907 -0.597657 -0.229156 0.564545 -0.748602 -0.496280 -0.490732 2.153065 1.042709 1.638033 0.644717 1.115251 -1.936040 NA 0.867923 -0.003118 -1.249170 NA 0.235739 1.522091 0.757503 NA -0.622643 -0.167947 -0.066213 NA -0.652749 -0.426321 0.700887 -1.759951 0.081168 -0.317094 0.126019 -1.042461 0.919487 1.152669 1.004144 1.258451 NA 0.398468 0.895009 -0.420626 0.009452 1.000000
89 0.713523 2.851609 -0.433216 -0.481809 0.689182 0.166053 2.019583 0.688584 0.220350 -0.328609 0.094666 NA 1.530898 NA 1.584246 0.734075 0.837788 1.636469 0.123899 0.790423 0.409089 -0.310853 -0.041814 -1.001092 1.556320 1.347084 0.233259 -1.048731 -1.025683 -0.655788 NA -0.074400 0.610171 2.082765 -1.047174 -0.092216 0.127821 -0.695982 -1.429754 -2.571297 -0.889574 -0.151215 1.874718 0.660297 0.360025 -0.224343 -0.325591 0.584701 0.260347 0.083607 0.872282 1.000000
90 0.093755 -1.949857 -1.599521 -1.610627 1.588644 0.631030 0.707046 0.209358 -0.157047 1.675598 -0.379429 -0.856859 NA 0.447782 -1.506066 2.051114 -0.257394 1.189603 -0.774556 2.239561 -0.629816 -0.220902 1.350498 0.638834 -0.526178 0.935337 -0.098438 0.609760 0.300078 0.789980 -0.898943 2.337179 -0.544231 0.225538 0.394347 0.103466 0.576254 -0.812769 0.931135 0.195640 0.667450 0.851071 -1.289727 -0.234943 -0.714680 0.513940 1.742735 -0.661225 -0.687845 1.274319 10.565373 0.000000
91 -1.241900 -0.652242 0.742684 -0.819917 0.400319 0.448662 -0.122346 -0.090346 -2.331497 -0.835852 0.546587 0.651980 -0.310324 -1.478429 0.453832 -0.812753 NA -0.735219 1.210115 -0.444808 -0.572999 -0.577499 0.608405 -0.759356 0.134475 2.211409 -0.289705 0.928010 0.830970 -0.044527 -1.118303 0.852919 -0.802647 -1.281847 -0.215567 -0.240570 -0.186683 -1.002800 0.412616 -1.349846 0.634477 0.330130 0.866217 0.465095 -0.266931 1.069553 0.349174 0.869695 -0.088866 -0.652200 0.302288 1.000000
92 NA 1.107446 -0.574406 2.016528 -0.603584 -2.059419 -1.119861 -0.842923 0.695193 1.992656 0.179525 1.711717 -1.913496 -0.743597 0.602055 2.149643 2.437106 -2.273374 1.877318 -0.244059 -0.606141 0.346478 1.386236 -0.230291 -0.201513 0.490675 -0.418236 -1.136400 NA NA 1.708098 1.372862 0.341769 NA 0.473542 1.126521 -1.472228 0.157604 -1.174972 -0.122552 NA -0.187386 0.519513 -0.434406 -0.007325 -1.046959 0.945550 -1.295427 -0.241270 -0.310181 0.060130 1.000000
93 -1.197815 -0.120044 1.011758 0.152543 0.548068 -1.281775 -0.196031 -0.216402 1.225866 0.083867 -0.809231 -1.573143 2.180315 0.069870 0.144374 0.081048 0.254867 -1.075430 1.074113 0.082542 1.403772 1.386057 0.040969 0.138367 -0.568433 -0.206695 -1.720125 0.447893 0.005929 0.170306 NA -0.668628 0.291389 1.000817 0.928720 0.166860 1.117821 0.248266 0.407927 -0.704046 -1.869138 -1.085924 0.461239 1.525477 2.154496 1.021935 0.476816 0.653390 -0.708847 -0.635970 4.149404 1.000000
94 -0.470924 0.005134 0.392937 -0.658518 -0.283234 -1.291636 0.030800 -0.793408 -2.537992 -0.740801 0.574763 0.738731 0.527040 -0.173312 -1.487914 -0.675182 1.009502 0.044582 NA -0.095947 -0.392625 NA 0.703293 0.455768 1.552148 1.206383 -0.247387 0.341804 0.180318 0.044170 -1.269208 0.608904 -0.996393 -1.183412 -0.241583 0.497939 -0.248522 -1.361127 -0.099858 0.026889 -1.000980 -0.159999 -0.493180 -1.063499 -0.182425 1.166250 0.050529 2.162142 -0.576930 -0.506389 0.000055 1.000000
95 -0.178445 2.162431 -0.402832 0.275082 -0.489784 -0.385335 2.252006 0.007607 0.046570 1.171665 -1.447779 -0.366080 -1.056038 1.540222 0.498590 -1.064491 NA 1.330104 -0.754454 0.529500 1.014165 -0.674388 -0.176331 -1.060584 1.599440 -0.351972 1.431198 NA 0.153060 0.828351 0.325788 -0.723326 -1.634510 0.771852 0.752396 -0.625469 0.651737 -0.054905 -0.628624 0.448972 -0.059275 1.044091 -0.361195 2.022380 -1.434915 -0.735289 0.204551 0.868238 -1.083412 0.367615 10.252808 0.000000
96 -2.848137 -0.001071 -0.321153 -0.411820 -0.830530 -0.341628 1.259109 -0.614426 0.263559 1.690383 0.112855 -0.578278 -0.998148 -0.302131 0.666554 -0.178089 0.807322 1.022862 0.730672 -1.418662 NA -0.572884 1.078081 1.264465 -1.728713 -1.258714 0.777772 0.066282 1.069380 NA -0.586705 -1.725330 -1.907403 -0.653398 -1.364014 2.005869 1.551357 -0.565696 -1.521726 -0.296945 1.090360 -1.093824 0.451799 0.868329 -1.094417 -0.087023 -0.613289 1.287137 -1.118956 -0.953530 5.899842 0.000000
97 -1.230530 2.109129 -0.684669 -0.281632 -0.082139 1.522344 -0.173626 0.458972 -0.942087 NA -2.010769 0.632834 0.928534 1.471413 -0.540302 -1.965973 -0.077187 1.586430 0.842276 -0.321228 0.709646 0.319269 0.938001 -1.951411 -0.186573 1.238793 -0.276302 -0.552481 -0.185115 1.443095 0.406388 -1.560612 0.970550 0.076388 1.970970 0.980911 1.192807 0.693596 -0.083888 1.109487 -0.654777 -0.331400 0.421649 NA 0.950454 1.114003 0.551278 -1.784445 -0.774470 -2.049416 2.287355 1.000000
98 0.234910 0.020365 0.158787 -0.012636 -0.340886 -0.237356 0.165093 0.716435 0.918850 1.953531 -0.301900 -1.909651 -0.939942 -0.650517 1.435537 NA 0.036986 0.919229 -2.116112 -1.492981 0.059422 0.446945 -0.871686 -0.395582 0.831306 1.096533 0.981298 -0.275510 -1.720546 2.065942 0.303773 -1.205973 0.228821 0.454616 NA 0.883238 -1.360509 0.470251 -1.626219 -0.302287 0.245038 0.084140 -0.338211 -0.193866 0.818672 0.219213 -1.051204 -1.124793 -0.396598 NA 6.437308 0.000000
99 0.742976 NA -1.167944 0.459858 0.720080 -1.114306 -0.354504 0.585785 -0.385799 3.200441 1.057977 -0.247816 -0.254980 0.402042 1.034813 -0.159450 -0.736328 0.906050 -0.667627 0.159522 2.824198 1.570933 0.465035 -0.670720 NA -1.190551 0.956438 0.341213 -1.473147 -0.256437 2.056203 0.101254 -0.702665 1.186095 NA -0.222559 -1.760535 -0.953604 NA -0.562012 0.547124 -1.490058 -0.701491 -1.392348 -0.458311 0.925785 0.745146 1.334910 0.224356 2.137930 2.965640 1.000000
100 -0.114990 -1.721236 -1.246203 1.263161 -0.072762 0.773645 -2.030381 -0.278928 -0.459108 0.574652 -0.849772 0.795819 -0.078525 0.188580 -0.927225 -0.771076 0.459247 -0.726900 1.376256 -0.029218 -0.657802 0.365564 -0.329676 -1.749968 -0.157221 0.275004 -0.643858 0.674016 0.808390 -0.801193 0.641693 0.038483 -0.429187 -0.874089 -1.586488 0.896684 0.570302 2.217518 0.106515 -0.095618 -0.591017 0.082216 0.747684 1.755582 0.169848 -1.023086 -0.441731 -0.470394 1.120827 -2.176512 7.311138 1.000000
101 NA 0.209798 -1.060404 -1.302293 0.308239 1.452418 0.090951 1.818291 -0.261046 -0.501796 0.471342 -0.208814 0.662254 -0.113947 1.414202 0.318058 0.760530 0.173280 0.935341 0.509863 -1.608893 1.680984 0.117610 1.812125 -0.757402 0.989594 -0.119428 -0.659167 -0.618009 -1.294011 0.865295 0.613926 -0.919477 -1.107594 0.729708 0.631526 1.900702 -0.009702 0.603468 -1.501526 1.280817 NA 0.193509 -0.064253 -1.249912 -0.514542 0.931694 -1.175697 -0.508795 1.885476 10.045685 0.000000
102 -0.054819 -0.961403 0.230139 -1.551874 0.664216 -0.260575 -0.093465 1.780103 -2.083457 -0.685860 0.689137 -0.497404 1.032977 0.524263 -0.559162 0.613152 1.721222 -0.033883 -1.100271 -0.680568 0.711243 -1.513278 -0.496080 0.327612 0.042507 -0.172622 1.061620 0.406316 0.672609 -0.604582 0.301739 -1.333085 0.745554 -0.156657 1.294317 1.714875 2.654656 1.549801 0.666244 -0.572598 1.830605 0.805405 0.851388 -0.151090 0.643465 1.237120 0.581964 -0.081330 -1.338993 -0.559543 0.251046 1.000000
103 -0.058871 -0.791845 -0.732254 -0.671691 -1.502286 -1.683913 1.984275 0.909488 0.383958 NA 1.243043 -0.258433 0.308226 0.719364 -1.847354 1.447840 -0.711731 -1.746949 0.068005 NA -1.827177 -0.142170 -1.265500 -1.159086 1.620838 NA -0.662067 0.435058 0.341463 -1.063561 -0.328972 -1.337243 2.381655 -0.063911 -0.012450 -0.289168 -0.060639 -1.216559 -1.234717 NA -0.742686 1.192424 -1.258569 NA -0.652212 NA -1.410136 1.334569 0.211581 1.956600 1.588180 0.000000
104 0.219344 0.350103 1.111556 -1.451502 0.074288 2.641555 -0.129840 1.259979 0.725361 1.016628 -1.077028 0.052473 -0.978946 0.393641 NA 1.093075 -1.005996 -0.079861 -0.189487 -0.223485 -1.000946 -0.479921 -0.364512 1.981060 -2.705975 1.334587 -0.111277 -1.070831 1.369695 -0.963345 0.240617 0.552822 0.053405 -0.777907 2.479299 0.110157 -0.263852 -1.371609 0.114904 -1.017215 -0.191936 1.146155 -0.272495 NA 1.551157 -0.446639 -0.068088 -0.779710 -1.787409 -0.974247 4.327083 0.000000
105 -0.606804 -0.041287 0.057784 0.877745 NA 2.780604 0.589082 -0.292861 1.036375 -1.855578 -0.134937 1.141903 1.387940 0.359557 -0.925973 -0.472562 -1.095216 -1.155838 0.172027 -0.721935 1.129979 -1.958798 NA 0.405539 -0.511364 -1.993525 -0.078482 2.040486 0.122794 -1.115933 -0.705559 0.731213 NA -1.113865 -1.312925 -0.540451 2.371572 0.923227 -0.879900 -1.101477 -0.363966 0.241364 NA -0.937583 -0.947006 0.073333 -0.721350 0.422986 0.546434 -1.058121 0.123631 1.000000
106 -0.011279 0.356270 1.364392 -0.265655 -0.920974 0.051050 -0.563647 0.670683 -0.781720 -2.633046 -2.276732 0.188274 0.289883 NA -1.217036 -0.251404 -0.294766 0.649547 1.090010 0.549045 NA 0.349936 -0.001627 1.187356 0.240413 -0.285970 1.048314 -0.129903 0.506757 1.274316 0.967408 -0.392272 0.284037 0.263230 0.874932 -0.721013 1.216750 0.280449 -0.246294 -0.058786 -0.656015 2.085997 0.616484 0.968207 0.463983 NA -0.412127 -0.395639 2.159649 -0.470038 1.082844 1.000000
107 -0.849222 0.598781 -0.992970 0.221646 0.622970 -0.634751 -0.423554 0.827325 0.786529 -0.520953 0.600104 0.185033 -1.361354 -1.188200 2.105929 -1.651926 -0.041135 -0.722127 -0.218712 0.633660 0.454542 -1.078475 NA -0.873227 0.501546 0.683621 -1.066320 -0.024016 -0.578932 -2.080195 -0.071820 0.914132 0.236699 0.470716 NA 1.123220 -2.061706 -0.258818 0.268558 -0.699702 -0.219512 -2.260962 NA -2.268863 -1.265604 0.366666 -0.507812 0.694839 0.774825 NA 1.487722 1.000000
108 2.298912 0.515836 0.536949 0.790176 -0.368499 1.107173 -0.191128 -0.306021 -1.054339 -0.942780 -0.716313 NA 0.345042 0.133630 0.526725 -1.449188 -0.904801 2.132161 -0.956645 -1.008010 -0.277368 1.059804 -0.967266 0.058931 -0.881284 -0.329241 0.604344 1.524898 -0.853838 -0.338564 -0.524441 -0.518628 0.126010 1.085214 0.518663 -0.638210 NA -1.154803 -1.609086 -0.002306 -1.160471 0.024170 -0.286305 1.926041 0.203142 -0.561346 1.667662 -1.384806 -1.886116 0.875498 0.237118 1.000000
109 -1.342916 -0.102721 -0.810483 -0.816215 0.040119 -0.588409 -0.271606 1.517033 NA 0.217065 -1.045904 0.369573 -0.272493 1.414775 0.432875 -0.739686 -0.573023 0.132735 1.376366 0.619317 -0.081845 0.207242 -0.785751 1.160725 0.278711 1.368990 0.100775 0.741085 1.928611 -0.854348 1.041360 -0.577567 1.023418 1.681856 -1.285787 -1.803274 0.128260 -0.939735 -0.076254 0.311278 -0.257946 -0.999144 -0.541190 1.010373 0.490190 -1.871657 -1.044370 -0.799197 -0.201667 NA 8.218565 1.000000
110 0.388851 -0.515626 -0.566966 -0.383458 -0.343074 1.037713 1.474653 -0.144749 0.407990 1.042371 -1.444613 0.778498 -1.105773 0.718973 -0.676357 0.236940 -1.029333 NA 0.524348 -1.543984 -1.007674 1.018940 1.473652 -0.102389 0.352485 0.775341 -0.732352 1.455084 0.673780 -0.930366 0.404153 0.583207 0.305171 NA 3.663233 1.161719 NA -1.642577 0.463906 0.222319 2.809886 1.006634 -1.423109 -0.158665 0.539403 0.405965 0.483795 -0.666016 1.439061 -0.056930 1.826595 0.000000
111 -0.014162 -0.092871 1.184580 0.433981 0.671647 0.510520 0.214588 -0.731607 -0.276701 -0.548098 2.073741 -0.229382 -0.567268 -0.304732 NA 0.484499 -0.058049 0.372728 0.389171 0.991242 -0.133667 0.488455 0.100075 NA 0.407146 -1.246938 -1.410551 0.087433 NA 0.644979 1.415240 0.079624 0.223011 -0.570898 0.739363 -0.040645 -0.456303 0.543992 1.306910 -0.658555 0.521157 -0.431702 -0.130593 1.206054 -0.282750 -1.251233 -0.775173 -0.465972 -0.331730 -0.019318 2.047514 1.000000
112 -0.656101 0.005510 -0.330815 1.543264 -0.816123 -0.080163 0.089512 1.480354 1.111498 NA 0.911277 0.237580 -0.899817 0.098248 -1.245916 1.117719 0.522394 0.732298 0.197976 0.888027 0.689110 NA -0.139570 NA NA 0.127234 NA 0.527401 0.495170 -1.474352 -0.018205 0.202310 -1.032837 NA -1.874649 -1.025552 0.811933 -0.054282 -0.739002 0.567859 -0.670889 -0.529186 -1.637305 -0.858024 -0.797172 -0.460790 -1.083141 -0.079934 -0.284878 0.583530 10.956447 0.000000
113 1.006527 -0.646892 0.882630 0.851334 0.555818 NA 0.310409 2.272718 -0.593716 0.233788 -0.273869 0.775522 -1.198096 -0.694416 0.048993 -0.255791 2.265494 -0.909129 0.466000 1.506330 1.276605 0.918439 -0.079648 0.562770 -1.581687 -0.190459 -0.133405 -0.814014 0.024625 NA 1.340898 0.061661 -0.467317 0.274249 -0.333517 NA 0.002145 0.478009 0.341150 0.730958 0.533123 -0.778132 -0.874271 0.049129 -0.095931 0.172695 -0.661485 1.200898 0.707143 -0.671408 2.853168 1.000000
114 -0.452912 -0.347751 0.478243 NA 0.280249 0.599370 -0.721417 -0.446231 0.112653 -0.079325 -1.283417 -0.110258 -0.026387 1.239990 0.372789 1.065315 1.344254 1.438977 1.649693 -0.773753 -1.547509 1.303274 0.462158 -0.441962 -1.064404 -1.014354 0.933244 -0.018313 -0.294411 1.361746 -0.618874 -0.482135 -0.030105 0.406722 0.672888 -1.203574 -0.218850 0.428166 0.912982 1.667758 -1.060777 -0.341490 2.753639 1.204328 -0.111495 1.277468 -1.364390 -0.240078 -0.137776 -0.820468 5.214718 1.000000
115 1.444619 0.365344 0.132833 -1.322432 -0.682340 -0.642038 1.574125 -0.424465 1.642845 0.979217 -1.203261 -0.259094 -1.084122 1.348003 0.352575 1.163782 -0.651453 0.475479 -0.027582 0.275067 -1.344920 -0.741995 -0.185923 -0.265731 1.245705 -0.160013 0.280004 0.608705 -0.784958 -0.376670 -1.185803 1.285140 0.989698 0.782920 -0.253915 -1.685994 -0.711206 -2.602424 0.424499 1.598222 0.392799 -1.153105 1.180923 -0.052516 0.303735 -0.009709 1.165911 -0.554976 NA 0.777018 11.148460 0.000000
116 NA -0.243857 -0.263918 -0.118346 0.814450 -1.490070 0.031630 -0.385089 0.427813 -1.152426 -0.265624 -1.042600 -0.106031 1.722906 -0.286819 0.347318 -1.136565 -0.192199 -0.714240 1.008689 0.172251 0.230619 -0.208725 NA -0.178945 -0.486805 1.003453 NA -0.281867 -0.310814 -0.841057 -0.591965 0.052203 0.993033 -0.497555 0.779973 0.043041 1.728095 -0.922514 2.932420 NA 0.889354 -0.665980 0.418228 2.004002 -1.987885 1.295771 2.851205 -0.406604 -0.857053 0.517696 1.000000
117 -0.378912 -0.705299 -0.963867 0.468864 0.299567 0.856119 -0.829247 -2.525549 -0.006794 0.050131 1.884333 0.776858 -0.558465 -1.894031 -0.178362 -0.871177 -0.242339 1.612323 0.345763 -1.043020 NA -1.698307 NA 0.090327 -0.036524 -0.227467 0.310690 2.040672 -1.130837 -1.113757 -0.862311 -0.394839 -0.078060 1.508989 -1.476184 -1.016986 NA -1.840458 NA -0.336719 -0.462996 -1.377317 -1.352840 -0.491885 NA -1.426580 0.822797 0.047037 -0.280378 NA 7.452847 0.000000
118 1.263100 0.423560 -1.748087 0.871481 NA 0.856756 1.317311 -0.846095 -0.396568 -0.602189 -0.285522 0.330375 -0.227158 -1.295609 -1.145086 -0.595353 -0.029388 0.930542 1.437837 1.760715 2.188472 -0.473909 0.580082 -0.165688 -1.620394 -3.225284 -1.124163 -0.089253 -0.531408 -0.183357 0.408952 -0.037524 -2.112247 -0.441318 2.062566 0.500419 -1.219859 -0.366423 1.055058 2.826087 0.333938 -0.009940 1.722732 1.093633 -0.695555 0.076493 -0.015380 -0.164506 0.137336 0.552131 1.147386 1.000000
119 0.333124 1.340787 0.029460 -1.437050 1.026802 -1.437535 NA 0.955592 -2.091302 1.995340 0.719778 0.726257 2.348550 -0.638109 -0.493659 -1.780419 0.357561 1.155259 -0.506108 0.017290 0.083294 -0.276737 0.248891 1.202099 0.810421 -0.797608 0.811118 0.033836 -0.439080 -0.664157 -1.443226 -1.038431 -0.422174 -0.751361 0.531763 0.204383 0.525954 -0.133577 1.444910 -0.304298 -1.189280 0.438090 0.328834 0.827256 -0.640246 0.384896 -0.946238 0.279027 0.353369 1.037059 0.899711 1.000000
120 -0.700803 1.733487 -0.308574 0.278627 -0.285220 0.012719 -1.282168 1.759889 -1.177246 -1.765846 -1.390816 -0.415743 1.215243 0.782210 0.333044 0.583989 -1.502400 -1.197970 0.206011 -1.282462 0.638866 1.915986 1.423238 1.236321 -0.184614 -1.079165 1.043892 -0.489026 0.236627 -0.143433 0.888403 0.199633 -0.501415 1.033048 -0.252580 0.637045 -1.113190 NA 0.319460 0.009793 -1.575822 0.418361 0.654534 -0.300675 -0.909745 1.388558 0.098613 1.075745 -0.400410 -0.823031 0.044951 1.000000
121 -2.438076 -0.664176 0.115773 -1.078097 0.442741 -0.438759 0.651944 0.502829 -0.074364 0.559273 1.457278 -0.063171 0.654774 -0.507238 -0.318014 -0.399560 -1.871998 -0.818853 0.961344 -0.012473 -0.341746 1.197531 -0.119808 -1.017173 -0.497738 0.064795 -0.968157 0.641776 0.595286 0.626187 -1.686172 0.199470 0.427457 1.260144 0.297302 0.725536 NA -0.907633 -1.510919 NA 2.039788 2.516367 0.029579 0.428283 0.223824 -0.851045 -0.209847 -0.802799 0.139246 -1.081481 1.958518 1.000000
122 -0.531175 1.171497 0.489623 NA -2.482216 -0.724168 -1.146180 NA 1.772969 -1.490363 1.637491 -1.909670 -1.205042 0.117040 1.515804 -0.738408 0.355819 -0.286012 0.165862 2.216747 -0.385099 0.539377 -1.074913 -0.619639 -0.360221 0.592368 0.451823 1.067082 -1.643997 -1.532698 -0.072107 -0.518724 -0.379411 -1.427467 0.386567 -0.709148 -1.421067 1.436238 0.681483 -0.323151 0.653404 -0.765629 NA 0.324815 -0.594649 0.236898 NA NA -1.890452 0.490533 0.463897 1.000000
123 -0.316928 -0.541367 0.255690 0.722146 0.597353 0.192244 0.604343 2.486414 0.747616 0.552820 -1.067262 -0.230077 1.078183 -0.159933 -0.498255 0.408730 0.270103 -0.289558 2.113302 0.490756 0.186389 -0.323370 -0.529759 -0.364309 0.636034 -0.865866 -1.193002 0.482832 -0.322439 -0.653135 -0.129679 -1.281430 -0.411607 1.301464 -0.445717 0.553486 0.741169 0.036810 -0.078131 2.103752 0.549330 -2.548180 0.826573 0.871405 -0.463760 -0.821666 -0.069292 0.381031 -0.912470 -2.604881 3.807953 0.000000
124 -0.597632 -0.023916 NA -0.104232 0.405307 0.664620 0.793345 0.293534 0.188090 1.075184 -0.638698 -0.010126 -1.293575 -1.209123 -0.226259 1.048238 -0.210881 -0.876948 1.255381 0.402961 -0.000967 -0.004127 -0.353980 -1.109071 0.110715 1.121060 -0.688076 1.171245 -0.290693 1.437182 1.634543 0.514486 1.042659 -0.205900 1.071067 0.099723 0.116383 -0.903362 0.184486 -0.183858 2.798276 -1.080382 -0.668437 -0.040222 0.399673 NA 0.944861 -0.334326 0.293704 NA 8.748614 0.000000
125 -0.312136 0.142228 -0.150314 -0.062037 -0.912959 0.256412 NA 0.303114 0.228089 -2.068742 0.476905 -0.077904 -0.196465 -0.002122 -0.520913 0.065423 0.637743 -0.691175 1.191900 1.245299 1.962805 0.904125 NA -1.608574 0.002066 -0.547348 -0.034418 -0.022121 -1.000576 NA -0.155830 1.161256 -0.113645 1.375744 0.512200 -0.231411 0.191629 -1.833055 -0.197274 -0.288355 -0.865641 -0.869268 1.034136 0.680617 -0.242174 -0.214936 0.551386 0.405164 -0.002174 -0.649921 1.224777 1.000000
126 1.187281 0.388795 0.755306 -0.043819 -0.585378 1.580204 -0.655757 1.047713 -0.018087 -1.260920 1.162585 0.402791 -0.584534 -0.096413 0.725941 -0.918198 -0.032308 -2.000694 1.124934 2.618188 -1.074156 1.282605 NA -0.465233 -0.601797 NA -0.374306 0.536168 -0.145242 NA -0.341257 -1.041315 -0.650309 0.946297 -0.652732 -0.166802 -1.960648 0.028470 0.350729 0.500228 -0.401626 -1.575007 0.775688 -0.414844 1.732094 -0.254118 -0.696089 -0.263742 -1.592268 -1.400874 3.419351 1.000000
127 -0.155672 0.000306 -0.557679 0.525562 -1.371207 1.148339 1.524367 0.267736 -0.420557 2.325283 -0.384946 0.255290 0.565356 -0.157898 -1.031597 0.351949 0.512027 NA -0.578222 NA -1.089402 1.905606 -0.871641 0.201151 -1.043234 -1.423121 -0.279567 -0.159691 2.093442 0.331792 0.461692 0.758386 -2.066919 -0.986746 0.176775 0.861724 -0.704727 -0.275622 -0.491247 0.234324 0.523666 -1.422609 1.111942 -0.772583 NA 0.754358 -1.096924 0.579284 0.419107 NA 4.448344 0.000000
128 1.081355 -0.939620 0.266279 0.380004 1.446191 0.108195 0.201970 1.942809 1.115822 -0.855366 -1.727707 NA -0.351493 -1.411499 -0.220672 NA -0.020428 0.438919 0.109589 -1.631412 -0.220331 0.708465 NA -0.081120 1.595932 NA 1.113649 0.566690 -1.220579 NA -0.452311 0.507775 0.331531 -0.672752 0.664018 0.780394 -0.202941 1.176447 -1.021970 0.054910 -0.386785 1.052736 -0.332209 -0.960145 -0.832547 0.374095 1.542548 0.367500 0.162345 NA 8.530196 1.000000
129 -0.418106 2.031023 0.327431 -0.553575 2.871527 -0.182505 0.670968 NA 0.390047 -0.125081 0.579061 0.000766 -0.068035 -0.163534 -1.111529 -0.764400 0.172856 0.654719 -0.249890 -0.534639 0.678039 0.834940 -1.127157 1.613392 0.520275 0.328030 1.317562 -0.659175 -2.025841 -1.432187 1.777745 0.922704 2.314055 NA -0.021096 3.041003 0.656658 1.404322 0.435138 0.350478 -1.067931 0.596525 NA -0.487733 0.417095 -0.276111 -1.058467 0.138587 0.438947 0.648060 0.506508 1.000000
130 -0.475514 NA 0.132838 -0.525760 0.300685 -0.801731 0.442561 -0.260271 0.821327 -1.399245 2.614015 0.726957 -0.386979 -0.582702 1.553506 1.198407 0.149920 -0.085689 -0.000348 -0.240070 -2.171599 0.654594 -1.839288 -0.815085 -0.222313 -1.399437 0.375946 -0.647975 -0.373940 -0.186974 -0.811894 0.738229 -0.683851 -1.163595 -0.062942 -1.224236 -1.362742 -0.778310 -0.708414 0.949138 1.222232 0.849419 0.325232 0.159621 NA -0.429966 -0.100821 1.374268 0.655995 1.130658 1.346310 1.000000
131 -0.504184 -0.568350 0.406125 0.610965 -0.229231 0.886550 -1.065250 -0.255003 0.629991 -0.155108 -1.115417 0.901132 -1.089307 -1.330333 0.944083 0.264473 -0.247138 1.112803 -0.521480 1.034888 -0.402889 -0.396116 -0.398793 NA -1.065154 -1.977841 -0.074823 -0.257767 -0.414922 0.999054 -0.221689 -0.644994 0.173531 -1.698162 -0.637029 0.323679 0.291598 0.651896 -0.280645 1.045102 -0.212219 1.008879 0.664309 1.115165 -0.081946 -1.501467 -0.609750 1.187469 -0.900239 -1.185379 5.390389 1.000000
132 -1.139562 -0.290519 1.457636 0.720755 -0.899053 1.242818 0.316028 1.162943 1.328893 0.658976 1.926622 0.484216 -1.130363 -0.149937 -0.836136 0.292674 -0.515873 0.191713 0.010952 0.392714 -0.798916 0.639034 1.341448 -1.594973 1.544201 0.982041 1.291617 -1.101007 -0.307915 -0.641564 -1.288462 -1.122868 -0.970236 0.747298 2.072149 0.691797 -0.837791 0.041382 NA 1.466396 -0.424166 -0.648597 0.456506 0.726539 -0.337355 -0.769332 0.719057 -1.415548 -0.187078 0.210866 8.256456 0.000000
133 0.248697 0.010690 -1.149228 0.745309 -0.664601 -0.453918 -1.623771 -2.410734 -0.614570 -1.571597 -1.108029 -0.952114 0.204651 1.114704 1.148985 NA 0.866305 0.008823 -0.517841 -0.179077 -1.023010 -0.528613 -1.076510 1.944703 1.395578 -0.834017 -0.131475 0.123395 -1.516044 -0.779152 0.228978 0.932875 0.182808 -0.708083 -0.655613 -1.280121 0.715320 NA 1.086568 -1.244747 0.295568 -1.262325 0.559112 -0.638060 0.018187 -3.573265 0.905683 -2.339489 2.307046 0.210906 0.247305 1.000000
134 -0.669863 -1.886403 -0.923976 -0.351076 -0.574055 0.838701 0.090145 0.190840 0.813250 -1.155570 1.102839 0.540916 1.013845 -0.606719 0.765558 -1.125954 2.219929 0.562103 0.951443 -1.320125 -0.040326 0.137527 1.171353 0.680379 0.503876 -1.022546 1.882934 2.261995 1.701528 -0.388264 0.117084 -0.801961 -0.773490 -0.558712 0.829800 -0.569104 -0.968626 -1.032353 -0.307791 -0.066622 1.680801 -0.918986 0.947483 0.938635 0.272817 -0.668682 -0.451080 -0.122251 -0.125573 -1.354418 7.472294 0.000000
135 -0.530815 -0.372848 0.664300 -2.660368 0.289139 2.338295 1.171612 -0.124759 -1.744476 0.964757 1.275373 -0.725649 -0.027302 -0.544727 0.029884 -0.712695 2.330357 NA 0.767685 -1.521983 -1.447724 1.034356 -0.093027 -1.887032 0.901789 -1.381978 -1.002467 0.505382 NA 0.686528 0.099662 -0.006895 1.120499 0.296285 0.969529 0.009719 -1.733559 0.337421 1.838072 -0.470071 1.614763 -1.485244 0.489087 3.428606 1.164069 0.214933 0.283805 0.294631 NA 1.175394 3.221905 0.000000
136 -0.302354 -1.262898 1.549159 0.449595 -0.613436 -0.522859 0.199395 0.945970 -0.501891 1.399454 -0.427182 1.408631 -0.733807 0.106908 1.335220 -0.734603 0.999407 0.861643 -0.495985 -3.184672 -0.235413 -1.212524 NA -0.117708 0.844042 0.692686 -2.166470 2.487192 2.078377 1.049359 -0.292421 -0.619856 -0.838060 -0.634199 -0.422468 0.374392 0.073647 0.642498 -0.169688 -0.835552 0.080284 0.451304 0.804354 -0.350346 0.349443 -0.625590 1.345999 0.708805 -0.978937 -0.118250 2.808500 0.000000
137 NA -0.571506 -1.313273 1.968379 0.230110 NA 0.397621 -1.235405 1.241217 -0.530667 -0.179045 -1.826217 -2.172701 1.529552 1.026789 0.331308 -0.541860 1.105708 NA -0.423373 NA 0.681023 2.291359 -0.685239 0.398397 -0.015487 -1.226924 1.413434 0.667007 -1.122018 0.094049 1.173742 -0.504095 0.960126 -0.065175 -0.773653 1.284409 0.010925 0.837827 0.600362 NA 0.036839 -0.893410 0.461807 -0.727552 0.171553 -1.258332 -0.353322 NA -1.779262 4.950580 1.000000
138 -0.342508 0.127408 0.552968 -1.404946 -0.747876 0.289673 -1.051046 -1.450643 -2.217613 0.602241 0.700439 -0.890315 0.081733 -0.842026 -0.354034 -0.050139 NA 0.875133 -0.228793 0.873459 -0.555076 -1.015940 1.223610 0.776546 0.668638 -0.660733 2.435131 0.049117 -0.975593 -1.131821 1.063552 -0.148859 0.808398 -1.059943 -0.451778 0.530896 -2.311578 0.599498 0.999654 -0.555182 1.766883 0.822002 0.806104 0.858312 1.950644 -0.336054 0.857379 -0.108747 -0.644452 -0.531011 0.268255 1.000000
139 1.406405 2.773119 -0.375348 -0.548576 1.113380 -0.323084 0.827712 -1.080349 0.045577 0.978672 -0.241942 -1.341183 -0.752747 -0.311228 2.224347 1.036670 -1.166203 3.345942 -0.583477 NA 0.874175 1.402054 -0.693916 NA 0.161600 NA -0.843834 NA 1.187923 0.418265 0.867963 -0.565091 NA -1.072465 0.636853 0.780103 0.230433 1.223976 0.531849 -0.143494 1.221425 1.851540 1.191097 0.065354 -1.697419 1.294090 NA -0.124241 1.423341 0.268011 0.857020 1.000000
140 -2.213547 0.394533 -0.840117 0.146270 -0.569004 -0.531648 2.440330 0.760346 1.328382 0.991408 -0.927780 0.709267 1.573988 0.812963 -0.413819 -1.413705 0.612888 -0.094355 0.816681 -1.264685 -1.653142 2.012947 0.467520 0.255105 -0.886956 -0.775750 0.322158 0.317429 -0.356074 -1.170856 -0.957305 2.613621 -0.619897 0.808636 -0.428525 0.860434 2.466058 -0.889016 0.217602 -0.659160 0.058313 -1.252366 0.560051 -1.523797 0.600521 -0.761637 0.812455 0.156266 0.431139 -0.973363 8.330244 0.000000
141 -0.017195 -1.046385 -0.391219 0.938307 -0.543861 1.228796 -0.665822 0.320748 1.478733 -0.179641 0.476437 -1.050393 -0.126664 1.431702 1.330833 -0.680893 -0.887634 -0.341456 0.358130 -0.288931 0.215619 2.384594 -0.457004 -1.125993 -0.512410 1.109572 NA -1.582381 -1.321140 -0.947744 0.350232 0.543763 NA 0.060440 -2.018598 1.129290 1.310149 0.241687 -0.965391 -1.790883 -0.269299 0.615318 -1.011670 -1.874429 NA -0.060138 -0.292265 -0.946194 -0.134487 0.575159 10.789953 0.000000
142 1.279872 -0.241015 0.485070 2.378196 0.435313 -0.246764 0.477729 -0.032526 -1.717775 1.713989 1.100287 -0.834039 3.057341 1.142036 1.391563 -0.211264 NA 1.054453 -0.526517 -1.318272 -0.887216 -0.648623 0.371474 0.614979 -0.969285 -0.076429 1.655680 0.533210 0.485423 -1.346373 0.333983 0.164594 1.018217 -0.362868 -0.176914 -0.233416 -0.412999 1.146967 -1.466809 -0.278595 -0.961087 0.593416 -0.910032 -1.140333 2.520772 -0.842742 0.924915 2.281920 -1.461380 -1.422842 0.902745 1.000000
143 1.751131 -0.206990 0.830722 -0.155323 1.183549 1.783677 -0.546776 -0.767480 0.120680 -0.530054 0.372406 1.622473 -0.717697 -1.663088 -3.080105 1.614953 -0.800210 -1.451756 -0.166062 -0.356505 -0.016945 0.532710 -0.809881 0.288241 -0.482711 -1.727097 0.848181 -0.195474 -0.137484 -1.680329 -0.869521 -0.571655 NA -1.537325 0.136797 0.687018 -1.573741 0.233567 0.270436 2.585315 -0.168800 -0.052012 -0.869745 -1.408289 0.205320 -0.686995 -0.013848 -1.695719 -0.928728 -0.032922 0.378617 1.000000
144 0.051474 -1.758519 1.680872 0.539521 -0.340054 -1.547525 1.167000 0.819224 -0.081173 -0.432980 -0.111603 -0.422525 -1.652273 -1.452308 -0.487417 -1.662937 NA 0.968749 1.847926 0.483189 1.406539 -0.238776 0.152635 -0.623248 0.033640 0.741373 0.644850 0.973064 0.148418 0.889028 -0.736483 1.233097 -0.199116 -1.116265 0.665745 0.598692 -0.206907 0.925131 -0.122927 0.002906 -1.129640 0.764598 -0.752190 -0.348754 -0.102683 -0.015721 0.966448 1.087744 -0.648673 -0.445248 5.107505 0.000000
145 NA 0.746468 0.021982 1.360318 -0.604047 -0.238952 -2.109526 1.228967 1.841744 -0.702835 -0.189872 0.585655 0.024424 NA 0.498086 0.345476 NA 0.457833 -0.285865 -0.019011 1.271004 0.070581 -0.102313 NA 2.328148 -0.526238 -0.540840 2.307940 1.246816 -1.636893 -1.087264 NA 0.325674 0.504453 -1.793385 0.756298 0.242544 -1.940837 0.702139 0.017715 0.733729 0.872615 0.219255 0.647510 0.382219 -0.002555 0.106524 -1.714824 0.496993 0.703036 2.353243 1.000000
146 0.876010 -0.311206 NA 1.616324 0.382651 NA -0.452506 0.264642 -1.664758 -1.109744 0.701270 0.567183 -0.630867 0.057837 NA 2.014978 -1.796965 1.009650 -0.464861 -0.408238 1.500370 0.193241 0.220692 1.706819 -0.862720 -0.633210 0.558415 1.828546 0.664818 -0.203001 NA NA 1.075381 -1.991270 0.719882 -0.970783 -0.389899 -0.727545 1.327563 0.568765 2.504171 -0.234237 -0.685817 -1.628316 NA -0.631192 0.281507 1.020151 -0.163035 0.173866 0.024006 1.000000
147 1.952261 0.181015 0.473136 -0.795264 0.121105 -0.142095 -0.242506 -0.820072 2.141385 -0.621779 -0.180677 0.119372 NA 0.813706 -0.208860 -0.452159 -0.289399 0.319759 2.227714 0.569207 0.519462 -0.636270 0.302916 -1.634098 0.474774 -0.012809 -0.767295 -0.144628 -0.314253 -2.247276 0.019504 0.896777 NA -0.976034 -0.374044 -0.994488 -0.525048 NA 0.388402 -0.077957 -2.478254 -0.201216 1.296149 0.059601 -0.932002 1.571146 -0.370695 -0.127742 NA -0.322290 1.978047 1.000000
148 0.996316 1.771535 1.221552 -1.269518 -1.637113 -0.376944 0.348004 0.837679 NA 0.452554 1.622774 0.155743 1.213218 -0.215872 -1.049832 0.466476 -0.899862 1.652990 NA NA -0.201401 -0.205011 -1.016638 -0.198505 0.645789 0.123780 0.830962 0.819099 -1.191533 0.366351 0.548624 0.139121 0.716556 -0.193949 1.819109 -1.934238 -0.462524 -0.215038 -1.371224 0.891387 -1.833412 3.028265 -0.187182 -0.119419 -0.442405 -0.570878 1.060839 -0.320801 0.315218 -0.008547 1.603810 1.000000
149 1.566457 1.602688 -0.797574 0.771640 -0.813844 -0.007374 0.617262 0.239579 -0.213771 -0.805998 -1.825151 -0.521490 -0.586429 1.491232 0.729568 0.593865 -1.251076 -0.603608 0.321243 0.172028 -0.326211 -0.301876 0.136699 0.310387 -0.153854 0.238092 NA -1.068821 -0.219751 0.025944 0.423679 1.042780 0.538170 -0.831756 0.549903 -0.576204 0.938015 -1.613300 -1.769298 -1.154301 1.812880 -0.693204 -0.096708 -0.274540 -1.989880 -0.092036 0.880974 -0.447173 0.781891 -1.660369 3.319796 1.000000
150 0.117443 -0.430485 0.172731 -1.146236 -1.838475 -0.235205 0.618414 0.386455 NA 0.757635 -0.854773 0.526425 1.107887 -0.058562 1.438848 1.802867 0.495813 NA -0.370254 NA 0.534123 -0.385732 1.075311 0.929006 0.444014 NA 0.175674 NA -1.182194 0.270698 -0.639489 -1.366601 0.818029 1.663535 0.042949 0.962373 0.576183 1.835043 0.325751 2.090894 NA 0.820909 0.196635 0.356597 -1.188674 0.959631 -0.418333 -0.224000 -1.380928 0.158057 3.512747 0.000000
151 0.161253 3.264010 -1.368901 0.358010 -1.185224 -0.020732 1.747367 0.423181 -0.622213 1.806131 -0.860385 0.469903 -0.138255 1.589333 0.243888 0.812560 -1.313094 -0.086045 -0.035218 1.720817 0.723742 -0.491003 0.433844 -0.475379 NA -1.931406 -0.274777 -1.341610 1.153784 -0.315497 0.255554 -0.623908 -2.371280 -1.311371 0.040428 -0.946352 0.521820 1.250169 0.682103 0.808579 -0.984323 -1.558215 0.868262 0.221140 -0.209392 0.497676 -1.109972 -0.907105 -0.077411 0.435959 3.592360 0.000000
152 -0.677580 0.873582 0.363243 0.646691 0.103785 -0.271615 1.040947 0.532738 -0.509151 -1.861108 2.056950 0.352214 -0.098355 1.037985 1.184137 -1.650975 2.002532 -0.600642 -0.654016 -0.460393 -0.390100 1.101071 1.152486 0.145472 -0.047017 -1.080967 0.059877 0.191089 -0.480470 1.055638 -0.433712 -0.344824 -0.826587 -0.583163 NA -1.604870 -0.090520 1.153954 -0.486871 -0.400226 1.321594 0.041126 -0.543208 2.022906 0.322622 -0.767043 0.741315 -0.269432 0.398431 0.857926 0.055078 1.000000
153 -0.659070 0.073386 NA -0.823809 -0.335465 2.025598 0.902803 0.756206 -0.957474 0.061179 0.419674 0.069700 0.526544 0.925435 0.810810 0.936905 1.608472 -1.423217 0.294551 0.743040 0.747321 1.147529 -1.539413 -0.254547 -1.289940 -0.722409 1.480292 -1.095857 -2.028079 1.307850 0.404487 -0.547567 0.255492 NA 1.655162 0.887611 -0.405554 0.709598 -0.295823 0.656369 -0.115535 0.873995 -0.889604 -1.225088 -1.117839 -0.857710 -2.936210 0.189697 0.457049 -0.244416 4.880176 0.000000
154 -0.115457 0.164562 0.172749 -0.311624 -1.053353 1.413324 0.497331 -0.457481 0.139704 1.394682 1.077812 0.347160 -1.645013 -0.315670 1.339358 0.130808 0.443172 -0.380766 0.681823 -1.001745 2.112707 -0.847832 0.374840 -1.709409 NA -1.798184 -0.900027 -0.318566 0.571387 1.926297 0.744431 0.740539 2.517933 0.706025 0.366340 -0.520068 1.671380 1.664051 -0.419153 -0.104644 0.910282 -0.625174 NA 0.046385 -1.076228 -0.027298 -0.490014 2.496366 1.013854 -1.211571 2.030845 0.000000
155 -1.048689 0.698940 -0.129022 -0.964707 -1.541042 1.853441 1.163948 2.357057 0.220935 -0.586205 -1.511031 1.891042 -0.437993 -0.042413 -0.386756 0.295093 -0.599047 -0.341031 0.291362 0.355003 1.352034 -0.534075 -1.946469 -1.183530 -0.541353 0.213086 0.805227 -0.381123 -0.121955 -0.330810 -0.447698 -0.656090 0.722514 -1.052452 0.821296 -0.884745 -1.275531 -0.693684 -1.023982 0.279058 1.086117 0.493807 -1.944442 -1.323649 -1.281037 -1.362525 -1.568963 -0.159701 0.481228 1.263664 2.241357 0.000000
156 -1.358715 -0.851025 -0.782533 -0.434568 -0.159246 -1.828000 NA -1.353697 -0.027652 0.158227 0.548469 0.617093 0.297439 -2.190812 0.582276 -2.339102 -0.066325 2.445534 -0.465394 -1.725801 NA -0.789132 0.349650 1.338649 NA -2.902073 0.127463 -1.177753 1.222345 0.983229 0.546879 0.252366 NA -0.354558 0.793791 2.068087 0.739688 2.046068 -0.182265 -1.089893 0.161496 -0.474376 1.285741 0.547956 0.636397 -1.387870 -1.552212 -1.734621 1.173231 -0.287635 4.664942 1.000000
157 1.174680 0.423158 -0.085890 NA -0.016116 -1.459119 -0.226118 1.690253 0.671928 -0.883886 0.307338 -1.085128 -0.618524 0.963855 -0.219047 1.985716 -1.034051 2.119249 0.967378 0.912070 0.275104 0.727590 -0.957848 0.396964 0.249139 -0.741027 -0.232445 -1.233783 0.480736 NA -1.910767 -0.622842 -0.843387 -0.847670 0.375042 1.065011 -0.728231 -0.430858 1.205455 -0.927451 -0.384780 0.485365 -1.336054 -0.922113 -0.729710 1.236171 NA -0.105638 -1.276935 0.537028 1.271211 0.000000
158 -0.755232 -0.897953 -1.604905 1.216615 0.784226 -0.684221 -0.149769 -0.697391 1.069300 0.153640 -1.909131 0.502435 0.760001 -0.019996 -0.660964 0.827689 -0.669691 -0.447254 0.518081 1.026380 0.125459 1.220065 -0.760177 -0.328299 -0.659934 0.039104 -0.571535 0.467947 0.462237 0.823377 0.932594 1.171416 0.744676 -0.891459 0.519688 -1.272580 -0.497388 1.761612 0.610839 -0.872219 -0.597051 0.537101 -0.595396 -0.678361 0.384320 1.207711 0.684860 -0.106378 -1.108848 1.210733 0.184358 1.000000
159 -0.556205 NA -1.174564 -1.480145 1.377665 -2.538928 0.173887 -0.136269 0.598800 -2.236239 -0.700452 -0.562472 0.452912 -0.358175 1.081868 0.318118 -0.965679 0.148501 0.375062 -0.391883 -1.374912 -0.085010 1.252448 1.613018 -0.889045 0.936550 -0.531203 -0.128774 -0.842426 -0.217582 -1.594786 -0.797577 NA 0.258056 -0.996274 NA -0.373337 -0.118105 0.198736 0.975619 -0.057490 0.861050 0.538868 0.255968 -1.540116 0.651002 1.085444 0.258316 -0.201584 -0.568389 2.409811 1.000000
160 1.230792 -0.304902 0.211397 -1.096363 -1.002693 0.515078 NA 0.143105 0.105762 -1.212841 -1.217497 1.671868 0.484232 -1.293947 -0.618472 -1.359638 -0.537359 -0.472414 -0.648474 -0.724294 -0.090831 1.355760 1.138297 -0.826326 0.009704 -0.620832 -0.116610 2.191351 0.170527 -0.585125 NA -0.000002 -2.608663 NA 0.700724 0.381272 -0.095927 -1.389564 0.696139 1.503469 0.938271 1.413522 -0.329871 0.882289 0.088339 -0.632785 -0.455156 1.299244 NA 0.501713 6.725931 0.000000
161 0.156169 -0.370909 0.912444 -0.202496 0.221209 1.165333 0.337027 0.359659 -0.455285 0.542916 0.208165 0.102349 0.251137 NA -0.630893 0.742001 -1.339963 1.157342 1.290885 -0.325236 1.219122 1.198995 0.025877 0.347414 1.556151 1.246059 0.652087 0.067945 1.609269 0.731611 -0.536331 NA -0.510897 0.746474 -0.425662 -2.147348 2.246051 -1.247675 NA 0.676674 -0.551173 -0.083273 0.114032 -1.012542 -0.137732 -1.073692 -0.719270 2.151007 -0.240634 -0.578197 0.069190 1.000000
162 0.961679 -0.935951 NA 0.019269 0.015242 0.382160 -0.880379 0.590386 0.741915 0.188370 1.846745 -0.287799 0.136104 1.388389 NA 0.174513 -0.362893 -0.186927 -2.658676 1.461457 -0.290127 2.185721 0.547294 -0.227589 1.588115 -0.003757 -1.033938 1.893180 -1.191725 1.225991 0.292737 -0.308518 0.852334 0.091602 -0.378094 -0.965796 -2.356768 0.446297 0.721191 1.671327 -0.121243 -0.780941 -2.252460 -0.816880 -1.134096 -0.598807 0.003536 NA 0.053008 1.228837 8.753360 0.000000
163 -1.482926 0.523801 -0.383572 -0.015945 NA -0.018614 0.326904 -0.706943 0.325735 -0.421301 0.964038 1.133249 -0.229687 NA 0.564727 NA -1.546274 2.142247 1.224334 -1.474873 0.206399 1.520701 1.424423 -0.658263 0.318356 -1.243241 0.069770 NA -0.484462 0.539839 NA -2.144310 0.199210 0.580855 1.751992 -0.051826 -1.338888 -0.723892 -0.382045 -1.588120 -0.726092 0.104685 0.010353 -0.133507 0.089554 -0.292119 1.037272 0.338465 -1.242867 -0.828499 6.136099 0.000000
164 -1.430968 0.862108 -2.390625 0.382738 -0.734493 2.067231 -0.252572 -0.999011 -2.063582 0.664030 1.896333 1.191285 -0.124736 -1.128510 -0.445598 -1.032065 0.133978 -1.338389 -1.161589 0.329614 -0.206413 0.264102 0.090539 -0.593437 -0.196229 0.511646 1.364546 -1.053141 0.285104 -1.435111 0.473128 -0.564351 0.200057 NA 0.722883 -0.737374 0.145543 2.216740 1.192555 -0.338990 1.150222 -1.610502 0.206784 0.772403 1.775348 0.868679 -0.368038 0.385320 0.684823 1.419351 11.102638 0.000000
165 -1.002023 -1.013687 1.534535 0.062038 -1.457400 1.749207 0.459562 0.902691 0.606671 -0.195086 -0.276285 NA 0.481190 NA -0.409656 -0.397013 1.802833 -0.723384 -1.553894 0.453704 0.180062 1.055639 0.268592 -0.442289 -0.430048 NA -0.397234 1.128264 0.403058 -2.615025 -2.053089 -2.213678 1.001978 1.640425 2.016210 -2.472265 0.101696 -0.113678 0.028750 0.128974 0.262864 -1.215346 1.415264 -0.236479 1.045678 -0.909312 -0.522411 -1.400541 -0.054108 0.705957 6.276289 0.000000
166 0.239511 -1.569797 -0.857003 0.458067 -1.399953 -0.545774 1.289439 0.659392 -0.390493 -0.425934 -1.192402 -0.816328 -0.563984 0.017560 0.249571 NA 0.208961 0.810461 -0.379494 0.660427 -0.645346 -0.178679 1.253565 NA -0.020435 0.349576 -1.135505 0.961226 0.590630 0.389207 -0.551350 1.829847 0.651147 1.444371 -0.411457 -1.432010 2.151516 0.963988 0.966745 1.102202 0.076821 NA NA 0.703179 -0.267507 1.314960 -0.262096 -0.434770 -0.529899 -0.214951 2.371597 0.000000
167 -0.536400 -1.377431 0.185183 0.000835 -0.452344 0.013266 -0.695420 0.551086 -0.471071 -1.535423 -0.939563 0.375210 1.622359 -0.022599 -1.251572 1.413986 -0.031319 0.509280 NA -0.120596 -0.639089 0.190095 -0.720867 -0.450193 -0.064088 0.021427 0.343322 -0.587210 -0.692105 -1.981872 -0.523088 -0.534827 -2.206192 -0.517696 -0.060155 -0.257006 0.624382 1.205609 NA 0.582245 NA 0.911859 1.073887 -1.195650 0.335395 -1.429490 0.371580 -0.193777 -0.801733 -0.727815 5.848108 1.000000
168 -0.461019 -0.773810 1.069935 -1.296092 -0.401776 -0.276868 0.654112 -0.860315 0.873111 -0.643621 1.526228 -0.139156 -1.504701 -0.952180 -0.818430 -0.382909 -0.656254 -0.390791 0.558355 -0.679251 2.031765 -0.214276 1.326130 -0.134147 NA 0.395352 0.543040 -0.323709 1.652947 -0.231568 0.465756 0.340748 1.276160 -0.060449 0.311157 0.086660 -1.386386 1.085397 -0.906173 -0.623621 0.185832 -0.149699 1.812133 -1.011223 -2.784476 -1.440764 -0.199181 -1.987048 0.004979 1.424921 1.580905 0.000000
169 0.825094 0.231936 -0.934618 -0.152878 -0.419431 -0.467796 -0.779383 -0.157926 0.195766 NA 0.453674 0.628482 2.048241 0.064364 1.690766 NA 0.107321 -0.679350 0.158596 0.604133 -0.983284 -0.316991 -0.776382 0.659646 -1.021431 1.061839 0.076135 0.008011 -0.023930 1.091778 -1.128570 1.302472 1.081789 1.810175 0.562273 -0.414887 0.906117 0.357379 -1.549171 -0.137668 -0.316129 0.145404 -0.226828 -1.060671 0.866023 -0.252568 0.110027 -0.353261 0.689690 -0.133266 0.415674 1.000000
170 -1.194047 -0.628768 -0.076595 -1.053638 0.249470 0.922029 NA 0.616616 1.291945 0.532208 -0.369158 0.476319 1.150794 -0.284247 1.270163 1.279829 -0.768125 0.990801 -0.962169 -0.622465 -1.010680 0.391891 0.990024 -0.153122 0.522728 -0.941841 1.273296 0.713959 -0.076972 1.503480 -0.107013 -0.254753 2.052533 0.706101 0.346668 1.175338 1.227446 0.742746 0.695280 -0.739634 0.409471 0.574050 0.344511 -0.183176 0.001537 -0.731722 -0.620891 -0.142648 NA -0.798082 5.762857 0.000000
171 -0.028424 0.961496 0.565049 -0.707374 -0.693141 NA -1.234963 -1.062526 0.472536 1.069284 1.837802 0.256085 -0.554962 -0.972287 1.878542 -0.495152 0.648664 NA -0.672952 NA 1.126861 -0.442969 0.835594 -0.766556 0.663405 0.908938 0.307387 -0.617521 -2.245810 -0.343370 0.502600 -0.095759 -0.747462 0.454121 1.697649 0.311538 -0.781037 1.341251 0.067704 0.073730 0.090473 -0.271954 -0.384851 -1.087779 0.848059 -1.395142 0.118188 0.122240 -1.183844 NA 0.665974 1.000000
172 0.029896 -0.587161 -0.587319 0.197517 0.168596 NA 0.169762 -0.817289 -0.907727 1.017012 -2.003555 -0.773895 NA 0.291242 -0.575959 0.030752 -0.771646 NA 0.445319 -0.606508 0.263805 0.321127 0.385809 -1.202107 0.657718 1.083808 0.934510 -0.893767 -2.246386 -0.025712 -0.035375 0.810447 0.540907 0.028181 -1.256902 -1.135714 2.387693 0.300184 1.483426 0.137102 -0.558320 -1.369401 NA 1.075519 1.228372 NA 1.547013 -1.059978 0.725384 0.549095 4.562735 1.000000
173 1.699041 NA 0.944981 -1.904565 -0.627998 -0.503939 -0.935895 0.263918 1.479376 -1.526826 -0.375530 -0.444255 -1.120001 -0.972080 -0.361364 0.130982 NA 0.127942 -0.527933 -0.272642 0.288583 1.525310 -0.975304 0.886531 0.289005 -0.236470 -0.791112 -0.462490 1.197968 1.384582 2.549925 0.341293 -0.488600 -1.142044 -0.607933 -0.229163 -0.566940 -0.513831 0.899770 1.142879 0.428103 NA -0.009895 -0.072487 -0.772019 -1.497344 0.476190 -1.241063 0.744644 0.415605 0.624090 1.000000
174 -1.380383 0.193162 NA 1.640055 0.895526 0.435109 -0.987743 -0.915591 2.430604 -0.836874 0.170854 -1.510517 -1.152626 0.789365 -0.290099 -1.452306 1.641730 2.344066 1.652599 0.844148 0.953451 -1.737565 0.641482 -1.539997 -1.176653 0.522421 -0.766713 -2.168638 -0.800408 0.376176 0.889846 -1.524761 0.108296 -0.599798 -0.894879 0.671045 2.115009 -0.049857 -0.529974 -0.256664 2.164259 1.151264 -1.636035 -1.008319 -1.063744 NA 0.970742 -0.846958 0.136896 -0.561138 0.127039 1.000000
175 0.461165 1.739706 -0.543748 1.879362 -0.613499 -2.216046 -1.079517 -0.533429 1.047857 -1.445493 1.212566 0.407042 -0.143763 0.990140 -1.823572 1.465600 1.909811 0.384643 -1.306708 -1.069233 1.929359 0.414113 -0.659251 0.188026 0.083456 -1.207911 NA -0.763608 0.576382 -1.500194 -0.799550 -0.488008 -0.526771 0.688221 1.196106 0.166118 -0.166933 0.065942 1.140199 0.563009 1.253868 0.259998 1.523965 0.821513 0.720552 NA -0.238436 0.458780 1.151705 0.092069 0.061147 1.000000
176 NA -0.139666 1.306421 -0.254872 -1.127842 NA 1.235789 NA -0.973964 0.469511 1.619459 0.982828 -0.574343 -0.111443 -0.016504 -0.537768 -1.614429 1.493874 0.189781 -0.944697 -2.096025 -2.056169 0.193914 0.244827 0.946624 -0.289824 0.365444 -0.979288 -0.230821 1.174840 0.564028 NA -0.097307 NA NA 0.558292 0.407067 -0.506378 0.681522 0.600737 -1.457668 -0.056005 -0.777930 0.488265 1.774907 1.974618 0.374933 0.904922 1.284568 -0.425577 2.504846 0.000000
177 -1.719922 -0.385185 0.684110 -1.606157 0.352828 NA -0.498189 -1.375996 0.815892 0.109690 -0.563352 NA -0.218939 0.594633 -1.062727 -0.241621 0.504024 -0.495573 1.645198 -0.787794 0.195545 0.957205 -1.409424 1.117976 -0.640865 -0.029642 0.654793 0.584215 -1.898542 -1.002143 0.893427 -2.327021 0.678785 -1.667856 0.522697 -0.185314 0.628353 -0.980137 -0.335737 0.329428 NA -0.219811 -0.322437 0.042797 -1.061544 -0.258253 -1.977010 -0.288797 -0.376785 -0.569033 3.869243 1.000000
178 1.415968 0.609102 NA -0.286535 0.198760 0.398868 -1.790708 0.439597 -0.782021 0.811158 -0.572518 0.749598 0.876204 -1.551923 -0.254954 -1.244844 1.516315 -1.819878 -0.737569 0.075187 0.230743 -0.934814 0.390805 -0.484188 -1.667807 -1.005999 1.493764 -0.494817 0.405456 -0.571388 0.458541 -0.441272 -0.395557 -1.064564 0.481604 -0.231336 0.907875 0.157902 -1.120220 0.060122 1.226248 0.641761 -0.908680 -0.554159 -0.913472 0.572542 -0.993158 0.397996 -0.423167 1.235926 4.849943 1.000000
179 -1.136459 0.621165 0.016147 -0.550037 0.242286 0.768022 1.331174 0.317725 2.231272 0.201855 -0.855563 0.063385 0.729690 0.332444 -1.546172 -0.716968 -1.071735 0.929625 -0.580712 -2.101346 0.221880 -0.835534 -0.423740 -2.159641 -0.674658 -0.569529 -0.110398 0.069474 1.507633 0.136464 0.310059 -0.149294 -1.363032 -0.606359 -1.524683 -0.381083 -0.137634 1.548314 -0.201224 NA -1.097805 -0.123875 NA -0.276328 0.138838 NA 0.736566 1.494738 1.480912 1.121597 0.226973 1.000000
180 -0.552363 -0.360673 -0.761070 -1.065484 0.655399 0.169781 1.119758 0.078242 -1.274508 -0.109447 1.959454 0.635776 0.860304 -0.037807 0.205487 0.041161 -0.629166 -0.668336 0.157375 NA -1.109928 0.258574 0.171281 -1.061650 -0.788679 -0.552753 1.518525 -0.327280 -0.614918 -0.954110 0.613765 -0.589956 -0.146405 0.135999 1.337088 NA 0.862262 -1.609331 2.519195 -0.678720 NA 1.149060 1.632666 -1.708148 0.430493 -0.433516 NA 0.294776 0.304126 1.131409 8.694253 0.000000
181 -2.806663 2.237589 -0.498147 -0.862756 0.791165 1.129724 1.017051 1.270824 0.654483 1.374070 -0.653261 0.043922 -2.279607 0.329617 -0.377891 -0.831697 -0.421878 -1.753625 -1.794469 -0.928994 0.082800 -1.109454 -0.248006 NA 0.454544 0.305096 1.607177 0.241554 0.698642 NA -0.416731 1.185907 -1.569719 0.331035 0.281351 0.194731 0.812417 -0.922743 0.678012 0.036847 2.499374 -0.328316 0.496609 -0.990794 0.599523 0.019803 -0.409926 1.538646 1.693814 -0.315345 4.043872 0.000000
182 -0.795743 -0.480272 -0.724841 0.886326 -0.519778 0.325683 -0.010483 -0.351066 -0.051392 -0.179128 -0.462069 1.331156 1.535841 1.600404 1.263598 1.000581 -0.140440 -1.609513 0.211517 NA 0.222579 -1.386026 1.853962 -0.812100 1.246839 0.155418 -1.247615 0.695004 -0.513500 0.974611 1.050968 1.262446 -0.682047 1.969327 1.134932 NA 1.483523 -0.175135 0.207727 -0.250530 -0.190375 -0.323855 0.230451 1.897413 -1.474410 1.217338 -0.297471 -0.639774 0.071960 0.291310 2.894638 1.000000
183 0.179418 1.234373 -0.037851 0.198342 -2.322928 0.094188 -2.290135 0.070686 -1.069580 -0.902083 0.842328 0.885367 0.489950 0.579703 0.131549 -0.384033 -0.454460 -1.223272 1.267097 0.535446 -0.444813 -0.540155 -1.592448 0.052773 0.699110 1.453288 0.175473 -0.625659 1.349103 0.404813 -0.612383 -0.046047 2.001530 0.381906 0.220096 0.650887 -1.512985 -0.183254 0.188180 0.486015 1.137715 -1.660827 0.425750 0.169960 -1.076804 1.300912 -1.422834 -1.734009 -1.060926 1.481716 0.882056 1.000000
184 -0.132902 0.249862 -1.699443 -1.021643 0.994265 0.615363 0.268404 NA -1.228472 -0.418928 0.271556 0.119551 0.796019 -0.420097 1.103238 -1.101488 -0.603441 -0.188200 -1.066951 -1.538140 -0.561251 1.204035 -0.651580 0.650641 -0.860732 -0.355252 -0.119120 -0.615522 -0.116348 0.830293 -1.242489 -0.462337 2.173345 NA NA -0.384452 -0.575401 0.984471 1.349675 0.534115 -0.476586 0.853608 0.877948 0.004211 -1.143096 -1.136879 0.916978 0.390839 -1.146282 -1.650097 4.687090 0.000000
185 0.690819 -3.259953 0.623758 1.173802 -1.871508 -0.430830 -1.762333 0.696296 NA -0.320054 -0.219640 -0.753370 0.675245 0.330089 0.455969 -1.207269 -0.076634 0.226061 0.248776 -1.843380 -1.143855 1.075391 0.056716 0.180582 -0.070567 -0.888216 1.302891 0.617099 -0.232684 NA NA -0.518272 1.574578 -0.385362 -1.081536 -1.313253 -1.288234 -1.215340 0.346596 -1.418440 0.249292 -0.425164 NA -0.233284 0.634816 -0.870074 -0.759225 1.483721 -0.414739 0.225835 2.360523 0.000000
186 -0.062276 -1.225202 -0.816280 -0.766458 1.300376 -0.980131 1.685506 0.458843 1.808290 1.096917 -0.975211 -0.177671 0.211826 -0.937644 -0.817931 -1.811607 -1.705418 -0.147815 -0.532778 1.415810 1.724107 -0.357316 0.350749 0.029531 -0.843290 0.063893 -0.468831 -0.182844 -0.764063 1.656768 0.831448 1.178100 0.725402 0.020670 1.336901 -0.100846 0.267572 -1.472392 0.318342 1.277804 1.801893 0.321449 0.626807 0.414133 -0.415282 0.813263 0.737541 0.208955 0.420279 -0.747104 7.760221 0.000000
187 -1.570173 0.484313 0.193922 -0.610302 0.510899 -0.252162 2.642043 0.352512 -0.581740 -0.231980 -1.078075 0.894371 0.582824 -0.627797 -0.030914 -0.275341 -0.700036 0.232958 0.291806 0.208578 0.332937 0.851546 2.234487 0.842245 -0.485002 0.613027 -0.321427 0.041129 -1.513754 0.138892 0.269167 -1.201685 0.219870 -1.614335 -2.038263 -0.594365 -1.222441 -0.577093 1.625762 NA -1.271186 0.572807 -0.946854 -0.469519 0.963077 0.977141 1.364224 NA -0.470942 -0.305980 10.592990 0.000000
188 0.055131 0.520317 -1.191029 -1.160539 -2.017367 -0.400756 0.390490 NA -0.674833 NA -0.982679 -0.561318 -1.123036 0.637066 0.117517 0.260144 -0.663365 NA -0.916953 0.840851 0.627754 NA 0.265737 NA -0.009115 0.016507 0.085072 -0.245680 -0.119256 -1.069965 1.332294 0.096152 2.469970 -1.429830 -0.022780 1.125464 -0.824120 0.304010 2.012342 0.641200 0.647192 -1.647071 -1.126172 -0.045999 0.113481 -0.868035 -0.097850 -0.359380 -0.718574 0.416337 1.625991 1.000000
189 -1.320666 1.146734 -0.705664 0.986401 -0.804817 0.991622 NA 0.703152 -1.522058 0.528044 -0.065754 -1.471163 -0.995023 -0.171328 -0.158577 0.787186 -2.004739 -0.054534 0.736232 -0.205944 1.356113 0.525147 -0.602583 -0.194920 -0.360478 -0.710366 0.317447 -1.186283 -0.527190 -0.400350 0.066654 -0.849282 -0.311282 -0.416184 0.909902 -0.589003 0.320921 0.513522 1.115365 1.419549 -0.385518 -1.499019 1.321299 -0.203146 0.691447 -1.473884 -1.955303 -0.330068 1.905008 -0.445695 5.699453 0.000000
190 NA -0.534784 0.128262 -0.447228 0.082811 0.517806 2.013068 0.539356 0.502812 -0.006044 0.780187 -1.928913 -0.831922 0.792501 1.361864 1.857417 -0.234378 -1.185119 -0.185286 -0.471907 0.894585 -0.200818 0.171135 0.501729 -0.454964 -0.133705 -1.881128 1.087418 2.419007 -1.268153 -0.677650 0.077496 -1.144417 0.498151 -0.016317 -0.181960 -1.578582 0.840286 -1.108561 -0.114706 -0.211620 NA -0.199428 -0.704153 NA NA -0.788861 -0.571008 -0.471272 -0.087395 3.782479 0.000000
191 -1.369960 -2.072202 -0.342810 -0.941729 1.591786 0.824754 -0.424428 -1.181482 2.293037 1.066148 -0.990754 -0.599919 -0.571306 -1.629687 0.855038 -0.495925 -0.375367 -1.222094 -0.971946 0.122426 -1.055662 0.093566 -0.496535 -1.141341 -0.450356 -0.683329 -0.303339 0.568143 0.633287 0.951193 -1.375258 1.900122 -0.887841 1.758169 1.081783 -0.682832 NA 1.052474 0.875181 -0.045374 0.564596 1.058280 1.482079 -0.683571 -2.556582 -0.880255 -0.625104 -0.419017 1.669107 -0.773641 10.774610 0.000000
192 0.282077 -1.519592 -0.716408 1.165126 -0.683731 -0.670221 1.347344 1.362832 -1.378409 -1.775418 -0.018982 0.225604 1.632386 0.727151 0.361626 -0.586111 -1.772846 0.044125 NA -1.356173 NA -0.420923 NA 0.841455 -1.219176 0.994925 -0.244358 0.121006 0.830199 NA 1.072090 -0.685870 -0.232573 -0.370231 1.044437 0.481837 0.906582 0.367109 0.296338 -0.101872 -0.275573 -1.445262 -0.769488 0.055011 -0.736336 -0.016846 0.476316 NA -1.420754 -1.201966 1.054756 1.000000
193 0.178012 1.739032 0.087505 0.360522 NA -0.541732 NA 0.348273 -0.161913 -0.002042 -1.383830 -0.121892 0.132836 NA -0.235018 -0.647964 0.208341 0.152976 1.021572 -1.393916 -1.142191 0.769507 0.441816 -1.798773 0.239424 -0.257112 -0.094861 -2.134748 0.451482 -0.623980 0.602846 0.093407 1.477599 -0.916435 NA -0.350072 -0.867487 -1.365910 0.774189 NA 0.215789 -0.717093 -0.306454 0.413064 -0.963338 1.853773 -0.641570 -1.312028 0.012121 1.039500 0.085423 1.000000
194 0.855882 0.620311 1.196389 NA -0.616671 0.129635 -0.918171 -0.230794 0.295946 -1.110369 -1.660496 -0.235645 -0.383406 2.315344 -1.347244 1.648332 1.284747 -0.992481 -1.216989 0.914540 0.393172 -0.621547 -0.240559 0.950854 1.102010 -1.334864 -0.521993 NA -0.219205 0.608225 -0.385582 NA 2.375865 NA -1.268498 1.294564 0.527134 -1.183340 1.607472 -0.795404 -0.738404 -0.671594 -0.679460 -1.288856 0.111009 0.439951 NA -2.443237 -0.881690 -0.270876 0.816959 1.000000
195 0.062124 0.921317 -0.033992 -0.471957 -1.744150 0.447893 1.196457 0.338423 -0.751266 2.090816 -0.807093 -0.995019 0.392876 0.322404 -0.332763 0.733843 2.266925 0.423528 0.106622 1.959037 -0.918985 0.382745 1.183163 -0.308093 -0.148214 -0.251691 -2.535922 NA -0.389280 0.690844 -0.058113 0.084485 -1.747555 -1.197743 -0.308314 -0.904289 0.758015 -0.592026 -1.562025 0.599287 NA 0.560379 -0.352841 NA 1.433363 -1.072927 -0.691282 -2.213173 0.122071 -0.404030 10.612998 0.000000
196 2.079529 1.122352 -1.480852 -0.681846 0.601738 -0.152239 0.482744 -0.204663 0.669409 0.210320 0.413991 1.455773 -1.656438 -0.497782 0.321427 0.630155 1.841238 -0.330107 NA -1.204345 2.081863 -0.343775 0.450023 -2.159053 0.149808 -2.534328 -1.543129 1.131407 -1.399125 0.472980 -1.032036 1.375677 -1.458547 -2.230533 1.387595 0.651302 1.362022 2.004788 -0.718725 -0.044806 -1.250620 0.372906 -0.016160 -0.948227 1.782967 0.476705 -0.135845 -1.919707 0.469426 -2.370664 0.064896 1.000000
197 1.592472 0.485145 1.073698 1.785167 -0.244739 -1.308256 0.022348 NA NA 1.244447 0.026983 1.144060 1.114776 0.546897 0.148584 1.099548 0.028253 -0.515049 -3.295165 0.527688 0.186393 -0.462443 -0.049770 1.394265 0.131955 -1.530030 0.633104 -0.302355 0.847984 -0.945581 0.348296 1.489406 0.083191 -0.733476 -1.002000 2.937916 -1.603372 0.177947 -0.657794 0.042179 0.006373 -0.071237 0.482714 0.401480 0.752396 -1.114490 -1.082728 1.182326 -0.523828 -0.211521 0.090365 1.000000
198 1.156707 1.000331 1.052662 -0.028128 -1.498843 -0.540275 NA -1.734017 0.139733 -1.300554 -1.422959 1.186022 -1.216275 -0.633827 0.292805 1.143726 -0.636831 -1.386336 -0.041972 0.151032 0.421818 0.417214 -0.076253 0.129802 -0.859677 -0.404932 0.202419 -0.234094 -0.727086 -0.253762 -0.307963 -0.771792 0.237938 0.798764 -0.334561 -2.571682 -1.439615 -1.214801 -0.500043 0.244082 -0.130213 0.263900 -1.074480 1.424660 -0.157014 -0.182540 0.413320 1.021370 0.310927 NA 0.346432 1.000000
199 1.006309 -1.403157 0.413278 0.629025 -1.298052 -1.669348 0.637856 -0.008015 0.292387 NA 0.171837 0.462977 0.269937 -0.724886 -0.586192 -1.177284 0.707934 -0.900543 1.136076 0.108088 1.617002 0.658948 -0.507820 0.501496 2.057116 0.404903 -0.581360 NA 0.999287 0.662654 -2.080656 0.197951 -1.165492 -0.311234 1.094083 -0.997161 2.152728 -0.535179 NA 0.799065 -0.724893 -0.933901 NA 0.174628 0.509216 NA -0.183205 -0.897065 -0.297622 0.811260 2.222628 1.000000
200 0.744131 -0.445870 0.264944 0.034409 -1.065995 -0.080016 -1.146868 1.286653 0.849529 0.152063 -0.056733 1.194161 -0.749178 1.348294 -0.851047 -0.413110 -0.482806 0.655938 0.886148 -0.467672 1.175469 0.020684 1.186946 2.235088 -0.986421 1.361903 NA 0.937619 -0.037507 -0.950789 -0.189559 -0.851329 -0.968396 -1.427423 0.381408 -1.525338 1.536564 0.582377 -2.485186 0.775827 0.512865 -0.437445 -0.335911 -1.606973 0.486820 NA 1.260590 -0.752277 0.805987 -0.192245 1.743603 1.000000
uncorrelated Gaussian covariates
missing covariate fraction: 0.050000
no latent classes
   lambda(t|risk 1)=C, <t>=4.000000 for zero covariates
   risk 1: beta[1]=0.500000
   risk 1: beta[2]=0.500000
   risk 1: beta[3]=0.500000
   risk 1: beta[4]=0.500000
   risk 1: beta[5]=0.500000
   risk 1: beta[6]=-0.500000
   risk 1: beta[7]=-0.500000
   risk 1: beta[8]=-0.500000
   risk 1: beta[9]=-0.500000
   risk 1: beta[10]=-0.500000
   risk 1: beta[11]=0.000000
   risk 1: beta[12]=0.000000
   risk 1: beta[13]=0.000000
   risk 1: beta[14]=0.000000
   risk 1: beta[15]=0.000000
   risk 1: beta[16]=0.000000
   risk 1: beta[17]=0.000000
   risk 1: beta[18]=0.000000
   risk 1: beta[19]=0.000000
   risk 1: beta[20]=0.000000
   risk 1: beta[21]=0.000000
   risk 1: beta[22]=0.000000
   risk 1: beta[23]=0.000000
   risk 1: beta[24]=0.000000
   risk 1: beta[25]=0.000000
   risk 1: beta[26]=0.000000
   risk 1: beta[27]=0.000000
   risk 1: beta[28]=0.000000
   risk 1: beta[29]=0.000000
   risk 1: beta[30]=0.000000
   risk 1: beta[31]=0.000000
   risk 1: beta[32]=0.000000
   risk 1: beta[33]=0.000000
   risk 1: beta[34]=0.000000
   risk 1: beta[35]=0.000000
   risk 1: beta[36]=0.000000
   risk 1: beta[37]=0.000000
   risk 1: beta[38]=0.000000
   risk 1: beta[39]=0.000000
   risk 1: beta[40]=0.000000
   risk 1: beta[41]=0.000000
   risk 1: beta[42]=0.000000
   risk 1: beta[43]=0.000000
   risk 1: beta[44]=0.000000
   risk 1: beta[45]=0.000000
   risk 1: beta[46]=0.000000
   risk 1: beta[47]=0.000000
   risk 1: beta[48]=0.000000
   risk 1: beta[49]=0.000000
   risk 1: beta[50]=0.000000
uniform censoring on time interval [1.000000,12.000000]
