1 -0.099978311111 0.778003215799
2 -0.104657160000 1.057343058070
3 -0.048069530612 1.049803396910
4 -0.059662612245 1.045323173350
5 -0.141426404255 1.114537834991
6 -0.066091391304 0.700016626272
7 0.123334276596 1.037858615861
8 -0.185665369565 1.248788545489
9 -0.008493760000 1.154518797768
10 -0.133091804348 0.993506812065
11 0.079945510638 0.966010568150
12 -0.335066687500 0.980464346268
13 -0.215405836735 1.040615950986
14 -0.040785897959 1.095717194856
15 -0.058935958333 1.095777276670
16 -0.069544000000 0.815836142311
17 0.285430125000 0.972017129858
18 -0.236283382979 1.099418146067
19 0.091969541667 0.917269364468
20 -0.088928404255 0.936301887063
