1 -0.029038520000 0.801800818353
2 0.063840080000 1.216749135313
3 0.073003820000 1.013130794009
4 -0.229590920000 0.647147863115
5 -0.320717780000 0.904725676389
6 -0.130095100000 1.181644239901
7 -0.068913080000 1.104481642341
8 -0.145513180000 1.185476856266
9 0.137047120000 0.982480883865
10 -0.083844040000 0.828982175879
11 -0.101895220000 1.002157738589
12 0.095015240000 0.941699090928
13 -0.102640520000 0.966540050824
14 -0.056747740000 0.962379946861
15 0.192225740000 0.952638782463
16 -0.110666880000 0.883557643320
17 -0.250227240000 1.216762473578
18 0.129675840000 0.860895795303
19 -0.006580780000 1.069278286749
20 0.087381640000 1.110643293295
21 -0.184892060000 1.022510345753
22 -0.047382880000 1.042914079264
23 -0.142032980000 1.036059719941
24 -0.409350840000 1.060567473817
25 -0.114777280000 0.964917366719
26 0.000651360000 0.942421750600
27 -0.218664860000 1.072205639800
28 0.074576980000 1.060544405805
29 0.114705200000 0.995424965269
30 -0.054873200000 1.011599612260
31 -0.187734200000 0.855719036739
32 -0.018924960000 1.016957088781
33 0.061895260000 1.047367541045
34 0.056593940000 0.923588137775
35 0.012496980000 0.911787691615
36 0.025641180000 0.972099093059
37 0.146180420000 0.978985898215
38 0.138022980000 0.879769617837
39 0.107620960000 1.046138363702
40 -0.084041880000 0.869295893724
41 -0.121608800000 1.008135439276
42 0.129110060000 0.978183465372
43 -0.182409700000 1.279131096715
44 0.086842160000 0.922269142305
45 -0.072477340000 0.940942828260
46 0.145349880000 0.945809883648
47 0.032955000000 0.997674057443
48 0.098469080000 1.020607641506
49 -0.005335680000 1.002534710121
50 -0.001950300000 1.096827722157
51 -0.206646500000 0.966852667530
52 -0.123699040000 0.966996333002
53 0.107585900000 0.876585793890
54 0.219482880000 0.987532510413
55 -0.124486480000 1.070467806615
56 0.019384400000 1.188326582765
57 0.135877980000 0.825534532845
58 -0.012597260000 0.898676982365
59 -0.159764880000 0.821932541976
60 -0.014247440000 0.987268747816
