N=50
P=60
R=2
1 -0.104991 -0.251486 0.112509 0.761713 -0.627645 -0.211896 2.154253 -0.599065 0.404795 0.191559 -0.874612 -1.185519 1.559526 0.651054 -0.605220 1.353985 -0.359674 1.640610 0.785703 1.090583 -1.010497 0.308747 -3.783064 1.417679 -0.331758 -0.071235 0.636909 0.835685 -0.771054 -0.915714 -0.997979 0.835770 0.393098 0.718395 1.388130 -1.005567 -0.106410 -0.082452 1.159107 -0.336117 -0.290663 -1.127041 0.284305 0.321334 0.378101 -1.454944 0.416990 0.177378 -2.094009 0.038243 -0.201407 -0.257624 -1.870304 0.620657 -1.253438 0.530066 -0.929367 1.579185 -0.742629 0.473247 30.205827 1.000000
2 -1.569634 -2.507384 0.936837 -0.797812 -0.735690 -0.834932 -1.362151 -1.726336 -0.001491 0.739832 -0.566182 1.329384 0.420878 0.678635 0.070915 -0.200708 -2.287860 0.068648 0.798262 1.099731 2.093927 1.409558 -0.533799 -0.694085 1.053311 -0.201425 0.613075 0.167482 -0.928215 0.367984 0.188713 -0.113840 0.150759 -1.527843 -1.188944 -0.469943 0.843787 0.118559 -0.536207 0.498949 0.670227 0.885525 -1.178305 0.454992 0.116606 0.334104 0.516676 2.944504 0.846808 1.012028 -0.536847 -1.528564 1.347920 0.282094 -1.758854 0.217850 -0.100612 1.735172 -0.400807 0.382831 14.096789 1.000000
3 0.214657 1.849320 1.261330 0.711760 -2.042603 -1.345950 -1.418842 0.374254 1.366216 0.514062 0.484965 -1.190621 0.378238 -0.277093 0.452118 -0.480171 0.386336 0.598163 0.407937 0.435915 -0.626496 -0.213285 -0.630809 0.629282 -2.347418 1.132086 -2.563343 -2.259197 0.431138 0.839954 -0.809739 0.459798 0.911588 0.539874 0.318404 1.180650 1.321615 0.237091 0.607279 0.587113 -0.509946 0.890999 0.286347 -0.649912 -0.481291 -1.501995 -0.303651 0.452029 2.243322 -2.079802 0.754879 0.701898 0.818239 -0.846275 1.736136 -0.298566 -2.036322 -0.543829 -0.645668 -0.109471 1.888505 1.000000
4 -0.289242 1.502344 0.519720 -0.142310 0.839636 -1.624172 1.506369 -0.143470 1.393470 0.188338 0.622699 0.503577 -1.642220 -0.787717 1.007015 -1.377214 0.763118 -0.124103 -0.630856 -0.089312 0.353352 0.256844 0.054412 -1.397470 1.420766 1.506483 0.370639 1.313842 1.243678 -0.174565 0.825665 -0.220639 1.077478 -0.111990 0.370669 -0.599423 2.195704 -0.394812 2.268230 -0.148220 -0.273035 -0.093582 1.428275 0.688027 -0.802486 1.649304 -0.931152 0.457015 2.294947 -0.022010 0.069136 0.398561 -0.929618 -0.440630 0.237271 -1.754737 0.026036 -0.878087 0.560587 1.259996 0.768069 1.000000
5 0.190616 2.128162 0.106005 -0.008660 -1.658553 -1.142260 -1.483363 0.572731 0.451013 -0.514360 -0.132995 -0.028117 -0.186833 0.098554 1.996582 0.706035 -2.111638 -0.723030 -0.195153 0.056267 1.404891 -0.436519 -1.686310 0.735092 0.324278 -0.562492 -1.062538 1.860255 -1.159825 -0.748079 1.147389 -0.175324 -0.255400 -1.094509 0.423134 2.010452 -0.682434 -1.055317 0.782177 1.328710 2.096730 0.657947 -0.834066 -0.444910 1.190625 0.029416 -0.951982 0.929260 0.252923 0.955069 0.941820 -1.635527 -0.984683 1.004823 -1.352196 -0.423625 -1.104633 0.214710 -0.210368 0.967534 1.273905 1.000000
6 0.571148 1.697965 -0.981494 -0.474580 -2.205647 0.968844 0.006243 1.122514 0.116163 1.060180 -0.772270 -0.893524 -0.441787 1.264650 0.353787 0.306558 1.448447 1.687669 -1.171535 1.284139 -0.760697 1.225753 0.706605 0.419381 0.856918 -0.715968 -0.343804 -0.622806 0.139487 -0.668441 0.357117 0.424949 -0.078689 -0.035476 -1.795813 -1.367757 -0.830861 0.313379 0.073459 -1.015545 0.246567 -0.335263 0.261458 -0.313805 -0.469758 0.893175 -0.304045 1.240436 2.068475 0.911077 0.438949 -1.347478 -0.149831 -0.901661 2.545267 -1.097312 1.630459 -0.422163 -0.519082 -0.483444 101.939047 1.000000
7 -0.387038 -2.222437 -0.763398 1.456945 1.161129 1.352855 -0.046095 -1.106005 0.108456 -0.407020 -0.503130 -0.283894 -1.334408 1.203247 -0.057857 -0.046679 -0.641997 -1.138224 2.808036 -2.430625 -1.032563 -0.050944 -0.781520 1.302360 2.195721 -0.536102 1.066167 0.396307 -1.280332 0.625503 -0.911496 -0.100174 -0.259096 0.745554 0.106265 -0.409848 -1.201644 -0.947780 0.901083 -0.420591 1.581053 0.587061 -2.489461 1.435998 -0.417237 -0.330447 0.975094 0.521405 0.271284 1.257059 -1.813864 -0.742987 0.042538 -0.433047 -1.250502 1.006817 0.216254 0.373804 0.521678 -0.999796 9.670821 1.000000
8 0.333037 -0.669236 -0.386796 -0.437026 -0.744885 0.723239 0.319329 -0.938264 0.270108 0.443730 -1.740153 0.755805 -1.026590 0.474232 0.756488 0.252177 -1.578582 0.374501 0.302679 1.178965 0.640431 -0.597526 -0.353016 -1.073598 -0.186758 1.112709 1.044505 1.572571 -0.045286 -0.803341 -2.387270 1.828333 1.135214 0.288028 -0.527187 1.200423 -0.141432 -1.149879 1.307764 -0.128878 -0.418221 0.933528 0.047225 0.246789 -0.862322 -1.004770 -0.368216 0.184192 -0.254376 -0.755774 0.589356 -1.358637 0.841749 -0.222716 -0.530688 -0.630709 -1.071380 -0.423597 0.121681 -0.995157 21.685706 1.000000
9 0.306228 0.578659 -0.115112 -1.589433 -1.413641 1.031080 -1.644252 0.692844 -0.134456 -1.892492 -0.907601 -0.063249 -0.857048 -0.981851 1.944810 -0.767608 0.126727 -0.649947 0.799829 -0.353027 -1.741312 -0.774323 -0.317494 -0.562929 -0.068960 0.047961 0.524104 0.504874 -0.227706 0.623491 -0.340282 -1.271238 -0.694369 -0.450925 0.134134 0.197400 0.064416 0.009715 0.237339 -0.190516 -0.959739 -0.700614 0.294653 0.412969 -0.373518 0.761897 -0.655550 0.750707 0.198946 0.410902 0.984681 -1.195227 0.149278 -0.753887 0.475160 0.374297 1.425460 -0.528914 -1.371098 0.793989 4.875597 1.000000
10 0.604453 0.847405 2.049236 0.557620 -0.725724 1.245781 -1.066941 -0.535371 -0.410388 0.522020 0.246455 -1.119946 0.515170 1.924183 -1.951175 0.002566 -0.899867 1.299315 -0.248062 -2.456528 -2.145402 -2.129187 1.239795 -0.410540 1.159381 -0.344866 -0.100033 -1.151100 1.526444 -0.989724 -0.060616 -0.370354 -0.517270 0.486270 0.986645 -0.415071 -1.078361 -1.289705 -0.396635 -1.032582 -0.771748 -1.993655 -0.010278 -0.274230 0.058836 1.091205 0.828615 1.329027 -0.633200 -0.442713 -2.179271 -1.520165 1.133646 -0.356177 1.053374 -0.550594 -0.338640 0.138284 -1.092565 0.377967 0.970362 1.000000
11 0.271479 1.213038 -0.201128 0.551863 -0.591741 -0.835637 -0.662396 -0.932598 0.494357 0.485410 1.535338 0.530155 0.900559 -1.760792 0.396938 -0.875326 0.002082 1.562719 -0.426554 0.144901 0.246637 1.480759 0.319568 -0.011487 -0.184620 -0.951777 -0.507644 0.488833 1.081101 -0.517409 -0.265040 -0.873260 -1.076890 -1.447896 1.064907 0.146189 1.535896 0.618960 -0.226171 0.098304 1.477364 -0.828668 0.059579 0.237279 -0.179257 -2.742845 0.061343 1.513713 0.649137 -0.498730 -1.244640 -0.564156 -0.179933 -1.469863 -0.239667 -0.094080 -0.246896 0.526905 -0.703190 -0.760874 1.017417 1.000000
12 -0.766115 0.538745 -1.131225 -0.243721 -0.197477 -0.717696 1.141515 -0.123764 -0.578216 -0.831133 0.809853 -0.128097 0.424241 0.678775 0.591988 -0.618068 -0.696201 -0.064517 -1.428206 -0.182104 0.711686 0.946530 0.574211 -1.579127 0.239593 1.268855 1.181658 -0.506673 -0.183011 0.683055 1.438707 0.214357 1.371614 0.069991 -2.090723 -0.187440 1.313041 -0.594855 -1.126870 -2.045454 -0.332051 -0.966946 1.446436 0.327847 -0.409456 1.511876 0.218107 -0.504745 0.909152 -0.411963 0.878947 -0.300565 0.888023 0.081647 -0.313561 0.955047 0.769144 -1.263314 -1.966158 -1.677561 9.980941 1.000000
13 -1.207287 1.852249 0.785258 -0.890065 1.656158 1.043321 0.218875 1.518109 1.118836 1.194700 0.986270 0.346202 -0.004012 0.844676 0.403450 0.081623 -3.257304 0.792181 -0.625618 0.203116 -0.395876 -2.916128 0.244227 -1.271482 -0.040235 -0.834938 -0.181133 -1.516709 2.320182 -1.216094 -1.327491 1.892433 1.513319 0.094684 -0.676592 0.478299 -0.041902 0.311148 1.623317 -0.007122 -0.312630 -0.946362 0.043583 -0.561845 2.347043 0.109363 -0.684913 0.301141 1.391575 -0.032550 -0.094702 0.442584 0.223045 -1.484952 -0.820276 -0.722437 0.014643 0.657009 0.157350 1.977111 46.550134 1.000000
14 -0.840337 -0.990453 1.806490 -0.272971 0.508793 -0.582147 0.494135 -1.284921 -0.999705 0.269947 0.264914 -0.940625 -0.056607 0.292451 -1.508462 0.872931 -0.321627 0.964739 1.751847 0.085929 -0.277944 0.642063 0.108806 -1.377291 -0.955430 -1.065424 -2.234546 1.033693 -1.181055 0.340268 1.109482 0.175210 -0.888930 -1.823283 -0.242217 -0.410475 -0.343352 0.220509 1.515180 2.398964 1.907059 -0.733001 -0.182091 0.283082 1.503578 -0.274947 -0.621205 -1.186267 -1.151621 0.917142 -1.009314 0.387841 0.155516 0.313645 -0.738283 -1.115024 0.045774 -0.866457 0.272174 -0.849643 0.861771 1.000000
15 -0.801121 1.105305 -0.111519 -0.894724 -1.007063 -1.427586 0.752560 0.248843 -0.476476 -0.229340 -0.674590 0.343304 0.287517 1.549746 -0.324610 -0.060510 2.226018 0.316504 -1.492787 -0.697163 -0.869761 -0.490723 0.817766 -0.087762 -1.369356 0.534254 -0.731875 -1.222094 -0.994333 -0.420086 0.685045 -0.801416 -0.072325 1.001324 0.810156 -0.417452 0.294354 0.264746 -0.577446 -0.813400 -0.780213 -0.942478 -1.530228 -0.231910 -0.220074 -0.684446 1.913898 -1.025625 -0.352618 -3.875999 -0.689161 -0.882225 -0.747651 -0.932023 0.986586 1.524759 1.007070 1.350139 -0.944658 -2.604639 3.527466 1.000000
16 0.019220 1.363242 -0.208096 -0.579994 0.166668 0.811084 -1.630904 0.204831 -1.009713 -0.089612 -0.294851 -0.639897 1.380811 0.805786 -1.433352 0.752696 0.900383 -0.766542 -0.230980 1.479726 -1.163212 0.651599 1.511682 -1.185583 -0.584456 1.263406 -0.296053 -0.313410 0.579424 -0.545974 -0.623100 0.768414 1.743376 0.283567 0.494267 1.052608 0.879178 1.361541 -1.033589 -1.220270 -0.424291 -0.421693 1.004463 0.092068 -0.158078 1.435934 0.141094 0.685402 -0.415355 0.941159 -0.082979 1.068505 -0.997214 1.701106 -1.299807 0.916182 -0.287679 0.052104 -0.781121 0.368151 1.045362 1.000000
17 -0.170838 -0.181575 -0.809045 -0.593967 -1.252230 -1.804319 -0.153675 0.818498 -0.139905 0.064300 0.653073 0.832738 -1.816883 1.049237 1.800289 1.774509 -2.146513 -0.585990 0.449861 0.255479 0.849958 0.467668 -2.279651 -0.125909 0.578617 -1.130829 -0.056660 -1.604198 -0.169540 0.136010 -0.032625 0.343643 0.431945 0.904210 0.837543 0.257406 -0.520570 -0.433988 0.417921 0.520889 0.360434 3.031095 -0.989462 0.958603 0.070549 -1.124192 -1.464051 0.572710 -0.532838 -0.888175 2.316874 1.444661 -0.041184 -0.586531 -1.468245 -0.387229 0.031471 -0.852053 -0.481680 0.354649 0.795274 1.000000
18 1.039419 -0.361822 -0.264743 -0.494714 0.137951 0.417383 1.323219 -0.502154 1.690463 0.145085 -0.702161 0.619824 -0.403126 -0.448415 -0.351521 -1.454559 0.996209 -0.117990 -0.788901 -1.136601 -0.129926 -0.533677 0.696825 -1.657431 0.541105 1.022127 -2.835551 0.551357 0.989947 -0.781663 -0.706861 -0.784604 2.553157 -2.310321 0.322618 0.613970 -1.157243 1.224578 1.360198 0.794843 0.334836 -1.845144 1.070853 1.048381 -0.141879 1.122972 0.046789 1.034662 -0.720752 0.952849 -0.092974 -0.654691 -0.888090 -0.264536 -0.866003 -0.109782 1.045224 0.719629 -0.004675 -0.639389 45.772221 1.000000
19 -0.555912 -1.042147 -1.860125 0.051180 -1.177138 1.007671 1.739972 -1.968903 -1.299547 1.177139 0.144697 -0.140881 1.356951 0.131747 -0.249650 1.709459 -0.600691 2.182766 0.189384 1.592222 -0.977405 0.015283 -0.011499 0.921164 1.008165 0.433970 0.221429 0.459682 -0.376254 -1.393245 0.047281 0.463216 -0.132373 -1.076561 -0.420538 2.424302 1.090603 -0.756056 0.280887 -0.211736 0.242898 0.741202 0.526110 -0.590147 -0.324554 0.101461 1.368718 0.046584 -0.676218 1.380555 -0.838811 0.689284 1.185207 0.057461 1.460543 1.724210 -0.045414 0.507636 -0.722420 0.069462 107.923724 1.000000
20 0.353270 -1.340506 2.534878 0.077490 -1.337456 -0.171058 1.280186 0.549821 2.571887 -1.405375 0.605856 -1.207941 -1.252222 1.360710 -0.146291 0.127414 -1.630853 0.526000 -0.699015 1.318249 -0.036655 -0.018667 -1.122386 1.099676 -2.048912 -1.969291 0.583214 0.154606 -0.916783 -0.005472 -0.697051 -1.541622 -1.243271 -0.194400 1.015451 -1.597686 0.870802 -1.212981 -2.137813 0.103788 0.602782 1.044231 0.365769 -0.284016 -0.035947 0.320827 0.034327 -0.371335 0.168198 1.218756 0.142542 0.170018 -0.506324 1.061302 -0.110237 0.467229 -2.130726 -1.030833 -0.069781 0.456736 6.948094 1.000000
21 1.253341 -0.440561 -0.496301 0.802518 0.025250 -0.056846 -0.013934 1.626895 -0.471132 0.810757 -0.630236 0.667423 -1.458631 -0.339596 2.256087 0.334038 -0.102706 -0.099926 -0.576922 1.194212 -1.358986 -1.579946 1.687470 -1.641717 0.292967 0.750248 -0.950982 -0.373090 0.093806 0.419152 0.465285 0.453988 1.119889 0.031366 0.024419 0.625475 -1.463123 1.771439 -1.647195 -0.819669 -0.669213 -0.238802 0.422875 0.724904 -0.430866 -0.036402 0.709692 -0.612841 -0.149953 -1.086165 -1.274284 -0.207588 0.038422 -0.702918 0.591124 1.279912 -0.514232 0.744677 0.283516 0.954043 8.803283 1.000000
22 0.111764 2.350720 -0.198584 0.522625 0.952714 2.061096 -1.606603 1.566844 0.650812 -0.674959 -0.488013 -0.166328 0.908839 -0.643866 0.765630 -1.149236 -0.746798 -0.923065 0.450650 -0.248892 -1.199653 0.058154 -0.540653 2.111703 -0.862243 -0.877377 -0.094675 -0.206718 -0.516933 0.012567 0.571155 -0.995175 0.978745 -0.089836 -0.996437 1.878052 -0.771853 1.624893 -1.430621 0.402938 0.169874 0.042413 -0.567069 -0.974299 -0.870661 0.109148 -0.603056 -1.571298 -1.459327 0.914868 -0.238448 1.583228 -0.087120 1.982973 -0.346373 2.846575 0.694024 -2.129753 1.206710 0.648696 0.073738 1.000000
23 -0.565641 -1.342998 0.999244 -0.335954 -1.603206 -0.882436 -1.675795 -0.226680 0.396490 -1.957452 0.428752 -0.030728 -0.717882 -0.757343 0.045647 0.163720 -2.078833 -0.413902 -2.436610 0.153186 -0.332061 -1.503859 -1.218044 -2.590532 0.553242 0.856045 0.699744 -1.345386 1.354871 1.687292 -0.140082 0.542754 0.789328 -0.183385 -0.178639 -0.769566 1.276863 -0.991094 0.350192 -0.151346 -0.602471 1.410262 -0.569389 0.784687 -0.824368 -0.409895 -0.991043 -0.105604 -0.264308 -0.878708 0.816498 1.324004 -0.810883 -0.705316 0.761580 -1.487735 -0.098679 1.919671 -1.304053 -0.937253 0.543646 1.000000
24 0.071443 0.796680 2.193424 -0.237645 -0.940072 -0.241415 -0.524313 -1.900842 0.884798 0.108149 -1.033830 -2.189983 0.357476 0.632364 1.629574 -1.932608 -0.216190 -0.360737 0.072285 2.330374 -0.395367 0.513119 0.799764 -2.271432 0.878420 0.837474 -0.355647 -1.437694 1.605732 -1.808543 1.542849 -0.019691 0.567627 -0.150181 1.281550 -1.808783 0.741810 -0.475016 0.275355 -0.525009 -0.656215 0.406182 -2.353360 -0.111270 -1.196757 -0.376139 1.034694 -0.754062 0.081789 1.035085 -0.512905 -0.191350 -0.276613 0.304821 -0.283781 -0.164912 0.921913 -0.609369 -0.789407 0.537104 0.601120 1.000000
25 -2.098483 -0.714893 0.113670 -0.780694 -0.625673 0.452215 -0.131476 0.319155 -1.629600 -0.204487 1.221557 0.278768 -0.942490 -0.351117 0.360280 0.074557 -0.873673 -1.270800 1.382407 -0.305482 0.674997 1.099095 -0.018861 -0.809926 -0.014470 0.122200 -0.563486 1.417225 -0.409472 3.450017 -0.416089 -0.139500 -0.230874 -0.403906 0.013737 0.489462 0.246695 -0.409940 -0.719960 0.379589 -1.012386 0.245100 -0.706627 -2.127000 0.646052 -0.220297 1.801299 1.583072 -0.420488 -1.630165 -0.079439 -1.001363 0.092328 0.185871 0.676695 0.687588 0.008730 -1.448757 1.421791 0.807125 8.492227 1.000000
26 1.924754 1.220581 0.010495 -1.296793 0.145682 -0.500975 -0.277341 -0.119858 -0.128909 0.121807 0.014068 -0.368821 -1.374321 -0.464855 0.989590 0.170023 0.304829 1.488825 0.446995 -0.207728 1.292660 -0.968447 0.707329 0.554639 -0.854465 -0.859461 -1.712949 0.264498 -0.923425 1.247053 -1.355642 -0.757236 -1.199513 0.860865 -0.265583 -0.875898 1.502875 0.061525 0.428478 -0.362025 -0.106585 -0.151941 -0.564250 2.268951 -0.774455 0.531413 0.800094 0.714917 -0.078936 0.243428 1.006933 -1.773232 0.016588 1.306214 -0.835379 -1.095933 -0.151520 -0.399126 -0.182780 1.780856 0.412993 1.000000
27 -0.027032 0.193460 -1.315170 0.411374 0.464448 0.644805 1.295236 -0.232234 -1.921094 -1.684730 0.160361 -0.856469 0.794598 -0.182926 0.215788 -0.094140 -0.063075 0.006163 0.049267 -2.553779 -1.097427 0.523206 -0.646110 0.148322 1.929926 -0.459114 -0.896632 -0.124774 0.678584 0.007692 -0.536033 -1.763794 -0.410231 -1.122668 0.991578 -0.587632 -1.530382 0.322318 -0.773071 -0.372303 -0.381386 0.686846 1.305986 -1.919524 1.035572 -1.148309 -0.983176 0.250397 -1.472116 -1.612141 -1.695078 0.377606 -1.036753 -0.623164 -2.106403 2.094579 1.994135 -0.093163 0.697800 -0.176849 1.061027 1.000000
28 0.005160 -0.379057 -0.276021 -0.259191 0.173852 -2.837277 -0.659596 0.263532 -0.019865 -1.408889 -0.547877 1.930496 -0.157384 -2.033840 -0.301843 -0.166247 0.798537 0.171792 -1.436673 0.107984 1.424067 0.734151 0.112060 -1.873967 -1.388557 0.758495 -0.996652 1.046808 -0.855782 -0.046239 -0.999718 -1.857627 1.023583 -0.440952 0.781310 -1.016628 -0.723015 0.132445 -0.944420 -0.856653 -1.670215 0.880514 2.791308 0.075934 0.182859 -0.660683 -0.973895 -0.038455 -0.078246 1.307930 0.418531 -1.089346 0.615734 1.169883 0.375970 0.634714 0.145963 -0.610551 -0.643068 -0.841825 0.437790 1.000000
29 -0.202006 0.113390 -0.690402 -0.026783 -0.365215 -1.675506 -0.424426 0.210713 -0.372792 0.020975 -1.304905 0.417444 0.223346 -1.279399 0.704248 -0.883485 -2.354112 -0.916931 1.526131 -2.490555 -1.474796 -2.168619 0.385855 -2.070171 -0.293882 0.058316 0.398424 -0.272868 1.666575 0.578769 -0.990883 0.020440 -1.322879 0.196754 0.760124 1.419967 0.798673 0.319322 0.086444 0.525695 -0.473868 0.027901 -0.111592 0.470805 0.183002 0.263629 -0.904543 -1.943610 0.320143 0.531212 -1.998567 -0.664955 -0.638003 0.121948 0.079273 -1.622301 -0.524840 -0.716926 1.055709 -0.301345 1.909651 1.000000
30 -0.340447 -1.532590 -1.445470 -0.746419 -0.828170 -0.171091 -0.946479 0.198112 -1.412122 -0.855546 -0.845165 0.533841 -0.581455 -0.594858 0.596261 -2.048186 0.262320 -0.716357 2.079363 -2.141341 -1.008612 1.081700 -1.258847 0.953947 -0.241106 -0.651934 -0.903490 -2.056940 -0.341605 -1.345881 -0.357866 0.451289 1.975375 1.424550 -0.504717 -0.202442 -0.038319 1.950208 0.883977 -1.399364 -1.640060 0.795928 2.493767 1.094192 0.517069 1.452069 -1.848386 -1.464130 1.781629 0.045616 -0.300540 -0.306982 0.576545 -0.376796 0.199814 0.290931 0.861963 -0.965969 0.744956 0.274282 3.271294 1.000000
31 0.549084 1.747712 0.429623 0.193593 -0.771701 0.374449 0.940724 -0.654494 1.335323 -1.244172 -0.702968 -1.188255 -0.627714 -0.844800 1.011396 -0.365342 -0.504183 -0.019457 1.508022 0.426215 -0.622470 -0.196140 1.636784 1.065680 0.596217 1.284289 -0.417334 -0.281143 0.010247 -0.141561 0.561566 0.325248 0.941101 -0.403929 -0.634032 -1.604323 -1.433959 0.712568 0.548430 -0.443169 -0.213164 0.631492 -0.168183 -0.353669 0.385623 1.031299 1.113209 -1.345609 -1.012054 0.183782 0.154301 0.290471 0.052990 -0.937980 0.836994 -0.361766 0.128059 0.820583 0.374133 -0.616505 0.476253 1.000000
32 0.007391 -0.714223 -0.747945 0.716569 -0.172735 1.363282 -1.199268 0.607759 0.847770 -0.369228 -2.568687 0.801519 -1.710763 -1.257736 0.391013 2.193814 -0.239696 0.949705 1.192798 0.355394 -0.624120 1.085497 -0.419169 -1.187056 -1.112180 -1.247492 -0.072249 -0.697111 1.857940 0.101468 -0.013582 -0.440693 -0.965984 0.605212 0.961132 1.687910 0.972605 1.537089 0.588408 0.742187 -2.121476 0.067058 -0.722228 -0.505064 0.966904 0.502368 0.735769 0.226753 -0.844278 1.017753 -0.436390 1.726815 1.024084 0.637336 1.863027 0.685447 0.994033 0.361137 1.368759 0.246930 20.173153 1.000000
33 -1.694099 0.783961 1.271050 -0.425367 -0.470468 0.583616 1.666700 -0.002606 -1.005166 -0.093224 1.266816 0.904385 0.763838 -0.599607 -1.675860 -0.994351 1.192970 0.074911 0.772546 0.563261 0.005468 0.534253 -0.271152 -0.649925 0.145791 0.159487 -1.432322 -0.084598 -0.144713 -0.094036 -1.201711 -1.581328 0.799106 0.052568 0.759664 -0.825841 0.329166 0.615718 1.737843 0.668288 -1.923241 0.862036 -0.860201 -0.420144 -0.931171 0.826029 2.938534 -0.275493 1.315416 0.875645 -1.498961 0.116120 0.198486 0.013803 -0.854867 -3.228686 0.893497 -0.644603 -0.894316 -0.065995 1.484321 1.000000
34 -0.430792 0.301125 0.164570 0.084128 -0.657865 -0.090619 1.304205 -1.757327 -0.697696 0.400158 1.347140 1.806685 1.812432 0.293769 -1.440520 -0.648481 -2.620371 -1.246985 0.763932 1.472056 2.342279 -1.611694 -1.162179 -0.497289 -1.069738 -2.067860 -1.529320 0.075259 -0.110701 0.810056 -0.697340 0.860750 -0.821538 -0.237007 0.643032 -0.157654 0.778134 0.493537 -0.584505 -0.296188 -0.049355 -0.539699 -2.164062 -1.525081 -1.004159 0.553949 0.869190 -0.598440 0.714916 -0.534254 0.489365 1.734586 -0.301514 1.286594 0.508973 -0.704257 0.481527 0.658388 -1.284879 -0.816255 6.584884 1.000000
35 0.433318 -0.051867 0.364852 -0.345966 1.651632 -2.861608 -0.922179 2.691016 1.221483 -0.272419 -0.648055 -0.007491 1.211695 -0.702030 0.309886 0.084829 0.048749 0.419355 1.293224 -0.192686 -0.205175 -0.752365 -0.722625 0.275738 -0.245122 -0.725308 1.658290 -0.010997 -0.995807 -1.522925 0.506312 -0.958278 0.083680 1.293403 -1.503808 0.670609 -0.044965 0.682972 0.160840 -0.605296 -1.033688 1.023017 -0.633486 -0.253605 -0.165700 0.508363 -0.247393 -1.296960 -0.440730 0.395086 -0.223534 -1.307280 1.652914 0.377441 1.624526 -1.191828 -0.799662 -1.254798 1.447067 0.121834 1.948651 1.000000
36 0.751989 -2.691395 0.957185 -0.635530 -1.015115 2.136326 0.748075 -0.316463 1.957197 0.542217 -0.479672 0.813386 -0.117930 0.034437 -0.060093 0.191215 -1.204093 0.965238 -0.213106 0.016231 1.300900 -0.154125 0.539309 1.237282 -0.637073 0.941327 -2.071624 -1.851832 1.773239 0.678819 0.047218 -1.136238 0.560982 -0.527930 -0.454162 0.983714 -1.041137 0.840985 0.337274 0.489897 1.738020 -0.678226 0.878515 0.858652 -2.039684 0.569214 -0.635741 0.151784 -0.610247 0.898622 0.714765 -0.917498 0.847120 2.276560 0.831662 1.858897 0.201043 -0.131447 0.736931 0.251099 436.877620 1.000000
37 0.948679 0.087703 -0.116329 -1.744555 0.885383 0.201458 -0.448276 -0.916489 1.080011 1.390550 0.045083 -0.332649 -0.552845 -0.697617 -0.131848 -1.177092 2.178436 0.303933 0.158799 -0.515654 -0.545356 -0.629527 -0.628994 -0.719983 0.341536 1.484441 0.462049 -0.236475 -0.664979 1.064446 -0.130116 0.059689 -0.266786 0.330024 -0.054801 -1.045153 -0.072763 -0.797883 2.331069 -0.756376 -0.269605 1.015049 -2.351433 1.625448 -0.478299 -0.554375 -0.136796 -1.033360 0.444661 0.559942 -0.296755 0.413310 -0.332782 0.766545 0.080343 0.624219 -0.681974 -1.307720 -1.415330 1.542116 4.700628 1.000000
38 0.370233 1.195975 0.911141 0.014306 0.360419 -1.765061 -1.868215 1.048531 -0.411825 0.128211 1.073160 0.594589 -0.413350 -0.984279 -0.811058 -0.711997 0.793162 -1.636216 0.175756 -0.687557 -0.459762 0.714684 -0.994068 -0.498897 -1.351983 -0.215690 0.127263 -0.749872 -0.392078 0.875305 0.243398 0.113531 1.125830 0.686354 -1.191871 -0.162279 0.989458 -1.731041 0.826793 1.839805 0.759695 0.825464 -0.310973 0.210589 -0.244207 0.786470 0.071183 1.177955 -0.622731 -1.369964 0.393369 -0.212115 2.155241 1.701368 -0.596756 -1.522895 -0.044213 0.308331 0.391636 2.251231 0.007039 1.000000
39 0.419136 -0.080742 -0.983266 -0.305766 -0.314500 -0.920687 0.495156 -0.508192 0.590474 0.967613 -0.239106 -0.592621 -0.381401 -1.949104 -0.697341 0.250722 -0.608755 -0.304951 -1.768903 0.087079 0.634988 0.463803 -0.642545 0.405782 -0.758590 -0.153628 0.796758 1.667137 -0.331945 -1.181431 -1.777979 -1.861319 -0.428509 -0.347774 0.293032 -0.248887 0.921512 -0.925482 -0.234330 -1.465106 -0.970452 -0.503392 -0.733187 0.271315 0.387245 1.345725 0.637221 0.399111 1.356853 0.714745 -1.633117 -0.002805 0.616621 -0.820909 -1.531648 0.700762 -0.259598 0.750139 0.182586 -1.311652 3.806603 1.000000
40 -0.102177 0.687166 -1.540324 -0.354640 0.836275 -0.997117 1.651210 0.245770 0.994958 -0.189755 -2.382582 2.788803 0.203634 -1.296692 -0.972297 1.025738 0.576199 -0.530844 -0.662403 1.903409 -0.520864 0.456676 -0.549815 -1.189805 -0.442210 0.016050 1.038738 0.187551 0.761312 1.112927 0.831942 1.370931 -0.807826 1.416708 -0.797354 -0.797515 1.541624 0.173165 0.258589 -0.118821 1.528570 0.892795 -2.617575 0.602353 1.782952 0.024335 -1.087996 0.382210 0.701105 0.007559 -0.890210 0.136296 1.523862 2.596228 0.126277 -1.137552 0.612414 0.499188 1.212870 -0.575605 23.181211 1.000000
41 1.088180 -0.396107 0.821478 0.137028 -1.005623 -1.177817 0.112384 2.040082 1.486741 -0.127674 1.786859 0.045703 0.697913 0.253596 0.124760 0.035176 0.150729 0.975466 -0.997781 0.895720 0.536372 -0.760879 -0.182892 -0.658025 -0.940687 -1.112437 -0.387149 1.809523 0.251637 -0.233176 -0.629879 1.197210 -0.098370 1.256525 -0.000206 0.592639 0.090459 0.903077 -1.090147 1.500574 -1.673059 1.752019 -1.355711 2.034458 -0.592936 1.227727 0.368647 0.115292 -0.633363 -1.381088 0.937807 0.981795 0.512548 0.057124 1.388942 -0.130952 -0.110702 -0.298724 -1.113747 -1.122409 3.629325 1.000000
42 0.505488 -0.075608 -1.083290 -1.065634 -0.035926 -1.035472 0.447412 -2.070616 -0.754832 -0.517931 0.458017 0.791474 -1.938654 1.789814 1.175535 -0.319545 -0.585358 0.080991 -0.242167 -0.163064 1.056961 2.649707 0.018697 -0.785909 0.075233 0.796090 1.467403 1.861618 0.170349 -1.801325 0.296590 -0.732622 0.073098 -0.293992 -2.770169 0.667477 -1.970519 0.205386 -0.526263 -0.829264 0.236781 -0.355189 2.228506 -1.008605 0.010976 -0.133388 0.742151 0.243032 1.373405 1.002922 -0.676762 -1.140719 -0.067569 1.942571 0.214907 -1.434418 1.183617 -0.041360 0.246491 0.904749 0.204981 1.000000
43 0.819838 -0.010719 1.048140 -0.528776 -0.289403 0.832864 -1.407033 -2.490181 0.693254 -0.100928 2.482897 -0.216193 0.882842 0.796976 0.709716 -0.667116 1.801784 0.844070 -0.060715 0.319760 -1.393849 0.903036 -0.621348 -0.416349 -0.086301 -0.201010 0.942353 1.143123 1.142138 -0.625787 -0.552098 1.390136 -1.293899 0.609922 -0.210320 -1.153636 0.184698 0.289689 -0.173521 -0.306357 -0.328826 -2.538468 -1.311455 -1.279476 -0.804214 1.094478 1.125200 -2.334061 0.334879 -0.384137 1.198102 1.271916 0.085270 -0.096611 -1.916770 -0.474224 0.207023 0.800265 -0.289586 -1.152065 0.114382 1.000000
44 0.690049 0.182491 -0.066606 0.336770 -0.555272 1.593549 -0.586271 2.074342 -0.493820 0.365440 -1.249798 -0.547620 -0.948361 -0.155394 0.211613 0.501815 0.119410 0.178380 -1.089666 -1.116215 -1.651525 -0.691173 0.119995 -0.263724 0.351286 -0.843090 0.579358 -0.752850 0.747530 1.136605 1.154393 1.979514 1.435766 1.348238 0.047519 0.151462 0.236958 0.550582 -0.989981 1.107834 -0.399472 -0.484263 0.425087 1.009043 -1.168695 -1.961965 -0.260828 -0.298094 -1.351250 -1.976405 -0.820581 -0.040818 -0.868478 1.152948 0.673667 -0.297683 0.648652 -0.686251 -0.520865 1.261131 9.550125 1.000000
45 -1.628704 -1.128556 -0.140405 -0.604164 1.042274 -0.464442 0.425908 -2.802954 -0.587910 -1.655866 -0.992485 -0.640736 1.439683 -0.793993 -1.229719 0.086906 -0.283507 -0.650892 -2.150260 -0.331710 1.197432 -0.692948 0.588210 -0.703414 0.004600 0.140130 -0.424513 -0.010037 -1.786396 -1.203884 -0.885314 -1.164069 -1.683056 0.516032 -0.222467 -0.054037 -1.076468 1.989218 0.047594 -0.264178 -0.837951 0.078249 -1.035534 -0.710544 -0.270866 -0.057126 0.670262 1.118426 -0.811824 0.304636 -0.248861 0.735232 -1.763811 0.510573 -0.605251 0.386756 0.931138 1.729069 -1.407990 -1.576623 2.995016 1.000000
46 -1.167569 1.131657 1.437549 -1.310990 0.597350 -0.927069 -1.511237 0.261940 -0.716268 0.472199 -1.096485 0.072934 0.524241 -0.006134 0.923184 -0.190614 -0.563822 -0.300446 -0.988489 0.698189 0.523429 -0.911705 1.468320 -0.138817 -1.546565 2.127038 0.441815 1.484847 0.418512 -1.314578 0.500844 -1.255981 -1.662158 2.707479 0.631118 0.075534 0.007991 0.222741 0.644851 -0.046838 -0.342940 0.075880 0.453154 1.423066 0.796322 0.622383 0.297583 0.216620 -0.066084 -0.142408 0.461720 1.187643 -0.327588 0.581510 -1.001696 1.403623 0.500789 -0.152668 -0.009157 -0.276814 1.478701 1.000000
47 -0.923391 0.263080 0.328422 0.741771 -1.347870 -0.533337 -1.262775 -0.636042 -0.344942 -0.841522 0.348600 -0.882377 0.123770 0.848246 -0.138168 -0.481486 -0.369600 1.552100 0.062362 1.008744 -1.511645 0.800974 1.197111 0.006686 0.015064 0.600675 -1.894883 0.992883 -1.585725 0.288206 0.231478 1.342356 -0.133612 -1.270867 1.698265 0.779043 1.030411 1.096498 1.593373 1.078082 1.476143 0.447707 -1.427779 -0.829556 1.661733 -0.980430 -0.564782 -0.487212 -0.840771 0.598980 -1.653068 -0.406932 1.393575 -0.729796 -0.851948 0.041796 0.292453 1.335646 -0.286111 -0.194136 2.831130 1.000000
48 -0.147055 -2.474877 0.024723 -0.134169 -1.150884 2.086205 -0.006245 -1.634782 -0.861372 -0.796524 -0.498130 2.037926 0.754702 -1.440141 0.989796 0.626230 0.985983 0.266473 -0.607161 -0.035887 -0.585402 -0.290765 -1.900707 -0.656893 0.071337 0.431030 -1.560736 0.679955 1.458674 0.986437 -0.447766 0.835549 -0.831306 0.405756 0.950391 -0.301631 -0.376088 -0.656103 -2.543045 -1.120115 -1.156084 0.563486 2.675098 0.356190 2.161305 1.067956 -2.210558 0.370089 -0.057174 0.777121 -1.680506 -0.099336 0.018199 1.367259 -1.452161 0.235596 -0.010135 -0.493403 0.184742 0.472358 5.119431 1.000000
49 0.709713 0.044082 -1.924422 -0.655862 -0.342227 0.292144 -0.008066 0.395197 1.471212 1.235782 0.685692 -0.010282 -1.179972 0.873199 0.832989 -1.606525 0.002389 -0.136723 0.396714 0.699662 -0.300222 -0.895803 0.681595 -0.415836 1.291696 -1.348907 1.359697 0.831076 1.198678 0.748460 0.084010 -0.173058 0.169795 0.205283 -0.238545 0.958948 1.783736 -0.665923 -0.067065 0.033136 0.554427 0.668091 -1.445202 0.379666 -1.266617 0.548842 -1.548831 -0.116028 -1.687526 -1.789410 0.140109 -1.668413 1.615874 0.302433 -1.151158 2.619293 1.172441 0.434440 -0.457041 0.027646 80.319652 1.000000
50 0.004898 -0.982974 0.319578 -0.393924 0.567915 0.108406 1.478827 -0.797381 0.135311 0.612276 0.108656 0.857261 -0.930037 0.263724 -0.319201 0.105214 1.371400 -0.108850 0.214695 0.248294 -0.080000 0.576971 -0.040488 -2.277594 -1.700959 -0.504963 0.030988 0.616731 -0.473010 -1.066023 -1.931501 1.793324 -2.455536 -0.703608 -0.519220 -0.767365 0.112757 0.295855 -0.493548 -0.993171 1.540349 0.710853 -0.690650 -0.986902 -2.067307 0.498158 0.493160 2.196860 -0.253954 0.285275 0.760967 -0.348748 -0.636321 -1.104806 -0.016487 -1.098688 -0.803826 -0.052139 0.076819 -1.189940 9.670139 1.000000
uncorrelated Gaussian covariates
missing covariate fraction: 0.000000
no latent classes
   lambda(t|risk 1)=C, <t>=4.000000 for zero covariates
   risk 1: beta[1]=0.500000
   risk 1: beta[2]=0.500000
   risk 1: beta[3]=0.500000
   risk 1: beta[4]=0.500000
   risk 1: beta[5]=0.500000
   risk 1: beta[6]=-0.500000
   risk 1: beta[7]=-0.500000
   risk 1: beta[8]=-0.500000
   risk 1: beta[9]=-0.500000
   risk 1: beta[10]=-0.500000
   risk 1: beta[11]=0.000000
   risk 1: beta[12]=0.000000
   risk 1: beta[13]=0.000000
   risk 1: beta[14]=0.000000
   risk 1: beta[15]=0.000000
   risk 1: beta[16]=0.000000
   risk 1: beta[17]=0.000000
   risk 1: beta[18]=0.000000
   risk 1: beta[19]=0.000000
   risk 1: beta[20]=0.000000
   risk 1: beta[21]=0.000000
   risk 1: beta[22]=0.000000
   risk 1: beta[23]=0.000000
   risk 1: beta[24]=0.000000
   risk 1: beta[25]=0.000000
   risk 1: beta[26]=0.000000
   risk 1: beta[27]=0.000000
   risk 1: beta[28]=0.000000
   risk 1: beta[29]=0.000000
   risk 1: beta[30]=0.000000
   risk 1: beta[31]=0.000000
   risk 1: beta[32]=0.000000
   risk 1: beta[33]=0.000000
   risk 1: beta[34]=0.000000
   risk 1: beta[35]=0.000000
   risk 1: beta[36]=0.000000
   risk 1: beta[37]=0.000000
   risk 1: beta[38]=0.000000
   risk 1: beta[39]=0.000000
   risk 1: beta[40]=0.000000
   risk 1: beta[41]=0.000000
   risk 1: beta[42]=0.000000
   risk 1: beta[43]=0.000000
   risk 1: beta[44]=0.000000
   risk 1: beta[45]=0.000000
   risk 1: beta[46]=0.000000
   risk 1: beta[47]=0.000000
   risk 1: beta[48]=0.000000
   risk 1: beta[49]=0.000000
   risk 1: beta[50]=0.000000
   risk 1: beta[51]=0.000000
   risk 1: beta[52]=0.000000
   risk 1: beta[53]=0.000000
   risk 1: beta[54]=0.000000
   risk 1: beta[55]=0.000000
   risk 1: beta[56]=0.000000
   risk 1: beta[57]=0.000000
   risk 1: beta[58]=0.000000
   risk 1: beta[59]=0.000000
   risk 1: beta[60]=0.000000
