N=100
P=100
R=2
1 NA NA 0.728233 0.209798 -1.914596 NA -0.439038 -1.302293 1.241927 NA NA 1.452418 -0.904758 0.090951 -2.137547 1.818291 NA -0.261046 -0.658024 -0.501796 NA 0.471342 NA -0.208814 NA NA 1.039504 -0.113947 0.838429 1.414202 NA NA 0.185316 0.760530 NA NA 0.084249 NA -0.329259 0.509863 -1.144823 -1.608893 -0.369912 NA NA 0.117610 0.020001 1.812125 NA NA 1.501141 0.989594 0.755822 NA NA NA NA -0.618009 0.577219 NA NA 0.865295 NA NA -0.022087 -0.919477 -1.239743 -1.107594 1.969523 0.729708 NA NA NA 1.900702 0.287649 -0.009702 -1.476261 NA 0.098681 -1.501526 -1.364797 1.280817 0.537740 0.191455 NA 0.193509 1.139982 -0.064253 NA -1.249912 1.951490 -0.514542 1.106995 NA 0.219369 -1.175697 -0.100930 -0.508795 NA 1.885476 8.430713 1.000000
2 NA -0.054819 -1.617003 NA NA NA 0.384274 NA 0.938459 NA NA -0.260575 0.801220 -0.093465 -0.338418 1.780103 0.090870 -2.083457 0.728275 NA NA 0.689137 NA -0.497404 NA NA NA 0.524263 NA -0.559162 -2.099200 0.613152 NA 1.721222 -0.123494 -0.033883 0.230210 NA 0.695606 NA -0.894883 NA -1.242437 NA -1.357203 NA NA 0.327612 0.634102 NA NA -0.172622 -0.418798 NA NA 0.406316 -1.116344 NA 0.580573 -0.604582 NA 0.301739 NA -1.333085 NA NA 1.618365 -0.156657 -2.033773 NA 0.437787 NA NA 2.654656 -0.045770 1.549801 NA 0.666244 0.049729 -0.572598 1.597835 1.830605 NA NA 0.469878 NA NA NA NA 0.643465 2.587798 NA NA 0.581964 -0.859197 -0.081330 NA NA NA NA 9.222918 1.000000
3 NA NA 0.560907 NA -0.742112 NA -0.298607 NA 0.881518 NA -0.112830 -1.683913 NA NA 0.605712 NA NA 0.383958 NA 0.481675 -1.313068 NA NA -0.258433 NA 0.308226 NA 0.719364 0.786869 -1.847354 NA NA NA -0.711731 NA NA -1.140129 NA NA 1.563567 1.073941 -1.827177 NA -0.142170 -0.782115 -1.265500 0.910745 -1.159086 -0.238041 NA -0.022949 NA -0.628749 -0.662067 NA 0.435058 -0.625135 NA NA -1.063561 -1.348957 NA -1.361828 NA NA NA NA NA NA NA NA -0.289168 NA -0.060639 1.158098 -1.216559 -0.061093 -1.234717 0.425848 NA 2.694624 -0.742686 1.265902 NA 0.120769 -1.258569 -0.842506 -1.440858 NA -0.652212 0.751711 -1.088124 0.870567 NA NA NA -0.146731 0.211581 0.504421 1.956600 0.848163 1.000000
4 NA 0.219344 NA NA 0.218104 1.111556 NA -1.451502 0.349139 NA -0.090431 NA 1.473185 NA 1.093339 NA -1.526124 0.725361 NA NA 0.686172 -1.077028 -1.563062 0.052473 0.159783 -0.978946 -0.066212 0.393641 NA NA -0.893597 NA -0.815887 NA 0.997889 -0.079861 -2.031689 -0.189487 NA -0.223485 NA NA -0.710757 NA NA NA 2.207682 NA -0.056004 NA -0.759714 1.334587 NA -0.111277 NA NA 0.741639 1.369695 -1.063718 NA -0.411549 0.240617 NA NA 0.186222 0.053405 NA -0.777907 NA NA NA NA 1.055603 -0.263852 -2.050592 -1.371609 NA 0.114904 NA -1.017215 1.152932 -0.191936 NA 1.146155 -0.333559 -0.272495 NA 0.255182 NA NA NA NA -1.121608 NA -0.986987 NA NA -1.787409 -0.980675 NA 12.388794 1.000000
5 NA NA 0.111128 -0.041287 NA 0.057784 -0.645263 NA NA -0.181981 NA 2.780604 0.091169 NA NA -0.292861 NA NA NA -1.855578 1.082007 NA NA 1.141903 NA NA NA NA 1.025750 -0.925973 NA -0.472562 0.711153 -1.095216 NA -1.155838 NA 0.172027 -0.469860 -0.721935 0.074628 NA NA NA -0.784988 NA NA 0.405539 -1.006959 -0.511364 2.669588 -1.993525 1.244727 NA 0.315299 NA NA NA -0.355914 -1.115933 -0.070506 -0.705559 1.424264 NA NA NA NA NA NA NA 1.318606 -0.540451 NA 2.371572 NA 0.923227 0.801848 -0.879900 NA NA -0.082726 -0.363966 -1.086597 0.241364 -0.194698 -0.993831 1.214260 -0.937583 -0.054144 NA NA NA -0.457990 -0.721350 NA 0.422986 -0.066916 NA NA -1.058121 60.719179 1.000000
6 NA NA -0.382724 0.356270 0.478728 1.364392 1.041768 NA NA NA 0.901563 0.051050 1.098752 NA -0.090625 0.670683 NA -0.781720 NA NA 0.089437 NA 1.139595 0.188274 0.746630 0.289883 NA 0.221503 NA NA 0.523045 -0.251404 1.647570 -0.294766 0.386453 NA NA NA 1.294160 NA 0.479929 1.015614 NA NA -0.742663 -0.001627 NA 1.187356 NA 0.240413 3.468900 -0.285970 NA 1.048314 -0.566116 -0.129903 NA 0.506757 0.181225 1.274316 0.103126 NA 0.666609 -0.392272 -0.332547 0.284037 0.710357 0.263230 -1.178373 NA 0.370047 -0.721013 NA 1.216750 0.732505 0.280449 -0.090628 NA NA -0.058786 NA -0.656015 0.637101 2.085997 0.486144 0.616484 -0.784936 NA NA 0.463983 -0.393743 0.552175 0.850158 -0.412127 0.675913 NA 1.411937 2.159649 1.558691 NA 35.388121 1.000000
7 -0.488395 NA NA NA NA NA NA 0.221646 NA 0.622970 0.078384 NA NA -0.423554 0.994635 0.827325 -0.935690 NA -0.982531 -0.520953 NA NA -0.915531 0.185033 NA -1.361354 NA -1.188200 -1.119709 2.105929 NA -1.651926 0.521225 -0.041135 NA NA NA -0.218712 -0.360836 NA 0.302299 0.454542 NA -1.078475 0.176430 0.246525 NA -0.873227 -1.789248 NA 0.593245 0.683621 -0.796304 -1.066320 1.687301 -0.024016 NA -0.578932 NA -2.080195 -0.851518 NA -1.537328 0.914132 NA 0.236699 -0.749084 0.470716 0.334921 0.463216 0.363472 1.123220 -0.490696 -2.061706 -0.256467 NA NA NA 0.638860 -0.699702 0.406938 NA -1.818838 -2.260962 -0.080227 0.848985 0.328250 NA -0.225026 NA -0.035789 0.366666 -0.472816 NA 0.505387 0.694839 NA 0.774825 0.026278 -0.884775 0.106291 1.000000
8 NA 2.298912 NA 0.515836 1.480255 0.536949 1.227244 NA -1.630015 -0.368499 0.071962 1.107173 NA NA -0.803375 NA -0.400940 NA NA NA -0.889909 NA -1.592644 NA NA 0.345042 1.364247 0.133630 -0.036548 NA 1.448237 -1.449188 NA -0.904801 0.448285 2.132161 0.390663 -0.956645 NA -1.008010 0.551236 NA NA NA NA -0.967266 NA 0.058931 NA NA NA NA NA 0.604344 NA NA 1.114490 -0.853838 NA NA -1.238720 NA NA -0.518628 NA 0.126010 0.294221 NA -0.666686 NA -0.779876 -0.638210 NA NA -1.554563 -1.154803 1.428774 -1.609086 NA -0.002306 -1.741046 -1.160471 -1.093066 0.024170 -2.536363 NA -0.313829 NA NA NA -2.554406 -0.561346 -1.492898 NA -0.910656 -1.384806 NA -1.886116 0.126528 0.875498 0.734738 1.000000
9 1.034018 NA 0.521185 NA NA NA 0.973988 -0.816215 NA NA -1.198032 -0.588409 NA -0.271606 NA 1.517033 NA NA -1.367493 0.217065 NA -1.045904 -0.134850 0.369573 -0.227157 -0.272493 -0.525138 NA 0.664432 0.432875 -0.725804 -0.739686 -0.155098 NA NA 0.132735 0.713609 1.376366 NA NA -1.147456 -0.081845 NA 0.207242 -0.414195 -0.785751 NA NA -0.070154 NA NA NA NA NA NA NA 0.368132 1.928611 NA -0.854348 -0.481944 NA 1.076423 -0.577567 NA NA NA 1.681856 NA -1.285787 NA NA -0.817017 0.128260 NA NA 0.993762 -0.076254 NA 0.311278 NA -0.257946 -0.771415 NA 1.480049 NA NA 1.010373 -1.222666 0.490190 NA NA -0.533103 -1.044370 -1.351904 -0.799197 -1.532757 -0.201667 NA -1.357645 1.658528 1.000000
10 NA 0.388851 0.445412 -0.515626 NA NA NA -0.383458 NA -0.343074 NA 1.037713 0.858094 1.474653 NA -0.144749 -0.484647 0.407990 NA 1.042371 -0.214169 -1.444613 NA 0.778498 NA NA NA 0.718973 NA NA NA 0.236940 NA -1.029333 -0.737160 0.256202 NA NA -0.474649 NA 0.574312 NA 1.686622 1.018940 NA 1.473652 -0.282741 -0.102389 NA 0.352485 NA NA NA NA NA NA 1.433172 NA -0.741971 -0.930366 NA 0.404153 NA 0.583207 NA 0.305171 3.125794 -0.066126 0.353253 3.663233 1.199786 1.161719 NA -0.137221 -0.011092 -1.642577 NA NA NA NA 0.555019 2.809886 NA 1.006634 -1.528342 -1.423109 -0.549550 NA NA 0.539403 0.709918 NA -0.540142 NA -0.557113 -0.666016 1.052871 1.439061 NA -0.056930 1.530047 1.000000
11 0.447993 -0.014162 -1.896740 NA 0.028729 NA 0.358644 0.433981 NA 0.671647 NA 0.510520 NA 0.214588 NA NA -0.125298 -0.276701 NA NA -1.016968 2.073741 0.170814 -0.229382 1.385008 -0.567268 1.264307 NA 0.671862 NA -0.731815 NA 0.300594 NA -0.733565 0.372728 -0.251626 0.389171 NA 0.991242 -0.101491 NA NA 0.488455 NA 0.100075 0.383768 -1.489159 -1.229283 NA 1.908500 -1.246938 NA -1.410551 NA 0.087433 NA -0.230304 0.931364 NA -0.576851 1.415240 -1.272096 0.079624 -0.037914 NA -0.186707 -0.570898 -0.500865 0.739363 0.724366 NA NA -0.456303 0.411058 0.543992 0.517759 1.306910 -0.050937 NA -0.627152 NA -0.094598 -0.431702 0.255946 NA 0.609419 NA -0.282476 -0.282750 NA NA NA -0.775173 NA -0.465972 0.241571 NA NA NA 73.933433 1.000000
12 -1.320731 -0.656101 NA NA 1.816216 -0.330815 NA NA NA NA -0.070891 NA 0.606673 0.089512 0.701941 1.480354 -1.251124 1.111498 NA -0.357451 1.160224 0.911277 NA NA 1.043502 -0.899817 -1.092057 NA NA -1.245916 1.110145 1.117719 -0.321689 0.522394 1.264683 NA 0.175942 0.197976 NA NA -2.067369 NA 1.142921 -0.588001 NA -0.139570 0.161857 1.552296 NA NA -1.270182 0.127234 0.591041 -0.160729 1.146464 0.527401 NA NA -0.731911 NA NA -0.018205 NA NA NA -1.032837 NA -0.346610 -1.165403 -1.874649 -1.014079 -1.025552 NA 0.811933 NA NA 0.564655 -0.739002 1.329013 NA -0.157202 -0.670889 0.276595 -0.529186 0.349171 NA NA NA 0.514588 -0.797172 NA -0.460790 NA NA -0.147850 NA -1.291418 NA 1.101272 NA 10.078666 1.000000
13 NA NA NA NA -0.494856 0.882630 0.892953 0.851334 -1.643955 0.555818 NA -0.121092 -0.233701 0.310409 NA NA NA -0.593716 NA NA 1.079365 -0.273869 NA 0.775522 0.309937 NA NA NA NA 0.048993 0.905186 -0.255791 -2.268052 2.265494 NA -0.909129 NA NA 1.465398 NA -0.178344 1.276605 0.351655 NA NA NA NA 0.562770 1.631568 -1.581687 1.255786 -0.190459 NA NA 0.410474 -0.814014 0.156888 0.024625 NA -0.767329 -0.124642 NA NA 0.061661 0.471679 -0.467317 -0.268979 0.274249 NA -0.333517 NA -0.643839 NA 0.002145 NA 0.478009 -0.628844 NA 1.087962 NA -0.614587 0.533123 1.441724 NA 0.351695 NA NA NA NA -0.095931 NA 0.172695 NA -0.661485 NA 1.200898 NA NA -0.985711 NA 6.906177 1.000000
14 NA NA 0.217029 -0.347751 2.192781 NA 0.173970 -0.378896 NA 0.280249 NA 0.599370 NA -0.721417 0.230316 NA NA NA NA NA NA -1.283417 -0.101787 -0.110258 -0.643264 NA -0.070326 1.239990 NA 0.372789 1.616110 NA NA NA 0.705519 NA NA NA -0.773239 -0.773753 NA NA -0.612560 NA NA NA NA NA NA NA NA -1.014354 NA NA -0.619900 NA 0.220333 -0.294411 -0.814930 1.361746 NA -0.618874 NA -0.482135 0.472381 NA 0.066024 NA NA 0.672888 0.429081 -1.203574 NA NA NA 0.428166 0.394425 0.912982 -0.138417 1.667758 NA -1.060777 -1.547465 NA -0.395910 NA NA NA -0.357541 -0.111495 0.198066 1.277468 -1.529056 NA 0.374654 NA -0.473520 -0.137776 -1.273628 -0.820468 0.507749 1.000000
15 1.423149 1.444619 0.861250 0.365344 NA NA -0.779507 -1.322432 NA NA -0.793577 -0.642038 NA NA NA NA -0.155558 NA NA NA NA -1.203261 1.652707 -0.259094 NA NA NA 1.348003 -1.682272 0.352575 NA 1.163782 NA NA 1.570203 0.475479 -0.815197 -0.027582 NA 0.275067 0.483765 NA NA NA NA -0.185923 NA NA -1.422466 NA NA -0.160013 -2.050542 NA NA 0.608705 -0.610528 -0.784958 0.958026 -0.376670 -0.125700 -1.185803 0.741231 1.285140 0.072022 0.989698 0.904865 0.782920 NA -0.253915 1.269882 -1.685994 NA -0.711206 NA -2.602424 NA 0.424499 1.621705 1.598222 -0.121276 0.392799 -1.215321 NA NA NA NA -0.052516 0.161288 0.303735 0.075046 -0.009709 -1.446085 NA -1.567088 -0.554976 0.164847 NA NA 0.777018 0.300666 1.000000
16 NA -0.092354 1.654552 -0.243857 -0.550332 -0.263918 0.207942 NA 0.104840 NA NA NA NA 0.031630 0.585478 -0.385089 NA NA NA -1.152426 0.435752 NA -1.340618 -1.042600 1.659723 -0.106031 0.386522 1.722906 NA NA 0.313030 0.347318 -0.019914 NA NA -0.192199 NA -0.714240 0.392917 NA -0.568113 0.172251 1.347064 0.230619 0.120179 -0.208725 NA -0.604391 0.977771 -0.178945 NA NA NA 1.003453 -0.414236 NA 2.032107 -0.281867 NA NA NA NA -0.156791 -0.591965 NA 0.052203 1.262775 NA NA -0.497555 -0.041826 NA -0.437585 0.043041 -0.954309 1.728095 NA -0.922514 NA NA -0.549695 NA NA NA -0.272483 -0.665980 NA 0.418228 0.341681 2.004002 -0.791031 NA 0.380467 1.295771 0.133022 2.851205 NA -0.406604 NA NA 6.847850 1.000000
17 -0.541794 -0.378912 -0.639493 -0.705299 NA -0.963867 NA NA NA 0.299567 0.295683 0.856119 -0.372320 -0.829247 NA NA -1.363569 NA NA 0.050131 NA 1.884333 NA 0.776858 NA -0.558465 -3.013310 NA NA -0.178362 -0.793852 NA -0.493684 NA 0.758164 1.612323 1.103375 0.345763 -1.005143 -1.043020 1.021045 NA -0.645900 NA -0.819053 NA -1.783865 0.090327 NA -0.036524 -0.387324 NA -1.281808 NA 0.491235 2.040672 NA -1.130837 -0.144620 -1.113757 NA -0.862311 NA NA NA -0.078060 NA 1.508989 NA -1.476184 0.643348 NA 0.855746 NA 0.901655 NA 0.218101 -2.140137 NA -0.336719 NA -0.462996 NA -1.377317 2.069712 -1.352840 0.338527 NA NA -0.774070 1.758727 NA NA NA NA 0.047037 -0.824017 -0.280378 NA -0.823471 186.816962 1.000000
18 0.938367 1.263100 -0.627766 0.423560 1.842764 NA -0.084272 NA -0.390685 -0.068058 -0.771190 NA 1.563242 NA NA -0.846095 NA -0.396568 NA -0.602189 NA -0.285522 0.786044 0.330375 -0.088874 -0.227158 NA NA -0.894094 -1.145086 NA -0.595353 NA NA NA NA NA 1.437837 0.764726 1.760715 -0.673421 2.188472 1.467328 -0.473909 0.436361 0.580082 0.044857 NA -0.186507 -1.620394 0.706692 NA NA NA NA -0.089253 -1.521218 -0.531408 1.286031 -0.183357 NA NA -1.067868 NA NA -2.112247 NA NA -0.419261 NA NA 0.500419 NA -1.219859 -0.281004 NA -1.194052 NA -0.239938 2.826087 1.006616 0.333938 -2.673193 -0.009940 -0.551148 NA -0.656638 1.093633 NA NA 2.386002 0.076493 NA NA NA -0.164506 0.319208 0.137336 1.391653 0.552131 0.060604 1.000000
19 0.047611 0.333124 0.129330 NA 2.147629 0.029460 0.055094 NA -0.438357 NA -0.875107 NA -0.502213 NA 0.040264 NA 0.066266 -2.091302 0.817864 1.995340 NA NA NA NA 0.592869 2.348550 NA NA NA -0.493659 NA NA NA NA 0.163627 1.155259 NA NA NA NA NA NA -0.708935 -0.276737 NA NA 0.397343 1.202099 NA 0.810421 2.077642 -0.797608 -0.539095 0.811118 NA NA NA -0.439080 NA -0.664157 -0.466415 NA NA -1.038431 NA -0.422174 NA -0.751361 -1.669034 0.531763 -0.289231 NA NA NA NA -0.133577 0.552692 1.444910 NA -0.304298 NA NA 1.214741 0.438090 NA 0.328834 NA 0.827256 1.056494 NA -1.774905 NA NA -0.946238 -1.217387 0.279027 0.349271 0.353369 -0.824973 1.037059 0.202038 1.000000
20 -1.374905 NA -0.927049 1.733487 -0.564455 NA 1.118054 NA -0.591582 NA NA 0.012719 0.051090 NA NA 1.759889 NA -1.177246 2.045200 -1.765846 0.991879 -1.390816 NA NA 0.547031 1.215243 0.347768 0.782210 0.077072 0.333044 NA 0.583989 0.279255 NA 2.757314 -1.197970 1.098754 0.206011 NA -1.282462 0.152874 0.638866 NA NA NA NA 1.492572 1.236321 -0.485342 NA 0.752213 NA 1.333948 1.043892 NA NA NA NA NA -0.143433 -0.460511 0.888403 1.121697 0.199633 NA -0.501415 0.737129 1.033048 1.527532 NA -1.548582 NA -0.630637 -1.113190 0.324173 -0.200182 -0.057083 0.319460 -0.596823 0.009793 -1.481926 -1.575822 -0.004673 NA NA 0.654534 -0.181593 -0.300675 -0.722402 -0.909745 NA NA NA NA NA 1.075745 -1.614327 -0.400410 0.833814 -0.823031 3.184197 1.000000
21 NA NA NA NA -0.326514 0.115773 -0.420115 -1.078097 0.564123 0.442741 0.460536 NA -0.851602 0.651944 -0.272907 0.502829 NA -0.074364 -0.720373 0.559273 NA NA 0.268359 NA -0.430391 NA NA -0.507238 NA NA NA NA NA NA -1.464779 NA -0.030328 NA -0.380819 -0.012473 -1.702102 -0.341746 NA NA -1.241487 NA NA NA NA -0.497738 1.549405 0.064795 NA -0.968157 NA NA NA 0.595286 NA NA -0.052018 NA NA 0.199470 NA 0.427457 -0.808596 NA NA 0.297302 NA NA NA NA 1.474719 NA -0.637632 -1.510919 0.196342 -1.472172 NA NA -1.909872 2.516367 NA 0.029579 0.205209 0.428283 NA NA 0.306652 -0.851045 NA -0.209847 -0.652129 NA -0.124643 NA 2.861545 NA 0.023237 1.000000
22 1.660967 -0.531175 -0.203078 1.171497 NA 0.489623 0.581966 -0.645988 -2.271679 -2.482216 NA -0.724168 -0.803689 NA -1.211933 NA NA 1.772969 NA -1.490363 NA 1.637491 -1.302652 -1.909670 NA -1.205042 0.976925 0.117040 -0.745819 NA -0.024571 NA -1.667721 NA -0.754116 -0.286012 0.284274 NA NA NA 1.237132 -0.385099 NA NA 1.363539 -1.074913 0.725367 NA 0.754239 -0.360221 -0.584427 0.592368 -0.970961 0.451823 NA NA NA NA -2.295613 -1.532698 0.315758 NA 1.414560 NA -1.430643 -0.379411 NA -1.427467 0.036476 NA NA NA -0.270138 -1.421067 NA 1.436238 0.751403 NA -0.482169 -0.323151 -1.158241 NA NA NA NA 0.151984 0.574720 NA -0.866732 -0.594649 -0.864271 NA 0.382223 -1.948434 2.159222 1.769502 0.193496 -1.890452 NA NA 0.772119 1.000000
23 NA -0.316928 -0.051343 NA NA 0.255690 -0.851026 NA NA 0.597353 -0.684627 0.192244 -0.403156 0.604343 NA 2.486414 NA 0.747616 NA NA -2.956565 -1.067262 -0.336342 -0.230077 NA 1.078183 -0.100926 -0.159933 1.523969 NA NA NA NA NA NA -0.289558 NA NA NA 0.490756 0.540148 0.186389 -1.854272 -0.323370 0.440273 -0.529759 0.258040 -0.364309 0.689210 NA NA NA NA -1.193002 -0.186695 NA NA -0.322439 -1.228355 NA 0.418511 -0.129679 NA -1.281430 NA -0.411607 NA 1.301464 NA NA NA 0.553486 -0.318149 NA -1.290235 0.036810 0.163313 -0.078131 0.264332 2.103752 -0.053756 0.549330 -0.413957 NA -0.627019 0.826573 0.454569 0.871405 0.218913 -0.463760 -0.501582 -0.821666 0.870439 -0.069292 NA 0.381031 NA -0.912470 -1.180049 NA 36.848252 1.000000
24 NA NA -1.981999 -0.023916 -0.631489 NA 0.177696 -0.104232 NA NA NA 0.664620 1.044414 0.793345 -1.327578 0.293534 0.091280 0.188090 NA 1.075184 0.431304 -0.638698 NA -0.010126 NA NA 0.683507 -1.209123 0.290914 -0.226259 0.697284 1.048238 NA NA -0.745065 -0.876948 NA NA 0.676932 0.402961 NA NA NA -0.004127 NA -0.353980 -0.422346 NA 0.699772 NA 2.389392 NA 1.575764 -0.688076 1.168239 NA 0.460485 -0.290693 NA 1.437182 0.500615 1.634543 0.538002 NA NA 1.042659 0.506946 NA 1.216678 1.071067 NA 0.099723 NA 0.116383 1.173803 NA 1.403408 0.184486 NA -0.183858 NA NA 0.467630 -1.080382 -0.749064 NA NA NA NA NA -1.175216 NA 1.160928 0.944861 0.378672 -0.334326 NA NA 1.811015 0.725110 526.093634 1.000000
25 -1.385808 NA -0.386765 0.142228 NA -0.150314 NA NA -0.664591 NA 0.220816 0.256412 0.355644 0.774954 NA 0.303114 -0.801885 0.228089 0.376024 -2.068742 -1.211632 0.476905 1.196094 -0.077904 -0.078600 -0.196465 -1.970742 -0.002122 0.224987 NA -0.518285 0.065423 -0.450464 NA 1.164620 -0.691175 -0.508539 1.191900 0.830961 NA NA 1.962805 0.842910 0.904125 NA -0.824957 -0.437319 NA -0.381839 0.002066 NA -0.547348 NA NA NA NA 0.041546 -1.000576 0.678330 -2.443805 0.446030 -0.155830 NA 1.161256 1.330163 NA 1.137838 NA 0.787085 0.512200 NA -0.231411 -1.077030 0.191629 -0.591836 NA NA NA -0.781494 -0.288355 NA -0.865641 NA -0.869268 0.590707 NA 0.712479 NA NA -0.242174 0.065502 -0.214936 NA NA NA 0.405164 2.131621 NA 0.389726 NA 0.268118 1.000000
26 NA 1.187281 -0.161821 0.388795 2.283445 NA NA -0.043819 -0.218112 -0.585378 -0.598692 NA NA -0.655757 0.646117 1.047713 NA NA 1.371885 NA -0.300631 1.162585 NA 0.402791 NA -0.584534 NA NA -0.166959 0.725941 1.664030 NA -1.333014 -0.032308 NA -2.000694 -0.815710 NA -0.015474 2.618188 NA NA 0.716186 NA -0.701371 0.179264 0.959373 -0.465233 -0.038411 NA NA 1.032975 NA -0.374306 NA NA NA -0.145242 -0.544287 -0.879460 NA NA NA -1.041315 NA NA -0.582294 NA NA -0.652732 NA NA NA NA NA NA -0.189426 0.350729 NA NA 0.213233 -0.401626 NA -1.575007 NA 0.775688 NA -0.414844 1.306556 1.732094 NA -0.254118 1.062887 -0.696089 -0.380130 -0.263742 NA -1.592268 NA -1.400874 0.309697 1.000000
27 NA NA 0.839321 0.000306 -1.649347 -0.557679 NA NA NA -1.371207 -1.216696 1.148339 NA 1.524367 0.993448 0.267736 NA NA NA 2.325283 NA -0.384946 NA 0.255290 -0.904429 0.565356 -0.581297 -0.157898 0.955138 -1.031597 -0.854351 NA NA 0.512027 NA NA 1.119818 -0.578222 2.303996 NA NA -1.089402 0.744255 NA -0.230454 -0.871641 NA NA NA -1.043234 NA -1.423121 NA -0.279567 -0.040057 NA 1.403607 NA 0.953348 NA -0.250584 0.461692 -0.255252 NA NA -2.066919 -1.896088 -0.986746 NA NA -0.832685 0.861724 NA NA NA -0.275622 -1.069869 -0.491247 -0.624564 NA NA 0.523666 -0.276486 NA 0.093820 NA NA NA NA 0.582292 NA 0.754358 NA -1.096924 1.048336 0.579284 0.532775 NA -1.454712 0.003996 25.387122 1.000000
28 0.135634 1.081355 NA -0.939620 -1.115900 0.266279 0.987962 0.380004 -0.274343 1.446191 0.845307 0.108195 -0.312046 NA NA NA 0.101918 NA NA -0.855366 NA -1.727707 NA NA NA NA 0.406337 NA 0.578025 -0.220672 NA 1.964761 -0.399336 NA 0.105451 0.438919 0.074793 0.109589 NA -1.631412 0.455345 -0.220331 -0.318818 NA NA 1.649122 -0.921718 NA NA 1.595932 -0.279323 NA -1.266566 1.113649 -0.725848 0.566690 0.128234 NA 0.645835 NA 0.193139 -0.452311 -1.547865 0.507775 NA 0.331531 -1.648813 -0.672752 -0.055089 0.664018 -0.069710 0.780394 NA -0.202941 NA NA NA -1.021970 NA 0.054910 NA -0.386785 -0.440377 NA 1.188022 NA NA NA NA -0.832547 1.095408 0.374095 NA 1.542548 0.053180 0.367500 -0.264146 NA NA NA 23.209518 1.000000
29 NA -0.418106 0.099154 2.031023 -0.737075 0.327431 NA NA -2.101689 2.871527 0.169572 -0.182505 NA 0.670968 -0.597083 NA -0.182424 NA 0.554189 NA NA 0.579061 0.327318 0.000766 NA -0.068035 -0.613410 -0.163534 NA -1.111529 0.891699 -0.764400 -0.491030 0.172856 NA NA NA NA 0.336005 -0.534639 -0.609906 NA NA 0.834940 NA NA NA NA 1.309416 NA NA NA 0.862986 1.317562 NA NA -1.215691 NA 1.039805 NA NA NA 1.228716 NA 1.080115 2.314055 0.870660 NA 1.665706 -0.021096 -0.585588 3.041003 -0.014956 0.656658 -1.582612 1.404322 0.499932 0.435138 -0.198085 0.350478 NA -1.067931 NA 0.596525 -0.119667 -0.912462 -0.981227 NA 0.462784 0.417095 0.680880 NA NA NA NA NA 0.598314 0.438947 -0.187479 NA 5.237947 1.000000
30 -0.553261 -0.475514 -0.449051 -0.369414 -0.597428 0.132838 NA NA NA 0.300685 -0.117031 NA -1.039516 NA 0.457331 NA 2.629095 NA NA -1.399245 0.096724 2.614015 NA NA NA NA 1.518337 -0.582702 NA 1.553506 -0.427301 1.198407 2.020648 0.149920 -0.463503 NA NA NA NA NA -0.105168 NA NA 0.654594 -0.171892 -1.839288 0.138800 NA NA -0.222313 0.084114 -1.399437 0.381485 0.375946 NA -0.647975 NA -0.373940 -1.054108 -0.186974 NA -0.811894 NA 0.738229 NA -0.683851 0.095189 -1.163595 0.345176 -0.062942 NA -1.224236 -1.293148 NA NA -0.778310 NA -0.708414 0.532367 NA NA 1.222232 NA 0.849419 NA NA NA 0.159621 -0.923289 NA -0.208237 -0.429966 -0.190417 NA NA 1.374268 NA NA 1.512634 NA 5.143639 1.000000
31 -0.486268 -0.504184 NA NA 0.067990 0.406125 NA NA NA NA 0.249349 NA NA -1.065250 NA -0.255003 NA 0.629991 -2.860014 NA 0.965248 -1.115417 0.730210 0.901132 NA NA 0.024963 -1.330333 NA 0.944083 NA NA 0.244230 -0.247138 -0.251847 1.112803 0.735458 -0.521480 -0.785267 1.034888 0.134810 -0.402889 2.883909 -0.396116 -0.126012 -0.398793 0.696944 NA NA -1.065154 NA -1.977841 NA NA 0.491271 -0.257767 NA -0.414922 -2.602432 NA 0.475346 NA 0.389444 -0.644994 -0.438637 NA -0.724635 -1.698162 2.173850 NA 0.662056 NA -0.253719 0.291598 -0.645735 0.651896 1.070730 -0.280645 -2.206152 1.045102 NA NA -1.774406 NA -2.340037 0.664309 0.226687 1.115165 -0.593751 -0.081946 NA NA NA -0.609750 1.672512 NA -0.088081 NA -0.279199 -1.185379 18.999493 1.000000
32 -2.257149 -1.139562 -0.722697 NA -0.203294 1.457636 1.093499 NA NA -0.899053 -1.230754 1.242818 -2.403040 NA -1.291320 1.162943 NA NA NA 0.658976 NA NA -0.735631 0.484216 0.050407 -1.130363 -0.001018 -0.149937 NA -0.836136 NA 0.292674 0.565940 -0.515873 -2.056827 0.191713 0.407341 0.010952 NA NA 0.015402 NA -1.326938 0.639034 NA 1.341448 -0.598242 -1.594973 -0.802833 1.544201 -0.366591 NA 0.290688 1.291617 -0.625909 NA NA -0.307915 NA NA NA -1.288462 -0.630630 -1.122868 NA -0.970236 -1.100040 NA NA 2.072149 -0.045949 NA NA NA NA NA NA -0.526663 NA 1.466396 0.223036 NA NA -0.648597 -0.234216 NA 2.719974 0.726539 1.331436 NA -1.085261 -0.769332 NA NA 1.005957 -1.415548 -0.092416 -0.187078 0.851751 NA 2.332783 1.000000
33 0.385818 0.248697 -0.763017 0.010690 NA NA NA NA NA NA -0.092067 -0.453918 NA NA -0.291971 -2.410734 -1.264078 -0.614570 -1.119958 -1.571597 -0.682751 NA 0.982690 NA NA NA 0.024559 1.114704 NA 1.148985 -0.972504 NA 0.435010 0.866305 0.623611 NA -0.606404 -0.517841 -1.430431 NA -0.242051 -1.023010 NA NA 0.976439 -1.076510 NA NA 1.003088 NA 0.952595 -0.834017 NA -0.131475 NA 0.123395 0.430962 -1.516044 -0.387209 NA 1.865517 NA 0.906208 NA 1.085406 0.182808 NA NA 0.623761 NA -0.908749 -1.280121 -0.836035 NA 1.801445 0.269219 NA 1.086568 NA -1.244747 NA 0.295568 0.439131 -1.262325 NA 0.559112 0.384949 -0.638060 NA 0.018187 0.761464 -3.573265 NA NA -1.460230 NA NA NA NA 0.210906 4.879314 1.000000
34 NA NA NA NA NA NA -0.628186 NA -0.397490 NA NA NA 1.946173 NA 2.162525 0.190840 -0.493897 NA -0.346565 NA NA NA -0.537511 0.540916 2.146160 NA NA -0.606719 -0.463921 0.765558 NA -1.125954 NA 2.219929 1.349471 0.562103 1.272609 0.951443 1.789073 -1.320125 -0.522436 NA NA 0.137527 NA NA 1.618197 0.680379 -0.230426 NA NA -1.022546 NA 1.882934 2.196900 2.261995 0.262671 1.701528 NA NA NA 0.117084 -1.330382 NA -1.510959 -0.773490 NA -0.558712 0.342700 NA NA NA 0.314055 -0.968626 NA -1.032353 NA -0.307791 1.238459 NA NA 1.680801 NA -0.918986 NA NA 1.511680 NA NA 0.272817 0.820688 NA -0.909713 NA NA -0.122251 NA -0.125573 1.332922 -1.354418 40.294167 1.000000
35 NA -0.530815 NA -0.372848 1.026671 0.664300 0.210185 -2.660368 -1.390285 NA -2.814047 2.338295 NA 1.171612 1.667036 -0.124759 -1.398121 -1.744476 1.240705 0.964757 -0.519116 1.275373 -0.234869 NA 0.917515 NA NA NA 0.630318 0.029884 -0.387310 -0.712695 NA NA -1.838246 1.335524 NA 0.767685 NA NA -0.274847 NA 1.420532 NA NA NA 1.395544 -1.887032 -1.815620 NA NA -1.381978 NA NA NA 0.505382 0.734520 0.567564 -0.137957 NA NA NA 0.328267 -0.006895 NA 1.120499 NA NA NA 0.969529 -1.063298 0.009719 NA -1.733559 -1.052682 0.337421 -0.368942 1.838072 NA NA 2.129115 1.614763 -0.966578 NA NA 0.489087 NA 3.428606 NA 1.164069 0.709801 NA NA 0.283805 0.006154 0.294631 NA 0.297126 -1.565977 NA 0.146516 1.000000
36 2.826368 -0.302354 NA -1.262898 NA 1.549159 NA 0.449595 -1.900832 NA -0.485013 -0.522859 -1.068100 0.199395 -1.360767 NA 0.815684 -0.501891 -0.692521 NA -1.771138 NA NA 1.408631 NA -0.733807 1.145077 0.106908 0.087024 1.335220 -0.034539 -0.734603 0.950008 0.999407 NA 0.861643 -0.075478 -0.495985 -0.298580 NA -1.006463 NA 0.411182 -1.212524 -1.542822 NA NA -0.117708 0.553172 0.844042 NA NA NA NA -1.462560 2.487192 NA 2.078377 NA 1.049359 -0.764359 -0.292421 -0.775444 -0.619856 NA -0.838060 1.044955 -0.634199 0.019460 -0.422468 NA NA 0.228671 0.073647 0.717358 NA -0.089796 -0.169688 1.007030 -0.835552 -1.424480 NA -0.292833 NA 0.627447 0.804354 0.611448 NA -0.089572 0.349443 -1.774630 NA NA NA NA 0.708805 0.993535 NA NA NA 9.876391 1.000000
37 NA NA -1.396100 -0.571506 -2.564523 NA -0.201341 NA 0.713353 0.230110 0.608359 NA NA NA 1.366913 -1.235405 1.170052 1.241217 NA -0.530667 0.174162 -0.179045 0.731228 NA NA NA -0.464344 1.529552 NA 1.026789 -1.408468 0.331308 0.953463 -0.541860 NA NA NA 1.756722 0.399301 NA 1.010076 NA 1.650864 0.681023 NA NA -2.098140 -0.685239 NA NA 2.941813 NA -0.568357 NA -0.133712 1.413434 -0.862740 0.667007 1.438032 NA NA NA 0.139442 NA -0.788562 NA NA 0.960126 -1.136669 NA 2.409000 NA 1.176702 1.284409 -0.682569 0.010925 NA NA 0.584580 0.600362 -1.118508 1.813851 -0.002011 NA 0.629708 -0.893410 -0.764989 NA -1.072035 -0.727552 -0.931049 0.171553 -1.460344 NA NA -0.353322 -0.937723 0.201077 -0.341016 -1.779262 106.202160 1.000000
38 1.014232 -0.342508 NA NA 1.314314 0.552968 NA -1.404946 0.980374 NA 0.324562 0.289673 NA -1.051046 NA -1.450643 0.797953 -2.217613 NA NA 0.435574 0.700439 -0.410458 NA 0.130701 NA NA NA NA NA 0.267258 -0.050139 0.507360 -1.149127 NA NA 0.438733 -0.228793 0.461414 NA NA -0.555076 NA -1.015940 -0.678149 1.223610 0.609147 NA -0.623480 NA 1.255418 -0.660733 0.121218 2.435131 NA NA NA NA NA -1.131821 NA NA -0.090968 -0.148859 NA NA NA -1.059943 0.636355 -0.451778 1.412061 NA -1.125129 NA 0.731977 0.599498 0.751862 NA NA NA NA 1.766883 0.883455 NA 0.530994 NA -0.303359 0.858312 -0.816400 1.950644 0.156754 NA 0.995405 NA -0.172935 -0.108747 0.593381 -0.644452 NA -0.531011 1.502440 1.000000
39 1.344886 1.406405 0.362968 2.773119 NA -0.375348 0.941507 -0.548576 -0.877231 1.113380 NA -0.323084 0.951545 NA NA NA 2.447856 0.045577 NA NA -1.392663 NA NA -1.341183 1.122316 -0.752747 NA NA NA 2.224347 NA 1.036670 -0.362890 -1.166203 -0.436349 3.345942 NA -0.583477 NA -1.361983 -0.315256 NA 1.867169 NA NA NA 0.508912 -0.617927 NA 0.161600 NA -0.630764 -0.409614 -0.843834 -0.305951 NA NA 1.187923 0.312614 NA -0.393897 NA -0.422569 -0.565091 NA NA -0.962532 NA 1.114706 0.636853 NA NA 1.636942 0.230433 0.295682 NA 0.276548 0.531849 NA -0.143494 -0.669361 1.221425 -0.824927 1.851540 0.634511 NA NA 0.065354 NA -1.697419 0.244527 1.294090 -1.609827 NA 0.712349 -0.124241 -1.362158 NA NA NA 0.187997 1.000000
40 0.805622 -2.213547 NA 0.394533 0.551958 NA -1.031114 NA -0.417889 -0.569004 0.496345 -0.531648 NA 2.440330 -0.472963 NA -1.881356 1.328382 NA 0.991408 0.541655 NA -0.459177 0.709267 NA 1.573988 -1.282719 NA 0.659006 -0.413819 NA NA NA 0.612888 -0.208406 -0.094355 -0.736915 0.816681 NA -1.264685 0.667137 -1.653142 NA 2.012947 NA 0.467520 -1.318195 0.255105 0.630285 NA 0.366747 -0.775750 -1.109082 0.322158 0.161991 0.317429 0.682335 NA -0.647764 NA 0.286460 NA NA 2.613621 -1.399350 NA -1.688496 0.808636 1.500677 -0.428525 NA 0.860434 0.718271 NA NA -0.889016 0.383362 NA 0.380668 -0.659160 NA 0.058313 0.521851 NA NA NA 0.698321 -1.523797 NA NA NA NA 0.110338 NA 0.442530 NA -0.567282 0.431139 NA NA 0.728982 1.000000
41 NA -0.017195 NA -1.046385 NA NA NA 0.938307 -0.372430 -0.543861 -0.562170 1.228796 NA NA 0.505709 NA NA 1.478733 0.330466 -0.179641 0.799983 0.476437 NA NA -0.014457 NA 0.208515 NA NA NA 2.460223 NA 0.595540 NA -0.618161 NA NA NA -1.081759 -0.288931 -1.438114 NA 0.520045 2.384594 -1.019219 -0.457004 0.253059 -1.125993 -1.090149 NA 1.037614 1.109572 -0.187799 NA 0.335101 -1.582381 NA NA 0.771887 -0.947744 -0.446444 NA 1.332766 0.543763 NA 0.765654 NA 0.060440 NA -2.018598 NA 1.129290 NA 1.310149 NA 0.241687 NA NA 0.360795 -1.790883 NA -0.269299 NA 0.615318 NA -1.011670 NA -1.874429 -1.206390 NA NA NA -0.036530 -0.292265 0.072176 NA -0.311282 NA NA NA 2.863262 1.000000
42 0.141566 1.279872 0.817255 -0.241015 NA NA -1.224078 2.378196 NA 0.435313 -0.062727 NA NA 0.477729 0.118123 -0.032526 NA -1.717775 -0.615695 NA -0.824143 1.100287 -0.368042 NA -0.385733 3.057341 0.416658 1.142036 -1.408898 NA NA NA NA 1.248600 NA NA 0.734478 -0.526517 0.982201 -1.318272 -0.433650 NA NA -0.648623 -1.107428 0.371474 -0.076816 0.614979 NA NA NA NA 0.565525 NA NA NA -0.119850 0.485423 NA -1.346373 0.197719 0.333983 NA NA NA NA NA NA 0.570158 NA -0.982367 -0.233416 0.521714 -0.412999 0.587055 1.146967 -0.971259 NA 0.107517 NA -1.885818 NA -1.292600 0.593416 -0.186960 -0.910032 NA -1.140333 1.898384 NA NA NA NA 0.924915 1.272112 2.281920 0.918208 NA NA NA 3.573169 1.000000
43 -0.831711 1.751131 1.888658 -0.206990 NA NA 0.240047 -0.155323 0.814605 1.183549 NA 1.783677 NA NA -1.099135 NA -0.460305 NA -0.108982 -0.530054 0.116624 0.372406 -0.249086 1.622473 0.160928 NA -0.431262 -1.663088 -0.723022 -3.080105 NA 1.614953 -0.771921 -0.800210 NA NA 2.220142 -0.166062 0.251634 NA NA -0.016945 NA NA 0.641139 NA NA NA NA -0.482711 0.038197 -1.727097 NA 0.848181 0.320495 NA NA NA -0.882129 NA NA NA 0.534519 -0.571655 NA NA -0.114975 NA -1.898311 0.136797 -1.255160 NA 0.924080 -1.573741 -0.194593 0.233567 1.338769 0.270436 -1.021237 2.585315 NA -0.168800 NA -0.052012 0.549058 -0.869745 1.342230 -1.408289 NA NA 0.018095 -0.686995 0.067356 -0.013848 NA -1.695719 0.592071 -0.928728 -1.859076 -0.032922 8.793687 1.000000
44 NA 0.051474 NA -1.758519 0.222485 NA -0.326639 0.539521 0.153420 -0.340054 1.099777 NA -0.470676 1.167000 1.112815 0.819224 NA NA -1.375974 -0.432980 NA -0.111603 0.653185 -0.422525 -0.350978 NA NA NA NA -0.487417 0.588878 NA -0.936771 0.620174 NA 0.968749 0.290264 NA NA NA 1.069893 NA NA -0.238776 -0.801801 0.152635 NA NA NA NA 0.215231 0.741373 -0.440330 0.644850 NA NA NA 0.148418 0.592887 NA NA -0.736483 NA 1.233097 NA NA NA -1.116265 -0.248298 0.665745 NA 0.598692 NA NA NA 0.925131 -0.775685 -0.122927 0.233569 NA 1.049172 -1.129640 1.044146 NA NA NA -0.053045 -0.348754 -0.898398 -0.102683 1.107295 NA NA 0.966448 -0.951980 1.087744 -0.474852 NA -0.939242 NA 4.893784 1.000000
45 NA 0.075182 -1.617889 0.746468 NA 0.021982 NA 1.360318 0.288951 -0.604047 NA -0.238952 0.001218 -2.109526 NA 1.228967 NA 1.841744 NA NA NA -0.189872 -0.928512 0.585655 0.505554 NA NA -0.340206 NA NA NA 0.345476 0.158494 -0.337596 -0.423802 0.457833 0.332072 -0.285865 -1.440709 NA -0.600374 NA -1.130772 NA -0.486780 -0.102313 -1.023253 0.212134 -0.603931 2.328148 -0.291826 NA 1.141413 -0.540840 NA NA -0.225014 NA -1.465595 -1.636893 0.313671 -1.087264 0.239113 NA NA NA 1.384200 NA 2.722702 -1.793385 -0.492187 0.756298 NA 0.242544 -1.138960 -1.940837 0.094816 0.702139 0.140787 0.017715 -1.246185 0.733729 -0.284204 NA NA 0.219255 NA 0.647510 NA 0.382219 1.093063 -0.002555 1.317404 0.106524 1.727236 NA NA NA -0.465375 0.703036 1.064008 1.000000
46 -0.437617 0.876010 NA NA 0.759953 -1.382794 0.374989 1.616324 NA 0.382651 NA NA 0.213306 NA NA NA -0.123260 -1.664758 -0.752595 -1.109744 NA 0.701270 -1.517613 NA 0.025635 -0.630867 NA NA 0.929541 0.642759 NA NA NA NA NA NA -0.002667 -0.464861 NA -0.408238 0.403577 NA NA 0.193241 0.315027 0.220692 NA 1.706819 NA NA -1.677109 NA -1.395612 NA NA NA 1.010848 NA 0.600393 -0.203001 -0.822698 NA -0.981697 0.002936 1.253704 NA NA NA -0.135541 0.719882 NA -0.970783 1.053000 NA -1.095177 NA NA NA -0.013989 0.568765 -0.362413 NA NA -0.234237 0.358537 NA -0.794058 -1.628316 NA NA NA -0.631192 NA NA -0.578783 1.020151 NA -0.163035 -0.349998 0.173866 3.494052 1.000000
47 NA 1.952261 -1.119181 0.181015 NA 0.473136 -1.756608 -0.795264 0.039810 NA -3.447578 NA 1.328187 -0.242506 1.315336 NA NA NA NA NA -1.794596 -0.180677 NA 0.119372 0.926441 -0.960832 NA 0.813706 NA NA NA -0.452159 -1.669108 -0.289399 0.107499 0.319759 NA 2.227714 NA NA -0.300050 NA 1.604797 NA NA 0.302916 NA NA -1.692253 0.474774 0.120884 -0.012809 1.009493 -0.767295 NA NA 0.796972 NA 0.487731 NA -1.552450 NA NA NA NA NA 0.334254 -0.976034 NA NA -1.324070 NA NA NA NA NA NA 0.388402 -2.248374 NA 2.071941 -2.478254 -1.625902 NA 0.873735 NA 0.114329 0.059601 NA -0.932002 1.424037 1.571146 0.482599 NA 0.493961 -0.127742 NA NA 1.735838 NA 0.012391 1.000000
48 NA 0.996316 NA 1.771535 0.510430 1.221552 1.803510 NA NA -1.637113 0.511727 NA -0.145525 NA 0.980510 0.837679 -1.282594 NA 0.413255 0.452554 NA NA 1.203538 0.155743 0.253681 NA 0.841555 -0.215872 -1.556578 NA NA 0.466476 NA -0.899862 NA 1.652990 -1.585721 1.790137 NA 1.157083 0.452537 -0.201401 NA -0.205011 NA NA -0.428064 -0.198505 NA NA NA 0.123780 -0.110299 0.830962 NA 0.819099 -0.415263 NA 0.436506 NA NA NA NA 0.139121 NA NA -0.718129 NA -0.548767 1.819109 NA -1.934238 -1.355573 -0.462524 NA -0.215038 -0.969166 NA NA 0.891387 -0.915528 NA 1.313237 NA NA -0.187182 -0.418421 -0.119419 0.175944 -0.442405 -1.667223 -0.570878 NA 1.060839 0.287256 NA 1.736374 0.315218 0.100194 -0.008547 0.227940 1.000000
49 -0.308285 1.566457 -0.114292 1.602688 -0.011293 -0.797574 0.659061 NA NA -0.813844 0.471460 -0.007374 1.357104 0.617262 NA NA NA NA NA -0.805998 -2.041644 NA -0.977191 NA NA -0.586429 NA NA -0.251542 0.729568 NA NA 0.316451 -1.251076 -2.001932 -0.603608 1.057874 0.321243 NA 0.172028 0.465202 -0.326211 NA -0.301876 -0.357026 0.136699 NA 0.310387 -0.055499 -0.153854 NA 0.238092 0.504218 1.378870 NA NA -1.769911 -0.219751 NA 0.025944 -1.586891 0.423679 NA 1.042780 2.019479 NA -1.180805 -0.831756 0.246711 NA NA NA 0.711237 NA -0.191749 -1.613300 NA -1.769298 NA NA -1.478877 1.812880 -0.595205 NA 0.070946 NA NA NA NA NA NA NA NA 0.880974 -1.018330 -0.447173 -1.980974 NA NA -1.660369 1.324099 1.000000
50 NA NA -1.346662 -0.430485 NA 0.172731 -0.196590 -1.146236 NA -1.838475 NA NA NA 0.618414 -1.065421 0.386455 -1.965444 -1.946667 -0.492181 0.757635 0.253036 -0.854773 -0.285378 0.526425 -0.431468 1.107887 0.589127 NA NA 1.438848 NA 1.802867 0.459923 NA 0.517047 1.203173 NA NA NA NA -1.847679 0.534123 -0.212163 -0.385732 -0.233955 1.075311 -1.641824 0.929006 1.249868 0.444014 NA 0.033187 1.405161 0.175674 0.450857 -0.003908 -0.772912 -1.182194 -1.594496 0.270698 NA NA 0.293722 -1.366601 NA 0.818029 0.706580 1.663535 NA NA -1.322876 NA -0.489954 0.576183 -1.749114 NA 1.045211 0.325751 -1.625927 NA NA -1.115179 0.170817 0.820909 NA 0.196635 NA 0.356597 -2.031243 -1.188674 -1.187597 0.959631 NA -0.418333 1.241392 -0.224000 -0.645534 -1.380928 -0.472832 0.158057 7.271457 1.000000
51 -0.607168 NA -0.908299 3.264010 0.913862 NA -0.940626 0.358010 NA -1.185224 0.290978 -0.020732 0.158370 NA 1.017773 0.423181 NA -0.622213 1.250719 1.806131 0.963872 -0.860385 NA 0.469903 0.656934 -0.138255 NA NA NA 0.243888 NA NA 0.429727 NA 0.803724 -0.086045 0.005152 NA 2.024349 1.720817 0.526457 NA NA NA 1.712940 0.433844 1.003777 -0.475379 NA 1.245415 NA -1.931406 NA NA 0.195185 -1.341610 1.657354 1.153784 NA NA -0.580412 0.255554 NA -0.623908 -0.709385 NA -1.712844 -1.311371 NA NA NA NA -0.554826 0.521820 NA 1.250169 0.974791 0.682103 1.881184 NA 1.433081 -0.984323 0.566430 NA -1.237145 0.868262 NA 0.221140 -0.321537 NA 1.020462 NA NA NA 0.235820 -0.907105 -0.455035 -0.077411 NA 0.435959 0.014819 1.000000
52 NA -0.677580 0.358581 NA NA 0.363243 -2.051551 NA NA NA 0.259303 -0.271615 0.576587 1.040947 -0.851922 NA -0.406034 -0.509151 -0.009826 NA 0.211184 NA -0.785265 0.352214 -1.233227 NA -0.807204 NA NA 1.184137 -0.289984 NA 0.048680 2.002532 1.870300 -0.600642 0.750255 -0.654016 0.723067 -0.460393 -1.950264 NA NA NA -0.974807 1.152486 -0.519188 NA 0.211410 -0.047017 NA -1.080967 NA 0.059877 0.006772 0.191089 NA -0.480470 -1.546685 NA 0.241991 -0.433712 NA NA NA NA -0.041228 -0.583163 NA -0.742224 NA NA NA NA NA 1.153954 -0.623433 -0.486871 -0.040719 -0.400226 NA 1.321594 -0.943509 0.041126 NA -0.543208 NA NA 0.082535 0.322622 1.345465 -0.767043 -0.854560 NA 0.300911 -0.269432 NA NA 0.501014 NA 0.073567 1.000000
53 0.974761 NA -0.421179 0.073386 NA 1.512152 NA NA -0.072782 -0.335465 -0.000926 2.025598 NA NA 1.059883 0.756206 NA NA 1.016437 0.061179 0.692693 NA NA NA NA NA 1.003280 0.925435 -0.452258 0.810810 0.846782 0.936905 NA NA NA NA NA 0.294551 NA NA NA NA -2.653862 NA 0.981495 NA -0.888890 -0.254547 NA -1.289940 -1.464567 -0.722409 NA NA 2.104030 NA -0.537664 NA -0.298130 1.307850 -0.754987 0.404487 NA NA NA 0.255492 0.792637 -1.894936 0.976826 1.655162 -1.341359 0.887611 NA -0.405554 -2.091686 NA NA NA 1.210901 0.656369 0.425412 -0.115535 0.258602 0.873995 NA -0.889604 NA NA NA NA 0.483390 NA 1.495411 NA NA 0.189697 -1.168634 0.457049 -0.854445 NA 5.836042 1.000000
54 NA -0.115457 0.040541 NA NA NA -0.778181 NA 0.235228 -1.053353 NA NA 1.271597 NA NA NA 0.002715 NA 0.125033 1.394682 0.582331 1.077812 NA NA 0.815668 -1.645013 0.442291 -0.315670 -0.268712 NA 1.591871 0.130808 NA 0.443172 -0.153492 NA 1.608432 0.681823 0.463722 NA -1.372745 NA -1.031198 -0.847832 -0.486591 0.374840 0.676360 -1.709409 NA 0.495697 -0.134141 NA -2.380377 -0.900027 -1.247169 NA NA 0.571387 0.510804 NA -0.770471 NA 0.136371 0.740539 0.346255 NA 0.212118 NA 0.651978 NA NA NA -1.543430 1.671380 NA 1.664051 NA -0.419153 1.152393 -0.104644 NA NA -1.424338 -0.625174 -0.645882 0.289762 NA 0.046385 NA -1.076228 NA NA 1.004223 -0.490014 0.745446 2.496366 NA 1.013854 -0.130255 NA 1.129665 1.000000
55 -0.007960 NA 0.498862 0.698940 0.844276 -0.129022 NA -0.964707 -0.592416 NA 0.112428 1.853441 -0.289519 NA -1.446420 2.357057 -1.365530 0.220935 0.841937 NA 0.605696 NA 0.553414 1.891042 1.137231 NA NA -0.042413 NA -0.386756 NA NA 0.653519 -0.599047 1.366041 NA NA 0.291362 0.243221 NA 0.727011 1.352034 1.185349 NA -1.568433 NA NA -1.183530 -0.183056 -0.541353 -1.577244 NA 0.644388 0.805227 1.790542 NA NA NA NA NA NA -0.447698 NA -0.656090 NA 0.722514 NA -1.052452 -1.331044 0.821296 NA -0.884745 NA -1.275531 NA -0.693684 1.089299 NA 2.446503 0.279058 0.562333 1.086117 0.406954 0.493807 -0.464197 -1.944442 NA -1.323649 0.764418 NA NA -1.362525 1.105204 NA 1.584706 -0.159701 NA 0.481228 -0.253791 NA 0.031887 1.000000
56 NA NA NA -0.851025 NA -0.782533 -0.081796 -0.434568 NA -0.159246 1.292522 NA -0.935881 1.354584 NA -1.353697 0.771406 NA 0.055353 0.158227 NA 0.548469 NA 0.617093 0.508076 0.297439 -0.382296 NA 0.152421 NA -0.310400 -2.339102 NA NA -0.458097 2.445534 NA -0.465394 1.246879 NA 0.305472 NA NA NA 1.303426 0.349650 -0.728547 NA 1.159260 NA 0.192636 -2.902073 -0.991310 0.127463 NA -1.177753 NA 1.222345 NA 0.983229 -0.802896 0.546879 NA NA -0.122424 -2.227446 NA -0.354558 -0.913964 0.793791 NA 2.068087 0.755912 0.739688 1.539047 NA 0.953742 -0.182265 0.366523 -1.089893 -0.005233 0.161496 NA -0.474376 0.219791 NA 1.155795 0.547956 0.321761 0.636397 0.976524 -1.387870 0.089048 NA NA NA 2.708402 NA -0.585056 -0.287635 12.340943 1.000000
57 1.021104 1.174680 0.955004 0.423158 0.465122 NA -0.119974 NA 1.527343 NA 0.015288 NA 0.587056 NA 2.105349 1.690253 -0.168484 NA 0.346221 -0.883886 NA 0.307338 NA NA -0.224569 NA 1.032073 0.963855 NA NA 1.047215 1.985716 0.127583 NA NA NA NA 0.967378 0.468721 0.912070 NA 0.275104 NA 0.727590 -0.668893 -0.957848 -0.154873 0.396964 1.253027 NA NA -0.741027 NA NA NA NA NA 0.480736 -0.332025 -1.600143 NA NA -2.212227 NA 0.317174 NA NA -0.847670 NA 0.375042 NA NA 0.125405 -0.728231 0.044039 NA 0.713717 1.205455 NA -0.927451 0.846228 NA NA 0.485365 NA -1.336054 NA -0.922113 NA -0.729710 -0.777743 NA 0.862748 NA -1.160108 -0.105638 -0.832803 NA -1.578324 0.537028 1.677714 1.000000
58 0.266721 -0.755232 NA NA NA -1.604905 -1.186670 1.216615 NA 0.784226 NA -0.684221 NA -0.149769 0.652423 -0.697391 1.096417 1.069300 1.794721 NA NA NA -0.110253 0.502435 -1.620685 0.760001 -1.282274 -0.019996 -0.092958 -0.660964 -0.963673 NA 0.796689 -0.669691 NA NA NA NA NA NA 0.145627 0.125459 -0.846053 NA NA -0.760177 NA -0.328299 NA NA -0.424781 0.039104 NA NA NA NA 0.418867 0.462237 -0.056622 0.823377 1.680601 0.932594 NA 1.171416 -1.652047 0.744676 0.226045 NA 0.042329 0.519688 0.592085 -1.272580 NA -0.497388 NA 1.761612 0.553088 0.610839 0.747647 -0.872219 1.225853 NA 0.407416 NA NA NA NA NA -1.268143 0.384320 2.049622 NA 0.322645 NA 0.268207 NA NA NA 0.786784 1.210733 10.335260 1.000000
59 1.092322 -0.556205 NA -0.576205 0.639078 -1.174564 -0.237813 NA 0.136499 NA NA -2.538928 NA NA NA -0.136269 2.107230 0.598800 -0.198112 -2.236239 -0.120969 NA NA NA 0.652344 0.452912 0.164561 NA NA 1.081868 NA 0.318118 -0.498675 -0.965679 NA 0.148501 NA 0.375062 -0.816949 -0.391883 NA NA NA NA NA 1.252448 -1.492433 1.613018 -0.143481 -0.889045 2.062076 0.936550 NA NA -0.766517 NA -2.853362 -0.842426 0.520353 NA -0.119749 NA NA -0.797577 0.776025 NA -0.683600 0.258056 -0.246033 -0.996274 0.400431 NA -1.120916 NA NA -0.118105 NA NA 0.074948 0.975619 NA -0.057490 -0.958115 NA NA 0.538868 NA 0.255968 0.504415 -1.540116 0.242063 NA -1.689806 NA 0.410742 NA 0.498641 NA NA -0.568389 1.987155 1.000000
60 -1.840409 1.230792 NA -0.304902 -0.456541 NA NA NA 1.299133 -1.002693 1.503047 NA NA -1.066611 NA NA 1.746709 0.105762 -1.775803 -1.212841 0.923422 -1.217497 -1.077742 NA NA 0.484232 2.070940 -1.293947 NA NA NA -1.359638 NA NA 1.365043 NA NA -0.648474 1.526820 -0.724294 NA -0.090831 0.027192 NA NA NA NA NA NA 0.009704 NA -0.620832 2.676825 NA 0.130561 2.191351 -2.218982 NA 0.975936 -0.585125 -0.675847 1.059214 NA -0.000002 NA NA 1.190685 1.124940 0.894391 0.700724 NA NA 0.424592 -0.095927 NA -1.389564 -0.455277 0.696139 -1.831193 1.503469 -0.279629 0.938271 0.686441 1.413522 NA -0.329871 -1.002184 NA -2.194592 0.088339 -0.375306 -0.632785 NA NA -1.297544 1.299244 0.341268 0.110039 NA 0.501713 0.380406 1.000000
61 0.890510 0.156169 NA -0.370909 0.464256 0.912444 -0.173766 NA -1.511218 0.221209 NA NA NA NA NA NA NA NA NA NA 1.831698 0.208165 -1.253058 0.102349 NA 0.251137 -0.892332 0.387247 -1.207829 -0.630893 0.305565 0.742001 NA NA NA NA -0.815818 1.290885 -0.683863 NA 0.996887 NA NA 1.198995 NA 0.025877 0.472528 0.347414 NA NA NA 1.246059 -0.915113 0.652087 NA 0.067945 NA NA 0.377549 NA -1.009578 NA -0.870406 -0.081108 -1.017094 NA NA 0.746474 2.386085 NA 0.391603 -2.147348 NA NA NA -1.247675 NA NA -0.126800 NA -0.649966 -0.551173 NA NA 1.654729 0.114032 NA -1.012542 NA NA NA NA 0.613672 NA -1.308164 2.151007 NA NA 0.186362 -0.578197 0.003222 1.000000
62 -0.080622 0.961679 0.503052 -0.935951 -2.265882 NA -0.702970 NA -0.451198 0.015242 1.304655 0.382160 0.320685 -0.880379 NA 0.590386 NA NA -1.612654 NA NA NA NA NA -0.601822 0.136104 0.143271 NA NA NA 0.595145 0.174513 NA NA -1.355399 -0.186927 NA -2.658676 NA NA NA NA 1.772693 NA NA 0.547294 NA -0.227589 0.739844 NA 0.946898 -0.003757 0.425288 -1.033938 NA 1.893180 0.335636 -1.191725 0.525283 1.225991 NA NA NA -0.308518 NA 0.852334 0.758391 0.091602 1.244978 NA 0.585339 -0.965796 NA -2.356768 NA NA NA 0.721191 NA NA NA -0.121243 -0.762223 -0.780941 0.724888 NA -0.681333 NA -0.827969 -1.134096 1.428630 -0.598807 -0.055320 0.003536 -0.637175 -0.525205 0.328686 NA NA 1.228837 1.443845 1.000000
63 -0.787239 -1.482926 NA 0.523801 0.504491 -0.383572 NA NA 1.086489 -0.027518 1.295649 -0.018614 -0.205941 0.326904 NA -0.706943 NA 0.325735 NA -0.421301 -1.254135 NA -0.254884 1.133249 -1.220872 -0.229687 NA -0.933276 -0.861529 0.564727 NA NA NA -1.546274 NA 2.142247 -0.165954 NA NA NA NA NA NA NA NA NA -1.226939 NA NA 0.318356 NA NA 0.082251 0.069770 -1.291927 0.302969 1.122225 -0.484462 NA NA 0.709188 -0.018316 -0.793513 NA -0.927389 0.199210 NA NA -0.292441 NA -0.299324 NA NA NA -0.141439 -0.723892 -0.483053 NA NA NA NA -0.726092 NA 0.104685 NA NA NA NA NA 0.089554 NA -0.292119 -2.196890 NA -0.203524 0.338465 0.980623 -1.242867 -2.147863 -0.828499 1.975843 1.000000
64 -1.557580 -1.430968 1.251987 0.862108 1.059382 -2.390625 0.478141 0.382738 NA NA NA 2.067231 1.181646 -0.252572 -0.430556 NA NA -2.063582 1.063981 0.664030 0.986306 1.896333 -1.158589 1.191285 -1.098230 NA NA -1.128510 -2.921961 -0.445598 -0.911345 -1.032065 0.903101 0.133978 NA -1.338389 NA -1.161589 -0.811051 NA NA -0.206413 NA 0.264102 NA 0.090539 -1.884083 -0.593437 NA -0.196229 0.189064 0.511646 0.568535 NA 0.571045 -1.053141 1.232539 NA -1.649143 -1.435111 0.530698 NA NA NA NA 0.200057 NA NA -0.058567 NA NA -0.737374 -0.142724 NA 1.439359 NA -0.875848 1.192555 NA NA NA NA 0.052959 NA NA 0.206784 0.753367 0.772403 -0.421591 1.775348 1.179621 0.868679 NA -0.368038 -0.208918 0.385320 NA NA -0.016129 1.419351 1.638456 1.000000
65 NA -1.002023 -0.105301 NA NA 1.534535 1.644567 0.062038 0.229751 -1.457400 NA 1.749207 NA NA -0.738011 0.902691 NA 0.606671 2.469424 -0.195086 0.324097 NA NA 0.345375 -1.675000 0.481190 -0.977218 NA -0.310946 NA NA -0.397013 1.065859 NA 1.777753 -0.723384 -0.387700 NA -0.923632 0.453704 0.363598 0.180062 -0.656727 NA 0.779535 0.268592 0.802260 -0.442289 -0.078548 NA -0.692461 1.369143 NA -0.397234 0.989682 NA -0.122939 NA NA -2.615025 -1.331337 -2.053089 NA NA NA 1.001978 -1.248308 NA -0.033650 2.016210 NA -2.472265 NA NA 0.543100 -0.113678 NA 0.028750 1.211568 0.128974 1.403433 0.262864 0.838676 NA NA 1.415264 -0.880759 -0.236479 -0.472277 NA NA -0.909312 0.874657 -0.522411 0.706161 NA NA -0.054108 NA NA 23.219373 1.000000
66 -1.191992 0.239511 -0.719806 NA NA -0.857003 NA 0.458067 NA -1.399953 -0.623565 NA NA NA -0.333627 NA 0.367654 NA 1.551016 NA NA -1.192402 NA -0.816328 NA NA NA NA NA NA -0.333466 NA -0.000399 0.208961 -1.035943 0.810461 NA -0.379494 1.121877 NA NA -0.645346 0.024289 -0.178679 -0.588210 NA -0.915214 NA NA NA -0.206705 NA 0.144992 NA NA NA NA 0.590630 NA 0.389207 0.534935 NA NA 1.829847 -0.001026 NA -0.184945 1.444371 NA NA 0.260135 NA NA 2.151516 NA NA NA 0.966745 NA NA NA 0.076821 -0.347141 0.277835 -0.933977 -0.622989 NA 0.703179 NA -0.267507 NA 1.314960 -1.144674 NA -0.680098 -0.434770 0.754410 NA NA -0.214951 2.723971 1.000000
67 NA -0.536400 NA NA NA 0.185183 0.687458 NA -0.323593 -0.452344 NA 0.013266 0.499894 -0.695420 NA 0.551086 0.781671 NA NA NA -0.438257 NA -1.587701 NA NA 1.622359 NA -0.022599 NA -1.251572 -0.588662 1.413986 NA NA -0.811823 0.509280 0.209663 NA NA -0.120596 1.144413 NA -0.311450 NA NA -0.720867 NA NA -1.009195 NA 0.219257 0.021427 0.027774 NA NA NA -1.323979 -0.692105 -1.714068 -1.981872 -1.337020 NA -0.212418 NA NA NA NA -0.517696 -1.321903 NA -1.639425 NA NA NA NA NA 0.856606 NA 0.688742 NA NA 0.908408 NA 0.911859 1.461073 1.073887 NA NA NA 0.335395 NA -1.429490 -0.945256 NA -1.328944 NA NA NA 0.966499 NA 0.384303 1.000000
68 -1.049817 NA -0.787848 -0.773810 0.589746 NA -0.145677 NA -0.027260 -0.401776 0.549878 NA -1.348974 0.654112 NA NA NA 0.873111 NA -0.643621 2.861790 1.526228 0.882159 -0.139156 -0.646761 -1.504701 -1.324668 NA -0.999509 NA NA NA NA NA NA NA -0.722810 NA -0.669552 NA 0.180347 2.031765 NA NA 1.998826 NA 0.276749 -0.134147 0.992830 0.109110 -0.495293 NA 1.616518 0.543040 -0.470719 NA -0.141049 1.652947 0.400597 -0.231568 NA NA 0.359387 0.340748 NA NA NA NA -0.136402 0.311157 NA 0.086660 NA -1.386386 0.481231 1.085397 NA NA -0.614768 -0.623621 -0.210949 NA NA -0.149699 -1.783424 NA 1.227284 -1.011223 0.371251 -2.784476 -1.905543 -1.440764 -0.692579 -0.199181 NA -1.987048 0.737269 NA 2.267957 1.424921 0.166588 1.000000
69 NA 0.825094 0.082974 0.231936 NA NA -0.371246 -0.152878 -1.134121 -0.419431 NA NA 0.868248 -0.779383 -2.536844 -0.157926 1.268417 NA 0.191902 NA -0.102359 0.453674 NA NA 0.167753 2.048241 0.490463 NA 0.220874 NA NA -0.767131 NA NA NA -0.679350 NA NA NA 0.604133 NA -0.983284 -1.075800 NA 0.620389 NA NA 0.659646 2.088285 NA NA 1.061839 0.013877 0.076135 0.329469 0.008011 -0.929905 -0.023930 -1.097659 1.091778 0.491296 -1.128570 NA 1.302472 NA 1.081789 0.277936 1.810175 1.367365 0.562273 NA -0.414887 -0.636919 NA NA 0.357379 -1.197290 -1.549171 NA NA NA NA NA 0.145404 NA -0.226828 NA NA NA 0.866023 0.570075 -0.252568 -1.006960 0.110027 0.490482 -0.353261 NA NA NA -0.133266 0.832029 1.000000
70 NA -1.194047 NA NA 0.214031 -0.076595 NA -1.053638 0.847643 0.249470 0.070220 NA -0.475963 NA 0.213647 NA 2.233440 1.291945 NA NA NA -0.369158 1.206818 0.476319 -0.961227 1.150794 NA NA -0.763567 1.270163 -1.032748 NA NA NA 0.890913 NA 0.549135 NA NA NA NA -1.010680 0.740997 0.391891 0.679248 NA NA -0.153122 NA NA -1.122224 NA 1.544283 1.273296 0.662174 0.713959 -0.184526 -0.076972 -1.253030 1.503480 -0.691438 NA 0.273066 NA 0.341623 2.052533 NA 0.706101 -0.092979 0.346668 -1.059662 1.175338 NA NA 0.074080 0.742746 -1.041992 0.695280 -0.117714 -0.739634 -1.321218 0.409471 0.733147 0.574050 -0.186099 NA NA -0.183176 0.025040 NA 0.577933 NA NA -0.620891 0.762702 -0.142648 0.858097 0.624070 -0.744825 -0.798082 18.388238 1.000000
71 -0.356902 -0.028424 0.913312 0.961496 NA NA 0.107668 -0.707374 NA -0.693141 -0.411972 0.317585 NA NA 0.896792 -1.062526 NA NA -0.385132 NA NA 1.837802 1.823696 NA -1.132923 NA -0.988114 NA NA 1.878542 1.336883 -0.495152 -0.139549 NA 0.023058 0.835808 NA NA NA -1.135675 NA NA NA -0.442969 1.180271 NA NA -0.766556 NA 0.663405 -0.580863 NA -0.806823 NA -0.353588 NA -0.871788 -2.245810 NA NA 2.170866 NA -0.705927 NA -1.884066 NA -0.625690 0.454121 -0.997806 1.697649 -0.277811 NA NA NA NA NA NA 0.067704 NA 0.073730 NA 0.090473 NA -0.271954 0.211513 NA 0.769091 -1.087779 0.519834 0.848059 NA -1.395142 1.785265 0.118188 NA 0.122240 NA NA NA 0.923364 1.003625 1.000000
72 NA 0.029896 0.566131 -0.587161 NA NA NA 0.197517 NA 0.168596 NA -0.123321 NA 0.169762 NA NA NA NA NA 1.017012 NA -2.003555 NA -0.773895 -0.425794 -0.251311 -0.836949 0.291242 -0.902188 NA 0.160435 NA NA -0.771646 NA 2.629194 0.872993 NA NA -0.606508 NA 0.263805 NA 0.321127 -0.540146 0.385809 NA -1.202107 NA NA NA 1.083808 NA NA -1.254655 -0.893767 NA -2.246386 NA -0.025712 NA -0.035375 1.109820 0.810447 -2.298968 0.540907 NA NA NA -1.256902 -0.871258 -1.135714 NA 2.387693 NA NA NA NA NA 0.137102 1.465299 -0.558320 NA NA 1.895872 NA -0.539714 1.075519 NA 1.228372 1.359166 0.816207 NA 1.547013 0.326012 -1.059978 NA 0.725384 -0.059199 NA 3.716922 1.000000
73 NA 1.699041 0.880019 NA -0.070687 NA NA -1.904565 NA -0.627998 NA NA -1.905212 -0.935895 1.127062 0.263918 0.341498 1.479376 -1.733436 NA -0.904919 NA 0.305066 NA 0.066255 NA 0.619254 NA 0.788980 NA 0.986673 0.130982 NA -0.298071 -1.090195 NA 1.859023 -0.527933 -0.092927 -0.272642 0.179515 0.288583 -1.430313 NA -0.501026 -0.975304 NA NA NA 0.289005 0.416362 NA -0.459373 -0.791112 NA -0.462490 -1.947597 1.197968 -0.710306 NA 1.409094 2.549925 NA 0.341293 NA -0.488600 -0.078125 -1.142044 NA NA -0.450215 -0.229163 0.898489 NA NA -0.513831 0.521920 NA 0.457713 1.142879 NA NA NA -0.668385 NA NA NA NA -1.070852 NA 1.933309 -1.497344 -0.223977 0.476190 1.085535 -1.241063 NA 0.744644 -0.303789 NA 0.556938 1.000000
74 0.279125 -1.380383 -0.094371 0.193162 -1.030581 1.582064 -1.282156 NA NA NA -0.189424 0.435109 NA -0.987743 -0.324669 -0.915591 NA 2.430604 -0.045168 NA NA 0.170854 -0.322444 -1.510517 NA -1.152626 NA 0.789365 -0.494716 -0.290099 0.101888 NA NA NA NA 2.344066 1.875351 1.652599 NA 0.844148 0.310433 NA 0.927600 -1.737565 NA NA NA -1.539997 NA NA 0.389800 NA -0.318910 -0.766713 -0.724952 -2.168638 0.177025 NA -0.812437 NA -0.832695 NA NA -1.524761 -0.858852 NA NA -0.599798 0.217752 NA -0.543874 0.671045 0.629360 NA NA -0.049857 NA -0.529974 0.746623 -0.256664 0.001799 2.164259 NA NA NA -1.636035 NA NA 0.968143 -1.063744 NA NA NA 0.970742 -0.775714 NA -0.312669 NA NA NA 22.912249 1.000000
75 NA 0.461165 NA 1.739706 -0.083776 -0.543748 NA NA 0.829907 NA NA -2.216046 NA -1.079517 -1.053237 NA NA NA -1.371555 NA -2.461034 1.212566 -0.409618 NA 1.791992 -0.143763 1.115567 NA -1.629117 NA -0.566958 1.465600 NA NA NA NA -0.353100 -1.306708 NA -1.069233 NA NA -0.304321 0.414113 NA -0.659251 -1.340950 0.188026 NA 0.083456 -0.079565 NA NA -0.100462 0.544124 -0.763608 -1.663944 0.576382 NA NA NA NA -1.188892 -0.488008 1.075138 NA NA 0.688221 NA NA -0.396461 0.166118 1.953709 -0.166933 0.948752 NA 0.364001 1.140199 -0.509257 NA -1.057694 1.253868 NA 0.259998 -0.361910 NA -0.261277 NA 1.085374 NA NA -0.749185 NA NA NA 0.458780 NA 1.151705 -0.877659 NA 0.133626 1.000000
76 NA NA -2.317463 -0.139666 0.907909 1.306421 NA -0.254872 -1.068300 NA -1.438579 NA NA NA -0.858407 2.310347 NA -0.973964 0.642013 0.469511 NA 1.619459 -0.280259 NA NA -0.574343 -0.809612 NA 0.877274 -0.016504 0.394969 NA 1.205500 -1.614429 -1.269050 NA 0.566443 NA 0.218520 -0.944697 NA NA -0.034045 -2.056169 1.575114 0.193914 -1.210559 NA 0.975765 0.946624 NA -0.289824 NA NA NA NA NA -0.230821 1.079733 NA 1.193436 NA -1.410866 NA NA NA 0.600210 0.295776 NA NA -0.009432 0.558292 0.343319 0.407067 -1.077386 NA 2.601298 0.681522 -1.316108 NA NA NA NA NA NA -0.777930 1.171239 0.488265 0.176812 1.774907 0.552460 1.974618 0.193730 0.374933 NA 0.904922 NA NA NA -0.425577 7.335484 1.000000
77 NA -1.719922 -1.386972 -0.385185 0.336832 NA 0.125049 -1.606157 0.101852 0.352828 0.702842 -0.656087 NA NA -0.651482 -1.375996 NA 0.815892 NA NA NA NA 0.377931 0.000762 0.719651 -0.218939 2.487046 NA 1.295040 NA 0.492330 -0.241621 NA NA 0.149751 NA 0.450271 NA 0.875905 -0.787794 0.260908 0.195545 NA NA NA -1.409424 NA 1.117976 NA -0.640865 -0.813565 -0.029642 0.329067 0.654793 -1.462482 0.584215 0.190830 -1.898542 NA -1.002143 NA 0.893427 NA -2.327021 0.571301 0.678785 0.341522 -1.667856 NA NA NA -0.185314 1.187578 0.628353 0.360036 NA -0.377200 -0.335737 -0.181954 0.329428 -0.103833 NA NA -0.219811 -1.527575 NA 0.640869 0.042797 NA -1.061544 NA NA 0.571754 -1.977010 NA -0.288797 -0.111931 NA -0.271891 -0.569033 1.987739 1.000000
78 0.489771 1.415968 1.791044 0.609102 -0.428723 -1.847611 2.036424 -0.286535 0.736063 0.198760 0.261309 0.398868 NA NA 1.583366 NA -0.852666 -0.782021 NA 0.811158 -0.577718 -0.572518 0.895235 NA NA 0.876204 NA NA NA NA 2.129403 -1.244844 -1.339812 NA -1.586453 NA -0.779202 -0.737569 NA 0.075187 0.306890 NA NA NA -0.366875 0.390805 1.041671 -0.484188 0.071113 -1.667807 -1.191980 -1.005999 NA NA NA NA NA 0.405456 NA -0.571388 -0.146653 0.458541 -1.246251 -0.441272 -0.203248 -0.395557 NA NA -0.371063 NA -1.098817 -0.231336 -0.485044 0.907875 0.771505 NA -0.437168 NA 0.609241 0.060122 NA 1.226248 NA 0.641761 -2.503667 NA -1.250496 NA -0.858692 -0.913472 NA 0.572542 NA NA -0.766319 NA NA -0.423167 NA 1.235926 0.170594 1.000000
79 1.297553 -1.136459 -0.432530 0.621165 NA NA 0.563509 -0.550037 0.381913 0.242286 0.383916 0.768022 -0.085930 NA -2.094020 0.317725 NA NA 1.965271 0.201855 1.548381 -0.855563 -0.031139 0.063385 NA NA -1.799880 NA -1.919867 -1.546172 NA -0.716968 NA NA NA 0.929625 0.073490 -0.580712 -1.016512 -2.101346 NA NA -0.251853 NA NA -0.423740 NA -2.159641 NA -0.674658 1.507761 -0.569529 NA -0.110398 1.374316 NA NA 1.507633 NA 0.136464 -0.828997 0.310059 1.486379 -0.149294 0.992398 NA NA -0.606359 0.829359 NA -0.986402 -0.381083 0.283998 -0.137634 -0.837383 1.548314 -1.573830 -0.201224 NA 0.904605 1.655824 -1.097805 -2.014167 -0.123875 NA NA -0.634101 -0.276328 NA 0.138838 NA -0.060103 NA 0.736566 0.536087 NA -0.318723 1.480912 NA 1.121597 13.649071 1.000000
80 0.813813 NA NA NA 0.328304 -0.761070 0.444755 -1.065484 -0.350829 NA NA 0.169781 -0.089658 1.119758 0.474873 0.078242 -0.172447 NA NA -0.109447 1.174285 1.959454 0.367328 NA NA NA 0.448922 -0.037807 -1.904338 NA 1.432512 NA NA NA 0.136969 -0.668336 -0.176150 0.157375 1.300137 NA NA -1.109928 NA 0.258574 -2.770504 0.171281 NA -1.061650 NA -0.788679 -0.879004 NA -0.715184 1.518525 -0.744817 -0.327280 NA -0.614918 -0.014190 NA NA NA -1.895983 NA -0.108030 -0.146405 1.284567 0.135999 0.263757 NA NA -0.181944 -0.343572 0.862262 NA -1.609331 1.132807 2.519195 NA NA 0.373711 0.329722 -0.248901 1.149060 -1.100034 1.632666 1.204482 -1.708148 NA NA NA -0.433516 NA 0.382648 NA 0.294776 2.222090 NA -0.325569 NA 0.733565 1.000000
81 0.350639 -2.806663 0.267638 2.237589 -0.496644 -0.498147 NA NA -0.057662 NA NA 1.129724 -1.201980 NA 0.701577 NA NA 0.654483 NA 1.374070 -1.021331 -0.653261 0.036165 NA -0.213055 -2.279607 NA 0.329617 NA NA -1.284708 -0.831697 0.101702 -0.421878 NA -1.753625 1.218170 -1.794469 0.890724 -0.928994 NA 0.082800 -0.276917 -1.109454 2.317215 -0.248006 NA 0.430488 NA 0.454544 NA 0.305096 -0.122400 1.607177 0.508945 NA NA 0.698642 1.426841 NA 1.163664 -0.416731 NA NA NA -1.569719 0.325022 NA -0.340441 0.281351 NA 0.194731 -0.465073 0.812417 NA -0.922743 0.419516 NA 1.382807 NA 0.782842 2.499374 NA NA 0.995227 0.496609 0.147114 NA 1.033424 0.599523 0.223089 0.019803 -1.642711 NA -0.742401 1.538646 NA 1.693814 -0.941726 -0.315345 6.257486 1.000000
82 0.759989 NA NA NA 1.315490 -0.724841 0.766114 0.886326 -0.519147 NA -1.315872 0.325683 -0.593509 -0.010483 -1.299896 NA NA -0.051392 1.227860 -0.179128 NA NA 0.896073 1.331156 -1.124779 1.535841 -0.912902 1.600404 -0.339073 NA -1.897964 NA NA -0.140440 -1.672483 -1.609513 0.358218 0.211517 -0.612752 -0.603774 1.060852 0.222579 0.183704 NA NA 1.853962 NA NA 0.558334 1.246839 NA 0.155418 0.143018 -1.247615 NA 0.695004 -0.651262 -0.513500 -0.378929 NA -0.132010 NA -0.242144 1.262446 0.324536 NA NA 1.969327 1.008487 NA NA 0.535931 NA NA NA -0.175135 NA 0.207727 -0.016381 -0.250530 NA -0.190375 0.621725 -0.323855 -0.313885 0.230451 NA 1.897413 0.510735 -1.474410 -1.095451 NA NA -0.297471 NA -0.639774 -0.412622 0.071960 -0.557542 0.291310 1.024803 1.000000
83 NA NA 1.370310 1.234373 -0.269900 -0.037851 -0.170264 NA 0.984741 -2.322928 -0.413818 NA -0.300376 NA -0.250359 NA NA NA NA NA 1.070694 0.842328 0.365821 0.885367 -2.013239 NA NA NA -2.457061 0.131549 -0.421653 -0.384033 NA -0.454460 0.625476 NA -0.358427 1.267097 NA NA NA NA -1.566735 -0.540155 0.169927 -1.592448 -1.223634 NA 1.235672 NA -0.228577 NA 0.904783 NA -2.248204 NA NA 1.349103 NA 0.404813 -1.154079 -0.612383 NA -0.046047 -0.587122 NA 0.850510 NA NA 0.220096 0.902603 NA NA -1.512985 -0.275895 NA 0.414197 0.188180 -0.700834 0.486015 NA NA NA NA NA 0.425750 0.497009 NA NA NA -0.619795 1.300912 1.229750 -1.422834 1.088608 NA 0.538401 -1.060926 NA 1.481716 0.799267 1.000000
84 1.019072 NA 0.357915 NA NA NA NA -1.021643 -1.201703 0.994265 0.341776 0.615363 0.638279 NA -0.061183 NA NA -1.228472 NA NA 0.047268 0.271556 NA 0.119551 -0.345242 0.796019 NA NA 0.317937 1.103238 NA NA -0.307732 -0.603441 0.474328 NA 0.734849 NA NA -1.538140 1.272003 NA NA 1.204035 0.440245 -0.651580 NA 0.650641 NA -0.860732 0.525933 -0.355252 NA -0.119120 NA -0.615522 -1.288377 -0.116348 -2.161383 0.830293 1.440540 -1.242489 -0.890367 -0.462337 NA 2.173345 1.438958 0.760640 -1.090845 NA NA NA 0.952589 NA 1.248892 NA -0.339853 1.349675 NA 0.534115 0.104978 -0.476586 -1.326195 0.853608 0.720449 NA NA 0.004211 0.423800 -1.143096 -0.257725 -1.136879 2.059730 0.916978 0.643401 NA -1.330748 NA -0.286936 -1.650097 0.273148 1.000000
85 NA 0.690819 -1.579794 -3.259953 NA NA NA NA -1.425661 -1.871508 -0.343562 -0.430830 NA NA NA NA NA -0.075728 NA -0.320054 0.181533 -0.219640 NA NA -0.253260 0.675245 0.672690 NA NA NA NA -1.207269 1.070863 -0.076634 1.206600 0.226061 -1.873728 0.248776 1.611185 -1.843380 NA NA 0.174171 NA -1.297280 NA 1.142952 0.180582 0.296410 NA 0.080667 -0.888216 -0.079011 NA -0.424807 0.617099 0.674224 NA -0.003009 NA -0.333537 1.356697 -0.605398 NA 0.801157 NA 0.332624 -0.385362 NA -1.081536 0.221175 -1.313253 0.025909 NA NA -1.215340 0.720075 0.346596 -0.664407 NA -1.507072 0.249292 1.393806 NA NA -1.391059 0.600428 -0.233284 0.534163 0.634816 NA -0.870074 NA -0.759225 NA NA -2.367030 NA -0.356070 0.225835 3.166220 1.000000
86 1.017396 -0.062276 -0.284526 -1.225202 NA -0.816280 NA -0.766458 NA 1.300376 0.508532 NA -0.109899 NA 0.336028 0.458843 NA 1.808290 NA 1.096917 0.394404 NA NA NA NA NA 1.674623 NA -0.419030 NA -0.151481 -1.811607 0.231734 -1.705418 NA -0.147815 NA -0.532778 NA 1.415810 NA 1.724107 -1.796898 NA -1.132664 NA NA NA 0.805084 NA -0.593454 NA NA -0.468831 -1.797356 -0.182844 -0.764485 NA NA NA 0.958823 0.831448 -1.614786 1.178100 -0.684122 NA -0.104348 NA -1.330288 1.336901 NA NA -0.777938 NA 0.327458 -1.472392 -0.902685 0.318342 -0.240889 NA NA 1.801893 0.896603 0.321449 -0.693808 0.626807 NA NA NA NA 0.132924 NA NA 0.737541 0.498071 NA NA 0.420279 NA -0.747104 3.185055 1.000000
87 NA -1.570173 NA NA 0.601995 0.193922 NA -0.610302 -1.074935 0.510899 -0.817730 -0.252162 NA 2.642043 0.483913 0.352512 -0.282548 -0.581740 NA -0.231980 -0.668151 -1.078075 0.960393 0.894371 -0.230031 NA 1.893218 -0.627797 NA NA 0.501938 -0.275341 -0.299257 NA 0.462440 NA -0.758672 0.291806 NA NA NA NA NA 0.851546 -0.347980 2.234487 NA NA NA NA -0.074848 0.613027 -1.394531 -0.321427 NA 0.041129 2.141421 NA 0.040995 0.138892 NA NA -1.640971 -1.201685 1.094103 0.219870 0.489746 -1.614335 NA NA -1.285384 -0.594365 -0.122976 -1.222441 NA -0.577093 NA 1.625762 -0.284740 1.138768 0.838201 -1.271186 -0.773601 0.572807 NA NA 2.326941 NA -0.714371 0.963077 0.613336 NA -0.477903 1.364224 -0.193154 -0.135874 NA NA 0.795923 -0.305980 12.347384 1.000000
88 NA NA -0.445404 NA -0.499579 -1.191029 NA NA 0.611142 NA -1.773839 -0.400756 -0.893651 0.390490 -1.628033 NA 0.166907 -0.674833 -0.597657 NA NA -0.982679 0.564545 NA -0.748602 NA -0.496280 0.637066 NA NA 2.153065 NA NA -0.663365 NA -0.219487 0.644717 -0.916953 1.115251 NA -1.936040 NA NA 0.508326 NA NA NA 0.517655 -1.249170 NA -0.660009 0.016507 0.235739 0.085072 NA -0.245680 NA NA -0.525144 NA -0.622643 NA -0.167947 0.096152 -0.066213 NA -0.558286 NA -0.652749 -0.022780 -0.426321 NA 0.700887 -0.824120 -1.759951 0.304010 0.081168 2.012342 NA 0.641200 NA 0.647192 -1.042461 NA NA -1.126172 1.152669 NA NA 0.113481 1.258451 -0.868035 NA -0.097850 NA -0.359380 0.895009 -0.718574 NA 0.416337 0.880068 1.000000
89 0.713523 -1.320666 NA 1.146734 -0.433216 NA -0.481809 0.986401 NA -0.804817 NA 0.991622 NA 1.075074 NA NA 0.220350 NA -0.328609 NA 0.094666 NA NA -1.471163 NA NA 1.063236 -0.171328 1.584246 NA 0.734075 0.787186 NA NA 1.636469 -0.054534 0.123899 0.736232 0.790423 -0.205944 0.409089 1.356113 -0.310853 NA NA -0.602583 -1.001092 -0.194920 NA NA 1.347084 -0.710366 0.233259 0.317447 -1.048731 NA NA NA NA NA -1.710827 NA NA -0.849282 NA -0.311282 2.082765 NA -1.047174 0.909902 -0.092216 -0.589003 0.127821 0.320921 -0.695982 0.513522 -1.429754 1.115365 -2.571297 NA -0.889574 -0.385518 NA -1.499019 1.874718 1.321299 0.660297 -0.203146 0.360025 0.691447 -0.224343 -1.473884 NA -1.955303 NA NA 0.260347 NA 0.083607 NA 0.257609 1.000000
90 NA NA -1.949857 NA NA 0.128262 -1.610627 -0.447228 1.588644 NA 0.631030 0.517806 NA 2.013068 NA 0.539356 NA 0.502812 NA NA -0.379429 0.780187 -0.856859 -1.928913 NA -0.831922 0.447782 0.792501 NA 1.361864 NA 1.857417 -0.257394 -0.234378 1.189603 NA NA -0.185286 NA -0.471907 -0.629816 NA -0.220902 -0.200818 NA 0.171135 NA 0.501729 NA NA NA NA NA NA 0.609760 1.087418 NA 2.419007 NA -1.268153 -0.898943 -0.677650 2.337179 0.077496 -0.544231 -1.144417 0.225538 0.498151 NA -0.016317 0.103466 -0.181960 NA -1.578582 NA 0.840286 0.931135 NA 0.195640 -0.114706 0.667450 NA 0.851071 -0.102174 -1.289727 -0.199428 -0.234943 -0.704153 NA NA NA 0.465888 1.742735 -0.788861 NA NA -0.687845 -0.471272 NA -0.087395 16.877137 1.000000
91 -1.241900 -1.369960 -0.652242 -2.072202 0.742684 -0.342810 -0.819917 -0.941729 NA NA 0.448662 0.824754 -0.122346 -0.424428 -0.090346 NA NA NA -0.835852 1.066148 0.546587 NA 0.651980 -0.599919 -0.310324 NA NA -1.629687 0.453832 NA -0.812753 -0.495925 NA -0.375367 -0.735219 -1.222094 1.210115 -0.971946 NA 0.122426 -0.572999 -1.055662 NA 0.093566 0.608405 NA -0.759356 -1.141341 0.134475 -0.450356 NA NA -0.289705 -0.303339 0.928010 NA 0.830970 NA NA 0.951193 NA NA NA NA -0.802647 -0.887841 NA 1.758169 NA NA NA -0.682832 -0.186683 0.825806 -1.002800 1.052474 0.412616 0.875181 NA -0.045374 NA NA NA NA NA 1.482079 0.465095 -0.683571 NA -2.556582 1.069553 -0.880255 0.349174 -0.625104 0.869695 NA NA NA NA NA 37.103039 1.000000
92 NA NA 1.107446 -1.519592 -0.574406 NA 2.016528 1.165126 -0.603584 -0.683731 -2.059419 NA -1.119861 1.347344 NA 1.362832 0.695193 -1.378409 1.992656 NA 0.179525 NA 1.711717 0.225604 NA 1.632386 -0.743597 0.727151 NA 0.361626 2.149643 NA 2.437106 NA NA NA NA -0.678212 -0.244059 -1.356173 NA 2.006170 0.346478 -0.420923 NA -1.395537 -0.230291 0.841455 -0.201513 -1.219176 NA 0.994925 NA -0.244358 -1.136400 NA NA NA -0.615398 NA 1.708098 NA 1.372862 NA 0.341769 -0.232573 NA -0.370231 0.473542 1.044437 1.126521 NA -1.472228 NA 0.157604 0.367109 NA 0.296338 -0.122552 -0.101872 0.568675 -0.275573 NA -1.445262 0.519513 NA NA 0.055011 -0.007325 -0.736336 NA NA NA 0.476316 -1.295427 -0.416656 -0.241270 -1.420754 -0.310181 NA 32.474411 1.000000
93 -1.197815 0.178012 -0.120044 1.739032 NA 0.087505 0.152543 NA NA 1.225554 NA -0.541732 -0.196031 1.466483 NA 0.348273 1.225866 NA 0.083867 -0.002042 -0.809231 NA -1.573143 NA 2.180315 NA 0.069870 NA 0.144374 -0.235018 NA -0.647964 NA NA -1.075430 0.152976 NA 1.021572 0.082542 NA NA -1.142191 NA 0.769507 NA NA NA NA NA 0.239424 -0.206695 -0.257112 -1.720125 -0.094861 NA -2.134748 0.005929 NA NA NA NA NA NA NA NA NA 1.000817 NA 0.928720 NA NA -0.350072 1.117821 NA 0.248266 -1.365910 NA 0.774189 NA 1.011594 -1.869138 NA NA -0.717093 NA NA 1.525477 NA 2.154496 -0.963338 NA 1.853773 NA -0.641570 0.653390 -1.312028 NA 0.012121 -0.635970 1.039500 1.624077 1.000000
94 -0.470924 0.855882 NA 0.620311 0.392937 1.196389 -0.658518 NA NA NA -1.291636 NA 0.030800 -0.918171 NA -0.230794 NA 0.295946 -0.740801 -1.110369 NA -1.660496 NA NA NA -0.383406 -0.173312 2.315344 NA NA NA NA NA 1.284747 NA -0.992481 0.023406 -1.216989 -0.095947 0.914540 -0.392625 NA -0.847319 NA 0.703293 NA 0.455768 NA 1.552148 NA NA -1.334864 -0.247387 -0.521993 NA 0.138154 0.180318 NA NA NA -1.269208 NA 0.608904 NA NA 2.375865 -1.183412 NA -0.241583 NA 0.497939 1.294564 -0.248522 NA -1.361127 -1.183340 NA 1.607472 0.026889 -0.795404 -1.000980 NA NA NA NA NA -1.063499 -1.288856 -0.182425 0.111009 1.166250 0.439951 0.050529 0.973217 2.162142 -2.443237 NA -0.881690 -0.506389 -0.270876 1.207746 1.000000
95 -0.178445 NA NA 0.921317 NA -0.033992 0.275082 -0.471957 -0.489784 NA NA 0.447893 NA 1.196457 0.007607 NA 0.046570 NA 1.171665 NA NA NA NA NA NA 0.392876 1.540222 0.322404 0.498590 -0.332763 NA 0.733843 -0.926473 NA 1.330104 0.423528 NA NA 0.529500 1.959037 1.014165 NA -0.674388 0.382745 NA 1.183163 NA -0.308093 NA NA NA NA 1.431198 NA -0.832655 -0.368916 0.153060 NA 0.828351 0.690844 0.325788 NA -0.723326 0.084485 -1.634510 -1.747555 0.771852 -1.197743 0.752396 -0.308314 NA -0.904289 0.651737 NA -0.054905 -0.592026 -0.628624 NA NA NA NA 2.232420 1.044091 NA NA -0.352841 NA 1.442600 -1.434915 1.433363 -0.735289 NA 0.204551 -0.691282 0.868238 -2.213173 NA NA 0.367615 NA 0.463430 1.000000
96 NA 2.079529 NA 1.122352 -0.321153 -1.480852 -0.411820 -0.681846 NA 0.601738 -0.341628 -0.152239 1.259109 0.482744 NA NA 0.263559 NA 1.690383 NA 0.112855 0.413991 -0.578278 1.455773 -0.998148 NA -0.302131 NA 0.666554 NA NA 0.630155 NA 1.841238 1.022862 -0.330107 NA 1.851086 -1.418662 -1.204345 NA 2.081863 NA -0.343775 1.078081 0.450023 1.264465 -2.159053 -1.728713 0.149808 -1.258714 NA 0.777772 -1.543129 NA NA 1.069380 -1.399125 NA 0.472980 -0.586705 NA -1.725330 NA -1.907403 -1.458547 -0.653398 -2.230533 NA 1.387595 2.005869 0.651302 NA NA NA 2.004788 NA NA NA -0.044806 NA -1.250620 -1.093824 0.372906 0.451799 -0.016160 0.868329 -0.948227 -1.094417 1.782967 -0.087023 NA NA NA 1.287137 NA -1.118956 0.469426 NA NA 0.023986 1.000000
97 -1.230530 1.592472 2.109129 NA -0.684669 NA NA 1.785167 NA -0.244739 NA -1.308256 NA 0.022348 NA NA NA -1.213660 -0.746977 1.244447 NA 0.026983 0.632834 NA 0.928534 NA NA NA -0.540302 NA NA 1.099548 -0.077187 0.028253 1.586430 NA 0.842276 -3.295165 -0.321228 NA 0.709646 NA NA NA 0.938001 -0.049770 -1.951411 NA NA 0.131955 NA -1.530030 NA NA -0.552481 NA -0.185115 NA 1.443095 NA NA 0.348296 NA NA 0.970550 0.083191 0.076388 NA 1.970970 -1.002000 0.980911 NA 1.192807 NA NA 0.177947 -0.083888 NA 1.109487 0.042179 -0.654777 NA -0.331400 -0.071237 0.421649 0.482714 NA NA 0.950454 0.752396 1.114003 -1.114490 0.551278 -1.082728 NA 1.182326 -0.774470 NA -2.049416 NA 5.919806 1.000000
98 0.234910 NA 0.020365 NA 0.158787 NA NA -0.028128 -0.340886 NA -0.237356 -0.540275 NA NA NA -1.734017 NA 0.139733 NA NA NA NA NA 1.186022 NA -1.216275 -0.650517 NA NA NA -1.665458 1.143726 0.036986 -0.636831 0.919229 NA -2.116112 -0.041972 -1.492981 NA NA 0.421818 NA 0.417214 NA -0.076253 -0.395582 0.129802 0.831306 -0.859677 NA NA NA 0.202419 -0.275510 -0.234094 NA NA NA -0.253762 NA -0.307963 NA NA 0.228821 NA NA 0.798764 -0.144282 -0.334561 NA NA -1.360509 -1.439615 NA NA NA -0.500043 NA 0.244082 NA -0.130213 0.084140 NA -0.338211 -1.074480 -0.193866 1.424660 0.818672 -0.157014 0.219213 NA -1.051204 0.413320 NA NA NA 0.310927 NA NA 0.497668 1.000000
99 0.742976 1.006309 1.413635 NA -1.167944 0.413278 NA 0.629025 0.720080 -1.298052 -1.114306 -1.669348 -0.354504 0.637856 NA NA NA NA NA -0.648425 NA 0.171837 -0.247816 0.462977 NA NA 0.402042 NA 1.034813 -0.586192 -0.159450 NA -0.736328 0.707934 0.906050 -0.900543 NA NA NA 0.108088 2.824198 1.617002 1.570933 0.658948 0.465035 NA NA 0.501496 NA 2.057116 NA 0.404903 0.956438 NA NA NA NA NA -0.256437 0.662654 2.056203 NA 0.101254 0.197951 -0.702665 NA NA -0.311234 NA 1.094083 NA -0.997161 NA 2.152728 NA NA 0.193959 0.197251 -0.562012 NA 0.547124 -0.724893 -1.490058 NA NA -0.554183 NA NA -0.458311 0.509216 0.925785 -0.622350 NA NA 1.334910 NA 0.224356 NA 2.137930 0.811260 1.334679 1.000000
100 -0.114990 0.744131 NA NA NA 0.264944 NA 0.034409 NA -1.065995 0.773645 NA NA NA NA NA -0.459108 0.849529 0.574652 0.152063 -0.849772 NA NA 1.194161 -0.078525 NA NA 1.348294 -0.927225 -0.851047 NA NA NA -0.482806 NA 0.655938 NA 0.886148 -0.029218 NA -0.657802 1.175469 NA NA -0.329676 NA NA 2.235088 -0.157221 NA 0.275004 1.361903 -0.643858 NA NA NA 0.808390 NA NA -0.950789 0.641693 NA 0.038483 NA NA NA NA NA -1.586488 0.381408 0.896684 NA 0.570302 1.536564 2.217518 NA 0.106515 NA NA NA -0.591017 NA NA NA 0.747684 -0.335911 1.755582 NA 0.169848 0.486820 -1.023086 0.058027 NA NA NA NA NA NA NA -0.192245 18.210554 1.000000
uncorrelated Gaussian covariates
missing covariate fraction: 0.400000
no latent classes
   lambda(t|risk 1)=C, <t>=4.000000 for zero covariates
   risk 1: beta[1]=0.500000
   risk 1: beta[2]=0.500000
   risk 1: beta[3]=0.500000
   risk 1: beta[4]=0.500000
   risk 1: beta[5]=0.500000
   risk 1: beta[6]=-0.500000
   risk 1: beta[7]=-0.500000
   risk 1: beta[8]=-0.500000
   risk 1: beta[9]=-0.500000
   risk 1: beta[10]=-0.500000
   risk 1: beta[11]=0.000000
   risk 1: beta[12]=0.000000
   risk 1: beta[13]=0.000000
   risk 1: beta[14]=0.000000
   risk 1: beta[15]=0.000000
   risk 1: beta[16]=0.000000
   risk 1: beta[17]=0.000000
   risk 1: beta[18]=0.000000
   risk 1: beta[19]=0.000000
   risk 1: beta[20]=0.000000
   risk 1: beta[21]=0.000000
   risk 1: beta[22]=0.000000
   risk 1: beta[23]=0.000000
   risk 1: beta[24]=0.000000
   risk 1: beta[25]=0.000000
   risk 1: beta[26]=0.000000
   risk 1: beta[27]=0.000000
   risk 1: beta[28]=0.000000
   risk 1: beta[29]=0.000000
   risk 1: beta[30]=0.000000
   risk 1: beta[31]=0.000000
   risk 1: beta[32]=0.000000
   risk 1: beta[33]=0.000000
   risk 1: beta[34]=0.000000
   risk 1: beta[35]=0.000000
   risk 1: beta[36]=0.000000
   risk 1: beta[37]=0.000000
   risk 1: beta[38]=0.000000
   risk 1: beta[39]=0.000000
   risk 1: beta[40]=0.000000
   risk 1: beta[41]=0.000000
   risk 1: beta[42]=0.000000
   risk 1: beta[43]=0.000000
   risk 1: beta[44]=0.000000
   risk 1: beta[45]=0.000000
   risk 1: beta[46]=0.000000
   risk 1: beta[47]=0.000000
   risk 1: beta[48]=0.000000
   risk 1: beta[49]=0.000000
   risk 1: beta[50]=0.000000
   risk 1: beta[51]=0.000000
   risk 1: beta[52]=0.000000
   risk 1: beta[53]=0.000000
   risk 1: beta[54]=0.000000
   risk 1: beta[55]=0.000000
   risk 1: beta[56]=0.000000
   risk 1: beta[57]=0.000000
   risk 1: beta[58]=0.000000
   risk 1: beta[59]=0.000000
   risk 1: beta[60]=0.000000
   risk 1: beta[61]=0.000000
   risk 1: beta[62]=0.000000
   risk 1: beta[63]=0.000000
   risk 1: beta[64]=0.000000
   risk 1: beta[65]=0.000000
   risk 1: beta[66]=0.000000
   risk 1: beta[67]=0.000000
   risk 1: beta[68]=0.000000
   risk 1: beta[69]=0.000000
   risk 1: beta[70]=0.000000
   risk 1: beta[71]=0.000000
   risk 1: beta[72]=0.000000
   risk 1: beta[73]=0.000000
   risk 1: beta[74]=0.000000
   risk 1: beta[75]=0.000000
   risk 1: beta[76]=0.000000
   risk 1: beta[77]=0.000000
   risk 1: beta[78]=0.000000
   risk 1: beta[79]=0.000000
   risk 1: beta[80]=0.000000
   risk 1: beta[81]=0.000000
   risk 1: beta[82]=0.000000
   risk 1: beta[83]=0.000000
   risk 1: beta[84]=0.000000
   risk 1: beta[85]=0.000000
   risk 1: beta[86]=0.000000
   risk 1: beta[87]=0.000000
   risk 1: beta[88]=0.000000
   risk 1: beta[89]=0.000000
   risk 1: beta[90]=0.000000
   risk 1: beta[91]=0.000000
   risk 1: beta[92]=0.000000
   risk 1: beta[93]=0.000000
   risk 1: beta[94]=0.000000
   risk 1: beta[95]=0.000000
   risk 1: beta[96]=0.000000
   risk 1: beta[97]=0.000000
   risk 1: beta[98]=0.000000
   risk 1: beta[99]=0.000000
   risk 1: beta[100]=0.000000
