active=60: 1 2 3 4 5 6 7 8 9 10 11 12 13 14 15 16 17 18 19 20 21 22 23 24 25 26 27 28 29 30 31 32 33 34 35 36 37 38 39 40 41 42 43 44 45 46 47 48 49 50 51 52 53 54 55 56 57 58 59 60 
active=59: 1 3 4 5 6 7 8 9 10 11 12 13 14 15 16 17 18 19 20 21 22 23 24 25 26 27 28 29 30 31 32 33 34 35 36 37 38 39 40 41 42 43 44 45 46 47 48 49 50 51 52 53 54 55 56 57 58 59 60 
active=58: 1 3 4 5 6 7 8 9 10 11 12 13 14 15 16 17 18 19 20 21 22 23 25 26 27 28 29 30 31 32 33 34 35 36 37 38 39 40 41 42 43 44 45 46 47 48 49 50 51 52 53 54 55 56 57 58 59 60 
active=57: 1 3 4 5 6 7 8 9 10 11 12 13 14 15 16 17 18 19 20 21 22 23 25 26 27 28 29 30 31 32 33 35 36 37 38 39 40 41 42 43 44 45 46 47 48 49 50 51 52 53 54 55 56 57 58 59 60 
active=56: 1 3 4 5 6 7 8 9 10 11 12 13 14 15 16 17 18 19 20 21 22 23 25 26 27 28 29 30 31 32 33 35 36 37 38 39 40 41 42 43 44 45 46 47 48 49 50 51 52 53 54 55 56 57 58 59 
active=55: 1 3 4 5 6 7 8 9 10 11 12 13 14 15 16 17 18 19 20 21 22 23 25 26 27 28 29 30 31 32 33 35 36 37 38 39 40 41 42 43 45 46 47 48 49 50 51 52 53 54 55 56 57 58 59 
active=54: 1 3 4 5 6 7 8 9 10 11 12 13 14 15 16 17 18 19 20 21 22 25 26 27 28 29 30 31 32 33 35 36 37 38 39 40 41 42 43 45 46 47 48 49 50 51 52 53 54 55 56 57 58 59 
active=53: 1 3 4 5 6 7 8 9 10 11 12 13 14 15 16 17 18 19 20 21 22 25 26 27 28 29 30 31 32 33 35 36 38 39 40 41 42 43 45 46 47 48 49 50 51 52 53 54 55 56 57 58 59 
active=52: 1 3 4 5 6 7 8 9 10 11 12 13 14 15 16 17 18 19 20 21 22 25 26 27 28 29 30 31 32 33 35 36 38 40 41 42 43 45 46 47 48 49 50 51 52 53 54 55 56 57 58 59 
active=51: 1 4 5 6 7 8 9 10 11 12 13 14 15 16 17 18 19 20 21 22 25 26 27 28 29 30 31 32 33 35 36 38 40 41 42 43 45 46 47 48 49 50 51 52 53 54 55 56 57 58 59 
active=50: 1 4 5 6 7 8 9 10 11 12 13 14 15 16 17 18 19 20 21 22 25 26 27 28 29 30 31 32 33 35 36 38 40 41 42 43 45 46 47 48 49 50 51 52 53 54 55 56 58 59 
active=49: 1 4 5 6 7 8 9 10 11 12 13 14 15 16 17 18 19 20 21 25 26 27 28 29 30 31 32 33 35 36 38 40 41 42 43 45 46 47 48 49 50 51 52 53 54 55 56 58 59 
active=48: 1 4 5 6 7 8 9 10 11 12 13 14 15 16 17 18 19 20 21 25 26 28 29 30 31 32 33 35 36 38 40 41 42 43 45 46 47 48 49 50 51 52 53 54 55 56 58 59 
active=47: 1 4 5 7 8 9 10 11 12 13 14 15 16 17 18 19 20 21 25 26 28 29 30 31 32 33 35 36 38 40 41 42 43 45 46 47 48 49 50 51 52 53 54 55 56 58 59 
active=46: 1 4 5 7 8 9 10 11 12 13 15 16 17 18 19 20 21 25 26 28 29 30 31 32 33 35 36 38 40 41 42 43 45 46 47 48 49 50 51 52 53 54 55 56 58 59 
active=45: 1 4 5 7 8 9 10 11 12 13 15 16 17 18 20 21 25 26 28 29 30 31 32 33 35 36 38 40 41 42 43 45 46 47 48 49 50 51 52 53 54 55 56 58 59 
active=44: 1 4 5 7 8 9 10 11 12 13 15 16 17 18 20 21 25 26 28 30 31 32 33 35 36 38 40 41 42 43 45 46 47 48 49 50 51 52 53 54 55 56 58 59 
active=43: 1 4 5 7 8 9 10 11 12 13 15 16 17 18 20 21 25 26 28 30 31 32 33 35 36 38 40 41 42 43 45 46 47 48 49 50 51 52 53 55 56 58 59 
active=42: 1 4 5 7 8 9 10 11 12 13 15 16 17 18 20 21 25 26 28 30 31 32 33 36 38 40 41 42 43 45 46 47 48 49 50 51 52 53 55 56 58 59 
active=41: 1 4 5 7 8 9 10 12 13 15 16 17 18 20 21 25 26 28 30 31 32 33 36 38 40 41 42 43 45 46 47 48 49 50 51 52 53 55 56 58 59 
active=40: 1 4 5 7 8 9 10 12 13 15 16 17 18 20 21 25 26 28 30 31 32 33 36 38 40 41 42 45 46 47 48 49 50 51 52 53 55 56 58 59 
active=39: 1 4 5 7 8 9 10 12 13 15 16 17 18 20 25 26 28 30 31 32 33 36 38 40 41 42 45 46 47 48 49 50 51 52 53 55 56 58 59 
active=38: 1 4 5 7 8 9 10 12 13 15 16 17 18 20 25 26 28 30 31 32 33 36 38 40 41 42 45 46 47 48 49 50 51 53 55 56 58 59 
active=37: 1 4 5 7 8 9 10 12 13 15 16 17 18 20 25 26 28 30 31 32 33 38 40 41 42 45 46 47 48 49 50 51 53 55 56 58 59 
active=36: 1 4 5 7 8 9 10 12 13 15 16 17 18 20 25 26 28 30 31 32 33 38 40 41 42 46 47 48 49 50 51 53 55 56 58 59 
active=35: 1 4 5 7 8 9 10 12 13 15 16 17 18 20 25 26 28 30 31 32 33 38 40 41 42 46 47 49 50 51 53 55 56 58 59 
active=34: 1 4 5 7 8 9 10 12 13 15 16 17 18 20 25 26 28 30 31 32 33 38 40 41 42 46 47 49 50 51 53 55 56 58 
active=33: 1 4 5 7 8 9 10 12 13 15 16 17 18 25 26 28 30 31 32 33 38 40 41 42 46 47 49 50 51 53 55 56 58 
active=32: 1 4 5 7 8 9 10 12 13 15 16 17 18 25 26 28 30 31 32 33 38 40 41 42 47 49 50 51 53 55 56 58 
active=31: 1 4 5 7 8 9 10 12 13 15 16 17 18 25 26 28 30 31 32 33 38 40 41 42 47 49 50 51 53 55 58 
active=30: 1 4 5 7 8 9 10 12 13 15 16 17 18 25 26 28 31 32 33 38 40 41 42 47 49 50 51 53 55 58 
active=29: 1 4 5 7 8 9 10 12 13 15 16 17 18 25 26 28 31 32 33 38 40 41 42 47 49 50 51 55 58 
active=28: 1 4 5 7 8 9 10 12 13 15 16 17 18 25 26 28 31 32 33 40 41 42 47 49 50 51 55 58 
active=27: 1 4 5 7 8 9 10 12 13 15 16 17 18 25 26 28 31 32 33 40 41 42 49 50 51 55 58 
active=26: 1 4 5 7 8 9 10 12 13 15 16 17 18 25 28 31 32 33 40 41 42 49 50 51 55 58 
active=25: 1 4 5 7 8 9 10 12 13 15 16 17 18 25 28 31 32 33 40 41 42 49 51 55 58 
active=24: 1 4 5 7 8 9 10 12 13 15 16 17 25 28 31 32 33 40 41 42 49 51 55 58 
active=23: 1 4 5 7 8 9 10 12 13 15 16 17 25 28 31 32 33 40 42 49 51 55 58 
active=22: 1 4 5 7 8 9 10 12 13 15 16 17 25 28 31 32 33 40 42 49 51 55 
active=21: 1 4 5 7 8 9 10 12 13 15 16 17 25 28 31 32 33 40 42 51 55 
active=20: 1 4 5 7 8 9 10 12 13 15 16 17 25 28 31 32 33 40 42 51 
active=19: 1 4 5 7 8 9 10 12 15 16 17 25 28 31 32 33 40 42 51 
active=18: 1 4 5 7 8 9 10 12 15 16 17 25 28 31 32 33 40 51 
active=17: 4 5 7 8 9 10 12 15 16 17 25 28 31 32 33 40 51 
active=16: 4 5 7 8 9 10 12 16 17 25 28 31 32 33 40 51 
active=15: 4 5 7 8 10 12 16 17 25 28 31 32 33 40 51 
active=14: 4 5 7 8 10 12 16 25 28 31 32 33 40 51 
active=13: 4 5 7 8 10 12 16 25 28 31 32 33 51 
active=12: 5 7 8 10 12 16 25 28 31 32 33 51 
active=11: 5 7 8 10 12 16 25 28 32 33 51 
active=10: 5 7 8 10 12 16 25 32 33 51 
active=9: 5 8 10 12 16 25 32 33 51 
active=8: 5 8 10 12 16 25 32 51 
active=7: 5 10 12 16 25 32 51 
active=6: 5 10 12 16 25 32 
active=5: 5 10 12 16 25 
active=4: 10 12 16 25 
active=3: 10 12 25 
active=2: 10 25 
active=1: 10 
