1 -0.035423034248 0.848800854012
2 -0.041605733014 1.165515073646
3 0.071590132130 0.974564300201
4 -0.127505924971 0.996885681540
5 -0.177158869312 1.008549959946
6 0.131005497434 0.880530843658
7 -0.042951050605 1.046818709539
8 -0.175146726806 0.950006083848
9 -0.013273113817 0.925273877656
10 -0.091789940330 0.880854814768
11 -0.003749972375 1.097419949215
12 0.008122224754 1.143061224977
13 0.046176276708 1.115665751374
14 -0.070275182827 0.876771114774
15 0.146460835594 1.075769665570
16 -0.217870839954 1.033610178367
17 -0.088342344709 1.001468767926
18 0.054578504087 1.061927239474
19 0.125070119925 0.942181224757
20 -0.155792631967 1.033481024008
21 0.072480935504 1.039028284173
22 0.051548929103 1.013479991159
23 -0.057877814065 0.876828904431
24 -0.032928197473 1.082441643482
25 0.002781665308 0.895925521880
26 0.030940579027 1.026926498637
27 0.074791484466 1.036283620476
28 -0.028220805863 1.074273229118
29 -0.010481557423 0.928997335306
30 -0.086952850071 1.074974244259
31 -0.014943985345 1.080034390891
32 0.053408961565 1.089535101732
33 0.155471999907 0.957989656218
34 -0.138157153836 0.898888349785
35 0.032386570743 0.927931814562
36 0.010367270362 0.899658409952
37 0.093595074052 1.043274793467
38 -0.121276827962 1.019532146659
39 -0.052323308720 0.928226122500
40 0.032667458763 0.929988505811
41 0.063423682482 1.012513928860
42 -0.048855690566 1.002252197066
43 -0.069351312181 1.068686257013
44 0.247291864972 1.072382320380
45 -0.053684247144 0.781966095812
46 0.110134728396 0.977729804965
47 0.101276884381 1.268178911391
48 0.047498869515 0.892507885738
49 -0.160575139731 1.020705742377
50 -0.106280952996 0.932260539214
51 0.065694139282 0.944425198738
52 0.020483251483 1.190877698778
53 -0.000099104396 0.929790566213
54 0.029010973411 1.094009802379
55 0.137259357183 0.940214069446
56 -0.190527933801 0.940141684876
57 0.139534804134 0.869527772061
58 -0.004018596958 1.009126796345
59 0.101872234508 0.866994110015
60 0.176354792521 1.000478747062
61 -0.124008385897 1.009227397745
62 0.087905219601 0.950709638960
63 -0.100345668210 0.967327531918
64 -0.131167237741 0.973252079435
65 -0.029008196211 1.083083360869
66 -0.059276724528 0.930749020030
67 -0.118079965113 1.019904795071
68 0.050609535245 1.019849508490
69 0.129251676505 0.912418620995
70 0.063345021627 0.936221838360
71 0.089674141087 1.047874537634
72 0.093345159090 0.922113290537
73 -0.043733327941 1.033424558250
74 -0.041703506730 1.024623504642
75 -0.053574206145 0.854693299639
76 -0.291706231603 1.071326435241
77 0.088279122510 1.090070474111
78 0.040516990077 0.898276549006
79 -0.147270912190 0.917308291318
80 -0.071976165773 1.022786668351
81 -0.006169635874 1.026009064830
82 0.127400640619 1.017180884654
83 -0.028726733668 1.109688755852
84 -0.119709106323 0.979362272578
85 -0.117102941702 0.982119097604
86 0.076819999022 1.020989022107
87 0.162820390663 0.926881566197
88 -0.007664301795 0.900918289164
89 -0.033605584288 0.872803400282
90 -0.015302309300 1.235649715496
91 -0.038938006632 1.060700438199
92 -0.033731588578 0.957241511076
93 0.161308487248 0.914421667450
94 0.020548843897 1.071935194530
95 0.067912953249 1.092114546546
96 0.177431060936 0.998193791620
97 -0.007378223008 1.040971333203
98 0.126348104057 0.951648227587
99 0.237238571818 1.008764552857
100 0.017568614998 0.905895988842
