1 0.089127303336 0.972864301120
2 0.155249270836 0.960517278003
3 0.115710142763 1.097033830541
4 0.163394887158 1.051293722019
5 0.180398018968 0.982404207246
6 -0.101656343974 0.937530963603
7 -0.414934635712 1.127438975668
8 0.002865278460 0.927443696956
9 -0.102073918540 1.111711010068
10 0.097940250535 0.996147549854
11 0.079020333678 0.973631462887
12 -0.014675966981 1.018785423939
13 -0.042747977711 0.999532038657
14 -0.129663479193 1.034415982223
15 -0.107005224035 1.009936994434
16 -0.147849768857 0.905895938048
17 -0.089881836195 0.883275579000
18 0.066691800036 0.960154901681
19 0.077317543388 1.072699893958
20 0.031912196890 1.050203520020
21 0.135206726682 0.928197227673
22 -0.074093461256 0.927673581937
23 0.105528846407 1.031628294446
24 -0.117335561963 0.965750380441
25 0.014773791629 0.893368847855
26 0.065347579064 0.969825501286
27 -0.275169734710 1.031806329031
28 -0.062364990271 0.828751020183
29 -0.051974823691 1.016858483355
30 -0.106694453431 1.058866979498
31 0.024071013582 0.941864441703
32 -0.030715460401 0.928041935668
33 -0.054668824539 1.058846215850
34 -0.019275055953 1.067572855437
35 0.011523817637 0.995163193661
36 -0.092870247979 0.985309477207
37 -0.286712039152 1.067043236281
38 -0.169244633766 0.998467069968
39 -0.055413581096 1.026422272741
40 -0.110963238254 0.925278717123
41 -0.126031935446 0.981646176619
42 0.065788378740 0.955547412706
43 0.085242831531 1.005689616807
44 0.062626544539 0.859315058095
45 0.011652908088 0.938469840223
46 -0.003285289616 1.124727440012
47 -0.023278568506 1.072079926244
48 -0.021429754011 0.886243604457
49 0.034009579430 0.986056436586
50 0.050845266696 0.956490513991
51 0.119356860805 1.026115817836
52 -0.141193683408 1.009900816215
53 0.045768606377 1.051918464632
54 0.126468152536 1.007320493766
55 -0.024804025650 0.924377007850
56 0.085474609638 0.968750967603
57 -0.026097718627 1.063316833399
58 0.091866272033 1.062610221145
59 0.119141556521 0.885666615526
60 0.096427336646 1.031855653498
61 -0.047174279286 0.951726492327
62 -0.011476480111 1.196099679297
63 0.036816593074 0.888193438804
64 -0.149451875502 1.029958798761
65 0.068532728036 0.916038601843
66 -0.024064022577 0.951007700083
67 0.142154648251 0.929663635104
68 0.057062063866 1.007135200044
69 -0.158151200079 1.006960760957
70 -0.115697311515 0.962133824897
71 -0.051506869356 0.913337030268
72 -0.089809350752 0.969799775273
73 -0.094088613262 0.938932816748
74 0.133596271191 0.989580787190
75 0.153003789737 0.978981472337
76 -0.087504361541 0.885249248903
77 -0.019181992038 0.926285474683
78 0.045087478842 0.957650215127
79 -0.120953690112 1.042416418500
80 0.050998711365 0.940159766491
81 0.043511160105 0.990867669645
82 0.055014315636 0.964132241710
83 0.024525349367 1.003950487310
84 -0.037124456502 1.009928497620
85 -0.160782560965 0.941540301524
86 -0.109354542277 0.869829638596
87 0.001680398688 0.972695981246
88 -0.012165525142 0.942023460918
89 -0.093344522022 1.045129091656
90 0.027671299490 0.806170586204
91 -0.065773919300 1.153346920429
92 0.014661930521 1.056860334409
93 -0.036940763780 0.988643228029
94 0.019742184308 1.042231429904
95 0.082687921227 1.036995567377
96 -0.168401522749 1.006863823617
97 -0.022876812710 1.025811791804
98 -0.005866654844 1.186484574769
99 -0.195708423889 1.151114174999
100 -0.012825245042 1.071472802729
