0.000000 0.500000
1.000000 0.726500
2.000000 0.704700
3.000000 0.759800
4.000000 0.763400
5.000000 0.771900
6.000000 0.768800
7.000000 0.780100
8.000000 0.765300
9.000000 0.783300
10.000000 0.803000
11.000000 0.805000
12.000000 0.814100
13.000000 0.803800
14.000000 0.806200
15.000000 0.807100
16.000000 0.806000
17.000000 0.804400
18.000000 0.810600
19.000000 0.804300
20.000000 0.794800
21.000000 0.792600
22.000000 0.786700
23.000000 0.789500
24.000000 0.783200
25.000000 0.783400
26.000000 0.780500
27.000000 0.776200
28.000000 0.772300
29.000000 0.771800
30.000000 0.759500
31.000000 0.760200
32.000000 0.757300
33.000000 0.749100
34.000000 0.755300
35.000000 0.743000
36.000000 0.735600
37.000000 0.733900
38.000000 0.738900
39.000000 0.730100
40.000000 0.727300
