0.000000 0.489362
1.000000 0.629787
2.000000 0.659255
3.000000 0.654362
4.000000 0.673936
5.000000 0.712979
6.000000 0.728298
7.000000 0.747234
8.000000 0.750532
9.000000 0.763404
10.000000 0.754894
11.000000 0.772553
12.000000 0.777128
13.000000 0.772447
14.000000 0.780957
15.000000 0.772021
16.000000 0.765957
17.000000 0.756489
18.000000 0.751277
19.000000 0.743085
20.000000 0.752021
21.000000 0.751702
22.000000 0.748723
23.000000 0.737447
24.000000 0.736915
25.000000 0.737340
26.000000 0.728404
27.000000 0.719894
28.000000 0.717128
29.000000 0.712128
30.000000 0.704787
31.000000 0.695319
32.000000 0.704574
33.000000 0.698191
34.000000 0.687553
35.000000 0.689043
36.000000 0.677660
37.000000 0.666170
38.000000 0.671489
39.000000 0.670213
40.000000 0.650745
