N=100
P=50
R=2
1 0.438086 0.559767 -0.277938 -1.107383 -0.675018 -0.178183 -1.774355 0.608251 -0.017858 2.470130 1.125806 -0.733063 -1.452178 1.534035 1.400527 0.281225 -1.176770 -0.561156 -1.006711 2.158917 0.486550 0.329892 -0.376022 -0.383790 -1.496994 0.679743 2.189488 0.502743 -1.391490 0.390663 -0.128532 2.926790 0.126998 1.336132 0.745210 0.028930 0.582107 0.340630 -0.190792 0.982352 0.085340 -0.621094 -1.261534 1.283450 0.656219 0.759529 -0.293865 0.047427 0.560460 0.274328 142.239320 1.000000
2 1.390642 -0.028280 1.525673 -0.366557 -1.370172 -1.216074 0.411676 0.415979 -0.789864 -0.590548 2.028697 -1.462093 0.984439 1.361086 1.949247 -0.947279 0.135745 -0.405447 0.105848 -0.572384 1.478798 -0.588313 -0.855936 -1.279590 -0.539847 1.506754 0.057842 1.689769 0.069955 0.955024 -1.057836 -1.977219 1.319684 -0.258532 -1.058893 -1.044759 0.291937 -0.330349 0.436328 1.041386 0.335639 0.621247 -0.855620 0.205158 1.636775 0.256604 0.123207 -0.940890 -0.441906 0.782596 9.308259 1.000000
3 1.000907 -0.549196 -0.864882 1.089511 2.447166 -1.456598 0.958858 -1.486840 1.559215 0.026029 0.158305 0.552179 -1.033542 -0.680846 -0.171225 0.282963 -1.003475 0.334654 -2.251832 0.575049 -0.666868 1.496889 1.434298 -1.102916 -0.000440 0.632257 -1.149820 0.412622 1.771057 0.531669 1.373800 1.711048 -0.819432 1.096191 1.116486 0.696184 1.652802 -0.826639 -1.638371 -0.211650 0.753616 -0.999546 0.811321 0.201864 0.275576 -0.113535 1.517821 0.315386 0.277181 -0.938302 5.965263 1.000000
4 0.436622 1.408308 0.713850 1.079097 0.975232 -2.128376 -1.811691 0.386960 -0.699548 0.203052 -1.313194 -1.079237 0.451383 0.241708 1.203521 -1.470837 -0.226523 -0.935017 0.171254 0.531866 0.621104 0.605958 0.448508 0.030452 0.339059 0.486293 -0.672558 0.275676 2.547273 -1.138714 -1.383484 -1.088691 0.018926 0.252360 1.585368 1.070943 -0.305869 1.268250 -0.058876 0.400260 -0.862686 0.926639 0.382536 1.031389 0.896166 0.547524 -1.595453 1.085249 -0.539834 0.263385 1.291234 1.000000
5 -0.880423 -0.756563 0.446863 1.422953 0.232741 -0.785487 -1.106447 -0.162926 0.661791 -0.191857 -0.668727 0.784828 1.055635 -1.768112 0.160860 0.005003 -0.031377 -0.099369 -2.502915 1.015842 -0.121652 -2.221037 -0.260574 -1.303348 2.625492 -0.386674 -1.369159 0.601420 0.888516 -1.243589 0.992051 -0.226861 0.222938 -0.859969 0.544638 -2.233470 -0.141662 -0.053726 -1.110478 1.163438 -0.161002 0.156394 0.823528 1.333356 1.567710 0.119492 0.097821 -1.035514 0.232721 -0.779555 0.249079 1.000000
6 1.101511 2.674327 0.248223 0.794897 0.203588 1.244963 0.552805 0.944336 -0.249263 0.345530 1.134240 -0.841051 0.912346 0.242354 -1.844236 -0.966805 -0.927755 -0.435792 -1.286592 -1.044974 0.961867 -0.823197 0.546507 -0.918887 -0.920653 -0.238492 0.545118 1.241652 -0.802736 -0.660902 0.637895 1.043518 -0.118878 -2.369328 -0.803209 0.854672 1.093566 -0.942227 -1.757304 -0.850969 -0.970663 0.633393 0.619517 -0.417885 0.897703 -2.124771 -0.860483 0.213650 0.777869 -2.472751 0.026191 1.000000
7 0.228013 0.572267 0.195144 -0.545956 -0.287860 0.051830 -0.365156 -2.602688 2.195784 -0.909785 -0.010057 2.026341 -0.829829 -0.058674 -1.809696 0.214076 -1.328451 0.260577 0.323371 -0.887255 -0.957074 0.485229 0.122323 -0.613473 -0.223443 -1.666447 -0.437288 -1.234476 -0.070096 -2.056065 1.798017 -0.660532 -0.106371 2.098808 0.572717 -0.903307 -0.084410 0.670312 0.884351 -0.619535 1.894444 -1.446257 -0.703047 0.475391 0.420659 -2.416999 0.241134 -0.412488 1.385128 -0.207434 5.972895 1.000000
8 0.688386 0.704379 1.141051 -1.066052 1.534083 0.543985 0.219228 -1.913953 0.862520 -0.515041 -0.159947 0.637196 0.335517 0.658710 -0.977444 0.256749 0.643194 0.708685 -0.391523 -0.071207 -1.643800 -0.847532 1.338273 -0.650728 -0.539553 -0.124692 -1.415468 0.283625 0.606339 -1.362500 -0.205773 0.639554 1.683563 0.742850 1.208146 -0.391479 -0.692551 0.511597 -1.181907 1.626653 0.363702 -0.676107 -0.936879 0.024884 0.287718 0.389761 0.525394 1.265938 -0.697380 0.602307 126.459617 1.000000
9 0.460921 0.287267 0.624257 -1.026535 -0.751784 1.544292 1.060424 0.081236 -0.561315 -0.771951 -1.559206 0.256216 0.678788 1.141472 -0.771073 0.022459 -1.443142 1.264025 0.428054 -0.407467 -0.635841 -0.678101 0.324916 0.261328 0.092056 0.601849 -0.692105 -0.019162 -0.308268 2.069297 -0.469784 -0.535759 -0.131537 0.880322 1.002563 1.441838 1.045524 -2.724388 -0.950172 -1.536952 0.141528 0.647222 0.359860 0.288917 -0.856263 -1.182549 0.448851 2.605166 1.628408 0.466720 275.104248 1.000000
10 -0.424454 1.268342 1.008947 -0.903939 0.432840 -0.614801 0.965937 0.271017 -1.152866 1.242507 0.847234 -0.300415 1.074863 0.195709 -0.902696 -0.780705 -1.595020 -0.544181 -0.640252 0.589416 0.047395 -0.278028 1.115863 0.815894 -0.432260 0.822469 -1.338599 -1.395605 -1.265768 1.374270 -0.801693 0.552540 -0.889128 0.611922 1.099230 -0.995363 0.183446 -0.445972 -0.019863 -1.599192 -2.360172 0.202063 2.616635 -0.546675 -0.748912 0.086228 1.940280 0.517009 0.964579 1.148135 0.407482 1.000000
11 -0.322672 -0.153982 0.568027 -0.506808 0.371774 0.450193 0.745727 0.406146 1.231327 -0.883759 -0.296521 -1.067810 -0.054165 -0.316985 -1.154162 -0.372748 0.577235 2.332277 -2.546638 1.179266 2.205893 -1.089108 0.563947 -0.688198 0.089481 -1.030914 0.114772 -0.255827 -0.027170 0.877361 -0.412545 0.303900 0.423699 1.783382 -0.952545 0.395266 1.221854 -0.261367 -0.162208 -1.416470 -3.383023 -0.666418 0.069960 1.268940 0.610422 1.337023 -0.679217 0.969911 0.238990 2.560258 5.895953 1.000000
12 -0.879088 1.345109 1.315234 -0.581568 -0.832717 -0.161528 -1.369205 0.067623 0.593965 0.277406 0.493552 1.309568 -0.310739 -1.696321 -2.318664 0.457419 0.560827 -0.049117 0.135484 1.534269 0.664139 0.383191 0.306224 -0.417328 0.193418 1.303165 -0.269161 -0.208348 -1.237544 -0.538606 -0.399396 -0.041987 -1.472193 -1.004352 0.647467 0.880664 -0.137471 0.049527 -1.138830 -1.601696 -0.773104 -1.725823 -0.897200 0.760778 -1.371316 -0.530640 -0.172898 -0.321260 -1.571031 1.007997 0.535426 1.000000
13 -0.618990 -0.528384 0.662903 -0.659827 -0.742527 0.959395 0.195028 0.504929 -0.634293 -1.140471 -1.024309 0.879027 -0.088180 1.987518 -0.285092 -1.504320 0.181762 -0.655456 -1.547677 0.276481 -0.005245 -0.719036 -0.301576 1.176340 -1.317087 -0.317145 -1.308717 1.817762 -0.267892 -0.519314 0.007739 -0.876409 0.287110 -2.053054 0.844873 0.447033 0.344039 -0.785552 -0.936670 1.051408 -0.015898 -0.317425 -1.311919 1.288366 -1.875402 -0.139753 0.126488 1.277355 -1.442057 -1.102694 6.269892 1.000000
14 -1.458292 -0.510756 1.387730 -1.236968 1.105389 -0.320520 -3.400948 -1.092147 -0.085539 -1.161771 0.354740 -1.347711 -0.114996 -1.488008 0.633701 -0.733192 0.936225 -0.879957 0.081490 0.909471 0.273011 -1.306243 -0.481426 -1.518456 0.408537 -0.025877 0.804121 -1.054810 0.779733 -0.340397 0.291616 0.808274 -1.799206 1.372172 0.849109 -1.423997 -1.419449 0.560981 -1.245168 -1.158578 -0.252267 0.502094 0.273323 1.458295 -0.169636 2.089359 -3.349809 -0.335561 -1.307225 1.309647 16.845244 1.000000
15 0.356619 -1.452862 -0.470283 -0.021934 -1.419168 -1.434706 -2.188509 0.851689 -0.735332 0.286331 0.517487 0.412592 -1.756992 -0.995858 -0.462436 1.275366 -0.093064 -1.400016 1.036762 1.407971 -0.057263 -0.451417 0.832304 -1.414668 1.565367 0.579309 0.742143 1.064067 -0.269294 0.097314 -2.704487 -2.272624 0.465260 0.601058 1.305528 -0.740931 0.502753 1.620521 -0.358265 -0.388583 -1.351026 0.676414 0.289824 0.495671 -0.463216 -0.417634 0.607326 0.904163 -0.542881 1.442272 0.883252 1.000000
16 0.031073 0.464862 -0.984698 0.357147 -0.150972 -1.093802 -0.432086 0.440281 2.802995 0.688959 -0.184286 -0.778812 0.295692 -0.970695 -0.076884 -1.780727 0.388707 1.502241 -0.962640 0.369551 1.397581 -0.736764 -1.279254 0.536572 -0.019842 0.567007 0.779336 -1.538101 -2.284636 0.024582 1.754665 1.086691 0.028592 1.023208 0.542209 0.050092 0.139058 -0.625414 1.280180 0.357831 1.155037 -0.401611 0.205963 -0.492281 -0.303512 1.456716 -0.315157 -0.258346 0.982249 1.663486 0.432901 1.000000
17 -0.259495 2.577749 1.249425 0.356529 -1.093025 -0.387351 -2.584703 1.243583 2.026943 -0.228491 -2.523458 0.551908 -1.137623 -0.230307 1.224725 -1.191728 0.054973 1.934346 -0.496387 1.157647 -0.676271 -1.208258 -0.339300 3.101462 -0.108955 0.162069 -1.210707 0.152343 -0.137721 -0.402747 -0.690430 -1.585076 -1.087434 -0.009344 0.825231 0.109545 -0.867335 -0.741407 1.078978 -2.058665 0.867422 -1.591782 -1.005750 -0.077340 0.842930 -0.635278 0.564268 -1.013927 0.180338 2.228098 0.960383 1.000000
18 -1.313458 -0.610143 -0.044093 1.020917 1.724901 -0.874132 -1.154361 0.594804 -0.082001 0.770611 -0.275910 0.047231 -2.181118 0.607525 0.647640 0.611475 -0.828256 -0.506247 1.017410 -0.664397 0.752687 -0.024273 0.072029 -1.681274 -0.545235 -0.842482 -0.240299 -0.203629 -0.162543 -1.014706 0.570829 -0.750005 0.169002 -0.541226 -0.084012 -1.623912 1.899080 1.037979 0.098805 -0.192132 0.305615 0.063855 0.514510 -0.434840 -0.029057 -0.760814 1.506629 -0.631660 -1.281999 0.731433 0.018143 1.000000
19 -1.301180 0.471044 0.605392 -0.133745 0.173042 0.827706 -1.514550 0.176145 -0.558774 -1.065769 -0.199776 0.359475 -0.808421 1.366363 1.248291 0.244897 0.574286 -2.439821 1.015339 0.530739 -1.088430 -0.084102 0.582481 1.161999 -0.337342 0.380559 -1.221665 0.028510 -0.032096 0.009919 -1.311690 0.153689 1.316264 -0.408477 0.930791 -0.731437 0.503685 0.333121 0.565291 0.367845 -1.118007 -2.618370 0.111435 0.640805 1.581034 -0.561140 -0.129256 -1.159077 0.790860 -0.893860 2.240389 1.000000
20 -0.675473 0.864014 0.284902 0.424623 -1.492663 1.229067 -0.535968 -0.726331 0.273751 0.071847 0.526067 -0.757399 -0.265610 -0.481538 -1.113942 -0.195858 0.466573 1.363758 1.040505 -0.607146 0.689825 -0.666382 0.830593 0.582748 -1.269984 -0.280697 -0.282620 0.798886 -1.057700 0.029458 -0.282002 2.672286 1.631918 1.173355 0.579262 -0.676296 -1.876970 -0.917388 0.495903 -0.875937 -0.705909 -0.182327 0.737665 -0.131704 -1.059429 -0.763907 -2.002988 0.301658 -0.497659 -0.604064 54.363487 1.000000
21 0.049521 0.625647 0.113355 0.479345 0.962435 -1.373983 1.218854 0.759086 0.057031 1.171260 2.161332 0.121335 0.708634 -1.523631 -3.050634 -0.170097 -1.190005 0.674162 1.092528 0.569001 0.123631 0.611982 -1.030407 -0.152255 -0.218128 -2.260846 -0.022042 -1.182093 -0.182829 -1.620930 -0.933390 1.435420 -0.697539 -1.103418 -0.289817 -0.769565 1.387580 0.137963 -2.215146 0.960734 0.385711 -0.553223 0.164592 0.380670 1.056971 -0.719162 -0.701008 -0.418924 1.490815 -0.242919 0.005436 1.000000
22 -1.052518 0.359482 0.604092 0.026017 -0.338473 1.319672 0.109604 1.272064 -0.940101 0.017651 -0.250783 -1.889681 -0.847333 -0.310264 0.012893 -2.885877 -0.541594 -0.358165 1.062005 -0.455936 -0.209593 -0.122354 1.392166 -0.799677 0.659435 -1.386163 -1.572734 1.341032 -1.154747 1.272910 0.995410 0.549027 0.058899 -0.497893 0.087251 0.268582 -1.757982 0.045741 0.036161 -0.515789 -0.185213 -1.669377 1.424209 -1.117350 1.990966 -0.275484 -0.727738 1.436333 0.038927 1.440270 0.257374 1.000000
23 -0.589094 -0.756136 1.345171 -1.233478 -0.596546 0.384476 -0.749906 -1.405896 0.265393 -0.889841 0.990924 0.606049 -0.336313 0.675325 1.518207 -0.435471 0.716897 0.722468 -0.762755 -1.014682 -0.822270 3.135171 -0.010715 -0.068037 -0.029038 0.876240 0.743758 -0.146533 -0.441065 -1.039144 0.112064 0.179348 0.809958 -1.432698 -1.046511 0.749171 -0.595980 0.962083 0.625955 -0.688810 1.274574 1.468702 0.015088 -0.168600 0.956182 -0.571944 -0.555934 -0.782400 0.331729 -0.372674 6.575015 1.000000
24 -0.686310 -1.570436 -1.097883 -1.295129 1.438583 0.257837 -0.325625 0.191483 0.814063 0.881413 -0.500749 -0.589477 0.917539 0.574965 0.620133 -0.364385 0.440557 -1.485928 -2.013645 0.442876 -1.234000 -1.458479 1.206423 -0.639694 -0.352356 0.682325 0.617336 -0.468975 -2.055919 -2.202140 -0.683051 -0.149826 1.086818 1.021573 0.930434 0.756615 -0.465150 -0.712666 0.292154 -0.957083 0.736426 1.177676 -0.772837 1.012678 0.082212 0.625962 -0.465814 -1.867429 0.705748 -0.104708 3.945254 1.000000
25 -1.822704 -0.664126 -1.790461 -0.755709 -1.293382 -1.929066 -0.976060 -0.387137 1.713070 2.110457 -0.808274 -0.613863 -0.581632 -0.227241 -1.011210 -0.230687 -1.229953 0.760971 0.278559 1.488211 0.371760 0.255278 0.066978 -1.338498 -1.175151 -0.108532 -0.999898 1.536676 -1.962308 -2.116626 -1.842723 0.116313 0.091838 0.971406 1.426316 -0.941780 -0.244878 0.095089 -0.160078 -0.763532 0.375003 -0.019055 -1.449776 0.975730 0.595656 -0.602302 1.178386 0.236038 -0.427865 0.195550 7.153100 1.000000
26 -1.278597 -1.288704 -0.590684 1.704872 0.211460 0.183892 0.200858 -0.000650 0.171874 0.931518 -0.689914 0.863184 1.064033 0.244345 -0.471494 0.072401 -0.711710 -0.202773 -0.919523 -0.596851 0.491974 0.479179 -0.331773 0.691076 0.146170 1.665767 0.286190 0.728065 0.490931 0.713170 -0.075588 -0.106103 0.172533 0.707067 -0.754994 0.341601 -2.603420 0.170881 0.157429 -0.222437 1.491495 -0.120141 -0.474322 0.420529 -1.877687 -0.157375 1.120557 0.929524 0.995944 0.048754 0.423056 1.000000
27 -0.094654 1.477328 -0.103038 -0.519185 0.782040 2.569592 0.892363 -1.204654 -0.530258 -0.224912 -1.125751 -0.219900 1.635611 1.139684 -0.602523 -0.322959 0.034533 -0.793533 -0.641201 1.355042 0.528159 -0.625869 -0.112789 0.746304 -0.389125 1.777948 -0.169824 -0.325224 -0.150310 1.061613 0.558158 -0.411029 -2.261702 0.824501 -0.995970 0.843888 -0.846588 0.088183 -0.410580 -0.049187 -0.260009 0.911200 -0.457352 -1.894177 -0.758346 -1.180050 -0.048191 -0.545437 0.231988 0.951287 0.179721 1.000000
28 0.037684 -0.647955 -2.766206 0.626462 -0.247877 -1.174171 -1.777940 -0.130598 -0.154093 0.799634 0.364740 0.111094 1.317942 -2.180572 -0.062729 -0.351684 -2.045858 -1.607657 -0.439317 -0.921473 -0.350438 0.021400 0.684159 -1.042801 -0.545075 -0.419795 -0.093730 0.011681 -0.390421 -0.529481 0.351000 0.428805 1.569525 1.771906 -0.749141 -0.749072 -0.610726 -0.385003 0.842830 0.446918 -1.104717 1.123299 -0.876162 0.623081 -0.527557 -0.744834 0.743819 0.604932 -0.252617 -0.112626 21.725306 1.000000
29 0.788026 0.045666 1.298717 0.663326 -0.457591 2.034596 -0.352515 1.237258 -0.639004 0.529795 0.508453 -1.313266 -0.464060 -0.921668 0.782219 1.115253 -0.928363 -0.011920 -0.617693 0.033570 0.929122 0.053571 0.980267 0.030628 0.495127 -0.291485 0.034480 0.698144 -0.102262 -0.937971 -0.567005 0.047455 0.814786 0.923022 -0.200072 -0.745309 -2.396603 1.354661 1.427712 1.126290 -0.031934 0.908901 -0.054514 0.283571 0.337257 0.202149 0.677457 0.103109 -1.415785 1.215337 0.080535 1.000000
30 0.247090 1.199972 2.157446 -0.080445 -0.310750 -0.560800 0.918674 0.300905 -0.712155 -0.278149 -0.736248 -0.303195 -1.335398 0.859941 -0.141307 1.124022 -0.736066 -0.179617 -0.305873 1.169762 -0.944316 0.656167 0.761194 1.822341 -0.865581 -1.156402 0.055905 0.011034 -0.483752 -1.523232 0.287017 -0.526641 -0.189114 0.468073 0.357414 -1.384524 -1.000635 0.165664 1.028724 0.553681 -0.517010 -1.409456 -0.797928 -0.233514 0.501388 0.508831 1.485847 -0.329144 1.341971 0.844504 0.165259 1.000000
31 1.079160 0.940288 0.482415 0.499134 -0.485639 -1.309414 -1.099962 0.164706 -0.554745 -1.616387 -0.386060 1.371924 -0.484914 0.804716 -1.075891 1.197456 -1.448651 -1.120807 0.868258 1.230890 0.049896 -1.237241 -0.917554 1.055725 1.124952 0.540250 -0.617850 -0.326686 2.528050 -0.147814 1.181713 -1.275771 -0.448161 -0.710499 1.260472 0.602338 -1.655516 -0.262407 -1.644940 -0.018555 -0.265425 0.415314 1.336943 -1.039829 -1.476094 0.471091 0.228641 0.683009 2.221436 -0.493213 3.954761 1.000000
32 0.332413 -0.833634 -0.299431 0.475645 1.707667 -0.035826 -0.679533 -0.914614 -1.601756 1.736049 -0.748738 -0.750696 0.258022 -2.349323 -3.127158 -1.338728 0.879055 -0.383074 0.875196 -0.056017 1.044766 -0.203033 -0.905322 0.669053 0.073933 0.077150 0.025634 0.980904 1.551054 2.203830 -0.878396 0.588134 -0.201861 -0.658549 -0.324902 -0.357952 -1.070082 -0.869078 0.109811 0.038440 2.439854 0.884996 -0.537319 -0.080218 1.098945 1.011081 2.264312 -0.842245 0.896676 0.750105 0.013605 1.000000
33 1.610802 0.927471 0.823681 -0.411847 0.409871 0.536953 -0.298977 2.016985 -0.292367 -0.257578 -0.018884 1.155655 1.515981 -0.467496 0.462504 -1.352902 0.296797 0.384130 -2.606012 2.136142 0.963151 -0.177366 0.999369 0.103944 -2.050940 1.602485 0.883252 0.290053 1.546766 0.273751 -0.174981 -1.000592 -1.849568 -1.060260 -0.024676 1.040853 -0.167252 -0.696367 -0.860018 0.592722 1.218855 -0.782509 2.490273 -1.069550 -0.889751 0.311438 -0.561133 -0.804825 1.653354 -1.462636 0.100445 1.000000
34 0.679281 2.222854 -0.508767 0.482695 -0.829760 0.605907 -1.750507 -1.050098 0.226695 0.395874 -0.379535 0.812444 0.254181 -0.910430 -1.352404 -1.432398 -0.732523 0.683689 -0.182918 -0.704495 -1.030306 0.605752 1.572672 0.080677 -0.473244 -0.748931 0.810702 -0.415288 -1.316312 -0.615627 0.227736 -0.577510 -0.138027 1.208331 0.633168 -0.464124 1.129220 1.415196 -0.538511 -0.019937 -1.519795 -1.336806 -1.020991 0.456235 0.845103 -0.714653 1.530666 -0.060116 0.031593 0.049282 0.099629 1.000000
35 -0.216752 0.141431 -1.905214 0.589750 -1.132489 -1.123824 -0.492456 0.574641 1.341590 -0.440008 0.162769 -0.192195 0.792306 -0.167829 -0.364304 1.189355 -0.953106 0.877421 0.972952 -0.302635 -0.154924 0.445814 0.460542 -1.225289 1.668775 -0.173963 0.496365 -0.570575 0.235022 -1.457235 -2.275741 -1.018219 0.268081 -0.142526 -2.335354 1.127028 -1.113793 -0.179152 0.416287 -0.056512 1.284460 1.046124 0.022971 -0.337799 0.450683 1.512922 -1.323915 0.386714 0.467048 -0.145289 0.293334 1.000000
36 0.953730 -0.777710 0.068750 1.059977 0.633020 0.587690 -1.406048 0.756767 -1.323268 -1.130346 -0.655809 1.053772 -0.731577 1.335346 2.463858 -0.395865 0.620730 0.917693 -0.943331 0.535431 -0.743004 1.565625 -0.788300 0.459288 0.304445 -0.305873 0.175432 -0.041265 -0.472125 0.857219 -0.859712 -0.606471 0.054595 0.091732 0.723838 0.705365 1.233504 -0.514023 -0.487405 -1.823368 -1.518684 -1.049315 0.679395 -0.416442 -1.085061 1.881033 -1.924953 -0.728742 0.851244 0.302019 59.699731 1.000000
37 -0.010703 -1.449246 1.171764 -0.478381 1.260414 -0.985779 -1.456027 -0.441194 1.472311 0.915609 -0.248957 -1.231423 -1.877100 -0.196475 -0.206200 1.095097 -0.625367 -0.434960 -0.598537 -1.498127 1.534786 -0.347120 0.465139 0.234430 -1.436204 0.810663 -0.365049 -1.111171 0.404349 -0.610397 1.400077 -0.855801 -1.617606 -0.736662 -2.112990 -0.369566 0.614262 1.294946 -1.419036 0.617860 -1.533439 -0.490787 0.401595 0.788296 -1.312753 1.912663 -0.381890 0.209893 -1.473193 -0.358276 0.017346 1.000000
38 -0.861477 1.702436 1.993045 -0.991084 0.617607 -0.464165 -0.726656 -0.928770 -1.657037 2.147790 1.275555 -1.985169 -0.322443 1.641277 -1.197234 0.569447 -0.387215 0.229641 -1.009103 0.767105 -0.676638 1.926458 -1.090098 0.504209 -1.352883 -1.160735 -0.546654 0.695002 -0.258590 0.201040 0.328255 0.754898 0.374856 -1.150962 -2.704621 -0.786230 -0.989313 -0.493222 0.754902 1.088890 -1.316134 -1.041610 -0.550605 -1.159895 0.914118 -0.929889 -0.113943 -0.150040 -0.198718 1.177745 6.185343 1.000000
39 0.596258 -0.379649 -0.867444 -0.623061 0.256743 -0.272656 -0.074556 0.012554 -3.074939 2.623474 0.551981 -1.768081 -1.148551 0.098982 0.603957 -0.486586 -0.678243 -0.409784 -2.551976 0.036493 1.253006 -0.598076 0.390963 0.191645 -1.029069 0.240083 0.371030 -1.073351 -1.170363 -0.186405 1.118025 0.330241 0.529102 3.641831 -0.644889 -0.675234 -0.575250 0.021225 -0.312828 0.687479 1.538894 -0.345056 0.803483 0.658795 0.582178 -0.021678 -0.599631 -0.196648 -0.439026 -0.348576 39.227100 1.000000
40 0.813113 0.124810 0.841325 0.322177 0.144556 0.142234 -0.761025 0.034159 -1.160989 -2.271392 -1.043032 0.107462 0.449670 -1.098155 -0.985849 0.813654 1.370194 -0.288556 -0.639761 1.349003 1.170519 -1.669481 0.851631 -1.706538 1.212350 -0.317134 0.604126 -1.223064 0.623934 -0.673126 -1.175135 1.495154 -1.115936 -0.921884 -0.856992 1.446684 -1.404935 0.706956 -0.265472 -0.684146 -0.336063 1.059507 -1.455341 0.934562 -0.066089 -1.707622 -0.602127 0.495229 0.081672 -0.684031 3.120085 1.000000
41 -0.317256 -0.077734 -0.948435 -0.137094 -0.196166 -0.498065 1.231439 -1.181401 0.701889 1.577952 1.035841 -1.714836 0.963076 -1.438240 -0.324257 -1.254996 -0.016963 -0.365050 0.875680 -0.099055 -0.730955 -0.033905 -1.918238 0.737351 0.919162 2.091804 0.433148 0.437574 0.188307 0.193241 0.693687 -0.026088 -0.042665 -2.070166 0.217546 0.357050 0.167040 0.036546 -1.286927 2.474427 -0.584119 -0.093453 0.198109 -0.024713 0.803453 1.799249 -1.098982 -0.540332 -0.578336 0.010088 0.037001 1.000000
42 1.335332 -0.441485 -0.488691 1.061313 1.030154 -0.179064 -1.671422 -0.232931 -0.877641 -0.074448 -0.643964 2.079848 0.030969 -0.338363 -1.534302 0.970953 0.249542 -2.231297 -1.368652 -0.793654 0.663273 -0.818953 1.843736 1.168929 0.751592 -0.890198 -0.612262 0.404643 1.484384 -0.924916 0.278884 -0.219896 -1.692252 1.143585 -2.114874 0.505585 -0.550442 -0.439370 -0.085374 -0.309461 0.528130 0.717028 -0.735859 0.197869 -0.790279 0.665949 0.673463 -0.528867 0.317909 -1.103752 0.396653 1.000000
43 0.374761 -0.306678 -1.848912 -0.216539 -0.688540 -0.861989 -0.651947 -0.913972 0.443355 -1.423671 0.735652 1.563900 0.275010 1.583201 0.492848 -1.992101 0.396277 -0.126827 -0.541440 1.269395 -0.214797 2.106976 0.021031 -1.083817 0.290642 0.590401 -0.040701 0.781555 0.659496 0.805757 0.781488 0.440440 1.221517 -0.317913 0.490560 0.283651 -0.998779 -1.866036 -0.565051 0.757732 0.759834 0.513705 0.794863 0.486534 -0.225844 -0.926181 -1.286995 0.720709 -1.178265 -0.386839 20.653228 1.000000
44 -0.094945 2.175869 1.608204 1.865831 1.175214 -1.493398 -0.071255 1.099183 -1.636331 0.510572 -2.741484 -0.930584 -1.574214 -0.647302 0.116187 1.059397 -0.571974 0.693894 1.829601 0.535788 -0.758576 0.285455 -1.930980 -0.300456 -0.235446 -0.210172 -1.953297 0.203443 0.777626 -1.605715 0.103945 -1.086917 -1.210577 1.086873 -0.107341 -0.809185 0.741192 0.480834 -0.206389 0.557958 -0.876559 1.322836 -0.828452 -0.556367 0.609876 -1.077177 0.370447 -0.048670 0.718348 0.491879 4.323734 1.000000
45 -0.587128 -0.787076 1.291466 1.569732 -0.151431 -0.682212 2.773034 0.879130 1.595665 -0.439770 0.324485 1.241265 0.003755 0.693683 -0.191328 1.096682 -0.689120 -0.522124 1.878525 -0.843391 -0.975192 -0.078203 0.225174 -0.020737 -0.440774 -0.920191 1.962178 -0.535673 -1.201567 2.105412 -0.628413 -0.366818 0.539220 1.044835 1.855230 0.347237 2.433164 2.047762 -0.388491 1.081012 -1.138343 -0.491911 0.833186 0.160886 -0.864424 1.427931 0.078003 -0.654785 -0.903933 -0.507185 0.282658 1.000000
46 0.450502 0.374305 1.751853 -1.064821 0.310144 1.141485 1.526037 -0.376480 -0.658117 0.083681 -0.855349 -0.506042 0.501107 -1.376203 -0.517583 0.439662 -0.256149 -0.484519 1.505113 0.224343 -0.683444 -0.136548 -0.367972 1.234106 0.621298 0.187614 -1.076917 0.672757 0.596948 -1.578611 -0.103369 1.435368 1.518481 -1.865439 -0.774048 -1.246233 0.053277 -1.361449 -0.523069 -0.959644 -0.443573 0.185273 1.166485 -0.767201 -0.607118 -1.453818 0.294917 0.739682 -1.237218 1.545078 0.029305 1.000000
47 1.438999 -0.087431 1.034379 1.887550 0.690530 1.268635 -0.947031 1.211238 1.258252 0.077020 0.123274 0.060577 -1.245399 1.139914 0.734740 -0.689775 1.221348 -0.798042 0.276791 -1.958132 1.712798 0.425012 -0.690888 1.042719 0.268653 0.199204 -1.546998 1.018856 -0.204913 1.252835 -0.053710 -0.288733 -0.376779 -0.057823 1.435454 1.284565 0.297319 -1.817078 0.349440 -1.430740 0.498673 0.955137 -0.419668 -0.434708 -0.406963 0.024097 -0.307453 -0.744027 0.086590 -0.241099 2.318266 1.000000
48 -0.930775 -0.405624 0.614003 1.096512 -1.478263 0.536410 0.923690 0.397985 -1.578207 0.572786 1.191385 0.278744 -2.464330 0.534465 1.309989 -0.138065 0.459687 0.526133 0.468096 1.423899 -1.635762 0.625318 -0.100681 -1.033776 0.699675 -2.473423 -1.402116 -1.000405 1.210279 0.573030 1.625504 0.987686 -0.050787 -0.078420 -0.713066 -0.268420 -0.116763 0.985704 1.788175 1.027361 0.952090 1.559818 0.121061 0.349096 -0.750181 1.020994 0.831739 1.689135 0.171898 -1.641131 357.867498 1.000000
49 1.375601 0.014308 1.216976 0.276613 0.918843 -1.183531 -1.951107 -1.715357 -1.288237 -1.721005 0.544173 1.541922 -0.241760 -0.338097 -0.500999 -0.527928 1.958559 -0.232338 1.805843 -1.004872 0.095185 -1.520858 1.117192 -1.171064 -0.616271 -0.033888 -0.548170 -1.428057 -2.334229 -0.164525 1.352109 0.763237 -2.530880 -1.156534 -0.300982 -0.249066 0.593151 0.185283 -0.801907 -1.310442 1.459333 0.484596 -1.203729 -0.778905 0.131305 -0.262232 -0.397323 0.173489 -1.740509 0.169249 85.742295 1.000000
50 -0.375268 -1.249708 -1.567693 0.078187 -0.322459 -0.525584 0.636119 0.157444 -0.984812 -0.852396 0.106881 -0.088738 2.434902 0.169332 0.061233 1.495730 0.710960 0.621303 -0.033871 -0.183951 0.262850 -0.729806 -1.218938 -0.870683 0.340049 -1.654554 0.324554 -0.708782 -0.819527 -0.307614 -0.971613 -0.913607 1.221502 -0.793473 0.210132 0.773237 -0.518815 0.185979 1.830459 0.583428 0.678727 0.616624 -1.978410 -0.971655 0.898002 2.800186 0.697648 -0.118636 0.467083 0.555120 3492.658206 1.000000
51 -0.335811 -0.759835 -0.365054 0.541116 1.210041 -0.358971 1.037432 0.237989 0.207681 -0.186070 -1.177245 -0.483626 2.538495 0.989042 -1.302732 -2.176792 1.400891 -0.164397 0.930633 -0.620600 0.861462 0.732975 0.390786 -0.390746 0.182837 -0.994391 2.387341 -0.635728 0.942017 -0.992112 -0.712416 -1.182289 -0.644555 -1.893629 0.962342 -0.745458 -0.549202 -0.548014 0.780745 0.589090 -0.191643 -0.042638 -1.978353 1.557550 -0.167890 -1.302575 -1.498699 1.451426 0.004643 -0.128359 0.007673 1.000000
52 1.992710 -0.071193 0.154570 2.139796 -0.785025 0.231538 -0.471860 0.001551 -0.558455 -1.831150 -1.334173 -1.864859 -0.013511 1.214078 0.080173 -0.622719 -0.297489 -0.479675 0.787176 -1.940487 0.690164 -2.943913 -1.924048 -1.001874 0.413459 -0.220872 -2.299375 0.391431 1.829442 -0.815954 0.914736 -1.081428 -2.015005 0.055401 -0.059514 0.540298 0.746088 0.504735 -0.665095 -0.086841 1.372512 -1.081835 0.623165 1.374255 -0.971293 -1.641758 -1.040911 -0.166700 -0.830144 -1.223752 30.978978 1.000000
53 -0.897839 -0.292371 1.287687 0.296909 -0.934518 -1.465708 -0.424426 -1.775342 1.350662 1.009249 -0.159666 0.828169 -0.140729 -0.795632 0.890868 -0.121402 -0.905967 -0.830465 1.320119 -0.196333 0.838370 -0.360958 1.354326 -0.285246 0.719424 -0.014645 0.278170 -0.697854 -1.631949 -0.553015 -0.306311 -0.427172 -0.007075 -1.643424 0.941801 -0.774602 -1.030277 1.062078 -1.635267 0.435466 -0.344796 0.195725 1.596837 0.397770 -0.047385 0.532772 -1.096961 1.110972 -2.154351 -1.146681 0.213310 1.000000
54 1.001444 0.513141 -0.206579 -0.760230 0.337989 -0.223214 0.571387 -0.233767 2.203172 0.344687 -0.353273 -1.737414 -0.934272 1.044155 -0.416516 0.359610 -0.782935 -1.312223 1.266349 -1.551220 0.067725 0.076707 -0.381942 1.379103 0.902404 0.686067 0.426204 -1.156341 0.646370 -0.254469 -1.340515 -1.332763 0.977533 0.655265 -0.328390 -0.031519 -1.891572 -0.085091 1.633891 0.843936 1.559461 -0.539122 0.674271 -1.641665 -1.342297 -0.459058 -1.383479 -0.473752 1.167619 -1.013491 0.004844 1.000000
55 -0.353893 1.335839 -0.619571 -0.749207 1.459678 0.609055 0.302085 1.088325 -0.689293 0.404942 -1.104851 0.910294 -1.540733 -0.136088 -0.153728 -1.472027 0.316426 -0.304920 -1.561082 -3.179247 2.343407 -0.635682 0.154272 0.280335 -0.410441 1.130660 -0.492704 -1.161541 0.976144 -0.798162 -0.656414 0.871920 -0.689685 -0.688228 -0.404650 -0.434435 -1.463916 -0.123546 -1.491009 -1.305578 -1.289830 0.616895 -0.669403 0.901974 0.709496 0.928512 -1.048440 0.483690 -0.343447 -1.065530 0.022416 1.000000
56 -1.760910 0.024911 -2.398811 -0.122559 -0.542662 1.585547 0.805042 0.121347 -0.155353 -1.818100 0.366137 -2.552862 -0.071699 1.461681 1.394652 0.051161 -0.497753 1.526145 -0.391347 0.017315 0.973216 -0.807447 -0.950997 0.259300 0.094715 -0.769095 -0.061466 1.061407 -1.069231 0.428194 -0.646432 -0.593245 -1.123954 0.396561 -0.255160 -1.030660 0.195403 -0.148671 1.178111 -0.462937 0.103838 -0.112160 0.870676 -0.170519 1.175259 1.492537 -0.263175 -0.470251 1.266669 0.972824 9.751429 1.000000
57 1.902461 0.427687 -1.073538 -2.126061 -0.185886 -0.233650 -0.591082 0.476485 0.953377 1.170226 -0.034376 -0.856831 1.294840 0.235744 -0.535284 -1.380574 1.532488 0.504416 0.094310 -0.524789 -1.292230 1.030237 -0.372327 0.148311 -0.599215 2.276344 0.558103 -0.411504 0.224575 -0.764263 0.566632 1.105352 1.147158 -0.663563 0.397953 -0.532936 -0.910624 -1.138439 -0.065693 -1.136682 0.652244 0.039674 -0.832773 -0.153848 0.713919 2.033350 -0.638190 1.785628 -0.309665 0.557141 20.962514 1.000000
58 -1.340485 -0.511363 1.216454 -0.928045 0.804561 -0.399121 0.810485 1.416545 -0.383006 1.064646 -0.803834 1.390791 0.126553 -1.500932 -0.401841 0.088807 1.445855 1.165752 0.214023 -0.058165 -1.275901 -0.823440 2.100415 0.260812 -0.908508 0.023668 -0.429232 -0.464646 1.115536 -0.167593 -0.453280 0.452835 0.710040 1.994703 -1.120713 -0.162226 -1.403613 -0.574762 0.692091 1.433506 0.553908 -1.489923 0.352531 1.305267 0.869048 -0.781033 2.947113 -1.046202 -1.301300 0.397205 6.079356 1.000000
59 -0.660065 -0.347136 0.624846 -1.092044 0.543372 1.206093 0.594223 1.501404 -0.434482 -0.672957 0.075041 0.572317 1.217191 -0.985709 0.069733 -0.885967 -0.705887 -0.345076 0.622753 -0.463491 -0.540885 -1.592871 2.625229 -0.248398 0.468534 -0.656744 0.152066 -0.455269 -0.249034 -1.599223 -1.462315 2.140879 1.292270 -1.009839 1.504675 2.249759 -0.683428 -0.078447 0.896943 -0.922819 -0.542766 1.891109 -1.081198 -0.047485 -1.075717 0.749228 1.780951 -0.804416 0.292084 -0.987773 2.140458 1.000000
60 -0.359996 -2.495676 -1.057652 -1.496954 1.059786 -0.013902 -1.603505 0.412144 0.393634 -0.539526 2.640531 1.473683 0.311314 -1.129220 0.178337 -1.011479 0.689905 0.357957 0.967700 -1.074391 -0.762611 -1.461840 -0.907958 -0.203834 -0.315824 1.875650 0.039728 -0.697716 -0.013914 -0.517260 0.370352 -1.088602 -1.502850 0.407988 1.568186 -0.664922 0.131645 -0.934750 0.916931 1.009157 -0.327553 -0.214389 -1.713177 0.177008 0.850867 0.195607 0.029696 1.386053 0.804092 0.251135 40.301421 1.000000
61 -0.334681 1.422929 0.578879 -0.074080 0.480102 0.616769 0.350741 -0.005101 -0.070125 0.896803 -0.075381 -1.334149 0.802799 -0.939925 0.290431 -0.514196 1.346331 3.430141 0.932177 -1.398594 1.250054 0.998359 -1.902434 0.218302 -1.263839 0.291144 -0.386329 0.704921 0.135880 2.133017 0.911462 0.400462 -0.253834 0.766284 -0.864610 -0.131270 -1.114891 -0.610675 1.768230 -0.086015 -1.263114 -0.189188 -1.431084 0.133946 0.584908 -1.698587 1.008904 -2.974858 0.557267 0.376253 168.847195 1.000000
62 -0.264508 0.708769 0.254611 -1.118271 0.399247 -0.843755 -1.156300 0.946764 1.531607 -0.851186 0.245704 1.696161 0.953214 0.067670 1.402144 1.123007 0.651741 -2.257895 -0.074440 -0.230169 1.404715 0.562953 -0.225376 0.193815 -0.457798 1.439089 -1.766658 -0.379819 -1.446042 -0.150407 -0.425401 -0.051129 0.883541 1.067864 0.562648 1.842722 -0.509759 -0.156694 -1.787846 -0.238148 1.159395 1.441344 1.645446 0.150209 1.008219 0.960548 -1.077480 1.279416 -0.010649 0.093595 228.031179 1.000000
63 -1.882317 -0.234500 0.468332 1.158048 -0.422901 -0.483937 -1.192769 0.057195 0.858698 -0.502625 0.603590 0.522899 0.015070 -0.822012 -0.158298 -0.559127 -0.022205 -0.202513 -0.406058 1.717554 -1.014338 1.428700 -0.651046 0.472237 -1.066808 1.060392 -0.166776 -0.075033 0.271320 0.413710 0.126324 -1.229844 -0.667475 0.743297 0.323931 -1.293273 1.771178 -0.888758 0.647716 -0.863304 0.535577 1.197581 -0.291700 0.722284 1.245042 -0.993264 -0.186646 -0.062252 1.356067 -0.350955 1.414101 1.000000
64 1.203709 -1.526978 1.505121 0.065166 0.436110 -0.299737 0.337694 -2.080324 -0.976258 -0.811602 1.346983 -1.569040 -1.419764 0.634415 -1.569821 0.573600 -0.995266 0.026144 -0.241639 -0.175100 -0.296730 -0.836835 0.932988 0.148754 0.383600 -0.383185 0.043417 -0.301011 0.372594 0.613743 -0.844180 -0.349120 -0.480459 0.338119 0.375187 3.202411 0.745745 -0.696628 0.757716 0.897264 -0.885803 1.205218 0.170615 0.801865 0.589606 -1.442075 -0.254161 -0.508282 -0.212818 -0.169575 39.690242 1.000000
65 1.751763 -0.179832 0.445570 0.635766 -0.689691 1.752127 1.572146 -0.029860 -0.342847 1.647414 1.661622 -0.415897 -1.934321 0.006011 0.879636 -1.212044 0.156349 1.519023 -0.121604 -0.638232 -0.563647 1.304798 0.995360 -1.992208 0.029536 0.888347 -0.194725 -0.221725 0.070535 -0.415997 -0.112271 -0.771797 0.535890 0.554808 -0.588622 0.050924 -2.486779 0.889871 -0.271465 -1.541797 0.611492 -1.188620 -0.209472 0.849359 -0.156520 0.177258 0.986024 -0.245743 0.128450 -0.330478 0.132513 1.000000
66 -0.089466 -1.229827 -0.246981 -0.124604 0.828967 -0.691039 0.597055 -0.675199 0.526791 0.577165 -1.157096 -0.988014 1.825657 -2.405153 -1.540337 0.051293 -1.177088 2.001416 1.404293 0.432072 -0.706682 1.488167 0.662628 -0.340128 0.712099 1.806898 -0.596248 0.649252 0.145940 0.338084 0.613227 -0.818900 0.302353 -1.346096 -1.022847 1.753605 0.248459 -1.500766 1.874787 0.523922 -0.527097 -0.026948 -0.533109 -0.469538 0.036421 -0.985805 -0.002941 0.089117 1.876700 1.079960 0.000159 1.000000
67 0.109497 0.078188 1.143330 1.108352 1.716294 -0.701511 0.947272 -0.394540 -1.621207 0.080286 1.406146 1.795959 0.737707 -1.272485 -0.464159 0.393799 -1.567555 -1.868096 -0.644015 -1.754548 -0.435124 0.431013 -1.216520 -0.845211 1.778593 -0.910794 1.341591 0.344371 -0.351168 0.013213 0.156190 0.889243 -0.909931 0.780083 -1.614551 -0.844879 -0.563996 -0.028248 1.000095 -0.586062 -0.142336 -0.396363 -0.258131 -1.341374 0.452309 -1.171703 -0.433522 0.278149 1.544301 -0.015456 0.088086 1.000000
68 0.862458 -0.486239 0.842331 -0.565947 -0.388458 0.718105 -1.249631 0.950377 -0.799294 -0.171614 -1.037349 0.343190 -0.234888 0.576464 1.000804 -0.803098 -0.557931 -0.000097 -1.313514 1.310362 -0.601196 0.315232 -0.372541 -0.004121 0.487290 1.736928 -1.476366 -0.292783 0.286588 -0.682053 1.770693 -1.627014 -0.000108 -1.000311 -0.402522 -0.091947 1.097919 0.078745 0.694196 -1.071818 -0.514948 -0.079278 1.232219 0.285086 -0.520549 -0.513711 1.315635 -0.205297 -0.493260 -0.134553 1.758159 1.000000
69 0.819752 -1.346057 -2.152948 -0.968938 -0.187367 -1.141964 -2.735680 -0.448075 0.053161 0.815518 -2.276990 -0.855528 1.671883 -0.489299 -0.488133 -0.336861 0.202015 1.219376 0.157637 0.302709 -0.143760 0.323658 0.600846 0.183309 -0.443030 -0.493184 0.893508 1.034992 0.432912 -0.293928 -0.385744 -0.167074 -0.437538 -1.529706 0.969577 -0.147344 -1.369844 0.621566 0.698951 -0.633633 -0.603979 -0.303359 0.878145 -0.348554 -0.709616 -1.569050 -0.076986 -1.214398 1.356644 0.250319 8.313576 1.000000
70 1.818231 -0.183457 -0.361197 -0.391343 -0.110136 -0.832656 -1.419912 -0.126858 1.974496 -1.409506 0.003541 -0.375530 -0.391788 -1.437555 -2.063976 -0.742141 -1.521969 0.728170 1.380113 -0.435291 -0.738831 1.175740 -0.148601 -0.888393 -0.811799 -1.060761 0.332492 -1.243175 0.437492 -0.046267 0.111992 -1.358733 0.654404 0.510185 0.480861 -1.159982 -0.949486 1.083712 -1.558059 -0.914697 0.705234 -0.926401 0.630247 -0.079152 -1.647588 -0.627673 -1.214850 -1.676789 -0.894217 2.212993 0.009138 1.000000
71 0.221041 -0.793235 -0.487744 0.437298 0.481528 -0.708535 -0.990242 0.782485 -1.272381 -0.759157 1.164255 0.506917 0.024505 -0.544609 0.526147 0.814465 0.713497 0.585992 0.148015 0.302945 1.777480 0.166319 1.060695 1.048333 1.206477 -1.099859 0.586342 -0.785270 0.233586 0.292214 -0.045740 -0.062656 -1.001735 -0.331985 0.778088 0.304030 1.541558 -0.734745 -0.633699 0.159881 -0.896596 0.034446 -0.692773 2.040972 -1.765589 -0.207550 2.755704 -0.955589 -0.517194 0.118472 13.097924 1.000000
72 -0.766660 0.392128 -0.978750 0.757769 -1.494498 0.372086 -0.905135 -0.711155 1.414598 0.504450 -1.162276 -1.283179 -1.171119 0.540102 2.163809 0.444307 1.014342 -0.604178 0.330976 1.682188 -0.847028 -0.307175 1.324248 1.029666 0.520621 0.145098 -1.844383 -0.248214 0.146703 0.323600 -0.533079 -0.778531 0.408849 -1.918478 0.144576 -1.038894 0.641359 -0.275770 1.262276 -0.946729 2.007847 -1.199749 0.276946 0.964830 0.186041 -0.211490 1.381856 -0.838391 -2.714850 1.527470 0.890121 1.000000
73 -0.919232 0.723051 0.238418 -0.714717 -1.094735 -1.455801 -1.289260 0.470141 -0.335851 0.633837 0.480235 0.202870 0.279591 -0.356846 -0.168219 -0.174382 -0.742656 1.271384 1.179961 -1.306219 -0.718368 -0.186135 0.414284 1.443558 -1.978468 0.562981 -1.209364 -0.405149 -0.187467 0.584221 0.856402 -0.127463 0.154554 -0.952409 -1.373429 0.386786 -0.681545 -0.592185 -0.445304 -0.443240 0.502346 0.992154 0.207538 -1.206453 1.523446 0.941644 0.223643 0.509897 -1.562912 -0.839683 87.544816 1.000000
74 0.652212 0.190375 0.437331 1.376341 -0.859117 -0.008792 -0.447402 -2.439319 -1.146472 1.609686 1.166380 -0.931742 -0.782801 -0.393825 -0.332848 0.423662 1.702479 -0.599117 -0.362371 -0.597238 0.086677 -0.726606 0.275268 0.482905 0.627516 0.251348 -0.040929 -0.606346 -0.580007 -1.151472 1.469790 -0.303877 -2.122325 -1.137280 -0.703727 -0.120743 -0.277199 -1.583015 0.667122 1.427681 -0.304333 -0.603287 0.051215 0.185455 -1.137536 -0.553663 0.499472 0.441102 -1.249684 -0.062444 4.057171 1.000000
75 1.180910 0.208379 -0.660069 1.735318 -0.911963 0.076950 -0.136387 0.357825 -1.949783 -1.267754 0.204530 1.341246 -0.251183 -0.059221 -1.795101 -0.233691 0.707012 -0.052741 -1.927333 -2.616190 1.638484 -0.039187 -1.058666 -0.326625 0.074034 -0.740643 -0.260551 0.063573 -0.472772 -0.382139 -1.032721 1.163505 0.493142 1.038735 1.209334 -2.025095 0.639735 1.214011 1.325484 -0.079211 0.900645 1.595218 0.661009 0.018247 0.557384 -1.145015 1.701905 0.501170 0.868757 0.930593 47.144755 1.000000
76 0.107729 -0.635337 2.137111 0.525375 0.294638 -0.017116 0.176468 -0.596320 -0.724195 1.018222 1.245857 0.043094 -0.624609 -0.930101 -0.077302 -0.971169 0.624882 -0.165777 -1.416675 0.493477 0.821228 0.607091 -1.154073 -0.579011 0.684911 0.251505 -0.048985 -0.084514 -0.097580 1.016285 -0.370582 0.788038 -0.769560 0.286709 1.338952 0.038298 -1.057356 1.088159 0.707526 -0.341781 0.628301 -1.034751 0.961922 0.621782 0.493121 -0.893853 -1.324368 1.303704 0.609086 -0.543156 7.412057 1.000000
77 1.770105 -0.657651 0.938617 1.246155 -0.868776 0.974774 -0.813344 1.082136 -0.637239 0.421949 1.804443 -0.728389 0.688283 -0.973883 0.500514 0.126332 -1.218208 -1.006981 1.637920 1.293282 0.299981 -1.327064 -2.519257 0.931571 2.077705 0.224179 -0.129879 0.432775 -1.455598 0.275017 -0.099054 -0.321595 -1.938084 -0.646023 0.547294 -0.288226 1.215621 0.418863 -0.091805 0.344096 -1.543069 -0.075435 2.013291 -0.056875 -0.010893 0.491795 -1.298500 -1.573198 -0.000202 0.839294 0.037052 1.000000
78 -0.160597 0.072028 -0.018687 1.201081 0.366733 -0.712742 0.026384 0.446258 0.301381 0.130566 -0.057190 0.486241 -0.866034 1.272893 0.245596 0.499197 0.116693 0.440671 -0.452377 -1.312330 0.463408 -0.078866 -1.060435 0.142885 0.444995 -1.590283 -1.245533 -0.473357 0.223953 0.673867 -0.114112 -0.050497 1.697202 -0.434065 0.759938 -0.566005 -0.686114 -0.342727 0.790797 -0.138750 1.730323 0.342843 0.693775 -0.298330 0.645690 1.757501 -0.820839 1.276731 0.679007 -0.844185 358.078237 1.000000
79 1.198040 -1.040914 1.118661 1.130047 2.753835 1.140580 0.686013 0.565556 0.117773 -1.020638 -0.939793 -0.102690 0.702701 -0.608384 -0.543180 -0.561353 -1.684186 0.491421 1.783791 0.440835 -1.184257 0.877389 -0.454123 0.387470 -2.022852 1.182934 -0.200916 -0.852988 -0.898755 0.846774 2.387075 0.337359 0.295634 0.255559 -0.047495 -0.142421 -0.676683 0.796704 0.117924 -1.450823 0.441873 -1.039917 1.854838 -1.912152 0.744686 1.346325 -0.940594 -0.398248 -0.268398 -0.481767 0.201809 1.000000
80 2.579115 0.653764 -1.903837 0.751034 0.856929 -1.383326 -0.318864 0.845325 0.046085 1.626385 0.167719 -0.630112 0.874167 -0.045053 -0.714308 1.217945 0.841721 0.995073 -0.637382 -0.189769 0.878586 -0.276607 -0.369447 -0.029911 0.207622 -0.719655 0.476627 -1.391307 1.186971 -0.381542 0.751037 -0.613451 -0.237665 -0.914707 0.059722 -2.017866 0.937752 -1.299005 0.140293 1.286513 -1.254555 -1.785987 -0.626401 -0.245331 1.012049 -0.409011 -0.038936 -0.600128 -0.158550 0.652124 1.181747 1.000000
81 -1.130775 -0.168258 -1.099150 1.547609 -1.004916 -0.972816 -0.517618 0.902503 0.638516 1.599653 0.702561 0.279874 1.685262 -2.712975 -2.006203 -0.137915 -0.521460 0.602685 0.362049 1.967527 0.228812 0.976306 -2.164687 -0.854948 -0.572206 1.793241 1.287390 -0.185645 -1.284878 0.099865 0.691441 0.233346 0.507645 0.016927 0.177542 -0.421663 0.928278 -0.150024 -1.348584 -0.570553 -0.880825 1.524935 -1.199593 -0.758467 -0.619327 -0.104255 0.271734 1.083789 -0.095514 0.871128 0.287774 1.000000
82 -0.325898 0.320374 0.178595 -1.149748 2.480555 0.385340 -2.000343 -0.868806 1.617446 0.137145 1.400974 -0.012235 -0.256748 0.863630 1.472170 0.986192 0.222102 -0.424527 0.456433 -0.162415 0.254150 -1.549991 -0.067869 -0.956631 -0.966939 -0.118458 -1.289011 -1.631303 0.182922 -0.195905 -0.288563 0.428509 -0.672297 0.908565 -1.904427 -0.344939 -1.183046 -0.666931 0.215036 0.141447 0.488069 0.676955 0.484344 -1.150341 -0.210773 1.290714 -0.044166 -1.058154 -0.012161 -0.935060 65.510155 1.000000
83 -0.642039 1.249518 -0.616229 0.245815 0.511649 -0.725561 -0.484858 0.036786 -1.243733 0.094267 -1.213662 0.945440 -2.096829 1.047084 1.618234 -0.935676 0.773058 0.492838 0.245434 1.066474 -1.485457 -0.118232 0.697939 0.663850 0.285978 -1.394092 1.294357 -0.914595 1.611321 -0.695566 0.164620 0.473605 -1.752209 0.861464 -0.544380 -0.709075 -1.985899 1.181919 2.175746 -0.013832 0.998557 1.273895 -1.638428 -0.667204 -1.003223 -0.112923 0.874097 0.042148 0.790538 -0.543097 1.098258 1.000000
84 -0.188521 0.029898 0.699475 0.465565 -0.079684 -0.038611 -0.502054 -0.731878 0.274985 -0.234983 0.520294 -0.974798 0.521766 -1.655138 -0.798859 0.558462 -0.197453 1.060020 -0.163695 -0.326386 0.255261 -0.127003 0.397696 -1.322654 -0.485456 -0.212927 2.863908 0.037054 1.809651 1.134189 0.360907 -0.303486 0.600651 -0.979594 -0.052335 1.959826 -0.110752 0.634978 -1.265188 -1.936088 -1.197081 -0.245133 -0.163855 -1.734875 0.952034 -2.799506 -0.709211 0.315812 -0.556042 -0.557081 9.083906 1.000000
85 -0.743307 1.778062 -0.625414 2.802932 0.506004 0.141241 -0.901135 -1.173530 0.726184 0.190040 0.708987 -0.553989 -0.518891 0.335727 0.952416 0.166048 -0.467858 -0.178849 0.139502 0.834443 -0.588364 1.299970 0.668749 -0.307069 -1.339425 0.023136 -0.943688 0.658314 0.707072 -1.402976 0.820295 0.368178 -1.956728 1.292380 -0.135818 0.345972 -1.942257 -0.538599 1.209197 -0.692301 -0.844122 0.397166 -1.097309 1.055509 1.899581 0.384959 -1.354111 -0.333025 -0.845664 -1.018709 0.497424 1.000000
86 -0.090242 -1.508612 -1.373773 0.149529 0.408284 1.257942 -2.260500 0.635018 -0.378999 1.061076 0.682953 1.749344 -0.039842 -0.635558 -0.767392 -2.166069 -0.437149 -1.178951 -0.420546 -0.045542 0.253218 -0.267006 0.734187 -0.589945 0.115931 0.774053 -0.739854 -2.055553 1.406299 -3.083509 0.115733 0.309178 0.038839 -0.301574 -0.903660 0.703764 0.655104 1.736487 -2.223511 -1.361266 0.046361 0.630413 1.742829 0.226284 -0.749978 1.034727 -0.126184 1.049712 -0.022342 0.750910 0.257896 1.000000
87 0.254162 0.823701 0.530391 0.864191 0.305394 -0.948273 -1.117360 0.405357 -0.674936 0.388314 0.000164 0.067580 -1.305899 0.855522 0.160538 0.849836 -0.470015 1.483844 -0.083023 0.051668 0.515001 -0.009776 1.440513 -1.501231 -0.288613 0.454405 -1.429349 -0.340910 -0.432668 -0.451610 0.357395 0.285583 -0.962982 -0.040759 0.660780 -0.636482 -0.913245 -2.553283 0.849882 -0.463937 -0.556956 1.457137 1.342393 0.533314 1.890614 0.478128 0.156685 0.596695 1.296468 -0.226020 4.672805 1.000000
88 -1.548595 0.705582 1.085212 0.893656 2.342724 -0.461665 0.675358 1.743806 -0.770388 -0.878425 0.205629 0.906898 1.068709 0.209517 0.305249 -0.328776 -0.108282 -1.084236 0.253477 0.133663 -0.128370 -0.744563 -2.129533 2.103000 -0.329804 0.239612 -0.541346 -0.730936 -0.542418 1.162849 -0.734693 0.823936 0.573176 0.030460 1.010689 1.043794 0.416551 -3.770365 -0.203941 1.329177 0.526382 -0.437106 -0.186871 -0.375279 -0.089034 0.119665 1.214220 1.309589 0.088187 0.356084 1.781531 1.000000
89 0.811384 0.146521 0.340903 1.623963 1.729534 0.730925 -1.293183 0.409046 -0.759380 0.534891 -0.252209 -0.118114 0.186020 0.464624 -0.589834 1.789925 0.439372 0.905095 1.974273 2.031559 1.102767 0.929330 -1.270893 0.022503 0.864117 -0.216943 -0.336021 1.451656 0.165993 1.478510 -1.104123 -1.540819 0.646823 -0.930512 -0.103884 0.845100 1.099166 -1.235823 1.293585 -0.175138 -0.426922 1.932457 0.632866 1.144203 -0.350020 0.431822 -1.286497 -1.453151 1.768339 -1.040157 14.793170 1.000000
90 1.643356 -0.133613 0.321052 -0.607070 -0.433637 1.204353 0.218382 -0.081661 -0.808835 0.284221 -0.148350 -0.636510 0.914831 -0.188414 -0.535719 -0.352061 -1.638220 0.964271 1.371094 0.564899 -0.846781 0.644850 1.484944 0.653717 -0.875611 -0.084482 -0.215531 0.106058 -1.813354 -0.150524 -0.579002 1.624497 2.222440 -0.374015 1.065046 1.340040 0.086772 -0.352581 0.500991 0.764224 0.257093 -0.350458 -0.798865 -1.660419 -0.997073 0.747887 0.237689 -1.200306 0.553521 0.207836 34.100232 1.000000
91 -0.564244 0.487955 0.395754 2.300057 0.771159 -0.049808 -0.669448 -0.179394 -1.746220 0.246029 -0.423915 1.227895 -0.093988 0.868786 0.445057 0.504278 0.451315 0.805505 1.359291 0.423832 1.264659 -0.599226 -1.262596 -0.055199 0.404993 -0.846458 0.411083 1.031411 1.702698 -0.527086 0.339585 -0.102859 -0.411536 0.687815 0.559863 0.152540 0.266122 0.896046 -0.071203 0.690967 0.308144 0.845549 -0.376148 -0.678763 -0.089177 1.033684 0.509502 0.314762 1.098197 -1.151093 241.423321 1.000000
92 0.495703 0.707060 -1.410775 -1.873862 0.119099 -0.257317 1.838091 0.001244 0.575347 -0.284031 -0.668489 -0.063184 0.313644 0.536721 0.193658 0.391548 2.003153 0.961439 -0.914466 -0.985917 0.422657 0.645022 -0.455600 -1.314622 -0.283234 0.963774 -0.560367 0.669474 -1.703513 -1.991797 1.723056 -1.061695 0.133034 -1.460446 0.450017 1.239841 1.110456 -0.329343 -0.462884 0.226941 0.704017 1.008459 0.722292 -0.944225 0.817898 0.435437 -0.137242 -0.976315 0.704486 1.363172 54.834086 1.000000
93 -0.251623 1.110095 1.764908 2.544883 -0.507517 -0.861323 -0.736853 1.034097 0.069132 -0.872299 1.213602 0.944071 -0.199765 0.351291 0.851953 -0.392451 0.736383 0.530639 0.237419 -0.996325 0.864972 -0.395940 -0.222901 -1.173886 0.703650 0.885044 -0.054920 1.321359 0.614373 -0.858675 -0.586417 -0.409221 -0.481007 -1.539597 -0.955954 0.753536 -1.433293 0.196886 -2.116826 0.250084 0.919701 0.732238 -0.047934 0.704161 0.203689 -1.185569 2.178728 -0.445253 0.021781 -0.577736 0.176750 1.000000
94 0.703131 1.438707 0.969584 1.397381 -1.057417 -0.877751 -0.272894 -1.593877 -1.956291 1.380641 -0.813008 0.481418 0.764660 -0.090000 0.546252 -1.376877 -0.897221 0.187172 -1.346122 -0.904444 0.425855 -0.266975 -0.802425 -0.282382 1.582832 -0.124480 -2.184811 -1.816391 -0.121103 1.593844 -0.457554 0.106168 1.728586 -0.510572 0.188627 -1.141960 -1.219251 0.379153 -0.474432 0.186399 -0.921413 -0.885633 -1.612572 -0.593180 0.440073 -0.751275 -0.985600 -0.317955 -1.059357 -0.312967 38.075253 1.000000
95 -0.825818 -0.423837 -0.032464 1.720050 1.138479 -0.475415 -1.535805 0.614598 -2.029487 0.798405 -0.610918 1.031707 -0.979159 1.007102 -0.096664 3.500590 -1.025956 0.427249 0.531113 -0.546684 1.384181 -0.046479 1.618335 -0.873495 -3.054393 -0.706707 -2.515509 1.250849 -1.074418 0.346443 0.353683 -0.106627 1.942948 0.871810 -0.217311 -0.505625 -1.073110 0.072645 -1.116126 0.477309 -0.902316 -0.408165 0.948496 1.017826 -0.163859 0.321444 -0.593351 0.050507 -0.738728 0.523896 218469.112995 1.000000
96 -1.019922 0.902114 -2.427475 0.439286 -0.372615 0.423771 0.548203 1.176125 0.983092 -0.675483 0.604669 1.584614 0.557684 -0.332526 -0.284245 -0.168359 0.381119 -1.374299 -0.916397 0.017080 -1.826152 -1.241985 -1.173735 1.412706 -1.163516 -0.191444 0.345079 -0.621401 -2.135367 1.642292 -0.102774 -0.608386 0.931914 2.395150 -1.901301 -0.024954 0.942281 -1.159069 -0.832779 0.920863 -0.518944 -0.391664 1.872493 0.405532 -0.787994 0.119999 -0.774235 -1.319036 -0.588188 0.169623 0.098392 1.000000
97 0.613204 0.161767 0.577824 0.301109 0.558402 -0.368581 1.632047 0.603870 0.921394 0.623192 0.189960 -0.251151 1.294471 -2.460300 0.329927 -0.244474 -0.332689 -1.202284 -0.825436 -1.185250 0.025463 0.772994 -0.505162 1.676865 0.674219 -0.066717 -1.007195 -0.483287 0.013785 -0.107892 0.862234 1.795201 -0.040404 0.533504 1.493990 -1.718164 -1.714210 -1.613361 -1.089658 -1.647876 -2.365306 1.431684 0.381822 -0.088839 -0.587285 1.408210 -0.989574 0.262445 0.165402 1.508661 0.002258 1.000000
98 1.300080 0.856184 -0.349996 -0.003405 -1.640812 0.518239 1.475233 -0.942344 0.114162 -1.121658 1.230576 0.723601 -0.275480 0.244187 -0.469615 -0.360903 0.519754 -0.934624 1.518571 0.312516 1.177125 0.670425 1.281236 -0.116055 1.172482 -1.158590 -3.743348 0.026622 -0.089717 0.426256 1.051788 -0.554612 1.136612 -0.682173 -0.132411 -0.995635 0.732725 1.948277 0.096320 1.046722 -0.264011 -0.193939 -0.624254 -1.209988 -0.573940 1.212143 -0.233281 -1.316367 -2.207549 1.147115 5.992709 1.000000
99 0.204449 -0.246406 0.500107 -2.314881 0.521961 0.092874 -1.945796 -0.757441 -1.955125 0.234578 -0.196709 -0.625094 0.403970 0.780087 0.024891 -0.131530 0.058812 -0.591309 1.549557 0.522968 -0.598619 -1.135984 1.184371 -2.328652 1.162201 -0.887847 0.327018 -1.595851 -0.091829 0.533017 -0.277948 -0.640730 -0.191709 -2.293226 0.177715 -0.886123 -1.853801 0.831146 0.026947 -0.696267 -0.320614 1.779081 -0.105446 0.777950 -2.104655 -2.180798 0.492627 0.801978 1.708398 1.101358 2.709211 1.000000
100 0.630036 1.674812 1.391899 -0.701734 0.930535 0.688340 -0.183542 0.087477 0.554101 -0.039268 0.623807 -0.317164 -0.721230 0.201638 1.694791 0.518306 0.028575 1.110582 1.234847 0.025929 -0.330554 0.645594 -0.088240 -0.804907 0.192663 0.200482 -0.013377 0.953251 0.395147 -1.093354 1.337022 0.182016 -0.039234 -0.709143 -1.567392 -1.172399 1.025098 -1.185192 0.223550 -0.015301 -0.273090 -0.990362 1.820709 0.957930 0.011633 0.636099 -0.155036 -0.378659 -0.114933 -2.241362 0.662260 1.000000
uncorrelated Gaussian covariates
missing covariate fraction: 0.000000
no latent classes
   lambda(t|risk 1)=C, <t>=4.000000 for zero covariates
   risk 1: beta[1]=0.100000
   risk 1: beta[2]=0.200000
   risk 1: beta[3]=0.300000
   risk 1: beta[4]=0.400000
   risk 1: beta[5]=0.500000
   risk 1: beta[6]=0.600000
   risk 1: beta[7]=0.700000
   risk 1: beta[8]=0.800000
   risk 1: beta[9]=0.900000
   risk 1: beta[10]=-0.100000
   risk 1: beta[11]=-0.200000
   risk 1: beta[12]=-0.300000
   risk 1: beta[13]=-0.400000
   risk 1: beta[14]=-0.500000
   risk 1: beta[15]=-0.600000
   risk 1: beta[16]=-0.700000
   risk 1: beta[17]=-0.800000
   risk 1: beta[18]=-0.900000
   risk 1: beta[19]=0.100000
   risk 1: beta[20]=0.200000
   risk 1: beta[21]=0.300000
   risk 1: beta[22]=0.400000
   risk 1: beta[23]=0.500000
   risk 1: beta[24]=0.600000
   risk 1: beta[25]=0.700000
   risk 1: beta[26]=0.800000
   risk 1: beta[27]=0.900000
   risk 1: beta[28]=-0.100000
   risk 1: beta[29]=-0.200000
   risk 1: beta[30]=-0.300000
   risk 1: beta[31]=-0.400000
   risk 1: beta[32]=-0.500000
   risk 1: beta[33]=-0.600000
   risk 1: beta[34]=-0.700000
   risk 1: beta[35]=-0.800000
   risk 1: beta[36]=-0.900000
   risk 1: beta[37]=0.000000
   risk 1: beta[38]=0.000000
   risk 1: beta[39]=0.000000
   risk 1: beta[40]=0.000000
   risk 1: beta[41]=0.000000
   risk 1: beta[42]=0.000000
   risk 1: beta[43]=0.000000
   risk 1: beta[44]=0.000000
   risk 1: beta[45]=0.000000
   risk 1: beta[46]=0.000000
   risk 1: beta[47]=0.000000
   risk 1: beta[48]=0.000000
   risk 1: beta[49]=0.000000
   risk 1: beta[50]=0.000000
