1 0.136187444444 1.257659377113
2 0.769931222222 1.202660164335
3 -0.256996111111 0.738913021138
4 -0.101233600000 0.797343558371
5 -0.466156800000 0.977356649369
6 0.362582000000 0.656742066100
7 0.439171500000 1.367441280078
8 0.041169888889 0.851634791600
9 -0.188293300000 1.270215333071
10 -0.425834777778 0.864243476455
11 0.105998000000 1.007392106371
12 0.822976375000 0.514942800827
13 -0.166668111111 1.023398550018
14 0.752058700000 0.937245463732
15 0.200665333333 0.600135574770
16 -0.342163555556 0.897481231997
17 -0.311182200000 0.600613655121
18 -0.002309700000 1.018648299647
19 -0.251942200000 0.935514881725
20 -0.715532333333 0.963403747958
21 0.063835200000 1.120543166678
22 -0.162376500000 0.530209705885
23 0.106115111111 0.969617211914
24 0.325116700000 0.940560346907
25 -0.244883500000 0.594258215483
26 0.564591500000 0.707577898934
27 -0.254080111111 0.899415292850
28 0.128937900000 0.847115576608
29 -0.081753888889 0.927729228567
30 -0.258639666667 0.710178817777
31 -0.075438500000 0.910351289745
32 -0.019903777778 0.932197302231
33 0.028484777778 1.045253021508
34 -0.036254750000 0.914686694255
35 0.020973900000 1.397088522415
36 0.132115600000 0.662098179073
37 -0.450287800000 0.925087322120
38 0.293214200000 1.121817517203
39 -0.449165875000 1.119950993492
40 -0.074227100000 0.822699292795
41 0.638059000000 0.654763010729
42 0.305153200000 0.971853369786
43 -0.203947888889 1.026808264399
44 -0.262231300000 0.851116060828
45 -0.013110700000 0.862768513466
46 -0.561896000000 0.729279427084
47 -0.144872800000 0.594064327014
48 -0.060597666667 0.705085371686
49 -0.703657500000 1.102693198776
50 0.297458333333 0.695494741008
51 -0.609649111111 0.883458005139
52 -0.019835700000 0.896341377223
53 -0.190901900000 0.553184715931
54 -0.017715400000 0.553591967291
55 -0.339724555556 0.830583549419
56 -0.414183000000 0.699329292672
57 -0.524269000000 0.884273500417
58 -0.113786500000 1.347943353287
59 -0.147844222222 1.223691507616
60 -0.197730200000 1.269414458888
