1 -0.113434493373 1.012537126218
2 -0.331279443257 0.963106769323
3 0.153321807188 0.921743118197
4 0.015337845255 1.018032033497
5 0.257836875444 0.817482786169
6 0.028754005284 0.858294979163
7 0.062626436020 1.018469265505
8 -0.062421959912 1.087837127407
9 0.002708336736 1.091628527682
10 -0.189515847371 0.882702042517
11 -0.035489081477 0.816163485206
12 -0.088525798211 0.918673013791
13 0.207523177163 0.927786788310
14 -0.044732098825 0.921684617567
15 -0.183500915649 1.236033230380
16 0.028564664512 0.805258331371
17 -0.180436872277 0.801499098700
18 0.127758182148 0.916397073347
19 0.236690723653 0.902573979744
20 0.064802721237 0.972586609199
21 -0.111055526775 0.897445482963
22 -0.187415621171 1.103527583473
23 0.096221786224 1.047447096355
24 0.323070944601 0.843367648358
25 0.017804599079 0.973759064591
26 0.068297897860 1.072190123665
27 -0.041094052792 0.930885620459
28 -0.044461810885 1.150873132868
29 0.164415249892 1.275766316909
30 0.151221954497 1.148676658865
31 0.104122850037 0.852353740586
32 0.081986317468 0.935590656078
33 -0.040196691662 0.938286669768
34 -0.003795528248 0.916442096715
35 0.162137331782 0.888446389338
36 0.262078333819 1.061265186359
37 -0.096722347870 0.896195901701
38 0.268291069554 0.927156076301
39 0.251297511408 0.880163694803
40 -0.009303660315 0.884455513090
41 0.090487375584 1.101109486948
42 0.087502877763 1.078383740021
43 0.149633340921 1.071543494615
44 0.257047903279 1.164618497294
45 -0.116827174424 0.982251560262
46 -0.037821354705 0.943323239191
47 0.124542560222 1.061963895917
48 0.019204474275 0.988558971497
49 -0.014233452939 0.862372393588
50 -0.062674090268 1.001075719035
51 0.160554704789 1.124078338321
52 0.093804194879 0.977465658163
53 0.081397879904 1.080430571481
54 0.127170558225 0.941790528743
55 0.070062274930 1.023300994487
56 0.220969866958 1.065182048399
57 0.021466691198 0.769279122778
58 0.308249750830 0.954647083273
59 0.272961390136 0.973103927652
60 0.067329703832 1.073705649637
61 -0.074460589974 0.966498453876
62 -0.078474144878 0.965701677998
63 0.303542503030 1.042356009563
64 -0.017750991661 0.942686436641
65 0.021161015569 1.128771256647
66 0.091624331476 0.986055752745
67 0.217882975707 0.861382295338
68 -0.019773498375 0.927337232371
69 -0.023924379674 1.028035898039
70 -0.019249076110 0.807029138240
71 -0.017345922002 1.008683398713
72 0.152609297993 1.073240958296
73 0.108654971628 0.933793774426
74 0.275543740710 1.044049427767
75 0.141692752192 1.039082347673
76 -0.089235039591 1.046094707924
77 0.069401393975 1.009498149374
78 0.079394889262 0.809243671604
79 -0.133141227792 0.881735167228
80 0.109180144496 0.995162508010
81 0.153239576447 0.829974643321
82 0.114526507929 0.868446467147
83 -0.020971011916 1.079448491843
84 0.010196269832 1.056045845343
85 -0.158153432516 0.839320676575
86 0.006625314073 1.089385445003
87 -0.203769962507 0.885153310336
88 -0.148350681742 0.976963958367
89 -0.328162666330 0.821018782211
90 -0.162216149042 0.963012203886
91 -0.145525114370 0.956891472557
92 -0.005005741103 0.940738665695
93 0.112493877394 0.922992696445
94 0.027594777908 1.011541826357
95 -0.006441967429 0.895250355958
96 0.009710910286 1.159054417137
97 0.040256800051 0.927977413758
98 0.077173425833 1.142042566878
99 0.000020857409 1.071401558960
100 -0.082983432423 1.137679239044
