active=80: 1 2 3 4 5 6 7 8 9 10 11 12 13 14 15 16 17 18 19 20 21 22 23 24 25 26 27 28 29 30 31 32 33 34 35 36 37 38 39 40 41 42 43 44 45 46 47 48 49 50 51 52 53 54 55 56 57 58 59 60 61 62 63 64 65 66 67 68 69 70 71 72 73 74 75 76 77 78 79 80 
active=79: 1 2 3 4 5 6 7 8 9 10 11 12 13 14 15 17 18 19 20 21 22 23 24 25 26 27 28 29 30 31 32 33 34 35 36 37 38 39 40 41 42 43 44 45 46 47 48 49 50 51 52 53 54 55 56 57 58 59 60 61 62 63 64 65 66 67 68 69 70 71 72 73 74 75 76 77 78 79 80 
active=78: 1 2 3 4 5 6 7 8 9 10 11 12 13 14 15 17 18 19 20 21 22 23 24 25 26 27 28 29 30 31 32 33 34 35 36 37 38 39 40 41 42 43 44 45 46 47 49 50 51 52 53 54 55 56 57 58 59 60 61 62 63 64 65 66 67 68 69 70 71 72 73 74 75 76 77 78 79 80 
active=77: 1 2 3 4 5 6 7 8 9 10 11 12 13 14 15 17 18 19 20 21 22 23 24 25 26 27 28 29 30 31 32 33 34 35 36 37 38 39 40 41 42 44 45 46 47 49 50 51 52 53 54 55 56 57 58 59 60 61 62 63 64 65 66 67 68 69 70 71 72 73 74 75 76 77 78 79 80 
active=76: 1 2 3 4 5 6 7 8 9 10 11 13 14 15 17 18 19 20 21 22 23 24 25 26 27 28 29 30 31 32 33 34 35 36 37 38 39 40 41 42 44 45 46 47 49 50 51 52 53 54 55 56 57 58 59 60 61 62 63 64 65 66 67 68 69 70 71 72 73 74 75 76 77 78 79 80 
active=75: 1 2 3 4 5 6 7 8 9 10 11 13 14 15 17 18 19 20 21 22 23 24 25 26 27 28 29 30 31 32 33 34 35 36 37 38 39 40 41 42 44 45 46 47 49 50 51 52 53 54 55 56 57 58 59 60 61 62 63 65 66 67 68 69 70 71 72 73 74 75 76 77 78 79 80 
active=74: 1 2 3 4 5 6 7 8 9 10 11 13 14 15 17 18 19 20 21 22 23 24 25 26 27 29 30 31 32 33 34 35 36 37 38 39 40 41 42 44 45 46 47 49 50 51 52 53 54 55 56 57 58 59 60 61 62 63 65 66 67 68 69 70 71 72 73 74 75 76 77 78 79 80 
active=73: 1 2 3 4 5 6 7 8 9 10 11 13 14 15 17 18 19 20 21 22 23 24 26 27 29 30 31 32 33 34 35 36 37 38 39 40 41 42 44 45 46 47 49 50 51 52 53 54 55 56 57 58 59 60 61 62 63 65 66 67 68 69 70 71 72 73 74 75 76 77 78 79 80 
active=72: 1 2 3 4 5 6 7 8 9 10 11 13 14 15 17 18 19 20 21 22 23 24 26 27 30 31 32 33 34 35 36 37 38 39 40 41 42 44 45 46 47 49 50 51 52 53 54 55 56 57 58 59 60 61 62 63 65 66 67 68 69 70 71 72 73 74 75 76 77 78 79 80 
active=71: 1 2 3 4 5 6 7 8 9 10 11 13 14 15 17 18 19 20 21 22 23 24 27 30 31 32 33 34 35 36 37 38 39 40 41 42 44 45 46 47 49 50 51 52 53 54 55 56 57 58 59 60 61 62 63 65 66 67 68 69 70 71 72 73 74 75 76 77 78 79 80 
active=70: 1 2 3 4 5 6 7 8 9 10 11 13 14 15 17 18 19 20 21 22 23 24 27 30 31 32 33 34 35 36 37 38 39 40 41 42 44 45 46 47 49 50 51 52 53 54 55 56 57 58 59 61 62 63 65 66 67 68 69 70 71 72 73 74 75 76 77 78 79 80 
active=69: 1 2 3 4 5 6 7 8 9 10 11 13 14 15 17 18 19 20 21 22 23 24 27 30 31 32 33 34 35 36 37 39 40 41 42 44 45 46 47 49 50 51 52 53 54 55 56 57 58 59 61 62 63 65 66 67 68 69 70 71 72 73 74 75 76 77 78 79 80 
active=68: 1 2 3 4 5 6 7 8 9 10 11 13 14 15 17 18 19 20 21 23 24 27 30 31 32 33 34 35 36 37 39 40 41 42 44 45 46 47 49 50 51 52 53 54 55 56 57 58 59 61 62 63 65 66 67 68 69 70 71 72 73 74 75 76 77 78 79 80 
active=67: 1 2 3 4 5 6 7 8 9 10 11 13 14 15 17 18 19 20 21 23 24 27 30 31 32 33 34 35 36 37 39 40 41 42 44 45 46 47 49 50 51 52 53 54 55 56 57 58 61 62 63 65 66 67 68 69 70 71 72 73 74 75 76 77 78 79 80 
active=66: 1 2 3 4 5 6 7 8 9 10 11 13 14 15 17 18 19 20 21 23 24 27 30 31 32 33 34 35 36 37 39 40 41 42 44 45 46 47 50 51 52 53 54 55 56 57 58 61 62 63 65 66 67 68 69 70 71 72 73 74 75 76 77 78 79 80 
active=65: 1 2 3 4 5 6 7 8 9 10 11 13 14 15 17 18 19 20 21 23 24 27 30 31 32 33 34 35 36 37 39 40 41 42 44 45 46 47 50 51 52 53 54 55 56 57 58 61 62 63 65 66 67 68 69 70 71 72 73 74 75 76 77 78 79 
active=64: 1 2 3 4 5 6 7 8 9 10 11 13 14 15 17 18 19 20 21 23 24 27 30 31 32 34 35 36 37 39 40 41 42 44 45 46 47 50 51 52 53 54 55 56 57 58 61 62 63 65 66 67 68 69 70 71 72 73 74 75 76 77 78 79 
active=63: 1 2 3 4 5 6 7 8 9 10 11 13 14 15 17 18 19 20 21 23 24 27 30 31 32 34 35 36 37 39 40 41 42 44 45 46 47 50 51 52 53 54 55 56 57 58 61 62 63 65 66 67 68 69 70 71 72 73 74 75 77 78 79 
active=62: 1 2 3 4 5 6 7 8 9 10 11 13 14 15 17 18 19 20 21 23 24 27 30 31 32 34 35 36 37 39 40 41 42 45 46 47 50 51 52 53 54 55 56 57 58 61 62 63 65 66 67 68 69 70 71 72 73 74 75 77 78 79 
active=61: 2 3 4 5 6 7 8 9 10 11 13 14 15 17 18 19 20 21 23 24 27 30 31 32 34 35 36 37 39 40 41 42 45 46 47 50 51 52 53 54 55 56 57 58 61 62 63 65 66 67 68 69 70 71 72 73 74 75 77 78 79 
active=60: 2 3 4 5 6 7 8 9 10 11 13 14 15 17 18 19 20 21 23 24 27 30 31 32 34 35 36 37 39 40 41 42 45 46 47 50 51 52 53 54 55 56 57 58 61 62 63 65 66 68 69 70 71 72 73 74 75 77 78 79 
active=59: 2 3 4 5 6 7 8 9 11 13 14 15 17 18 19 20 21 23 24 27 30 31 32 34 35 36 37 39 40 41 42 45 46 47 50 51 52 53 54 55 56 57 58 61 62 63 65 66 68 69 70 71 72 73 74 75 77 78 79 
active=58: 2 3 4 5 6 7 8 9 11 13 14 15 17 18 19 20 21 23 24 27 31 32 34 35 36 37 39 40 41 42 45 46 47 50 51 52 53 54 55 56 57 58 61 62 63 65 66 68 69 70 71 72 73 74 75 77 78 79 
active=57: 2 3 4 5 6 7 8 9 11 13 14 15 17 18 19 21 23 24 27 31 32 34 35 36 37 39 40 41 42 45 46 47 50 51 52 53 54 55 56 57 58 61 62 63 65 66 68 69 70 71 72 73 74 75 77 78 79 
active=56: 2 3 4 5 6 7 8 9 11 13 14 15 17 18 21 23 24 27 31 32 34 35 36 37 39 40 41 42 45 46 47 50 51 52 53 54 55 56 57 58 61 62 63 65 66 68 69 70 71 72 73 74 75 77 78 79 
active=55: 2 3 4 5 6 7 8 9 11 13 14 15 17 18 21 23 24 27 31 32 34 35 36 37 39 40 41 42 45 46 47 50 51 52 53 54 55 56 57 58 61 62 63 65 66 68 69 70 71 72 73 74 75 78 79 
active=54: 2 3 4 5 6 7 8 9 11 13 14 15 17 18 21 23 24 27 31 32 34 35 36 37 39 40 41 42 46 47 50 51 52 53 54 55 56 57 58 61 62 63 65 66 68 69 70 71 72 73 74 75 78 79 
active=53: 2 3 4 5 6 7 8 9 11 13 14 15 17 18 21 23 24 27 31 32 34 35 36 37 39 40 41 42 46 47 50 51 52 53 54 55 56 57 58 62 63 65 66 68 69 70 71 72 73 74 75 78 79 
active=52: 2 3 4 5 6 7 8 9 11 13 14 15 17 18 21 23 24 27 31 32 35 36 37 39 40 41 42 46 47 50 51 52 53 54 55 56 57 58 62 63 65 66 68 69 70 71 72 73 74 75 78 79 
active=51: 2 3 4 5 6 7 8 9 11 13 14 15 17 18 21 24 27 31 32 35 36 37 39 40 41 42 46 47 50 51 52 53 54 55 56 57 58 62 63 65 66 68 69 70 71 72 73 74 75 78 79 
active=50: 2 3 4 5 6 7 8 9 11 13 14 15 17 18 21 24 27 31 32 35 36 37 39 40 41 42 46 47 50 51 52 53 54 55 56 57 58 62 63 65 66 68 69 70 71 72 73 74 75 79 
active=49: 2 3 4 5 6 7 8 9 11 13 14 15 17 18 21 24 27 31 32 35 36 37 39 40 41 42 46 47 50 51 52 53 54 55 56 57 58 62 63 65 68 69 70 71 72 73 74 75 79 
active=48: 2 3 5 6 7 8 9 11 13 14 15 17 18 21 24 27 31 32 35 36 37 39 40 41 42 46 47 50 51 52 53 54 55 56 57 58 62 63 65 68 69 70 71 72 73 74 75 79 
active=47: 2 3 5 6 7 8 9 11 13 14 15 17 18 21 24 27 31 32 35 36 37 39 40 41 42 46 47 51 52 53 54 55 56 57 58 62 63 65 68 69 70 71 72 73 74 75 79 
active=46: 2 3 5 6 7 8 9 13 14 15 17 18 21 24 27 31 32 35 36 37 39 40 41 42 46 47 51 52 53 54 55 56 57 58 62 63 65 68 69 70 71 72 73 74 75 79 
active=45: 2 3 5 6 7 8 9 13 14 15 17 18 24 27 31 32 35 36 37 39 40 41 42 46 47 51 52 53 54 55 56 57 58 62 63 65 68 69 70 71 72 73 74 75 79 
active=44: 2 3 5 6 7 8 9 13 14 15 17 18 24 27 31 32 35 36 37 39 40 41 42 46 47 52 53 54 55 56 57 58 62 63 65 68 69 70 71 72 73 74 75 79 
active=43: 2 3 5 6 7 8 9 13 14 15 17 18 24 27 31 32 35 36 37 39 40 41 42 46 47 52 53 54 55 56 57 58 62 63 65 68 70 71 72 73 74 75 79 
active=42: 2 3 5 6 7 8 9 13 15 17 18 24 27 31 32 35 36 37 39 40 41 42 46 47 52 53 54 55 56 57 58 62 63 65 68 70 71 72 73 74 75 79 
active=41: 2 3 5 6 7 8 13 15 17 18 24 27 31 32 35 36 37 39 40 41 42 46 47 52 53 54 55 56 57 58 62 63 65 68 70 71 72 73 74 75 79 
active=40: 2 3 5 6 7 8 13 15 17 18 24 27 31 32 35 36 37 39 40 41 42 46 47 53 54 55 56 57 58 62 63 65 68 70 71 72 73 74 75 79 
active=39: 2 3 5 6 7 8 13 15 17 18 24 27 31 32 35 36 37 40 41 42 46 47 53 54 55 56 57 58 62 63 65 68 70 71 72 73 74 75 79 
active=38: 2 3 6 7 8 13 15 17 18 24 27 31 32 35 36 37 40 41 42 46 47 53 54 55 56 57 58 62 63 65 68 70 71 72 73 74 75 79 
active=37: 2 3 7 8 13 15 17 18 24 27 31 32 35 36 37 40 41 42 46 47 53 54 55 56 57 58 62 63 65 68 70 71 72 73 74 75 79 
active=36: 2 3 7 8 13 15 17 18 24 27 31 32 35 36 37 40 41 42 46 47 53 54 55 56 57 58 62 63 65 68 70 71 72 74 75 79 
active=35: 2 3 7 8 13 15 17 18 24 27 31 35 36 37 40 41 42 46 47 53 54 55 56 57 58 62 63 65 68 70 71 72 74 75 79 
active=34: 2 3 7 8 13 15 17 18 24 27 31 35 36 37 41 42 46 47 53 54 55 56 57 58 62 63 65 68 70 71 72 74 75 79 
active=33: 2 3 7 8 13 15 17 18 24 27 31 35 36 37 41 42 46 47 53 54 55 56 57 62 63 65 68 70 71 72 74 75 79 
active=32: 2 3 7 8 13 15 17 18 24 27 31 35 36 37 41 42 46 47 53 54 55 56 57 62 63 65 68 70 71 72 74 75 
active=31: 2 3 7 13 15 17 18 24 27 31 35 36 37 41 42 46 47 53 54 55 56 57 62 63 65 68 70 71 72 74 75 
active=30: 2 3 7 13 15 17 18 24 27 31 35 36 37 42 46 47 53 54 55 56 57 62 63 65 68 70 71 72 74 75 
active=29: 2 7 13 15 17 18 24 27 31 35 36 37 42 46 47 53 54 55 56 57 62 63 65 68 70 71 72 74 75 
active=28: 2 7 13 17 18 24 27 31 35 36 37 42 46 47 53 54 55 56 57 62 63 65 68 70 71 72 74 75 
active=27: 2 7 13 17 18 24 27 31 35 36 37 42 46 47 53 54 55 56 57 62 63 65 68 70 71 72 75 
active=26: 2 13 17 18 24 27 31 35 36 37 42 46 47 53 54 55 56 57 62 63 65 68 70 71 72 75 
active=25: 2 13 17 18 24 27 31 35 36 37 42 46 53 54 55 56 57 62 63 65 68 70 71 72 75 
active=24: 2 13 18 24 27 31 35 36 37 42 46 53 54 55 56 57 62 63 65 68 70 71 72 75 
active=23: 2 13 18 24 27 31 35 36 37 42 46 53 54 56 57 62 63 65 68 70 71 72 75 
active=22: 2 13 24 27 31 35 36 37 42 46 53 54 56 57 62 63 65 68 70 71 72 75 
active=21: 2 13 24 27 31 35 36 37 42 46 53 54 57 62 63 65 68 70 71 72 75 
active=20: 2 13 24 27 31 35 36 37 42 46 53 54 57 63 65 68 70 71 72 75 
active=19: 2 13 24 27 31 35 36 37 42 46 53 54 57 63 65 68 71 72 75 
active=18: 2 13 24 27 31 35 36 37 42 46 54 57 63 65 68 71 72 75 
active=17: 2 13 24 27 35 36 37 42 46 54 57 63 65 68 71 72 75 
active=16: 2 13 24 27 35 36 37 42 46 54 57 63 65 68 71 75 
active=15: 2 13 24 27 35 37 42 46 54 57 63 65 68 71 75 
active=14: 2 13 24 27 35 37 42 46 57 63 65 68 71 75 
active=13: 2 13 24 27 37 42 46 57 63 65 68 71 75 
active=12: 2 13 27 37 42 46 57 63 65 68 71 75 
active=11: 2 13 27 37 42 57 63 65 68 71 75 
active=10: 2 13 27 37 42 57 63 65 71 75 
active=9: 2 13 27 37 42 57 63 65 71 
active=8: 2 13 27 37 42 57 63 71 
active=7: 2 13 27 37 42 57 63 
active=6: 2 13 37 42 57 63 
active=5: 2 13 42 57 63 
active=4: 2 13 42 63 
active=3: 2 13 63 
active=2: 2 13 
active=1: 13 
