0.000000 0.649000
1.000000 0.671900
2.000000 0.707800
3.000000 0.757700
4.000000 0.764000
5.000000 0.803800
6.000000 0.816400
7.000000 0.819900
8.000000 0.815600
9.000000 0.823200
10.000000 0.834600
11.000000 0.837600
12.000000 0.862100
13.000000 0.854600
14.000000 0.860600
15.000000 0.859700
16.000000 0.863500
17.000000 0.863400
18.000000 0.873700
19.000000 0.883200
20.000000 0.884900
21.000000 0.899700
22.000000 0.897100
23.000000 0.889000
24.000000 0.893800
25.000000 0.895700
26.000000 0.896600
27.000000 0.893800
28.000000 0.903500
29.000000 0.915700
30.000000 0.907100
31.000000 0.911700
32.000000 0.919000
33.000000 0.910600
34.000000 0.917500
35.000000 0.918800
36.000000 0.921400
37.000000 0.918500
38.000000 0.921300
39.000000 0.924900
40.000000 0.926300
41.000000 0.928900
42.000000 0.931100
43.000000 0.935700
44.000000 0.930300
45.000000 0.938300
46.000000 0.940200
47.000000 0.937400
48.000000 0.943100
49.000000 0.945300
50.000000 0.946900
51.000000 0.947300
52.000000 0.950500
53.000000 0.949400
54.000000 0.953700
55.000000 0.948400
56.000000 0.953300
57.000000 0.951000
58.000000 0.955300
59.000000 0.955100
60.000000 0.956600
