0.000000 0.500000
1.000000 0.509100
2.000000 0.556700
3.000000 0.596200
4.000000 0.592900
5.000000 0.639500
6.000000 0.654100
7.000000 0.647500
8.000000 0.667600
9.000000 0.696700
10.000000 0.698100
11.000000 0.697500
12.000000 0.699500
13.000000 0.680400
14.000000 0.694100
15.000000 0.698100
16.000000 0.699200
17.000000 0.719800
18.000000 0.727700
19.000000 0.726800
20.000000 0.743200
21.000000 0.740700
22.000000 0.737600
23.000000 0.737100
24.000000 0.742800
25.000000 0.742700
26.000000 0.756500
27.000000 0.744100
28.000000 0.759300
29.000000 0.759100
30.000000 0.752900
31.000000 0.756900
32.000000 0.756200
33.000000 0.748900
34.000000 0.747400
35.000000 0.738100
36.000000 0.746300
37.000000 0.743800
38.000000 0.733600
39.000000 0.731000
40.000000 0.738000
41.000000 0.739200
42.000000 0.724000
43.000000 0.735100
44.000000 0.725400
45.000000 0.730400
46.000000 0.722800
47.000000 0.724000
48.000000 0.724100
49.000000 0.714200
50.000000 0.715800
51.000000 0.706900
52.000000 0.707800
53.000000 0.698600
54.000000 0.709900
55.000000 0.692900
56.000000 0.688800
57.000000 0.680200
58.000000 0.676400
59.000000 0.677100
60.000000 0.677800
61.000000 0.682400
62.000000 0.676900
63.000000 0.666600
64.000000 0.672900
65.000000 0.663500
66.000000 0.655400
67.000000 0.660800
68.000000 0.651900
69.000000 0.655500
70.000000 0.642700
71.000000 0.649600
72.000000 0.644400
73.000000 0.645700
74.000000 0.629200
75.000000 0.628000
76.000000 0.634500
77.000000 0.630900
78.000000 0.621600
79.000000 0.624500
80.000000 0.619600
81.000000 0.618400
82.000000 0.608800
83.000000 0.610300
84.000000 0.611400
85.000000 0.602900
86.000000 0.601300
87.000000 0.609900
88.000000 0.603000
89.000000 0.599900
90.000000 0.589300
91.000000 0.599100
92.000000 0.583300
93.000000 0.586600
94.000000 0.593600
95.000000 0.582500
96.000000 0.583200
97.000000 0.583000
98.000000 0.579800
99.000000 0.577300
100.000000 0.570600
