0.000000 0.500000 0.500000
1.000000 0.509100 0.509900
2.000000 0.556700 0.572500
3.000000 0.596200 0.617300
4.000000 0.592900 0.632100
5.000000 0.639500 0.693600
6.000000 0.654100 0.691900
7.000000 0.647500 0.692200
8.000000 0.667600 0.729300
9.000000 0.696700 0.752900
10.000000 0.698100 0.764700
11.000000 0.697500 0.759200
12.000000 0.699500 0.771300
13.000000 0.680400 0.767500
14.000000 0.694100 0.774200
15.000000 0.698100 0.779700
16.000000 0.699200 0.801200
17.000000 0.719800 0.814200
18.000000 0.727700 0.822600
19.000000 0.726800 0.837300
20.000000 0.743200 0.850300
21.000000 0.740700 0.859600
22.000000 0.737600 0.866600
23.000000 0.737100 0.862700
24.000000 0.742800 0.875800
25.000000 0.742700 0.876600
26.000000 0.756500 0.880700
27.000000 0.744100 0.884500
28.000000 0.759300 0.893800
29.000000 0.759100 0.898400
30.000000 0.752900 0.906100
31.000000 0.756900 0.908600
32.000000 0.756200 0.910000
33.000000 0.748900 0.915100
34.000000 0.747400 0.917500
35.000000 0.738100 0.917700
36.000000 0.746300 0.914400
37.000000 0.743800 0.921300
38.000000 0.733600 0.918700
39.000000 0.731000 0.919200
40.000000 0.738000 0.922200
41.000000 0.739200 0.922700
42.000000 0.724000 0.925400
43.000000 0.735100 0.923000
44.000000 0.725400 0.930700
45.000000 0.730400 0.936000
46.000000 0.722800 0.933900
47.000000 0.724000 0.936500
48.000000 0.724100 0.931200
49.000000 0.714200 0.942500
50.000000 0.715800 0.938300
51.000000 0.706900 0.943200
52.000000 0.707800 0.943000
53.000000 0.698600 0.944500
54.000000 0.709900 0.946500
55.000000 0.692900 0.949000
56.000000 0.688800 0.947500
57.000000 0.680200 0.945300
58.000000 0.676400 0.946900
59.000000 0.677100 0.946800
60.000000 0.677800 0.952000
61.000000 0.682400 0.950100
62.000000 0.676900 0.950500
63.000000 0.666600 0.953400
64.000000 0.672900 0.953500
65.000000 0.663500 0.955600
66.000000 0.655400 0.956000
67.000000 0.660800 0.955500
68.000000 0.651900 0.957300
69.000000 0.655500 0.960500
70.000000 0.642700 0.960900
71.000000 0.649600 0.962500
72.000000 0.644400 0.962900
73.000000 0.645700 0.965000
74.000000 0.629200 0.961700
75.000000 0.628000 0.965000
76.000000 0.634500 0.965600
77.000000 0.630900 0.967100
78.000000 0.621600 0.968900
79.000000 0.624500 0.967800
80.000000 0.619600 0.969000
81.000000 0.618400 0.970500
82.000000 0.608800 0.969100
83.000000 0.610300 0.970700
84.000000 0.611400 0.971400
85.000000 0.602900 0.970200
86.000000 0.601300 0.970300
87.000000 0.609900 0.970600
88.000000 0.603000 0.971900
89.000000 0.599900 0.973000
90.000000 0.589300 0.974900
91.000000 0.599100 0.974100
92.000000 0.583300 0.974800
93.000000 0.586600 0.975700
94.000000 0.593600 0.975000
95.000000 0.582500 0.974200
96.000000 0.583200 0.975500
97.000000 0.583000 0.976300
98.000000 0.579800 0.977700
99.000000 0.577300 0.976200
100.000000 0.570600 0.976900
