active=80: 1 2 3 4 5 6 7 8 9 10 11 12 13 14 15 16 17 18 19 20 21 22 23 24 25 26 27 28 29 30 31 32 33 34 35 36 37 38 39 40 41 42 43 44 45 46 47 48 49 50 51 52 53 54 55 56 57 58 59 60 61 62 63 64 65 66 67 68 69 70 71 72 73 74 75 76 77 78 79 80 
active=79: 1 2 3 4 5 6 7 8 9 10 11 12 13 14 15 16 17 18 19 20 21 22 23 24 25 26 27 28 29 30 31 32 33 34 35 36 37 38 39 40 41 42 43 44 45 46 47 48 49 50 51 53 54 55 56 57 58 59 60 61 62 63 64 65 66 67 68 69 70 71 72 73 74 75 76 77 78 79 80 
active=78: 1 2 3 4 5 6 7 8 9 10 11 12 13 14 15 16 17 18 19 20 21 22 23 24 25 26 27 28 29 30 31 32 33 34 35 36 37 38 39 40 41 42 43 44 45 46 47 48 50 51 53 54 55 56 57 58 59 60 61 62 63 64 65 66 67 68 69 70 71 72 73 74 75 76 77 78 79 80 
active=77: 1 2 3 4 5 6 7 8 9 10 11 12 13 14 15 16 17 18 19 20 21 22 23 24 25 26 27 28 29 30 31 32 33 34 35 36 37 38 39 40 41 42 43 44 45 46 47 48 50 51 53 54 55 56 57 58 59 60 61 62 63 64 65 66 67 68 70 71 72 73 74 75 76 77 78 79 80 
active=76: 1 2 3 4 5 6 7 8 9 10 11 12 13 14 15 16 17 18 19 20 21 22 23 24 25 26 27 28 29 30 31 32 33 34 35 36 37 38 39 41 42 43 44 45 46 47 48 50 51 53 54 55 56 57 58 59 60 61 62 63 64 65 66 67 68 70 71 72 73 74 75 76 77 78 79 80 
active=75: 1 2 3 4 5 6 7 8 9 10 11 12 13 14 15 16 17 18 19 20 21 22 23 24 25 26 27 28 29 30 31 32 33 34 35 36 37 38 39 41 42 43 44 45 46 47 48 50 51 53 54 55 56 57 58 59 60 61 62 63 64 65 66 67 68 70 71 72 74 75 76 77 78 79 80 
active=74: 1 2 3 4 5 6 7 8 9 10 11 12 13 14 15 16 17 18 19 20 21 22 23 24 25 26 27 28 29 30 31 32 33 34 35 36 37 38 39 41 42 43 44 46 47 48 50 51 53 54 55 56 57 58 59 60 61 62 63 64 65 66 67 68 70 71 72 74 75 76 77 78 79 80 
active=73: 1 2 3 4 5 6 7 8 9 10 11 12 13 14 15 16 17 18 19 20 21 22 23 24 25 26 27 28 29 30 31 32 33 34 35 36 37 38 39 41 42 43 44 46 47 48 50 51 53 54 55 56 57 58 59 60 61 62 63 64 65 66 67 68 70 71 74 75 76 77 78 79 80 
active=72: 1 2 3 4 5 6 7 8 9 10 11 12 13 14 15 16 17 18 19 21 22 23 24 25 26 27 28 29 30 31 32 33 34 35 36 37 38 39 41 42 43 44 46 47 48 50 51 53 54 55 56 57 58 59 60 61 62 63 64 65 66 67 68 70 71 74 75 76 77 78 79 80 
active=71: 1 2 3 4 5 6 7 8 9 10 11 12 13 14 15 16 17 18 19 21 22 24 25 26 27 28 29 30 31 32 33 34 35 36 37 38 39 41 42 43 44 46 47 48 50 51 53 54 55 56 57 58 59 60 61 62 63 64 65 66 67 68 70 71 74 75 76 77 78 79 80 
active=70: 1 2 3 4 5 6 7 8 9 10 11 12 13 14 15 16 17 18 19 21 22 24 25 26 27 28 29 30 31 32 33 34 35 36 37 38 39 41 42 43 44 46 47 48 50 51 53 54 55 56 57 58 59 60 61 62 63 64 65 66 67 68 70 71 74 75 76 77 78 79 
active=69: 1 2 3 4 5 6 7 8 9 10 12 13 14 15 16 17 18 19 21 22 24 25 26 27 28 29 30 31 32 33 34 35 36 37 38 39 41 42 43 44 46 47 48 50 51 53 54 55 56 57 58 59 60 61 62 63 64 65 66 67 68 70 71 74 75 76 77 78 79 
active=68: 1 2 3 4 5 6 7 8 9 10 12 13 14 15 16 17 18 19 21 22 24 25 26 27 28 29 30 31 32 33 34 35 36 37 38 39 41 42 43 44 46 47 48 50 51 53 54 55 56 57 58 59 60 61 62 63 64 66 67 68 70 71 74 75 76 77 78 79 
active=67: 1 2 3 4 5 6 7 8 9 10 12 13 14 15 16 17 18 19 21 22 24 25 26 27 28 29 30 31 32 33 34 35 36 37 38 39 41 42 43 44 46 47 48 50 51 53 54 55 57 58 59 60 61 62 63 64 66 67 68 70 71 74 75 76 77 78 79 
active=66: 1 2 3 4 5 6 7 8 9 10 12 13 14 15 16 17 18 19 21 22 24 25 26 27 28 29 30 31 32 33 34 35 36 37 38 39 41 42 43 44 46 47 50 51 53 54 55 57 58 59 60 61 62 63 64 66 67 68 70 71 74 75 76 77 78 79 
active=65: 1 2 3 4 5 6 7 8 9 10 12 13 14 15 16 17 18 21 22 24 25 26 27 28 29 30 31 32 33 34 35 36 37 38 39 41 42 43 44 46 47 50 51 53 54 55 57 58 59 60 61 62 63 64 66 67 68 70 71 74 75 76 77 78 79 
active=64: 1 2 3 4 5 6 7 8 9 10 12 13 14 15 16 17 18 21 22 24 25 26 27 28 29 30 31 32 33 34 35 36 37 38 39 42 43 44 46 47 50 51 53 54 55 57 58 59 60 61 62 63 64 66 67 68 70 71 74 75 76 77 78 79 
active=63: 1 2 3 4 5 6 7 8 9 10 12 13 14 15 16 17 18 21 22 24 25 26 27 29 30 31 32 33 34 35 36 37 38 39 42 43 44 46 47 50 51 53 54 55 57 58 59 60 61 62 63 64 66 67 68 70 71 74 75 76 77 78 79 
active=62: 1 2 3 4 5 6 7 8 9 10 12 13 14 15 16 17 18 21 22 24 25 26 27 30 31 32 33 34 35 36 37 38 39 42 43 44 46 47 50 51 53 54 55 57 58 59 60 61 62 63 64 66 67 68 70 71 74 75 76 77 78 79 
active=61: 1 2 3 4 5 6 7 8 9 10 12 13 14 15 16 17 18 21 22 24 25 27 30 31 32 33 34 35 36 37 38 39 42 43 44 46 47 50 51 53 54 55 57 58 59 60 61 62 63 64 66 67 68 70 71 74 75 76 77 78 79 
active=60: 1 2 3 4 5 6 7 8 9 10 12 13 14 16 17 18 21 22 24 25 27 30 31 32 33 34 35 36 37 38 39 42 43 44 46 47 50 51 53 54 55 57 58 59 60 61 62 63 64 66 67 68 70 71 74 75 76 77 78 79 
active=59: 1 2 3 4 5 6 7 8 9 10 12 13 14 16 17 18 22 24 25 27 30 31 32 33 34 35 36 37 38 39 42 43 44 46 47 50 51 53 54 55 57 58 59 60 61 62 63 64 66 67 68 70 71 74 75 76 77 78 79 
active=58: 1 2 3 4 5 6 7 8 9 10 12 13 14 16 17 18 22 24 25 27 30 31 32 33 34 36 37 38 39 42 43 44 46 47 50 51 53 54 55 57 58 59 60 61 62 63 64 66 67 68 70 71 74 75 76 77 78 79 
active=57: 1 2 3 4 5 6 7 8 9 10 12 13 14 16 17 18 22 24 25 27 30 31 32 33 34 36 37 38 39 42 43 44 46 47 50 51 53 54 55 57 58 59 60 61 62 63 64 66 67 68 70 71 74 75 76 77 79 
active=56: 1 2 3 4 5 6 7 8 9 10 12 13 14 16 17 18 22 24 25 27 30 31 32 33 34 36 37 38 39 42 43 44 46 47 50 51 53 54 55 58 59 60 61 62 63 64 66 67 68 70 71 74 75 76 77 79 
active=55: 1 2 3 4 5 6 7 8 9 10 12 13 14 16 17 18 22 24 25 27 30 31 32 33 34 36 37 38 42 43 44 46 47 50 51 53 54 55 58 59 60 61 62 63 64 66 67 68 70 71 74 75 76 77 79 
active=54: 1 2 3 4 5 6 7 8 9 10 12 13 14 16 17 18 22 24 25 27 31 32 33 34 36 37 38 42 43 44 46 47 50 51 53 54 55 58 59 60 61 62 63 64 66 67 68 70 71 74 75 76 77 79 
active=53: 1 2 3 4 5 6 7 8 9 10 12 13 14 16 17 18 22 24 25 27 31 32 33 34 36 37 38 43 44 46 47 50 51 53 54 55 58 59 60 61 62 63 64 66 67 68 70 71 74 75 76 77 79 
active=52: 1 2 3 4 5 6 7 8 9 10 12 13 14 16 17 18 22 24 25 27 31 32 33 34 36 37 38 43 44 46 47 50 51 53 54 55 58 60 61 62 63 64 66 67 68 70 71 74 75 76 77 79 
active=51: 1 2 3 4 5 6 7 8 9 10 12 13 14 16 17 18 22 24 25 27 31 32 33 34 36 37 38 43 44 46 47 50 51 53 54 55 58 60 61 63 64 66 67 68 70 71 74 75 76 77 79 
active=50: 1 2 3 4 5 6 7 8 9 10 12 13 14 16 17 18 22 24 25 27 31 32 33 34 36 37 38 43 44 46 47 50 51 54 55 58 60 61 63 64 66 67 68 70 71 74 75 76 77 79 
active=49: 1 2 3 4 5 6 7 8 9 10 12 13 14 16 17 18 22 24 25 27 31 32 33 34 36 37 38 43 44 46 47 50 51 54 55 58 61 63 64 66 67 68 70 71 74 75 76 77 79 
active=48: 1 2 3 4 5 6 7 8 9 10 12 14 16 17 18 22 24 25 27 31 32 33 34 36 37 38 43 44 46 47 50 51 54 55 58 61 63 64 66 67 68 70 71 74 75 76 77 79 
active=47: 1 2 3 4 5 6 7 8 9 10 12 14 16 17 18 22 24 25 27 31 32 33 34 36 37 38 43 44 46 47 50 51 55 58 61 63 64 66 67 68 70 71 74 75 76 77 79 
active=46: 1 2 3 4 5 6 7 8 9 10 12 14 16 17 18 22 24 25 27 31 32 33 34 36 37 38 43 44 46 47 50 51 55 58 61 63 64 66 67 68 70 71 74 75 76 77 
active=45: 1 2 3 4 5 6 7 8 9 10 12 16 17 18 22 24 25 27 31 32 33 34 36 37 38 43 44 46 47 50 51 55 58 61 63 64 66 67 68 70 71 74 75 76 77 
active=44: 1 2 3 4 5 6 7 8 9 10 12 16 17 18 22 24 25 27 31 32 33 34 36 37 38 43 44 46 47 50 51 55 58 61 63 64 66 68 70 71 74 75 76 77 
active=43: 1 2 3 4 5 6 7 8 9 10 12 16 17 18 22 24 25 27 31 32 33 34 36 37 38 43 44 46 47 50 51 55 58 61 63 64 66 68 70 71 74 76 77 
active=42: 1 2 3 4 5 6 7 8 9 10 12 16 17 18 22 24 25 27 31 32 33 34 37 38 43 44 46 47 50 51 55 58 61 63 64 66 68 70 71 74 76 77 
active=41: 1 2 3 4 5 6 7 8 9 10 12 16 17 18 22 24 27 31 32 33 34 37 38 43 44 46 47 50 51 55 58 61 63 64 66 68 70 71 74 76 77 
active=40: 1 2 3 4 5 6 7 8 9 10 12 16 17 18 22 24 27 31 32 33 34 37 38 43 44 46 47 51 55 58 61 63 64 66 68 70 71 74 76 77 
active=39: 1 2 3 4 5 6 7 8 9 10 12 16 17 18 22 24 27 31 32 33 34 37 38 43 44 46 47 51 55 58 63 64 66 68 70 71 74 76 77 
active=38: 1 2 3 4 5 6 7 8 9 10 12 17 18 22 24 27 31 32 33 34 37 38 43 44 46 47 51 55 58 63 64 66 68 70 71 74 76 77 
active=37: 1 2 3 4 5 6 7 8 9 10 12 18 22 24 27 31 32 33 34 37 38 43 44 46 47 51 55 58 63 64 66 68 70 71 74 76 77 
active=36: 1 2 3 4 5 6 7 8 9 10 12 18 22 24 27 31 32 33 34 37 38 43 44 46 47 51 55 58 63 66 68 70 71 74 76 77 
active=35: 1 2 3 4 5 6 7 8 9 10 12 18 22 24 27 31 32 33 34 37 38 43 44 46 47 51 58 63 66 68 70 71 74 76 77 
active=34: 1 2 3 4 5 6 7 8 9 10 12 18 22 24 27 31 32 33 34 37 43 44 46 47 51 58 63 66 68 70 71 74 76 77 
active=33: 1 2 3 4 5 6 7 8 9 10 12 18 22 24 27 31 32 33 34 43 44 46 47 51 58 63 66 68 70 71 74 76 77 
active=32: 1 2 3 4 5 6 7 8 9 10 12 18 22 24 27 31 33 34 43 44 46 47 51 58 63 66 68 70 71 74 76 77 
active=31: 1 2 3 4 5 6 7 8 9 12 18 22 24 27 31 33 34 43 44 46 47 51 58 63 66 68 70 71 74 76 77 
active=30: 1 2 3 4 5 6 7 8 9 12 18 22 24 27 31 33 34 43 44 46 47 51 58 63 66 70 71 74 76 77 
active=29: 1 2 3 4 5 6 7 8 9 12 18 22 24 27 31 33 34 43 46 47 51 58 63 66 70 71 74 76 77 
active=28: 1 2 3 4 5 6 7 8 9 12 18 22 24 27 31 33 34 43 46 47 51 58 63 70 71 74 76 77 
active=27: 1 2 3 4 5 6 7 8 9 12 18 22 24 27 31 33 34 43 46 47 51 58 63 71 74 76 77 
active=26: 1 2 3 4 5 6 7 8 9 12 18 22 24 27 31 33 43 46 47 51 58 63 71 74 76 77 
active=25: 1 2 3 4 5 6 7 8 9 12 18 22 24 27 31 33 43 46 47 51 58 63 71 74 77 
active=24: 1 2 3 4 5 6 7 8 9 12 18 22 24 27 31 33 43 46 47 51 58 63 71 77 
active=23: 1 2 3 4 5 6 7 8 9 12 22 24 27 31 33 43 46 47 51 58 63 71 77 
active=22: 1 2 3 4 5 6 7 8 9 12 24 27 31 33 43 46 47 51 58 63 71 77 
active=21: 1 2 3 4 5 6 7 8 9 12 24 31 33 43 46 47 51 58 63 71 77 
active=20: 1 2 3 4 5 6 7 8 9 12 24 31 33 43 47 51 58 63 71 77 
active=19: 1 2 3 4 5 6 7 8 9 12 24 31 33 43 51 58 63 71 77 
active=18: 1 2 3 4 5 6 7 8 9 12 24 31 33 43 51 58 63 71 
active=17: 1 2 3 4 5 6 7 8 9 24 31 33 43 51 58 63 71 
active=16: 1 2 3 4 5 6 7 8 9 24 31 33 43 51 63 71 
active=15: 1 2 3 4 5 6 7 8 9 24 33 43 51 63 71 
active=14: 1 2 3 4 5 6 7 8 9 24 33 51 63 71 
active=13: 1 2 3 4 5 6 7 8 9 24 33 51 71 
active=12: 1 2 3 4 5 6 7 8 9 24 33 71 
active=11: 1 2 3 4 5 6 7 8 9 24 71 
active=10: 1 2 3 4 5 7 8 9 24 71 
active=9: 1 2 3 4 5 7 8 24 71 
active=8: 1 3 4 5 7 8 24 71 
active=7: 1 3 4 5 7 8 71 
active=6: 1 3 4 5 7 8 
active=5: 3 4 5 7 8 
active=4: 3 4 5 7 
active=3: 4 5 7 
active=2: 4 7 
active=1: 4 
