1 0.135582500000 0.970578056329
2 -0.216024425532 0.975373414865
3 -0.027368813953 0.954089228143
4 -0.203001244444 0.866844300962
5 -0.077298551020 1.191531164077
6 -0.036488791667 1.155996166418
7 0.068917510204 0.980861120735
8 0.195723066667 1.108239191751
9 -0.079242959184 0.919635747510
10 0.006724875000 0.738962140403
11 -0.203454782609 0.767975600556
12 -0.057229877551 0.898279009054
13 0.066115765957 0.957499769977
14 0.039020608696 1.209118928792
15 0.023339166667 1.115217982489
16 0.072522340000 0.914070071367
17 0.233266680000 1.042221240304
18 -0.124153142857 1.049407760112
19 0.098452723404 0.939887069407
20 0.196752416667 0.900195187501
