0.000000 0.500000
1.000000 0.694400
2.000000 0.640100
3.000000 0.669400
4.000000 0.701900
5.000000 0.700800
6.000000 0.726900
7.000000 0.759500
8.000000 0.742300
9.000000 0.733500
10.000000 0.715300
11.000000 0.747200
12.000000 0.736800
13.000000 0.751100
14.000000 0.772200
15.000000 0.779200
16.000000 0.785800
17.000000 0.782200
18.000000 0.782300
19.000000 0.782100
20.000000 0.787500
21.000000 0.800400
22.000000 0.803400
23.000000 0.797300
24.000000 0.800100
25.000000 0.797100
26.000000 0.802100
27.000000 0.798600
28.000000 0.806700
29.000000 0.803900
30.000000 0.807900
31.000000 0.818900
32.000000 0.821800
33.000000 0.818700
34.000000 0.820900
35.000000 0.811200
36.000000 0.814200
37.000000 0.804000
38.000000 0.810100
39.000000 0.804900
40.000000 0.802600
41.000000 0.802300
42.000000 0.790700
43.000000 0.780900
44.000000 0.785000
45.000000 0.777600
46.000000 0.771800
47.000000 0.780100
48.000000 0.778000
49.000000 0.781100
50.000000 0.779300
51.000000 0.775500
52.000000 0.769700
53.000000 0.770900
54.000000 0.771900
55.000000 0.762100
56.000000 0.769700
57.000000 0.764900
58.000000 0.763100
59.000000 0.755200
60.000000 0.748000
61.000000 0.750300
62.000000 0.754200
63.000000 0.746500
64.000000 0.742100
65.000000 0.738700
66.000000 0.736400
67.000000 0.729500
68.000000 0.725300
69.000000 0.720500
70.000000 0.727000
71.000000 0.717900
72.000000 0.714700
73.000000 0.713100
74.000000 0.711600
75.000000 0.708900
76.000000 0.700000
77.000000 0.703100
78.000000 0.701800
79.000000 0.691900
80.000000 0.699200
81.000000 0.699700
82.000000 0.690600
83.000000 0.688600
84.000000 0.682100
85.000000 0.684000
86.000000 0.687800
87.000000 0.677700
88.000000 0.672400
89.000000 0.672700
90.000000 0.660300
91.000000 0.655000
92.000000 0.653300
93.000000 0.659000
94.000000 0.660000
95.000000 0.652000
96.000000 0.645200
97.000000 0.641100
98.000000 0.647200
99.000000 0.639700
100.000000 0.627100
