N=50
P=80
R=2
1 0.597974 -0.815319 0.123474 -0.106387 -2.106339 -1.516131 1.187254 1.088867 -0.795831 -0.147345 0.308829 0.174642 0.063193 -0.282121 -2.393067 -2.679797 -0.996393 0.661210 -1.755522 -0.687732 -0.154483 0.282127 -0.278870 -0.592776 0.225429 0.275603 1.517241 -1.746032 -0.216635 0.463387 1.120093 -1.300594 -0.116871 0.517353 -1.094732 0.921845 0.396353 0.274501 0.058843 0.714791 -0.870564 -0.901219 0.570989 -0.052232 1.195691 0.120413 0.824304 -0.719279 -0.488673 1.075641 -0.229993 1.857151 0.708594 -0.564665 0.330393 -1.513883 0.280578 -0.683383 0.730955 0.134562 -0.357073 -0.758978 0.550779 -0.704446 1.419773 1.533575 0.490341 0.859139 -1.575797 -0.183178 0.271372 -0.550873 -1.431691 -0.498299 -0.563785 1.632322 -2.867177 -1.230764 1.502523 -1.204506 1.822120 1.000000
2 -0.786635 0.956987 0.857524 0.729930 -0.090542 -0.360787 0.550391 0.502007 -2.173447 -0.136225 -0.694468 -2.381857 0.366167 -1.017313 -0.449916 1.289538 -0.727508 -1.323853 0.601557 1.174274 1.789074 1.581486 1.620568 1.845686 0.692845 1.111132 0.950644 -0.016739 1.786146 1.941717 -1.009843 -0.448220 0.061061 2.094686 -0.077050 -0.529049 -0.674920 1.888582 -0.766641 0.528721 0.991176 -0.076752 -1.459028 0.338510 -0.140758 -2.373971 -1.197666 1.720183 0.708435 0.646430 -1.145767 -0.995918 0.208519 -2.360328 0.075968 2.106709 1.115420 -2.591667 -0.643660 2.909899 1.499459 -1.300973 0.085784 0.400984 -1.316808 -0.898774 0.422470 0.290413 0.398530 0.335256 -0.308728 -0.468455 1.331602 0.753040 0.373557 1.818414 0.897609 -1.244607 -0.917834 -0.747340 0.455978 1.000000
3 -1.152919 -0.616314 -0.623163 0.003864 -1.566794 1.758144 0.780161 -0.072934 -0.288500 0.171620 -2.580312 1.009690 0.675256 -1.559030 -1.760857 0.384672 -0.275975 1.010691 0.740816 0.578925 -1.646050 0.104641 1.530937 -1.280489 1.066012 -0.500819 -0.095423 -0.775373 -0.649330 1.191825 0.313786 -0.455788 1.044437 0.171463 0.417347 0.889680 0.097258 -0.072554 0.421730 1.445703 2.302540 0.603332 0.083478 1.103156 1.877349 -1.078718 1.320741 1.690015 -1.545292 -0.023813 0.110888 -0.947066 0.784767 0.423010 -0.967297 0.107055 0.429036 1.001355 1.397699 -0.103743 0.082675 -1.387706 0.183097 -0.034491 -0.621112 1.541722 -0.029605 0.109150 0.934719 -0.754697 0.157673 0.383619 -0.691420 -1.129695 0.650665 0.803369 0.740483 0.579357 0.316725 -0.941620 130.406404 1.000000
4 -1.392716 -0.298439 -1.865894 1.743231 0.193770 -0.680262 -0.029340 -1.142833 -0.200976 1.407862 -0.167155 -2.483613 1.736259 -0.773439 0.491495 -1.970623 0.166478 0.423865 -0.984722 -0.032778 -0.313593 -0.974516 -0.729126 0.999656 -0.167927 -0.304565 -0.384655 0.209595 1.026707 1.162796 -0.134532 0.769328 -0.971897 -1.978847 0.940612 -0.855610 -0.054646 0.389052 -0.601268 -1.006349 -0.165335 1.029517 0.672615 -0.222350 2.119134 -0.371246 -0.865279 -1.197469 1.039204 -0.142424 -0.045322 -0.682284 0.311433 -0.408589 0.475338 0.111434 -0.213418 -0.009677 -0.833907 1.382411 1.410310 0.034588 -2.238245 -0.868633 0.450350 -0.399487 1.090570 -0.555145 -0.153463 -1.032996 0.104687 0.239211 -0.129234 0.144297 -0.143379 -0.593337 -1.167920 0.960991 -0.677787 -1.527723 2.029404 1.000000
5 -0.649657 -0.663306 0.350133 1.918374 0.813597 1.930958 -0.874931 0.766346 -0.907530 -1.651056 -1.546351 1.465538 0.456875 -2.145214 0.601979 -0.329047 -0.282213 -0.530843 -0.175407 -0.436431 1.347832 -1.029927 -0.067739 -1.493092 2.362071 1.519589 0.027946 0.963608 0.732570 -0.006413 0.358530 -0.609857 1.467427 -1.549491 -0.143294 -0.273489 0.839981 0.324744 -1.010354 -0.089634 0.840077 -0.775217 -1.487545 1.506177 1.848939 0.874761 0.596570 0.111082 1.957618 1.244295 1.782974 1.889075 0.526988 0.396471 1.382155 -1.583383 -0.827725 -1.353144 0.144634 -1.239815 0.604678 1.201520 1.429670 -1.017399 0.109769 0.649579 0.721123 -0.542177 -1.186476 0.326957 0.078496 0.591507 0.774043 0.195309 -0.539508 0.594155 -1.227691 0.291899 -0.066485 -3.233434 0.598787 1.000000
6 0.273395 -0.104096 -0.987645 -0.070479 0.049128 1.179511 -0.815036 -0.354512 0.683269 -0.038249 -0.641256 0.620489 0.285057 -0.666312 0.751264 -0.886395 0.766136 1.072781 -0.815294 0.538487 -1.211648 -0.232846 -0.252082 0.581050 1.247895 0.367825 0.665071 -0.722530 -0.206733 -0.671323 0.853952 0.840169 0.575145 -0.184718 0.869281 -0.875658 0.200816 1.904928 -0.700822 -0.622429 -2.592805 -0.973736 -0.787357 -0.321132 0.384043 1.687295 -0.947350 -1.032908 -0.961367 -1.116923 -1.364244 1.179722 -1.742185 1.513093 -0.294458 -0.117523 0.059929 -0.943815 -2.125632 -0.195453 -2.454133 -1.154175 -0.167503 -0.973700 0.293270 -2.266825 0.343008 -2.057282 0.279530 1.550889 -1.821617 -0.770910 -1.219536 -1.445858 -0.463367 0.186830 -1.062359 1.296215 -0.298680 -0.880912 8.549832 1.000000
7 0.821330 0.716092 -0.894558 -0.368659 -1.417740 -0.555303 -0.392885 -0.179726 0.264874 1.026271 0.219386 0.011387 0.495312 -0.720534 0.366737 0.501217 0.288428 -0.409091 -1.274359 -0.717320 -0.767454 0.048411 0.791141 0.403195 -0.552841 1.507456 0.190408 -0.556888 0.553261 -1.245551 0.262292 -0.835515 0.159047 0.718047 1.311614 -0.117332 -0.888994 -0.338994 -1.709431 -1.205243 -0.523671 2.091076 -1.369165 -0.078259 0.255441 -0.593894 -0.144694 1.075479 -0.163648 -0.958446 -1.212677 0.798812 -0.251064 0.272098 -1.158711 0.943029 1.306599 -0.511655 0.316177 0.101965 1.319767 0.282329 0.199730 -1.640522 -0.866668 -0.426040 0.907523 0.670102 0.279340 -0.187280 -0.613642 -0.150337 1.767963 -1.423081 -0.878086 -0.513241 0.594828 0.908028 0.571668 -0.582843 7.357709 1.000000
8 -0.320917 -0.577204 0.874734 -0.946059 -1.295349 0.006010 0.621585 -0.878336 0.234407 -0.305807 -1.798297 -0.863878 0.703245 -0.425183 -0.552595 0.081337 0.122417 1.151443 0.597489 0.627769 1.429008 1.221693 0.299751 0.840286 0.408834 1.834374 -0.805097 0.494901 0.190008 -2.367294 0.164797 -0.302741 -1.402255 -0.028432 -1.481177 1.010169 1.114237 1.189752 -0.504135 0.298178 0.282421 -0.044280 0.242831 -0.695242 -0.034342 -1.251344 0.718857 0.680622 0.740505 1.829903 -1.332437 0.308093 -0.073725 1.588123 -0.912246 0.268849 0.404655 0.066444 0.762098 0.847212 -0.628867 0.610473 0.332450 0.109718 1.027238 0.857925 -0.107575 -1.274532 0.077049 0.831474 -0.234348 0.223776 0.228654 -0.446329 -0.036940 0.361618 -0.316943 -1.902178 -0.536485 -1.126498 9.145703 1.000000
9 1.799267 1.511633 -0.234276 1.313913 -2.367489 -0.994289 0.422328 -1.690573 -1.155527 -1.320619 0.589463 1.578155 -1.016907 0.068927 -0.457287 -0.016430 1.905461 0.531599 -0.305602 0.503669 -1.024621 -1.387762 0.611230 1.102918 -1.055361 0.624265 0.641790 0.017413 -0.605858 -0.002037 -0.773392 0.299696 -0.744411 0.880352 0.291272 -0.527571 -0.343097 1.176388 -1.391873 0.866077 0.617884 0.143116 -0.217861 -1.843320 2.425551 -1.344919 -0.417391 0.109389 -0.451533 0.788000 -0.953663 1.685368 0.439772 -0.721491 0.102493 0.574559 0.408906 1.390704 -0.104000 -0.260298 -0.926361 -2.227484 0.047309 -0.291246 -1.288208 1.364288 -0.627743 -0.937257 -0.147015 -1.578985 1.897414 0.270291 -1.802888 -0.121743 1.068100 -1.294014 -0.059834 -0.079759 -0.919914 -1.139470 0.092925 1.000000
10 -0.311892 -1.043003 -0.032416 -0.048960 1.231764 -0.246225 -0.297383 1.420250 -0.522092 0.348893 0.330226 -0.496183 0.034746 -0.094645 0.033285 -0.115112 0.940104 -0.245498 -0.391712 0.623432 0.611615 1.237612 0.951048 1.149250 0.733735 1.327487 -0.975359 -1.027094 -0.208782 0.302467 1.444960 -1.004517 0.914234 -1.303641 0.172539 -1.064069 1.097762 0.018891 0.264132 -1.319847 -2.233882 -0.766760 1.096066 -0.071288 0.225653 0.771036 0.754162 1.960770 0.468116 0.283167 0.508050 -0.008230 -0.898492 -0.551050 -0.775832 -3.015042 0.770796 -0.871515 0.861303 0.198216 -1.298603 -1.675552 0.040803 -0.289297 1.009839 -0.928246 0.726712 0.583665 -0.063351 0.156244 0.156002 0.510528 -0.993189 1.438750 1.626675 0.377932 -0.837531 -2.195755 -0.256193 -0.987478 0.980894 1.000000
11 -0.820776 0.760040 0.078729 2.268003 1.309932 -0.514101 0.170204 1.600642 -0.195622 0.453758 -0.374442 1.164305 0.130866 0.323835 0.452725 -1.821075 0.999590 -1.137908 -0.109967 -1.267434 -0.486039 -0.968439 0.612990 -1.480437 0.632878 1.178502 0.596286 0.264150 -0.139745 -0.940953 -1.034028 1.103261 0.265878 -1.302944 0.407656 -0.814702 -0.401463 -0.564753 -0.730797 0.806532 -0.622609 -0.390916 -0.808001 -1.427034 -1.092584 -1.010551 1.043754 1.009635 0.011343 -1.447067 -0.319739 -0.657105 -1.121165 0.654986 -0.337737 -0.690918 1.422083 0.914983 0.396916 0.787139 -0.993412 -1.019129 -0.261013 0.036437 1.410644 0.255645 0.913839 0.335520 0.268228 -0.633897 0.357808 -0.011190 -1.439325 1.431601 -0.030655 -0.461438 1.207376 -0.157585 0.467180 0.368323 0.377189 1.000000
12 -1.895073 1.033533 0.912812 0.115511 -0.450791 -0.200441 -0.476915 0.091867 0.867688 1.379433 0.412720 1.656990 -0.873184 2.193823 0.116545 0.324969 -1.142443 -0.669006 -0.605227 -1.692812 -0.448827 -0.145997 1.009102 -0.139149 -0.539965 -0.025605 1.093119 0.334223 1.434362 0.686536 -0.167536 -0.549393 0.526452 0.903231 0.810230 1.585440 0.828244 -0.145572 1.970624 -0.380311 0.333361 0.483850 -0.626780 -1.093128 -2.139809 0.811545 -1.294877 1.451580 -0.336411 -0.705087 -0.329151 0.359152 -0.525154 0.174273 0.306098 1.763887 0.681349 1.463290 0.377977 -0.233339 -0.791409 2.128765 -0.105244 1.778924 -0.697482 -0.082667 0.604067 0.502754 -0.428558 -2.654876 -1.454929 -0.257953 -0.469105 0.304646 0.299218 -1.664141 -2.601558 0.764346 0.389339 0.278023 1.283613 1.000000
13 -1.756925 -0.414227 1.138068 0.025602 0.588928 0.928234 0.240332 0.206844 -1.861609 0.247175 0.834226 0.548337 1.909301 0.508956 1.153837 -0.064728 0.188756 1.276534 -0.167833 1.583059 -0.890583 -0.377795 1.172379 0.490112 -0.333346 -1.931844 0.579122 1.339889 -0.311924 -1.531743 1.527093 1.147002 0.700489 -0.648695 -0.553793 -1.283602 1.631988 1.583260 1.370717 -0.653950 -1.275643 -1.465783 0.951986 -1.252607 -0.422761 0.943699 -1.663294 2.877300 1.935838 -0.193988 1.571976 0.766357 0.333551 -0.647209 0.714534 0.373204 0.982769 1.401743 2.885891 -1.386398 0.505708 0.022891 1.133468 -0.525185 0.281356 0.577981 -0.523225 -0.661541 1.026960 0.908606 1.055282 -0.702395 2.413079 -0.212980 2.266098 -1.966846 -1.292953 1.159071 2.247785 -0.465234 1.439823 1.000000
14 -0.170059 0.022590 -2.532053 -0.206730 -1.857992 -0.834668 -0.836905 0.409256 -0.254915 2.048225 -0.760725 -0.186847 0.292031 0.577127 -0.010742 -1.481480 1.447771 0.928780 1.517941 0.201554 1.170041 0.732685 0.902651 1.467354 1.159847 0.675495 -0.394440 -0.931610 0.943236 -0.902080 -1.568531 -0.116645 -2.110043 0.800084 -1.199753 -0.361324 -0.341114 -0.022898 -0.722439 0.316285 0.795185 -1.075287 -0.162054 -1.032831 -0.764223 2.294830 -1.639667 0.725621 -0.446355 0.819836 -1.011011 1.036790 1.454199 2.269136 0.593809 0.326874 -1.269769 1.316810 -0.976562 -0.271418 -0.960236 -0.958501 1.285550 0.456640 0.633260 -1.032269 -0.703256 0.001441 -0.258006 1.156606 -0.024935 0.906870 -2.132597 -0.328135 -0.144806 -1.722495 -0.538467 0.956752 -0.571920 0.012825 13.785368 1.000000
15 0.766178 -0.168426 -0.991277 0.370555 -1.127816 0.381947 -1.427016 -0.166403 1.191198 -0.190002 -0.826460 0.225408 -2.049844 1.698107 1.676187 0.123547 -0.122012 -1.445270 -0.419584 -0.031766 -0.757171 -1.031394 2.512686 0.545491 0.876194 0.364174 0.832175 -0.099908 -1.120948 -0.927726 0.323255 0.303538 -0.197546 -0.976531 0.073137 1.424581 -2.020273 0.489204 -1.208196 0.075263 0.754896 1.054245 0.358904 -0.298672 0.582110 0.867196 0.280833 -0.315020 0.980472 -1.472639 -1.365472 1.496974 -0.026769 0.408413 1.623123 0.812973 -1.045646 0.282251 -0.330566 -2.355681 -0.155073 1.607110 -1.165589 -1.304373 0.022343 1.734727 -0.588111 -1.110013 -0.523640 -1.371617 0.389960 -0.311618 1.196139 0.195677 -0.902597 0.145951 1.369759 0.527434 -0.130502 -1.379149 5.594527 1.000000
16 0.090438 -0.778457 2.197966 -0.669813 -1.065184 -0.105315 0.201327 0.830150 1.073205 -0.107639 1.292195 -0.982111 -0.213731 -0.254633 0.362220 0.325846 1.308229 -1.301177 -0.039799 0.401251 1.640105 -1.905619 0.344615 -0.305561 -0.523478 -0.489053 -1.424663 -0.979876 -0.765773 1.326874 1.236287 -0.744367 -1.222857 0.410655 -1.020740 0.241096 1.700130 1.671235 -1.218445 -0.133178 0.973707 0.694037 -0.947525 1.319438 -0.211023 1.057447 -0.138813 -0.166182 -0.650137 -0.157698 1.676717 0.002249 1.259095 1.151989 1.215457 -0.384241 -1.112221 0.656376 1.911116 0.191673 0.616519 0.825869 -1.027479 2.022887 -1.054516 -1.358227 -0.481249 1.352196 -0.575251 0.895464 -1.937560 -0.398575 1.250975 2.254440 1.202072 0.106639 -1.015879 -0.078592 2.037907 0.758623 6.731832 1.000000
17 -0.755806 -1.166110 1.432103 0.861898 0.991402 -1.527314 0.361137 -0.740321 0.256744 -1.208099 -0.306107 -0.096821 1.063186 0.537885 0.096853 -0.614343 0.814829 1.406512 -1.341852 -0.885831 -1.991139 -1.169939 -0.840215 0.082781 -0.942561 1.920550 -1.502225 -0.418129 -0.936395 -1.006304 -0.627486 0.663820 0.827322 -0.625977 1.021565 -0.925285 -0.379392 1.269984 1.635118 0.656103 -0.544895 2.697748 1.149140 1.015309 0.157421 -2.074154 0.348515 0.282140 -0.660862 0.986125 -0.157253 -0.103978 -0.642881 -1.498376 -2.401849 -1.539584 -1.233905 -0.874487 -0.034296 0.989364 1.077747 0.691479 1.632677 0.412879 -0.187436 -0.078657 -0.404516 0.316776 -0.177767 0.372595 1.184270 -1.957506 2.050868 -1.204808 -0.708716 1.371358 -2.003611 0.074658 1.286929 0.169753 0.066076 1.000000
18 -0.485642 -1.739422 0.377996 -0.444367 -1.174049 -0.019581 0.106799 -0.933068 1.938391 -0.511102 1.552193 1.407478 -1.912338 3.404901 0.077990 0.278694 0.258035 -2.448604 0.257911 1.664165 -1.246505 -0.215199 -0.446014 0.156177 0.147451 -0.807500 -0.363661 0.708129 -0.662431 1.789142 -0.922201 -0.900075 -0.676808 0.463503 0.540317 -0.391112 -0.112556 -1.180683 1.682129 -0.008668 -0.026426 -0.048682 0.392058 -0.054167 1.688318 0.779285 0.481257 0.650149 0.199646 1.935029 1.193915 -0.072420 -0.014879 -0.148133 0.124930 -1.917165 -0.378759 1.062958 -0.150811 -0.918451 1.267832 1.040806 -0.499854 0.126280 -0.225878 0.608997 -0.569980 0.396136 0.313590 -1.225088 -2.567180 1.535857 -1.569742 -1.041117 0.361204 0.961740 -0.612605 -0.679303 -0.470829 0.393113 12.093563 1.000000
19 -1.108086 -2.062747 1.475809 1.497028 0.730286 1.165041 1.202804 1.151895 1.459262 -1.028022 2.285705 0.101688 0.941015 -0.653749 -0.221598 -0.912654 -0.361576 -0.842261 2.145978 -1.824878 0.536069 0.095084 -0.344545 -1.481856 -1.750891 -0.313018 0.116625 -0.029453 0.246638 -0.081549 2.200477 0.902817 -1.506628 0.759068 -0.361527 -0.331219 0.702401 -0.669050 -0.993657 0.339500 1.033974 0.854177 -0.536066 -0.322124 -0.111844 0.396506 0.501558 1.008718 1.754445 -0.274707 1.202790 -1.326973 -0.657774 -0.610729 -0.179972 -0.496823 0.034459 0.085414 1.030665 0.434382 1.113580 1.218847 -0.371522 -1.404630 -1.830331 0.258171 0.012864 1.091735 0.599659 -0.040315 -0.509572 -0.117724 1.374739 1.766601 0.696680 -1.193075 0.932140 -1.478608 -1.388504 -0.332480 24.116173 1.000000
20 -0.501976 -0.405073 1.104821 1.334030 -0.771662 2.478949 -0.030428 0.107330 -0.171635 -0.420307 0.537060 0.378424 -0.675372 1.286775 -0.864419 1.586523 -0.279664 -0.379268 1.756176 1.594671 0.760680 0.114828 0.502057 0.843349 -0.611477 1.790907 -0.554042 0.370542 1.268951 0.326494 -0.468433 -1.505542 0.108407 -0.614646 -0.653256 -0.453235 -1.511432 1.510182 0.125493 -0.572777 1.257541 -1.170129 -0.519101 -0.412714 -0.377028 0.041267 0.678753 -0.393385 0.766595 0.870779 0.134403 -1.897419 0.844595 0.007090 -0.134822 -0.699084 0.798802 -0.648939 0.552165 0.022424 -0.626052 0.138417 0.091590 -0.147374 -1.636590 0.511411 1.070100 0.181429 0.039986 1.278094 -1.940548 2.123933 0.684794 -0.253050 -0.903858 0.542127 0.506157 1.562817 0.541869 -0.454930 16.263055 1.000000
21 0.368344 1.155179 1.063197 -0.416406 0.584004 -0.023755 0.339047 -0.601623 -0.256868 -1.022216 -0.889041 0.516064 1.875448 -1.122779 0.573240 0.110738 0.998362 -0.499523 1.105539 1.434354 -0.068702 2.091092 0.046403 1.351537 -0.029550 -0.872702 0.072175 2.179774 -0.467672 1.234029 -0.844774 -0.309536 -0.361039 -2.296319 1.651386 0.400231 0.906305 0.111087 -1.715367 0.476645 -1.789362 0.660035 -1.560534 0.170163 -0.699751 0.542059 0.960890 0.727664 -0.582892 0.314906 0.163402 0.598668 -0.330207 -1.166056 -1.295345 0.835653 -1.673929 0.510785 -0.652465 0.099892 1.634562 -0.861637 -0.548649 -0.840204 0.034743 -0.518592 -0.540604 2.310500 1.088588 2.522210 0.075787 -0.671400 0.087660 -1.645907 0.476405 0.244686 0.194730 1.266475 -0.610994 0.011035 0.205527 1.000000
22 -1.014330 -0.314175 0.630531 -0.206510 -0.790940 -1.396082 0.813085 1.617453 -0.017700 -1.011524 1.151876 0.526609 -0.952520 0.831043 -0.000778 0.858957 1.301949 0.354471 0.447805 -1.038353 0.955200 -1.177822 0.537489 0.481918 -0.775426 0.751911 1.724013 -1.071180 0.044765 -0.296309 -0.172692 -0.737499 0.211006 0.667261 -0.350278 0.799882 -1.814566 -1.768650 0.161022 -0.151254 0.425405 0.269848 -0.579318 -0.122223 0.121962 0.602116 1.313625 0.842394 -1.226725 -1.323957 -0.079652 0.330589 -2.035481 -0.485084 0.352085 -0.194340 1.795954 -0.622156 1.747322 -1.620001 -0.653109 0.648158 -0.691737 -0.318573 -1.523474 0.786510 -0.869940 -2.163450 -2.071838 -0.437934 -0.700499 0.150757 -0.448445 -0.884521 -0.630194 0.064425 0.703005 0.012746 -0.144721 -0.415497 5.844864 1.000000
23 -0.711779 0.320593 -1.067413 0.670687 -0.870305 0.309365 -0.207662 -0.324792 -0.300782 0.510535 0.172259 2.823770 -0.923557 -0.075743 1.217244 -0.642990 0.084823 0.034059 -1.381322 0.297787 -0.895636 0.756334 0.872510 -0.104636 0.412871 0.359950 0.558681 0.575048 -1.628019 0.946683 0.732844 -1.616970 0.397466 -0.716539 -0.139757 -0.567078 0.998387 -0.045502 0.662762 -0.318171 1.105913 0.891789 0.181767 0.354743 1.645116 -0.645529 -1.836959 -0.632074 1.661017 -0.860601 1.241773 0.653896 0.215596 -0.055086 0.726645 0.565264 0.451025 0.499063 -0.212972 -0.122596 0.041109 1.083722 -1.642213 1.684774 0.062478 -1.741201 1.752053 1.070239 -1.551168 0.016251 -0.096957 -0.038922 0.694676 0.780000 0.674039 2.054693 1.340039 -0.773541 2.128524 0.733620 0.859550 1.000000
24 0.974786 0.053411 -0.202832 -0.195343 1.633464 2.378246 -1.367882 -0.383850 -0.025427 -0.111721 1.068549 1.326376 -1.799595 -0.578012 0.563747 1.346527 0.470706 1.739885 -0.766617 0.603966 -1.183964 0.803952 0.601486 2.707179 1.139288 -0.504240 -0.003030 0.538339 0.427031 -1.734180 -0.115862 0.059790 -0.132942 0.081424 1.352521 -0.072571 -0.589849 0.161845 2.145452 -1.027454 -0.325522 1.396629 -0.285544 -1.155732 0.638832 1.193350 -0.470095 2.182959 0.026946 -0.991957 2.565911 -0.063372 -0.166794 0.853524 1.974138 -0.099621 -2.297122 -0.439829 -2.396277 -0.750076 -0.175218 1.627346 -0.098103 -0.835897 1.255055 -0.005988 0.829107 -0.005879 -0.977169 -0.566930 0.842298 -0.386744 0.323149 -0.370503 0.431274 0.117707 0.020093 -0.285598 -0.482635 -1.622899 1.145191 1.000000
25 -1.198360 -1.279290 0.818897 -0.233352 1.233554 -1.013485 -1.221358 0.321197 -0.440821 2.342884 0.570576 -1.102753 -1.163819 1.083896 1.240255 -0.877913 0.786321 0.369458 -0.488326 0.567051 0.015022 -0.972106 -1.012970 -0.213367 -0.801898 0.417568 -1.911834 -0.676466 -0.737977 -0.774511 0.704090 -0.761970 0.286132 1.017821 -1.114290 -0.163404 0.442986 -0.107518 -0.224870 0.797096 -1.332173 0.559193 -0.240483 0.925601 -0.110978 0.860178 0.586833 0.038532 -1.818670 1.400931 -0.255900 0.214965 -0.618343 0.036808 1.142515 -0.301941 0.336537 0.101983 -0.023584 -1.010778 -1.043205 -1.731205 1.019163 -0.536199 0.048285 -1.208512 -2.436527 -1.617875 0.036225 -1.349311 -0.546258 0.628910 1.322781 -0.140515 -1.207269 -0.724625 0.536125 0.213217 -2.435619 0.232303 4.169479 1.000000
26 0.639549 0.888926 -1.464205 -1.347746 1.148544 -0.355088 0.777437 1.559358 -0.646928 1.672818 1.338572 -0.921566 -1.605285 0.896969 0.857371 0.897840 -0.494063 0.668749 0.208140 2.188396 1.763190 0.074006 -1.821107 0.128123 -1.011278 0.309341 -0.352304 -1.806166 -2.006514 -0.395884 0.628369 1.136475 1.054235 -0.313015 0.104307 0.391495 -0.238766 1.024018 -0.460499 -0.407996 1.011003 0.169676 0.448505 -0.184511 -1.157527 -0.728211 0.229057 1.147419 -2.516410 0.097873 -0.005921 -0.239770 -1.068201 -0.354473 0.231452 -1.199473 1.480725 -1.724635 -0.162767 -0.646869 0.270631 1.046330 0.413180 0.347359 -1.245655 -0.441374 0.354089 0.468092 -0.427001 -0.737043 0.293434 -0.804770 -0.405709 0.708361 -0.242340 0.575749 0.776751 -0.073863 0.576838 -1.714999 0.994614 1.000000
27 -0.446322 1.207441 -1.225968 -0.724809 -0.359488 -0.662420 -0.527299 -0.464944 0.152560 1.438171 -1.032379 -1.857275 1.649954 -1.221639 0.699544 1.036133 -0.218463 -1.558012 1.116563 1.686737 -1.283398 -0.557503 -0.906535 0.264619 0.947378 1.345665 -0.490307 0.638998 1.195128 0.343842 0.707393 -1.241690 -0.309289 -2.157361 -1.366381 0.125368 -0.676469 0.160394 -0.318409 0.353363 -0.124297 1.537162 -1.453105 -0.211709 -0.046147 -0.232233 0.914395 1.654887 0.640507 0.304069 0.122153 -0.534626 1.018659 -0.366368 -1.048906 -1.310665 0.696376 -1.164668 -0.390668 0.002563 0.049328 -0.937581 -0.958445 0.700872 -1.238517 -1.148453 -0.535869 0.381835 -0.877087 0.820116 0.732520 0.233822 -0.480979 -0.850175 -0.136181 -0.062293 0.690905 -1.748972 1.179052 -0.615016 20.156331 1.000000
28 0.201607 1.060831 0.239685 -0.901959 -0.946416 1.588362 -1.111479 -0.549905 1.667685 -0.096967 -0.638612 0.155738 -1.763763 1.730475 0.776760 1.097831 0.507237 1.124649 -0.382071 0.244722 -0.705814 -2.047116 0.106264 1.842149 -1.959757 -0.583434 -0.552476 -1.132071 1.124737 -0.937633 -0.301258 2.291146 1.212772 0.333367 -0.226822 -0.679789 0.867334 -0.879471 -0.813301 0.225320 1.561842 -2.114500 -1.519304 -0.994062 0.400616 0.239910 -1.507436 1.388753 -0.219772 0.020738 0.561594 0.372690 -1.169277 -0.693722 0.824978 -0.765744 -0.528569 -0.923495 -0.027662 -0.002263 0.076369 -2.794447 1.028546 1.070260 -0.582208 -0.914825 -0.920885 0.441902 -0.205150 1.338467 1.809264 1.111629 -1.800512 -0.845185 -0.414349 -0.066779 1.074168 -1.417543 1.890398 1.405492 33.379322 1.000000
29 0.274570 0.205987 1.197361 -0.132827 0.333179 1.969609 0.843397 -0.503206 -0.960182 -0.149718 -0.267577 1.466549 -0.733841 -2.053863 0.138866 -0.405713 0.055283 -0.296797 0.071954 1.228617 0.899937 1.834250 -0.478096 0.408469 -2.530581 1.530194 0.827061 0.430029 1.527962 -0.962577 -0.249682 -0.904359 0.240345 -0.288485 -1.344343 0.049293 0.444150 0.386221 -0.232376 0.049532 -0.378483 -1.022436 1.037729 -0.116509 -1.010496 1.471231 -0.998447 0.755145 -2.303761 0.298775 -0.849130 -1.972161 0.751540 0.770994 1.209567 1.399376 -0.654455 1.424168 0.747207 1.285891 -0.001752 0.113616 -1.967304 -0.505957 0.406746 -1.022582 0.621997 0.006592 -0.305645 0.090595 0.687441 -1.423609 0.173639 -1.651833 -1.548629 1.581076 -0.158405 1.243712 1.366424 -0.484358 2.212054 1.000000
30 0.679797 0.403859 1.544234 -0.463030 1.216761 -2.311134 1.624716 0.672910 1.141590 1.014914 0.612069 2.127825 0.057352 1.124704 -1.359202 0.538422 -0.222935 1.445526 -0.159456 0.273538 0.258104 -1.292732 0.722511 -0.160761 0.054057 0.170796 1.371376 0.816750 0.959169 2.038635 -0.212445 1.747428 0.014127 -0.893158 -1.774801 1.571525 1.060413 0.522982 -0.787543 -1.061593 0.780809 1.448833 -0.008902 -1.867399 -0.941803 0.003986 0.340937 0.177694 -0.392933 1.295739 0.966637 0.045309 0.111436 -0.430812 -1.124139 -0.201491 1.068953 -0.102614 0.059814 -1.490297 -1.040732 -1.973621 0.274684 0.470034 0.469290 0.018939 -0.052108 2.244036 -0.143966 0.188895 -1.603956 -1.460589 0.315939 0.965838 -1.162206 0.099328 -1.338881 0.847043 -0.835106 0.908718 3.178814 1.000000
31 0.294521 1.972684 0.325152 0.569165 -2.299551 0.215431 -2.195620 -0.377595 -0.423138 -0.224405 -0.342484 -0.240162 -0.028661 0.910109 -0.946136 -1.213394 -0.834946 1.871966 0.376976 -0.396544 0.720118 -0.146508 0.655503 -0.311533 -0.640918 -0.766166 -1.685319 -1.450187 -0.452405 1.378244 0.651516 0.083832 -0.498866 -1.337828 -0.070344 -1.351682 -0.087137 -1.770325 0.853833 -0.811552 -1.734839 1.090498 -0.045401 -0.826379 0.938467 1.024655 0.809082 0.617865 -0.152511 0.982238 -0.185657 0.552910 -2.621935 0.089074 -0.712087 0.720370 -0.803488 0.321843 -0.206422 1.252154 -0.379078 2.612665 -0.603338 0.278835 -0.143932 0.743485 0.028921 1.225254 -1.474804 1.334432 1.760308 -0.933987 -0.677609 -0.627634 0.178134 -1.279465 2.488543 1.790074 0.688190 -0.156103 0.241123 1.000000
32 -0.623358 -1.687208 -1.423966 1.538576 -1.095336 1.067901 0.052560 -1.231263 0.607742 -0.912504 1.219866 1.718198 -0.605006 0.292825 0.917852 -0.753812 -0.520911 0.096175 -0.426956 -1.112381 -1.870980 -0.804382 0.442056 -0.298397 1.604330 1.087427 0.525588 0.311510 -0.981233 1.150457 -1.482756 -0.307332 -1.930768 1.225954 1.609158 -0.699509 0.474624 -0.341288 -0.653766 0.699471 -1.928405 1.854967 -0.407171 0.952765 1.474784 -0.315498 0.369958 -1.492372 -0.913374 0.747804 0.070504 1.458272 0.937852 1.292725 -0.929846 0.103290 -0.156420 -0.737479 -0.398645 0.116722 -0.718241 0.807968 0.110528 0.319261 1.343610 -0.515136 0.435015 -0.860390 -1.185041 -0.271319 -0.288277 -0.917119 -2.876964 2.244065 0.560255 0.858377 -1.284284 0.602603 0.656772 0.677116 2.768235 1.000000
33 -0.118805 0.372398 -0.130131 0.493443 -0.936202 -2.259468 -0.581979 -1.354917 -0.965069 1.075822 0.640733 -0.471049 -0.234543 0.028604 0.343782 -0.559518 1.238426 2.387046 -0.025878 0.408241 -0.141106 -1.004589 -0.550911 0.460287 0.921646 -0.549769 0.101203 0.783608 1.064715 -0.330629 1.690894 0.718623 0.708584 -1.427446 -2.144580 -1.219208 1.187862 1.452657 -1.239433 -0.250121 1.068980 -0.295158 0.262333 -1.856349 -0.963139 0.167020 -0.653852 0.055918 0.232032 0.327547 -0.417530 0.702327 1.966186 1.204710 0.533369 -1.417948 0.159135 -0.303617 0.580734 -1.330671 -0.462202 0.043830 -0.040787 -0.093578 0.702807 -0.341266 1.372561 -2.632166 -0.741617 -0.354298 1.542422 -0.363105 0.958712 0.213005 -0.407715 -0.701553 2.774399 -0.278246 1.277875 1.008506 0.535227 1.000000
34 1.005081 -0.101182 -1.313367 -0.243158 0.141301 -0.746290 0.233907 1.166353 -2.477982 0.080466 0.881987 -1.374587 -0.214980 0.736295 0.016841 -1.275626 0.040264 -1.179959 -1.803241 0.824531 -0.991222 1.431476 -1.091705 -0.147123 1.227008 -1.293799 0.746524 0.368396 -0.677314 -0.473616 -0.699517 -0.693966 -0.349920 -0.003032 0.907750 1.605153 0.401057 -0.978162 -1.683155 -0.482628 0.017565 -1.122034 -0.553933 -0.308850 1.100121 -0.314762 -1.016223 -0.900286 -1.311941 -0.255567 1.426607 0.527820 0.993776 -0.042534 0.152797 1.202902 -1.082282 -1.516686 -1.188406 -0.863364 0.854981 -0.119630 -1.896370 0.354177 -0.093559 -0.046984 -0.287268 -2.233716 -1.912805 0.907232 1.944937 -1.563747 1.384981 0.369268 -1.274815 -0.218613 0.649285 -0.194189 -0.014298 0.682039 1.685497 1.000000
35 -1.048664 1.965103 -1.148090 1.648732 -0.210136 0.213578 -0.143778 -2.792317 -0.448089 -0.848106 -0.022840 1.044635 -0.173155 1.258525 -0.859559 -1.618815 1.096690 -0.570369 -0.076207 -0.428469 -0.540836 -0.162581 -0.337172 0.511877 0.523099 0.360741 1.008114 -0.493858 -0.389283 0.406735 0.949022 0.127776 -0.372165 -0.229247 0.069362 0.955525 0.247993 0.174849 -0.082675 -0.187971 1.162282 -0.164642 0.573252 -0.202755 1.246092 -2.119338 0.385023 0.805586 -1.506312 -0.603027 0.069952 0.195708 -0.287249 0.843777 1.818705 1.203809 -0.005870 -1.779793 0.859072 0.641645 1.327441 2.570967 0.324370 -1.318386 0.706332 -1.407219 0.490064 1.027204 -0.300634 -0.916549 1.515335 0.147994 2.751616 0.524702 -0.398407 0.842814 0.393988 0.393197 -1.166531 0.146269 0.864237 1.000000
36 -1.229280 0.727360 -1.009343 -1.395140 -0.281123 0.227979 -0.617134 -0.056526 0.114674 -0.201950 0.678041 -0.215333 -0.793233 0.006747 -0.606089 0.112136 2.193231 1.646099 0.515449 0.257642 -2.073268 -0.461243 0.248750 -0.526526 -1.384601 0.742150 -0.361242 -0.214524 -1.039708 0.180643 -0.043976 -0.122440 0.964858 -0.019707 -0.526184 0.071231 -0.547538 -1.992619 -1.532335 -0.121762 0.196665 -0.370163 0.245205 -0.399602 -0.884885 -1.818106 0.673092 1.098814 -0.349420 -0.845149 -0.085359 0.792954 -0.227290 -0.163158 1.373833 -0.591535 -2.251504 -0.575312 2.032289 -2.308639 0.468791 -0.334631 0.093928 -0.493675 -0.339640 1.972417 -1.702767 0.911959 0.139918 -1.504971 0.978653 0.157566 1.061014 0.330073 0.378603 0.056803 -1.306292 -0.786056 -0.490778 -1.058864 8.956692 1.000000
37 0.959477 1.455038 -0.941096 0.168781 -0.785771 -0.486440 -0.636412 1.546636 -1.420142 -1.123055 -0.298060 -0.913565 2.176242 0.196726 0.641668 -0.394905 0.387003 -0.247921 -1.253830 -0.275647 1.611006 0.461785 -0.436849 2.115425 -2.218405 1.398310 -1.067693 0.808343 -0.691122 -1.279014 1.541408 -0.860488 0.308388 0.733877 0.253429 1.021826 -0.543311 0.640738 -0.121431 -3.849716 0.403828 1.701215 -1.085946 -0.716741 -0.016517 -1.267287 -0.445262 0.375347 -1.315061 0.698061 0.956890 0.673973 -0.533117 0.168974 -1.083040 0.077089 0.535923 0.046005 -0.731073 -0.636379 1.049346 0.604285 1.398072 -0.692609 -2.184726 -0.870179 -2.767988 -0.217033 -0.393414 -0.525035 0.097212 -1.056583 -0.887335 0.218131 3.198218 0.489474 0.543608 -0.762989 0.639984 -0.193065 3.131454 1.000000
38 1.597728 1.586645 0.357207 -1.879019 0.405827 1.920974 0.880125 0.309335 0.491115 -0.887057 0.346685 -0.486627 0.535750 0.493608 -2.152095 0.164308 -0.353799 -1.485374 -1.589068 1.339586 0.770317 0.455898 -0.410000 -0.353152 0.843052 -1.466001 1.594706 -0.346359 1.707603 0.448186 -0.489952 0.002509 0.663160 1.919506 1.769659 0.404465 0.658444 -0.274916 0.501039 -0.041407 0.291066 0.571996 1.628637 -0.119030 0.875448 -0.920674 0.039579 -0.023466 -0.860975 0.834138 -0.069320 -0.029928 0.960936 2.225956 -0.985609 -1.439585 1.977716 0.404752 -0.784693 -0.450278 1.426795 -1.023383 0.297035 0.869444 0.600772 0.273952 -1.147906 -0.216033 0.269015 -0.377567 1.133532 -1.171234 -0.407598 -0.101081 -1.071794 -0.526555 1.610461 -0.967764 -1.244142 -0.268293 15.374619 1.000000
39 -1.814731 -0.228968 -0.527486 -0.125626 -0.600031 1.325119 -1.032332 -1.000429 2.579440 0.206892 -0.446009 -0.765661 -1.518534 -0.101352 0.900508 1.722994 0.384239 -0.146235 0.777654 0.121484 0.178176 -2.341215 1.474629 -0.175892 0.337101 -0.680942 -0.522898 -0.489862 0.031478 -1.458667 0.499080 0.312987 0.923596 -0.845920 1.875515 1.254302 1.433149 1.854408 -1.639916 0.040557 0.100020 0.393141 -0.023170 1.323811 0.409638 -1.578045 0.725381 0.766761 -0.392320 -1.971282 -0.487110 2.339814 -0.799963 -0.910349 0.088645 0.735023 0.636058 0.071347 0.507753 -1.236737 0.692177 1.070196 -0.438539 1.497761 -1.128833 0.010338 -0.830834 -0.663651 0.560663 1.578679 -0.969528 0.244152 -0.935522 -0.414094 -0.098756 0.108417 -0.002865 -1.740691 1.958761 -0.226588 64.285361 1.000000
40 -0.113038 1.468505 2.299955 1.145395 0.866903 1.735999 -2.591116 0.374718 -1.061611 1.125935 -0.534973 -0.445813 -0.159784 -1.855514 -0.660418 0.169470 -1.044438 0.729044 0.841932 0.891782 -0.293300 -0.625077 0.843823 2.257900 -0.265504 -0.286768 0.160423 0.466934 -1.348197 -0.148919 0.725980 0.254300 -0.150602 0.511639 -0.656816 1.493829 1.149850 0.372575 -0.105793 -2.053155 0.228962 -1.168666 -0.634347 0.878907 -2.723588 -1.764921 0.182059 -0.786174 0.080191 0.328269 -0.467575 -1.927050 0.472118 0.029140 1.357564 0.292693 0.682842 0.685385 -1.509780 -0.742643 -2.398816 -1.214609 1.006164 0.381849 1.624485 0.447695 0.720890 0.759128 0.164362 0.169037 -1.022166 0.227681 0.424222 -2.360745 0.895621 0.851315 0.373174 -0.898249 0.450132 -0.396850 1.456150 1.000000
41 1.593153 2.247578 1.005012 -0.383224 -0.699142 -0.451079 1.636832 -1.762167 1.155952 -0.170920 -1.748179 -0.554282 0.147428 0.022936 1.800551 -2.778167 0.681515 -1.509068 1.081696 0.022627 0.197868 1.270580 -1.165452 -1.512244 -1.144014 -1.223972 0.537336 -2.032868 -0.704584 2.413646 -0.505780 0.630648 0.399676 0.168810 0.373555 -1.165189 -0.929966 -0.268779 -1.445464 -0.471621 -1.000101 0.205593 -0.047945 0.680261 0.779582 -0.957820 -0.257877 -1.087202 0.278602 0.063769 0.711106 -2.437493 0.065085 -0.404068 -0.183913 1.051225 -0.960261 0.920140 0.828195 -1.079509 -1.031918 1.439692 -0.201330 1.161420 1.200917 1.272548 0.339285 -0.201861 -0.280226 1.342992 -0.899028 0.881514 0.208910 0.648037 -0.279118 0.620819 0.000233 0.166124 -0.481793 0.656951 0.972357 1.000000
42 2.248785 0.807672 -0.583176 1.014967 -0.133680 0.594204 0.741491 -1.360338 1.815966 0.749238 -0.874162 -0.094210 -1.025532 2.185185 -1.675715 -1.127831 0.657738 0.367703 0.842820 -1.023686 -0.567698 0.079304 -0.385081 0.735746 -0.191183 0.854458 0.153339 -0.299545 0.092139 -0.578272 1.420262 0.688246 1.602670 1.577051 -1.530249 -0.667662 -0.275732 -0.936168 0.790649 1.696801 0.026574 -0.929775 -0.515630 0.413420 -0.575602 0.557235 -0.207798 0.216916 -1.497148 -1.171306 1.143989 -0.359649 -0.656437 1.061891 -2.111128 -1.217080 -0.921900 1.027445 -1.416706 -1.614811 -0.345941 -2.882403 -0.205518 -0.335273 0.968607 -0.565939 1.327060 -0.388501 0.809923 -0.716842 -0.539842 0.255956 -1.358747 -1.767900 1.600986 -0.964496 -0.207838 -0.105041 1.303826 -1.365636 0.755621 1.000000
43 1.324047 1.442220 -2.205742 0.543842 -0.634956 0.770730 -1.358461 1.516363 0.506403 0.091262 -0.846418 -1.310058 -0.033571 -0.132492 -0.592090 0.974044 -0.818902 -0.986582 -1.374394 -2.013848 -0.821202 -0.701268 -0.494292 -0.607639 -0.462100 -0.193544 0.062462 -0.109610 0.729431 -0.028474 0.487017 -0.011543 -0.163537 1.885098 0.288942 0.231066 1.271807 -0.017192 -0.733931 -1.563695 0.342625 0.881599 -0.200919 0.188163 2.764851 -1.014380 -0.033596 0.446385 0.076065 0.851864 1.355854 -0.305196 -0.729917 0.153552 0.146925 1.047239 0.154134 -0.145937 0.872451 0.121424 -0.102991 -1.816698 0.834281 0.092160 0.752409 -1.154530 -1.265716 -0.634190 0.492587 -1.164455 -1.667570 -0.206087 -0.822632 -0.304347 0.532312 -1.951711 -0.062999 1.158789 -1.378080 0.634001 19.271532 1.000000
44 2.964678 0.501729 0.110681 -0.279254 -0.739319 -0.580374 -0.202991 0.274688 0.602830 0.406797 1.162905 0.468687 1.914460 -0.980068 -0.625089 1.137739 0.170489 -0.532024 -0.046648 0.982229 0.744689 -1.959996 -0.474913 -1.129419 -0.995496 0.436144 1.729937 0.401603 -0.216382 1.198204 0.682665 0.318760 -1.407154 0.132631 1.571814 0.370378 0.953354 2.311263 -0.206433 0.729374 0.306674 -0.204807 -0.382495 -1.032797 0.136130 -1.069130 -0.507435 -0.204777 -3.892655 0.098792 -0.073038 -0.570398 -0.879660 0.550576 0.627832 -0.544444 2.075717 -0.051555 0.911018 -0.895568 1.004586 -0.839686 -0.464216 1.221646 1.185268 -0.166159 0.375650 0.334633 0.635686 0.889358 1.382811 -0.904071 1.007615 0.754232 -1.009500 0.688819 1.034466 0.145659 -0.426633 0.386265 1.709370 1.000000
45 -0.220057 0.199359 -1.454796 0.387260 -1.021173 -0.477569 -0.450972 0.616054 -0.682616 2.360173 0.475860 0.251378 -0.363189 -0.507906 -0.481720 0.554568 0.601776 0.992142 1.290005 1.154355 -0.409377 -0.245831 0.666503 1.220582 -0.000474 -0.827778 1.073053 0.197708 -0.359216 -0.850968 -0.700876 -0.285534 -0.702021 -0.178115 0.658458 0.253717 -1.201508 -0.438062 0.258861 0.754352 2.126053 1.015921 -1.538590 0.511125 0.171877 -0.532708 -0.816552 0.861946 1.521235 1.330808 -1.524060 0.239758 0.402563 0.150419 -0.217208 -1.203590 0.171410 -1.577000 -0.009027 0.064627 -0.583081 0.891914 0.917785 0.364974 -1.103728 0.374116 -0.309625 0.755220 1.367591 0.179195 -1.787722 1.295165 -1.597057 0.290823 -0.450952 -0.778551 -0.753732 0.668717 1.365325 -0.956973 7.937071 1.000000
46 -0.162381 0.170631 -0.668610 -0.190757 -1.097153 -0.990820 0.085457 -2.869209 0.115767 0.583635 0.142936 -0.413967 -1.178613 0.711386 -2.347120 -0.997358 -1.286122 -1.206979 -0.272061 0.555587 0.464246 -0.102974 -0.864977 -0.158960 1.020236 -0.378954 -1.024354 0.157154 0.007972 1.067104 0.152634 -1.431830 -1.026594 1.326151 -0.827554 1.069251 -1.358352 -1.090628 0.954513 0.343200 0.395789 0.131397 -0.523658 -1.887916 -0.829909 -1.591665 -0.632399 0.248263 -1.903147 0.042541 -1.579017 -1.117135 2.211330 -0.799023 0.540195 -2.644885 1.224793 1.290389 1.087269 0.654496 1.191836 -0.228840 0.469018 -1.693342 0.890661 -1.276482 0.542446 0.299050 -0.251089 -1.563778 0.435926 0.317064 -0.039956 -0.267523 -0.057093 1.100271 1.937647 2.576395 -1.157645 1.978920 3.566816 1.000000
47 0.412570 -0.353128 0.378493 0.078029 0.393087 0.935947 -0.507033 -0.258183 0.539042 -0.612358 -0.824739 -0.865478 -0.569193 0.475387 -1.296986 0.795304 0.242740 -0.735354 0.150621 -0.902979 1.848960 0.024679 0.591986 1.235923 -1.232355 0.784524 -1.329968 1.009214 -0.438528 0.549318 0.033513 1.123050 -1.282332 0.549495 -0.004557 0.764269 -0.224407 1.337826 -0.180615 -0.226907 -1.343748 0.515372 0.264043 0.424632 0.554330 -1.992650 0.462696 -1.019327 0.343047 1.138042 -0.745786 -1.125090 0.752770 0.764572 -1.343351 -0.514853 -0.156619 -0.032196 -0.170725 0.324106 0.092326 0.009870 1.661569 -0.088852 1.010202 0.816194 -0.452096 -1.644742 -0.558089 -0.569452 0.756601 0.878548 1.013699 -0.510620 -0.557239 1.815342 -0.651026 -0.848511 -0.063163 -1.101021 4.629281 1.000000
48 1.028695 -0.289868 0.014405 0.230475 0.699597 -0.608506 0.506913 0.632940 -0.137218 -0.712135 0.464888 -0.550415 -1.562154 -0.823958 0.624227 -0.342569 -1.019815 -0.682819 1.557036 -0.364901 1.303506 -0.210913 0.038426 -0.484705 -0.255923 -2.171189 1.435834 0.915647 0.810028 0.599823 -1.815012 -0.982046 -1.661809 1.296510 -1.568382 -1.068650 -0.485327 -0.428914 0.022813 -1.409173 0.486099 0.569001 -0.193230 -0.534536 0.978522 -1.208026 0.978380 0.002805 -0.987937 -0.332629 0.870551 -0.156823 1.610380 -0.177889 0.215218 -1.292559 1.001467 -0.734843 -0.166951 0.206793 -1.185711 0.027117 0.185818 0.243865 0.362321 -0.593311 -0.446375 0.266707 -1.288789 -0.244384 -0.462307 0.519310 0.812169 1.035811 0.563834 -1.011475 0.043807 -1.357629 0.156173 -1.855201 2.111278 1.000000
49 0.489822 1.270730 1.273013 -1.096996 -0.003235 -1.443482 -0.954734 0.818983 -0.587153 0.631848 1.572349 0.651068 0.146166 -1.218986 -0.609892 -1.432776 -1.351765 1.429576 2.162108 0.728142 -0.437115 0.269614 1.123847 1.292476 1.392103 -0.005316 0.360291 0.549903 -0.187211 -0.859506 -1.149042 0.074144 -2.243434 -0.725501 -0.201434 0.017304 1.932280 -0.324960 0.198187 0.334302 0.455741 1.331388 -2.200567 0.071183 0.510167 0.671303 -0.198918 0.808355 -0.293965 -1.400600 -1.078820 1.204414 -2.143678 0.453320 0.976767 -0.375635 0.416017 -0.149892 2.285189 0.420106 -1.788906 0.844283 -0.372917 -1.954249 -0.332320 0.734307 -0.185033 0.236730 -1.192153 0.382328 0.051786 -0.910260 -0.594967 -0.255797 0.415141 1.418834 -1.640334 -0.627641 0.126853 0.652543 1.211243 1.000000
50 0.286141 0.253179 0.018651 2.144229 0.759055 0.814513 0.087666 -0.291169 -0.069663 -0.539978 -1.396900 0.011369 0.113098 0.108246 0.003458 -0.000908 -0.253932 2.017270 -0.652636 1.377337 1.370643 0.883935 -0.335534 -0.854259 0.621717 1.166739 1.001025 0.926589 0.140741 -2.208010 -0.094704 -0.332996 0.084084 1.099379 1.214801 -1.324951 -0.861434 -0.619814 -2.404757 -0.641834 1.480938 -0.212437 -0.946052 0.345514 0.181060 -0.426174 0.543276 -0.432480 0.840599 -0.261338 -0.225652 0.408353 -0.120544 -0.539206 1.855879 -0.527708 -0.901302 0.064597 0.310861 -0.714238 1.399057 -0.182428 -1.021461 -0.897241 0.090334 0.861012 -2.433475 0.519467 -0.150330 0.478160 1.702860 0.940168 0.150691 -0.540324 -0.805907 0.275164 -0.159151 0.690134 -1.878062 1.129952 1.074935 1.000000
uncorrelated Gaussian covariates
missing covariate fraction: 0.000000
no latent classes
   lambda(t|risk 1)=C, <t>=4.000000 for zero covariates
   risk 1: beta[1]=0.500000
   risk 1: beta[2]=0.500000
   risk 1: beta[3]=0.500000
   risk 1: beta[4]=0.500000
   risk 1: beta[5]=0.500000
   risk 1: beta[6]=-0.500000
   risk 1: beta[7]=-0.500000
   risk 1: beta[8]=-0.500000
   risk 1: beta[9]=-0.500000
   risk 1: beta[10]=-0.500000
   risk 1: beta[11]=0.000000
   risk 1: beta[12]=0.000000
   risk 1: beta[13]=0.000000
   risk 1: beta[14]=0.000000
   risk 1: beta[15]=0.000000
   risk 1: beta[16]=0.000000
   risk 1: beta[17]=0.000000
   risk 1: beta[18]=0.000000
   risk 1: beta[19]=0.000000
   risk 1: beta[20]=0.000000
   risk 1: beta[21]=0.000000
   risk 1: beta[22]=0.000000
   risk 1: beta[23]=0.000000
   risk 1: beta[24]=0.000000
   risk 1: beta[25]=0.000000
   risk 1: beta[26]=0.000000
   risk 1: beta[27]=0.000000
   risk 1: beta[28]=0.000000
   risk 1: beta[29]=0.000000
   risk 1: beta[30]=0.000000
   risk 1: beta[31]=0.000000
   risk 1: beta[32]=0.000000
   risk 1: beta[33]=0.000000
   risk 1: beta[34]=0.000000
   risk 1: beta[35]=0.000000
   risk 1: beta[36]=0.000000
   risk 1: beta[37]=0.000000
   risk 1: beta[38]=0.000000
   risk 1: beta[39]=0.000000
   risk 1: beta[40]=0.000000
   risk 1: beta[41]=0.000000
   risk 1: beta[42]=0.000000
   risk 1: beta[43]=0.000000
   risk 1: beta[44]=0.000000
   risk 1: beta[45]=0.000000
   risk 1: beta[46]=0.000000
   risk 1: beta[47]=0.000000
   risk 1: beta[48]=0.000000
   risk 1: beta[49]=0.000000
   risk 1: beta[50]=0.000000
   risk 1: beta[51]=0.000000
   risk 1: beta[52]=0.000000
   risk 1: beta[53]=0.000000
   risk 1: beta[54]=0.000000
   risk 1: beta[55]=0.000000
   risk 1: beta[56]=0.000000
   risk 1: beta[57]=0.000000
   risk 1: beta[58]=0.000000
   risk 1: beta[59]=0.000000
   risk 1: beta[60]=0.000000
   risk 1: beta[61]=0.000000
   risk 1: beta[62]=0.000000
   risk 1: beta[63]=0.000000
   risk 1: beta[64]=0.000000
   risk 1: beta[65]=0.000000
   risk 1: beta[66]=0.000000
   risk 1: beta[67]=0.000000
   risk 1: beta[68]=0.000000
   risk 1: beta[69]=0.000000
   risk 1: beta[70]=0.000000
   risk 1: beta[71]=0.000000
   risk 1: beta[72]=0.000000
   risk 1: beta[73]=0.000000
   risk 1: beta[74]=0.000000
   risk 1: beta[75]=0.000000
   risk 1: beta[76]=0.000000
   risk 1: beta[77]=0.000000
   risk 1: beta[78]=0.000000
   risk 1: beta[79]=0.000000
   risk 1: beta[80]=0.000000
