0.000000 0.489362 0.500000
1.000000 0.648298 0.651458
2.000000 0.667872 0.684062
3.000000 0.695319 0.739375
4.000000 0.694574 0.731771
5.000000 0.718617 0.752812
6.000000 0.738723 0.794583
7.000000 0.761277 0.816667
8.000000 0.764468 0.825313
9.000000 0.775851 0.825833
10.000000 0.770638 0.837917
11.000000 0.765319 0.839375
12.000000 0.767766 0.844792
13.000000 0.766809 0.841563
14.000000 0.758936 0.847708
15.000000 0.764255 0.848958
16.000000 0.765851 0.855208
17.000000 0.751915 0.856042
18.000000 0.757766 0.852083
19.000000 0.737766 0.856875
20.000000 0.735532 0.860833
