active=20: 1 2 3 4 5 6 7 8 9 10 11 12 13 14 15 16 17 18 19 20 
active=19: 1 2 3 4 5 6 7 9 10 11 12 13 14 15 16 17 18 19 20 
active=18: 1 2 3 4 5 6 7 9 10 11 12 14 15 16 17 18 19 20 
active=17: 1 2 3 4 5 6 7 9 10 11 12 14 15 16 17 18 19 
active=16: 1 2 3 4 5 6 7 9 10 11 12 14 15 16 17 18 
active=15: 1 2 3 4 5 7 9 10 11 12 14 15 16 17 18 
active=14: 1 2 3 4 5 7 9 10 11 12 14 15 16 18 
active=13: 1 2 3 4 5 7 9 10 12 14 15 16 18 
active=12: 1 3 4 5 7 9 10 12 14 15 16 18 
active=11: 1 3 4 5 7 9 10 12 14 15 18 
active=10: 1 3 4 7 9 10 12 14 15 18 
active=9: 1 3 7 9 10 12 14 15 18 
active=8: 3 7 9 10 12 14 15 18 
active=7: 3 7 9 10 12 15 18 
active=6: 3 7 9 10 12 15 
active=5: 3 7 9 10 15 
active=4: 3 7 10 15 
active=3: 3 10 15 
active=2: 3 15 
active=1: 3 
