0.000000 0.509500 0.510500
1.000000 0.666300 0.667600
2.000000 0.697100 0.700700
3.000000 0.702200 0.727600
4.000000 0.697700 0.714700
5.000000 0.697100 0.740200
6.000000 0.718500 0.757800
7.000000 0.740300 0.782100
8.000000 0.761600 0.807600
9.000000 0.792500 0.828500
10.000000 0.797300 0.829400
11.000000 0.791600 0.826000
12.000000 0.806700 0.842900
13.000000 0.812900 0.853400
14.000000 0.814000 0.853000
15.000000 0.814000 0.868300
16.000000 0.820900 0.874400
17.000000 0.830700 0.880100
18.000000 0.824700 0.887900
19.000000 0.816700 0.891100
20.000000 0.823500 0.880800
21.000000 0.826200 0.889200
22.000000 0.830600 0.893900
23.000000 0.823500 0.896700
24.000000 0.832800 0.902500
25.000000 0.822600 0.907500
26.000000 0.829000 0.912400
27.000000 0.829400 0.906900
28.000000 0.827900 0.914600
29.000000 0.821800 0.911500
30.000000 0.815500 0.919600
31.000000 0.819600 0.918800
32.000000 0.817700 0.924600
33.000000 0.818000 0.926600
34.000000 0.817000 0.927200
35.000000 0.816900 0.929700
36.000000 0.828200 0.931400
37.000000 0.819400 0.932800
38.000000 0.824900 0.939900
39.000000 0.824100 0.934100
40.000000 0.822500 0.935900
41.000000 0.812900 0.943100
42.000000 0.807900 0.939200
43.000000 0.801100 0.940000
44.000000 0.799200 0.941300
45.000000 0.792800 0.943400
46.000000 0.790900 0.944300
47.000000 0.800900 0.942900
48.000000 0.792100 0.947300
49.000000 0.783700 0.942400
50.000000 0.778700 0.944900
51.000000 0.780700 0.946300
52.000000 0.782100 0.950400
53.000000 0.771300 0.950700
54.000000 0.770200 0.950900
55.000000 0.755700 0.956300
56.000000 0.761700 0.951900
57.000000 0.751200 0.952400
58.000000 0.749400 0.952800
59.000000 0.741200 0.955100
60.000000 0.750900 0.955200
61.000000 0.748400 0.958100
62.000000 0.737000 0.957200
63.000000 0.733200 0.957000
64.000000 0.731400 0.956500
65.000000 0.732300 0.961300
66.000000 0.722500 0.961100
67.000000 0.727600 0.962500
68.000000 0.722600 0.963100
69.000000 0.718900 0.961300
70.000000 0.716300 0.960000
71.000000 0.709500 0.963500
72.000000 0.713500 0.963900
73.000000 0.707700 0.965900
74.000000 0.698300 0.968400
75.000000 0.694200 0.964600
76.000000 0.692300 0.964300
77.000000 0.689800 0.965000
78.000000 0.692000 0.969000
79.000000 0.691000 0.968100
80.000000 0.672800 0.966600
81.000000 0.679300 0.970100
82.000000 0.672500 0.970100
83.000000 0.668700 0.969700
84.000000 0.670000 0.969600
85.000000 0.664100 0.971100
86.000000 0.658700 0.971100
87.000000 0.664900 0.971900
88.000000 0.657500 0.971900
89.000000 0.652700 0.973600
90.000000 0.647100 0.972700
91.000000 0.644300 0.972600
92.000000 0.648500 0.975600
93.000000 0.643200 0.974300
94.000000 0.639100 0.975300
95.000000 0.641900 0.975000
96.000000 0.632000 0.975600
97.000000 0.626900 0.975200
98.000000 0.623500 0.976000
99.000000 0.630300 0.974600
100.000000 0.626300 0.976000
