1 0.016001052632 0.998010508635
2 -0.178646572917 0.923936115800
3 -0.022765432990 1.110933960119
4 0.105129222222 1.034247209139
5 -0.022467284211 0.859712518126
6 -0.091948876289 0.825707853909
7 0.024582372340 1.079526148678
8 0.022563736264 1.028524183092
9 0.031615212766 1.067246065451
10 0.163382494737 0.862380237463
11 0.000280455556 0.949966413287
12 -0.174741781250 1.075198517424
13 -0.057295833333 1.023045153307
14 0.066646106383 0.899387743306
15 0.150653755102 0.979693418594
16 -0.088287071429 1.005483523418
17 0.056093541667 0.996115389593
18 -0.014471257732 0.923240830750
19 -0.127047294737 1.034083002515
20 -0.065015936170 1.124677495925
