active=80: 1 2 3 4 5 6 7 8 9 10 11 12 13 14 15 16 17 18 19 20 21 22 23 24 25 26 27 28 29 30 31 32 33 34 35 36 37 38 39 40 41 42 43 44 45 46 47 48 49 50 51 52 53 54 55 56 57 58 59 60 61 62 63 64 65 66 67 68 69 70 71 72 73 74 75 76 77 78 79 80 
active=79: 1 2 3 4 5 6 7 8 9 10 11 12 13 14 15 16 17 18 19 20 21 22 23 24 25 26 27 28 29 30 31 32 33 34 35 36 37 38 39 40 41 43 44 45 46 47 48 49 50 51 52 53 54 55 56 57 58 59 60 61 62 63 64 65 66 67 68 69 70 71 72 73 74 75 76 77 78 79 80 
active=78: 1 2 3 4 5 6 7 8 9 10 11 12 13 14 15 17 18 19 20 21 22 23 24 25 26 27 28 29 30 31 32 33 34 35 36 37 38 39 40 41 43 44 45 46 47 48 49 50 51 52 53 54 55 56 57 58 59 60 61 62 63 64 65 66 67 68 69 70 71 72 73 74 75 76 77 78 79 80 
active=77: 1 2 3 4 5 6 7 8 9 10 11 12 13 14 15 17 18 19 20 21 23 24 25 26 27 28 29 30 31 32 33 34 35 36 37 38 39 40 41 43 44 45 46 47 48 49 50 51 52 53 54 55 56 57 58 59 60 61 62 63 64 65 66 67 68 69 70 71 72 73 74 75 76 77 78 79 80 
active=76: 1 2 3 4 5 6 7 8 9 10 11 12 13 14 15 17 18 19 20 21 23 24 25 26 27 28 29 30 31 32 33 34 36 37 38 39 40 41 43 44 45 46 47 48 49 50 51 52 53 54 55 56 57 58 59 60 61 62 63 64 65 66 67 68 69 70 71 72 73 74 75 76 77 78 79 80 
active=75: 1 2 3 4 5 6 7 8 9 10 11 12 13 14 15 17 18 19 20 21 23 24 25 26 27 28 29 30 31 32 33 34 36 37 38 39 40 41 43 44 45 46 47 48 49 50 51 52 53 54 55 56 57 58 59 60 61 62 63 64 65 66 67 68 69 70 71 72 73 74 75 76 77 78 80 
active=74: 1 2 3 4 5 6 7 8 9 10 11 12 13 14 15 17 18 19 20 21 23 24 25 26 27 28 29 30 31 32 33 34 36 37 38 39 40 41 43 44 45 46 47 48 49 50 51 52 53 54 55 56 57 58 59 60 61 63 64 65 66 67 68 69 70 71 72 73 74 75 76 77 78 80 
active=73: 1 2 3 4 5 6 7 8 9 10 11 12 13 14 15 17 18 19 20 21 23 24 25 26 27 28 29 30 31 32 33 34 36 37 38 39 40 41 43 44 45 46 47 48 49 50 51 52 53 54 55 56 57 58 59 60 61 63 64 65 66 67 68 69 70 71 73 74 75 76 77 78 80 
active=72: 1 2 3 4 5 6 8 9 10 11 12 13 14 15 17 18 19 20 21 23 24 25 26 27 28 29 30 31 32 33 34 36 37 38 39 40 41 43 44 45 46 47 48 49 50 51 52 53 54 55 56 57 58 59 60 61 63 64 65 66 67 68 69 70 71 73 74 75 76 77 78 80 
active=71: 1 2 3 4 5 6 8 9 10 11 12 13 14 15 17 18 19 20 21 23 24 25 26 27 28 29 30 31 32 33 34 36 37 38 39 40 41 43 44 45 46 47 48 50 51 52 53 54 55 56 57 58 59 60 61 63 64 65 66 67 68 69 70 71 73 74 75 76 77 78 80 
active=70: 1 2 3 4 5 6 8 9 10 11 12 13 14 15 17 18 19 20 21 23 24 25 26 27 28 29 30 31 32 33 34 36 37 38 39 40 41 43 44 45 46 47 48 50 51 52 53 54 55 56 57 58 59 60 61 63 64 65 66 67 68 69 70 73 74 75 76 77 78 80 
active=69: 1 2 3 4 5 6 8 9 10 11 12 13 14 15 17 18 19 20 21 23 24 25 26 27 28 29 30 31 32 33 34 36 37 38 39 40 41 43 44 45 46 47 48 50 51 52 53 54 55 56 57 58 59 60 61 63 64 65 66 67 68 69 70 74 75 76 77 78 80 
active=68: 1 2 3 5 6 8 9 10 11 12 13 14 15 17 18 19 20 21 23 24 25 26 27 28 29 30 31 32 33 34 36 37 38 39 40 41 43 44 45 46 47 48 50 51 52 53 54 55 56 57 58 59 60 61 63 64 65 66 67 68 69 70 74 75 76 77 78 80 
active=67: 1 2 3 5 6 8 9 10 11 12 13 14 15 17 18 19 20 21 23 24 25 26 27 28 29 30 31 32 33 34 36 37 38 39 40 41 43 44 45 46 47 50 51 52 53 54 55 56 57 58 59 60 61 63 64 65 66 67 68 69 70 74 75 76 77 78 80 
active=66: 1 2 3 5 6 8 9 10 11 12 13 14 15 17 18 19 20 21 23 24 25 26 27 28 29 30 31 32 34 36 37 38 39 40 41 43 44 45 46 47 50 51 52 53 54 55 56 57 58 59 60 61 63 64 65 66 67 68 69 70 74 75 76 77 78 80 
active=65: 1 2 3 5 6 8 9 11 12 13 14 15 17 18 19 20 21 23 24 25 26 27 28 29 30 31 32 34 36 37 38 39 40 41 43 44 45 46 47 50 51 52 53 54 55 56 57 58 59 60 61 63 64 65 66 67 68 69 70 74 75 76 77 78 80 
active=64: 1 3 5 6 8 9 11 12 13 14 15 17 18 19 20 21 23 24 25 26 27 28 29 30 31 32 34 36 37 38 39 40 41 43 44 45 46 47 50 51 52 53 54 55 56 57 58 59 60 61 63 64 65 66 67 68 69 70 74 75 76 77 78 80 
active=63: 1 3 5 6 8 9 11 12 13 14 15 17 18 19 20 21 23 24 25 26 27 28 29 30 31 32 34 36 37 38 39 40 41 43 44 45 46 47 50 51 52 53 54 55 56 57 58 59 60 61 63 64 65 66 67 68 69 70 74 75 76 77 78 
active=62: 1 3 5 6 8 9 11 12 13 14 15 17 18 19 20 21 23 24 25 26 27 28 29 30 31 32 34 37 38 39 40 41 43 44 45 46 47 50 51 52 53 54 55 56 57 58 59 60 61 63 64 65 66 67 68 69 70 74 75 76 77 78 
active=61: 1 3 5 6 8 9 11 12 13 14 15 17 18 19 21 23 24 25 26 27 28 29 30 31 32 34 37 38 39 40 41 43 44 45 46 47 50 51 52 53 54 55 56 57 58 59 60 61 63 64 65 66 67 68 69 70 74 75 76 77 78 
active=60: 1 3 5 6 8 9 11 12 13 14 17 18 19 21 23 24 25 26 27 28 29 30 31 32 34 37 38 39 40 41 43 44 45 46 47 50 51 52 53 54 55 56 57 58 59 60 61 63 64 65 66 67 68 69 70 74 75 76 77 78 
active=59: 1 3 5 6 8 9 11 12 13 14 17 18 19 21 23 25 26 27 28 29 30 31 32 34 37 38 39 40 41 43 44 45 46 47 50 51 52 53 54 55 56 57 58 59 60 61 63 64 65 66 67 68 69 70 74 75 76 77 78 
active=58: 1 3 5 6 8 9 11 12 13 14 17 18 19 21 23 25 26 27 28 29 30 31 32 34 37 38 39 40 41 43 44 46 47 50 51 52 53 54 55 56 57 58 59 60 61 63 64 65 66 67 68 69 70 74 75 76 77 78 
active=57: 1 3 5 6 8 9 11 12 13 14 17 18 19 21 23 25 26 27 28 29 30 31 32 34 37 38 39 40 41 43 44 46 47 50 51 52 53 54 55 56 57 58 59 60 61 63 64 65 67 68 69 70 74 75 76 77 78 
active=56: 1 3 5 6 8 9 11 12 13 14 17 18 19 21 23 25 26 27 28 29 30 31 32 34 37 38 39 40 41 43 44 46 47 50 51 52 53 54 55 56 57 58 59 60 61 63 64 65 67 68 69 70 74 76 77 78 
active=55: 1 3 5 6 8 9 11 12 13 14 17 18 19 21 23 25 26 28 29 30 31 32 34 37 38 39 40 41 43 44 46 47 50 51 52 53 54 55 56 57 58 59 60 61 63 64 65 67 68 69 70 74 76 77 78 
active=54: 1 3 5 6 8 9 11 12 13 14 17 18 19 21 23 25 26 28 29 30 32 34 37 38 39 40 41 43 44 46 47 50 51 52 53 54 55 56 57 58 59 60 61 63 64 65 67 68 69 70 74 76 77 78 
active=53: 1 3 5 6 8 9 11 12 13 14 17 18 19 21 23 25 26 28 29 30 32 34 37 38 39 40 41 43 44 46 47 50 51 52 53 54 55 56 57 58 59 60 61 63 64 65 67 68 69 74 76 77 78 
active=52: 1 3 5 6 8 9 11 12 13 14 17 18 19 21 23 25 26 28 29 30 32 34 37 38 39 41 43 44 46 47 50 51 52 53 54 55 56 57 58 59 60 61 63 64 65 67 68 69 74 76 77 78 
active=51: 1 3 5 6 8 9 11 12 13 14 17 18 19 21 23 25 26 28 29 30 32 34 37 38 39 41 43 44 46 47 50 51 53 54 55 56 57 58 59 60 61 63 64 65 67 68 69 74 76 77 78 
active=50: 1 3 5 6 8 9 11 12 13 14 17 18 19 21 23 25 26 28 29 30 32 34 37 38 39 41 43 44 46 47 50 51 53 55 56 57 58 59 60 61 63 64 65 67 68 69 74 76 77 78 
active=49: 1 3 5 6 8 9 11 12 13 14 17 18 19 23 25 26 28 29 30 32 34 37 38 39 41 43 44 46 47 50 51 53 55 56 57 58 59 60 61 63 64 65 67 68 69 74 76 77 78 
active=48: 1 3 5 6 8 9 11 12 13 14 17 18 19 23 25 26 28 29 30 32 34 37 38 39 41 43 44 46 47 50 51 53 55 56 57 58 60 61 63 64 65 67 68 69 74 76 77 78 
active=47: 1 3 5 6 8 9 11 12 13 14 17 18 19 23 25 26 28 29 30 32 34 37 38 39 41 43 44 46 47 50 53 55 56 57 58 60 61 63 64 65 67 68 69 74 76 77 78 
active=46: 1 3 5 6 8 9 11 12 13 14 17 18 19 23 25 26 28 29 30 32 34 37 38 39 41 43 46 47 50 53 55 56 57 58 60 61 63 64 65 67 68 69 74 76 77 78 
active=45: 1 3 5 6 8 9 11 12 13 14 17 18 19 23 25 26 28 29 30 32 34 37 38 39 41 43 46 47 50 53 55 56 57 58 60 61 63 64 65 67 68 69 76 77 78 
active=44: 1 3 5 6 8 9 11 12 13 14 17 18 19 23 25 26 28 29 30 32 34 37 38 39 41 43 46 47 50 53 55 56 57 58 60 61 63 65 67 68 69 76 77 78 
active=43: 1 3 5 6 8 9 11 12 13 14 17 18 19 23 25 26 28 29 30 32 34 37 38 39 41 43 46 47 50 53 55 56 57 58 60 61 63 65 67 69 76 77 78 
active=42: 1 3 5 6 8 9 11 12 13 14 17 18 19 23 25 26 28 29 30 32 34 37 38 39 41 43 46 47 50 55 56 57 58 60 61 63 65 67 69 76 77 78 
active=41: 1 3 5 6 8 9 11 12 13 14 17 18 19 23 25 26 29 30 32 34 37 38 39 41 43 46 47 50 55 56 57 58 60 61 63 65 67 69 76 77 78 
active=40: 1 3 5 6 8 9 11 12 13 14 18 19 23 25 26 29 30 32 34 37 38 39 41 43 46 47 50 55 56 57 58 60 61 63 65 67 69 76 77 78 
active=39: 1 3 5 6 8 9 11 12 13 14 18 19 23 25 26 29 30 32 34 37 38 39 41 43 46 47 50 55 56 57 60 61 63 65 67 69 76 77 78 
active=38: 1 3 6 8 9 11 12 13 14 18 19 23 25 26 29 30 32 34 37 38 39 41 43 46 47 50 55 56 57 60 61 63 65 67 69 76 77 78 
active=37: 1 3 6 8 9 11 12 13 14 18 19 23 25 26 29 30 32 34 37 38 39 41 43 46 47 50 55 56 60 61 63 65 67 69 76 77 78 
active=36: 1 3 6 8 9 11 12 13 14 18 19 23 25 26 29 30 32 34 37 38 39 41 43 46 47 50 56 60 61 63 65 67 69 76 77 78 
active=35: 1 3 6 8 9 11 12 14 18 19 23 25 26 29 30 32 34 37 38 39 41 43 46 47 50 56 60 61 63 65 67 69 76 77 78 
active=34: 1 3 6 8 9 11 12 14 18 19 23 25 26 29 30 32 34 37 38 41 43 46 47 50 56 60 61 63 65 67 69 76 77 78 
active=33: 1 3 6 8 9 11 12 14 19 23 25 26 29 30 32 34 37 38 41 43 46 47 50 56 60 61 63 65 67 69 76 77 78 
active=32: 1 3 6 8 9 11 12 14 19 23 25 26 29 30 32 34 37 38 41 43 46 47 50 56 60 61 63 65 67 69 76 77 
active=31: 1 3 6 8 9 11 12 19 23 25 26 29 30 32 34 37 38 41 43 46 47 50 56 60 61 63 65 67 69 76 77 
active=30: 1 6 8 9 11 12 19 23 25 26 29 30 32 34 37 38 41 43 46 47 50 56 60 61 63 65 67 69 76 77 
active=29: 1 6 8 11 12 19 23 25 26 29 30 32 34 37 38 41 43 46 47 50 56 60 61 63 65 67 69 76 77 
active=28: 1 6 8 11 12 19 23 25 26 29 30 32 34 37 41 43 46 47 50 56 60 61 63 65 67 69 76 77 
active=27: 1 6 8 11 12 23 25 26 29 30 32 34 37 41 43 46 47 50 56 60 61 63 65 67 69 76 77 
active=26: 6 8 11 12 23 25 26 29 30 32 34 37 41 43 46 47 50 56 60 61 63 65 67 69 76 77 
active=25: 6 8 11 12 25 26 29 30 32 34 37 41 43 46 47 50 56 60 61 63 65 67 69 76 77 
active=24: 6 8 11 25 26 29 30 32 34 37 41 43 46 47 50 56 60 61 63 65 67 69 76 77 
active=23: 6 8 11 25 26 29 30 32 34 37 41 43 46 47 56 60 61 63 65 67 69 76 77 
active=22: 6 8 11 25 26 29 30 32 34 37 41 43 46 47 56 60 61 63 65 67 69 76 
active=21: 6 8 11 25 26 29 30 32 34 37 41 46 47 56 60 61 63 65 67 69 76 
active=20: 6 8 11 25 26 30 32 34 37 41 46 47 56 60 61 63 65 67 69 76 
active=19: 6 8 11 25 26 30 32 34 37 41 46 47 60 61 63 65 67 69 76 
active=18: 6 11 25 26 30 32 34 37 41 46 47 60 61 63 65 67 69 76 
active=17: 6 11 25 26 30 32 34 37 41 47 60 61 63 65 67 69 76 
active=16: 6 11 25 26 30 32 34 37 47 60 61 63 65 67 69 76 
active=15: 6 11 25 26 30 32 34 37 47 60 61 63 65 69 76 
active=14: 6 11 25 26 30 32 34 37 47 60 61 63 65 69 
active=13: 6 11 25 30 32 34 37 47 60 61 63 65 69 
active=12: 11 25 30 32 34 37 47 60 61 63 65 69 
active=11: 11 25 30 32 34 37 60 61 63 65 69 
active=10: 11 25 30 32 34 60 61 63 65 69 
active=9: 11 25 30 32 34 60 61 63 69 
active=8: 25 30 32 34 60 61 63 69 
active=7: 25 30 32 34 60 61 63 
active=6: 25 30 32 60 61 63 
active=5: 25 32 60 61 63 
active=4: 25 32 61 63 
active=3: 25 32 61 
active=2: 25 61 
active=1: 25 
