0.000000 0.500000
1.000000 0.592500
2.000000 0.621100
3.000000 0.646900
4.000000 0.660100
5.000000 0.690400
6.000000 0.706200
7.000000 0.708600
8.000000 0.714300
9.000000 0.705000
10.000000 0.702400
11.000000 0.702700
12.000000 0.714200
13.000000 0.713600
14.000000 0.725000
15.000000 0.730400
16.000000 0.716300
17.000000 0.718700
18.000000 0.715200
19.000000 0.719300
20.000000 0.741200
21.000000 0.735000
22.000000 0.741700
23.000000 0.734300
24.000000 0.738300
25.000000 0.759800
26.000000 0.749500
27.000000 0.745200
28.000000 0.743500
29.000000 0.733000
30.000000 0.713800
31.000000 0.708700
32.000000 0.695300
33.000000 0.708000
34.000000 0.705900
35.000000 0.702200
36.000000 0.695800
37.000000 0.691200
38.000000 0.681800
39.000000 0.682000
40.000000 0.673400
41.000000 0.668900
42.000000 0.670300
43.000000 0.674800
44.000000 0.663200
45.000000 0.655300
46.000000 0.653100
47.000000 0.649000
48.000000 0.658300
49.000000 0.645800
50.000000 0.635800
51.000000 0.639100
52.000000 0.630600
53.000000 0.632300
54.000000 0.624600
55.000000 0.614700
56.000000 0.616300
57.000000 0.612800
58.000000 0.602400
59.000000 0.606700
60.000000 0.600600
61.000000 0.588200
62.000000 0.597600
63.000000 0.587200
64.000000 0.583600
65.000000 0.587900
66.000000 0.577700
67.000000 0.572600
68.000000 0.572900
69.000000 0.571300
70.000000 0.560900
71.000000 0.565100
72.000000 0.563300
73.000000 0.549600
74.000000 0.551100
75.000000 0.546600
76.000000 0.547200
77.000000 0.547500
78.000000 0.544300
79.000000 0.532800
80.000000 0.536300
