0.000000 0.500000
1.000000 0.593400
2.000000 0.649900
3.000000 0.687300
4.000000 0.701800
5.000000 0.729200
6.000000 0.761600
7.000000 0.754500
8.000000 0.773500
9.000000 0.767100
10.000000 0.770200
11.000000 0.778000
12.000000 0.798500
13.000000 0.806300
14.000000 0.824000
15.000000 0.821800
16.000000 0.822000
17.000000 0.826300
18.000000 0.832600
19.000000 0.853600
20.000000 0.856000
21.000000 0.861000
22.000000 0.873200
23.000000 0.873900
24.000000 0.881700
25.000000 0.891400
26.000000 0.891300
27.000000 0.891900
28.000000 0.889000
29.000000 0.893800
30.000000 0.885100
31.000000 0.889100
32.000000 0.879200
33.000000 0.889000
34.000000 0.898800
35.000000 0.897200
36.000000 0.902700
37.000000 0.906500
38.000000 0.906600
39.000000 0.904000
40.000000 0.907400
41.000000 0.910900
42.000000 0.908400
43.000000 0.915600
44.000000 0.912600
45.000000 0.917600
46.000000 0.917700
47.000000 0.922300
48.000000 0.924300
49.000000 0.925700
50.000000 0.929800
51.000000 0.933600
52.000000 0.933100
53.000000 0.930900
54.000000 0.932600
55.000000 0.933900
56.000000 0.939400
57.000000 0.940500
58.000000 0.946000
59.000000 0.946300
60.000000 0.941100
61.000000 0.950500
62.000000 0.950000
63.000000 0.950000
64.000000 0.952200
65.000000 0.956400
66.000000 0.953100
67.000000 0.956500
68.000000 0.956100
69.000000 0.956700
70.000000 0.961000
71.000000 0.960200
72.000000 0.963300
73.000000 0.964500
74.000000 0.960900
75.000000 0.964900
76.000000 0.964400
77.000000 0.963500
78.000000 0.963800
79.000000 0.964700
80.000000 0.968600
