N=200
P=20
R=2
1 0.319672 -1.052474 0.117794 -0.247818 -0.359781 1.090909 1.391015 0.539155 0.397195 1.632866 1.290196 -0.708733 0.687599 -0.369981 0.711728 0.846978 NA 0.744231 0.044057 1.002623 3.384197 0.000000
2 1.664500 0.890427 -0.559016 0.286056 -1.498252 1.515651 0.275776 -1.069450 -0.072792 1.430751 -0.062619 -0.552054 -0.843469 -1.342400 -0.051990 0.129771 -1.861869 0.183970 0.982667 -1.410560 4.308143 0.000000
3 -0.166947 0.294036 -1.309935 -0.241589 -2.788772 0.602109 -1.136855 -1.058416 1.288046 -0.033671 0.039621 -0.121418 0.444063 0.736141 -1.108420 -1.697520 1.996314 -0.391033 0.750609 0.429392 6.510257 1.000000
4 0.319522 -0.697039 0.449612 0.920882 0.672347 -0.037217 -0.842194 0.770557 -1.151188 0.572801 -0.006941 -1.077193 0.366261 -0.549782 0.749337 -0.744430 0.748658 -1.122426 -0.325748 1.186201 1.568133 1.000000
5 0.777311 -0.234623 -0.140473 -1.630906 1.608956 1.269675 -1.791841 0.629943 0.592865 0.325577 -1.944272 NA 0.093892 -2.379744 -0.502113 1.443108 -1.525271 -1.580376 2.223853 0.432399 11.777209 0.000000
6 1.600333 0.766875 -1.533340 -1.792617 -1.588160 1.615790 -1.902836 0.559447 -1.337388 0.370264 -1.196082 -1.058472 1.639120 -0.148000 1.210666 1.231646 -1.236574 1.465134 0.701255 0.619852 4.130826 0.000000
7 1.769941 -0.306728 -0.854759 -1.353346 -1.066628 -0.447774 -0.685387 -1.152428 0.882658 0.825238 -0.423313 -0.013429 0.459715 0.603040 1.187101 -2.718491 1.383958 -0.206565 -1.619695 -0.342162 0.333468 1.000000
8 -0.025892 1.291552 0.181396 0.437597 -0.565210 -0.841025 0.019516 0.569413 1.244069 -2.760942 -2.030849 1.435118 0.941807 1.985988 1.474581 0.799292 -1.580401 1.227982 NA -0.155324 0.359409 1.000000
9 -0.051151 1.306367 -1.080044 -1.322907 0.262332 -0.465725 0.399694 0.165833 0.539405 0.320979 0.192424 -0.127376 1.609400 0.977635 0.713581 NA -1.468918 0.052245 0.726294 -0.188146 0.023930 1.000000
10 1.049650 -0.314824 -0.703515 0.641722 -0.553672 0.841867 0.268488 0.354314 0.241799 1.634854 0.529198 0.490111 NA -1.020013 -0.259034 1.233229 -1.945496 0.186012 -0.779414 0.460646 1.766951 0.000000
11 -1.257790 1.022418 -2.015545 -1.010968 -0.380282 -0.285667 -0.836851 0.918480 0.844970 1.680003 0.744162 0.524166 0.381273 -0.896968 0.531621 0.981257 0.782084 0.804093 0.278454 0.517997 11.251607 0.000000
12 0.643030 0.474937 -1.306419 2.091229 -0.120963 0.452206 -0.400184 NA 1.172093 0.338380 -2.023032 0.072276 -0.866333 0.075877 0.558628 0.770662 -1.024373 0.845702 0.504370 0.211357 5.538130 0.000000
13 -0.181030 1.166929 -0.595572 0.473640 1.524445 -0.132503 -0.850001 1.740575 -0.017243 -1.050626 NA 1.057153 NA -0.862425 NA 0.348203 0.866212 -1.116293 0.346695 -0.357383 0.041551 1.000000
14 -0.580866 -1.784941 0.707577 -0.464827 0.689027 -1.217392 -0.156445 -0.279674 0.716109 1.115921 0.023195 0.400037 -1.116666 1.959057 -0.055609 -0.973174 NA -0.609183 NA 0.344045 3.150190 1.000000
15 0.327198 NA 0.621087 0.333873 0.380255 0.748302 -0.264549 0.221997 NA -1.123752 -1.223018 -0.915273 -1.663037 -0.299441 -1.253117 0.920376 0.850678 -0.219110 -0.178093 -1.211759 3.426496 1.000000
16 0.198250 0.023099 -0.223557 -0.978356 0.093993 0.496455 -0.435453 1.986149 -0.418801 -0.942003 -1.380394 -0.291616 0.348034 0.002530 0.681935 0.579317 -1.354573 -0.467481 -0.509666 -0.217280 5.278389 0.000000
17 1.365444 1.557074 0.981102 0.223564 -0.107582 1.056339 1.056008 -0.561265 -0.026905 -0.180203 0.742720 -1.204614 0.496606 1.439639 0.006814 0.723986 1.577732 -0.329776 NA 1.376677 0.393012 1.000000
18 0.020013 -0.079850 -2.808958 -1.601354 -0.693856 0.235926 -0.418321 -0.315296 -1.120898 1.670586 0.761961 NA -1.313504 -0.114826 0.261181 0.317329 0.072832 0.538523 0.292019 2.179605 10.132638 0.000000
19 -0.250559 -0.709118 -0.938216 -0.849770 -0.034970 -2.201938 -0.426183 -0.091701 -0.015378 0.262546 0.611689 0.200728 -1.932794 -0.480865 0.154845 -0.106243 -0.091978 1.630842 -1.194521 -0.194433 9.655548 1.000000
20 0.887222 1.369563 -1.357937 1.830773 -0.259879 0.563256 0.373876 -0.062746 0.517462 -0.122518 -1.039471 -1.018595 0.242148 0.107004 1.595142 -0.694624 -1.814120 -0.383094 -0.659876 1.282245 0.322142 1.000000
21 -0.622549 -1.800773 -2.087075 -0.480078 -0.217979 0.127988 0.833410 -0.015112 0.239545 1.525693 0.566361 0.266774 -1.758205 -1.021251 -0.984791 0.104078 -2.897096 1.394185 -0.685442 0.232897 8.104343 0.000000
22 0.179658 -0.548207 -1.181393 0.520431 -0.208438 -0.245722 -0.655122 -0.410475 0.537899 0.696164 -0.493995 -1.382666 -0.967884 -0.373680 NA -0.817772 0.348920 -1.334517 -1.700804 -0.844608 4.348893 0.000000
23 -0.965994 1.273053 1.931414 NA 0.864244 -0.232240 0.215847 -0.640281 -0.103809 0.685937 -0.662270 0.170699 0.790751 0.386123 -0.015064 0.427803 1.019059 -1.262339 -0.197373 -0.752470 1.503399 1.000000
24 -0.538253 0.283623 0.017150 0.333065 -1.398001 0.759106 1.832455 0.657447 -1.689981 NA -1.672447 0.447612 2.013759 -0.005372 0.821943 1.752483 1.707800 -0.313866 -0.926307 1.376038 9.505213 0.000000
25 -0.638500 0.952749 0.664418 -1.683233 0.450093 0.357762 NA 0.161158 1.394846 0.777737 -0.012561 0.070812 -1.401010 1.104282 -0.456005 1.714289 1.216272 -0.308490 0.289323 NA 1.688414 0.000000
26 1.213929 -0.386132 -0.065153 0.021389 1.023436 -1.647176 -1.309284 -0.555833 NA 0.289138 1.430008 -0.050592 0.885316 -1.299647 -0.966184 -1.617522 0.453108 0.080055 NA 0.189599 0.385449 1.000000
27 -1.369764 -0.303426 -0.357046 -0.854387 0.921309 NA 0.281676 0.209587 1.515286 -1.895896 0.251180 1.470541 -0.700031 -0.280217 1.452807 1.945495 -0.581683 -0.689427 -0.453091 0.528092 2.505885 1.000000
28 0.514737 -1.429664 -1.068427 -0.148413 0.134341 0.571591 NA -0.305388 -0.130709 0.427655 0.775358 -0.581942 0.951547 0.542950 -0.229234 -1.088198 -0.026398 -0.347674 0.889932 -0.979993 3.658684 0.000000
29 1.229233 0.100528 1.222429 -0.855068 0.810536 -0.164656 -0.157062 -0.218431 -0.390687 2.769475 1.308479 0.078838 0.222892 -1.728086 0.499404 -1.376048 -0.786446 1.319764 2.015957 0.155611 4.661236 0.000000
30 0.950492 1.370283 0.162474 -0.288536 -1.153809 -0.613657 0.515171 0.071932 0.842543 1.351480 1.178050 1.209153 -0.191497 0.786105 -0.163233 -0.484855 -0.410857 NA 1.088574 -1.145013 0.268435 1.000000
31 1.991028 -0.853745 1.987590 -0.457168 NA 0.026222 0.164274 -1.575332 NA -1.649576 2.055035 0.227099 1.102350 0.610497 -0.839150 -0.841374 -0.670900 0.209883 -0.229631 -0.019908 0.032646 1.000000
32 -0.222688 NA -1.183903 -1.194580 -1.057633 0.460088 -0.975513 -0.111826 0.901544 -0.114947 0.105082 -1.440551 -1.026102 0.820189 -0.426745 -0.467989 0.817829 -1.557538 0.124391 1.281342 1.689489 1.000000
33 0.161378 NA 0.473370 1.044732 -0.239877 -0.367937 -0.781776 2.005417 -0.772384 -0.634391 -1.265676 NA 0.307153 -1.472803 0.486632 0.066539 0.431687 1.743362 -0.394081 0.362355 6.473000 0.000000
34 0.270112 -2.432823 0.392054 -1.342798 NA -0.211249 -2.267735 1.545339 0.252037 -0.083077 0.118187 1.435476 -1.322983 0.068531 0.921157 0.800468 -1.313864 0.130827 -3.324376 0.662522 2.211778 1.000000
35 1.110017 -1.195688 -0.040020 -0.682746 NA 0.273326 -1.062094 -1.117803 -1.358226 0.744535 -0.081210 NA 0.441094 -1.737344 1.448172 1.413983 0.352582 -0.121624 -1.024216 -0.711286 1.181327 0.000000
36 0.286498 0.645603 -0.248527 1.057945 NA -0.868159 0.895200 -0.175773 -2.231103 0.016677 -2.481400 1.548400 0.005499 -0.459483 0.415033 0.136130 -0.557497 0.196866 0.231384 -0.511044 0.269473 1.000000
37 NA NA -0.241559 -1.914139 -1.042509 1.453052 0.208765 0.619824 -0.099073 0.068103 0.129395 NA 0.606882 -0.885414 -0.283116 -0.429679 -0.398042 1.558794 0.279310 -0.155269 10.245741 0.000000
38 1.257851 0.475581 -0.804798 0.675505 0.598133 1.803495 -0.335259 1.122204 -1.545249 0.263749 1.135070 -0.206924 0.218472 0.260153 -0.784074 1.050919 1.125455 -0.551165 1.111099 0.399020 5.315954 0.000000
39 0.236027 0.307455 1.303423 -1.108048 -0.782424 -0.465334 0.655342 0.602086 NA 0.196316 -1.277437 0.443620 -0.000883 -0.169304 -0.681758 -0.377654 -1.283735 1.460055 2.068792 0.044706 5.206256 0.000000
40 -0.129354 NA 0.254209 NA 0.819377 -2.335064 -0.013728 0.142980 0.792515 0.770899 -1.467241 0.161164 0.502442 0.840209 0.795417 0.867189 -0.212100 -0.737298 -1.195235 -0.536542 0.727779 1.000000
41 0.172504 -0.332830 -0.544100 0.707688 0.102221 1.225680 -1.592615 -0.833337 1.616691 0.348927 NA 0.101783 0.330370 -0.609588 -0.715127 1.089553 0.276535 -0.161042 0.285261 0.310614 4.269143 1.000000
42 1.470260 1.218925 0.190441 -0.407058 1.579473 1.481002 NA 2.338412 0.176468 1.570569 1.206156 -0.126831 0.824468 -0.176800 0.313762 -1.157947 -1.619924 NA 0.050411 0.077105 0.213977 1.000000
43 0.195176 -1.421289 -1.279305 -0.001214 0.175706 -0.274393 0.270446 -1.237910 -0.148829 -0.290290 -1.904328 0.459121 -0.307902 0.775020 -1.879122 1.156304 0.729573 NA 0.492713 -0.215114 7.712983 0.000000
44 -0.348226 -1.077583 1.039216 0.449152 -1.293429 -0.370643 1.583963 -0.313580 -0.488695 -0.900212 0.085270 0.534368 1.115409 0.481600 -0.412402 -0.294057 -1.504142 -0.146004 -0.322270 0.320949 0.779848 1.000000
45 -0.113664 NA 0.527615 -2.406744 0.622687 -1.940120 -0.008085 1.010057 -1.824217 0.190788 0.403155 -0.437950 -1.925560 -1.387863 -0.900376 -1.242564 0.548592 -2.115565 1.849744 -0.244229 1.314583 0.000000
46 -0.236501 -0.663756 -2.332598 -0.679931 0.909073 -1.047573 0.060204 -0.629133 -0.500381 1.788572 0.217117 -0.446491 -0.356339 1.333502 -0.890595 -0.132130 0.819145 -1.138619 -0.209216 0.215814 2.682148 0.000000
47 -0.296968 -0.002743 -0.788940 1.214152 -0.110564 -0.463641 0.033235 0.648451 -1.409285 -0.658328 -0.443460 -0.390094 NA -1.570932 0.445130 -0.701371 1.453357 -1.064552 -1.601944 0.189438 2.979611 1.000000
48 -0.105083 -0.815333 -0.462677 -0.036015 -1.136487 -0.410309 0.538430 0.217488 -0.477964 NA -1.871417 -1.209510 0.490681 -1.253749 NA -0.759821 -0.433029 -0.130121 0.254083 1.374080 5.863344 0.000000
49 -1.418062 NA -0.517792 0.573223 -0.077448 -0.660304 -0.144677 -0.714824 0.467599 2.297108 -1.156470 0.211145 -0.273188 -1.176666 0.970166 0.417348 -0.754525 -1.757733 0.440975 -0.355883 4.582120 0.000000
50 -0.586988 1.116026 1.035801 0.248935 0.324243 0.213969 -0.626093 -0.220472 -0.458734 0.436922 1.400564 -0.251872 1.279477 0.633023 -1.066221 0.454782 1.284269 0.782073 -1.973989 0.477320 0.031250 1.000000
51 1.388668 0.094684 -0.707458 -0.362279 -0.150813 -1.305696 -0.484473 1.448623 -1.291597 0.914070 -0.629392 0.708046 -0.319931 0.296291 -0.828560 0.836010 -1.004710 -0.527820 1.563241 0.516459 3.622755 1.000000
52 0.170422 0.240442 -0.102686 -0.645560 1.562308 -0.058202 0.091836 1.872771 1.079590 -1.250634 1.699970 NA -1.364900 0.269499 -1.446834 0.823443 0.458683 -1.224900 0.765645 0.367014 7.156340 1.000000
53 -0.770782 -0.619306 1.153931 0.157196 0.055408 0.615371 -0.090809 -2.364056 1.089977 -0.561755 0.245168 0.677855 -0.848448 -0.354210 0.424122 -0.391035 -1.113797 0.650354 -0.026435 -1.170408 0.765012 1.000000
54 0.142016 0.105898 -0.153521 0.600554 -0.038877 -2.317989 NA -1.666637 1.158489 0.275976 -0.184341 1.779022 -0.327616 -0.361292 -0.111962 -1.428607 -0.640809 -0.374832 -0.501715 -2.036023 0.028846 1.000000
55 0.409493 -0.696268 0.434834 0.615958 -0.273684 -0.300337 1.333991 -0.246120 -0.135063 1.035666 -0.174608 -0.657997 -0.030289 1.133698 -0.405631 -0.778190 -0.718264 -0.407942 -0.559550 -0.844742 0.338797 1.000000
56 -0.794327 -0.121307 -0.179790 -0.565073 -0.791267 -0.896210 0.684710 -0.675656 0.986424 -0.013767 -0.359357 -0.976576 NA 0.155414 -0.184270 -0.046138 -0.849390 0.559121 1.853204 NA 5.035667 0.000000
57 -0.284819 -0.370686 0.269039 0.708413 0.417438 0.198661 -0.275498 -0.974546 -0.671213 0.414747 -0.325978 -1.103374 0.198944 -2.067765 0.815225 -1.958247 -0.347001 0.288757 -0.024182 -0.156725 1.196427 1.000000
58 0.943327 0.274485 -0.144334 -0.482063 -0.775283 -0.495559 -1.194574 -0.820151 -0.519686 -2.060510 NA 0.068373 0.198265 -0.700335 -0.489273 -0.654115 1.188106 0.826864 0.749138 1.405066 1.377422 1.000000
59 0.702546 -1.140784 -0.879864 NA -0.333311 1.162369 -1.591548 0.379090 -1.778859 1.597175 -1.886799 -1.572604 1.918673 -0.674266 NA -0.504396 -1.102282 0.465581 -0.774082 0.368568 4.738254 0.000000
60 -0.959074 0.430322 -1.724821 -0.854206 -1.023797 0.539550 -0.765727 -0.508938 0.554926 -1.170127 -2.066557 0.400295 -1.809220 0.483750 0.376838 -0.328242 0.755421 -0.052722 -0.265197 -0.351480 10.662882 0.000000
61 -1.227603 1.710978 0.407107 -2.377473 1.325742 -2.053031 -0.136162 2.048785 0.331874 -1.188801 0.162019 -0.290489 -0.767572 NA -0.003900 0.143987 0.715413 2.259712 -1.043184 -0.541685 0.262346 1.000000
62 -1.507399 0.514966 2.193777 -0.418885 -0.207152 -0.350949 1.164231 -0.657405 0.674951 -0.872864 -0.089842 -1.428261 -1.336638 -1.154577 0.428641 -1.036747 -1.674538 -1.138699 -0.893063 0.556466 2.826287 1.000000
63 1.261179 -0.579896 0.434912 0.088449 -1.483409 NA 0.718933 2.291070 0.990742 -0.188957 1.407843 -0.664979 -0.447640 0.109769 0.473695 -0.163415 1.721171 1.779372 0.965120 1.408130 8.352490 0.000000
64 -1.865383 -1.375231 0.099750 1.138957 0.876986 -0.493199 -0.991235 -2.365253 1.399888 1.020567 0.012884 1.201924 -0.662224 -1.795738 1.967589 -1.204375 0.398619 -0.552326 0.385788 -1.128335 0.371681 1.000000
65 -0.569286 -2.466812 1.622770 2.034364 0.671950 1.342163 0.126204 -0.160812 0.381286 -0.488685 1.154370 -1.047490 0.456489 1.189068 -0.992243 -1.892537 -0.209763 -1.090473 0.267843 -1.593530 0.186388 1.000000
66 -0.934669 1.729553 -0.134748 0.892857 -0.230164 -0.108323 1.520744 0.956140 -0.735888 -2.268053 1.202884 -0.673290 1.050850 0.690421 -1.409413 0.563122 0.613700 0.861444 -1.343435 -0.965929 0.142731 1.000000
67 -0.984132 0.266227 2.597901 -0.044556 NA -0.575288 NA -1.540686 -0.154581 -0.685025 2.462492 1.044542 NA 0.672620 0.472397 1.300732 -0.290662 -1.221214 -2.643140 -0.958695 0.001376 1.000000
68 -1.519352 0.636488 -0.188907 -2.374660 0.987780 -1.329499 -0.661134 0.207527 -0.913109 1.783057 0.392630 NA NA 0.023244 -0.014879 NA 0.645013 0.496387 -0.637298 0.626563 1.408873 1.000000
69 0.938138 -0.175849 -1.560851 NA NA -1.368710 1.563791 0.115809 0.609726 -0.547208 1.047952 -0.454529 NA 1.239163 -0.542125 -1.569900 1.224754 -0.661921 NA -0.735337 2.522175 0.000000
70 -0.766401 -0.425064 0.591461 -0.298953 0.953287 0.319808 1.134344 -0.458738 -1.761354 -0.964486 0.062004 1.046794 0.488379 -0.066511 1.395107 -0.321618 -2.370673 -0.565547 -2.251241 0.068657 0.020698 1.000000
71 -0.858421 -2.314911 -0.854270 -0.593887 -1.395306 -0.335137 0.909135 -0.723005 -0.648579 1.391294 0.690360 -1.785913 -0.382881 -0.143595 -1.401898 -0.056990 -0.991015 -0.928637 -0.672732 0.989824 1.836742 0.000000
72 -0.111050 0.621403 NA -1.265665 -0.441882 0.034608 -1.037902 0.527920 -0.942650 -0.937194 0.644983 -3.107680 -2.863895 0.915551 -1.069576 0.104925 0.279813 NA -0.263347 -3.351146 11.653302 0.000000
73 -0.176636 -0.611183 0.524928 -0.418212 0.754590 -0.415944 1.255622 -1.085231 -0.122627 1.791639 0.394012 -1.094728 0.530601 -0.427172 0.735575 1.783097 -0.513607 NA 1.593529 0.317038 11.108830 0.000000
74 -1.162719 -0.328330 -0.455947 0.251877 1.075520 -0.178614 -1.480572 -1.637950 -0.951589 1.511217 0.879003 -0.919281 -1.140710 0.198482 -0.206074 0.780078 0.158279 -0.971602 -1.328869 0.641760 0.221981 1.000000
75 1.253495 -0.313708 1.026198 0.273748 NA 0.299031 -0.435151 0.122393 0.251626 0.336053 1.199055 -0.269803 -0.768292 1.447427 0.646379 -0.137747 1.161651 -1.625643 -0.485490 -0.831347 0.137681 1.000000
76 0.521899 -0.148782 0.149283 -1.586582 -0.068157 -1.445725 -0.639935 0.061505 0.627459 0.957818 0.703071 -1.888863 1.676851 0.118946 -1.350726 0.663748 -0.453445 0.870779 -0.079101 1.634122 2.242802 0.000000
77 -0.382969 -1.978830 -0.696724 -1.097720 1.255494 0.445729 0.814681 -0.435249 1.004944 -0.076035 0.564573 -0.433528 1.858584 2.443660 0.281565 1.075202 0.009381 -0.388700 0.138392 -1.416965 0.572741 1.000000
78 NA -0.368281 0.086059 -0.347541 -0.462731 -0.258654 NA -0.795361 0.206994 -1.058531 0.942479 0.267318 -0.217642 -0.549426 -1.767600 0.225087 0.214931 0.672982 -1.206389 -0.823858 0.112577 1.000000
79 0.348560 -0.335776 NA 1.278246 0.492714 -0.268531 -1.574711 -0.407668 0.251367 0.490036 0.296365 -0.208259 -0.024908 0.322116 -0.120766 0.649295 0.582443 -1.809929 1.222548 0.572380 0.960322 1.000000
80 -1.663844 -0.310955 -0.472935 0.706794 -0.102237 -0.113874 0.084542 -0.483456 -1.402176 -0.561789 -1.101566 -0.348221 -0.052964 -0.514325 1.266272 -0.062300 0.496495 0.431354 0.373897 1.010306 2.347935 1.000000
81 -0.000699 2.527972 1.116873 0.667823 -0.895993 -0.072694 0.535223 -1.153903 0.557749 1.673911 0.129255 -0.399146 -0.728479 -1.421884 -0.320096 -1.914436 -0.494521 1.393640 -0.099732 -1.091813 1.083745 1.000000
82 -0.649100 0.747564 1.391154 1.182845 0.259744 0.627233 -0.013092 -0.313528 0.341161 -2.352973 0.332914 -0.248079 0.421687 -1.045931 0.291164 0.575796 -0.259082 NA 0.131042 0.776534 1.403085 0.000000
83 NA 1.639321 1.676682 1.112079 -0.900287 0.989305 -0.297450 0.619923 -0.226590 0.584809 0.678720 -0.764121 1.066272 -0.109642 0.157022 0.959165 -0.373736 0.481165 0.237351 0.049576 1.242492 1.000000
84 0.588039 1.143182 1.023429 3.493398 0.353701 0.610883 -0.786871 -1.236433 0.351750 1.156285 1.201681 1.154678 0.133198 -0.368453 -1.701770 NA -0.148938 -0.182574 0.208726 -0.844425 0.005100 1.000000
85 0.580677 1.730654 1.319498 -0.311389 NA -0.675477 -0.671546 0.122917 -0.953177 0.822031 -0.478191 0.002448 -0.832024 0.077513 1.527835 NA NA 0.000908 0.563338 0.962434 0.596989 1.000000
86 1.346360 -0.000221 2.353338 2.200813 0.321647 -1.046581 0.488515 0.849252 0.779596 1.072028 0.039755 0.033139 0.752666 0.266575 0.087303 -1.643475 -0.826960 -0.111257 -0.761170 0.775591 0.053806 1.000000
87 0.038891 -0.218359 -0.125563 0.204159 -1.431605 0.834330 -0.251422 -0.084171 2.000120 -1.892981 0.309248 0.922338 0.935425 -0.673728 0.392461 1.199332 0.977675 -1.297318 0.573183 2.043721 6.913309 0.000000
88 0.082910 -0.322819 -1.070057 2.039246 0.241613 -1.689894 -1.585840 1.859642 -0.522340 -0.210490 0.247333 -0.612149 -0.340547 -1.823234 0.557181 -0.221623 -2.253862 0.437160 0.514611 0.029751 2.727961 1.000000
89 -0.462443 -3.205249 0.538285 -1.223205 -1.820164 0.015336 -0.096761 0.006886 1.654523 -1.017901 0.443269 0.762059 -0.209729 0.370580 0.415129 0.703316 0.460775 -0.216519 -0.266692 0.497725 2.438811 1.000000
90 0.500177 -1.003689 -1.778842 -0.167850 1.893985 -1.032883 -0.812479 -0.520590 1.063827 0.706498 0.207392 0.963735 0.904335 -0.564732 1.023054 -0.813407 1.325551 0.374799 -1.527639 -1.465342 0.056932 1.000000
91 -0.125089 -1.099550 -0.236420 -0.324634 1.347551 1.341403 -1.427341 -0.335724 0.187233 -0.643380 -2.213194 -1.357229 0.490525 0.185390 2.038754 0.387524 1.298480 -0.082735 0.220823 NA 6.711678 1.000000
92 0.742483 -1.377402 2.043088 -2.074452 -0.495233 0.974330 -0.444278 NA -0.582998 0.162228 1.274595 0.273789 -1.765157 0.464051 1.250710 -1.392300 0.265685 -0.673583 -0.390642 0.535296 0.522500 1.000000
93 NA -0.666308 -1.031349 -0.157710 0.535310 1.169008 -0.182365 -0.459286 -0.433944 -0.490485 -2.071470 -1.320642 -0.046439 0.554172 1.423000 0.824362 2.056563 -1.789718 0.608622 -0.191687 5.816216 0.000000
94 -0.327685 -0.567002 -0.911976 0.679005 -0.286611 NA 1.136858 -0.244994 -2.167996 -0.226471 0.191681 0.911328 0.886361 1.742545 -0.442157 2.032979 -1.336215 0.363841 1.859644 2.343985 1.777803 1.000000
95 -0.664427 0.875861 -0.243380 1.589267 0.559978 0.361158 0.456996 -0.462090 0.069400 1.087919 -0.478522 0.067633 -0.408598 -0.367308 0.542729 -0.440454 -0.658292 -1.607869 1.105085 -0.108191 1.793297 1.000000
96 NA 0.349915 0.766315 0.405961 -0.801496 -0.315907 1.316313 0.002770 0.752409 -0.095149 -1.370217 0.099408 0.324836 -0.123088 -1.311407 -0.466964 3.021432 0.033799 -0.785308 0.309556 9.832711 0.000000
97 -0.001612 0.300296 1.151977 NA -0.961567 0.232619 -0.331518 1.042488 -1.180828 2.022819 -0.729306 -0.488157 -1.322439 -1.309363 1.054372 -0.991470 0.670910 -0.472376 0.190709 1.318534 1.270116 0.000000
98 -0.113289 0.542565 0.759358 1.282029 0.555748 1.783786 0.093460 -1.579081 -0.612234 -0.122722 -0.778513 -0.005134 -0.667948 -0.833894 0.283877 -1.317152 -0.826385 0.061486 0.245452 0.454746 1.338835 1.000000
99 -0.078166 0.718380 -2.742703 -1.510342 -1.078011 0.636915 0.283681 0.947131 0.562740 0.131776 0.383243 -0.496415 0.375903 0.702587 0.250862 1.547570 NA -0.279459 -1.555113 -0.194258 1.800375 1.000000
100 0.692290 -0.969828 -1.072348 1.662005 -0.642038 1.665118 -0.720310 NA -0.526591 0.658001 1.267932 -0.520791 -1.447593 0.088471 -1.307222 -0.357283 -0.296975 -0.809450 -0.001633 -0.113939 0.874987 1.000000
101 -1.592371 -0.740475 0.728503 -1.215379 1.425501 -0.061918 0.617753 NA -0.085667 -0.016388 1.136487 2.597585 -0.273235 1.379216 0.190936 0.223901 -0.553660 0.767749 1.089826 0.018016 0.203194 1.000000
102 0.747728 -1.068828 NA 0.059097 -1.106744 1.429024 -0.056080 0.071378 -0.006560 -1.225163 0.004237 0.652144 1.132722 0.728161 0.340668 0.392056 -0.407424 -0.268860 1.561102 -0.331549 1.157075 1.000000
103 0.922494 0.990034 -0.042337 0.217823 -0.153547 1.613153 0.377767 -0.692450 0.574257 0.166762 -0.216961 0.512130 -0.848392 -0.053545 1.330815 -0.045750 0.286183 -0.219624 0.556409 -0.845830 1.547625 1.000000
104 -1.880580 0.914304 2.148720 1.712529 -2.332036 NA 1.333376 1.425356 0.252139 0.530345 2.270763 -0.772951 1.362463 0.900798 1.527858 -0.890398 0.087944 -0.325234 -1.966419 0.042973 0.254823 1.000000
105 0.768432 1.143241 2.094153 1.038227 -0.145914 -1.207138 0.155725 NA 0.283807 0.570971 -0.337406 -1.592135 0.430201 0.410037 0.734619 NA 0.227562 1.101347 0.160898 0.115499 0.331368 1.000000
106 0.410816 0.722734 -0.462866 -0.057666 0.984609 -0.355570 0.912503 0.123991 -0.088500 0.879180 0.342854 -0.362458 0.556711 -0.078540 0.225332 -1.399697 0.705441 1.033768 -0.282257 1.378334 1.820451 1.000000
107 0.331482 0.373413 0.014810 -0.273240 0.696392 0.353253 -1.021435 -0.715648 NA -0.292710 -0.827102 -0.376357 -0.741179 -1.036947 0.029045 1.794204 -0.460808 -0.187827 NA -1.158029 1.186167 1.000000
108 -0.003331 -0.268028 -1.898908 0.157801 1.194583 -2.971092 NA 1.286635 -0.756579 -0.225170 0.558008 1.151220 0.372158 -2.554119 0.305119 0.344718 0.501191 -0.482567 1.321222 1.416615 3.285075 1.000000
109 0.982997 0.211945 0.081543 -0.390241 -0.619655 0.708037 -0.527588 -0.002808 0.542950 0.893654 -1.223259 -0.096894 -0.958507 0.946481 0.046900 -0.467940 0.476266 1.051697 0.239231 -0.882364 0.632835 1.000000
110 0.668223 0.653301 0.460612 0.658568 0.725815 -0.724714 NA 0.255069 0.423666 2.394330 1.371165 0.649684 0.564354 -0.623624 0.869533 -0.961755 -1.849851 1.205278 -1.517141 -0.206699 0.019934 1.000000
111 0.518632 -1.772577 2.026040 0.539203 -1.088144 -0.286839 -0.378599 0.782941 1.083836 -0.087020 NA -0.405471 0.760460 -0.491574 0.752949 0.245072 -0.353252 0.291589 -0.670298 1.780537 1.483157 1.000000
112 NA 2.097373 -0.090982 0.776823 -1.503455 0.083347 -0.425931 -0.854692 1.648019 -0.692877 0.753901 1.101740 -0.799072 2.175325 -1.396844 0.286617 -0.379407 1.594735 0.819559 1.445659 1.352990 1.000000
113 NA 0.272729 0.636603 -0.826521 -0.897526 0.855942 0.397957 0.533967 -0.383561 1.104502 -0.531467 0.675334 -0.987734 0.246454 0.388962 -0.006396 -0.823597 -0.301409 -0.310055 -0.741028 5.359218 0.000000
114 -1.496160 1.869388 -1.028601 NA -0.257067 0.602647 1.025705 -0.395158 -0.910289 -0.897125 -0.132117 -0.753767 -1.013562 1.798401 -3.722823 -1.287275 -0.746563 -1.836430 -1.010449 0.182389 8.897534 0.000000
115 0.578493 0.077168 0.347059 0.929813 -0.700310 0.824390 -1.057339 1.528925 -1.097250 1.084761 -2.515342 0.171733 -0.393190 -1.215016 NA 0.584472 1.136198 -2.258872 0.870711 -0.749393 0.186014 1.000000
116 -0.416027 1.137155 0.463668 2.315133 0.246415 -0.896544 -1.187953 0.952767 -0.385158 0.132795 0.427743 0.764934 -0.905494 0.187869 0.263622 -0.061880 -1.002447 NA 0.843053 0.228163 0.331365 1.000000
117 2.651248 -0.140571 0.972848 1.283305 0.565589 -0.040083 -0.125190 1.494259 -0.207059 1.172357 -0.138180 2.127194 0.277209 -0.217621 0.653478 NA -1.499464 -1.336673 -0.107240 -0.561995 0.069283 1.000000
118 0.062211 NA -0.031850 0.785117 0.472676 -0.900534 1.235662 NA 0.930774 -2.179540 -0.400464 -0.165962 0.037402 0.213189 -0.377359 -0.110206 1.110697 -0.466583 1.099502 1.475740 6.061117 1.000000
119 0.764969 -0.597513 -1.099050 1.465733 -1.295927 0.439711 -0.038556 NA -0.275249 2.159273 -0.881586 -0.362893 1.356290 0.466507 -0.615536 0.787202 -0.254026 -0.717831 0.788283 0.447291 10.582969 0.000000
120 -0.946723 -0.331808 -0.956440 -0.463708 0.094817 0.085811 0.369840 1.514225 1.147473 1.038297 0.808214 0.273704 -1.658252 -0.171857 -1.508766 0.550311 -0.206541 0.316718 -0.280744 -0.166276 1.784089 0.000000
121 0.455493 -0.412134 0.179101 0.877698 -0.703576 NA 0.165466 2.035345 -1.215625 NA 0.392301 1.535440 0.707350 0.411998 -0.754706 0.132223 2.084269 -0.032155 0.034955 -0.641182 1.956590 1.000000
122 0.546459 1.274079 -0.775136 0.207389 -0.948983 -0.468321 -0.839166 -2.609183 -0.960568 0.825656 0.755308 -0.374730 0.156021 0.118679 -1.476307 0.875802 -0.910185 NA -0.234856 -0.016288 0.179277 1.000000
123 0.241688 1.943665 -0.196688 1.583134 0.518243 -0.374727 0.365393 0.687089 -0.081811 -0.226793 -2.699359 1.000731 -1.719508 0.675839 1.253701 -0.488319 0.129654 -0.523703 -0.834477 -0.491489 0.462972 1.000000
124 -1.473628 -0.630633 1.388433 -0.355157 0.709258 -1.110046 0.539995 -0.749250 -0.177037 0.119062 1.696250 -1.986878 -1.864535 -0.366198 -0.847717 NA 0.016101 -1.696637 0.355190 0.760172 11.218020 0.000000
125 -0.969819 -1.248689 1.706550 -0.611672 1.321206 -1.035881 -1.080122 -0.278613 0.184588 0.450815 NA 1.067366 -0.538770 0.144379 -0.404844 0.790178 0.579791 0.017971 -1.036090 NA 0.268693 1.000000
126 -0.195139 1.115750 0.039350 0.683109 1.618843 -0.137648 -0.410495 0.542860 0.709273 0.869360 -0.664061 -0.541124 -0.051234 0.457008 -0.132866 0.933755 0.911526 0.780732 -0.496393 -0.078400 3.634344 0.000000
127 NA 1.247601 -1.854750 0.041622 1.228144 0.169147 0.006166 -0.108259 -0.110953 0.274392 -0.449844 -0.509438 0.855933 -0.408646 -0.725639 -1.554542 2.814637 NA 0.482029 0.847273 2.223728 1.000000
128 -0.253650 NA 0.571034 -0.302080 0.722164 0.097576 2.213769 -0.785989 1.043615 -0.639217 0.425585 1.385447 0.801843 0.046326 0.963211 NA 0.734651 -0.544660 1.404091 -1.241263 0.331097 1.000000
129 -0.402694 -0.005514 -0.406093 0.671390 -0.209743 -0.480514 0.018764 0.713508 0.148262 -0.776784 -0.144901 -1.158661 -0.099124 1.402086 0.384382 -1.104247 1.924834 -0.521536 0.070325 -0.865033 0.014802 1.000000
130 -0.720557 0.283995 0.064894 -1.122364 -1.175862 -0.654297 0.031284 3.223697 -1.104929 0.920087 -0.672600 -1.809961 0.025117 -0.106956 -1.028559 -0.346674 -1.187175 -0.832246 1.438059 -0.562350 10.808742 0.000000
131 -1.481251 0.824892 -1.612501 0.423321 0.570769 -0.160924 -1.239483 -0.560946 -0.567008 -0.135646 NA 0.456902 0.594532 -0.259926 0.193729 0.782244 -2.788704 -0.298773 -0.570328 0.936365 0.946037 1.000000
132 1.045917 0.330738 -0.791935 0.185216 NA 0.441625 0.111094 -0.174334 0.299936 -1.565166 -2.842587 -0.107651 -0.458367 2.238556 2.365583 -0.758716 0.884773 -1.824378 0.380596 -1.008762 1.038975 1.000000
133 0.749964 0.746797 -2.912066 -2.146583 -1.606917 0.351551 0.633281 0.566055 1.153146 -0.438091 0.572211 -1.062596 -0.690466 -0.092103 0.049804 -0.615446 1.293216 1.259029 0.048390 -2.138942 0.745135 1.000000
134 1.217463 0.319434 -0.989449 -1.017300 1.424636 -0.995151 0.978848 0.646721 1.515204 0.513706 0.529256 0.455045 0.759826 -0.358779 0.369751 0.186159 0.489337 -1.039864 0.933172 -0.529166 0.123187 1.000000
135 -0.385103 NA -0.413800 -1.597959 -0.464853 -1.494280 -0.910823 0.078329 -0.773375 0.922255 -0.260875 -2.028173 0.531229 2.409011 -1.159961 1.166840 -0.444674 -1.623933 -0.267803 1.181610 3.552234 0.000000
136 0.371502 -2.249382 -0.242433 1.831786 -1.181171 1.536669 -0.335369 1.460394 0.710059 0.549686 0.761686 -0.049701 -2.032808 -1.326525 -0.544010 -0.214740 1.731026 1.937740 0.430302 -0.800902 1.409669 0.000000
137 0.683250 -0.973432 -0.914975 0.460191 -0.207652 1.481487 0.994903 0.449937 -0.574376 -1.062521 -0.432050 0.390100 0.004341 0.126829 1.788956 -0.771602 -0.867984 -1.491745 -0.938986 0.130577 0.394378 1.000000
138 1.128735 2.058131 0.846504 0.601475 0.790631 -1.215357 0.089296 -0.289806 -0.742024 NA -0.513226 2.737313 0.528586 -0.019043 0.156772 0.619672 -1.142434 NA -0.156885 1.620228 0.138010 1.000000
139 -2.725240 -0.404933 -0.802192 -0.930734 -0.262803 1.507981 -1.472075 -0.949079 0.003061 -2.164017 1.171548 -0.502344 -0.820758 -0.693213 -0.313873 2.431910 0.173163 NA 0.754164 1.917393 8.376585 0.000000
140 -0.303970 -1.365933 -0.745642 -0.284392 0.303990 -1.516431 -1.109949 0.580667 0.916089 -0.701011 0.387147 0.592172 -2.051776 1.710164 -0.432308 -0.578938 -0.202656 0.714594 1.359444 -0.700383 2.747237 1.000000
141 1.371668 -1.590978 -1.010986 NA 1.353027 0.422398 -0.715270 1.124896 -0.347245 2.027086 -1.469811 0.075069 -0.974175 -0.873337 0.811668 0.511069 -1.092743 -0.345015 0.725667 -0.015178 10.075224 0.000000
142 2.353802 -0.207169 1.783445 0.831230 -0.267998 0.289850 0.022652 1.178345 -1.022629 -2.182552 NA -0.285239 -0.495008 0.428432 -0.525299 -0.179742 1.869622 0.761637 1.047277 -1.649562 0.816029 1.000000
143 0.690892 -1.291106 -2.487977 -1.638605 -0.005114 -0.317065 0.180871 -0.578298 1.335566 -0.171139 NA 1.352404 -0.114992 -0.373037 -0.145400 NA NA -0.169831 1.352254 0.991175 8.164527 0.000000
144 -1.036468 0.333595 0.088813 0.803641 -0.008530 1.909891 0.904779 0.170602 -1.428442 -0.513135 1.178484 -0.957555 -0.336343 -0.796916 0.241193 -1.643655 NA 0.806491 -2.549117 -0.653581 0.866984 1.000000
145 -2.146864 0.906422 NA 0.314434 0.612928 -0.565311 0.365275 -0.461460 0.656450 0.603319 1.472566 1.252183 -1.582517 0.322065 0.309807 0.399931 1.447158 -0.998902 0.124042 0.880521 2.621242 0.000000
146 0.651388 -0.715721 -0.887430 0.808444 0.642680 0.228388 1.155478 -0.347783 -0.238165 -0.089132 -0.711219 0.623200 -1.144893 -1.938134 1.336652 1.000165 0.587531 1.177702 -0.914510 0.364618 2.770064 0.000000
147 -0.932210 -1.225667 0.144488 -1.434505 0.285482 -0.047338 NA -0.263388 NA -1.018819 1.255218 0.726895 2.652726 1.462996 3.266291 0.736392 -1.614778 1.645297 -1.053635 -0.273493 0.091732 1.000000
148 3.334715 2.272332 -0.726745 -1.431758 1.579283 0.659804 0.589535 -1.303741 1.295494 0.720880 -1.521424 -1.476965 -0.124759 -0.376801 0.595766 -1.296778 -0.065940 2.402892 -1.341764 0.378767 2.960223 1.000000
149 -0.822111 -0.917398 -0.755937 -0.047505 -0.049096 0.113730 0.619350 -2.227419 -0.146266 0.632528 1.428371 1.772472 0.043292 -0.248448 NA -0.864398 -0.327176 -1.103789 0.909482 1.884910 1.327771 1.000000
150 0.956407 1.569309 1.216807 -0.873230 0.722457 -0.856901 -0.424936 0.294002 0.728159 -1.607160 -1.531577 -0.729820 1.088659 0.469173 -0.645838 0.012582 -0.160650 -0.608548 0.139899 2.262502 0.389659 1.000000
151 -0.053248 0.652273 NA -1.075774 -0.464573 0.873767 -0.244283 -1.703795 -0.472540 1.053701 0.702763 -0.724531 0.928265 NA 1.084057 -0.642620 -3.039792 -2.650874 0.077858 0.915259 0.323523 1.000000
152 -1.284554 -0.965263 -0.997244 0.312820 -0.244994 -1.615455 -0.296173 0.346377 -0.621403 0.574287 0.171571 -0.264552 -0.511979 0.193537 -2.016679 -0.293318 2.056586 -1.954253 0.400944 0.838351 4.967172 0.000000
153 -1.219571 -0.811689 -0.166597 -1.031855 -0.542102 0.378148 NA -0.539055 0.557068 -0.730571 0.757880 -0.319550 0.811857 -0.575091 1.775534 1.740917 NA -0.760369 -1.483926 -0.045527 1.069209 1.000000
154 -0.728163 -1.028125 -0.057242 NA -2.039715 -0.046516 -1.286156 0.949618 0.198311 0.616395 -0.256897 -0.598810 -1.096243 -0.520288 -0.132749 0.188401 -1.465578 -0.887848 -1.102288 -1.098248 1.329435 1.000000
155 0.485538 -0.329782 NA -0.559897 0.111784 0.040064 -1.135496 -1.854589 -2.200537 -0.528199 -0.405149 0.318974 -0.385472 -1.090310 0.047048 0.195440 -0.303913 0.940703 -0.788778 0.329698 2.758425 1.000000
156 -0.829360 0.253158 NA 0.097009 1.350165 0.858510 -0.887510 0.005361 1.027802 -0.164445 1.125853 0.095823 -1.483341 1.466018 0.213965 NA -0.055060 0.657700 -0.793111 -0.383586 0.100459 1.000000
157 3.205601 -0.331412 0.464871 0.019176 -1.403956 -0.564847 0.646166 0.893217 0.310233 0.770832 0.790149 0.250406 NA -0.514549 -1.208317 -0.296664 -0.151434 -0.004941 -0.198178 -0.374827 0.457017 1.000000
158 1.502986 -0.793923 -0.462411 -0.172020 0.040405 0.795411 0.881682 0.008105 0.778841 1.126156 0.560508 -2.048437 -0.197319 -1.181163 -0.630576 1.328024 1.439055 -0.631427 1.207603 1.284284 11.460490 0.000000
159 0.467514 NA 0.370947 1.290574 0.492539 0.619812 0.605575 -0.274745 -0.305789 1.176294 0.230955 -0.846975 NA 0.931297 0.891590 -0.500778 -0.817709 -0.466841 0.332382 0.347304 2.408301 1.000000
160 -1.107602 1.086118 0.195897 1.194759 -0.458693 -0.931194 -0.866158 -0.356929 1.038814 -2.444246 0.230193 0.190387 0.373037 NA -0.061459 -0.730313 0.336440 1.231621 1.266880 -0.427848 1.368327 1.000000
161 1.320227 0.253111 -1.073034 0.840538 -0.202299 -0.175560 2.036298 1.153838 -0.908213 0.429852 -0.520685 0.543876 -0.808485 1.393313 0.321147 1.083141 0.168820 0.777251 -0.789177 -0.347774 2.267818 1.000000
162 0.704261 0.427159 0.537516 0.429159 NA 0.065057 0.300095 1.041256 -0.770741 1.032308 1.282652 -0.368037 0.069838 0.405587 1.638085 -0.734419 -0.856606 0.751596 0.663768 -0.930648 0.295122 1.000000
163 -0.011384 -1.629767 0.906133 -0.287936 -0.031279 -1.496487 -0.924384 0.611601 0.593062 -0.264514 0.963173 0.169928 -0.152946 0.710281 -0.696514 0.364765 -1.159415 1.276333 -1.116231 1.638069 2.137161 0.000000
164 -0.108953 -0.005151 -0.511349 1.752127 0.380762 0.512455 -0.972575 0.770885 1.206709 0.182994 -0.100586 0.638031 -1.041560 1.134302 -0.892941 -1.767191 -0.633035 -1.334863 0.472009 1.615936 0.602183 1.000000
165 NA 0.488526 0.053793 0.409996 1.053951 0.178108 2.151152 0.615785 -0.524713 -2.226169 1.011167 -0.799046 0.122526 -1.438135 -2.139116 -0.068389 1.253094 0.052439 -0.528325 1.433746 4.396806 0.000000
166 0.545463 0.306034 -2.147504 1.328834 0.655463 0.749040 1.008767 1.295922 0.546211 NA NA 1.693662 NA NA -0.063782 -0.961612 -0.272243 0.985610 -0.256403 1.359398 3.071437 1.000000
167 -1.283436 NA NA 0.614994 0.172305 -1.004309 0.717002 1.371107 -1.737254 0.885796 -0.342809 1.672994 0.699558 0.333540 0.355875 2.167765 0.642816 0.030191 1.184606 -1.361590 2.018636 1.000000
168 -0.370864 1.991949 -0.832996 -0.214557 NA 0.962332 0.984073 -1.100367 -0.600551 0.154479 -0.209960 0.204772 0.818048 -0.293462 -1.588817 -0.132423 1.604960 0.231485 -0.324288 1.921210 11.461754 0.000000
169 -1.631391 -1.029716 0.482491 0.043392 0.435845 -0.149202 NA -1.975094 -0.158320 -0.105539 0.044833 -0.437854 -1.289396 -0.418899 -0.309548 -0.141841 -0.519833 1.146597 0.270939 0.711620 0.456556 1.000000
170 1.976174 -0.542686 -0.129951 NA 0.005221 NA -0.615459 0.183653 0.613991 -0.262423 0.730545 0.973119 -0.768945 -1.366592 0.700711 1.170818 -1.034348 -1.119782 NA NA 0.262571 1.000000
171 -0.981872 0.713078 -1.169432 1.365697 2.168960 0.535532 -0.172312 -0.167419 0.094166 -0.256771 0.739772 -2.273773 -0.890517 0.375201 0.265036 0.541955 -1.254200 0.798626 0.397161 -0.848776 2.030914 1.000000
172 2.689047 -0.111430 0.255922 0.931494 0.743131 0.639354 0.606588 0.979304 0.039005 -1.200541 -0.302928 1.362345 -0.999265 -1.548911 -2.076118 -0.651258 0.235691 -1.288433 -0.338580 0.357097 1.548445 1.000000
173 -0.469669 0.900861 -0.635803 -0.516501 -0.836786 0.354837 -0.996306 0.183584 -0.299815 -0.588296 -0.199336 -0.069611 2.827231 -0.905817 -0.340973 -0.635846 -0.012827 -0.894390 -1.687293 1.747379 1.015998 1.000000
174 1.619112 -0.430625 -0.681707 0.635261 -0.433001 -0.064774 -1.039953 -1.465599 0.318166 1.480093 NA NA -1.638596 3.104337 -2.329800 -0.584628 1.793499 1.812152 -0.741799 0.480321 11.492310 0.000000
175 0.504722 0.324261 -0.194262 NA -0.783553 0.598702 -0.703913 1.230825 0.141181 2.691545 -1.857527 -0.322666 -0.754520 -0.461679 -0.824425 NA -0.209573 0.306156 1.073265 0.289754 4.945852 0.000000
176 0.192050 -0.942713 -0.223051 -0.888428 0.984715 0.884520 -0.907154 -0.402599 1.014788 -0.478645 -1.375621 NA -0.110535 -1.384526 -0.829721 -0.962271 -3.012580 -0.095803 1.072147 -0.096356 1.129921 0.000000
177 0.243809 NA 0.790171 -0.173633 1.162286 0.446655 -0.950447 0.552256 -0.107679 0.158528 3.166700 2.039024 0.740259 -0.629167 -1.238121 1.037635 1.644316 -0.350527 -0.417255 -2.268191 0.137604 1.000000
178 -0.352499 0.923346 1.596935 -2.378983 0.459789 1.138203 0.108994 1.440520 1.220169 0.465210 0.265907 0.168416 1.318158 NA -0.131149 0.637017 -0.049657 -1.211085 -1.499765 -0.932682 9.248740 1.000000
179 -0.295153 1.244585 0.950780 -1.450489 -0.784357 0.298949 0.195031 -0.859523 -0.212509 -0.678567 0.285571 -0.257643 0.471000 -0.774490 NA -1.173470 -1.146345 NA -0.192551 -1.048352 0.008482 1.000000
180 NA 0.014946 -0.244558 0.618074 2.594625 -0.397676 1.671028 1.216655 0.598496 -0.708724 0.781379 -0.470701 -0.751981 0.328468 0.700151 -0.200062 -0.703324 0.714480 1.523822 0.438640 5.602335 1.000000
181 -0.193418 -0.006095 0.981010 -0.690049 1.112756 -0.997873 0.252849 1.238622 -1.084308 -1.909818 -0.080183 NA 1.050194 -0.324623 -0.429755 -0.147361 -0.307651 -0.569551 1.217830 -1.201079 0.070012 1.000000
182 0.525394 0.468514 0.553159 -1.372918 -0.320780 0.773364 0.499920 1.681444 0.450607 NA 0.289702 -0.568157 -0.299725 -0.763338 1.878899 -1.027415 -1.456510 -0.688445 0.837012 1.287844 1.619344 1.000000
183 0.582690 1.893650 -1.465808 -0.050853 -1.431997 0.865276 -0.646505 0.931416 -0.070783 -0.302647 -1.450427 0.578503 0.195691 0.508147 -2.083881 -0.080738 0.155946 1.921835 -0.554394 -0.071661 2.813395 0.000000
184 -0.807914 0.349155 0.721447 1.103543 -1.318268 -1.082323 -0.483744 -0.249049 NA -0.801623 1.042307 0.120106 0.896775 -0.377832 -0.937870 1.293862 -0.409341 -0.227437 0.333526 1.076415 1.286014 0.000000
185 -0.442757 NA -0.294356 -0.436721 0.524353 0.939023 0.083665 -1.156930 1.671740 -1.015692 1.638179 -0.444296 -0.522636 0.098354 0.064950 0.009503 0.127047 -0.198977 0.552763 1.425085 8.263718 0.000000
186 NA -1.126792 -0.388340 2.858689 0.657075 1.341623 -0.025982 -0.160368 -1.514700 0.245627 0.398073 -0.468521 -0.855697 0.643295 0.325260 0.129750 0.866217 0.275942 0.094508 0.383808 0.241933 1.000000
187 -0.367182 0.196788 -0.262075 NA 0.060075 0.262045 -0.340910 0.527862 1.250584 0.420883 -0.954293 1.224774 1.195858 -0.751511 0.668040 0.206128 0.492217 -1.103217 0.040334 -0.816007 0.292811 1.000000
188 -0.476829 -0.599375 0.516484 -1.591138 -0.238553 1.568165 0.179794 1.511815 NA 0.700081 -0.654265 -0.238596 -1.303849 0.231771 -0.429125 -0.737096 0.354923 0.859724 NA -1.481218 9.124726 0.000000
189 -1.596414 1.537296 0.357849 -0.011506 -1.484626 0.225361 1.044637 -2.322164 NA 0.476862 1.069840 -0.092049 NA -0.568988 0.326569 -1.275298 0.816120 0.327330 0.065212 -0.320835 1.244541 1.000000
190 0.365949 0.581527 -0.457562 -1.049485 0.194489 -0.540379 -0.418646 0.328460 0.030362 -0.329183 NA -1.502872 -0.718718 -0.395266 0.381167 0.554087 1.518533 -0.791393 2.620175 NA 4.645224 0.000000
191 0.113539 -1.133234 1.615441 -0.719918 0.126587 0.772862 0.267245 -2.223830 0.582827 1.262393 -0.224960 0.068596 -0.633702 -0.096162 0.396643 -0.176187 -0.777445 -0.096329 0.787819 NA 7.012808 1.000000
192 -0.260067 -0.883964 2.008010 -0.636412 0.611690 -1.288978 -2.788433 0.095487 -2.374462 0.208590 1.378679 -1.471013 0.548707 -0.970585 1.323337 0.748266 -0.684110 -0.059312 0.845231 0.200097 0.295396 1.000000
193 NA 0.948803 -1.194749 -0.810130 -1.190653 0.443832 -0.438149 -0.353508 0.813149 -1.419602 NA 0.429325 0.260662 -1.016236 -0.900846 -0.557303 0.934771 0.763533 0.957675 -0.893635 3.058398 0.000000
194 -1.922359 -1.653739 0.715721 -1.067772 1.249553 0.611020 0.846541 NA 0.741589 0.302157 -1.216805 -0.067832 2.168223 -1.001836 NA -1.209027 -0.206369 -0.570359 -1.050235 -0.284803 4.044921 0.000000
195 -0.780684 -0.456880 -1.243580 -0.065037 0.343730 -0.356198 0.529915 -0.565853 NA 1.006741 1.176965 0.558189 0.968095 -0.495460 0.607528 0.189732 -0.482241 1.956955 -0.647602 -1.707755 0.666563 1.000000
196 1.395048 0.253786 0.138348 -0.638368 -1.077280 1.439032 0.023272 -1.833039 1.030648 1.097134 NA 0.296209 -2.503330 -1.123851 0.747329 -0.156275 0.110742 -0.624213 -0.257192 1.055732 2.075841 1.000000
197 0.443818 0.257931 0.525237 -0.014223 -0.866915 1.966685 -0.386710 -0.501981 0.742417 0.632187 1.062635 1.375288 -0.488367 -0.041835 1.499483 -0.969135 -0.064343 0.230904 0.865948 -1.341975 0.723067 1.000000
198 0.870165 0.722358 0.702164 -0.486583 -0.972292 1.289686 NA -0.805891 -0.570014 0.003713 NA 0.793595 -0.244099 -0.370476 -0.170549 -0.389410 0.382113 -0.081423 0.475398 NA 0.165325 1.000000
199 -0.108325 -2.694226 -1.213865 0.276150 -0.583002 -0.685189 0.192859 0.459119 0.051273 -0.502993 1.032495 0.826252 NA 1.229694 -0.278151 0.257004 1.004102 -0.955101 -1.049492 0.365667 2.123078 1.000000
200 -0.151594 0.371131 NA -0.160486 1.239501 -0.064870 NA 2.025909 1.277776 -0.225601 1.015627 -0.377870 NA 0.108498 -0.206250 -0.031489 1.437968 0.516029 0.499215 -0.387772 2.139778 1.000000
uncorrelated Gaussian covariates
missing covariate fraction: 0.050000
no latent classes
   lambda(t|risk 1)=C, <t>=4.000000 for zero covariates
   risk 1: beta[1]=0.500000
   risk 1: beta[2]=0.500000
   risk 1: beta[3]=0.500000
   risk 1: beta[4]=0.500000
   risk 1: beta[5]=0.500000
   risk 1: beta[6]=-0.500000
   risk 1: beta[7]=-0.500000
   risk 1: beta[8]=-0.500000
   risk 1: beta[9]=-0.500000
   risk 1: beta[10]=-0.500000
   risk 1: beta[11]=0.500000
   risk 1: beta[12]=0.500000
   risk 1: beta[13]=0.500000
   risk 1: beta[14]=0.500000
   risk 1: beta[15]=0.500000
   risk 1: beta[16]=-0.500000
   risk 1: beta[17]=-0.500000
   risk 1: beta[18]=-0.500000
   risk 1: beta[19]=-0.500000
   risk 1: beta[20]=-0.500000
uniform censoring on time interval [1.000000,12.000000]
