1 0.067581744681 1.001415913147
2 -0.001413564516 1.046250837637
3 -0.067271806283 1.059237977945
4 -0.017844698413 1.055928600179
5 0.000405486772 0.922605717535
6 0.037559500000 0.923290201708
7 -0.054055229947 0.870569203958
8 0.048849036458 1.031557130413
9 0.044073573684 0.894998128569
10 0.119929572165 1.056642969709
11 0.061766338710 1.058898863740
12 -0.021902036842 0.947934278401
13 -0.089311508021 0.989246583752
14 -0.050478866667 0.956568767221
15 0.025455197917 0.990821321453
16 -0.016754417989 0.938108085819
17 -0.022766901554 1.102603787680
18 -0.083017196809 0.983564837035
19 0.020242916667 0.976310005534
20 0.081072062500 0.975806706980
