N=100
P=60
R=2
1 0.563006 -0.335270 0.344511 -1.766898 1.672428 -1.330165 0.450616 -0.399214 0.321929 -1.526041 1.162131 2.263760 -0.743589 -1.065398 -1.109838 -0.557708 0.214443 -1.232797 -0.344268 -0.060997 -0.070459 -0.288728 -0.081165 0.541238 -0.304831 -1.221245 0.294312 -0.078365 -0.247157 0.607505 -1.303324 -0.232713 -1.226775 0.071721 0.746190 -0.692227 1.418207 -0.241684 -2.472431 -0.966543 -0.157652 1.476018 -0.642984 0.389841 0.631919 -0.914628 -1.074920 0.740269 1.754726 -0.257006 -1.272980 -0.046603 -1.204593 -0.614838 -0.550713 0.457538 -0.262620 -0.506042 -0.038933 0.039486 1.748121 1.000000
2 1.193547 -0.824771 -1.558757 0.179879 1.187871 0.108432 0.544179 0.838096 -0.351589 -0.200306 -2.008132 -0.771469 -1.502684 -0.388361 0.864344 0.896643 0.350427 -0.886159 -0.992207 -0.108486 -0.290359 -1.601511 -1.272614 -0.105868 -0.279790 2.725686 1.710277 -1.070553 0.192952 -1.925052 0.638740 -0.264947 0.778113 -0.115188 0.572969 1.293700 -0.272677 0.843000 -0.648861 -0.433878 -1.683785 0.249742 -0.587559 0.403585 0.351984 0.325248 0.249529 -0.296820 -0.185007 -0.363082 0.087740 -0.378599 0.155644 -1.405428 -2.120077 0.138784 0.950101 -1.156193 0.369989 -0.714832 16.403074 1.000000
3 -0.676309 0.709545 0.743693 1.201134 1.229153 0.418236 -0.650080 0.127785 1.167071 0.206455 -0.255070 -0.068913 -0.940226 1.031175 0.580212 2.023079 -0.215993 0.113065 0.094800 1.119424 2.292254 -0.121977 -0.261553 0.187443 -0.445034 -0.598745 -0.047543 1.000505 0.805064 -0.008348 0.791579 -0.173388 -0.162414 -1.203592 -0.284798 -1.278114 -1.135548 0.516958 -0.163243 0.341288 -1.658692 0.648798 1.502151 1.193832 0.735060 0.719025 -1.050834 -0.544578 0.145142 0.162918 1.158404 -0.839518 0.061669 0.496079 0.331022 -1.007863 0.005129 -0.016035 -1.112007 -0.257655 1.758243 1.000000
4 0.560057 0.881386 -0.577530 1.280036 2.753270 -1.653306 -0.678934 -0.399903 0.627673 -1.031913 0.535829 -0.048593 -1.043119 -0.576325 2.395893 -0.777735 0.512837 0.675265 -0.203517 0.533388 1.855499 -0.082718 -0.822078 0.857868 0.312106 -0.101023 -0.806441 -0.250627 -0.785875 -0.473028 1.539905 -1.342827 -0.699463 0.423947 0.694375 -0.403465 -0.286111 0.741043 -1.469695 0.820016 -1.355871 1.432648 1.266145 -0.420693 -0.483952 0.456087 -0.313319 -0.456826 -0.149467 -0.237700 1.759049 0.338302 -0.894229 -2.596866 -1.209061 -1.493721 -0.194685 -0.247139 0.610533 -0.131398 28.106903 1.000000
5 0.245894 0.441092 1.536358 1.906687 0.643019 -0.124926 -0.782101 -2.050483 0.114824 -0.238209 0.268311 -0.116177 0.446233 0.038028 -0.273687 0.569554 -0.669450 -0.498334 -0.293187 1.948215 1.161315 0.408217 -0.842858 -1.094907 -0.115700 -1.844949 -0.985101 0.818027 -0.473460 -0.138465 0.684982 -0.942583 -1.211665 0.840906 -0.366525 -0.990804 1.283982 -0.270884 0.252101 -0.808599 3.032002 0.801518 -1.720703 -0.342009 0.411292 -1.022396 -0.656840 0.782611 -0.556790 -1.051750 0.835172 -1.921671 -0.240821 -0.690214 0.550979 -1.125229 0.885438 0.822272 -0.600158 -0.742540 6.039780 1.000000
6 0.786075 -0.431325 -0.207997 0.871459 -1.288830 -0.087532 -0.297387 -0.923033 0.665180 -0.169475 0.828747 -1.759596 0.279012 -0.325911 -0.377026 0.786807 -0.634165 -0.847895 0.135342 -0.035886 0.120740 0.759590 -0.611718 3.389450 -0.233141 -1.279491 1.929353 -0.476285 0.088195 1.401956 0.215980 0.312026 0.831835 -0.649251 -0.016804 0.699530 1.844249 1.719110 -0.394669 -0.053073 -0.220236 0.162505 -0.462922 1.586235 1.203419 -0.172355 -0.946890 -0.861261 0.222425 0.239596 1.213468 0.260736 -0.929923 -0.832146 -1.032701 -1.408708 0.058825 -1.124562 0.665755 0.786504 3.564637 1.000000
7 -0.776483 0.852381 0.756065 1.550729 0.194510 0.088921 0.323978 0.297389 0.949523 0.268979 0.425647 -0.469882 -0.994106 0.840505 1.605156 1.493967 -0.324606 0.693860 -0.104960 2.328970 -2.807531 -0.960521 0.260378 -0.891845 -1.053520 1.109218 1.515235 -1.497394 -1.540566 0.070722 1.436336 0.113802 2.962446 0.363001 -2.170382 1.562007 1.175393 -0.487103 -0.651449 -0.222049 0.290247 0.257632 1.546906 0.118023 -0.175819 -0.653707 1.179166 -0.338861 -1.966486 -0.070991 1.405012 -1.651867 0.022031 -0.803605 -0.742113 -0.228347 0.689459 0.354673 -1.564784 0.645114 0.218453 1.000000
8 -2.072311 -2.051032 1.012738 1.237564 -0.515737 -0.293002 0.010947 -0.017716 -0.452004 0.590731 0.447535 -0.063915 0.690244 -0.700607 0.286853 -0.519407 0.218907 -0.533543 0.503033 0.081077 -1.411270 0.482060 1.252572 0.358574 0.714857 -0.656800 -0.913657 -0.779035 0.064899 0.133695 -1.654343 1.005577 1.039554 1.038776 1.188773 -0.303533 0.454086 -0.039414 0.837912 1.951261 0.415753 1.429676 -1.579162 -0.735140 1.084556 1.370188 0.119476 -0.501525 1.970587 1.288437 0.063166 -0.404502 -0.238593 -0.719196 0.440462 -0.258554 -0.506774 1.832048 -0.416075 2.067210 5.761004 1.000000
9 1.152988 -0.282195 0.159227 0.584964 -0.489851 -0.398890 0.300534 0.572673 1.897448 -0.944721 0.835357 -0.146718 1.025426 -0.132147 1.149417 0.047741 -0.141382 -1.357185 0.540290 1.123647 1.631288 -0.286908 0.861191 0.658075 -1.140155 -0.571526 0.393429 -1.008266 2.621392 -0.143929 0.574563 -0.606138 0.932353 1.540310 -0.981817 2.761267 1.538594 -0.222646 1.382843 1.518178 1.278325 0.484506 0.340762 -1.314010 0.066580 0.421853 1.312493 -0.792367 0.010259 -0.414911 2.302896 0.933312 -1.380145 -1.222436 -0.262366 -1.171274 0.829212 0.815893 1.142413 0.036578 3.938954 1.000000
10 0.908429 -1.671415 -0.494285 0.312867 -1.316509 1.085840 1.449860 -0.078516 1.739919 -2.055264 0.852625 0.074131 -1.217399 1.503720 0.607496 0.971341 0.038049 1.420177 0.184142 -0.118734 -0.423034 1.108387 -1.669117 1.008478 -0.358107 1.152521 -1.929406 1.261280 0.869787 -1.996862 0.078980 -0.670294 -0.390518 -0.183397 -1.017113 -0.167197 1.458759 0.230124 -0.505286 0.500548 -1.768123 0.139020 0.055384 -0.317115 0.211447 -0.369076 -0.328823 -1.069767 1.214733 0.375050 0.394360 1.568634 -2.394667 0.336291 -1.295885 0.597771 1.326174 -0.213205 0.938237 -1.694278 2.872507 1.000000
11 0.365711 -0.916765 0.210279 0.186925 -0.618827 -0.335010 -0.284140 0.279938 -0.176549 -0.710940 -0.307410 1.272985 0.691791 -0.256552 -0.182444 1.447825 0.345878 -1.177326 -1.577372 -0.534841 -0.838062 0.095083 0.604641 -1.041755 -0.194734 0.065397 1.319543 -0.033660 -0.595310 1.017112 1.007584 0.363800 0.113789 0.159916 0.129433 0.503387 -0.959834 0.106672 -0.940923 -0.862770 1.068365 0.465894 -0.415462 1.172764 -0.812163 1.841455 -1.704049 0.645516 0.060846 0.166538 -0.837153 -0.903813 0.936695 -0.154351 -0.377955 -1.111057 -0.916390 -1.044547 -0.284448 1.190304 1.192505 1.000000
12 0.357005 1.832438 -1.131203 0.198921 -0.497838 -0.232888 -0.880889 -0.605132 2.620031 -1.027167 0.535758 -0.593432 -0.223718 0.689501 1.040051 -1.009909 0.114715 -2.307966 -0.061930 0.334087 -0.070586 0.059884 0.558524 0.884275 1.753183 0.241349 -0.650873 1.035404 0.010260 0.022383 1.341092 -0.375318 2.261611 1.786813 0.471980 0.459009 -0.850011 -0.687976 0.442894 -0.902637 -1.015893 0.575432 0.352411 -1.269173 -0.052808 1.613919 -0.055886 -0.251401 1.102075 -1.304266 -0.624137 1.894287 -1.373058 -0.475438 -0.486297 0.395613 -1.704388 -0.844436 0.376163 -0.787460 5.944729 1.000000
13 -1.238578 -1.329318 0.290352 1.292430 -0.907628 1.438347 -0.068969 -0.907252 0.226487 -1.480491 1.073140 0.902591 0.619090 -0.528817 0.901930 -0.178459 0.388317 -0.988220 1.959706 -0.378555 0.874712 -0.936254 1.329731 -2.316229 0.334186 0.226239 2.687741 -0.430090 1.692196 1.666509 -0.331804 1.191948 -0.204047 0.974045 -0.076099 1.794050 0.341385 -1.608435 2.274281 -0.056202 -0.097903 -0.627983 0.156747 1.580369 1.739128 3.678821 0.479871 -1.276650 0.420050 0.000261 0.480556 -0.528769 1.091738 1.801015 -0.713935 0.709450 -0.008668 0.674936 0.253597 0.858645 2.343871 1.000000
14 1.098902 0.106018 0.833240 -0.684331 1.889877 0.244919 0.466703 -1.107408 -0.925951 1.022656 -0.972150 -0.122824 -0.073744 -0.555536 -1.379567 -1.189722 1.214937 -0.850413 -0.851753 -0.120427 0.541453 0.655802 1.956190 1.301199 -0.896278 0.930560 0.263003 -0.446637 -1.361830 0.623309 -1.520552 -0.044964 -0.065312 0.259373 -0.431706 -1.168511 -1.646615 -0.615692 0.197997 0.451726 -1.110711 0.354186 0.041525 0.540687 1.310842 -0.256767 0.878996 0.131221 -0.375589 -1.154735 1.438052 2.688051 0.157909 1.381806 0.776248 -0.100971 -0.602529 1.174976 0.435775 0.334068 3.260487 1.000000
15 0.386352 -0.182162 -1.651339 -0.121252 -0.193915 0.039225 -0.258863 0.778446 0.892792 2.132298 0.311586 0.062589 0.476780 -0.937928 -1.589914 1.084650 0.197700 -1.955833 0.175341 2.051157 1.009674 0.373853 -0.215372 0.224947 0.971502 -1.337503 -0.995702 0.254698 0.475043 -0.227718 -0.894493 -0.517223 0.140149 0.202239 -0.266298 -0.133777 1.701088 -1.360502 0.272401 -0.073322 1.841645 -0.954386 0.415088 -0.938100 -1.462669 0.236378 0.000586 -1.180590 1.866599 0.645085 0.063587 -0.404926 -0.791798 -0.879794 -0.167823 0.607451 1.301347 1.153783 1.227454 1.459860 0.887270 1.000000
16 -0.135233 -2.068973 0.898566 -0.235900 -0.079176 0.241677 0.004336 -0.383784 -0.106749 1.352119 -0.979868 -0.671003 1.286800 -0.791678 1.777103 -0.689320 1.809669 0.042387 -0.983695 0.629413 0.687221 0.826306 0.898413 0.333421 -0.390519 -0.684948 -1.528382 0.124433 -0.612891 -0.213042 -0.834957 -0.682386 1.514362 0.089673 -1.327043 -0.518202 0.861261 0.616747 -0.291006 0.493838 1.841380 -0.533600 -0.311837 0.444244 1.509230 1.949840 -1.121789 0.383611 0.022149 -1.565193 0.304597 -0.240327 1.136653 -0.354375 -0.161091 -0.683016 -0.128869 -2.996621 -1.924774 0.801342 0.788514 1.000000
17 1.181563 2.515993 1.028815 0.971906 -0.156920 1.097601 -0.198583 1.205731 0.000422 -1.253008 -1.006750 1.513902 -0.251380 -0.338039 -0.020022 -0.521751 0.137221 0.072624 -0.873758 1.143183 0.605855 0.778622 0.306025 -2.176035 -0.762195 0.049046 -0.521548 0.545285 -0.285206 1.588019 0.596146 0.700381 -0.428459 1.444266 -0.772277 2.703099 -0.281058 -3.049234 0.854943 0.682272 0.316083 1.123249 -0.389692 0.783331 0.182259 0.619674 0.093733 0.559671 -0.015812 0.416123 0.908982 0.041067 0.673341 0.266390 0.306134 -0.947152 1.000193 -0.727823 1.189583 -0.432174 6.244894 1.000000
18 0.470623 -2.120914 -0.008392 0.515994 1.359270 1.252193 -0.864332 0.424002 0.498006 1.161518 -0.880247 1.052664 0.499591 0.163124 -1.245284 1.142249 -0.593691 0.801810 0.638553 -0.020579 0.743477 0.348392 -0.420690 0.408690 -0.022347 1.198303 -0.369689 -0.661227 -0.619314 1.720097 0.868287 2.762112 0.266763 0.587904 -0.744937 0.785758 -0.446599 0.980153 -1.320402 1.389408 0.464076 0.556523 -0.585421 -1.521197 -0.485498 1.341871 0.107448 0.848619 -0.691016 -1.252484 -1.772401 -3.231108 0.164745 -0.156119 -0.042940 -0.438432 0.466510 0.228317 0.446346 -0.095390 4.822214 1.000000
19 0.813796 0.213510 -0.785925 0.301602 1.790517 -0.109785 1.492074 -0.802333 -1.339129 -0.881486 0.945588 0.281492 -1.379564 -0.402786 -0.454853 0.016202 1.557806 0.313718 -1.362589 -0.202367 0.117523 0.655650 1.081274 -0.262621 0.551132 -0.295062 1.319673 -0.403823 -0.220175 0.639692 0.618661 -0.418676 -0.389220 -0.573404 0.522963 -0.745179 -0.614688 -0.059637 -2.561850 0.290658 -0.357232 0.092396 -0.519005 -0.347697 0.134636 -0.955371 0.919974 1.281332 -0.633978 -0.357781 0.187083 0.041539 -0.097387 0.172507 0.283787 -0.830398 -1.235556 -1.029854 0.914167 -1.510095 7.265200 1.000000
20 0.486956 -0.149626 -0.496723 1.737730 -1.661730 0.283305 0.320085 -1.052838 0.908698 0.048914 0.489592 1.369760 -1.059053 2.194069 0.807530 1.338945 0.416865 1.674149 -0.672445 0.505284 -0.357383 0.567024 -0.151987 0.962470 0.275211 0.613750 -0.722932 -1.063099 -0.397410 1.725949 0.086074 -0.572418 1.091500 -0.409293 -1.360965 1.148317 0.862724 1.873289 -0.050366 1.617309 -0.226203 1.993241 1.560788 -0.433548 1.134278 -0.558735 -0.140108 -2.331218 1.702902 -0.767042 1.547527 -1.430469 -0.961264 -0.516692 -1.503148 -0.107817 -1.214284 0.724019 0.450886 -0.964521 0.861309 1.000000
21 0.747785 0.816282 -1.603779 -1.908149 0.373813 0.249146 -0.096619 0.650305 0.336511 0.044275 -0.205964 -0.733338 0.594033 0.155761 0.020837 1.204706 0.356818 -0.285247 0.802756 -0.259990 -0.295080 0.866413 0.517626 1.565987 0.799407 -0.632766 0.949618 0.195091 0.503145 1.174087 0.874850 -0.535256 -0.041165 -0.558025 1.051944 1.688936 0.222924 0.242461 -0.164495 -0.246592 -0.057430 0.256062 -0.416680 0.115888 -0.403783 0.150883 0.728100 -0.870171 -0.452697 1.019284 0.070583 -1.662221 0.427729 -0.665061 1.237938 -0.308297 -0.729664 -1.370495 0.166761 -1.442073 19.411896 1.000000
22 0.586625 0.184376 -0.984468 -1.164681 0.295734 0.237656 -0.282819 -0.790895 1.473724 1.005899 -0.255849 0.640336 -1.077560 0.140005 0.438694 3.222811 1.192266 0.130299 1.694653 1.049109 0.058514 -1.137568 0.683151 -1.476038 -0.457009 0.262950 0.711004 -0.604202 1.927980 0.603823 -0.065923 0.273023 -0.226150 -0.158079 2.023928 0.319324 -1.821563 0.330060 0.952905 -1.213342 1.412492 -0.517973 0.745733 -1.158370 0.265333 1.241077 -0.214559 0.402311 -0.506391 1.273997 -0.819217 -0.772815 0.679680 0.454986 0.443193 -1.151103 0.453217 1.059174 0.367732 0.275169 0.460229 1.000000
23 -0.282514 1.054087 1.425056 -0.695518 0.195570 1.161784 -0.349686 -0.784237 -0.245536 0.455696 -0.612506 -1.272566 -1.031349 1.071109 0.279431 1.336053 -1.491601 -1.533351 0.501487 1.281353 -1.006764 2.562826 -0.192484 -1.257786 -0.872826 0.192538 1.240905 -1.111989 -0.973407 -0.243748 -0.192630 0.952878 0.631440 0.254290 -0.870873 -0.687120 -1.129132 -0.095431 -0.697415 -0.917643 -0.081340 0.217879 -0.291137 0.560250 0.199201 -0.785084 -0.981109 0.150491 0.567109 1.287475 -0.425615 -0.900765 -0.901913 -0.881820 -0.031975 0.161204 1.379717 -0.261461 -1.044340 0.654717 6.490163 1.000000
24 -0.851245 -1.684704 0.414115 1.484300 -0.404590 -0.565197 -1.204229 0.808563 0.008359 1.084769 0.996278 -0.196648 0.452600 0.610652 0.583664 -0.028285 -0.538980 0.546267 0.015742 0.823040 -0.954226 -0.879269 -1.284050 -0.002748 0.663793 -0.065612 1.813589 -0.576973 -0.689211 0.951630 0.086386 -0.903529 0.728085 -0.890517 -0.609665 0.014632 -0.088648 0.983325 -0.483879 0.156299 -1.145645 2.387165 1.451017 -1.145934 1.899251 0.865844 0.203647 0.128911 0.733974 0.596824 -0.353370 1.115927 -1.356369 -1.679018 0.307839 -0.964851 -1.994441 1.221165 -0.467105 -0.485584 2.583199 1.000000
25 0.866069 -0.410985 -0.694327 -0.401749 -0.127960 -1.294911 -0.574338 -0.180762 -0.707519 -1.568371 0.769473 -0.281465 -0.601089 0.468236 0.667897 -0.183286 -0.523694 2.055856 -0.156603 -0.880234 0.823679 0.122870 0.063144 -0.457551 -0.997220 0.301678 -0.120369 -0.472660 0.599360 0.500093 -1.233969 -0.503497 -0.896047 1.641778 -0.081888 0.990914 -0.867923 1.444321 -1.359600 -0.189209 -0.416625 0.183560 0.472813 0.221820 0.101173 1.459849 -1.211816 0.763334 0.224379 1.517489 1.235397 -0.257160 0.921578 -0.313108 -2.280257 1.514281 0.478528 -0.509475 1.376597 1.166000 6.816481 1.000000
26 -0.486162 0.754945 -0.823779 -1.705546 0.505641 0.332404 0.387097 -0.684752 -0.554805 0.527726 -0.149734 -0.967272 0.298836 1.046414 -0.390386 -0.381732 0.035376 -1.415982 0.655912 0.652412 -0.116521 -1.201066 -0.642620 -0.784848 -0.512343 -0.189959 -1.133956 1.068085 -0.807987 -1.424786 1.210018 -1.336363 -0.094851 0.528675 1.394053 -0.038038 -1.566654 0.937986 0.125420 -0.371269 1.189663 -0.719347 -0.709595 -0.763702 -0.312403 -0.049160 -1.711275 0.008685 0.000520 3.521133 0.670535 -0.587228 -2.215565 -0.454782 -1.120820 0.180363 1.220561 -0.080675 -0.993383 1.005072 0.413154 1.000000
27 0.991213 -0.750461 0.093257 0.552568 -0.822908 1.727959 -0.172921 0.558466 0.753343 1.488908 -0.787750 -0.647081 -0.561657 -0.696294 1.796864 -0.553879 -1.326134 1.905465 -0.019038 -0.784110 0.854003 -0.823929 2.072812 -0.708578 -0.112458 -1.171968 -0.061469 -0.244010 1.681413 -0.056282 -0.127883 0.308171 0.653633 0.234719 -1.446723 -1.329746 -1.461179 -0.291952 2.055783 -0.997787 0.400750 2.698447 0.167987 -0.532449 0.510926 0.771070 -0.923330 0.305842 -1.688273 -2.479705 0.313027 -1.002417 2.392637 1.139679 0.033208 -0.857396 -1.219823 -1.352956 -0.409113 -1.631133 0.282256 1.000000
28 -0.430465 -1.189451 1.470336 -2.093095 0.416739 0.060986 0.343544 0.037101 -0.456258 0.882231 0.172542 0.124632 -0.322142 -1.720868 0.176238 0.022909 0.234670 -0.654975 2.567863 -1.307848 1.598858 -0.379177 -0.752674 -0.305485 0.694658 1.205306 -0.775895 -0.022950 -0.562518 0.719854 -1.097744 0.140446 -0.268898 -1.015785 -1.342421 -0.991093 0.607173 0.773480 -0.158246 -0.713361 0.280123 -0.431126 0.420621 -0.604638 1.760860 1.069923 0.099502 -0.604596 -1.752666 -0.952444 -0.491013 1.091423 1.233108 1.768423 -1.738129 0.527523 -0.053671 0.363735 -1.204761 0.505095 9.293562 1.000000
29 0.464376 0.503907 -0.625196 2.581260 0.699946 0.294393 0.070735 -1.811977 0.617770 2.220620 1.687604 1.143875 -0.823869 1.033078 -1.026334 1.927215 -2.561925 -0.172411 0.099388 0.871049 0.651164 0.254198 -1.073042 1.288053 0.810937 -0.495395 2.184001 0.241350 -0.747781 0.520399 -0.034329 1.299458 -0.334498 0.443034 1.513164 -1.014854 -1.768962 -0.534662 -0.568656 0.116690 -0.980861 -1.118070 1.826230 0.647440 0.618736 -2.179268 -0.612890 2.086999 0.139047 -1.255245 0.437039 -1.598019 1.871448 -0.425019 0.328101 -0.158044 1.471188 0.139195 -0.471812 -0.966754 0.778251 1.000000
30 -0.342221 0.085979 -1.604260 -0.456292 -0.872539 -1.654008 -0.658010 -1.249947 -0.379713 0.415394 -0.871067 0.013238 -0.037702 -1.294766 -0.361251 0.642202 0.416376 0.591354 1.027776 1.527382 -0.089364 -0.713778 0.430986 1.261557 1.782324 0.635650 -0.641850 0.129179 -0.865456 1.974848 1.353242 -0.725657 0.023602 -0.697682 0.809115 1.793617 -0.112600 -0.817618 0.177109 -1.111094 1.340900 0.562905 -0.025041 0.016448 -0.707902 -1.197811 -2.053465 -1.107325 -0.473460 0.292559 -0.544349 -0.370830 -0.128285 0.948577 1.676945 -0.556267 2.175322 -1.319432 -0.450868 -1.296991 1.402463 1.000000
31 0.651762 0.211267 -0.938999 0.219915 0.387081 -1.094046 1.621766 -0.083178 0.087804 -0.279088 -0.881616 -0.269334 -1.534159 -0.071668 -0.757464 -0.046504 0.292644 1.995678 0.164249 -0.424541 -1.557026 0.415448 0.735643 -1.841460 1.148144 0.487516 0.868503 -0.394936 0.798941 -0.508123 0.157593 -0.204268 -0.245861 -0.063337 -0.808573 -1.472122 0.491972 0.022011 0.273912 -0.995531 0.403502 -0.059745 -0.010910 0.161481 -0.532804 1.383603 -0.051739 -0.532839 -0.488845 -0.186410 0.114327 -0.233269 -1.454980 0.320422 0.474245 -0.446896 0.590979 -1.451746 0.367494 -1.471746 1.232416 1.000000
32 1.030163 0.131442 -1.475460 0.631349 0.820646 0.697394 -0.303710 0.795795 1.800361 1.316336 0.761235 0.779699 -1.762913 -0.063765 0.116280 0.674043 0.857003 -1.380099 -0.976980 1.262172 -0.986172 0.981682 -0.552103 -1.757671 1.319592 0.637658 -0.750408 0.484409 0.111345 2.084982 -1.556182 -0.773725 -1.677186 0.519590 0.483372 0.485480 0.628267 0.632763 -0.887230 1.146081 0.243943 0.281301 1.345286 0.097199 -0.523531 1.121074 0.387149 1.145515 0.341950 -0.425556 -1.171509 0.919458 1.211089 -1.534382 1.447777 0.667061 1.601448 -2.077772 0.391815 3.601143 6.109010 1.000000
33 -0.443576 1.140477 -1.117300 1.328811 0.347984 -0.235515 1.359658 1.558053 -0.345676 0.651682 0.327813 -1.201568 0.394252 1.301288 -0.308793 -0.095988 -2.213395 -0.192837 0.662728 0.349577 0.155316 -1.067778 0.067381 1.544811 -0.202824 0.374547 0.131975 0.722206 -0.872969 0.512540 -0.427331 -1.665629 -0.260186 -0.287161 -2.034542 0.863491 0.051185 1.837089 0.669220 -0.175325 0.895437 1.028123 1.115326 0.665569 -0.018780 0.089213 0.948315 0.376786 0.812831 -0.117069 -0.672124 0.883370 -0.899397 -0.592195 0.841006 0.340662 1.304553 1.559484 0.465281 -0.858682 2.935796 1.000000
34 1.262288 -1.369072 0.262221 0.660042 0.687715 -0.541151 2.340157 -1.084066 -0.264286 -0.292550 -0.559400 -0.192612 -0.881691 0.066282 -0.714762 -0.225138 1.100100 0.178128 -0.284621 0.788690 0.692939 0.685971 1.748149 -0.282345 0.108295 0.460936 -1.596890 -0.473156 -0.340995 1.247676 -0.274453 2.317276 0.826618 -1.369756 1.414090 -0.016651 0.645665 -2.088980 1.011213 0.483836 1.763248 0.224200 1.363294 1.329389 1.832443 1.332993 1.225817 -0.882344 0.421490 0.557808 0.336696 -0.474879 -0.082180 1.103105 0.627718 -0.289468 -1.041537 -0.383792 0.841831 2.314650 1.882347 1.000000
35 1.773147 0.714011 1.561890 -1.254259 0.750058 1.415761 -0.318603 -0.306953 -0.149949 -0.415432 0.054172 0.772323 -0.182179 0.483201 0.211639 -0.724161 -0.664016 -0.253109 1.268550 1.557855 -0.229490 1.618048 -0.606533 -0.844500 -0.724399 -0.996414 -0.414647 0.192400 -0.644601 -2.013727 -1.272797 -0.175836 0.185456 0.146881 0.171097 0.490400 -1.213333 -0.091889 -1.376414 -1.449393 -0.598134 0.908220 1.369948 -0.118368 -0.623534 -1.093472 0.182301 1.182820 -0.367349 0.513201 0.442135 0.606160 1.357208 -1.011668 0.905895 0.033268 0.940687 -1.374223 0.330867 -0.839567 1.911636 1.000000
36 -1.674377 0.812933 -0.484319 0.520381 -1.465329 -1.761967 -0.510788 0.212912 -0.272745 -1.082285 -0.469675 0.739505 0.384691 -0.126764 0.140883 0.720187 -0.119637 1.175256 0.989778 0.521285 -0.123298 -1.249796 -0.021849 1.144503 0.634177 0.639236 0.901413 1.149144 1.975548 -0.480437 0.977369 -1.130100 0.690132 -1.201327 1.672645 0.114917 -0.873775 1.560880 -0.464035 1.065404 -0.528425 1.506431 1.026518 0.600815 0.970075 -0.566364 1.345200 1.139507 1.294254 0.736764 0.948833 -0.015970 0.392477 -0.471895 -0.812796 -0.642713 0.267721 0.721402 0.353134 2.045262 2.218859 1.000000
37 -1.010948 -0.267627 1.528000 -0.082285 -0.284747 -1.061905 -1.187151 2.091577 0.554774 -0.764188 1.157662 -0.560988 -0.055625 -2.641274 -1.257304 -1.617326 -1.466983 -0.303553 -2.007778 2.330137 -0.457416 -0.264626 0.250680 0.084273 -0.194457 -1.400317 0.068003 0.571095 1.443072 0.197827 0.012020 -0.946554 0.707744 -0.616973 -1.315779 0.368696 1.040564 0.333952 0.575679 1.349346 0.675682 -0.515300 -0.579361 0.263321 -0.351450 1.243316 -0.705909 0.916332 1.049976 0.388497 -0.078300 -1.408014 -0.221394 1.883022 0.878209 1.069098 1.464142 -2.413919 -0.399122 -0.829228 9.803816 1.000000
38 -0.017051 -1.741121 -0.610003 -0.408554 -0.666025 0.999258 0.574290 0.323312 -0.325536 -0.904560 0.968258 1.514185 -0.309680 -0.348631 -0.352843 -1.695774 0.351663 1.670531 0.550209 -2.030657 0.323413 0.363961 1.069757 -0.281973 0.226577 0.111263 2.096697 -2.042672 0.200495 0.245706 -0.243190 0.905602 -0.195680 -1.159574 0.571229 0.772461 -0.111090 -0.899521 1.251540 0.760055 -0.294516 -0.997697 0.555505 1.955278 -0.041211 0.036219 0.021638 -0.904982 -0.058251 0.961371 0.089563 -1.953318 -0.266092 0.529558 -0.435911 -0.566604 1.142220 -2.827105 0.400913 -0.295793 22.604141 1.000000
39 1.061211 0.527260 0.722306 -0.876125 -0.527745 0.186304 0.865607 0.970177 0.789612 0.240284 -1.291919 -1.067704 0.017209 -2.393359 0.605829 -0.112378 -0.142231 -0.912535 -0.169014 -2.200673 0.493223 0.441235 0.339370 1.012151 0.855270 2.140473 1.065194 -1.762103 2.521593 -0.061908 -0.296040 -0.624067 -0.513939 -0.173852 0.230470 -1.379267 0.213175 -0.698895 -0.717339 0.089890 -0.750452 -0.544051 0.295634 0.245640 -1.889780 -0.487507 0.376422 0.863866 -1.269023 -0.181200 -0.833596 -0.367428 -0.504128 -1.916145 1.968962 -0.255030 0.422692 1.024403 0.345945 0.688720 8.600230 1.000000
40 -1.101643 0.579133 0.772456 -0.967282 0.036619 1.201198 -0.750927 0.356308 -0.120782 -0.243805 -0.561691 -2.036059 1.047336 -1.086512 0.730180 1.102554 -1.712481 1.671935 0.651728 0.204493 0.487513 -0.139959 -1.732824 -0.345722 -1.389766 0.615981 0.397867 -0.628241 0.469138 -0.961668 -0.169097 0.211651 1.029744 1.529155 -0.990443 -1.344183 -1.705582 0.272573 -0.012900 -0.668087 0.249718 1.652166 -1.444537 0.765143 -0.731054 0.649936 -0.135611 -0.153702 -0.671510 0.060951 -1.626662 -0.076948 1.749936 -0.457600 -0.994214 -0.344758 0.301045 -0.282448 1.588269 -1.102166 1.452462 1.000000
41 -0.905615 -1.993135 1.931289 0.974715 0.128931 -0.094321 -2.025451 -1.029487 1.987056 1.934058 0.877467 -0.194883 0.276368 1.360378 0.109043 -0.413018 -1.757239 -0.382973 2.105323 1.575432 0.355698 1.293877 0.036468 -2.358634 -2.239882 0.836486 -1.521835 -1.049103 1.353794 -0.353863 0.385527 -0.571476 -0.366389 1.288325 0.631634 1.365195 0.051117 -0.633590 0.192096 -0.018274 1.281324 0.144310 0.482728 -0.040036 -0.202963 0.300669 0.351029 -0.266265 0.302227 -1.263034 1.850174 0.371382 0.343135 -0.374267 -0.009011 0.287142 -0.353419 0.274000 0.136172 1.325565 2.742410 1.000000
42 1.221110 0.434820 0.632582 -0.543149 -1.167303 1.254362 0.682870 -2.080565 -0.157940 0.116328 0.224722 -0.389573 0.703750 -0.751907 -1.104730 0.798666 0.323976 1.137904 -0.741321 -0.220188 0.270788 -1.099444 -0.037003 -0.332284 0.682506 -1.529567 -1.223706 0.381081 -0.709059 -1.595305 -1.303376 -0.260407 -1.774701 0.765364 -1.638912 0.279293 -1.538903 0.870107 -0.250154 0.545964 0.695859 -0.124207 0.527959 -0.238559 0.229980 0.147355 0.595820 1.624554 -1.138802 0.399428 0.930539 0.831491 -0.614712 -0.384039 -0.328528 1.286962 -1.480135 0.561126 -0.748138 -0.032516 2.984732 1.000000
43 0.567431 -2.660158 2.221874 0.613521 -0.277449 -0.299525 -2.172211 -0.495613 0.747945 0.403152 -1.053018 0.016449 0.279580 -0.482125 -0.612798 0.721921 1.113511 2.323465 -0.833053 -0.348739 0.846963 0.141357 -0.412866 -0.340954 1.034704 2.359581 -0.890129 -0.803082 -0.099656 -1.091987 0.493763 0.560692 -2.292603 -1.088503 0.484894 0.809029 0.329231 -1.035647 -1.006034 0.559791 -0.288513 1.996859 0.881360 1.594124 1.160571 -1.901104 0.817001 -0.077042 0.275763 -0.921311 -1.518867 0.830007 2.571305 -0.020294 1.165024 -0.357897 0.736882 0.187180 0.573818 0.479347 1.703260 1.000000
44 0.152297 0.917055 0.679532 -0.503582 1.337334 0.253213 -0.613250 1.547377 -2.665917 1.246733 0.387115 -0.305107 -0.946139 0.525057 0.569747 -1.067605 -0.659428 -0.161959 0.670363 -1.259270 1.366629 -0.401554 -0.385243 0.239616 1.609077 -0.087273 -0.342919 1.630117 -0.761471 0.032691 0.519889 -0.748929 -0.995341 -0.091440 -0.068837 0.327588 -0.962901 -0.347879 -0.804300 -0.968345 -1.430537 1.017861 0.385524 0.657495 -1.058415 0.035695 0.602491 -1.053451 -0.035741 -0.943285 -0.740559 1.126624 1.046856 0.808156 0.052757 0.458582 -0.987141 0.984716 1.121565 -0.356095 12.333164 1.000000
45 -1.268187 -0.213841 -0.854085 -1.507208 -0.921024 -1.902653 2.208597 2.777978 -1.010275 1.476283 -0.744635 -0.001100 0.015595 1.124369 -2.611880 -0.240465 -0.108780 1.068497 -0.347690 0.445880 0.447886 -2.404336 1.025537 -1.348762 0.337944 -0.522369 1.115439 1.823502 -1.689403 -0.404022 -0.194942 -1.568700 0.529896 0.764874 1.400016 -1.212473 -2.115171 -0.227396 -0.541371 1.338274 -1.227407 0.184645 -0.671710 0.615396 0.347444 -1.346330 1.771014 -1.551512 0.717100 -1.206317 -0.652507 -0.689448 0.457446 -1.262042 -0.932550 -0.107742 -1.663104 0.334473 -1.385215 -0.268541 0.908787 1.000000
46 1.564326 0.123693 0.431033 -1.646064 -0.726670 0.148202 0.317915 1.378517 0.501865 -0.448473 -0.690499 -2.004654 1.078975 -0.545496 -0.412141 1.974132 -0.026492 -0.764982 1.307903 0.562232 1.330874 0.393199 -0.291661 -1.650570 -1.254649 -2.001049 -0.324709 -0.068749 -0.634478 -0.823565 -0.074693 -2.435628 -1.422374 -0.410980 -0.491684 -0.434022 0.319559 2.464898 -2.157268 0.509882 -0.089391 -0.745449 -0.198018 1.267563 1.795982 -0.414010 1.668928 0.175781 0.345141 0.666308 0.372953 -0.235371 0.170798 1.212158 0.922940 0.379764 -0.548114 -0.061321 -0.009443 -1.281828 2.341350 1.000000
47 -0.083810 0.689402 -0.841138 0.957140 -0.538647 -0.712795 -0.110597 0.520039 -0.424177 -0.128113 0.760952 0.169203 0.523620 -1.556050 0.826885 -1.315266 0.520580 0.285311 1.785323 1.259472 0.213506 -0.166525 -1.074039 1.526576 1.451030 -0.986723 -1.523918 0.717487 -0.971083 0.807390 0.569910 -2.693818 0.770170 1.285610 0.539714 1.040775 -0.918445 1.426793 0.518990 0.707163 -1.113966 0.770227 -0.004214 0.403270 0.940350 -0.433398 -0.692827 0.590425 -1.033101 0.755644 2.278288 0.953513 -0.081359 -0.794862 -0.497963 0.073900 1.067290 -0.853113 1.618322 1.126895 2.303276 1.000000
48 1.247075 0.482983 -0.663998 0.639276 0.906027 -0.936011 -0.999744 -0.728178 2.215637 -0.024203 -0.187312 -0.064594 -0.499064 0.480971 -0.759708 0.820477 -1.775335 -0.003060 -1.247446 -1.398271 -1.466576 -0.242592 0.865328 -0.734249 0.945098 0.158645 -1.590031 1.798535 -0.218513 0.550586 0.446174 0.200205 0.323914 -0.090912 -1.917777 0.829217 -0.505044 0.216973 -2.291730 -1.662765 1.204220 -0.334079 -0.964305 -0.470115 -1.900164 -0.233521 0.316477 -1.233106 1.421466 -0.987007 -0.101291 -3.604968 -0.889884 -0.095147 -0.619251 0.147087 -0.644106 0.703298 -0.168419 0.695471 1.894397 1.000000
49 0.683861 0.862919 0.198691 -1.768898 -0.413772 -2.265037 -0.428095 0.266894 0.608373 0.265865 -0.997964 -0.435407 -0.341182 -2.733534 -0.308075 0.213650 -0.613203 -0.320171 1.553628 0.198005 1.665438 -0.824288 -1.025876 -0.583640 -1.056536 -0.111271 -0.090586 0.678843 -0.894357 1.189742 -0.986795 -0.355806 0.792999 1.153734 0.594861 0.435684 0.760543 -0.443945 -1.541130 -0.772979 -0.198073 -1.032924 0.438347 0.803047 0.772708 2.485515 1.608722 -0.463422 0.435182 0.965180 0.108689 1.430998 0.251325 -0.572310 0.565596 -0.178620 0.345665 0.664788 0.078645 -0.349988 1.179182 1.000000
50 -0.179288 -0.303277 -0.677141 -1.171949 1.266051 0.556357 1.160152 1.504985 0.517491 0.329209 0.001008 0.623557 0.581289 0.838137 0.347985 -0.675578 -0.842769 0.521118 -0.512747 0.841773 -0.559220 -0.246378 0.924156 -1.031398 -0.341018 -0.718686 0.044735 0.834259 -0.614860 -0.002046 0.401235 1.062097 1.163210 2.378901 -0.296245 -0.555707 0.201122 0.232458 -0.676424 -0.120035 -0.150700 0.070403 -0.861867 1.919011 -0.290812 0.369382 -1.584160 -1.590755 -2.260484 1.243216 -0.020407 -1.069771 1.178835 -0.736471 -1.703300 -0.096058 0.701231 0.147949 -0.191743 -2.025796 4.621983 1.000000
51 0.913388 1.860405 -0.925495 0.436285 0.085570 1.929683 -0.407301 -1.673686 0.596144 0.078466 -1.065744 0.914504 0.453322 -0.601205 -0.623775 2.177716 0.644903 0.128561 0.947454 0.470140 -0.394868 0.763871 0.109263 -0.096365 0.740703 -0.008353 -0.341049 -0.213843 -0.125309 -0.099647 0.461506 1.992750 -0.353926 -1.579675 -0.344301 -0.120659 0.363448 -1.619655 1.116119 0.316602 -1.113599 -0.973466 -0.023829 -0.816132 -0.454912 -1.302866 -1.196946 -1.259529 0.661825 -1.740303 2.072663 -0.122822 -1.094060 -0.846666 0.518444 1.629714 1.218169 0.502136 0.814893 -1.616823 3.670644 1.000000
52 -0.289640 1.010074 0.069825 0.843130 1.932210 -1.981273 -0.311410 -0.309565 0.346832 0.422987 0.539861 -2.361725 -0.119008 -0.274805 -1.313839 1.270232 1.318044 -0.347012 -0.092156 -0.425579 0.136981 -0.163333 -0.053604 1.409981 -0.723823 0.052311 -0.214043 0.606144 1.074474 -0.272388 1.014373 1.252836 -0.339451 -1.521683 1.003692 -0.290616 0.726812 0.614284 1.092958 -1.118321 -0.255243 -0.968715 -0.747641 0.910902 -0.955052 -0.842465 -1.268585 1.058150 -0.182439 -0.304262 -1.467807 -0.083798 0.950566 -0.407940 -1.015360 1.289931 0.052485 -0.297416 0.690637 -0.271637 4.947907 1.000000
53 -1.041364 0.408888 0.086053 -1.960329 -0.064462 0.550129 -1.232931 1.437919 -0.521231 -0.270804 -1.070047 1.598963 -0.191002 -0.262417 0.300133 0.275276 0.007055 0.510120 0.065378 0.284090 -3.002151 1.575177 -1.451650 -0.251274 -0.439842 -0.853279 1.069276 -0.832181 -0.154954 0.300646 -0.223733 0.553685 1.087861 1.121100 1.349660 -0.788993 0.890587 0.366182 2.076470 1.057825 -0.287820 -0.427917 -2.841801 1.775757 0.919434 0.508599 -0.728829 -1.676174 -1.476743 -0.665743 -1.724180 1.454064 -0.117659 -1.411279 0.064123 1.142260 0.494181 1.099200 0.420607 -1.017713 0.809235 1.000000
54 -1.141064 -0.999028 -0.541242 -0.538339 0.937054 -0.395620 0.542698 1.177700 -0.030277 -0.677701 0.564106 0.255586 0.842817 0.264733 0.329839 -0.120573 0.143361 0.281524 -0.893125 -0.280190 0.324241 0.419336 0.643723 0.144601 -0.638555 -0.329621 1.897214 1.608253 -1.934374 -0.380095 -1.261751 0.273826 -0.225305 -0.211315 -0.282645 0.797929 0.676423 0.831025 1.159354 -0.087224 1.502726 -1.370696 0.110252 0.505213 -0.305560 -0.044223 -0.517618 -0.631441 1.419842 0.414990 0.521646 1.377783 0.827137 2.436735 0.622462 1.096402 -0.904427 1.012602 -0.155238 1.227210 2.448509 1.000000
55 -1.517991 -1.116773 -0.546359 -1.385501 -0.887284 -0.334088 0.015977 -0.161694 -1.290289 0.738772 1.212106 -1.168246 -0.790955 0.718151 -0.062632 -1.230868 0.848929 0.663649 -0.616800 0.532459 0.126161 -0.906636 1.113882 0.242111 -0.864836 -0.274480 0.676639 -1.239212 -0.444059 1.316599 -0.543685 -1.759190 -0.661660 -1.222750 -0.401362 0.983831 1.059543 0.486107 1.528710 0.157337 2.096676 0.140384 0.366205 0.190709 0.543089 0.114807 -0.675976 -3.516151 -0.225444 -0.152191 -1.265559 -0.273579 0.229623 -0.792065 0.024523 -1.221821 -0.652926 -0.634152 -0.566809 -0.836878 0.090569 1.000000
56 1.101917 0.901819 0.162958 -0.517141 -0.999799 -0.427493 -0.544083 0.145757 0.418335 -1.004659 -1.277759 -0.820415 -0.879352 0.436517 0.220476 0.097069 0.774292 -1.959149 -0.837938 0.199654 -0.496163 0.124456 -0.926025 0.430067 -0.065889 -0.324328 -0.281311 0.781741 1.071664 0.664383 -1.794086 -0.883639 -1.528450 0.955205 -1.361743 0.146067 -0.889566 0.434278 0.912443 -0.545319 0.998590 -0.469741 -0.386985 -1.210951 -0.161175 -0.492108 -0.023745 1.261466 -0.449485 -1.527076 2.070892 0.413399 -0.748396 -0.817354 -0.345778 1.466356 -0.122982 -0.560561 0.962375 0.039883 3.386868 1.000000
57 0.138298 -0.434964 1.458102 0.421573 -0.685596 -1.097237 0.819712 1.074148 2.845122 0.461902 -0.269321 -1.251100 -0.219430 -0.137154 -0.182587 -0.376479 0.314833 0.719951 -0.216496 0.915872 0.930937 1.352058 0.188396 0.047743 1.883489 -0.383187 -0.243278 -0.312661 -0.291952 -0.436470 -0.243175 -0.391723 -0.293975 -1.497331 0.512126 -1.304397 1.136564 0.968025 0.024798 1.291740 -0.734282 0.676229 -0.225566 1.338200 -1.057829 -1.328784 0.738876 0.632495 0.344512 1.309804 -0.570392 0.102981 -0.311731 0.852700 -0.781779 1.417755 1.439476 -0.903079 1.814113 -1.726839 2.490380 1.000000
58 -0.377652 0.455203 -0.961923 -1.081380 -1.097055 -0.337392 -0.620519 -0.223244 -0.043555 -0.852929 -1.219169 -1.655631 2.159107 -0.461144 -0.045797 0.170093 0.126017 1.948489 -1.037310 -1.380822 -0.728256 0.518153 -0.158448 -0.894588 0.789290 0.245832 -0.186835 0.058729 -0.194084 0.260458 -0.269354 -0.147376 0.357702 -1.895816 -0.083902 0.272151 -0.286308 0.465051 0.230429 1.623962 -1.356197 -1.023371 -2.056527 1.970126 0.849834 1.059019 -0.653239 -1.257830 1.250270 1.050240 -0.690870 1.190895 -1.577545 0.934866 1.252360 0.740984 -0.376606 -1.066774 -0.431620 -0.231012 15.711836 1.000000
59 0.675692 -1.659021 -0.409878 0.823401 -0.759892 -1.138016 1.143460 1.814173 -0.540320 0.885823 -0.906406 0.526079 0.584997 0.244749 -0.232939 2.141401 -0.144312 -0.384903 0.054336 0.715180 0.148418 0.049813 1.501878 0.267148 -0.284249 -0.523706 1.130154 0.933681 1.710112 -0.535716 0.980837 0.410970 0.435959 -1.249120 -0.883993 0.399476 -0.598074 -0.503595 2.210808 0.583682 0.887871 -1.248621 2.111166 1.195744 -1.667139 0.097268 0.858503 -0.145043 -1.379222 0.553276 -0.553644 1.308430 -0.603894 1.031537 -0.536474 0.136672 0.243659 -0.474101 -1.283731 -0.683471 3.861827 1.000000
60 0.125887 1.167793 0.315199 -0.603409 0.435715 -0.224322 1.355230 -0.161483 -1.022877 -0.624053 -0.563709 0.477667 -2.004302 -1.509359 0.978731 1.656745 0.838834 -0.178741 0.115136 -0.596593 -0.185783 0.132627 0.548628 -0.634166 0.573740 -0.542151 -0.396220 1.395566 -0.406887 -1.128862 1.388552 -1.708950 -0.364143 0.481692 -0.242528 0.292757 0.551358 -0.119306 -0.588176 -0.377989 0.524928 1.056203 -0.859704 0.358870 0.936822 1.115695 -0.399066 1.342717 -0.288128 -0.313132 1.874110 0.084560 0.681428 1.450418 0.002528 1.126584 -0.818636 -1.882706 0.348304 -0.676711 1.743577 1.000000
61 0.326740 1.543315 -0.047965 -0.409632 0.555752 -0.464946 -0.626475 -0.855153 -1.792119 -0.805262 1.404245 0.680276 -1.116696 -0.336847 -0.678412 0.617048 -0.871296 0.905931 0.079031 -0.011064 -0.757533 -0.303902 0.443764 -0.085154 2.167905 -2.060970 -0.135652 0.255686 0.278379 -0.409392 -1.400356 -0.124255 -1.789077 2.306620 -0.255491 -1.205180 -1.192842 -0.449846 0.329100 0.169885 0.419199 -0.639115 -1.744482 -0.412986 0.057602 0.096542 1.488761 -0.320503 0.627619 1.584875 -0.205144 0.058408 0.718621 -0.730599 -0.410316 -0.765545 0.240508 -1.162598 -0.247360 0.203751 4.508434 1.000000
62 0.599362 0.713292 0.010691 0.248389 -0.455390 0.507969 1.340191 2.331819 -0.109419 -0.193770 0.959216 -0.294445 0.777891 -0.161108 0.211284 1.213044 0.628878 0.854269 0.672263 1.865221 -0.316827 0.066073 0.659082 0.831859 0.141918 -0.462013 1.676233 -1.678724 -0.044488 1.484377 0.051703 0.606402 0.191782 0.046607 -0.527535 -0.991267 -0.190883 -1.131582 -0.351125 0.347118 -0.738832 -0.144782 -0.744352 0.182107 1.613245 0.650155 -0.326026 -0.897900 0.120224 0.358153 -0.294185 -1.979321 -1.207063 0.022616 1.267764 -1.154261 1.182086 0.348411 -0.245437 -0.366814 0.233325 1.000000
63 -0.980518 -0.470110 -1.408710 0.528951 -2.637090 0.881082 0.517854 0.409496 0.101719 -1.137308 0.188003 -0.435246 -0.680435 -0.727608 1.201398 1.021438 -1.066097 -1.194786 -0.644467 0.046213 -0.279293 -2.179703 -0.637238 0.826628 1.737517 -0.607339 -0.456980 -0.919360 0.079579 -1.419614 0.427326 0.192689 0.118285 -0.203034 -0.548720 -0.533524 -1.336387 -0.699975 0.157000 -0.154332 -0.164386 0.332891 -0.148677 0.342752 0.960297 0.257844 1.286424 0.004591 1.142601 -0.067485 -0.459525 2.204966 -1.289426 -0.812206 0.509153 2.997741 0.364926 -1.178240 0.534117 -0.751611 8.468048 1.000000
64 0.644067 0.440318 0.782968 0.135806 0.832775 -0.100876 -0.274717 -1.422974 0.048105 0.734604 0.027773 -0.199835 2.568366 -0.499233 -1.240215 0.396547 -0.252363 -1.104769 1.784019 -0.558058 -0.638627 1.578246 0.718807 -0.305535 -1.697395 0.132676 2.940737 1.235835 -0.481426 -0.598749 -0.569978 0.491325 1.977157 -2.995360 -2.860317 1.326582 1.248114 0.857791 -0.197317 0.477441 -0.522000 0.628729 0.148599 -0.477467 -0.541246 1.413875 -0.102301 0.755918 -0.664626 0.895735 1.533740 -0.370948 -1.156024 0.796576 -0.717735 0.692239 -0.922254 -0.243216 1.471866 -0.307072 1.554250 1.000000
65 0.346734 -1.973900 -0.419908 0.798327 0.107257 -0.256459 1.310820 -0.475870 2.108857 -1.679989 2.466765 -1.243702 0.007166 -2.042954 -0.897136 -0.013752 -0.060856 0.179817 0.229296 0.025875 0.516275 1.799203 0.082818 0.970962 -0.391856 -1.426326 1.784330 0.672385 1.257383 0.415738 1.182010 1.845213 2.367244 0.065368 -0.206084 0.049409 -0.234494 -0.445919 0.614364 -0.845394 -1.086811 2.864371 0.981099 1.234792 -0.977549 0.636790 0.624737 0.666156 -0.615824 0.107742 0.483097 -0.533597 -0.321103 -0.590071 0.256201 -1.215931 0.114860 0.869181 -0.607434 -1.091174 0.065012 1.000000
66 0.686280 0.028779 1.022714 -0.580981 -1.051689 -0.066062 0.346446 0.231407 2.441121 0.502258 0.807684 0.125818 2.674687 -0.943515 -0.544703 -1.087495 -2.397184 -0.683603 0.946705 1.192756 0.238556 -0.247945 -0.699724 0.768568 0.440632 -0.092856 0.827328 0.986864 -1.790653 0.806865 0.664922 -0.691195 0.018359 0.791088 0.002197 -1.387373 -1.244514 0.626774 0.745907 -0.033401 -1.278250 -0.742875 0.352226 -0.065644 0.298667 -0.231023 -0.468164 0.816288 -0.261468 1.346456 -0.312582 -0.290033 0.141265 -1.351975 2.085227 -0.731209 -1.224867 -0.162460 -0.990990 -0.263698 5.266558 1.000000
67 1.437181 1.782322 -1.070796 1.030464 1.395594 -1.948889 -0.937428 1.779996 -0.762602 -0.011057 0.145320 0.738465 0.846591 -0.151255 0.204035 -0.275565 0.463255 -2.041963 -0.604061 -0.621302 0.440939 1.847601 -0.326814 -0.137907 -1.223246 0.265026 -1.469371 0.355243 -1.708365 -0.327859 -0.769522 0.361711 1.999148 0.933929 2.604931 1.206229 0.172938 -1.307328 0.034797 -0.072328 0.733467 0.644643 0.941581 -1.004189 0.258140 1.392294 0.480827 1.486731 -0.655259 1.389288 -0.834957 -0.937799 -1.341168 0.935882 -0.162685 -0.542914 -0.598505 0.318568 1.473172 0.078670 2.227496 1.000000
68 0.118659 -0.608499 1.092197 0.239441 -0.604986 -0.454084 -0.832187 -0.696612 0.216625 -0.932191 -0.814318 -0.159885 0.151052 0.248789 -1.276567 -0.564133 -0.262939 0.600319 -0.751093 -0.679083 1.253596 0.956400 0.146325 -0.213196 0.480827 -1.153927 0.333373 -0.292104 0.617380 -0.153113 0.444306 0.402683 -0.645279 -0.328117 2.760073 -0.425575 -0.085846 0.495580 0.765166 -0.492581 -0.293099 -0.203481 1.354442 -0.847278 0.892960 -0.035989 1.725308 1.693246 -0.926738 -0.447280 -0.112778 -0.180363 -2.322287 -0.939838 0.572760 -1.377074 -0.426819 1.356460 0.616204 -0.141223 2.687432 1.000000
69 0.711875 -1.141263 0.256238 -0.911543 0.813708 0.171787 0.505070 -1.094839 -2.032451 1.383204 1.532024 1.660190 1.804019 -0.202681 -1.409405 0.559509 -0.173532 -0.411929 0.966643 0.771904 -1.838148 0.630827 -1.139086 0.895343 0.132625 0.058318 0.631237 -0.353965 -1.738576 -0.278379 0.362383 -0.192414 0.745632 0.932649 -0.217956 -2.380923 -1.843735 1.075798 -0.569966 0.721407 -1.986091 -1.512888 -0.625940 1.956295 -0.615316 -0.497038 1.030351 -0.020530 0.228232 -2.317003 0.433718 0.678068 1.207660 0.889071 0.268058 -2.783767 -0.754531 -0.677611 0.216001 -0.716977 1.748929 1.000000
70 0.551202 1.167557 -0.298772 -0.248509 -0.880082 1.714006 0.749245 1.107074 -1.165556 0.403209 -0.312363 0.006149 0.928940 1.182188 0.570436 1.201106 -1.347389 0.852751 0.426278 -0.622358 1.516389 2.448609 -1.888705 0.099367 0.611446 -1.492106 0.796044 -1.136246 -0.202566 -0.824459 0.568934 -0.538641 -0.054496 -0.707617 -1.381689 -1.202149 -0.439394 -1.318381 0.232308 0.758226 0.007146 1.571304 -0.708086 -0.593051 -1.237085 -0.661965 0.120104 0.123428 -0.428852 2.466149 1.174698 1.520487 0.375701 -0.518051 0.282919 -1.403161 0.283553 -0.252950 -0.269061 0.945837 5.639994 1.000000
71 2.045757 -0.629352 0.293481 0.191680 -0.940888 -0.365154 -1.687415 0.390962 -1.166155 -0.093378 -0.287360 0.478711 -0.837380 -1.017632 -0.968587 -1.031723 -0.624480 1.308262 -0.842560 0.991956 -0.956164 -0.353617 0.451304 0.507292 -0.198154 -1.373495 3.260644 0.792792 -1.257861 0.319610 -0.034497 -0.693603 -1.012571 0.345169 -0.287292 -0.122760 0.321964 0.870985 0.488515 1.468548 0.972383 0.043608 1.171311 -2.171623 -1.237779 0.363916 1.209512 1.452504 -0.363657 -0.571885 0.334551 0.189638 -0.241510 -1.044263 -1.141861 0.576447 0.231795 0.858046 -1.405574 1.394566 5.406166 1.000000
72 2.241259 -0.499769 0.240093 -1.306019 0.305782 0.493519 -0.635420 0.392856 0.033912 0.291737 0.616809 -0.098605 -1.329187 0.475924 -0.617967 0.017282 0.041749 -1.878326 -1.372152 0.815137 0.402790 -0.311427 0.891377 0.783652 -0.265593 1.711799 -0.690059 0.653452 1.946925 -0.723072 -1.623914 -0.919888 0.545108 -0.095682 -0.869066 -0.841421 -1.387998 -0.214030 0.815993 0.536770 0.638059 0.000437 -0.911805 -0.089991 0.109519 -0.454915 1.360472 0.262106 0.179642 -0.001202 -0.362041 0.040676 0.158252 -1.067240 -0.378921 0.287962 0.206086 -0.064475 -0.126248 0.192150 2.130089 1.000000
73 1.461615 -0.802764 1.391111 0.408687 0.185162 1.190093 1.077680 -1.563281 1.777176 -0.605402 -1.877653 0.055473 -0.454221 0.155171 0.605272 -0.557085 -2.484401 -0.216628 0.836559 1.361432 0.912763 -0.172966 -0.898289 -0.308410 -0.396892 -0.179176 1.236676 0.007149 -1.389837 -1.444022 0.373226 0.348148 0.911802 1.019454 0.010336 -1.197641 0.128308 0.019938 -1.856265 0.518308 -0.651973 0.151612 0.278537 -0.597523 0.084095 1.382881 0.244613 -0.049094 0.192930 -0.605498 -0.012812 -1.426708 1.827782 -1.017686 0.734602 1.289676 -1.702059 1.008502 -1.075909 -1.288254 2.356285 1.000000
74 -0.349749 -0.828491 1.835679 -0.005231 -1.505778 0.659690 -1.596815 -0.590750 -0.272364 0.151036 -0.447053 1.161559 -0.346766 0.111852 0.491697 -0.653215 0.645449 1.434426 0.780466 0.304884 -0.647138 -0.408972 -1.775412 -0.689532 -0.405151 -1.045889 -0.282743 0.113641 -1.064533 -0.707494 -1.432127 -0.045580 -0.072935 -0.547936 -0.478975 1.545407 0.494950 1.196830 0.692920 -0.985799 1.407448 -2.376260 -1.239941 -0.275345 -0.962287 0.064256 0.721270 1.011574 -0.670869 -0.082441 -1.389483 -0.320736 0.203023 -0.418589 0.169904 0.647729 -0.385615 0.234575 -0.264458 -1.704791 0.660796 1.000000
75 1.114066 -0.070384 -1.115406 -0.552842 0.035570 0.354056 -0.572020 -1.286631 -1.317802 2.264711 0.111825 -1.311496 -0.075405 0.559334 0.060024 1.435441 1.412554 -0.248687 -0.195876 -2.243019 -2.199182 1.531062 1.259614 -0.330588 0.985699 -0.726906 1.118520 0.608384 1.255730 -0.006243 1.064789 -0.505329 0.001946 -0.570788 0.587162 -0.195245 -0.978188 1.384077 0.284799 -0.459696 -0.589401 0.884258 -0.125109 -1.149883 0.118273 -0.871059 -0.443717 1.316228 -0.807294 -0.912985 1.730547 0.319081 -1.862798 -1.258556 -0.335896 0.021687 -0.759089 -1.451943 1.182675 -1.203279 3.597486 1.000000
76 -0.288037 1.635810 0.066595 -0.746231 0.446536 0.188087 -1.380150 -0.348303 2.661975 1.052913 0.562335 -0.763506 -0.609428 -0.953548 -0.217621 2.252118 0.622308 -1.987453 -0.451943 -1.536333 0.952150 -0.327249 -0.775524 -2.041576 0.134220 0.651332 -0.218319 1.034500 0.969588 -0.032196 1.803876 -0.249805 -1.192938 -0.757519 -2.278416 0.173095 0.922527 1.104456 0.181154 -0.610102 -1.419795 -0.164409 -1.220604 0.604676 -0.940774 -0.357919 0.424583 -0.420400 1.268914 -0.086583 -0.107851 0.206054 0.980126 1.349096 0.634625 -0.056515 0.558853 0.530714 0.882023 0.472431 1.327680 1.000000
77 0.182536 1.368690 0.326971 -1.298282 -1.071457 1.200572 -0.583266 -0.554170 0.328198 -0.126932 -0.653445 0.820159 0.572041 -0.997867 -1.629570 -0.276929 -0.303887 1.066136 -0.179262 -0.702747 0.055149 -0.895506 0.466147 0.437610 2.500926 -0.235390 1.304285 -1.474292 0.086945 -1.232606 -1.536260 1.267319 0.122808 0.172098 -1.497945 -0.227026 -0.769373 2.209714 1.030473 -0.650864 0.086222 1.850552 0.738329 -0.989362 0.784265 -0.847967 -0.907759 0.277808 -0.717869 0.374221 -0.978176 -0.545281 -0.528784 0.243934 -1.055391 -0.669721 2.180589 2.368923 2.063858 -0.115562 10.389300 1.000000
78 -0.637643 0.510610 0.328568 1.627587 0.680455 0.078150 0.404171 -0.423655 1.372831 -0.184744 0.141956 0.001808 -0.383016 -0.663368 2.070636 -0.107442 0.027337 -0.121244 0.015267 0.025819 0.075023 -0.433587 0.477674 0.117448 1.474472 -0.822148 1.415776 -0.889149 -1.086441 -1.627878 -0.467404 -0.766185 -0.453062 -0.900063 0.853062 -0.104316 -0.308615 0.426055 -0.342659 0.565567 0.085431 0.002515 1.000964 -2.073772 -0.845278 0.624464 1.084404 -0.536127 0.815149 -0.705948 0.348194 -0.618898 -0.285498 -0.854741 0.687338 0.525797 0.622759 0.131964 0.552938 1.051766 1.691257 1.000000
79 -1.113214 1.365661 -0.336637 1.028683 -1.013433 1.383952 0.273789 -0.372277 -0.240788 -1.334555 1.676485 -0.522394 -0.100191 1.819955 -0.689523 -0.306712 -0.017771 1.762602 -0.714055 -1.328774 0.304922 -2.440771 -0.731532 1.300299 0.133305 -1.391841 -0.791086 -0.937133 1.384159 1.427931 -0.702797 -1.063181 0.031650 -1.433328 1.453555 0.435599 0.277643 -1.033342 -0.312306 3.346520 -1.062598 -0.161909 -0.571831 0.126389 -0.628713 -0.640231 -0.436719 0.128358 -0.364611 -0.567553 -0.646215 -0.061277 -0.008314 0.963744 -1.220618 -1.585537 0.726226 0.321271 -1.814632 -1.214384 2.415926 1.000000
80 1.571984 0.060492 0.464944 -1.734603 -0.552257 0.716522 2.314401 1.127970 0.195434 1.286507 0.463583 -0.903286 -1.376810 -2.276004 -0.991788 1.219236 0.049212 1.695969 -0.716809 0.279950 -0.037485 3.225736 -0.390840 0.404863 0.483404 -0.688064 -1.531204 0.088879 1.114506 1.595662 -1.459545 -1.180695 -1.165476 -1.177897 -0.303568 -0.579664 -2.519941 -0.650394 -0.619645 -1.116064 -0.006334 -0.663359 -0.433178 -0.063169 -1.257337 0.296334 0.311430 1.179691 -0.636493 1.136170 1.345965 0.637760 0.239174 -0.953232 0.376000 -2.494971 -0.729649 -2.104641 -1.381177 -0.352355 1.134165 1.000000
81 0.701257 -0.143204 -0.590467 -0.303604 -0.133342 -0.015194 1.066264 -0.284200 -0.548327 -1.991172 -1.678283 -1.544322 -0.826325 -0.235628 1.408880 2.886131 1.229482 -0.484071 -0.440579 1.424155 0.330696 -0.830808 0.483188 0.516456 -0.428832 -1.447488 0.596297 -0.050179 0.932215 0.661524 -0.042803 0.652882 -1.419832 0.343346 -0.763338 -0.282501 -0.891025 2.427106 -1.750537 -0.116969 0.389434 -0.036577 0.947108 -0.487540 -0.731291 -0.283397 -0.602243 0.728992 1.105084 -1.311075 -0.089013 0.635701 0.347090 0.054034 1.365869 0.384503 1.797624 -0.569206 -0.859284 0.843304 4.027965 1.000000
82 -0.034185 0.128113 -0.334222 0.176263 -1.483494 0.227780 -0.978561 -0.524217 -0.548284 0.627686 -1.258910 -0.806797 -0.516949 1.410302 -0.044921 0.589687 0.106121 2.784366 -0.405351 -1.113155 0.176934 0.017963 0.110146 -1.609171 0.440469 0.058968 -1.648767 1.175965 0.076787 1.149446 -1.595571 -0.916866 -1.261251 0.160596 0.272601 -0.038727 0.480776 0.542054 -0.281985 -0.801630 0.171741 1.008741 0.117675 -0.463175 1.242681 1.435747 1.412623 0.039894 -1.030960 -1.022051 -0.310616 -0.598004 1.508612 -1.667388 0.301451 -0.189209 0.699989 1.598175 -2.399018 0.365895 0.367652 1.000000
83 0.209695 -1.486486 0.223217 -0.761061 -0.156281 -0.261748 0.708972 0.124710 -1.886495 3.099365 -0.289410 1.032194 0.393290 -0.135868 -0.986099 0.063358 -1.035831 1.317041 -0.067185 -0.432439 -0.289550 0.963749 -0.546425 0.754335 -0.336478 0.216538 -0.390425 0.429112 -0.438521 -0.080008 -0.525854 1.261265 0.599072 -1.654084 1.289453 0.014015 -0.117488 -0.067460 -0.124004 0.043951 0.833127 -0.747812 0.468714 -0.282948 1.360256 -0.470693 0.627815 0.955689 1.705148 -0.099242 -2.017966 1.725933 0.300954 -1.212558 0.659706 -1.050562 1.186798 -0.455826 -2.182675 -0.135523 1.329983 1.000000
84 -1.132456 0.893786 0.364417 0.588673 -1.343586 -0.825593 0.294646 0.251118 0.197939 0.584373 0.433792 -0.877506 -0.905924 0.784453 -0.478285 -2.017741 -0.820429 -2.808712 2.497919 0.082176 -0.478290 -1.668857 -0.168089 0.353518 -1.443990 -2.136889 0.357250 0.458715 1.201652 0.174157 0.173299 1.077522 -2.286032 2.201277 0.077019 0.100287 -0.442277 1.010723 -2.478988 -0.864241 -0.092508 -0.591161 0.742527 -1.274898 1.318786 -1.049682 1.439901 -1.466635 -0.959438 0.605585 0.522722 0.053479 -0.781825 -0.230421 -1.137935 0.169174 0.591427 0.063917 0.474242 1.388706 6.937545 1.000000
85 0.637268 0.242067 0.185181 2.121303 -0.048529 0.607010 2.317590 1.337230 -0.480257 -0.123794 -0.606831 0.685373 -0.377501 0.611557 -1.225462 -2.398532 -0.076184 1.312619 -0.477575 -0.148230 -0.706203 1.067296 2.602124 -0.175416 2.009063 0.576450 0.894366 1.649610 0.211510 0.344410 0.959345 0.783959 -0.068702 -0.664372 -0.275143 1.034274 -0.415991 1.176873 1.566027 0.165728 -0.682192 -0.120923 -0.126991 -0.967075 0.572581 0.194328 -1.351367 0.705605 0.209753 0.444246 1.147299 0.962472 0.482146 0.243188 0.285675 -1.498200 -0.278889 1.895941 1.430602 0.041600 3.867331 1.000000
86 -2.115623 0.921070 0.438811 2.288581 -0.450326 -0.144114 -1.778451 -0.058412 -1.414903 1.837213 -0.364568 -2.340557 -0.580432 -1.806388 0.360381 0.237874 1.174075 -0.940450 0.900002 -0.340711 0.479040 -1.104203 -1.978299 -0.720784 -0.472968 -0.345078 1.054997 -0.524855 -0.508419 -0.319858 -1.728003 0.499243 0.941797 1.707789 1.343651 1.339011 -0.630079 -0.305809 -0.689748 0.060171 -0.184767 -1.828491 -0.620951 2.404035 -0.384159 -0.936313 -1.241742 -1.213586 0.721271 0.793223 -0.989529 -0.295290 1.740717 -1.191882 0.788434 -0.829968 0.999891 -0.158448 -0.705287 0.564126 0.935294 1.000000
87 0.482059 -0.728517 2.348843 -1.818242 0.806057 1.610525 0.475977 -1.135837 -0.192723 0.766345 -0.833864 -0.124338 0.809349 -0.702602 0.415420 1.301062 0.415435 1.847915 1.308529 -0.310405 0.745497 0.923904 -1.904018 -0.694687 1.622598 -0.084477 1.296869 0.017543 -2.237873 1.302367 -0.267860 0.366886 -0.000817 -0.586497 -0.268946 -0.280632 0.370175 -0.013575 0.318904 -0.162528 -0.987703 2.061419 -0.075699 1.308263 -0.078399 -0.621499 0.673938 -0.326110 0.707615 1.089884 0.833676 0.973309 0.801035 1.054317 -0.733972 0.671325 -0.515951 1.278792 1.635548 0.751085 9.342889 1.000000
88 0.223536 -0.831627 -0.388681 -0.374457 0.988556 1.617177 0.053327 1.093979 1.017783 1.942917 -1.188109 0.507108 0.408132 0.239426 -0.608911 0.869144 0.287291 -0.556562 0.783924 -0.389997 -0.523880 -0.841389 0.715955 0.147990 -0.319100 -1.321147 0.136116 1.141534 1.156360 -0.198842 -1.642698 -0.359817 -0.198384 -0.290743 -2.078484 1.272430 0.322349 -0.984620 -0.449509 0.664879 0.034819 -1.211680 -0.499880 -0.174740 -0.847568 0.290395 -0.333823 1.134381 0.097154 0.354719 -0.486520 -0.110154 -1.551550 -0.025800 0.159512 1.163638 0.600098 0.091972 0.673431 0.899713 0.882692 1.000000
89 -0.640349 -1.544019 -0.624504 1.724893 -0.801309 1.255788 -1.370141 0.923337 -0.219171 -0.416688 -0.539527 -0.476591 0.484862 0.014776 -1.620569 1.381400 -0.282922 3.210233 0.831969 -0.599163 -1.566146 0.805130 -0.184580 0.137351 -0.857672 0.255135 -1.326542 0.173117 -0.073106 -0.729899 0.026246 -2.009182 0.858652 0.149251 0.007444 1.937437 -0.430403 0.497345 -1.207966 -0.033085 0.924975 0.229574 -1.426396 -2.129797 0.850255 -0.950757 -1.011293 -0.147291 -0.268140 -0.959663 1.610362 -2.040973 -1.321392 0.220959 -1.108592 -0.600441 0.261357 0.107845 0.070940 1.045421 1.780418 1.000000
90 -0.812801 -0.671628 -1.316133 0.931673 0.323704 -0.130935 0.641859 0.799290 -0.131415 0.376307 0.616560 -0.738925 -0.172655 0.032127 -0.550972 -1.304249 -0.690056 -1.023740 -1.478824 -1.581790 0.896358 0.113254 -1.880341 -0.201203 0.161500 0.514405 0.108563 0.637622 -0.762374 -0.732632 -0.372943 -0.894640 -1.504389 0.748210 -1.498130 0.267376 -2.521299 0.609178 -0.489600 0.219671 -0.937329 0.225849 -0.591828 2.034657 0.382795 0.608116 -0.666666 -1.348633 1.748527 0.789781 -0.543175 -0.407282 -0.367903 -1.493472 0.978266 -0.580040 0.571751 0.383200 -0.078331 0.858056 4.175996 1.000000
91 -1.163262 0.951088 -0.946490 1.036421 -1.024354 -2.214911 -1.124121 0.310319 -0.955454 0.369101 0.711210 -3.417790 1.029503 -2.338664 1.963086 -0.324303 0.752006 1.077969 0.166090 -0.172009 0.774100 -1.089271 -1.178092 -0.179849 0.322331 -1.106940 0.660239 -0.719373 1.491712 1.588817 0.292415 -0.030081 0.764585 -0.553436 1.721237 0.411397 0.311975 1.015949 0.868473 -0.291112 0.075871 -0.864703 -2.035911 0.172238 -0.731801 -0.338509 -0.751954 1.565755 0.374706 1.043924 0.323327 -0.469223 0.157855 -0.017127 0.748048 1.833161 -0.437729 -1.081686 0.548596 -0.130127 26.775082 1.000000
92 0.276175 -1.159802 -1.445798 1.138728 -1.198687 0.912531 1.371769 0.639463 -1.151684 -1.677129 0.436513 1.040375 1.390344 -0.238126 -2.702194 0.727604 0.453461 0.398533 0.827543 0.648156 -0.179734 0.163872 -1.741461 -1.185078 0.637894 1.710835 1.262050 -0.437350 -0.863278 -1.083672 0.966912 0.038922 0.002694 1.265839 -1.298758 -0.499783 -0.291939 1.562268 1.552011 0.253949 -0.343382 1.194159 -0.334581 -0.239321 0.122036 -0.234036 -0.575850 1.105175 0.456833 -0.456989 -2.206019 0.388373 -0.247440 0.829188 -1.319574 0.749568 0.236988 -1.308408 0.289189 0.705147 2.210394 1.000000
93 0.617262 1.365493 0.439399 -0.992696 -0.098913 -0.603862 -1.979694 -0.025127 -0.381723 -0.624498 1.260750 2.130837 -0.217225 1.589189 -0.574706 -0.431998 -0.819194 0.285572 1.154113 -0.702350 0.237301 1.317312 0.613727 0.187292 -1.788237 -2.032661 -0.687345 0.409354 0.096401 -0.817980 0.714245 -0.269643 0.386334 -0.528398 -0.517665 0.743613 -0.193812 -0.453217 0.280051 -2.266228 -0.356668 -1.316167 -0.138183 3.846412 -0.791278 -0.824369 0.412611 0.498480 1.208159 0.921347 1.116657 -0.599994 0.021742 1.220029 0.600094 -0.574528 0.380070 0.685036 -1.473922 -1.049387 4.112327 1.000000
94 -1.051778 0.924882 -0.299210 0.801610 -1.229561 0.298032 -1.831648 1.854300 0.421283 1.541004 0.585251 0.359458 0.477017 -1.141106 -2.261090 0.176672 -0.373142 -0.311679 0.731771 0.665162 0.686442 0.461135 0.262076 -0.510957 -1.444839 1.378698 -1.478707 1.347554 0.187642 -0.611366 0.435225 1.899102 0.936054 -0.872751 0.019060 1.869931 -0.661279 -1.042367 0.371136 0.706208 0.593690 -0.381923 -0.313898 -0.466452 1.414320 -1.563625 -1.287850 -0.652456 0.732935 -0.163826 -0.461243 -0.199734 0.414253 0.599145 -0.347412 -0.470314 -1.624669 -0.133184 -0.701913 1.451044 0.546332 1.000000
95 -1.012295 -0.115080 -0.975504 0.229341 -0.409124 0.069400 -0.913133 2.229433 -0.439482 1.562282 1.282948 -0.420817 0.388936 2.149435 0.255896 0.564487 0.762931 -1.663324 0.107931 0.648365 0.044025 -1.388233 -0.338619 0.441987 0.414751 0.375208 0.399375 -0.052983 0.192420 0.107340 1.612925 -0.412887 0.503809 -0.519028 0.752199 0.353908 -0.207569 0.839089 0.868524 -0.459279 0.719317 -0.167832 -0.859506 0.715871 -1.152908 -1.281017 0.149188 0.030343 1.242050 -0.704371 -0.199626 1.248788 0.139203 -0.932891 -1.834318 0.378027 -1.932341 0.212736 1.098294 -0.783155 3.314355 1.000000
96 -0.859347 0.566592 -0.309671 0.641424 1.484631 0.749593 0.702554 -0.002912 -0.092840 -0.361960 -1.414798 1.774583 0.042561 -0.738158 -0.597408 0.965699 0.057152 -0.465737 1.266653 -1.036782 2.108772 0.061220 0.527016 -0.752772 0.298326 1.002820 0.911358 -0.243528 1.537143 -1.141154 0.247862 -1.253438 0.384989 -0.152752 0.109965 0.564662 -0.156512 1.027522 0.783790 0.800963 -0.987586 -1.578741 0.011079 -2.056129 1.155111 -0.542952 0.594937 0.812116 -1.669820 0.263113 0.277222 -1.133032 -1.465586 -0.802364 -1.062378 3.419186 0.773034 -1.109248 -1.256931 -0.436270 0.348056 1.000000
97 1.761241 -0.107747 0.910014 0.344856 0.120850 -2.252364 1.243965 1.747719 -0.062652 -0.601217 0.147643 0.939672 -0.165258 0.424493 -0.234915 -0.002449 0.306882 -0.105043 -0.174669 -0.001126 0.797455 0.537237 -0.522315 2.363659 -0.235741 0.342897 -0.776810 -1.055595 -1.007469 2.073899 -0.123859 0.709972 -0.775879 1.490597 0.116805 -0.013883 0.027243 -0.524615 -0.333109 -2.342556 -0.001173 1.228244 -1.331354 -1.123348 -1.576660 0.363608 -1.137186 -0.081684 0.127936 -0.298169 -0.442496 0.583792 -0.515323 -0.855775 0.259946 3.306582 -1.959171 1.122857 -1.364504 -0.284010 0.336438 1.000000
98 -0.381205 0.842368 -2.052580 -0.731226 -0.454719 0.350442 1.747981 -1.841971 -0.305264 -1.301432 0.910603 0.329919 -0.688031 0.739931 0.205660 0.020103 -1.142738 -1.509009 -0.201981 0.655323 0.107291 -0.789446 -0.518836 -1.168390 0.017329 1.007056 0.834538 0.428139 -0.476764 1.269057 0.287694 -0.736630 0.100450 1.020771 -0.331468 1.044508 1.549150 -0.625353 -0.249778 0.125846 -0.085016 1.856870 0.534320 0.133296 0.550872 0.007589 -1.904724 0.319077 -0.365196 0.557175 2.098173 -0.195432 -0.216003 -1.018812 -0.494326 0.302306 -0.203143 2.085971 -0.464232 0.358558 0.865108 1.000000
99 0.504796 -0.389376 0.303542 -2.117899 -0.265647 1.769523 2.202961 0.994467 1.341087 1.313647 -1.247291 -0.567176 0.530429 2.263423 -0.871855 -0.777506 -0.429708 -1.826766 -0.450062 -1.331462 1.282673 -0.235570 -0.115730 -0.758058 -1.235401 -0.733636 -0.006262 -0.772436 -0.446011 -2.156302 1.002360 1.406998 0.409760 -0.917273 0.677978 -0.821124 -2.668630 -0.132908 0.249495 1.009234 0.836222 -1.826248 -0.842133 0.304096 0.247809 -0.461065 -0.258650 -0.705930 -0.594779 2.415460 -0.609047 -0.690684 0.919840 0.485684 -1.025505 -0.961774 1.537276 0.720396 2.239716 -0.685702 1.791510 1.000000
100 0.570133 -0.084637 0.439861 0.986740 0.015351 -0.115695 1.296675 0.341028 -0.994187 -1.430712 0.038085 -0.591836 -0.722151 0.522721 0.229192 -0.209209 0.593444 0.969755 -1.769785 0.279136 1.008499 0.348749 0.327698 -1.490017 -1.412430 0.146212 -0.115364 -1.193497 -0.800547 1.062257 -0.104605 0.404262 0.215884 0.134401 1.327902 0.110400 -0.858404 0.112422 0.589536 0.354985 -1.852165 -1.086895 -1.081371 -2.692072 -0.094236 0.609478 -0.532207 0.592651 1.105737 0.380859 0.841550 0.422432 0.993787 -0.870111 -0.155122 2.046261 -0.422646 1.466889 -0.607151 0.560560 10.142142 1.000000
uncorrelated Gaussian covariates
missing covariate fraction: 0.000000
no latent classes
   lambda(t|risk 1)=C, <t>=4.000000 for zero covariates
   risk 1: beta[1]=0.000000
   risk 1: beta[2]=0.000000
   risk 1: beta[3]=0.000000
   risk 1: beta[4]=0.000000
   risk 1: beta[5]=0.000000
   risk 1: beta[6]=0.000000
   risk 1: beta[7]=0.000000
   risk 1: beta[8]=0.000000
   risk 1: beta[9]=0.000000
   risk 1: beta[10]=0.000000
   risk 1: beta[11]=0.000000
   risk 1: beta[12]=0.000000
   risk 1: beta[13]=0.000000
   risk 1: beta[14]=0.000000
   risk 1: beta[15]=0.000000
   risk 1: beta[16]=0.000000
   risk 1: beta[17]=0.000000
   risk 1: beta[18]=0.000000
   risk 1: beta[19]=0.000000
   risk 1: beta[20]=0.000000
   risk 1: beta[21]=0.000000
   risk 1: beta[22]=0.000000
   risk 1: beta[23]=0.000000
   risk 1: beta[24]=0.000000
   risk 1: beta[25]=0.000000
   risk 1: beta[26]=0.000000
   risk 1: beta[27]=0.000000
   risk 1: beta[28]=0.000000
   risk 1: beta[29]=0.000000
   risk 1: beta[30]=0.000000
   risk 1: beta[31]=0.000000
   risk 1: beta[32]=0.000000
   risk 1: beta[33]=0.000000
   risk 1: beta[34]=0.000000
   risk 1: beta[35]=0.000000
   risk 1: beta[36]=0.000000
   risk 1: beta[37]=0.000000
   risk 1: beta[38]=0.000000
   risk 1: beta[39]=0.000000
   risk 1: beta[40]=0.000000
   risk 1: beta[41]=0.000000
   risk 1: beta[42]=0.000000
   risk 1: beta[43]=0.000000
   risk 1: beta[44]=0.000000
   risk 1: beta[45]=0.000000
   risk 1: beta[46]=0.000000
   risk 1: beta[47]=0.000000
   risk 1: beta[48]=0.000000
   risk 1: beta[49]=0.000000
   risk 1: beta[50]=0.000000
   risk 1: beta[51]=0.000000
   risk 1: beta[52]=0.000000
   risk 1: beta[53]=0.000000
   risk 1: beta[54]=0.000000
   risk 1: beta[55]=0.000000
   risk 1: beta[56]=0.000000
   risk 1: beta[57]=0.000000
   risk 1: beta[58]=0.000000
   risk 1: beta[59]=0.000000
   risk 1: beta[60]=0.000000
