1 0.017400758429 1.031425280990
2 -0.078293520352 0.863428077530
3 -0.225406447086 1.056640981140
4 -0.107213154181 1.146335210599
5 0.026601524919 0.915662778292
6 -0.003440042636 0.977369988416
7 -0.079694133263 0.964735123342
8 0.040779423248 0.931146249872
9 -0.060275738412 1.070937847568
10 0.040400423526 1.091168879188
11 -0.116137454386 1.035048688035
12 -0.275691911177 1.056870927345
13 -0.057062935772 0.955480587538
14 -0.072043907968 1.076423403059
15 0.029915991118 1.007120400698
16 -0.103329596797 0.943584954254
17 0.059244632931 0.987422807585
18 0.019069134906 0.942448883911
19 0.142101750620 0.930709719373
20 0.011789513571 0.966552683999
21 0.003750604924 1.001151823483
22 -0.047783759893 1.123166273192
23 0.036436237714 0.949645683174
24 0.065712033521 1.009737490215
25 -0.003642923635 1.050740835586
26 -0.165172800495 0.967813588767
27 0.163534393253 0.935383249223
28 -0.052551023728 1.133219021724
29 0.061640271678 0.866068735851
30 -0.087006105661 0.911279451173
31 -0.077770003676 0.874194888614
32 -0.069944680454 0.846133659690
33 -0.054265322702 1.085193934413
34 0.217736081435 0.822609584266
35 -0.031785226105 0.920286228373
36 0.105594575261 0.948291712582
37 0.055698227521 1.000099409809
38 0.049594369082 1.062581929747
39 0.055608240354 0.924558971719
40 0.046859464269 0.866354131851
41 0.152779749163 0.955444438246
42 0.045426086247 1.023115915238
43 -0.115673162106 1.131331566000
44 -0.168993127142 1.032298166375
45 0.145804357629 1.116088982571
46 -0.152073525102 1.034705394879
47 -0.199642862007 1.062290961049
48 0.045241165460 1.038005804164
49 0.004301297898 1.047671693980
50 -0.001610832390 0.959182243391
51 -0.067098912035 0.963225016552
52 0.080932075007 0.982269077973
53 0.035931446371 1.080222650670
54 0.038627145559 0.948742451722
55 -0.050045085386 1.000977460552
56 0.017217501126 0.992755224604
57 -0.098480110344 0.976702156885
58 -0.096067672426 0.979819691811
59 -0.129599446747 0.932555172345
60 -0.042857507294 0.953055721922
61 0.132066847764 1.056455122852
62 -0.095392613546 0.875911615378
63 0.075784293261 1.088994162007
64 -0.054598751443 0.945959515145
65 0.245500793895 1.007824600572
66 -0.012964972566 0.982641528872
67 -0.067874898494 0.933884159335
68 -0.102929933886 0.983142881710
69 0.066838896002 1.012594930694
70 -0.036458884452 0.895032852348
71 -0.166568302444 0.960874875489
72 0.072559266824 0.943941141848
73 -0.044300494960 1.103286566684
74 -0.040872427190 0.888942116549
75 0.009295002230 0.957934962509
76 0.052993540328 0.975304821693
77 -0.119166173780 1.026048564680
78 -0.069619789598 0.958869047166
79 0.064862889596 1.036373171937
80 0.043767514458 0.936599158828
81 -0.086998607849 0.978646681700
82 0.098208190164 0.998013278412
83 0.071803984757 1.000420009973
84 -0.028665689035 0.908194225143
85 -0.179887999750 0.973443426988
86 0.042671007361 1.001173847834
87 0.119876970701 1.039784735808
88 -0.107779304142 0.954658254605
89 0.068092266627 0.979269511358
90 0.120148379886 0.919812567277
91 -0.007903352951 0.971829369393
92 0.026370498212 1.083248207375
93 -0.154088493529 0.950658561057
94 0.049644417955 0.984541325180
95 -0.027207239440 1.036079491597
96 -0.103548791781 0.908769590850
97 0.039565823774 0.942030802870
98 0.024158871370 0.957532292105
99 -0.157206931077 1.063092167110
100 -0.014886373896 0.959233193254
