active=100: 1 2 3 4 5 6 7 8 9 10 11 12 13 14 15 16 17 18 19 20 21 22 23 24 25 26 27 28 29 30 31 32 33 34 35 36 37 38 39 40 41 42 43 44 45 46 47 48 49 50 51 52 53 54 55 56 57 58 59 60 61 62 63 64 65 66 67 68 69 70 71 72 73 74 75 76 77 78 79 80 81 82 83 84 85 86 87 88 89 90 91 92 93 94 95 96 97 98 99 100 
active=99: 1 2 3 4 5 6 7 8 9 10 11 12 13 14 15 16 17 18 20 21 22 23 24 25 26 27 28 29 30 31 32 33 34 35 36 37 38 39 40 41 42 43 44 45 46 47 48 49 50 51 52 53 54 55 56 57 58 59 60 61 62 63 64 65 66 67 68 69 70 71 72 73 74 75 76 77 78 79 80 81 82 83 84 85 86 87 88 89 90 91 92 93 94 95 96 97 98 99 100 
active=98: 1 2 3 4 5 6 7 8 9 10 11 12 13 14 16 17 18 20 21 22 23 24 25 26 27 28 29 30 31 32 33 34 35 36 37 38 39 40 41 42 43 44 45 46 47 48 49 50 51 52 53 54 55 56 57 58 59 60 61 62 63 64 65 66 67 68 69 70 71 72 73 74 75 76 77 78 79 80 81 82 83 84 85 86 87 88 89 90 91 92 93 94 95 96 97 98 99 100 
active=97: 1 2 3 4 5 6 7 8 9 10 11 12 13 14 16 17 18 20 21 22 23 24 25 26 27 28 29 30 31 32 33 34 35 36 37 38 39 40 41 42 43 44 45 46 47 48 49 50 51 52 53 54 55 56 57 58 59 60 61 62 63 64 65 66 67 68 69 70 71 72 73 74 75 76 77 78 80 81 82 83 84 85 86 87 88 89 90 91 92 93 94 95 96 97 98 99 100 
active=96: 1 2 3 4 5 6 7 8 9 10 11 12 13 14 16 17 18 20 21 22 23 24 25 26 27 28 29 30 31 32 33 34 35 36 37 38 39 40 41 42 43 44 45 46 47 48 49 50 51 52 53 54 55 56 57 58 59 60 61 62 63 64 65 66 67 68 69 70 71 72 73 74 75 76 77 78 80 81 83 84 85 86 87 88 89 90 91 92 93 94 95 96 97 98 99 100 
active=95: 1 2 3 4 5 6 7 8 9 10 11 12 13 14 16 17 18 20 21 22 23 24 25 26 27 28 29 30 31 32 33 34 35 36 37 38 39 40 41 42 43 45 46 47 48 49 50 51 52 53 54 55 56 57 58 59 60 61 62 63 64 65 66 67 68 69 70 71 72 73 74 75 76 77 78 80 81 83 84 85 86 87 88 89 90 91 92 93 94 95 96 97 98 99 100 
active=94: 1 2 3 4 5 6 7 8 9 10 11 12 13 14 16 17 18 20 21 22 23 24 25 26 27 28 29 30 31 32 33 34 35 36 37 38 39 40 41 42 43 45 46 47 48 49 50 51 52 53 54 55 57 58 59 60 61 62 63 64 65 66 67 68 69 70 71 72 73 74 75 76 77 78 80 81 83 84 85 86 87 88 89 90 91 92 93 94 95 96 97 98 99 100 
active=93: 1 2 3 4 5 6 7 8 9 10 11 12 13 14 16 17 18 20 21 22 23 24 25 26 27 28 29 30 31 32 33 34 35 36 37 38 39 40 41 42 43 45 46 47 48 49 50 51 52 53 54 55 57 58 59 60 61 62 63 64 65 66 67 68 69 70 71 72 74 75 76 77 78 80 81 83 84 85 86 87 88 89 90 91 92 93 94 95 96 97 98 99 100 
active=92: 1 2 3 4 5 6 7 8 9 10 11 12 13 14 16 17 18 20 21 22 23 24 25 26 28 29 30 31 32 33 34 35 36 37 38 39 40 41 42 43 45 46 47 48 49 50 51 52 53 54 55 57 58 59 60 61 62 63 64 65 66 67 68 69 70 71 72 74 75 76 77 78 80 81 83 84 85 86 87 88 89 90 91 92 93 94 95 96 97 98 99 100 
active=91: 1 2 3 4 5 6 7 8 9 10 11 12 13 14 16 17 18 20 21 22 23 24 25 26 28 29 30 31 32 33 34 35 36 37 38 39 40 41 42 43 45 46 47 48 49 50 51 52 53 54 55 57 58 59 60 61 62 63 64 65 66 67 68 69 70 71 72 74 75 76 77 78 80 81 83 84 85 86 87 88 89 90 92 93 94 95 96 97 98 99 100 
active=90: 1 2 3 4 5 6 7 8 9 10 11 12 13 14 16 17 18 20 21 22 23 24 25 26 28 30 31 32 33 34 35 36 37 38 39 40 41 42 43 45 46 47 48 49 50 51 52 53 54 55 57 58 59 60 61 62 63 64 65 66 67 68 69 70 71 72 74 75 76 77 78 80 81 83 84 85 86 87 88 89 90 92 93 94 95 96 97 98 99 100 
active=89: 1 2 3 4 5 6 7 8 9 10 11 12 13 16 17 18 20 21 22 23 24 25 26 28 30 31 32 33 34 35 36 37 38 39 40 41 42 43 45 46 47 48 49 50 51 52 53 54 55 57 58 59 60 61 62 63 64 65 66 67 68 69 70 71 72 74 75 76 77 78 80 81 83 84 85 86 87 88 89 90 92 93 94 95 96 97 98 99 100 
active=88: 1 2 3 4 5 6 7 8 9 10 11 12 13 16 17 18 20 21 22 23 24 25 26 28 30 31 32 33 34 35 36 37 38 39 40 41 42 43 45 46 47 48 49 50 51 52 53 55 57 58 59 60 61 62 63 64 65 66 67 68 69 70 71 72 74 75 76 77 78 80 81 83 84 85 86 87 88 89 90 92 93 94 95 96 97 98 99 100 
active=87: 1 2 3 4 5 6 7 8 9 10 11 12 13 16 17 18 20 21 22 23 24 25 26 28 30 31 32 33 34 35 36 37 38 40 41 42 43 45 46 47 48 49 50 51 52 53 55 57 58 59 60 61 62 63 64 65 66 67 68 69 70 71 72 74 75 76 77 78 80 81 83 84 85 86 87 88 89 90 92 93 94 95 96 97 98 99 100 
active=86: 1 2 3 4 5 6 7 8 9 10 11 12 13 17 18 20 21 22 23 24 25 26 28 30 31 32 33 34 35 36 37 38 40 41 42 43 45 46 47 48 49 50 51 52 53 55 57 58 59 60 61 62 63 64 65 66 67 68 69 70 71 72 74 75 76 77 78 80 81 83 84 85 86 87 88 89 90 92 93 94 95 96 97 98 99 100 
active=85: 1 2 3 4 5 6 7 8 9 10 11 12 13 17 18 20 21 22 23 24 25 26 28 30 31 32 33 34 35 36 37 38 40 41 42 43 45 46 47 48 49 50 52 53 55 57 58 59 60 61 62 63 64 65 66 67 68 69 70 71 72 74 75 76 77 78 80 81 83 84 85 86 87 88 89 90 92 93 94 95 96 97 98 99 100 
active=84: 1 2 3 4 5 6 7 8 9 10 11 12 13 17 18 20 21 22 23 24 25 26 28 30 31 32 33 34 35 36 37 38 40 41 42 45 46 47 48 49 50 52 53 55 57 58 59 60 61 62 63 64 65 66 67 68 69 70 71 72 74 75 76 77 78 80 81 83 84 85 86 87 88 89 90 92 93 94 95 96 97 98 99 100 
active=83: 1 2 3 4 5 6 7 8 9 10 11 12 13 17 18 20 21 22 23 24 25 26 28 31 32 33 34 35 36 37 38 40 41 42 45 46 47 48 49 50 52 53 55 57 58 59 60 61 62 63 64 65 66 67 68 69 70 71 72 74 75 76 77 78 80 81 83 84 85 86 87 88 89 90 92 93 94 95 96 97 98 99 100 
active=82: 1 2 3 4 5 6 7 8 9 10 11 12 13 17 18 20 21 22 23 24 25 26 28 31 32 33 34 35 36 37 38 40 41 42 45 46 47 48 49 50 52 53 55 57 58 59 60 61 62 63 64 65 66 67 69 70 71 72 74 75 76 77 78 80 81 83 84 85 86 87 88 89 90 92 93 94 95 96 97 98 99 100 
active=81: 1 2 3 4 5 6 7 8 9 10 11 12 13 17 18 20 21 22 23 24 25 26 28 31 32 33 34 35 36 37 38 40 41 42 45 46 47 48 49 50 52 53 55 57 58 59 60 61 62 63 64 65 66 67 69 70 71 72 74 75 76 77 78 80 81 83 84 85 86 87 88 89 92 93 94 95 96 97 98 99 100 
active=80: 1 2 4 5 6 7 8 9 10 11 12 13 17 18 20 21 22 23 24 25 26 28 31 32 33 34 35 36 37 38 40 41 42 45 46 47 48 49 50 52 53 55 57 58 59 60 61 62 63 64 65 66 67 69 70 71 72 74 75 76 77 78 80 81 83 84 85 86 87 88 89 92 93 94 95 96 97 98 99 100 
active=79: 1 2 4 5 6 7 8 9 10 11 12 13 17 18 20 21 22 23 24 25 26 28 31 32 34 35 36 37 38 40 41 42 45 46 47 48 49 50 52 53 55 57 58 59 60 61 62 63 64 65 66 67 69 70 71 72 74 75 76 77 78 80 81 83 84 85 86 87 88 89 92 93 94 95 96 97 98 99 100 
active=78: 1 2 4 5 6 7 8 9 10 11 12 13 17 20 21 22 23 24 25 26 28 31 32 34 35 36 37 38 40 41 42 45 46 47 48 49 50 52 53 55 57 58 59 60 61 62 63 64 65 66 67 69 70 71 72 74 75 76 77 78 80 81 83 84 85 86 87 88 89 92 93 94 95 96 97 98 99 100 
active=77: 1 2 4 5 6 7 8 9 10 11 12 13 17 20 21 22 23 25 26 28 31 32 34 35 36 37 38 40 41 42 45 46 47 48 49 50 52 53 55 57 58 59 60 61 62 63 64 65 66 67 69 70 71 72 74 75 76 77 78 80 81 83 84 85 86 87 88 89 92 93 94 95 96 97 98 99 100 
active=76: 1 2 4 5 6 7 8 9 10 11 12 13 17 20 21 22 23 25 26 28 31 32 34 36 37 38 40 41 42 45 46 47 48 49 50 52 53 55 57 58 59 60 61 62 63 64 65 66 67 69 70 71 72 74 75 76 77 78 80 81 83 84 85 86 87 88 89 92 93 94 95 96 97 98 99 100 
active=75: 1 2 4 5 6 7 8 9 10 11 12 13 17 20 21 22 23 25 26 28 31 32 34 36 37 38 40 41 42 45 46 47 48 49 50 52 53 55 57 58 59 60 62 63 64 65 66 67 69 70 71 72 74 75 76 77 78 80 81 83 84 85 86 87 88 89 92 93 94 95 96 97 98 99 100 
active=74: 1 2 4 5 6 7 8 9 11 12 13 17 20 21 22 23 25 26 28 31 32 34 36 37 38 40 41 42 45 46 47 48 49 50 52 53 55 57 58 59 60 62 63 64 65 66 67 69 70 71 72 74 75 76 77 78 80 81 83 84 85 86 87 88 89 92 93 94 95 96 97 98 99 100 
active=73: 1 2 4 5 6 7 8 9 11 12 13 17 20 21 22 23 25 26 28 31 32 34 36 37 38 40 41 42 45 46 47 48 49 50 52 53 55 57 58 59 60 63 64 65 66 67 69 70 71 72 74 75 76 77 78 80 81 83 84 85 86 87 88 89 92 93 94 95 96 97 98 99 100 
active=72: 1 2 4 5 6 7 8 9 11 12 13 17 20 21 22 23 25 26 28 31 32 34 36 37 40 41 42 45 46 47 48 49 50 52 53 55 57 58 59 60 63 64 65 66 67 69 70 71 72 74 75 76 77 78 80 81 83 84 85 86 87 88 89 92 93 94 95 96 97 98 99 100 
active=71: 1 2 4 5 6 7 8 9 11 12 13 17 20 21 22 23 25 26 28 31 32 34 36 37 40 41 42 45 46 47 48 49 50 52 53 55 57 58 59 60 63 64 65 66 67 69 70 71 72 74 75 76 77 78 80 81 83 85 86 87 88 89 92 93 94 95 96 97 98 99 100 
active=70: 1 2 4 5 6 7 8 9 11 12 13 17 21 22 23 25 26 28 31 32 34 36 37 40 41 42 45 46 47 48 49 50 52 53 55 57 58 59 60 63 64 65 66 67 69 70 71 72 74 75 76 77 78 80 81 83 85 86 87 88 89 92 93 94 95 96 97 98 99 100 
active=69: 1 2 4 5 6 7 8 9 11 12 13 17 21 22 23 25 26 28 31 32 34 36 37 41 42 45 46 47 48 49 50 52 53 55 57 58 59 60 63 64 65 66 67 69 70 71 72 74 75 76 77 78 80 81 83 85 86 87 88 89 92 93 94 95 96 97 98 99 100 
active=68: 1 2 4 5 6 7 8 9 11 12 13 17 21 22 23 25 26 28 31 32 34 36 37 41 42 45 46 47 48 49 50 52 53 55 57 58 59 60 63 64 65 66 67 69 70 71 72 74 75 76 78 80 81 83 85 86 87 88 89 92 93 94 95 96 97 98 99 100 
active=67: 1 2 4 5 6 7 8 9 11 12 13 17 21 22 23 25 26 28 31 32 34 36 37 41 42 45 46 47 48 49 50 52 53 55 57 58 59 60 63 64 65 66 67 69 70 71 72 74 76 78 80 81 83 85 86 87 88 89 92 93 94 95 96 97 98 99 100 
active=66: 1 2 4 5 6 7 8 9 11 12 13 17 21 22 23 25 26 28 31 32 34 36 37 41 42 45 46 47 48 49 50 52 53 55 58 59 60 63 64 65 66 67 69 70 71 72 74 76 78 80 81 83 85 86 87 88 89 92 93 94 95 96 97 98 99 100 
active=65: 1 2 4 5 6 7 8 9 11 12 13 17 21 22 23 25 26 28 31 32 34 36 37 41 42 45 46 47 48 49 50 52 53 55 58 59 60 63 64 65 66 67 69 70 71 72 74 76 78 80 81 83 85 86 87 88 89 92 94 95 96 97 98 99 100 
active=64: 1 2 4 5 6 7 8 9 11 12 13 17 21 22 23 25 28 31 32 34 36 37 41 42 45 46 47 48 49 50 52 53 55 58 59 60 63 64 65 66 67 69 70 71 72 74 76 78 80 81 83 85 86 87 88 89 92 94 95 96 97 98 99 100 
active=63: 1 2 4 5 6 7 8 9 11 12 13 17 21 22 23 25 28 31 32 34 36 37 41 42 45 46 48 49 50 52 53 55 58 59 60 63 64 65 66 67 69 70 71 72 74 76 78 80 81 83 85 86 87 88 89 92 94 95 96 97 98 99 100 
active=62: 1 2 4 5 6 7 8 9 11 12 13 17 21 22 23 25 28 31 32 34 36 37 41 42 45 48 49 50 52 53 55 58 59 60 63 64 65 66 67 69 70 71 72 74 76 78 80 81 83 85 86 87 88 89 92 94 95 96 97 98 99 100 
active=61: 1 2 4 5 6 7 8 9 11 12 13 17 21 22 23 28 31 32 34 36 37 41 42 45 48 49 50 52 53 55 58 59 60 63 64 65 66 67 69 70 71 72 74 76 78 80 81 83 85 86 87 88 89 92 94 95 96 97 98 99 100 
active=60: 1 2 4 5 6 7 8 9 11 12 13 17 21 22 23 31 32 34 36 37 41 42 45 48 49 50 52 53 55 58 59 60 63 64 65 66 67 69 70 71 72 74 76 78 80 81 83 85 86 87 88 89 92 94 95 96 97 98 99 100 
active=59: 1 2 4 5 6 8 9 11 12 13 17 21 22 23 31 32 34 36 37 41 42 45 48 49 50 52 53 55 58 59 60 63 64 65 66 67 69 70 71 72 74 76 78 80 81 83 85 86 87 88 89 92 94 95 96 97 98 99 100 
active=58: 1 2 4 5 6 8 9 11 12 13 17 21 22 23 31 32 34 36 37 41 42 45 48 49 50 52 53 55 59 60 63 64 65 66 67 69 70 71 72 74 76 78 80 81 83 85 86 87 88 89 92 94 95 96 97 98 99 100 
active=57: 1 2 4 5 6 8 9 11 12 13 17 21 22 23 31 32 34 36 37 41 42 45 48 49 50 52 55 59 60 63 64 65 66 67 69 70 71 72 74 76 78 80 81 83 85 86 87 88 89 92 94 95 96 97 98 99 100 
active=56: 1 2 4 5 6 8 9 11 12 13 17 21 22 23 31 32 34 36 37 42 45 48 49 50 52 55 59 60 63 64 65 66 67 69 70 71 72 74 76 78 80 81 83 85 86 87 88 89 92 94 95 96 97 98 99 100 
active=55: 1 2 4 6 8 9 11 12 13 17 21 22 23 31 32 34 36 37 42 45 48 49 50 52 55 59 60 63 64 65 66 67 69 70 71 72 74 76 78 80 81 83 85 86 87 88 89 92 94 95 96 97 98 99 100 
active=54: 1 2 4 6 8 9 11 12 13 17 21 22 23 31 32 34 36 37 42 45 48 50 52 55 59 60 63 64 65 66 67 69 70 71 72 74 76 78 80 81 83 85 86 87 88 89 92 94 95 96 97 98 99 100 
active=53: 1 2 4 6 8 9 11 13 17 21 22 23 31 32 34 36 37 42 45 48 50 52 55 59 60 63 64 65 66 67 69 70 71 72 74 76 78 80 81 83 85 86 87 88 89 92 94 95 96 97 98 99 100 
active=52: 1 2 4 6 8 9 11 13 17 21 22 23 31 32 34 37 42 45 48 50 52 55 59 60 63 64 65 66 67 69 70 71 72 74 76 78 80 81 83 85 86 87 88 89 92 94 95 96 97 98 99 100 
active=51: 1 2 4 6 8 9 11 13 17 21 22 23 31 32 34 37 42 45 48 50 52 55 59 60 63 64 65 66 67 69 70 71 72 74 76 78 80 81 83 85 86 87 88 89 92 94 96 97 98 99 100 
active=50: 1 2 4 6 8 9 11 13 17 21 22 23 31 32 34 37 42 45 48 50 52 55 59 60 63 64 65 67 69 70 71 72 74 76 78 80 81 83 85 86 87 88 89 92 94 96 97 98 99 100 
active=49: 1 2 4 6 8 9 11 13 17 21 22 23 31 32 34 37 42 45 48 50 52 55 59 60 63 64 65 67 69 70 71 72 74 76 78 80 81 83 85 87 88 89 92 94 96 97 98 99 100 
active=48: 1 2 4 6 8 9 11 13 17 21 22 23 31 32 34 37 42 45 48 50 52 55 60 63 64 65 67 69 70 71 72 74 76 78 80 81 83 85 87 88 89 92 94 96 97 98 99 100 
active=47: 1 2 4 6 8 9 11 13 17 21 22 23 31 32 34 37 42 45 48 50 52 55 60 63 64 65 67 69 70 71 72 74 76 80 81 83 85 87 88 89 92 94 96 97 98 99 100 
active=46: 1 2 4 6 8 9 11 13 17 21 22 23 31 32 34 37 42 45 48 50 52 55 60 63 64 65 67 69 70 71 72 74 76 81 83 85 87 88 89 92 94 96 97 98 99 100 
active=45: 1 2 4 8 9 11 13 17 21 22 23 31 32 34 37 42 45 48 50 52 55 60 63 64 65 67 69 70 71 72 74 76 81 83 85 87 88 89 92 94 96 97 98 99 100 
active=44: 1 2 4 8 9 11 13 17 21 22 23 31 32 34 37 42 45 48 50 52 55 60 63 64 65 69 70 71 72 74 76 81 83 85 87 88 89 92 94 96 97 98 99 100 
active=43: 1 2 4 8 9 11 13 17 21 22 31 32 34 37 42 45 48 50 52 55 60 63 64 65 69 70 71 72 74 76 81 83 85 87 88 89 92 94 96 97 98 99 100 
active=42: 1 2 4 8 9 11 17 21 22 31 32 34 37 42 45 48 50 52 55 60 63 64 65 69 70 71 72 74 76 81 83 85 87 88 89 92 94 96 97 98 99 100 
active=41: 1 2 4 8 9 17 21 22 31 32 34 37 42 45 48 50 52 55 60 63 64 65 69 70 71 72 74 76 81 83 85 87 88 89 92 94 96 97 98 99 100 
active=40: 1 2 4 8 9 21 22 31 32 34 37 42 45 48 50 52 55 60 63 64 65 69 70 71 72 74 76 81 83 85 87 88 89 92 94 96 97 98 99 100 
active=39: 1 2 4 8 9 21 22 31 32 34 37 42 45 48 50 55 60 63 64 65 69 70 71 72 74 76 81 83 85 87 88 89 92 94 96 97 98 99 100 
active=38: 1 4 8 9 21 22 31 32 34 37 42 45 48 50 55 60 63 64 65 69 70 71 72 74 76 81 83 85 87 88 89 92 94 96 97 98 99 100 
active=37: 1 4 8 9 21 22 31 32 34 37 42 45 48 50 55 60 63 64 65 69 70 71 72 74 76 81 83 85 87 88 89 92 96 97 98 99 100 
active=36: 1 4 8 9 21 22 31 32 34 37 42 45 48 50 55 63 64 65 69 70 71 72 74 76 81 83 85 87 88 89 92 96 97 98 99 100 
active=35: 1 4 8 9 21 22 31 32 34 37 42 45 48 50 55 63 64 65 69 70 71 72 74 76 81 85 87 88 89 92 96 97 98 99 100 
active=34: 1 4 8 9 21 31 32 34 37 42 45 48 50 55 63 64 65 69 70 71 72 74 76 81 85 87 88 89 92 96 97 98 99 100 
active=33: 1 4 8 9 21 31 32 34 37 42 45 48 50 55 63 64 69 70 71 72 74 76 81 85 87 88 89 92 96 97 98 99 100 
active=32: 1 4 8 9 21 31 32 34 37 42 45 48 55 63 64 69 70 71 72 74 76 81 85 87 88 89 92 96 97 98 99 100 
active=31: 1 4 8 9 21 31 32 34 37 42 45 48 55 63 64 69 70 71 72 74 76 81 85 87 88 89 96 97 98 99 100 
active=30: 1 4 8 9 21 31 32 34 37 42 45 48 55 63 64 69 70 71 72 74 76 81 85 87 88 89 96 98 99 100 
active=29: 1 4 8 9 21 31 32 34 37 42 48 55 63 64 69 70 71 72 74 76 81 85 87 88 89 96 98 99 100 
active=28: 1 4 8 9 21 31 32 34 37 42 48 63 64 69 70 71 72 74 76 81 85 87 88 89 96 98 99 100 
active=27: 1 4 8 9 21 31 32 34 37 42 48 63 64 69 70 71 72 74 76 81 85 87 88 89 96 99 100 
active=26: 1 4 8 9 21 31 32 34 37 42 48 63 64 69 70 71 72 76 81 85 87 88 89 96 99 100 
active=25: 1 8 9 21 31 32 34 37 42 48 63 64 69 70 71 72 76 81 85 87 88 89 96 99 100 
active=24: 1 8 9 21 31 32 34 37 42 48 63 64 69 70 71 72 76 81 85 87 88 96 99 100 
active=23: 1 8 9 21 31 32 37 42 48 63 64 69 70 71 72 76 81 85 87 88 96 99 100 
active=22: 1 8 9 21 31 32 37 42 48 63 64 69 70 71 72 76 81 85 87 88 99 100 
active=21: 1 8 9 21 31 32 42 48 63 64 69 70 71 72 76 81 85 87 88 99 100 
active=20: 1 8 9 21 31 32 42 48 63 64 69 70 71 72 76 81 85 87 88 99 
active=19: 1 8 21 31 32 42 48 63 64 69 70 71 72 76 81 85 87 88 99 
active=18: 1 8 21 31 32 42 48 63 64 70 71 72 76 81 85 87 88 99 
active=17: 1 21 31 32 42 48 63 64 70 71 72 76 81 85 87 88 99 
active=16: 1 21 31 32 42 48 64 70 71 72 76 81 85 87 88 99 
active=15: 1 21 31 32 42 48 64 70 71 72 76 81 87 88 99 
active=14: 1 21 32 42 48 64 70 71 72 76 81 87 88 99 
active=13: 1 21 32 42 48 64 70 71 72 76 81 87 88 
active=12: 21 32 42 48 64 70 71 72 76 81 87 88 
active=11: 32 42 48 64 70 71 72 76 81 87 88 
active=10: 32 42 48 64 70 72 76 81 87 88 
active=9: 32 42 48 70 72 76 81 87 88 
active=8: 32 42 48 70 72 76 81 88 
active=7: 32 42 48 70 76 81 88 
active=6: 32 42 70 76 81 88 
active=5: 42 70 76 81 88 
active=4: 42 70 76 81 
active=3: 42 70 81 
active=2: 42 70 
active=1: 42 
