0.000000 0.500000
1.000000 0.569700
2.000000 0.625700
3.000000 0.639800
4.000000 0.637100
5.000000 0.646900
6.000000 0.653500
7.000000 0.655700
8.000000 0.683800
9.000000 0.674300
10.000000 0.701700
11.000000 0.702800
12.000000 0.716400
13.000000 0.719800
14.000000 0.736700
15.000000 0.739600
16.000000 0.760600
17.000000 0.779000
18.000000 0.789100
19.000000 0.791200
20.000000 0.813600
21.000000 0.822000
22.000000 0.833100
23.000000 0.833400
24.000000 0.827400
25.000000 0.837000
26.000000 0.848200
27.000000 0.857700
28.000000 0.859700
29.000000 0.859000
30.000000 0.863100
31.000000 0.871300
32.000000 0.861900
33.000000 0.869800
34.000000 0.880500
35.000000 0.883500
36.000000 0.884200
37.000000 0.887600
38.000000 0.891500
39.000000 0.898100
40.000000 0.898400
41.000000 0.896500
42.000000 0.900600
43.000000 0.906800
44.000000 0.908700
45.000000 0.913900
46.000000 0.913700
47.000000 0.916200
48.000000 0.921200
49.000000 0.924500
50.000000 0.926700
51.000000 0.928500
52.000000 0.934500
53.000000 0.936700
54.000000 0.940300
55.000000 0.939300
56.000000 0.938400
57.000000 0.942200
58.000000 0.942600
59.000000 0.944800
60.000000 0.951200
61.000000 0.950600
62.000000 0.950200
63.000000 0.952000
64.000000 0.953500
65.000000 0.957000
66.000000 0.958700
67.000000 0.957400
68.000000 0.959700
69.000000 0.964300
70.000000 0.962700
71.000000 0.964300
72.000000 0.964800
73.000000 0.965400
74.000000 0.966100
75.000000 0.966700
76.000000 0.966000
77.000000 0.968800
78.000000 0.968900
79.000000 0.970500
80.000000 0.970600
81.000000 0.972900
82.000000 0.971000
83.000000 0.972900
84.000000 0.971300
85.000000 0.974800
86.000000 0.974700
87.000000 0.974800
88.000000 0.976800
89.000000 0.974400
90.000000 0.975400
91.000000 0.975800
92.000000 0.975500
93.000000 0.977600
94.000000 0.974000
95.000000 0.977100
96.000000 0.976100
97.000000 0.977000
98.000000 0.978200
99.000000 0.979900
100.000000 0.980400
