0.000000 0.500000
1.000000 0.574700
2.000000 0.600700
3.000000 0.606300
4.000000 0.603400
5.000000 0.595700
6.000000 0.595100
7.000000 0.610600
8.000000 0.621400
9.000000 0.613900
10.000000 0.626200
11.000000 0.632500
12.000000 0.631700
13.000000 0.625700
14.000000 0.633600
15.000000 0.640100
16.000000 0.657600
17.000000 0.655800
18.000000 0.653000
19.000000 0.665100
20.000000 0.683800
21.000000 0.686400
22.000000 0.676500
23.000000 0.673100
24.000000 0.673900
25.000000 0.671000
26.000000 0.676800
27.000000 0.674100
28.000000 0.666100
29.000000 0.669100
30.000000 0.656300
31.000000 0.654500
32.000000 0.667000
33.000000 0.659900
34.000000 0.653600
35.000000 0.657100
36.000000 0.654500
37.000000 0.645600
38.000000 0.641200
39.000000 0.637100
40.000000 0.637300
41.000000 0.633500
42.000000 0.627400
43.000000 0.622600
44.000000 0.625500
45.000000 0.624300
46.000000 0.622000
47.000000 0.609800
48.000000 0.608700
49.000000 0.617600
50.000000 0.606700
51.000000 0.601300
52.000000 0.590200
53.000000 0.589200
54.000000 0.591100
55.000000 0.584700
56.000000 0.583300
57.000000 0.580600
58.000000 0.584000
59.000000 0.574200
60.000000 0.578700
61.000000 0.575500
62.000000 0.578900
63.000000 0.570600
64.000000 0.568000
65.000000 0.557600
66.000000 0.558900
67.000000 0.560300
68.000000 0.557200
69.000000 0.555100
70.000000 0.554700
71.000000 0.552100
72.000000 0.553100
73.000000 0.549300
74.000000 0.539900
75.000000 0.539800
76.000000 0.540700
77.000000 0.532400
78.000000 0.543600
79.000000 0.538200
80.000000 0.522900
81.000000 0.528700
82.000000 0.529300
83.000000 0.527000
84.000000 0.524900
85.000000 0.525800
86.000000 0.518700
87.000000 0.518800
88.000000 0.520500
89.000000 0.511500
90.000000 0.517900
91.000000 0.510800
92.000000 0.511400
93.000000 0.499300
94.000000 0.503100
95.000000 0.509700
96.000000 0.509200
97.000000 0.501700
98.000000 0.488100
99.000000 0.495200
100.000000 0.495200
