0.000000 0.500000
1.000000 0.601800
2.000000 0.629400
3.000000 0.653500
4.000000 0.675700
5.000000 0.699900
6.000000 0.713800
7.000000 0.731600
8.000000 0.746200
9.000000 0.754800
10.000000 0.781900
11.000000 0.809000
12.000000 0.803600
13.000000 0.805900
14.000000 0.823200
15.000000 0.823700
16.000000 0.850500
17.000000 0.841800
18.000000 0.849500
19.000000 0.847600
20.000000 0.841000
21.000000 0.847000
22.000000 0.842500
23.000000 0.842700
24.000000 0.838000
25.000000 0.839100
26.000000 0.843600
27.000000 0.846900
28.000000 0.867300
29.000000 0.860100
30.000000 0.867700
31.000000 0.865100
32.000000 0.867200
33.000000 0.874200
34.000000 0.878400
35.000000 0.877100
36.000000 0.885600
37.000000 0.892100
38.000000 0.895000
39.000000 0.899900
40.000000 0.897100
41.000000 0.900600
42.000000 0.904300
43.000000 0.906700
44.000000 0.907500
45.000000 0.906100
46.000000 0.913100
47.000000 0.912800
48.000000 0.914700
49.000000 0.916800
50.000000 0.922800
51.000000 0.919300
52.000000 0.923600
53.000000 0.929000
54.000000 0.928200
55.000000 0.926400
56.000000 0.931900
57.000000 0.930900
58.000000 0.931200
59.000000 0.932600
60.000000 0.935400
