N=50
P=40
R=2
1 0.470847 0.694996 NA NA 0.749920 -0.690549 2.011768 1.275845 0.025363 0.821090 1.737288 1.705517 1.222967 1.266117 -0.274174 0.127284 -1.940511 0.262577 NA -1.077025 -0.173620 0.220750 0.341740 0.742862 -0.166604 1.462261 0.611419 0.266907 -0.841498 NA -0.874687 -1.144731 2.264403 1.157260 -0.480779 0.539581 -0.136299 0.263279 -1.847297 -0.387509 3.136993 1.000000
2 -0.674778 -0.198004 -1.350729 -0.265959 -0.410129 -0.272248 -0.013604 1.153079 -0.780215 NA 0.887144 0.192652 0.242363 -1.308976 NA NA -1.367798 0.660088 0.209718 -0.675910 1.402650 -0.443128 NA 2.309302 0.067445 1.332913 -0.270235 2.298392 -1.121542 -0.223908 0.032563 0.512168 -0.147567 NA 0.316268 -0.675045 0.335732 -0.548572 -1.660835 -0.272930 3.187206 0.000000
3 0.572812 -0.511141 0.831016 -0.745933 -0.048486 -0.447039 0.703851 -1.532637 -0.028102 NA -0.213582 -0.819827 NA -0.564163 0.142910 0.715691 -0.117071 -0.114520 0.522096 -0.958197 -0.794562 0.977918 -0.937834 1.657726 0.969754 -0.445361 1.085740 -1.803150 1.895274 -1.412692 -0.655454 -0.964053 0.240885 -0.681644 0.667689 -0.464059 -2.221973 1.043405 0.030684 0.631721 1.434262 1.000000
4 -1.769798 -1.296182 NA -0.008682 -1.577233 -0.326117 -0.129981 -1.598725 -0.647711 0.604047 -0.250391 -1.461096 0.659361 -0.740720 2.539859 0.129262 -1.451478 -0.984424 0.232118 1.139632 0.730678 0.889688 1.240374 -0.578231 1.739389 0.690614 0.422159 0.955782 0.648358 0.219374 -0.527866 1.846179 1.174892 0.478216 -0.670746 0.467653 0.323476 -0.351006 -0.602851 0.945830 7.404376 0.000000
5 1.037095 0.127604 -0.873815 NA 0.067229 1.631583 -1.072662 1.419897 -1.822522 0.805420 0.941606 -0.558615 0.236063 -1.134462 -1.073446 0.831168 0.225307 -0.139296 NA -0.777185 0.143896 -0.256273 NA 0.722541 -0.942141 0.782020 -1.818403 0.036571 1.553309 -0.097099 -0.185260 -0.731296 -0.975121 1.188859 0.238691 -1.944630 NA -0.207317 -1.926751 0.713499 3.150619 0.000000
6 0.491038 0.339603 0.933826 -0.972425 0.524385 -0.455423 -0.892954 0.025512 -0.723406 0.304751 0.492965 -0.408098 1.545734 0.671396 -0.193562 -0.922819 -0.169380 0.343631 -0.227823 0.206689 -0.884918 NA 0.154546 0.047014 -1.263027 1.441752 1.888171 -0.014286 -1.295312 0.207518 -0.892911 0.776695 0.334991 1.699987 1.562364 -1.269826 -1.150993 -1.183312 1.304906 -0.861022 2.562104 1.000000
7 -0.971214 -0.917350 -1.287602 0.495728 1.176480 0.008184 0.525073 0.779310 -0.217108 -1.920437 0.181635 0.758427 -0.201164 0.579936 -1.869134 0.041131 0.740870 -0.941374 0.458515 -0.156780 -1.620373 0.283891 -0.138343 0.664822 -0.430494 NA -0.666882 -0.159768 0.839333 1.962201 -0.656348 1.491908 -0.575552 -1.422922 0.680325 -0.299993 -0.370266 -0.023628 -0.702811 0.237297 1.325360 1.000000
8 -1.229653 -2.072699 0.121646 0.845519 -1.144211 -0.763954 2.145194 -0.749398 -0.748293 -1.838008 -0.363598 -0.950935 1.000415 1.076119 0.935173 -1.723133 -1.897484 0.654029 -0.508583 -0.267466 0.487943 2.271598 1.181505 0.436005 0.088026 0.081492 0.563835 -0.166190 -1.142438 1.131719 1.103170 -0.388306 -0.726613 1.100345 0.083293 0.666999 0.056649 -0.473670 -0.685892 -2.313124 7.679616 1.000000
9 0.725873 -0.153731 0.335920 -0.767974 -0.917386 0.133389 -1.309321 -0.284520 -1.775495 0.192227 -0.478974 0.528107 -0.274090 -0.311479 -1.082395 -0.096288 -0.559777 0.643280 -0.182424 -1.121223 -0.217259 -0.175984 1.220735 1.179154 -1.648987 1.288891 -0.973210 -1.458076 0.299783 0.303065 -0.807929 0.921993 1.075926 0.274547 NA -0.485212 -0.451109 -1.329204 0.136772 -0.343713 0.264029 1.000000
10 1.253590 NA -0.419536 0.274647 -0.191853 1.433666 1.583023 0.571934 1.146647 0.928075 -1.780420 -0.271292 -0.200947 0.264707 0.389045 0.462685 2.401555 1.298409 -0.769885 0.712637 0.607092 0.257115 0.472159 -1.170332 0.038865 0.018867 0.872745 -0.785818 1.137876 -0.375945 -0.498850 -0.352468 -0.358776 -1.627342 1.550004 NA 0.130214 0.824273 1.143703 1.743502 4.191827 0.000000
11 NA 0.043252 NA 1.916265 -1.791489 0.103920 -0.525610 -1.441602 0.839506 0.381574 0.409580 -0.558735 1.521968 2.983587 0.589006 -0.423324 -0.518043 0.158756 -0.237666 0.545380 -0.474364 0.572450 1.949348 -0.231095 -0.101619 NA 0.528355 -0.228369 -1.075701 0.097578 0.199496 -0.158067 0.489229 0.897983 0.072408 -0.279825 -0.547194 0.199342 0.903711 -0.317550 1.327158 1.000000
12 0.200006 0.048856 0.717533 0.111975 -1.265368 0.042102 -2.090149 -1.474001 0.525610 -0.684438 0.490214 -0.109557 -1.355934 -0.842526 0.844486 -0.086906 1.057083 0.620395 0.611631 0.913084 -0.490106 -0.814319 -0.070444 -2.156313 -0.639892 NA NA 0.588394 -1.381060 -1.342548 1.679985 -0.603142 NA 0.931602 -0.640239 -1.027804 1.149427 -0.981521 -0.576047 0.813077 0.062656 1.000000
13 -0.842779 -0.820957 -1.410480 0.249137 1.054278 -0.191357 1.623419 0.696467 -1.417450 1.472939 0.537130 -0.800807 -1.427656 -1.208806 -0.287734 -0.417687 -0.680120 -0.980770 -0.022483 -1.159111 -0.047581 0.012961 1.141436 -1.591414 -1.268935 -0.569270 -0.261515 1.184880 1.634119 0.291596 0.185800 -0.479277 0.465449 0.269480 -0.293879 -0.244781 -1.818103 -1.942599 -0.949552 0.510654 1.744128 1.000000
14 NA 0.397299 0.732981 0.882872 -1.030745 -0.378233 -1.534209 0.333947 -0.540907 1.040035 -3.103171 -0.390036 1.518538 1.733646 -0.002406 -2.303853 -0.789739 -0.078329 -0.801626 -2.060670 -0.379583 -0.961886 -0.114560 0.167151 1.082846 0.967154 -1.146770 0.263861 -0.049597 -1.106349 -0.942293 0.040875 1.695861 NA -1.242580 NA 0.529605 1.495484 0.256944 0.726405 1.256257 1.000000
15 0.729475 0.698643 0.863899 -1.655011 -0.254795 2.132561 -1.193727 -0.295527 0.095436 -1.140014 0.720244 -1.034313 0.349481 2.420817 NA 0.583344 1.119318 -0.106668 1.832664 -0.276419 -0.525141 -1.228121 -1.130641 1.548344 -0.971070 -0.970840 0.781901 1.572464 -0.260828 0.850310 0.425317 -0.714388 -0.506461 -0.672023 0.213838 NA -0.518198 0.122068 -1.606865 -0.578874 2.259188 1.000000
16 0.259075 1.466719 0.373830 1.033821 -0.024506 -2.204459 0.887268 1.832545 0.954018 -1.242055 -0.142377 1.507266 -0.685583 -0.028149 1.762055 -0.565098 -0.139376 0.858712 -0.448570 0.472489 -0.796650 -0.354178 0.257863 NA -2.152721 -0.576345 -1.900205 3.075021 NA 0.457892 0.478890 0.280289 0.831375 0.741010 0.177053 -0.452449 1.758612 -1.701324 -2.049469 -0.736661 0.653440 1.000000
17 0.647047 NA 1.438864 -0.320915 1.201822 0.823049 -0.136209 -0.683664 -0.521960 -1.028451 1.103980 0.460084 -0.151655 -0.362063 0.114836 0.395123 -0.610055 0.674018 -0.267991 -0.757883 1.135971 -0.041618 1.958486 0.603321 1.280592 1.562128 -1.238425 NA 0.181934 1.267795 -1.398826 -2.395829 0.717025 0.373868 -0.550397 -0.886382 -0.073047 1.199514 1.664212 0.041595 0.623181 1.000000
18 0.604005 -0.525738 1.288433 -0.330903 -1.248354 -0.176984 0.500983 1.109947 -2.086426 -0.303159 -0.719343 -0.360794 1.732297 1.297291 0.229801 -0.856803 -0.309757 0.341086 0.010049 NA -0.500858 -0.366861 2.450959 0.705786 1.184443 -1.582177 0.053955 1.175879 NA 0.535551 -1.819151 -1.233647 -0.928143 0.178017 -0.761485 -1.165218 0.156724 2.228339 0.568510 -1.023810 0.270390 1.000000
19 -0.155049 -1.628962 -1.932284 1.253944 -0.585882 -0.545968 0.564386 1.083026 0.083139 0.791118 -0.443628 -1.287071 1.744162 0.167481 0.742286 -0.329290 0.142679 0.524300 1.540650 1.340281 -0.532899 0.284608 -0.266921 -0.485229 -0.971917 -0.343865 -1.190341 -0.303185 -0.966745 0.526913 -1.429836 -0.068468 1.005640 1.439709 0.652832 1.396334 0.043397 2.079657 -0.144431 -0.070461 3.607097 0.000000
20 1.129586 0.250618 -0.735356 -0.106443 0.056694 1.878308 -0.865303 -0.028484 -0.122273 0.263387 2.128089 1.243865 NA -0.821836 -0.579016 0.068603 -0.917332 -0.819731 1.874988 -0.338888 0.804225 0.439195 -2.882541 0.389816 0.052472 -0.031555 0.302743 0.987725 -0.705970 1.488389 0.963662 -0.227678 0.153885 -0.691979 -0.780581 -0.556795 0.427896 -0.893934 -1.133557 -0.390130 1.530551 1.000000
21 -0.277405 -0.040490 0.832901 NA -0.802489 -0.885412 -0.557245 -0.340442 0.214693 0.425840 0.449149 0.199089 -0.261976 -0.687030 0.676398 0.453862 0.618663 -0.557630 -0.748323 0.482690 -1.763960 -0.068582 0.974583 1.416626 0.063164 -0.000005 -1.870897 NA 0.888407 -0.187497 0.661156 -2.060683 0.980869 0.017305 -0.487821 -0.070348 1.233847 1.300726 -0.355719 -0.093291 0.983265 1.000000
22 NA 0.281511 0.852631 0.713059 0.769345 0.386200 -0.914529 0.324029 -0.692986 0.261874 -0.885603 0.403409 -0.452660 0.574381 -0.902062 -0.277952 -1.047676 -1.680940 -0.420319 -0.746031 0.962971 0.026764 2.569818 -0.456385 -0.592273 0.851774 0.772718 -0.975947 -0.376056 -1.281786 -0.166115 -0.266038 2.523251 -1.433644 NA -1.869096 NA 0.209925 -1.808763 0.256243 0.992881 1.000000
23 -1.138647 1.158407 0.034092 -0.516049 -0.915928 -0.530751 -0.573717 1.659042 -1.407299 -0.647887 -0.410467 -0.887683 -1.736624 0.550623 0.679758 1.185018 0.629305 1.404035 0.239574 -1.394938 0.687959 -0.177568 -0.164401 0.041609 1.161488 1.445396 0.264067 0.040913 -0.312747 0.084836 -0.875873 -0.859654 -0.385679 -0.102485 -1.050135 0.736497 -0.327161 0.161794 -2.984089 0.144901 2.800064 1.000000
24 1.195783 1.286706 -0.171876 0.821638 -0.190811 0.505993 -0.667655 NA -1.462274 0.213672 -0.941879 0.409359 -0.541546 NA -0.002891 NA 1.879842 0.502066 -0.947785 -1.209125 0.217383 -0.412085 0.206912 -0.538693 -2.081439 -0.996372 -0.032971 0.017934 0.460607 0.590387 -0.459468 1.484210 0.924560 0.666435 -0.603807 0.920508 0.818238 -1.078605 1.081922 0.868739 0.506419 1.000000
25 -0.404864 -1.204471 0.542726 0.045971 0.479664 -0.589745 2.406763 -0.540456 2.024109 0.404668 0.371969 -1.920710 NA -1.997273 0.891276 0.614771 0.002979 0.191474 -0.716463 0.949703 1.524157 -0.834463 -1.798951 -0.736362 -0.779567 0.234647 0.699482 -2.204985 0.353977 NA 0.645826 0.542411 -0.197487 0.480975 1.469405 0.030755 1.007037 -1.539803 -1.022271 0.769832 3.709845 0.000000
26 0.064867 1.869360 -0.265115 -0.247103 1.616081 0.909357 0.505494 -0.219529 -1.040174 1.260682 1.046731 -1.299107 2.123712 -0.520381 -1.577236 0.603882 0.225869 2.212369 0.540264 2.006224 0.724768 0.553480 0.449801 1.017658 -0.266785 NA -1.245312 -1.734109 2.453136 -0.249661 1.357237 NA 0.197609 -0.310791 1.189117 -1.529949 0.996494 0.252624 1.057904 1.860210 0.785554 1.000000
27 1.652345 -0.595978 0.892073 0.189665 -0.578596 -0.121286 1.232337 -1.187390 -1.088207 1.965296 -0.885832 2.091500 -0.431457 -1.761520 -0.993120 -0.200351 1.531062 0.504318 -0.392921 -0.961523 -2.186478 2.676166 -0.422004 -1.710370 -0.024715 1.633371 1.568580 0.657198 -0.864803 -0.599065 1.010495 -0.623362 0.841361 0.663374 -0.445434 NA -2.104620 -1.377820 -1.469139 -0.527197 1.765762 1.000000
28 0.711101 -1.881252 0.631333 -2.118617 -0.688595 0.869395 1.034312 -0.744990 0.503974 -0.378376 1.068650 -0.616636 -0.145426 0.884531 0.566870 -0.840741 0.873011 0.183945 -0.445251 0.588464 -0.484530 1.563884 NA -1.023001 NA -1.164146 -0.636328 0.751176 0.754395 0.807864 NA -0.762158 -0.481702 0.429212 -0.813400 -0.083204 -1.069363 -2.366397 -0.550576 -0.940269 8.589790 0.000000
29 0.565182 -0.430708 0.552778 0.473707 -0.620215 -0.060897 0.130357 -0.439925 0.625217 -0.576550 0.699229 1.199921 -1.509751 -0.971035 -0.221808 0.529544 -1.627483 0.063528 -0.694316 1.675628 NA -0.888355 0.093321 0.903771 -1.165101 -0.719884 -1.150187 1.915130 0.169577 -0.785310 -0.535877 -1.336763 0.726955 1.551842 -1.023202 -0.683719 -0.252475 -0.317300 -1.208765 -1.292310 3.542787 1.000000
30 2.124164 0.552994 -0.555137 0.102755 0.909052 -0.358821 -1.330116 -0.045697 -1.557077 -0.361672 1.854383 -0.514529 -1.350246 NA 0.252411 0.346613 -0.530456 1.111160 -0.969970 0.398799 0.360512 2.200747 0.360062 0.043289 -1.138454 -0.546070 0.311422 -0.632366 1.379445 -1.588164 0.114928 1.744605 -1.439191 -0.084600 0.655210 0.942631 -0.286102 0.596857 -1.003679 1.735947 0.165292 1.000000
31 0.621423 -0.395111 1.127675 0.540296 0.055464 -0.141603 -1.184105 1.348757 3.107641 -1.166390 -0.455923 -1.429113 0.458403 -0.630659 -0.611009 0.102868 1.710627 -0.211903 -0.496359 -0.619532 1.439586 -1.019640 -0.627860 1.451325 0.030489 1.903462 -0.347684 0.439849 -0.699593 -2.101724 -1.055384 2.064368 0.730807 0.002369 0.321619 0.001784 0.545870 -0.385536 -0.362113 NA 3.530149 0.000000
32 -1.662536 NA 0.604321 NA -0.128325 -1.563362 -0.081050 0.424172 1.228633 -1.252350 0.298217 -2.119231 -1.078913 -0.065206 -0.792877 -1.185583 -0.274837 NA -0.285949 1.670947 -0.047795 NA -1.200474 0.434198 0.021376 1.724228 -0.721705 0.019110 0.299805 NA -0.228725 -0.012593 -1.841256 1.518200 -0.795149 0.202890 -0.446967 0.523810 NA NA 1.007200 1.000000
33 -1.472606 -0.460500 -0.257402 0.037200 0.984606 0.502899 0.560620 -0.096658 -0.877046 -1.191939 -1.791617 -1.010621 NA -1.518302 0.446153 -0.665226 1.355877 NA -1.056601 -0.852484 -0.501851 1.194465 -1.624162 0.401892 -1.261421 0.402376 1.716425 -0.878370 -1.011460 -1.012648 0.204068 -0.219131 -0.347886 0.544180 -0.699855 1.249350 NA -1.639421 -0.114081 1.442583 3.362845 1.000000
34 0.517263 0.694182 NA -1.272567 -0.648852 -0.403223 0.081376 0.976296 -0.111122 1.345512 -0.691524 -0.345891 -0.088990 -0.097484 0.036071 0.625038 0.553235 -1.041203 -0.511093 -0.045694 -0.755450 1.691651 0.013991 -0.211517 -0.520262 0.290970 -0.183509 1.334905 -1.282417 -0.793135 1.323667 1.504534 0.615139 0.566700 -3.514614 0.837041 0.510859 0.266906 0.004716 -1.019430 1.635855 1.000000
35 0.251975 -0.085525 1.400454 -0.475919 0.010814 -0.591911 -1.552387 -2.119296 0.474332 -0.224678 0.523985 0.467661 -0.338615 -1.341414 0.082334 -0.632259 -0.430696 0.627483 -0.098720 -0.103516 -0.419682 1.434438 -2.265207 -0.732345 -1.574077 0.227214 0.230467 -0.797500 -1.162366 -0.312698 -0.057529 -1.234292 -0.607339 -0.644439 1.533539 -0.374469 0.087700 0.872007 1.327165 0.780166 0.478749 1.000000
36 1.239097 -0.794829 0.209326 -0.451838 0.260171 -2.554019 -0.188111 -1.665113 -0.803399 0.681454 -0.166912 1.116250 2.287817 -0.057881 -0.092046 0.860428 0.485116 -0.759007 0.485904 -0.024016 1.703402 0.574771 0.473382 -0.676006 0.427614 1.948119 0.909717 NA 0.218156 -1.026273 -1.519894 1.137894 -1.211156 1.583294 -0.706507 -0.064947 0.321018 0.111158 -1.493690 0.168031 0.204354 1.000000
37 -0.950023 1.004235 1.047081 -1.132024 -1.000182 -1.963001 -1.219994 0.555634 0.217534 1.759799 -0.251251 -0.238854 1.557634 -1.927726 -1.358012 1.154423 1.124876 -0.744233 0.532004 -0.630288 -0.071226 1.973297 NA -1.561360 0.165426 -0.758953 0.153045 -0.376506 0.147776 -2.733338 0.670562 -1.318486 NA -0.185108 0.128423 0.877714 0.115221 -0.520329 0.071813 -1.068996 3.139521 0.000000
38 0.375183 -0.212131 0.136694 0.220058 -0.349100 -0.037702 NA -1.393852 -0.965238 -0.414121 -1.196836 0.491157 -0.770376 1.393198 0.164748 0.416947 -1.773016 NA 1.068303 -1.147054 1.014572 -1.081071 -0.177762 -0.035611 0.825854 NA 0.076672 -0.377499 0.552362 -2.021568 2.110513 -1.517679 -0.104893 NA 0.252906 0.018253 -0.868997 -0.812393 -0.127749 0.491269 0.462338 1.000000
39 1.302213 1.553945 1.645218 1.616133 0.530580 -0.598668 -0.748432 -1.042314 -0.531532 -0.443729 -1.051749 -1.315784 0.607006 NA NA 0.821144 1.105502 NA -0.906571 1.362818 -0.907640 -1.198873 0.936689 0.167092 NA -1.100180 0.960503 -0.037305 0.029918 -0.531823 0.123520 0.439084 0.325270 -0.050193 -1.126968 0.562433 -0.008635 NA 0.128661 -0.770356 0.090723 1.000000
40 -1.217981 0.441835 0.916079 -1.476378 0.941758 -0.023645 -0.089298 -1.318191 NA 0.189783 1.848344 0.724845 -0.167474 1.168404 NA -0.684576 0.911684 0.071736 -0.232802 0.768716 -0.687291 1.973072 -0.460629 -2.048207 -0.784721 0.757229 0.153932 0.233177 -0.041268 -0.135626 0.505122 1.110881 NA 0.002899 0.494090 0.284420 -0.270599 -0.023812 0.800155 0.459629 0.719294 1.000000
41 -1.092112 -1.029464 -0.557915 -0.810711 -0.149932 0.870088 0.149692 -0.921860 0.665379 -1.563197 1.210773 0.694921 -0.181181 0.332578 NA 0.876817 0.086111 1.524860 0.952471 -0.094837 0.301292 -0.069359 0.650648 1.697269 -0.386166 0.596750 1.110093 0.911084 -1.475864 0.492401 -1.465085 -1.589468 -1.231345 NA 0.391535 NA -2.724075 0.646635 0.233439 0.128288 3.220339 1.000000
42 -2.414652 1.133583 1.564629 -0.044859 -1.997943 0.609341 -0.431604 -0.691122 0.502379 -0.823120 0.597204 -1.731480 NA -1.779175 -0.160947 1.234293 -0.006358 -0.718584 0.595840 -0.013971 1.706231 -1.201660 2.117539 -0.271638 NA 0.022288 0.531390 0.469490 -0.088989 1.057571 NA 0.358681 1.385196 -0.689876 -0.829579 -0.178596 -0.681803 0.147913 0.217939 -0.316894 5.569854 0.000000
43 0.988507 0.239336 -0.281040 0.410539 -0.501216 -1.468655 0.742832 0.736844 0.122003 -0.301150 -2.299553 -2.128433 0.609513 0.396235 -1.048618 -0.861575 -1.254044 -0.417523 0.013407 1.620011 0.948757 -0.729600 0.659049 -1.196770 -0.466999 -0.176164 -1.022146 -1.037792 -0.892487 -2.374908 1.600251 0.024784 -0.765987 0.083329 -1.451625 0.470880 2.325373 -0.802255 0.724768 2.000192 1.795837 1.000000
44 1.282354 -0.511121 0.549999 -0.018996 -0.190747 0.619829 -1.396639 0.638610 0.516626 0.506227 -0.398084 -0.664354 -0.938628 0.056408 -0.874223 1.747391 0.291678 0.410674 -0.574486 0.896360 NA 0.030822 -1.209078 -0.938954 -1.690905 0.716219 0.041796 2.469912 -0.690253 0.202554 NA -1.083902 -1.234276 -0.297516 -0.635781 0.998758 -1.670066 -0.493367 -2.092264 -0.831070 0.455460 1.000000
45 0.225248 0.325937 1.141390 0.081228 1.074882 0.355452 -0.834898 -1.294996 0.021868 0.055632 1.292584 -0.282395 -0.334353 -0.887271 -1.135552 -0.115846 0.037295 0.076487 -0.520201 0.590629 NA 0.749721 -1.077449 -0.251203 -0.012314 0.571916 0.658414 -0.158020 0.769996 -1.572601 0.525306 0.449867 -1.880518 0.857894 -0.884110 -0.780935 0.584582 -0.025004 -1.128873 -0.452781 0.320741 1.000000
46 -0.961305 0.066603 -0.389204 0.066112 -0.177367 0.806710 0.325647 1.494321 1.507368 -1.063379 1.131546 -0.737752 -0.173700 0.556215 -0.133847 0.102159 0.418784 -0.030276 0.251346 0.257871 0.331861 -1.238700 NA -0.206228 0.463071 0.117724 1.593780 0.530090 -0.086746 1.881254 -0.659620 0.457500 -1.539910 -1.834904 -0.536434 0.309408 -1.192761 -0.201670 0.541220 2.372713 5.524195 0.000000
47 -1.183225 -1.120623 -0.364032 0.353798 -0.517919 0.597958 -0.136353 -0.301364 -0.973811 -0.166783 1.100707 0.094033 -3.316131 0.637701 -0.565302 0.135958 -1.010918 0.195803 0.362549 0.366065 0.643857 0.066440 0.467811 -0.084579 0.039294 -0.669741 1.309133 -0.892329 -0.514635 1.481334 0.424296 0.751089 -0.552755 -0.105932 -1.291252 -0.165939 -1.577377 0.477272 0.144310 -1.900920 4.629691 0.000000
48 -1.124699 1.535310 -0.982974 0.240379 -0.722616 0.291173 0.910749 -2.754983 0.517391 1.798525 -0.811557 -0.380263 0.590537 -0.934044 -1.014435 NA -0.756998 -0.220544 -0.967974 -0.274003 -0.354880 -0.028857 0.387635 -0.125615 NA -0.991521 1.582515 0.375086 -0.069681 -0.091541 0.484058 -2.194349 0.488731 NA -0.642671 -0.668346 1.214635 1.034685 -0.383036 1.730145 7.640317 0.000000
49 1.038274 NA 0.248929 -0.876031 0.871118 -1.050775 0.644462 0.795435 0.706113 -1.748921 -1.658490 -0.473579 -0.676582 -1.031884 0.550122 -0.099548 -0.104145 -1.764656 NA -0.115685 1.168535 1.419707 -0.059489 1.187888 1.706628 -0.118921 -2.562423 0.007374 -0.372069 0.033384 0.992217 0.702448 0.575375 -0.192138 -0.115819 0.675094 2.878583 2.187553 -1.004577 -0.709822 0.887854 1.000000
50 0.094112 0.305200 -0.731281 -0.073430 0.215749 -1.746444 1.602527 0.802155 1.630775 0.285672 0.439345 0.859504 -0.238704 -1.493466 -1.125938 -0.250674 1.100941 0.071112 0.934557 -0.456882 1.715933 -1.879809 -1.283174 -0.538662 -2.511491 1.168142 0.278803 0.534247 -0.140073 -0.310938 -1.056987 NA -1.308970 0.390831 NA -1.148875 -0.313566 -1.170673 0.345326 -0.990751 11.372791 0.000000
uncorrelated Gaussian covariates
missing covariate fraction: 0.050000
no latent classes
   lambda(t|risk 1)=C, <t>=4.000000 for zero covariates
   risk 1: beta[1]=0.500000
   risk 1: beta[2]=0.500000
   risk 1: beta[3]=0.500000
   risk 1: beta[4]=0.500000
   risk 1: beta[5]=0.500000
   risk 1: beta[6]=-0.500000
   risk 1: beta[7]=-0.500000
   risk 1: beta[8]=-0.500000
   risk 1: beta[9]=-0.500000
   risk 1: beta[10]=-0.500000
   risk 1: beta[11]=0.000000
   risk 1: beta[12]=0.000000
   risk 1: beta[13]=0.000000
   risk 1: beta[14]=0.000000
   risk 1: beta[15]=0.000000
   risk 1: beta[16]=0.000000
   risk 1: beta[17]=0.000000
   risk 1: beta[18]=0.000000
   risk 1: beta[19]=0.000000
   risk 1: beta[20]=0.000000
   risk 1: beta[21]=0.000000
   risk 1: beta[22]=0.000000
   risk 1: beta[23]=0.000000
   risk 1: beta[24]=0.000000
   risk 1: beta[25]=0.000000
   risk 1: beta[26]=0.000000
   risk 1: beta[27]=0.000000
   risk 1: beta[28]=0.000000
   risk 1: beta[29]=0.000000
   risk 1: beta[30]=0.000000
   risk 1: beta[31]=0.000000
   risk 1: beta[32]=0.000000
   risk 1: beta[33]=0.000000
   risk 1: beta[34]=0.000000
   risk 1: beta[35]=0.000000
   risk 1: beta[36]=0.000000
   risk 1: beta[37]=0.000000
   risk 1: beta[38]=0.000000
   risk 1: beta[39]=0.000000
   risk 1: beta[40]=0.000000
uniform censoring on time interval [1.000000,12.000000]
