0.000000 0.500000
1.000000 0.623200
2.000000 0.623100
3.000000 0.642000
4.000000 0.711500
5.000000 0.728200
6.000000 0.732600
7.000000 0.737600
8.000000 0.744800
9.000000 0.741800
10.000000 0.761000
11.000000 0.780000
12.000000 0.786400
13.000000 0.805900
14.000000 0.796900
15.000000 0.798400
16.000000 0.798400
17.000000 0.795100
18.000000 0.801400
19.000000 0.811600
20.000000 0.808700
21.000000 0.821300
22.000000 0.822600
23.000000 0.825400
24.000000 0.837400
25.000000 0.836700
26.000000 0.839500
27.000000 0.852500
28.000000 0.853100
29.000000 0.848600
30.000000 0.858600
31.000000 0.856700
32.000000 0.869400
33.000000 0.869800
34.000000 0.874700
35.000000 0.870300
36.000000 0.882800
37.000000 0.881300
38.000000 0.887900
39.000000 0.887800
40.000000 0.886200
