0.000000 0.500000
1.000000 0.627400
2.000000 0.625700
3.000000 0.613000
4.000000 0.677000
5.000000 0.696600
6.000000 0.702500
7.000000 0.705800
8.000000 0.711600
9.000000 0.706300
10.000000 0.728900
11.000000 0.727700
12.000000 0.732500
13.000000 0.741500
14.000000 0.731800
15.000000 0.719300
16.000000 0.719300
17.000000 0.725100
18.000000 0.714800
19.000000 0.709400
20.000000 0.705800
21.000000 0.711200
22.000000 0.720700
23.000000 0.704600
24.000000 0.702100
25.000000 0.712200
26.000000 0.706600
27.000000 0.697800
28.000000 0.696600
29.000000 0.696300
30.000000 0.685200
31.000000 0.689800
32.000000 0.682600
33.000000 0.678700
34.000000 0.680200
35.000000 0.683900
36.000000 0.672300
37.000000 0.671700
38.000000 0.659200
39.000000 0.672200
40.000000 0.662000
