0.000000 0.500000 0.500000
1.000000 0.586500 0.591800
2.000000 0.602200 0.628200
3.000000 0.600500 0.625700
4.000000 0.624400 0.654000
5.000000 0.611900 0.660400
6.000000 0.603400 0.666500
7.000000 0.608600 0.672800
8.000000 0.607000 0.678200
9.000000 0.598400 0.680200
10.000000 0.586100 0.665300
11.000000 0.589100 0.685200
12.000000 0.584600 0.685600
13.000000 0.579200 0.695300
14.000000 0.568000 0.694000
15.000000 0.570600 0.700900
16.000000 0.569000 0.710000
17.000000 0.569000 0.730500
18.000000 0.566000 0.723500
19.000000 0.570300 0.726900
20.000000 0.562600 0.726000
21.000000 0.560700 0.746300
22.000000 0.557600 0.746500
23.000000 0.556400 0.753800
24.000000 0.548000 0.748700
25.000000 0.539700 0.748900
26.000000 0.547400 0.769900
27.000000 0.540200 0.770100
28.000000 0.531200 0.777300
29.000000 0.525700 0.770500
30.000000 0.521300 0.775500
31.000000 0.528200 0.785000
32.000000 0.517800 0.784600
33.000000 0.513100 0.789000
34.000000 0.512000 0.802700
35.000000 0.514200 0.798900
36.000000 0.508200 0.806600
37.000000 0.506600 0.816800
38.000000 0.503300 0.821300
39.000000 0.490600 0.819300
40.000000 0.489700 0.829800
