0.000000 0.500000
1.000000 0.586500
2.000000 0.602200
3.000000 0.600500
4.000000 0.624400
5.000000 0.611900
6.000000 0.603400
7.000000 0.608600
8.000000 0.607000
9.000000 0.598400
10.000000 0.586100
11.000000 0.589100
12.000000 0.584600
13.000000 0.579200
14.000000 0.568000
15.000000 0.570600
16.000000 0.569000
17.000000 0.569000
18.000000 0.566000
19.000000 0.570300
20.000000 0.562600
21.000000 0.560700
22.000000 0.557600
23.000000 0.556400
24.000000 0.548000
25.000000 0.539700
26.000000 0.547400
27.000000 0.540200
28.000000 0.531200
29.000000 0.525700
30.000000 0.521300
31.000000 0.528200
32.000000 0.517800
33.000000 0.513100
34.000000 0.512000
35.000000 0.514200
36.000000 0.508200
37.000000 0.506600
38.000000 0.503300
39.000000 0.490600
40.000000 0.489700
