N=50
P=40
R=2
1 -0.830605 2.095978 0.585426 0.215171 1.256143 0.398404 1.476961 1.177211 -0.354209 0.299750 -0.553230 -0.635242 -0.815961 -1.066517 -0.841033 0.762646 -1.323442 -0.935904 0.011176 -0.865900 -0.164044 -1.286028 -2.258754 -1.978406 0.028853 -0.617753 -0.433109 -0.459838 -0.503972 -1.319930 -1.884222 0.283047 0.585378 0.795990 0.600991 0.717529 0.125497 -1.248133 -0.589072 -1.590063 4.102516 1.000000
2 -0.729565 0.321587 -0.134745 0.204989 -0.247160 1.154842 0.257941 -0.571398 -1.193930 0.169415 -1.909529 0.815121 0.303683 -1.150900 -0.651000 -0.094186 0.411297 -0.204226 -1.016647 -1.516448 1.566797 -1.098576 -0.323214 -0.053834 0.362047 -0.285235 -1.219651 0.647285 0.118074 -0.868120 -0.427145 -2.277933 -0.043018 -0.771194 -1.677770 -0.600446 -0.149287 0.334736 -1.103015 -1.674899 10.726472 1.000000
3 1.408732 0.795143 -1.854927 1.101672 -0.613954 0.369254 -0.610412 -0.622502 1.535229 1.394989 0.553929 0.062500 -1.787532 0.447958 0.834411 0.542707 -0.195904 -1.040020 0.627694 1.587771 -1.118600 0.492469 -1.592500 0.064591 1.016705 -0.472908 -0.987919 0.324898 0.291112 2.077104 -0.151925 0.661613 -0.760365 1.327940 0.538288 -1.496651 -0.594943 0.416151 0.221926 0.958294 3.524284 1.000000
4 -1.553796 0.643562 0.216742 0.606610 -0.475834 0.878518 1.856289 0.229468 0.992291 -0.457227 -0.208592 -1.759472 1.044853 0.596357 -0.408486 -0.559518 0.914285 -0.219037 -0.313163 0.467288 0.182013 -0.027472 0.158001 0.154539 0.513413 -1.492972 -2.462640 -0.817895 0.822740 -0.731679 -0.324860 -0.322970 -1.999707 -0.374989 0.097587 1.538568 0.132034 0.017765 -0.602059 -0.018793 6.177404 1.000000
5 0.135915 1.294004 -0.217280 1.085026 -0.996798 1.761654 -0.969056 -0.384719 0.274437 -0.203077 -0.141072 0.275184 0.344365 0.181810 1.506034 -1.378267 -0.027552 -0.328714 -0.152456 -0.598079 -0.725162 0.756069 0.353064 -0.211207 0.206979 -0.360342 0.748180 -0.940492 1.053559 2.041164 -1.834774 0.679656 0.117606 -0.071017 -2.081850 -0.809637 -1.225067 -2.002847 0.231622 -1.209370 6.484816 1.000000
6 0.379961 -1.687699 2.469410 0.910281 0.278780 -1.266580 -0.853347 -0.161557 2.497612 0.131306 1.957060 -1.785792 -0.596090 0.002032 -1.290110 0.475758 -1.250954 -0.685936 0.873013 0.367499 0.386568 0.465020 -0.047770 -1.179635 2.994940 -0.569802 -0.361808 1.101418 0.699428 1.382575 -0.013302 0.808025 0.451801 -0.873926 1.146839 -1.052258 1.046015 -1.695672 0.183692 0.614997 0.640326 1.000000
7 -0.050164 -0.072113 0.364418 0.057870 2.037816 1.260770 -1.982388 0.267331 0.023200 -0.157286 -1.408812 0.359054 0.138425 2.001106 -0.420809 -1.258268 0.501676 -0.651858 -0.281957 -0.420257 0.350427 0.165003 -1.198933 0.529463 0.884558 -0.920214 1.365579 1.092380 -0.659903 -1.741505 -0.177327 0.168554 -0.194680 1.408495 -0.444024 1.389732 0.743127 1.467948 0.364844 1.053398 0.114562 1.000000
8 -0.700604 -1.034289 0.464278 2.213674 0.284363 -0.351991 -0.362573 -0.812178 1.340161 -0.818790 0.515998 -0.906547 0.842503 -1.297629 -1.574288 0.797510 0.802261 0.875464 0.038150 0.162995 0.860895 -0.154098 -0.675882 -0.725396 -1.299592 0.673193 -0.095461 0.155622 -0.382643 1.555123 0.568746 -0.345208 -1.006550 0.458029 -0.520851 0.826371 -0.859619 -1.279288 -0.592563 0.891939 0.676313 1.000000
9 -0.345054 0.486796 0.048798 -1.526788 0.238395 -0.367699 -0.307031 0.573162 0.204255 0.973171 -2.072667 0.923056 0.749770 -0.119102 -0.733472 -0.056314 -1.127679 -0.768017 -0.243551 1.352703 -0.572809 -0.654550 -0.498143 1.140207 -1.295334 -0.474624 1.668178 0.805305 1.598792 -1.562089 -0.790543 -0.772988 -1.709633 -0.808446 -2.067526 0.864454 -0.396524 -0.034886 -0.472774 -1.364828 11.209855 1.000000
10 0.348541 -1.615130 1.354685 0.111376 -1.004972 -0.980336 0.421184 -0.469728 0.221169 0.612406 -0.430422 1.042815 -0.082525 -1.833818 0.207851 0.166686 -0.229790 0.393381 0.786319 0.667371 -0.742625 0.664337 -0.657587 2.855817 0.363737 0.546609 2.215731 -0.899897 -1.058729 -0.034685 -1.188318 0.705994 -1.342035 0.186580 0.687009 -0.677577 0.547038 0.388892 -0.709865 -1.936389 12.276664 1.000000
11 0.179603 -1.050182 0.415100 -0.049313 1.891918 1.422001 1.502975 -2.326739 -1.221595 0.417394 0.016270 -1.385102 -0.693412 0.888157 0.519658 -0.895861 0.180780 1.016585 -0.173463 1.309851 0.898517 1.567081 -0.379346 -0.709525 -1.292677 -0.809381 -0.796259 -2.461193 -0.545425 -0.368862 1.102197 0.388353 0.375207 1.704433 0.236684 -0.528104 0.908077 1.495144 0.061925 0.208863 0.750972 1.000000
12 0.856545 0.480047 -0.549290 -1.692459 0.566491 1.861733 -0.964065 -0.514591 -0.662520 -1.395157 -0.938276 -0.828090 -1.082926 0.234783 -0.940052 0.116534 -0.023316 -0.019745 -3.072451 -0.170463 0.913096 0.933994 -1.003836 0.613109 0.765006 -2.202246 -2.412932 -0.929249 -2.656495 1.417016 0.505788 -0.576059 -0.570552 -0.466263 -1.942267 -1.666631 -0.424716 0.851120 0.329085 -1.461893 2.700793 1.000000
13 -1.177136 0.747419 -0.060631 -1.604584 -0.558992 0.315318 -0.608715 -0.956409 0.137678 0.717979 0.678167 -0.100571 0.060928 1.304618 -1.120521 -0.237481 -0.223596 -1.862947 -0.094907 -1.835028 0.969294 -0.178969 -0.315169 1.135253 -0.719766 -1.012548 0.145387 1.258605 -0.981326 -0.415884 0.690834 -1.310045 -0.776618 1.492713 -0.420274 -0.669850 2.390689 2.161603 0.107917 -0.060477 0.694814 1.000000
14 0.091934 0.206293 -0.287297 -1.201757 0.231296 0.763074 -1.117426 0.371338 -0.393866 -0.213972 0.285016 1.211106 -0.597117 0.987460 2.791595 0.100251 0.177647 -1.053129 -1.450676 -0.525070 0.293860 1.853422 0.346511 0.667011 1.120516 -0.548155 0.631623 -0.279547 -1.020605 -0.999000 0.294207 -0.037768 -0.034509 0.434068 0.282095 0.117651 0.085726 -0.800413 -0.206499 0.510519 6.912651 1.000000
15 0.747701 -1.308403 -0.041430 -0.394141 -0.629321 0.900732 -1.301521 -0.230484 -0.804293 -0.595074 2.151765 1.125597 0.947911 1.939121 1.794446 0.344237 -0.994576 -0.625387 -1.027961 -0.152944 0.713100 0.333017 -1.541841 0.927865 -0.030969 1.304539 -0.553080 -0.837543 -0.630653 -0.026074 0.373799 1.463808 -0.347832 -0.814803 0.143132 -1.253588 0.417706 0.300532 0.211532 1.314536 1.714805 1.000000
16 0.174137 -1.450484 0.899773 -1.640609 -0.476637 0.630770 0.513376 1.183371 1.011814 0.779388 -0.943850 -1.658823 -0.437337 1.590488 0.845872 1.715428 -0.936184 -0.123957 1.313537 -0.958932 -1.397260 0.510006 0.300956 0.483768 0.406999 0.832004 0.133030 0.205119 -0.061520 -0.547246 -0.559507 -0.203558 1.683962 -0.789203 1.089248 -0.099511 -0.105316 2.978509 0.165863 -0.415617 9.417408 1.000000
17 2.121043 1.485163 -0.190588 0.227243 -0.352399 1.468758 -1.712363 0.638185 -0.122932 -1.113780 0.312001 0.174727 0.379766 0.079448 -1.726314 1.769074 0.079453 -0.426060 -0.699603 0.541903 -0.131666 0.849531 -1.355345 -1.126771 -1.794181 -0.108654 0.220218 0.436556 -0.322971 0.068609 0.448355 1.162306 0.771001 1.702903 -1.485051 -0.905662 -0.223582 -0.275684 -0.124458 -1.124714 0.299401 1.000000
18 -2.046671 -0.953148 0.752893 -0.387012 0.287327 -0.097979 -1.189269 -2.034696 2.659842 1.005875 0.221963 -1.081479 -0.017164 -0.122626 -1.546602 1.297488 2.329791 -0.466789 0.132955 -1.404493 0.545406 -0.290195 0.413377 0.415047 0.583574 -1.111173 -0.151514 0.916787 0.179650 -0.430173 0.269761 -1.052201 0.562068 0.317510 -0.089488 0.627735 0.021885 0.133163 -0.427681 -0.454451 10.927445 1.000000
19 0.793140 0.089391 -0.054340 1.365410 -1.992011 -1.370462 -0.525511 1.116798 -0.737393 1.862962 0.409082 -0.468353 1.242875 -0.223507 0.231864 0.758220 -0.106025 1.643817 1.764557 1.910512 0.001374 -1.439871 -0.305503 0.500030 0.260508 -0.328402 0.960860 1.510664 -0.299916 -1.377441 0.078407 0.371044 1.688364 1.038837 -1.635614 0.370423 0.353242 0.296240 0.846588 -1.622030 1.884799 1.000000
20 0.225638 -0.073187 0.121169 -0.903014 1.132945 -0.046086 0.997131 -2.152290 1.568364 1.888227 1.010454 -0.611804 0.214550 -1.614133 0.635608 -0.720793 -0.569006 -0.585176 1.812387 -1.011130 -0.574038 0.273393 -0.393218 -0.751841 1.257329 -0.754150 -0.114638 -0.701699 0.173669 -0.583361 0.191837 -0.712685 0.131112 0.696477 0.634615 -0.504339 -0.343828 0.151198 -0.414616 0.899508 22.817112 1.000000
21 -2.115044 0.467479 0.941797 -0.486837 1.821876 -0.414523 1.758827 -0.467036 2.400710 -0.229826 1.477014 -1.089352 0.476532 0.491317 -0.726773 0.278178 -0.563817 0.836727 -1.681481 -0.510636 0.692669 0.604369 0.458800 -0.210289 0.016789 -0.396941 0.771262 0.137432 0.167278 -1.000561 -0.069160 -0.844977 -1.293881 0.702660 0.336503 0.160440 -0.373223 0.594094 0.530399 0.184054 28.493165 1.000000
22 -0.337906 2.498700 -0.614486 -1.339857 -0.007965 -0.342904 2.199180 0.796316 1.119558 1.172924 -1.857571 -0.920247 -0.681091 -0.652358 -0.408098 0.247324 0.063871 1.004566 0.012508 -0.882739 0.959078 -0.481573 1.035249 0.011436 -0.680990 -0.558098 -0.334765 -1.022405 1.519210 0.648682 -0.169403 0.888102 0.802515 -0.223002 0.729665 1.337422 -0.036925 0.880872 -0.525543 0.051416 21.110850 1.000000
23 -0.904508 -0.670731 0.947254 0.064842 -0.892884 -0.101349 1.038206 -0.986035 0.615022 -0.058073 -0.114155 -1.325569 -1.228964 0.226086 0.915204 -1.467978 0.344094 0.573111 -0.414839 1.033402 -0.075918 -1.267975 -1.166920 -0.031429 -0.616708 -0.573385 0.406937 0.297202 -0.790909 -0.911743 2.040736 -1.155386 0.005459 1.027925 0.826102 -1.921914 -1.246101 0.057835 -0.321699 1.830219 10.059053 1.000000
24 1.078695 -0.802611 1.444497 0.275309 0.486167 1.004519 0.436949 0.149472 -0.580333 -2.052502 -2.163653 -0.573208 -0.974057 -0.207787 -1.247038 0.758554 -0.452360 -0.452027 -0.853695 -0.201415 1.045610 -1.516367 -1.019001 -1.054495 1.604542 -0.728053 2.448130 0.268886 -0.948684 -0.300262 -0.283452 0.605212 -1.104163 -1.080587 -1.325873 -1.052828 -1.805251 1.046496 -0.196271 2.049721 0.737521 1.000000
25 -0.741852 0.272290 0.674362 1.787090 -0.559849 -0.783906 0.129361 1.753073 0.396403 -0.457139 0.468955 0.205030 -1.529482 -0.146290 1.049754 1.754426 -1.068381 -1.226450 0.754602 0.744669 0.586198 -0.901149 0.242427 -0.458942 0.566769 0.324747 1.242162 -1.119094 1.508550 -0.061431 -0.674308 1.807213 0.043045 0.723051 -1.868331 1.937926 0.696930 -0.644898 -0.576368 -0.573062 2.170452 1.000000
26 0.337987 -0.276463 -0.727321 -0.688268 1.345666 -1.341738 0.635571 0.458857 -0.827473 -0.190258 -0.302812 -1.090867 0.046852 0.146573 -0.174146 0.742810 1.644752 1.113955 0.369081 2.088680 -0.349427 0.304863 -0.374721 -0.847791 0.756681 -1.180174 -0.724411 -1.768989 -2.424727 -0.321911 0.930264 -0.097749 0.571644 1.162862 0.559736 -0.364749 -1.159780 0.592983 0.224369 0.399141 1.650133 1.000000
27 -1.083807 0.204406 1.773949 -0.241073 0.917360 1.048482 -1.310338 0.580649 1.034033 1.645422 -0.956536 0.016788 -1.072285 0.189115 -0.102677 0.345835 -0.933315 -0.315218 -1.239667 0.153908 -1.580176 -1.069446 -0.645139 -0.456616 0.410306 1.474300 -1.141684 0.648071 0.097354 1.690576 -0.518356 0.486940 0.225588 1.179857 0.544515 0.524287 0.341182 0.930416 -0.762126 -0.078890 0.865216 1.000000
28 0.441816 -0.143892 0.427248 -1.279842 -0.810753 -0.316554 -0.021702 -0.644377 -0.460481 -0.235331 -1.559306 -0.213909 -0.704577 -0.292346 -0.680878 0.080433 -0.670283 -0.767805 -0.413455 0.410490 -0.591542 2.068435 0.099506 0.151511 0.810923 -0.838085 -0.593880 -0.122467 0.923674 2.104123 0.871680 0.268916 -1.274742 -1.043565 -0.498296 1.069518 -0.063242 0.251476 -0.676088 1.181698 6.493582 1.000000
29 -0.989944 1.722053 0.831324 -1.516825 -0.128114 0.599678 0.457036 -0.471330 1.657431 1.086213 0.192064 -0.235700 0.381377 0.234960 -0.040802 -2.011596 -0.562375 1.688255 1.206622 1.416897 -0.892692 -1.426006 -0.184697 0.636389 0.160716 0.218312 -0.099259 0.912843 0.680904 -0.870521 -0.388781 0.349855 -0.912811 0.420853 -1.168699 1.191986 -1.799941 -2.228584 -0.641035 -0.498861 2.489405 1.000000
30 -0.338674 -0.902657 0.289936 1.485516 -0.376573 -0.895954 -2.057601 -1.197085 1.831097 -1.271010 -0.388141 0.367516 -0.508167 0.156706 -0.403365 -0.953344 1.057445 1.260734 -0.520543 -1.119893 -1.168502 -1.726960 0.532484 -0.058431 -0.455123 -0.175971 -0.617157 -1.906863 -0.322090 -2.103966 2.070870 -0.101452 -0.552387 -0.450741 1.231326 1.197876 -1.167715 0.559538 0.486304 0.129356 0.277296 1.000000
31 0.451901 -0.990122 0.670936 0.554673 -0.623658 -2.183742 -1.505307 -1.116617 -0.963784 0.727286 -0.398562 0.645796 0.208596 0.103898 -0.767749 -0.448967 -1.410815 0.503640 -0.054264 -0.504892 -0.399830 0.833984 0.011250 0.391203 -0.288519 0.244683 -0.823890 -0.327249 0.785056 1.836558 1.590457 -0.652756 -1.771434 0.826398 0.123248 0.822048 0.218170 -0.862783 -1.398260 0.627530 0.080798 1.000000
32 -1.005352 2.280964 1.294227 1.966677 0.816229 -0.105220 -0.014214 1.209143 0.875533 0.366453 -0.665121 2.228536 0.543045 -1.699754 0.043349 0.444577 1.021400 -0.342495 1.085194 0.107517 0.692878 0.300932 1.241972 -1.954620 -0.748421 1.338427 -0.080738 0.163553 -0.277917 0.250077 -0.708538 1.531166 0.074702 1.357602 0.201219 1.348512 0.012436 0.083113 0.118553 -0.229590 0.121109 1.000000
33 0.711368 2.141672 1.427853 0.258511 0.015261 1.045936 2.685690 0.754117 0.464187 -0.030536 -0.284863 -0.714526 0.363825 0.799292 -1.022062 0.740259 -0.247332 -1.879323 0.905924 -0.182202 -0.316294 -2.039510 0.444084 0.430906 -0.093858 -0.065802 -0.678802 -0.033550 0.015536 0.716110 0.731328 0.223800 0.156894 1.236068 -1.131126 0.007036 0.029388 2.280185 -0.579608 -0.980827 3.397497 1.000000
34 0.738986 -1.237453 -1.692987 -0.665818 1.323710 -0.566376 -1.534527 -0.366751 0.616395 -0.767412 0.069899 0.596775 1.552413 0.292892 -2.306095 1.388683 0.287156 0.342332 -0.953536 -1.087178 0.504056 -0.152875 0.921217 -0.179227 -1.306063 1.063247 0.252731 -0.593634 0.452306 -0.625357 -1.441981 0.224498 0.118045 0.270639 1.335279 1.137056 -0.932485 -0.293387 0.752175 -0.724629 3.686755 1.000000
35 -0.323078 -0.770133 0.056149 -1.108919 1.757073 -0.174443 -0.669585 -2.332978 -2.596684 -0.511067 0.241386 -0.625123 -0.255011 -0.017808 1.098068 -1.001981 0.249410 -2.344701 -0.087458 -0.262506 -0.479379 -0.915936 0.495487 -0.090852 -0.309052 -1.198494 -0.781624 -0.638292 0.629651 -2.106584 -1.024165 -0.440764 0.890306 -0.427543 0.620510 0.233172 -1.502871 -0.881960 -0.887466 -1.259628 0.023968 1.000000
36 0.002292 2.323616 1.124757 0.534754 2.649625 -0.530893 1.023583 0.715025 1.166333 -1.365214 0.233783 -1.074505 0.256904 2.319158 -0.337741 0.453576 0.978267 0.219902 0.500622 -1.684534 -0.031555 0.049637 0.358796 0.753382 1.147006 -0.324841 0.224297 -1.901458 -0.337707 1.089479 -0.602667 0.417508 1.923716 0.576114 0.737722 0.003135 -0.103071 0.784761 0.164101 -2.360216 0.182872 1.000000
37 0.002997 -0.292979 0.032337 1.027527 0.488229 -0.957825 -0.889960 -0.454049 -0.434553 -1.687610 1.236261 0.817018 -0.093418 0.850448 1.361630 -1.220453 -0.642880 0.897345 1.303484 0.945630 0.550495 -0.448695 -0.700043 -2.033297 0.804617 -1.464965 -0.380400 0.181244 -0.248840 -1.627736 1.009242 -1.061571 0.578225 0.246959 0.190554 -0.444725 1.402798 0.050870 2.332002 -1.466196 0.179376 1.000000
38 0.825983 -0.915926 0.245454 0.872763 -2.306686 0.609180 0.583729 -0.381075 -0.182054 -0.632720 1.153442 0.002010 1.777248 0.854963 0.808372 0.288318 -0.841875 -0.655152 1.713234 0.044494 0.885827 -0.233206 -0.291907 1.431745 0.834422 -0.950937 0.635916 1.074582 -0.431927 -0.392619 -1.047917 -0.574620 -1.268509 1.250575 -0.580708 0.207456 1.861299 -0.524439 0.177650 0.217097 0.583903 1.000000
39 -0.077330 0.452857 0.317276 0.520064 2.263386 -1.334221 -0.881480 0.395037 -1.052485 -0.112317 -0.715577 0.407096 1.260515 1.824498 0.389559 -0.316302 0.698488 -0.393040 -0.045222 0.615653 -0.315026 -1.534530 -0.311547 2.923664 1.565204 -0.871317 0.166354 -0.256925 -2.249360 -0.896936 0.305863 -1.052535 -0.755976 -0.414125 -1.647200 0.856400 -0.805298 0.144453 0.844658 1.118671 0.069878 1.000000
40 0.783414 -0.524814 -0.241120 -0.070371 0.903697 -0.756606 0.626794 -0.332139 -0.971546 -0.763502 -1.116851 0.117572 1.514196 -0.112484 0.500698 1.322782 2.134205 -1.045901 -1.258961 -0.534907 -0.480888 0.307736 0.154962 -2.639864 0.862558 0.205334 0.157177 0.347673 0.793200 -0.142270 0.611812 0.623522 -0.316566 0.249085 -0.068951 -0.606255 -1.107109 -1.491734 0.313453 1.030314 1.463073 1.000000
41 0.102738 0.175520 0.164936 -0.583521 -0.408862 -1.499128 -0.660921 -1.233682 -0.491256 0.660624 -0.091336 -1.994105 -0.016650 -1.477943 1.622588 -0.237279 -1.065747 0.002499 -0.399022 2.186871 0.249247 0.482308 -0.170927 0.025587 0.637185 -0.208109 0.790909 1.404760 0.399567 0.996278 -0.881671 -0.263920 1.186055 -2.117754 0.382530 0.220094 -1.342548 -1.494229 -0.431021 -0.164118 0.825957 1.000000
42 -0.005500 -0.437325 0.280691 -0.980075 -0.722985 -0.750983 -1.626625 -0.970884 -0.443213 -0.027121 -0.105689 0.681041 -0.524723 -2.270655 0.647922 -2.305320 -1.169728 1.553311 -0.636126 0.929593 -1.172148 -0.458836 0.430244 0.204462 -0.522203 0.402203 0.336307 0.078919 -3.226886 -1.489275 -0.137134 0.516413 -0.173193 -1.317282 -1.111470 0.997137 0.913573 -0.340623 -0.893318 0.427239 0.819208 1.000000
43 1.140217 -0.643411 0.528779 0.476132 0.790627 1.441404 -0.178453 1.046517 -1.169345 -0.102943 0.265527 0.140505 0.273482 0.127344 -0.799376 -2.177502 -1.012427 -0.674377 -0.538824 2.162207 -2.115429 0.634715 -1.914017 0.506382 -0.464548 -0.184847 -0.414841 0.852463 -0.058693 -0.678557 0.900424 0.006619 -0.444211 -0.668998 1.008927 0.348460 1.590390 -0.379462 -0.003512 0.045392 0.130331 1.000000
44 1.638228 2.938682 -1.143321 -0.147868 0.942803 0.016477 -0.673181 -0.941042 0.559209 -0.931543 0.283035 1.835614 -1.453157 1.006901 -0.743870 -0.212008 -1.333338 -0.054297 -0.299949 -0.451019 -0.130800 0.734396 0.569143 -1.029515 -1.266945 0.570566 0.635425 -0.454798 0.952906 0.620147 0.276223 -0.299905 0.238157 -0.080558 0.259127 0.651837 -0.154459 0.385952 -0.778229 2.171155 0.045866 1.000000
45 -3.087231 -1.262488 -0.067720 -1.331307 0.015507 -0.055986 -0.631226 -0.216329 -0.310543 0.695167 -0.546335 2.513892 1.096839 -0.685186 -0.767012 -1.390780 0.307075 -0.896623 -1.273228 0.838835 0.101985 0.222654 1.589688 -1.058766 -0.006394 -0.100171 0.847423 -2.418519 -1.479279 0.325635 1.895734 0.076796 0.346924 0.297402 1.832993 1.333290 1.389643 -0.226649 -0.342992 -1.644687 17.131804 1.000000
46 -0.519084 0.118456 -0.523775 -0.061810 0.782190 1.968331 -1.399358 -0.082170 -0.705943 -0.171193 0.564986 -0.568373 0.755960 -0.718344 0.607109 -0.385348 1.178778 -0.522038 2.652666 -1.009990 -1.017812 -0.572889 0.976060 1.457990 -0.636370 -0.126650 -1.657881 0.337703 2.152184 1.362846 -0.233459 -0.315423 0.271634 -0.074183 -0.674819 0.641830 -1.271200 -0.586104 0.732129 0.887977 0.708742 1.000000
47 1.222282 -0.685196 0.006749 -1.374288 2.005868 0.756108 -0.316218 1.225734 -0.163473 1.044879 -1.816799 -0.343999 0.365242 0.554715 -0.871919 0.441093 -0.316103 -0.242130 0.255148 -0.219693 -0.374632 -2.093206 -0.836080 -0.919079 -0.489369 -2.106682 2.921786 -2.174436 -0.476237 0.914122 -1.347895 -0.463519 -0.859474 0.210196 -0.529454 -1.248769 0.625832 -0.534582 2.449811 -0.774045 10.236163 1.000000
48 2.299912 0.417387 -0.428130 -1.322144 2.690633 1.580321 -0.654674 1.125324 0.180178 -1.275468 -0.141447 -0.463658 -0.277091 -0.877671 -0.139635 -0.160875 0.493632 0.954332 -1.612755 1.149461 -1.114327 1.669425 0.209809 1.184947 0.668219 -1.354195 -0.166569 0.622331 0.336176 -1.312892 1.081643 -1.349602 -0.337474 -0.883421 -0.997308 0.516608 0.255250 -1.329797 1.475592 0.047129 1.797346 1.000000
49 0.736048 -0.406977 -0.679556 -0.980522 -1.021823 0.280783 1.696550 -0.552769 0.048261 -0.284002 -0.011688 -1.877871 1.303044 0.335150 2.323523 -0.618399 -0.602634 2.079096 0.534764 0.280216 0.265945 -0.630412 -0.942880 -0.273505 -0.158442 -0.062019 0.926632 0.268582 -0.278448 -0.374077 -0.044227 0.369644 1.102868 0.950003 -0.158481 0.328009 2.188134 -0.918696 -0.337021 1.513437 17.813975 1.000000
50 0.189252 0.279095 1.125786 -0.747561 -0.912514 -0.211251 0.643977 0.220129 -0.805099 1.679993 -0.317300 -1.016263 -0.061839 -0.508993 0.899241 -0.124814 -1.116255 0.684771 0.102938 -1.175802 -0.161538 1.410817 -0.725204 0.661239 -0.333248 -0.309465 -0.753092 0.716544 -3.648355 0.512281 0.855153 0.024910 0.894186 0.700264 1.309102 0.276580 0.791632 -0.862240 0.921416 0.555422 4.704581 1.000000
uncorrelated Gaussian covariates
missing covariate fraction: 0.000000
no latent classes
   lambda(t|risk 1)=C, <t>=4.000000 for zero covariates
   risk 1: beta[1]=0.500000
   risk 1: beta[2]=0.500000
   risk 1: beta[3]=0.500000
   risk 1: beta[4]=0.500000
   risk 1: beta[5]=0.500000
   risk 1: beta[6]=-0.500000
   risk 1: beta[7]=-0.500000
   risk 1: beta[8]=-0.500000
   risk 1: beta[9]=-0.500000
   risk 1: beta[10]=-0.500000
   risk 1: beta[11]=0.000000
   risk 1: beta[12]=0.000000
   risk 1: beta[13]=0.000000
   risk 1: beta[14]=0.000000
   risk 1: beta[15]=0.000000
   risk 1: beta[16]=0.000000
   risk 1: beta[17]=0.000000
   risk 1: beta[18]=0.000000
   risk 1: beta[19]=0.000000
   risk 1: beta[20]=0.000000
   risk 1: beta[21]=0.000000
   risk 1: beta[22]=0.000000
   risk 1: beta[23]=0.000000
   risk 1: beta[24]=0.000000
   risk 1: beta[25]=0.000000
   risk 1: beta[26]=0.000000
   risk 1: beta[27]=0.000000
   risk 1: beta[28]=0.000000
   risk 1: beta[29]=0.000000
   risk 1: beta[30]=0.000000
   risk 1: beta[31]=0.000000
   risk 1: beta[32]=0.000000
   risk 1: beta[33]=0.000000
   risk 1: beta[34]=0.000000
   risk 1: beta[35]=0.000000
   risk 1: beta[36]=0.000000
   risk 1: beta[37]=0.000000
   risk 1: beta[38]=0.000000
   risk 1: beta[39]=0.000000
   risk 1: beta[40]=0.000000
