1 0.024081952920 1.030861128593
2 0.094614954975 1.143956268144
3 0.255800820397 0.807958809752
4 -0.128068092985 1.014664338025
5 0.282012764560 1.126849464437
6 0.114646260438 0.988731847108
7 -0.131754726920 1.137880660498
8 -0.159947577470 0.960030229401
9 0.155627946597 1.075140025846
10 0.024413465369 0.931354822412
11 -0.157242657029 0.956307840744
12 -0.175684074899 1.022429704610
13 0.059102404632 0.839428013940
14 0.073430009948 0.999441391001
15 -0.023151304384 1.070844200696
16 -0.042004898068 0.972458326995
17 -0.103238536455 0.896083739126
18 -0.083293085208 0.954475850380
19 -0.041065658265 1.039998580681
20 0.083805307500 1.031761816311
21 -0.079575713257 0.783717094848
22 -0.082234281660 1.002767708136
23 -0.209740779222 0.806078261809
24 0.004484258488 1.078597508079
25 0.136046591451 0.901197010020
26 -0.332991929419 0.799008360542
27 0.040284633613 1.051892948740
28 -0.125972094647 0.994891504603
29 -0.199472842753 1.163960122158
30 -0.092284823815 1.135132855155
31 0.055406394695 0.916853773244
32 -0.023441594737 0.793099899630
33 -0.081077224083 0.895716453716
34 0.224017767012 0.879259865418
35 -0.128797735657 1.008413061442
36 0.157941674243 0.919533598432
37 -0.002128136123 0.985576710897
38 -0.026020950320 1.057498166018
39 -0.006911063939 0.757848443218
40 -0.055384992873 1.092503438205
