active=100: 1 2 3 4 5 6 7 8 9 10 11 12 13 14 15 16 17 18 19 20 21 22 23 24 25 26 27 28 29 30 31 32 33 34 35 36 37 38 39 40 41 42 43 44 45 46 47 48 49 50 51 52 53 54 55 56 57 58 59 60 61 62 63 64 65 66 67 68 69 70 71 72 73 74 75 76 77 78 79 80 81 82 83 84 85 86 87 88 89 90 91 92 93 94 95 96 97 98 99 100 
active=99: 1 2 3 4 5 6 7 8 9 10 11 12 13 14 15 16 17 18 19 21 22 23 24 25 26 27 28 29 30 31 32 33 34 35 36 37 38 39 40 41 42 43 44 45 46 47 48 49 50 51 52 53 54 55 56 57 58 59 60 61 62 63 64 65 66 67 68 69 70 71 72 73 74 75 76 77 78 79 80 81 82 83 84 85 86 87 88 89 90 91 92 93 94 95 96 97 98 99 100 
active=98: 1 2 3 4 5 6 7 8 9 10 11 12 13 14 15 16 17 18 19 21 22 23 24 25 26 27 28 29 30 31 32 33 34 35 36 37 38 39 40 41 42 43 44 45 46 47 48 49 50 51 52 53 54 55 56 57 58 59 60 61 62 63 64 65 66 67 68 69 70 71 72 73 74 75 76 77 78 79 80 82 83 84 85 86 87 88 89 90 91 92 93 94 95 96 97 98 99 100 
active=97: 1 2 3 4 5 6 7 8 9 10 11 12 13 14 15 16 17 18 19 21 22 23 24 25 26 27 28 29 30 31 32 33 35 36 37 38 39 40 41 42 43 44 45 46 47 48 49 50 51 52 53 54 55 56 57 58 59 60 61 62 63 64 65 66 67 68 69 70 71 72 73 74 75 76 77 78 79 80 82 83 84 85 86 87 88 89 90 91 92 93 94 95 96 97 98 99 100 
active=96: 1 2 3 4 5 6 7 8 9 10 11 12 13 14 15 16 17 18 19 21 22 23 24 25 26 27 28 29 30 31 32 33 35 36 37 38 39 40 41 42 43 45 46 47 48 49 50 51 52 53 54 55 56 57 58 59 60 61 62 63 64 65 66 67 68 69 70 71 72 73 74 75 76 77 78 79 80 82 83 84 85 86 87 88 89 90 91 92 93 94 95 96 97 98 99 100 
active=95: 1 2 3 4 5 6 7 8 9 10 11 12 14 15 16 17 18 19 21 22 23 24 25 26 27 28 29 30 31 32 33 35 36 37 38 39 40 41 42 43 45 46 47 48 49 50 51 52 53 54 55 56 57 58 59 60 61 62 63 64 65 66 67 68 69 70 71 72 73 74 75 76 77 78 79 80 82 83 84 85 86 87 88 89 90 91 92 93 94 95 96 97 98 99 100 
active=94: 1 2 3 4 5 6 7 8 9 10 11 12 14 15 16 17 18 19 21 22 23 24 25 26 27 28 29 30 31 32 33 35 36 37 38 39 40 41 42 43 45 47 48 49 50 51 52 53 54 55 56 57 58 59 60 61 62 63 64 65 66 67 68 69 70 71 72 73 74 75 76 77 78 79 80 82 83 84 85 86 87 88 89 90 91 92 93 94 95 96 97 98 99 100 
active=93: 1 3 4 5 6 7 8 9 10 11 12 14 15 16 17 18 19 21 22 23 24 25 26 27 28 29 30 31 32 33 35 36 37 38 39 40 41 42 43 45 47 48 49 50 51 52 53 54 55 56 57 58 59 60 61 62 63 64 65 66 67 68 69 70 71 72 73 74 75 76 77 78 79 80 82 83 84 85 86 87 88 89 90 91 92 93 94 95 96 97 98 99 100 
active=92: 1 3 4 5 6 7 8 9 10 11 12 14 15 16 17 18 19 21 22 23 24 25 26 27 28 29 30 31 32 33 35 36 37 38 39 40 41 42 43 45 47 48 49 50 51 52 53 54 55 56 57 58 59 60 61 62 63 64 65 66 67 68 69 70 71 72 73 74 75 76 77 78 79 80 82 83 84 85 86 88 89 90 91 92 93 94 95 96 97 98 99 100 
active=91: 1 3 4 5 6 7 8 9 10 11 12 14 15 16 17 18 19 21 22 23 24 25 26 27 28 29 30 31 32 33 35 36 37 38 39 40 41 42 43 45 47 48 49 50 51 52 53 54 55 56 57 58 59 60 61 62 63 64 65 66 67 68 69 70 71 72 73 74 75 76 77 78 79 80 82 84 85 86 88 89 90 91 92 93 94 95 96 97 98 99 100 
active=90: 1 3 4 5 6 7 8 9 10 11 12 14 15 16 17 18 19 21 22 24 25 26 27 28 29 30 31 32 33 35 36 37 38 39 40 41 42 43 45 47 48 49 50 51 52 53 54 55 56 57 58 59 60 61 62 63 64 65 66 67 68 69 70 71 72 73 74 75 76 77 78 79 80 82 84 85 86 88 89 90 91 92 93 94 95 96 97 98 99 100 
active=89: 1 3 4 5 6 7 8 9 10 11 12 14 15 16 17 18 19 21 22 24 25 26 27 28 29 30 31 32 33 35 36 37 38 39 40 41 42 43 45 47 48 49 50 51 52 53 54 55 56 57 58 59 60 61 62 63 64 65 66 67 68 69 70 71 72 73 74 75 76 77 78 79 80 82 84 85 86 88 89 90 91 92 94 95 96 97 98 99 100 
active=88: 1 3 4 5 6 7 8 9 10 11 12 14 16 17 18 19 21 22 24 25 26 27 28 29 30 31 32 33 35 36 37 38 39 40 41 42 43 45 47 48 49 50 51 52 53 54 55 56 57 58 59 60 61 62 63 64 65 66 67 68 69 70 71 72 73 74 75 76 77 78 79 80 82 84 85 86 88 89 90 91 92 94 95 96 97 98 99 100 
active=87: 1 3 4 5 6 7 8 9 10 12 14 16 17 18 19 21 22 24 25 26 27 28 29 30 31 32 33 35 36 37 38 39 40 41 42 43 45 47 48 49 50 51 52 53 54 55 56 57 58 59 60 61 62 63 64 65 66 67 68 69 70 71 72 73 74 75 76 77 78 79 80 82 84 85 86 88 89 90 91 92 94 95 96 97 98 99 100 
active=86: 1 3 4 5 6 7 8 9 10 12 14 17 18 19 21 22 24 25 26 27 28 29 30 31 32 33 35 36 37 38 39 40 41 42 43 45 47 48 49 50 51 52 53 54 55 56 57 58 59 60 61 62 63 64 65 66 67 68 69 70 71 72 73 74 75 76 77 78 79 80 82 84 85 86 88 89 90 91 92 94 95 96 97 98 99 100 
active=85: 1 3 4 5 6 7 8 9 10 12 14 17 18 19 21 22 24 25 26 27 28 29 30 31 32 33 35 36 37 38 39 40 42 43 45 47 48 49 50 51 52 53 54 55 56 57 58 59 60 61 62 63 64 65 66 67 68 69 70 71 72 73 74 75 76 77 78 79 80 82 84 85 86 88 89 90 91 92 94 95 96 97 98 99 100 
active=84: 1 3 4 5 6 7 8 9 10 12 14 17 18 19 21 22 24 25 26 27 28 29 30 31 32 33 35 36 37 38 39 40 42 43 45 47 48 49 50 51 52 53 54 55 56 57 58 59 60 61 62 63 64 65 66 67 68 69 70 71 72 73 74 75 76 77 78 79 80 82 84 85 86 89 90 91 92 94 95 96 97 98 99 100 
active=83: 1 3 4 5 6 7 8 9 10 12 14 17 18 19 21 22 24 25 26 27 28 29 30 31 32 33 35 36 37 38 39 40 42 43 45 48 49 50 51 52 53 54 55 56 57 58 59 60 61 62 63 64 65 66 67 68 69 70 71 72 73 74 75 76 77 78 79 80 82 84 85 86 89 90 91 92 94 95 96 97 98 99 100 
active=82: 1 3 4 5 6 7 8 9 10 12 14 17 18 19 21 22 24 25 26 27 28 29 30 31 32 33 35 36 37 38 39 40 42 43 45 48 49 51 52 53 54 55 56 57 58 59 60 61 62 63 64 65 66 67 68 69 70 71 72 73 74 75 76 77 78 79 80 82 84 85 86 89 90 91 92 94 95 96 97 98 99 100 
active=81: 1 3 4 5 6 7 8 9 10 12 14 17 18 19 21 22 24 25 26 27 28 29 30 31 33 35 36 37 38 39 40 42 43 45 48 49 51 52 53 54 55 56 57 58 59 60 61 62 63 64 65 66 67 68 69 70 71 72 73 74 75 76 77 78 79 80 82 84 85 86 89 90 91 92 94 95 96 97 98 99 100 
active=80: 1 3 4 5 6 7 8 9 10 12 14 17 18 19 21 22 24 25 26 27 28 29 30 31 33 35 36 37 38 39 40 42 43 45 48 49 51 52 53 54 55 56 57 58 59 60 61 62 63 64 65 66 67 68 69 71 72 73 74 75 76 77 78 79 80 82 84 85 86 89 90 91 92 94 95 96 97 98 99 100 
active=79: 1 3 4 5 6 7 8 9 10 12 14 17 18 19 21 22 24 25 26 27 28 29 30 31 33 35 36 37 38 40 42 43 45 48 49 51 52 53 54 55 56 57 58 59 60 61 62 63 64 65 66 67 68 69 71 72 73 74 75 76 77 78 79 80 82 84 85 86 89 90 91 92 94 95 96 97 98 99 100 
active=78: 1 3 4 5 6 7 8 9 10 12 14 17 18 19 21 22 24 25 26 27 28 29 30 31 33 35 36 37 38 40 42 45 48 49 51 52 53 54 55 56 57 58 59 60 61 62 63 64 65 66 67 68 69 71 72 73 74 75 76 77 78 79 80 82 84 85 86 89 90 91 92 94 95 96 97 98 99 100 
active=77: 1 3 4 5 6 7 8 9 10 12 14 17 18 19 21 22 24 25 26 27 28 29 30 31 33 35 36 37 38 40 42 45 48 49 51 52 53 54 55 56 57 58 59 60 61 62 63 64 65 66 67 68 69 71 72 73 74 75 76 77 78 79 80 82 84 86 89 90 91 92 94 95 96 97 98 99 100 
active=76: 1 3 4 5 6 7 8 9 10 12 14 17 18 19 21 22 24 25 26 27 28 29 30 31 33 35 36 37 38 40 42 45 48 49 51 52 53 54 55 56 57 58 59 60 61 62 63 64 66 67 68 69 71 72 73 74 75 76 77 78 79 80 82 84 86 89 90 91 92 94 95 96 97 98 99 100 
active=75: 1 3 4 5 6 7 8 9 10 12 14 17 18 19 21 22 24 25 26 27 28 29 30 31 33 35 36 37 38 40 42 45 48 49 51 52 53 54 55 56 57 58 59 60 61 62 63 64 66 67 68 69 71 72 73 74 75 76 77 78 79 80 82 84 86 89 91 92 94 95 96 97 98 99 100 
active=74: 1 3 4 5 6 7 8 9 10 12 14 17 18 19 21 22 24 25 26 27 28 29 30 31 33 35 36 37 38 40 42 45 48 49 51 52 53 54 55 56 57 58 59 60 61 62 63 64 66 67 68 69 71 72 73 74 75 76 77 78 79 80 82 84 86 91 92 94 95 96 97 98 99 100 
active=73: 1 3 4 6 7 8 9 10 12 14 17 18 19 21 22 24 25 26 27 28 29 30 31 33 35 36 37 38 40 42 45 48 49 51 52 53 54 55 56 57 58 59 60 61 62 63 64 66 67 68 69 71 72 73 74 75 76 77 78 79 80 82 84 86 91 92 94 95 96 97 98 99 100 
active=72: 1 3 4 6 7 8 9 10 12 14 17 18 19 21 22 24 25 26 27 28 29 30 31 33 35 36 37 38 40 42 45 48 49 51 52 53 54 55 56 57 58 59 60 61 62 63 64 66 67 68 71 72 73 74 75 76 77 78 79 80 82 84 86 91 92 94 95 96 97 98 99 100 
active=71: 1 3 4 6 7 8 9 10 12 14 17 18 19 21 22 24 25 26 27 28 29 30 31 33 35 36 37 38 40 42 45 48 49 51 52 53 55 56 57 58 59 60 61 62 63 64 66 67 68 71 72 73 74 75 76 77 78 79 80 82 84 86 91 92 94 95 96 97 98 99 100 
active=70: 1 3 4 6 7 8 9 10 12 14 17 18 19 21 22 24 25 26 27 28 29 30 31 33 35 36 37 38 40 42 45 48 49 51 52 53 55 56 57 58 59 60 61 62 63 64 66 67 68 71 72 73 74 75 76 77 78 79 80 82 84 91 92 94 95 96 97 98 99 100 
active=69: 1 3 4 6 7 8 9 10 12 14 17 18 19 21 22 24 25 26 27 28 29 30 31 33 35 36 37 38 40 42 45 48 49 51 52 53 55 56 57 58 59 60 61 62 63 66 67 68 71 72 73 74 75 76 77 78 79 80 82 84 91 92 94 95 96 97 98 99 100 
active=68: 1 3 4 6 7 8 9 10 12 14 17 18 19 21 22 24 25 26 27 28 29 30 31 33 35 36 37 38 40 42 45 48 49 51 52 53 55 56 58 59 60 61 62 63 66 67 68 71 72 73 74 75 76 77 78 79 80 82 84 91 92 94 95 96 97 98 99 100 
active=67: 1 3 4 6 7 8 9 10 12 14 17 18 19 21 22 24 25 26 27 28 29 30 31 33 35 36 38 40 42 45 48 49 51 52 53 55 56 58 59 60 61 62 63 66 67 68 71 72 73 74 75 76 77 78 79 80 82 84 91 92 94 95 96 97 98 99 100 
active=66: 1 3 4 6 7 8 9 10 12 14 17 18 19 21 22 24 25 26 27 28 29 30 31 33 35 36 38 40 42 45 48 49 51 52 53 55 56 58 59 60 61 62 63 66 67 68 71 72 73 74 75 76 77 78 79 80 82 84 91 92 94 95 97 98 99 100 
active=65: 1 3 4 6 7 8 9 10 12 14 17 18 19 21 22 24 25 26 27 28 29 30 31 33 35 36 38 40 42 45 48 49 51 52 53 56 58 59 60 61 62 63 66 67 68 71 72 73 74 75 76 77 78 79 80 82 84 91 92 94 95 97 98 99 100 
active=64: 1 3 4 6 7 8 9 10 12 14 17 18 19 21 22 24 25 26 27 28 29 30 31 33 35 36 38 40 42 45 48 49 51 52 53 56 58 59 61 62 63 66 67 68 71 72 73 74 75 76 77 78 79 80 82 84 91 92 94 95 97 98 99 100 
active=63: 1 3 4 6 7 8 9 10 12 14 17 18 19 21 22 24 25 26 27 28 29 30 31 33 35 36 38 40 42 45 48 49 51 52 53 56 58 59 61 62 63 66 67 68 71 72 73 74 75 76 77 78 79 80 82 84 91 92 95 97 98 99 100 
active=62: 1 3 4 6 7 8 9 10 12 14 17 18 19 21 22 24 25 26 27 28 29 30 31 33 35 36 38 40 42 45 48 49 51 52 53 56 58 59 61 62 63 66 67 68 72 73 74 75 76 77 78 79 80 82 84 91 92 95 97 98 99 100 
active=61: 1 3 4 6 7 8 9 10 12 14 17 18 19 21 22 24 25 26 27 28 29 30 31 33 35 36 38 40 42 45 48 49 51 52 53 56 58 59 61 62 66 67 68 72 73 74 75 76 77 78 79 80 82 84 91 92 95 97 98 99 100 
active=60: 1 3 4 6 7 8 9 10 12 14 17 18 19 21 24 25 26 27 28 29 30 31 33 35 36 38 40 42 45 48 49 51 52 53 56 58 59 61 62 66 67 68 72 73 74 75 76 77 78 79 80 82 84 91 92 95 97 98 99 100 
active=59: 1 3 4 6 7 8 9 10 12 14 17 18 19 21 24 25 26 27 28 29 30 31 33 35 36 38 40 42 45 48 49 51 52 53 56 58 59 61 62 66 67 68 72 73 74 75 76 77 78 79 82 84 91 92 95 97 98 99 100 
active=58: 1 3 4 6 7 8 9 10 12 14 17 18 19 21 24 25 26 27 28 29 30 31 33 35 36 38 40 42 45 48 49 51 52 53 56 58 59 61 62 66 67 68 72 73 74 75 76 78 79 82 84 91 92 95 97 98 99 100 
active=57: 1 3 4 6 7 8 9 10 12 14 17 18 19 21 24 25 26 27 28 29 30 31 33 35 36 38 40 42 45 48 49 51 52 53 56 58 59 61 62 66 67 68 72 74 75 76 78 79 82 84 91 92 95 97 98 99 100 
active=56: 1 4 6 7 8 9 10 12 14 17 18 19 21 24 25 26 27 28 29 30 31 33 35 36 38 40 42 45 48 49 51 52 53 56 58 59 61 62 66 67 68 72 74 75 76 78 79 82 84 91 92 95 97 98 99 100 
active=55: 1 4 6 7 8 9 10 12 14 17 18 19 21 24 25 26 27 28 29 30 31 33 35 36 38 40 42 45 48 49 51 52 53 56 58 59 61 62 66 67 68 72 74 75 76 79 82 84 91 92 95 97 98 99 100 
active=54: 1 4 6 7 8 9 10 12 14 17 18 19 21 24 25 26 27 28 29 30 31 33 35 36 38 40 42 45 48 49 51 52 53 56 58 59 61 62 66 67 68 72 74 75 76 79 82 84 91 95 97 98 99 100 
active=53: 1 4 6 7 8 9 10 12 14 17 18 19 21 24 25 26 27 28 29 31 33 35 36 38 40 42 45 48 49 51 52 53 56 58 59 61 62 66 67 68 72 74 75 76 79 82 84 91 95 97 98 99 100 
active=52: 1 4 6 7 8 9 10 12 14 17 18 19 21 24 25 26 27 28 29 31 33 35 36 38 40 42 45 48 49 51 53 56 58 59 61 62 66 67 68 72 74 75 76 79 82 84 91 95 97 98 99 100 
active=51: 1 4 6 7 8 9 10 12 14 17 18 19 21 24 25 26 27 28 29 31 33 35 36 38 40 42 45 48 49 51 56 58 59 61 62 66 67 68 72 74 75 76 79 82 84 91 95 97 98 99 100 
active=50: 1 4 6 7 8 9 10 12 14 17 18 19 21 24 25 26 27 28 29 31 33 35 36 38 40 42 45 48 49 51 58 59 61 62 66 67 68 72 74 75 76 79 82 84 91 95 97 98 99 100 
active=49: 1 4 6 7 8 9 10 12 14 17 18 19 21 24 25 26 28 29 31 33 35 36 38 40 42 45 48 49 51 58 59 61 62 66 67 68 72 74 75 76 79 82 84 91 95 97 98 99 100 
active=48: 1 4 6 7 8 9 10 12 14 17 18 19 21 24 25 26 29 31 33 35 36 38 40 42 45 48 49 51 58 59 61 62 66 67 68 72 74 75 76 79 82 84 91 95 97 98 99 100 
active=47: 1 4 6 7 8 9 10 12 14 17 18 19 21 24 25 26 29 31 33 35 36 38 40 42 45 49 51 58 59 61 62 66 67 68 72 74 75 76 79 82 84 91 95 97 98 99 100 
active=46: 1 4 6 7 8 9 10 12 14 17 18 19 21 24 25 26 29 31 33 35 36 38 40 42 45 49 51 58 59 61 62 66 68 72 74 75 76 79 82 84 91 95 97 98 99 100 
active=45: 1 4 6 7 8 9 10 12 14 17 18 19 21 24 25 26 29 31 33 35 36 38 40 42 45 49 51 58 59 61 62 66 68 72 74 75 76 79 82 84 91 95 98 99 100 
active=44: 1 4 6 7 8 9 10 12 14 17 18 19 21 24 25 26 29 31 33 35 36 38 40 42 45 49 51 58 59 61 62 66 68 74 75 76 79 82 84 91 95 98 99 100 
active=43: 1 4 6 7 8 9 10 12 17 18 19 21 24 25 26 29 31 33 35 36 38 40 42 45 49 51 58 59 61 62 66 68 74 75 76 79 82 84 91 95 98 99 100 
active=42: 1 4 6 7 8 9 10 12 17 18 19 21 24 25 26 29 31 33 35 36 38 40 42 45 49 51 58 59 61 62 66 68 74 75 76 79 82 84 91 95 99 100 
active=41: 1 4 6 7 8 9 10 12 17 18 19 21 24 25 29 31 33 35 36 38 40 42 45 49 51 58 59 61 62 66 68 74 75 76 79 82 84 91 95 99 100 
active=40: 1 4 6 7 8 9 10 12 17 18 19 21 24 25 29 31 33 35 36 38 40 42 45 49 51 58 59 61 62 66 68 74 75 76 79 84 91 95 99 100 
active=39: 1 4 6 7 8 9 10 12 17 18 19 21 24 25 29 31 33 35 36 38 40 42 45 49 51 58 59 61 62 66 74 75 76 79 84 91 95 99 100 
active=38: 1 4 6 7 8 9 10 12 17 18 19 21 24 25 29 31 33 35 36 38 40 42 49 51 58 59 61 62 66 74 75 76 79 84 91 95 99 100 
active=37: 1 4 6 7 8 9 10 12 17 18 19 21 24 25 29 31 33 35 36 38 40 42 49 51 58 59 61 62 66 74 75 79 84 91 95 99 100 
active=36: 1 4 6 7 8 9 10 12 17 18 19 21 24 25 29 31 33 35 36 38 40 42 49 58 59 61 62 66 74 75 79 84 91 95 99 100 
active=35: 1 4 6 7 8 9 10 12 17 18 21 24 25 29 31 33 35 36 38 40 42 49 58 59 61 62 66 74 75 79 84 91 95 99 100 
active=34: 1 4 6 7 8 9 10 12 17 21 24 25 29 31 33 35 36 38 40 42 49 58 59 61 62 66 74 75 79 84 91 95 99 100 
active=33: 1 4 6 7 8 9 10 12 17 21 24 25 29 31 33 35 36 38 40 42 49 58 59 61 62 66 74 75 79 84 91 99 100 
active=32: 1 4 6 7 8 9 10 12 17 21 24 25 29 31 33 35 36 38 42 49 58 59 61 62 66 74 75 79 84 91 99 100 
active=31: 1 4 6 7 8 9 10 12 21 24 25 29 31 33 35 36 38 42 49 58 59 61 62 66 74 75 79 84 91 99 100 
active=30: 1 4 6 7 8 9 10 12 21 25 29 31 33 35 36 38 42 49 58 59 61 62 66 74 75 79 84 91 99 100 
active=29: 1 4 6 7 8 9 10 12 21 25 29 31 33 35 36 38 42 49 59 61 62 66 74 75 79 84 91 99 100 
active=28: 1 4 6 7 8 9 10 12 21 25 29 33 35 36 38 42 49 59 61 62 66 74 75 79 84 91 99 100 
active=27: 1 4 6 7 8 9 10 12 21 25 29 33 35 36 38 42 49 59 62 66 74 75 79 84 91 99 100 
active=26: 1 4 6 7 8 9 10 12 21 25 29 33 35 36 38 42 49 59 62 66 75 79 84 91 99 100 
active=25: 1 4 6 7 8 9 12 21 25 29 33 35 36 38 42 49 59 62 66 75 79 84 91 99 100 
active=24: 1 4 6 7 8 9 12 21 29 33 35 36 38 42 49 59 62 66 75 79 84 91 99 100 
active=23: 1 4 6 7 8 9 12 21 29 33 35 36 38 42 59 62 66 75 79 84 91 99 100 
active=22: 1 4 6 7 8 9 12 21 29 33 35 36 38 59 62 66 75 79 84 91 99 100 
active=21: 1 4 6 7 8 9 12 21 29 33 35 36 38 59 62 66 75 79 91 99 100 
active=20: 4 6 7 8 9 12 21 29 33 35 36 38 59 62 66 75 79 91 99 100 
active=19: 6 7 8 9 12 21 29 33 35 36 38 59 62 66 75 79 91 99 100 
active=18: 7 8 9 12 21 29 33 35 36 38 59 62 66 75 79 91 99 100 
active=17: 7 8 9 12 21 29 33 35 36 38 59 62 66 75 79 91 100 
active=16: 7 9 12 21 29 33 35 36 38 59 62 66 75 79 91 100 
active=15: 7 9 12 21 29 35 36 38 59 62 66 75 79 91 100 
active=14: 7 9 12 21 29 35 36 38 59 62 66 75 79 91 
active=13: 7 9 12 29 35 36 38 59 62 66 75 79 91 
active=12: 7 9 12 29 35 36 38 62 66 75 79 91 
active=11: 7 9 12 29 35 36 38 62 66 75 79 
active=10: 7 9 12 35 36 38 62 66 75 79 
active=9: 7 9 35 36 38 62 66 75 79 
active=8: 7 9 35 36 38 62 75 79 
active=7: 7 9 35 36 62 75 79 
active=6: 9 35 36 62 75 79 
active=5: 9 36 62 75 79 
active=4: 9 36 62 75 
active=3: 36 62 75 
active=2: 36 62 
active=1: 62 
