active=40: 1 2 3 4 5 6 7 8 9 10 11 12 13 14 15 16 17 18 19 20 21 22 23 24 25 26 27 28 29 30 31 32 33 34 35 36 37 38 39 40 
active=39: 1 2 3 4 5 6 7 8 9 10 11 12 13 14 15 16 17 18 19 20 21 22 23 24 25 26 27 28 29 30 31 32 33 34 36 37 38 39 40 
active=38: 1 2 3 4 5 6 7 8 9 11 12 13 14 15 16 17 18 19 20 21 22 23 24 25 26 27 28 29 30 31 32 33 34 36 37 38 39 40 
active=37: 1 3 4 5 6 7 8 9 11 12 13 14 15 16 17 18 19 20 21 22 23 24 25 26 27 28 29 30 31 32 33 34 36 37 38 39 40 
active=36: 1 3 4 5 6 7 8 9 11 12 13 14 15 16 17 18 19 20 21 22 23 24 25 26 27 28 29 30 31 32 33 34 36 37 38 40 
active=35: 1 3 4 5 6 7 8 9 11 12 13 14 15 16 17 18 19 20 21 22 23 24 25 26 27 28 29 30 31 32 33 34 37 38 40 
active=34: 1 3 4 5 6 7 8 9 11 13 14 15 16 17 18 19 20 21 22 23 24 25 26 27 28 29 30 31 32 33 34 37 38 40 
active=33: 1 4 5 6 7 8 9 11 13 14 15 16 17 18 19 20 21 22 23 24 25 26 27 28 29 30 31 32 33 34 37 38 40 
active=32: 1 4 5 6 7 8 9 11 13 14 15 16 17 18 19 20 21 22 23 24 25 27 28 29 30 31 32 33 34 37 38 40 
active=31: 1 4 5 6 7 8 9 11 13 14 15 16 17 18 19 20 21 22 23 24 25 27 28 29 31 32 33 34 37 38 40 
active=30: 1 4 5 6 7 8 9 11 13 14 15 16 17 18 19 21 22 23 24 25 27 28 29 31 32 33 34 37 38 40 
active=29: 1 4 5 6 7 8 9 13 14 15 16 17 18 19 21 22 23 24 25 27 28 29 31 32 33 34 37 38 40 
active=28: 1 4 5 6 7 8 9 13 14 15 16 17 18 19 21 22 23 24 25 27 28 29 31 32 33 34 38 40 
active=27: 1 4 5 6 7 8 9 13 15 16 17 18 19 21 22 23 24 25 27 28 29 31 32 33 34 38 40 
active=26: 1 4 5 6 7 8 9 13 15 16 17 18 19 21 22 23 25 27 28 29 31 32 33 34 38 40 
active=25: 1 4 5 6 7 8 9 13 15 16 17 18 21 22 23 25 27 28 29 31 32 33 34 38 40 
active=24: 1 4 5 6 7 8 9 13 15 16 17 18 21 22 23 25 27 28 29 31 32 34 38 40 
active=23: 1 4 5 6 7 8 13 15 16 17 18 21 22 23 25 27 28 29 31 32 34 38 40 
active=22: 1 4 5 6 7 8 15 16 17 18 21 22 23 25 27 28 29 31 32 34 38 40 
active=21: 1 4 5 6 7 8 15 16 17 18 21 22 23 25 27 28 29 31 32 34 40 
active=20: 1 4 5 6 7 8 15 16 17 18 21 22 23 25 27 28 29 31 32 40 
active=19: 1 4 5 6 7 8 15 16 17 18 21 22 23 27 28 29 31 32 40 
active=18: 1 4 5 6 7 8 15 16 18 21 22 23 27 28 29 31 32 40 
active=17: 1 4 5 6 7 8 15 16 18 21 22 23 27 28 29 31 32 
active=16: 1 5 6 7 8 15 16 18 21 22 23 27 28 29 31 32 
active=15: 1 5 6 7 8 15 18 21 22 23 27 28 29 31 32 
active=14: 1 5 6 7 8 15 18 21 22 23 27 29 31 32 
active=13: 1 5 6 7 8 15 18 21 22 23 29 31 32 
active=12: 1 5 6 8 15 18 21 22 23 29 31 32 
active=11: 5 6 8 15 18 21 22 23 29 31 32 
active=10: 5 6 8 15 18 21 22 23 29 31 
active=9: 5 8 15 18 21 22 23 29 31 
active=8: 5 8 15 18 21 22 23 29 
active=7: 5 8 18 21 22 23 29 
active=6: 5 8 18 22 23 29 
active=5: 8 18 22 23 29 
active=4: 8 18 23 29 
active=3: 8 18 29 
active=2: 18 29 
active=1: 29 
