active=20: 1 2 3 4 5 6 7 8 9 10 11 12 13 14 15 16 17 18 19 20 
active=19: 1 2 3 4 5 6 7 8 9 10 11 12 14 15 16 17 18 19 20 
active=18: 2 3 4 5 6 7 8 9 10 11 12 14 15 16 17 18 19 20 
active=17: 2 3 4 5 7 8 9 10 11 12 14 15 16 17 18 19 20 
active=16: 2 3 4 5 7 8 9 10 11 12 15 16 17 18 19 20 
active=15: 2 3 4 5 7 8 9 10 11 12 15 16 18 19 20 
active=14: 2 3 4 5 7 8 9 10 11 12 16 18 19 20 
active=13: 2 3 4 5 7 8 9 10 11 16 18 19 20 
active=12: 2 3 4 5 7 8 9 10 11 16 19 20 
active=11: 3 4 5 7 8 9 10 11 16 19 20 
active=10: 3 4 5 7 8 9 10 16 19 20 
active=9: 4 5 7 8 9 10 16 19 20 
active=8: 4 5 7 8 9 10 16 19 
active=7: 4 5 7 8 9 10 16 
active=6: 4 5 7 8 9 10 
active=5: 4 5 8 9 10 
active=4: 4 5 9 10 
active=3: 4 5 9 
active=2: 4 9 
active=1: 4 
