0.000000 0.500000 0.500000
1.000000 0.654900 0.656500
2.000000 0.717200 0.727400
3.000000 0.752400 0.774100
4.000000 0.771900 0.792800
5.000000 0.765400 0.795200
6.000000 0.763200 0.811000
7.000000 0.760100 0.811600
8.000000 0.763100 0.814300
9.000000 0.767300 0.818000
10.000000 0.764600 0.824000
11.000000 0.772100 0.833300
12.000000 0.766400 0.832500
13.000000 0.749700 0.836400
14.000000 0.743100 0.835600
15.000000 0.743300 0.840900
16.000000 0.741400 0.837200
17.000000 0.735700 0.836400
18.000000 0.723000 0.840700
19.000000 0.716100 0.837900
20.000000 0.707700 0.843000
