1 0.032269404834 0.938473944622
2 -0.024052891470 1.131315067046
3 -0.025009367458 0.893177310608
4 0.001713546538 1.042758592511
5 0.014470037072 1.028031875696
6 0.006526811240 0.998938795985
7 0.008237991617 1.088269833676
8 0.102982246697 0.961226814085
9 -0.186789483929 1.079959746417
10 0.154528664783 1.051923570985
11 0.072683403824 1.015371735154
12 0.108311465869 1.057136464022
13 0.012095063598 1.007478788191
14 -0.084659895560 1.047663329179
15 0.045778393337 0.963803243164
16 0.131835474751 0.920505195341
17 0.131554731190 0.930322022849
18 -0.045988170742 0.897808366992
19 0.040542138743 0.892022035011
20 0.123627006130 0.859280274625
21 -0.200919044421 1.114418130970
22 -0.045901736259 0.986430826671
23 -0.098082617079 0.995623487149
24 0.006998462317 0.939775511367
25 0.053127199854 1.051050129166
26 0.290464009841 0.776475945056
27 0.090543767912 1.110206960516
28 -0.138658082017 0.926539849739
29 -0.000467837150 0.971489438230
30 -0.052689348943 1.078269101141
31 0.050893619866 0.887922136596
32 0.211125143808 1.125341518257
33 -0.093495898205 1.002323072399
34 0.080179293878 0.959708194477
35 -0.072515406661 0.870283912567
36 -0.063758453655 0.997665668215
37 0.004102483495 0.902392035148
38 0.119362367641 0.964473586326
39 -0.067396716152 0.902318494604
40 -0.070504826212 1.004206780836
41 0.043588401166 0.914808676222
42 0.203620257150 1.019999236406
43 -0.212350727097 1.082419617845
44 -0.110546514848 1.086555561276
45 -0.067388613867 1.041644062522
46 0.175441770079 0.982188873787
47 -0.041471962246 1.019917013139
48 -0.055183543124 0.995461319235
49 0.017006903667 1.015559336729
50 -0.003990380939 0.933928313656
51 0.129890801172 0.894943296547
52 0.008990358468 0.927453298294
53 0.061702368051 1.080210128568
54 -0.024195562775 1.011148558509
55 -0.223324900293 1.061743702831
56 0.009746430580 0.880887329705
57 0.018828795531 0.957966318919
58 -0.008876146097 1.068893126902
59 -0.068689170276 0.989633440043
60 0.013467446912 0.955878449497
61 0.006005636234 0.978529279422
62 0.271960459650 0.857464944415
63 -0.210590631058 0.944092504281
64 -0.052069932041 0.888626983660
65 0.108753400275 0.917912329383
66 0.056497349974 1.106248094347
67 0.101790709499 0.894225641652
68 0.148429671949 1.010152596307
69 0.048024247536 0.968278451838
70 0.129880730671 1.100337558214
71 0.005249276081 1.120297849156
72 -0.034997997894 1.006557668221
73 -0.179533430526 1.006814636663
74 -0.091887150394 1.138101234581
75 -0.084901519162 0.932979668653
76 0.030453267571 0.998348560131
77 0.134075426843 1.035833644237
78 0.092302399683 1.007676996536
79 0.124775780869 1.094683267210
80 0.121588060636 0.973077824828
81 0.001759161109 0.996412607486
82 0.171544296399 0.907986338850
83 -0.117046594212 1.090791941745
84 0.041620436692 0.901820238399
85 0.029198056105 0.955948090947
86 -0.143951373256 0.879063299296
87 -0.016872859380 1.072557166099
88 -0.091174614252 0.919239163747
89 -0.003157141585 0.924745433313
90 -0.138254521391 1.143382610535
91 0.090308781503 1.047787134759
92 0.021739663515 1.102218240877
93 -0.123726530071 1.126712440781
94 0.108668268586 1.071853944757
95 -0.008080060697 0.983733153609
96 -0.105589401530 0.960439057077
97 0.019579398806 0.884787509752
98 -0.008701441368 1.079905113872
99 -0.037581751159 1.167511043598
100 0.191608077328 1.025512753080
