1 -0.070178980000 0.954204465069
2 0.264942880000 0.862954127530
3 -0.047251460000 1.070523935443
4 -0.043507900000 1.044084808546
5 0.283736820000 1.025868262032
6 0.150262420000 0.961412214923
7 0.131717200000 0.843089824642
8 -0.164636380000 0.969366572739
9 0.236957860000 1.158317747606
10 0.084339860000 0.829844968051
11 0.026461800000 0.992501517573
12 0.204198860000 1.016581624261
13 -0.298090460000 1.041932652718
14 0.108523480000 1.134729805753
15 0.120413720000 1.103557076706
16 0.138392300000 0.885049811589
17 0.062886200000 0.921435240797
18 -0.186009660000 1.338301215733
19 -0.036923300000 0.976277366320
20 0.242720920000 0.897071952333
