N=100
P=40
R=2
1 -1.100405 0.534471 1.203413 -0.418006 -1.089017 0.172622 1.120470 -0.653200 1.242144 -0.045047 -0.510347 -0.121695 0.344974 0.106762 0.079051 -0.871668 0.046224 1.030508 0.719679 0.499359 -1.446432 -0.199107 1.174546 -1.380944 -0.054212 0.751917 0.064559 0.368037 -0.793404 0.187817 1.084344 -0.019252 -0.103943 -0.150688 -0.033928 -0.575251 -0.089153 1.106612 0.352586 -0.239190 27.849546 1.000000
2 0.260700 0.077864 -0.073971 -1.215036 -1.603786 -0.856503 0.524711 NA 0.738961 -0.252927 -2.142121 0.740327 -1.828213 0.568684 NA -2.371419 0.318991 0.354326 0.368189 -0.171154 0.672256 -0.325824 -0.251321 -0.631322 -0.315413 -0.602128 -0.914593 1.919045 0.560450 3.085420 0.395402 -0.843071 0.403521 NA 1.409724 0.821764 NA -0.494683 -0.476511 -0.632687 6.385559 1.000000
3 0.714643 0.128360 -1.187675 -0.117387 -1.664911 -0.163554 0.319810 -0.414971 -0.103680 -0.565497 2.519772 -0.349018 -0.110523 -0.427871 -0.675970 0.782950 -1.327852 0.144135 NA 1.023345 1.194313 -1.330671 0.292470 -1.385085 -0.378114 -0.849599 -1.060412 -0.693102 0.443615 -0.297035 -0.729736 -1.421104 -0.643694 -0.347124 -0.951184 0.313170 -0.688378 1.357357 0.057919 -0.476694 6.014143 1.000000
4 -0.590291 -0.658325 -0.814834 0.678149 0.958451 0.294790 -0.778696 1.747860 0.424756 0.785185 0.297360 0.576053 NA -0.899859 1.987261 0.734545 0.834600 0.881254 0.210739 -1.118796 0.382298 -1.434547 -1.128958 -0.057595 1.338856 0.765080 -0.362058 -0.174589 -0.898941 -1.045056 0.448810 -0.708083 0.549357 -0.333820 -0.373308 -0.210042 0.896062 0.802286 -1.132178 0.335222 38.808832 1.000000
5 0.932940 -1.807827 -0.894248 0.464881 0.191446 2.265577 0.341985 1.526889 -2.760608 -0.231558 -0.614345 1.471824 -1.141274 -0.512308 -0.601243 1.891512 -0.181064 1.293998 1.293278 -1.288929 NA -0.581217 NA 2.261267 -0.688335 -1.419993 -2.388582 -1.479852 0.451986 0.935390 1.331442 0.766392 1.253668 -0.182305 -1.168640 0.172049 0.974821 -1.176403 -0.279130 -0.131470 34.497148 1.000000
6 -1.396293 3.186057 0.217895 -0.314441 -0.963787 0.885383 -1.062321 0.142091 0.517745 -0.096324 -1.323441 1.400845 0.357886 NA -0.503544 0.990143 0.465578 0.801960 -0.396106 0.592263 -2.115851 2.061780 -1.673480 0.244843 0.854742 0.182896 0.016510 -1.208173 -1.552500 0.932680 1.242812 0.399470 -0.094612 0.020570 -0.118192 -1.643509 0.431050 -0.210579 NA -1.024006 8.045985 1.000000
7 0.525458 0.808615 -0.932635 0.154465 -0.630451 1.773058 -0.994674 0.446280 -0.583316 1.942261 -0.371898 1.002683 0.239996 -1.759490 0.899041 0.642995 0.710192 1.160457 -0.044412 0.620561 -0.113312 0.070467 -1.985110 -1.595361 0.691629 1.238624 0.158874 -1.453410 0.972576 -0.954712 0.004008 -1.438248 -0.018447 1.978052 1.916659 1.968151 0.462453 -1.343198 0.311496 -0.275371 14.642963 1.000000
8 -0.621866 0.994571 -1.106675 1.460605 1.813040 0.572406 -0.323177 2.865122 0.926087 -1.332741 -1.494131 -0.750606 -0.970517 -1.911918 2.001988 -0.031609 NA -0.771367 0.001032 0.430259 0.008810 -1.704419 -0.452369 -0.144500 0.133122 0.559368 NA 1.017941 0.517466 0.330185 -0.285782 -0.255229 -2.394660 -1.150706 0.644631 0.858153 0.288637 0.842241 0.529494 -1.207739 4.293447 1.000000
9 2.330804 0.543574 1.142267 1.441152 1.132360 1.073072 1.536114 0.966530 -0.138671 -1.794663 0.976374 1.242774 -0.240103 0.820262 -0.011037 0.853515 -1.251843 0.753538 2.184274 -0.343855 -1.097192 0.393588 -0.381475 -0.154009 -1.719489 -1.543726 NA 0.758914 1.325661 -0.726011 0.413435 0.154350 -0.037890 1.405267 -0.245762 -0.213583 -0.801277 -0.375829 -0.710503 -0.299766 0.430252 1.000000
10 -1.812535 1.190541 0.074126 0.532582 0.666171 -0.823042 NA 0.335285 0.993790 -2.912836 -0.320537 0.021205 -1.435367 -0.960041 -0.766043 -0.474359 -2.035200 0.963516 0.893426 -0.822051 1.503719 0.399791 0.631518 0.978754 -0.002304 -0.162834 -0.089142 -0.381546 -0.587283 0.199278 -0.035738 -0.938630 0.281341 -1.729268 -0.256505 -0.267637 -0.983432 0.990837 -0.876764 NA 0.983119 1.000000
11 -0.931971 -0.783528 -0.102362 0.464101 -0.919149 0.998321 -0.523992 0.297652 -0.806180 1.604358 1.657465 1.501528 1.074686 0.096188 1.702861 1.013228 0.806325 -0.287761 NA -0.715925 -0.486844 0.727278 -0.533729 0.230574 -2.313393 0.293390 -1.077292 -0.065044 -0.127801 2.125368 NA -0.377089 1.027828 1.318135 1.443950 0.487607 1.006587 -0.308575 -0.375387 -1.815413 49.490309 1.000000
12 0.189633 0.075286 NA -0.270596 -1.031363 NA -1.858987 1.176581 1.714321 -0.780766 0.148366 0.390535 2.016629 NA NA 0.410098 -1.076138 1.512320 0.746272 -0.686870 -0.754043 1.885996 -0.612457 -0.480289 -0.058053 0.779880 -0.202153 1.482245 -0.987145 -1.646724 -0.649909 1.586144 1.067140 2.358054 -1.181790 2.090730 1.619466 -0.568407 -2.014474 -2.012006 72.726785 1.000000
13 -0.211234 -1.167984 -0.825573 -0.712724 1.298927 1.349884 0.332746 -0.658386 -1.203694 0.813017 NA NA 0.506934 -0.265434 0.285470 NA 1.443348 -0.934467 -1.125878 0.453352 -1.641102 0.284344 0.496121 -0.590537 2.113970 -0.211947 -2.306785 1.046807 0.618251 -0.174580 -0.686587 -0.369724 -2.090717 -1.048809 -1.350557 0.348609 0.760736 -0.351105 -1.002939 0.078505 3.525580 1.000000
14 0.274462 -0.763511 NA -1.377411 -0.294550 NA 0.599130 -0.590610 -0.354898 -0.946710 0.416965 0.106055 -1.754234 -0.251884 -0.467690 1.026793 -0.975697 0.731681 0.077255 -0.776599 2.005970 -1.405187 0.636218 -0.005415 NA -0.023839 -1.564814 -0.999656 0.291247 -0.666628 -0.566022 0.065557 0.136414 1.496264 1.902117 NA 0.319316 0.709472 0.395907 0.638471 0.612684 1.000000
15 0.014898 0.420077 -0.322377 1.205322 NA -0.965773 -0.840836 0.363767 -0.518181 -1.450988 0.340010 -0.647859 0.230818 NA -0.306439 NA 0.155711 0.265275 NA NA -0.351132 -0.948364 -0.901401 0.848027 2.431388 -1.781365 -0.683877 0.350635 0.786545 NA -0.996459 0.117193 -0.560284 0.255903 0.685397 -0.212832 0.337781 0.776278 -0.178509 NA 0.060503 1.000000
16 -0.111353 0.105701 -2.410652 0.209223 -1.801513 -1.273510 -0.426847 0.098112 0.916691 0.262811 0.747507 0.907068 0.187943 0.768097 -0.092266 0.796225 -0.389098 -2.576711 1.163397 0.590031 1.408009 0.181738 -1.071690 1.452539 0.397128 0.649867 -0.499351 -0.050478 0.046932 NA -0.495216 0.718486 0.224460 0.591886 -0.459865 1.308829 -0.409340 -0.307866 NA NA 34.301286 1.000000
17 0.886080 0.165262 -0.186004 -0.722021 0.928024 NA -0.353636 0.656353 -0.187414 0.194678 0.161110 -0.436231 -0.775962 -0.736530 -0.237943 0.151772 -0.630471 1.165859 -0.813101 -0.517179 1.598964 0.485699 -0.529158 1.124836 0.105636 0.436652 0.150592 0.485297 -0.664772 -3.102277 -0.331199 0.037754 -0.128054 1.099962 1.143596 1.489773 0.010340 0.266721 0.436741 0.012376 0.574987 1.000000
18 -0.959380 0.730718 -0.380570 0.190495 1.400803 0.821144 0.690942 -0.287028 1.594205 -2.501879 -1.437029 -0.312485 -0.498891 -2.126945 1.350026 1.048460 0.508818 -1.043596 -0.906592 -0.946312 -1.575985 1.287829 0.018140 0.565131 0.267909 -0.363289 0.811334 0.542866 -0.164542 -0.608982 -1.404850 -1.882061 0.651359 0.044556 0.498060 1.814079 0.157027 0.132641 0.216335 -0.595752 6.637900 1.000000
19 -0.235154 1.195522 -0.171548 0.237823 1.322143 1.501625 -0.716493 0.120968 -1.182342 -0.452798 -0.409443 1.285943 0.900541 2.695547 -0.237963 0.418519 -0.050414 NA -1.625678 0.261154 0.335210 -0.595476 0.136914 -0.461352 1.608945 -0.586208 -0.346995 0.025212 -0.192983 -0.592699 0.360901 0.399798 3.362628 -1.042224 1.080973 0.404968 0.701276 1.452584 -0.676605 -0.878124 2.719817 1.000000
20 1.341476 -1.520453 -0.377505 -0.029486 -0.863529 1.530815 -2.455231 0.613273 1.483639 NA -1.184097 -1.271747 1.252778 -0.931614 NA -0.616882 0.867033 -1.339547 -0.422290 -0.825504 -0.210210 1.509039 -1.537626 -0.691433 0.464738 -0.263963 -0.254124 0.867954 NA -1.787178 -1.372434 -1.283711 -0.514772 -1.115220 0.267932 0.790127 0.510234 0.178697 -1.395992 0.134002 0.331057 1.000000
21 -2.008732 0.362743 -1.152842 NA 0.446413 -0.708611 -1.316828 -0.471852 0.703219 0.559739 -0.794031 -0.202499 -2.176724 -0.391059 -0.161476 NA -1.097593 1.117161 -0.329451 0.608471 2.033508 1.543993 -0.429188 -0.529569 0.626481 -1.374462 0.774264 -0.334647 1.558236 0.711567 0.578748 -0.696304 0.232775 0.131223 0.368981 -0.588332 0.345727 -0.133030 0.413009 -0.922285 20.553216 1.000000
22 1.438437 NA 1.721224 -1.815952 1.109800 0.777067 0.991869 -0.112916 0.921871 0.022794 1.891810 -0.809628 -1.041289 NA -1.442066 NA 0.838858 1.674841 -0.750442 -0.388472 -0.764029 -0.101437 -0.824130 1.620084 0.439198 1.726471 1.613330 -0.348101 0.550268 0.679258 -0.705131 0.310738 -0.184841 2.339758 0.746316 -0.051074 0.672217 -0.446163 1.457430 0.172011 7.690483 1.000000
23 -0.324089 0.308955 0.346377 -0.339851 0.915672 1.014454 -0.402200 -0.413017 0.188306 -1.819449 -0.811514 -0.429179 NA 1.005025 0.403037 0.478518 -1.970603 0.626073 -0.414523 1.525375 -2.031806 -0.191673 -2.548968 0.607760 -0.314238 0.278421 -2.091900 -0.093174 1.298534 0.025659 -2.246461 -0.767756 -1.885521 1.685174 0.696746 -0.464049 0.587993 -0.741713 -0.487382 -0.063823 0.493659 1.000000
24 0.339490 -0.875638 0.216446 0.066098 0.173539 -0.884468 0.201110 -1.688466 -0.646782 -0.188433 0.720588 -0.249621 0.511322 -0.146243 -0.543365 -0.447781 -0.821415 -1.696905 NA 1.404703 1.152788 -0.479669 0.359813 -0.461872 -0.237914 -0.329757 0.374647 -1.060370 0.363032 -0.183663 -0.814473 0.810983 0.773041 0.167678 -0.816286 -1.196408 0.219833 0.276224 -1.464888 -0.771291 1.276411 1.000000
25 NA 0.695569 0.791208 1.272261 0.104927 -0.323196 -0.625072 1.017618 0.740910 -0.876332 0.518096 1.585120 1.020482 1.456150 -0.311731 0.170013 0.528856 0.056348 -0.094540 0.204763 0.750470 -0.611036 -1.299882 0.191741 0.598163 0.241566 0.512625 0.502820 0.733243 1.179367 1.694386 0.324349 -0.310261 -0.775856 -1.259623 1.209959 0.821174 -1.011075 2.514494 NA 0.227038 1.000000
26 0.173130 1.798947 0.369003 -0.937270 NA 0.722106 0.359812 0.172826 -0.890966 -2.616008 -1.141342 -0.649432 1.532552 1.735002 0.330869 -0.726277 0.707674 -1.140002 -0.723284 1.772478 NA 1.343638 0.155115 -1.034677 -0.041787 0.366161 -0.411266 2.231653 0.543212 0.663198 0.104414 0.180756 -0.056683 1.048235 1.776498 -1.421945 -0.864185 -0.357280 0.983929 -1.421304 0.030592 1.000000
27 0.790439 1.272759 -1.296454 0.021537 0.572090 0.916957 -0.035085 0.736304 -0.200346 0.566575 -0.830112 0.167548 -0.709942 0.302303 -2.406697 -0.139263 -0.155259 0.584359 1.215307 0.257500 0.007877 NA NA -0.104747 -2.275947 1.696792 -1.741589 -1.208364 1.176568 0.452233 0.746564 -1.026273 0.777905 -0.866429 -1.364391 -0.053223 0.046752 0.124256 0.661634 1.400792 6.007623 1.000000
28 -0.360138 1.043378 0.830662 2.007375 -0.046029 -0.912075 0.973618 0.380247 0.321799 NA -2.426807 0.122697 -2.029928 0.683704 -1.136804 1.383648 1.551175 0.837245 -0.894058 -1.240957 0.192199 -0.319692 0.219468 NA -0.241885 -0.718736 0.474138 NA 1.112589 0.996451 -0.016418 NA -0.441585 1.000932 1.831223 -0.110579 -0.725046 0.191818 -1.551034 -1.006626 0.021244 1.000000
29 -0.232132 -0.708495 -0.366678 0.902864 0.512824 -0.300352 -1.433102 -0.523590 -0.719586 0.043967 -0.831474 0.713915 -1.413438 1.260389 0.892285 -0.288352 -0.944143 1.122745 0.002112 0.725834 0.687478 0.618584 0.438446 0.150619 1.402710 -1.809502 -0.026191 -1.673787 0.115941 -0.418017 -0.946740 0.539898 0.568647 0.976290 0.578602 NA -0.093607 1.704340 -1.338925 -0.977768 0.911821 1.000000
30 0.945246 -1.011945 0.294426 1.379105 0.804805 -0.752159 -0.423224 1.243582 0.309483 -0.051269 -0.411706 -1.563763 1.067982 -0.408065 0.034938 0.700466 -0.948849 1.832395 0.353760 -1.466331 0.548751 0.639051 0.935861 0.717594 -0.191207 -0.767981 1.123157 NA -0.804120 0.150605 0.602054 1.723756 -0.800738 -0.984955 1.353408 0.130888 1.000078 0.952200 -0.082480 1.475456 0.543030 1.000000
31 -1.693777 1.305045 -1.258738 -0.478374 -0.101325 1.016423 0.492256 1.337719 -0.000202 0.325631 -0.372363 -0.452582 -0.702246 -0.321238 -0.004546 NA -1.230843 0.563126 -1.904919 0.526181 -0.617880 -2.302592 0.944937 -2.442042 -0.517442 1.966879 -0.519075 -0.017683 0.452290 1.261735 0.677643 -1.353667 -0.677014 0.211841 1.169671 -0.977290 -0.959433 0.766986 -0.291428 -1.518588 16.151748 1.000000
32 -1.264314 0.005717 1.907871 1.132761 -1.264954 0.578197 0.807634 1.007306 -0.634915 -1.586062 0.519254 0.150865 1.986431 0.128143 0.282519 1.566241 -1.335509 -1.165399 -1.207749 -0.232324 0.962145 -0.820989 2.301768 2.849615 0.168580 -1.093468 0.132613 -0.197366 0.654630 -1.150336 -1.415859 -1.043160 NA -1.525416 0.784864 -0.007813 -1.412021 NA 0.877152 1.821321 0.212991 1.000000
33 -1.120712 0.591733 -1.380014 0.479113 0.356739 -2.036995 -1.160356 0.852123 -0.338004 2.037919 0.276828 -1.400587 NA -0.275377 1.036787 -0.231724 0.442795 -0.953703 -0.006423 0.485228 -0.947105 0.285458 1.069063 -1.961881 0.380679 -0.245411 -2.095519 0.254682 -0.148405 0.101529 -0.022217 0.765396 -0.029959 -0.012003 0.041496 -0.702894 -1.408876 -2.491600 0.437872 1.286278 0.951403 1.000000
34 0.621905 1.465043 0.535116 -0.500853 0.455129 1.457858 -1.078916 -0.573597 0.167052 -1.090972 -2.276708 0.712529 -1.254231 0.715448 0.004437 -1.422946 1.384292 0.244869 0.465796 0.544926 -1.292710 -0.921115 0.071962 0.985799 0.395652 0.693682 1.148341 0.270866 -0.897353 NA -0.590803 1.219215 0.260656 -0.036236 -1.776665 0.688685 0.704056 -0.552708 0.312756 -1.361687 1.343949 1.000000
35 -0.112827 0.227756 -1.303483 -0.866600 -0.665948 0.428113 -0.761966 0.177782 -0.766152 -0.860425 0.890738 NA -0.866249 0.383970 2.055668 0.286680 0.068201 1.211788 0.261085 0.188492 2.165979 0.722561 0.701678 0.292526 -0.050555 -0.847712 0.907435 -0.678155 -2.023818 -0.481872 0.412736 0.912947 -0.162908 -0.654993 1.383604 0.565353 -0.648776 -1.882332 1.180346 -1.120233 0.425152 1.000000
36 -0.999131 0.168960 -1.564580 NA 0.240475 1.040027 0.146753 -0.903873 -0.386084 NA -1.968004 -1.491718 0.227844 -0.740494 0.301446 -0.204864 -0.019007 1.133805 1.208426 1.004678 2.350341 -0.337381 1.177108 0.532529 -0.164853 1.928768 -0.378570 -0.682580 -0.117075 -0.291594 -1.881182 -0.162786 NA -0.473532 NA 0.192465 0.193870 NA -1.819629 -0.963212 2.562228 1.000000
37 -0.024405 0.343451 -1.465426 NA -0.099083 -0.170210 0.474980 0.661112 0.250532 0.632080 NA 1.981178 -0.609717 -0.019017 -0.163931 1.189890 0.890073 -1.352993 NA -1.062737 -0.223982 -1.251099 -0.454597 0.945258 -0.737471 1.261838 0.007229 1.394998 0.656625 1.787068 -0.587931 -0.097680 1.598914 2.004444 -0.752063 -0.476189 0.969087 0.438763 0.735768 -0.483743 1.291170 1.000000
38 0.236254 -0.483477 1.582282 NA -1.806817 0.728655 NA 0.157175 1.267900 -2.269982 2.190126 0.417782 1.636561 -0.987594 1.272025 -0.572155 0.243754 1.286755 -0.400820 2.210939 NA 0.962846 -0.450332 0.577264 -0.731439 -0.039884 0.247527 2.115780 -0.225819 -0.121354 0.588034 1.687025 -0.114589 -1.158339 0.697089 1.004099 -1.135971 1.382423 -0.981256 -1.444358 1.098335 1.000000
39 2.049976 -1.406934 NA -0.400986 -1.586311 0.120588 -1.702727 -0.362612 -0.691768 0.023391 -1.720532 0.522547 -0.497243 0.032058 -0.146198 -2.488909 -0.604409 0.337702 0.843006 -0.744583 -1.049180 0.696122 0.346682 0.050724 -0.576691 -1.467419 0.477440 -0.854080 -0.148840 -0.905624 NA 0.664249 -1.441029 0.030733 1.916222 -0.673052 0.103670 -0.193743 0.482411 -0.191311 4.071545 1.000000
40 0.843548 0.508918 0.782065 0.045332 1.638107 2.076487 0.029156 -0.424661 NA 1.399050 2.088760 0.060203 0.103563 0.552478 0.095491 1.055878 -0.116603 -0.523230 -0.284001 NA 0.180529 0.076558 NA -0.930381 -0.412030 -1.232744 -0.717868 -0.290435 0.490493 1.248930 -0.284114 -0.390948 -0.935790 1.901378 -0.499256 0.773484 -0.055791 0.329833 -0.859905 NA 0.323511 1.000000
41 -0.805954 -0.325141 -2.950286 0.349452 0.082456 -1.015953 -0.557821 -0.554022 -0.321324 0.101655 -1.274129 NA 1.450157 -0.345486 -1.337799 -2.043470 -1.257611 -1.505419 0.072975 0.222065 -2.347205 0.524135 -2.134481 NA -1.135698 -1.224155 -2.437952 0.385917 -1.038104 -0.675866 0.870822 -0.110291 0.044851 -0.394470 1.069618 0.618395 0.067599 -2.215156 1.526681 -0.198391 17.890403 1.000000
42 -0.466507 -1.661206 -0.278757 0.411219 -0.336475 -0.253417 0.823015 -1.444262 -0.646175 0.462970 -0.255858 -0.536028 0.594590 -1.262362 -1.153612 -0.762214 0.725113 1.239817 -0.381062 -0.701315 1.355647 0.187708 -0.224299 0.215731 -0.075595 1.537091 0.538162 0.815227 -0.417924 -0.787024 0.248607 -0.254595 0.684930 0.812104 0.706723 -1.640210 -0.304546 -0.115752 2.094951 0.044135 13.078812 1.000000
43 -0.203788 NA -0.585662 -0.254942 -0.331906 0.785757 1.320564 -1.042044 -0.889662 1.078243 0.052315 1.055274 1.256671 NA 1.288887 -0.737835 2.046668 -1.592980 0.369381 -0.532757 1.221919 -0.436100 1.516929 1.313660 0.900181 0.431115 NA 0.586472 0.795103 1.597326 0.150361 0.160091 0.163538 -1.892696 NA 0.723021 1.026077 -0.204775 -1.841894 -0.162270 39.494656 1.000000
44 1.960747 1.010960 -1.513311 0.488830 -1.663556 0.059964 1.126885 -0.000416 -2.305839 -2.398057 0.146279 0.349648 -2.230704 0.772235 -0.634694 -1.271533 1.930362 1.340879 -0.014874 -0.879084 0.447353 -0.707962 -0.990405 0.161855 0.210721 1.210078 -1.859454 0.279831 -0.515901 -2.076693 0.911002 0.000084 1.114145 -0.311910 -0.897749 0.557369 -0.261675 0.132333 -0.297269 0.899249 0.389685 1.000000
45 0.141108 1.730540 -0.532263 0.304368 0.003914 -0.832061 -1.122607 -0.255594 -0.616356 0.147511 0.564559 1.000414 0.013903 0.554842 0.767929 0.694186 1.058437 0.345089 -2.013912 -1.835611 0.254096 0.372792 -0.709178 0.188742 1.149290 1.056855 0.643848 -2.224466 0.323613 -1.041986 0.949198 -0.693935 -0.601369 0.800937 NA -0.067448 -0.145263 -0.389159 -0.138817 -0.436865 0.282496 1.000000
46 -1.687013 2.391275 -1.092748 -0.820013 -2.702905 -1.847001 -1.293982 2.022736 0.331075 -1.470722 -0.712834 0.763257 -1.167835 -1.174547 0.306638 1.491734 -0.874997 -0.310416 0.725333 -0.228692 0.442863 -0.860563 NA NA 0.313602 0.899459 1.346906 0.398862 -0.443057 -0.448698 -1.750335 0.552970 0.328188 -2.303787 0.212239 -1.006770 0.280561 -1.039151 -0.038175 -0.057966 37.569301 1.000000
47 1.758275 -0.182396 0.587232 0.163646 -1.439067 0.708893 0.527534 0.208472 -0.212811 -0.098680 0.656170 1.022589 1.285520 NA -0.770340 -0.249493 0.209591 -1.142608 -0.040689 -1.577319 NA 0.278506 0.605585 -1.496467 0.637011 -0.767241 -0.387821 -1.546856 0.749873 0.860417 0.097687 0.330940 0.190785 0.995167 -0.123410 -3.108194 0.440721 NA 0.116757 0.049385 0.344323 1.000000
48 -0.351261 -0.383321 -0.089474 -0.073244 0.170887 1.806328 -0.663526 1.102532 -0.188349 -0.305977 0.342275 0.349032 -0.625798 1.928854 -0.922363 -1.882347 NA -0.700214 NA 1.375753 1.442991 1.174333 0.696834 0.013970 -0.281514 -0.041248 -0.833523 -1.104854 -0.858062 2.639434 -1.079320 -0.066516 1.235494 NA 0.745128 -0.963668 -1.727762 -0.422945 -0.169508 0.624500 11.049602 1.000000
49 -1.538973 0.716061 0.313249 -0.634696 -1.162204 0.647240 -1.047979 -1.302602 1.434514 -0.301133 0.873550 0.536046 -0.326794 1.355362 -0.751960 -1.199392 -1.372989 -0.307487 1.583858 1.615585 0.272043 -0.897289 0.476864 -0.253653 0.231600 -0.475428 -1.021083 0.398827 -0.135346 -1.255756 -0.222749 2.404362 NA -0.852950 0.907717 1.379082 -0.850497 -0.349027 0.832046 -0.834688 0.770021 1.000000
50 -1.115075 -0.408280 1.523664 -0.461790 0.092184 -0.759858 3.920236 -0.497646 -0.868502 1.049389 0.383382 0.510437 0.294025 1.333203 -1.657649 -1.542228 0.549015 0.153123 -0.888009 NA 0.302369 -0.309639 NA -1.006848 0.966866 NA -0.681571 -0.554710 -0.642383 -0.854813 -1.005747 -1.694062 0.632295 -0.499231 -1.143887 -0.360162 0.475757 -0.134610 0.351870 0.759500 9.294845 1.000000
51 0.690487 1.090122 -1.552786 0.078106 -1.011366 -0.108041 0.144306 -0.225108 2.321141 0.410056 -1.080854 0.265557 0.584321 -0.373088 -1.285911 -0.206842 -1.627906 -1.248401 NA -0.052783 0.517973 -1.538923 0.529766 -2.124548 1.201034 -2.053680 1.197211 0.091255 -0.778120 -0.208313 -0.069958 -0.187413 0.339351 0.730255 -2.704811 -0.591401 -0.128324 0.038597 2.965115 0.775798 23.299191 1.000000
52 -0.446578 -0.353025 -0.684223 0.478250 1.103865 -0.277743 0.030435 0.097301 -1.005015 -2.823507 -1.683176 0.211284 0.257201 -1.824930 NA 0.055435 0.115050 -0.365541 1.536020 -2.552770 -0.150311 -1.356410 -0.608961 -0.705124 1.111582 -0.773278 -0.790521 1.079680 1.145852 0.022646 0.139613 0.003207 -1.850663 0.527014 0.010632 NA 0.729549 -0.152402 -0.826532 -1.792493 0.390064 1.000000
53 0.208387 1.312387 -1.002239 1.833794 -0.172438 0.299735 2.937835 -0.333159 0.451072 0.653596 -0.898956 -1.501020 NA 0.837609 0.374264 -1.004860 -0.107863 -0.415102 -1.028512 -2.217128 1.918044 -1.059113 0.721076 NA 0.917662 0.433874 0.465592 1.423129 1.690770 -0.566338 0.503388 -0.329870 -0.712193 -0.084821 -0.073303 0.796367 -2.606798 0.900877 1.028771 -0.653073 4.007403 1.000000
54 1.583249 0.423960 -1.940320 1.064150 1.562159 0.786184 0.546768 0.068389 0.148705 0.227074 -0.722993 0.052428 NA -0.007825 -0.138683 1.325532 -1.406209 -0.670092 -0.560629 0.327475 0.692460 -0.788870 0.104749 -1.783106 1.354890 0.172274 0.362900 -1.203728 -1.133046 -0.361824 0.448273 NA 0.290908 -1.817902 -1.278582 -1.875169 -0.353516 NA -1.880953 -0.331048 2.563052 1.000000
55 0.920144 1.720765 0.188108 -1.261806 -0.160905 NA 0.426913 0.357090 -1.177726 -1.755509 NA -0.768922 0.719508 0.577707 1.272720 -0.280949 0.760855 0.129079 -1.305228 1.217097 -1.731721 -1.636203 1.831315 -0.957384 -0.790597 -1.856077 0.489869 0.471102 0.952193 0.423589 -1.057649 0.196053 -0.665631 -1.126441 -1.570152 -0.864087 -0.106356 0.826493 1.701412 1.435416 0.963534 1.000000
56 -1.844996 NA NA -0.083747 -1.810240 1.036825 -1.415959 -0.218018 0.332294 -0.187403 0.270718 1.235144 0.408198 2.387953 1.406937 -0.673418 -0.182540 0.602820 0.386851 -0.573677 NA -0.788291 1.229650 -1.366847 1.349719 NA 1.926628 -0.766105 NA -0.126957 0.780615 -0.401889 -0.786886 -0.314599 NA 0.791513 -0.291045 NA 0.946301 -0.151582 23.586665 1.000000
57 -0.071166 0.870721 -0.287864 -0.181200 -0.214639 -0.934455 0.194623 -0.636812 -0.247257 -0.199486 -0.235145 0.495228 0.320998 -0.457373 NA 0.254600 1.685878 -0.079454 -1.052888 0.661359 0.195495 0.706064 0.108760 -0.709436 0.606609 1.128643 -0.985699 -0.326574 -0.608578 -0.104090 -0.983871 -0.197771 -0.959444 0.426700 -0.242646 0.134088 0.333400 -0.512778 0.378835 -0.351406 0.799927 1.000000
58 -1.886893 NA -0.217869 -1.057949 -0.325309 0.018753 -0.037279 -1.589610 1.239265 -1.044075 2.113631 NA -0.382303 0.180293 0.667457 0.541144 NA 1.757479 -1.482732 -1.081084 0.791818 1.360433 -1.363565 -0.689898 0.521107 -0.146623 -0.613138 0.351437 -0.033660 -1.036483 1.700157 -0.881497 0.404468 1.168524 -1.112583 1.119024 -0.034332 0.311881 1.283413 -0.738380 11.024858 1.000000
59 0.924603 0.426375 -1.219228 0.146106 0.197700 1.646866 2.578561 -0.281397 -0.144128 0.225102 0.853969 0.150950 NA 0.086833 2.693107 -1.011576 -0.610270 1.430453 2.063505 0.143010 0.423504 -0.493916 -0.329477 1.089250 -0.176754 0.200842 0.102305 -0.908282 -0.982822 0.966288 -2.222779 -0.201684 -0.602790 -1.210615 NA 0.532282 0.142477 0.702803 -0.681710 -0.000091 42.212286 1.000000
60 0.428095 -0.079718 -1.141871 0.896962 2.072546 -1.091961 -1.436130 0.685781 0.393886 1.001848 -0.690437 1.087442 0.092279 -1.441529 0.399876 0.130420 1.519971 -1.871976 -2.157477 -0.654989 0.937749 1.357145 -0.392207 -0.567144 0.881924 -1.255302 0.401444 0.923092 -0.768954 -0.151202 1.167544 -0.404466 NA -1.227833 -1.622157 2.408438 -0.648551 1.000380 -0.370071 NA 1.078902 1.000000
61 0.230242 -0.345370 0.037213 1.482960 0.544758 -0.306525 -0.096793 0.880724 -1.288593 0.598657 2.959588 1.581827 -0.335137 -0.411557 1.137802 1.705965 1.107469 0.526366 0.571570 0.199878 0.268371 1.150041 0.590036 NA 0.184617 0.456720 -2.678073 -0.859623 -0.478963 1.086951 0.291700 -0.862766 0.043206 0.077072 -0.748925 0.622425 0.966227 0.665156 0.912781 0.988852 2.538222 1.000000
62 -1.242720 -0.059560 -0.731304 1.751059 -0.742790 -0.859629 0.398169 -1.227296 -0.299558 1.778546 -0.333861 -0.915187 0.373722 1.162932 1.387575 -0.109816 -0.974443 1.980180 -1.089296 0.662191 1.185095 0.512648 0.516738 NA 0.058084 -0.232269 1.816674 -1.339298 -0.191806 0.577374 0.771700 -1.170096 -1.771298 1.047978 -0.788395 NA 0.126009 -0.942279 -0.102815 -0.475553 2.991140 1.000000
63 -0.561589 0.707281 0.633244 0.211426 1.333114 -0.960169 -0.442756 0.357038 0.197440 0.206955 -1.961630 0.067957 1.064221 0.038001 0.089039 -0.047681 -1.644463 0.222502 0.524470 -0.155447 -0.367918 -0.561209 0.495615 1.420888 -0.610162 0.360902 -1.608775 0.382937 -0.653415 -0.133744 0.382559 0.392183 1.502606 0.286279 0.732556 0.136125 -1.458974 -0.313409 -2.131457 0.494244 1.520697 1.000000
64 -0.879449 NA -1.338194 -0.234881 1.418367 1.161620 NA -0.006095 -0.904762 -1.188833 1.053418 -0.334447 NA -1.376863 1.723040 1.633566 0.389985 -0.065144 0.246427 -0.970715 0.162764 NA 0.331024 -0.634999 0.531905 1.669509 0.795314 -0.278521 -0.774165 -0.413115 -0.606189 -0.794626 -0.495292 1.631952 -1.315722 NA 0.624138 0.595619 -1.708459 0.149545 10.036880 1.000000
65 0.933880 0.026438 0.070137 -1.504600 -0.790934 NA 1.342769 -0.408338 -0.085693 -0.097144 -0.603849 1.054724 -1.040307 0.854741 -1.120059 -0.532705 1.382879 0.726545 -0.567761 0.299330 1.434013 1.700027 0.582091 0.190384 -0.329102 -0.454101 -0.107744 0.527792 -1.131626 -0.441530 0.461197 0.576529 -1.323176 0.510826 0.103397 0.419698 0.347121 0.937475 -0.662806 0.273825 12.183604 1.000000
66 1.059217 -0.960815 -1.483138 NA 0.880672 -0.148523 0.013515 0.107195 1.654495 -0.620770 0.131366 0.351573 -1.103978 -0.163900 0.959606 0.309576 -1.974480 -0.014323 0.999471 2.609464 -0.251302 -0.870457 1.202949 -2.525555 0.101643 0.460785 -0.161354 NA -1.220425 0.730927 -0.941910 1.680148 -1.312482 -1.202232 NA 0.349399 -0.093943 1.438811 -0.327159 0.042948 0.336087 1.000000
67 -1.011276 -0.069141 NA 2.510201 0.776269 1.363460 -1.151138 0.617729 0.738654 -0.363990 -1.773027 0.833006 -1.387995 0.086380 -1.199411 -0.179364 -0.989219 1.170954 -1.135082 1.635058 -0.422636 0.355707 -0.426807 -0.227567 0.414826 -1.197982 -0.429942 NA -0.318475 -1.254094 0.518988 -0.305346 -0.547280 1.769747 -0.170690 -0.783873 -1.282954 1.107704 2.298544 0.218712 0.501684 1.000000
68 -0.147657 -0.590511 -1.082916 0.126898 1.057748 -0.285670 0.707050 0.691298 -1.260225 0.784596 1.364147 0.273065 0.470634 0.293226 -0.386553 -0.596070 1.667774 -0.627971 0.347899 -0.037171 -0.311532 -0.325392 0.073026 0.562539 -0.255176 0.073255 2.034552 -0.699213 -0.179345 -0.222943 -0.183205 1.061464 -1.032644 0.737459 1.303272 1.439151 -0.305989 0.878322 0.754797 0.569663 11.104940 1.000000
69 -1.625501 -0.630003 1.607716 -0.088810 1.188121 1.503950 0.239535 1.166327 -1.325497 0.287820 1.624214 0.526662 0.085703 NA 0.103628 -1.331429 NA -1.113103 0.022010 -0.894639 -0.312630 -0.164587 -0.003570 NA -0.310963 0.347200 -0.471477 -1.055143 2.247128 -1.260215 NA NA -0.581488 -1.061235 -0.065842 -0.794955 -0.903973 -0.221363 -0.809493 -0.234466 8.664409 1.000000
70 -0.100074 0.443175 -0.718154 0.467297 1.570059 -1.104421 -1.268084 0.422128 0.446716 -2.781143 -0.266049 -0.047159 -0.075684 1.335397 0.703714 -0.772255 -0.328989 -0.750493 -0.605697 1.025949 0.500611 1.990509 0.411578 -0.829122 -0.333466 -0.766698 -0.423318 2.098423 NA 0.899466 -1.177574 0.981344 0.409812 0.228496 -0.956486 -0.647338 -2.018696 0.336732 1.592713 0.968506 0.078143 1.000000
71 -0.012487 NA -0.563680 -2.099929 1.759400 -0.410789 0.341555 1.711532 -0.241431 -1.067134 -1.903638 1.896691 0.450554 -1.861072 -0.697662 -0.290912 0.724418 1.166959 -0.269184 0.426296 -0.574703 NA -0.216433 1.078337 NA 0.051764 1.747120 -0.204653 0.660027 -0.858506 0.743183 -1.107142 -2.221831 1.189426 1.135492 1.303293 0.442269 -1.018248 -0.409509 -0.508995 15.836373 1.000000
72 -0.126884 -0.789567 1.772788 0.720316 -0.657410 -1.218855 -1.235572 1.171578 -3.376969 -0.851067 1.476300 0.509694 1.676317 -0.650829 -0.746134 0.076331 -0.589349 0.348500 -0.129374 -0.287240 -2.062138 0.865218 NA -0.347527 -1.024049 -0.895467 -0.364944 0.129845 -1.574644 -2.568131 -0.738766 -1.732701 0.144321 -0.652691 -1.271916 0.720047 -0.095120 -0.615869 -0.718735 0.742431 0.257651 1.000000
73 -1.243846 -2.611957 0.609208 -0.488138 NA -1.616840 0.273785 -0.551369 -2.048251 0.317375 -0.623322 0.449042 1.530200 -1.257074 0.483019 0.635960 0.278491 0.735885 -0.709767 -0.755126 -0.124881 0.571929 0.930585 -0.484190 -2.196168 -1.739726 0.352599 -1.631434 2.272876 NA 0.434859 NA -0.803552 NA NA -1.653625 -0.345488 -0.880750 0.800634 -1.448606 4.838336 1.000000
74 -0.598853 0.106795 NA -0.607154 NA 0.552606 -0.716350 -0.710250 NA -0.069373 0.501032 -0.821638 -0.840003 -1.354936 NA 0.255177 0.743445 -0.245886 1.101871 0.177760 -2.242887 1.266567 0.120586 -0.973030 -1.210772 -0.004991 -1.192449 -0.770469 -0.981497 -1.402628 -0.041008 0.279894 -0.633477 0.993823 0.624378 -0.530490 NA NA 0.284004 -0.217999 9.309298 1.000000
75 -1.014966 -0.834398 -0.545625 1.718094 -1.774350 -0.049875 -0.126497 -0.469925 1.564818 -0.168432 2.019963 -0.007466 -0.937078 0.920049 0.245925 1.038966 0.691154 2.150803 0.821930 NA 0.579846 1.138021 -0.357905 -0.745997 0.819710 -0.316265 0.038391 -0.609987 NA 0.304069 0.286756 0.450855 0.441374 -0.345138 0.259063 0.020424 -0.686782 -1.593557 -1.386014 0.746223 8.835010 1.000000
76 0.509197 -0.584129 1.162927 0.594305 0.867538 1.030780 0.206522 0.771382 0.257479 0.552789 -0.964418 0.978539 -0.219161 -0.484908 0.162702 1.128276 0.228559 0.026782 -0.168298 0.592431 0.097260 1.041683 -1.533162 NA 1.115393 1.102926 0.166202 0.022782 -1.503620 -0.666330 -0.981784 0.649027 0.150774 1.041994 -1.081725 1.022772 1.117263 -2.425191 -0.110646 -1.072878 2.335312 1.000000
77 -0.406171 -1.248013 0.839055 -1.490616 -0.163885 -0.979647 0.998667 -1.368731 -1.046474 0.725016 0.794005 -1.069591 0.199146 0.223904 -0.179568 -0.218086 -0.406539 0.289717 -1.442082 -0.424704 -0.674560 -0.482212 -0.150046 -1.175548 1.032746 -0.553214 -0.620643 -0.147848 0.688314 -0.085503 0.119878 -0.670559 -0.883421 0.060572 -0.520151 0.503070 0.657927 0.028997 -1.409831 -0.491799 0.659038 1.000000
78 -0.177348 1.718197 0.277495 0.026610 1.171026 -1.548951 0.347887 0.887277 -2.155158 -0.139305 1.938080 0.888969 -0.894677 -0.397012 -0.800574 0.759946 NA -0.042709 NA -0.501325 -0.626753 -0.810226 -0.091143 0.498806 -0.089364 -1.736176 -0.314519 -0.389278 0.753252 -1.030049 NA 1.925835 NA NA 0.402921 -0.550695 -0.358778 1.328278 -0.573938 -1.257694 0.282285 1.000000
79 0.883913 -0.728152 NA -0.194631 -1.113242 -0.414859 1.368456 -0.237401 -1.082868 -0.290589 NA -0.913574 1.485929 0.593557 -0.266316 1.536409 -0.178725 -0.016282 1.357076 -1.855971 0.969450 -0.628516 NA -1.024075 -0.872807 -0.415001 1.729632 NA 0.886066 0.716219 -1.533477 -0.794004 0.068805 -0.159615 -1.040824 1.418644 -1.129472 0.889282 -1.195691 -0.536370 3.777128 1.000000
80 0.865948 0.139417 1.134907 -0.171969 0.016679 0.058142 -0.886893 -0.171634 -1.078255 0.721674 -1.333961 -1.626525 -0.885980 1.520407 -0.107123 -0.475658 -0.600856 0.826649 0.884450 -0.530081 0.079035 -1.595283 -0.819556 -0.024591 0.891566 1.734514 0.591497 -0.073642 -0.529669 -0.172845 -0.944651 -0.573125 -0.984206 1.004303 -0.250323 -1.274884 -0.230844 -0.723277 -0.969943 -1.286409 0.615231 1.000000
81 -1.298298 -1.011286 -0.651965 0.662593 0.121778 0.227161 -1.527245 -0.505846 0.786181 0.210873 NA 0.171918 -0.491850 0.344935 -1.418845 0.340740 0.864472 0.409209 -1.349698 -0.785660 -0.417197 -1.034114 -2.089504 1.349321 0.691549 0.746780 -0.921868 0.292861 -0.163390 -0.559679 -0.308134 -1.035970 -0.499450 -0.887020 0.145989 0.060667 0.158985 -1.585841 -0.878522 0.567970 9.551787 1.000000
82 0.692783 -0.594989 0.477913 -0.348981 -0.401854 -0.487544 -3.129784 0.562951 0.070818 0.166894 -0.770468 1.810930 NA -1.672119 -0.642455 0.639729 -0.633939 0.706073 0.910811 -0.095967 0.575063 -2.175532 -1.252730 -0.795508 -0.488577 0.033638 0.741806 -0.059985 -0.269580 0.061353 0.903567 1.791044 -1.152189 -0.483346 1.677507 0.280211 -1.847488 1.453873 1.017620 0.493642 4.576164 1.000000
83 0.092773 -0.890754 0.483245 -0.203009 1.300491 -0.736684 0.993791 -0.646691 -0.902116 NA -0.826793 2.284678 0.156654 -0.777876 NA 0.709189 NA 1.150670 -0.823268 0.126803 NA -1.522689 -0.785913 -0.037729 1.952887 0.403101 -1.073352 -1.955881 0.536548 -2.435549 -0.049312 -2.380761 -1.588644 NA NA 0.684724 0.460896 0.904545 0.888022 0.404543 0.374092 1.000000
84 0.651100 0.742435 -0.738267 -2.953588 0.568258 -0.691806 -3.331639 0.117347 0.208863 0.455828 1.726743 1.286013 0.105478 0.921165 -1.000625 0.972728 -0.716610 0.988810 -0.036709 0.024548 1.463216 0.912595 -0.462069 -0.599099 -1.234236 1.479539 0.968485 -0.755195 -0.453235 1.270572 -0.543534 -0.351968 -1.209446 0.600114 0.429407 -0.940345 -0.826021 -1.203433 0.626885 1.195804 0.028525 1.000000
85 -0.717006 0.809457 -1.276207 2.173039 -1.388489 1.021011 1.148508 -1.389062 0.057064 0.687946 -0.407508 -1.196344 -0.028894 NA 0.362571 0.849466 -0.508948 -0.625350 1.418980 -0.019886 -1.266772 NA -1.265137 2.544092 1.040501 0.113506 1.105887 -0.817493 1.251815 0.519763 -1.217596 0.717577 0.508390 0.336111 0.481969 0.911178 -2.394169 -1.388597 0.379418 -1.332653 6.719737 1.000000
86 1.539578 -0.181957 1.134777 -0.368742 -0.736077 0.386102 -1.825226 0.840373 -1.186755 0.426986 2.185372 -1.056462 0.241894 NA 0.203990 -0.335936 1.591687 0.634636 1.228571 1.690598 -0.288931 -0.482432 -1.124861 0.440206 0.769713 0.169343 -0.422068 -0.246341 -0.672845 -0.921781 NA 1.837613 -0.803154 0.616473 0.422584 -1.865256 0.301629 0.267428 1.448827 0.665819 1.895065 1.000000
87 0.899702 0.649452 -0.722208 -0.560351 -0.862555 0.125533 -0.096962 -0.828697 0.480274 -0.064251 0.449059 -1.840204 -1.174379 -1.801325 -1.434235 -0.099505 -1.741310 0.085052 -0.218428 1.879457 -0.061340 1.395044 -0.526101 -1.436106 -0.535770 -0.009574 -0.002713 0.747615 -0.032837 0.462672 -0.177821 -0.010281 -0.497542 -0.123363 -2.153289 1.578235 -2.473719 0.170137 0.817828 -0.593904 1.271975 1.000000
88 1.568573 0.556156 2.476956 -0.592016 0.575130 -1.064637 0.515326 -0.509050 -0.896906 1.089205 0.690686 0.558204 0.110469 -0.503700 1.240058 -0.101565 -2.068071 0.513180 1.282200 0.051151 0.271885 -0.025550 -0.746136 NA 1.604293 -0.124203 -0.734645 -0.805695 -0.766818 -0.839218 -0.775769 0.162557 NA 0.116966 NA 0.268927 -0.396944 -0.576693 NA -0.408676 0.241635 1.000000
89 1.329636 -0.207014 -0.931655 -0.699807 -0.097914 1.160828 -0.738893 1.568411 -1.278819 0.457479 0.638512 1.326767 1.703689 1.741261 -0.330726 NA -3.519203 0.956038 -0.268335 -1.344200 -0.939099 -0.761906 0.873985 -0.636001 -0.574604 -0.173367 -0.208327 1.313987 -1.590427 1.303612 0.252455 -0.951215 0.024900 0.807406 -0.008434 -1.329495 -1.157415 -0.089131 -0.334398 -0.053271 31.648506 1.000000
90 0.252919 -0.197394 -1.923860 -0.938818 -0.145976 -0.756248 0.575870 -1.913061 -0.610376 NA -0.639625 0.050899 -1.568559 -0.790580 -1.041941 2.376583 0.007579 -0.271724 0.712007 0.200074 0.212274 0.184017 1.140966 0.277448 NA 0.052101 -0.300221 0.169494 1.342868 0.118995 -0.032640 1.106889 -0.410781 -1.073161 0.678483 -1.422242 0.826234 -1.253579 0.023300 0.290227 0.485414 1.000000
91 -2.756257 -1.312669 -0.703753 1.125892 0.892039 1.531728 -0.167474 -0.122104 0.201320 -0.810884 2.209260 -0.611884 0.018919 0.510309 0.008219 2.326845 -0.436769 NA 0.701126 1.245318 0.397068 0.609625 0.114714 -0.545139 0.750970 1.069857 -2.077351 -1.776877 -1.416342 -0.581670 -0.434788 NA -3.099522 -0.368363 0.349534 -0.359118 -0.057416 -0.221697 -1.693574 0.204856 0.622868 1.000000
92 -1.655040 -0.366633 1.490698 1.254371 0.267925 -1.696908 1.421175 2.342348 -0.012238 1.671392 -0.912909 -0.335521 0.227483 1.160555 -1.369964 0.272525 1.084674 0.926925 2.499310 0.409126 -1.829168 0.621932 0.825980 -1.202365 0.958618 -0.339019 0.059773 0.457328 -0.480445 0.128812 1.040606 0.267175 0.821063 -0.813693 -0.461423 -0.274048 -0.115707 NA 2.527084 0.250080 5.429413 1.000000
93 0.103846 -1.644539 2.765247 -1.095130 -1.024548 0.966851 1.344123 0.479442 0.859907 -0.257629 -1.775501 1.764318 -0.214727 -0.071226 -0.366355 -0.870240 -0.562893 0.732532 0.976114 0.845162 -0.857441 -0.259685 0.944958 0.824358 1.055235 1.029227 -0.585519 0.982765 -0.194258 -0.390971 -0.628630 0.445243 -0.938749 2.034935 -0.572845 0.329245 1.598009 0.010464 1.686160 0.431664 29.088325 1.000000
94 0.049335 -0.231294 -0.989648 0.424390 -1.202758 -0.219100 1.571145 0.509826 NA 0.016601 0.378760 -0.778416 0.993116 0.262833 0.475228 0.794078 1.291323 -0.238550 0.070317 -0.303591 -0.112105 0.772501 1.975766 -0.476919 1.357462 1.034294 -0.392231 -0.791026 2.182840 -0.340422 0.303020 1.340423 -0.212752 1.417893 0.852090 2.397696 0.048961 0.811108 0.645984 0.228926 20.419321 1.000000
95 -0.508588 0.202254 -0.008959 0.000529 NA 0.359693 NA -0.308020 1.068927 0.759239 1.676263 NA 1.114171 0.463013 -0.537841 -0.077963 0.490167 -0.196727 2.530871 0.086785 -0.556645 0.171525 -0.503195 -0.477428 -0.192344 0.222902 -0.592591 1.835986 1.578072 0.521091 0.297210 -0.793300 -0.988135 -1.349989 -0.158874 1.158252 0.866534 NA 1.053035 0.043533 4.261101 1.000000
96 0.708293 -1.004176 -1.753953 1.137284 -0.590586 -1.712782 -0.914700 -0.226348 -0.322291 -0.403967 -0.949274 1.743393 1.932169 -1.241092 1.092476 -0.024866 0.940240 -0.176780 -1.401342 -0.838398 2.321132 1.244635 -0.062455 1.262167 1.962285 1.440790 0.384805 -1.289770 -1.328894 NA 0.196907 -0.215946 1.756639 -1.342979 0.693184 1.846506 -1.515382 0.656922 0.525632 0.386084 0.155503 1.000000
97 -0.793827 -1.707821 0.416312 -0.393926 0.180116 -0.393387 -0.889469 0.784554 -0.710118 -1.609196 -1.114680 0.312501 0.795796 3.104158 -0.153832 -0.036687 -1.010506 -1.158261 -1.212532 -2.132901 -0.095182 1.071965 0.220596 -0.608960 -0.110943 1.264144 -1.498807 0.646831 -0.386622 -1.654945 1.475792 -0.354443 0.106679 -0.073491 NA -2.993522 -2.157270 -0.628928 -0.864764 -0.141144 21.695357 1.000000
98 -1.059773 0.037718 0.783587 -1.138244 3.496816 -1.444766 0.439331 1.340268 -0.640732 -0.286648 0.950359 0.381836 0.510389 -0.100998 0.110568 0.330795 -0.812471 0.392613 0.769956 0.602431 1.158544 -0.166105 NA 0.644118 0.533039 -0.958924 1.876940 0.001779 0.314816 1.100945 -1.431696 1.678493 -0.519399 -0.880280 1.670609 -0.082108 0.745497 1.542335 -0.199466 -2.017302 0.126278 1.000000
99 0.915306 0.363687 0.746901 0.614050 -2.322688 -1.708229 -0.200780 -0.912968 -1.480480 0.189423 0.201492 -1.081772 0.988276 1.736767 0.428028 -0.670782 -0.779124 1.444964 0.523322 -0.090141 1.681830 -0.339703 NA -0.422157 0.805166 0.027513 0.040541 -0.414480 1.395703 NA -0.820370 0.938790 NA -2.239570 0.208172 -0.830193 -1.033538 -0.007215 -0.523655 -1.711372 0.055440 1.000000
100 1.086696 0.463973 -0.202658 1.257591 0.508319 -0.374519 0.123120 0.303833 0.432289 1.031469 0.116558 -2.552424 -1.326820 -0.262086 -0.792234 1.204589 -0.628990 -1.153742 0.224549 -0.495882 -1.541895 0.820828 -0.928829 0.042660 -2.451016 2.316733 -0.937845 0.009953 0.152351 1.259687 0.427897 0.005068 0.564738 1.531064 -0.363856 0.322123 0.187059 -0.409929 2.285177 -0.879955 0.110134 1.000000
uncorrelated Gaussian covariates
missing covariate fraction: 0.050000
no latent classes
   lambda(t|risk 1)=C, <t>=4.000000 for zero covariates
   risk 1: beta[1]=0.500000
   risk 1: beta[2]=0.500000
   risk 1: beta[3]=0.500000
   risk 1: beta[4]=0.500000
   risk 1: beta[5]=0.500000
   risk 1: beta[6]=-0.500000
   risk 1: beta[7]=-0.500000
   risk 1: beta[8]=-0.500000
   risk 1: beta[9]=-0.500000
   risk 1: beta[10]=-0.500000
   risk 1: beta[11]=0.000000
   risk 1: beta[12]=0.000000
   risk 1: beta[13]=0.000000
   risk 1: beta[14]=0.000000
   risk 1: beta[15]=0.000000
   risk 1: beta[16]=0.000000
   risk 1: beta[17]=0.000000
   risk 1: beta[18]=0.000000
   risk 1: beta[19]=0.000000
   risk 1: beta[20]=0.000000
   risk 1: beta[21]=0.000000
   risk 1: beta[22]=0.000000
   risk 1: beta[23]=0.000000
   risk 1: beta[24]=0.000000
   risk 1: beta[25]=0.000000
   risk 1: beta[26]=0.000000
   risk 1: beta[27]=0.000000
   risk 1: beta[28]=0.000000
   risk 1: beta[29]=0.000000
   risk 1: beta[30]=0.000000
   risk 1: beta[31]=0.000000
   risk 1: beta[32]=0.000000
   risk 1: beta[33]=0.000000
   risk 1: beta[34]=0.000000
   risk 1: beta[35]=0.000000
   risk 1: beta[36]=0.000000
   risk 1: beta[37]=0.000000
   risk 1: beta[38]=0.000000
   risk 1: beta[39]=0.000000
   risk 1: beta[40]=0.000000
