1 -0.066353555556 1.024727573033
2 0.058849446809 0.977673742697
3 -0.187988483871 1.090015954046
4 0.076834852632 0.959887935465
5 0.010975052632 1.104478413335
6 0.051361452632 1.011781926101
7 -0.069842020833 1.147520571750
8 0.124283474747 0.887935231077
9 -0.153308144330 0.998563427904
10 -0.175483231579 1.070746522773
11 -0.004249715789 1.219417677296
12 0.190904484211 0.968784472224
13 0.015189869565 1.014279105999
14 0.049004582418 1.068179974239
15 0.017718139785 0.944003398961
16 0.121879723404 0.966708377791
17 -0.093729127660 1.063342358635
18 0.194968428571 0.964686368471
19 0.051881869565 1.003317938361
20 -0.025758187500 0.987745411739
21 0.083294127660 1.090506422045
22 0.016605427083 0.983810570232
23 -0.064653263736 0.937503667791
24 -0.127330351648 1.023844326948
25 0.186629721649 0.943144733812
26 0.043913775510 0.982933222582
27 -0.170556659794 1.029107977244
28 -0.074642715789 0.949684701214
29 0.017253843750 0.925332589755
30 -0.089981989362 1.059564202433
31 -0.120686831579 0.855430544467
32 0.007550526316 0.936227755390
33 -0.206182397849 0.972778250553
34 0.072490326316 1.079222716738
35 0.053926755556 1.016107625412
36 0.080319315789 1.072232415209
37 -0.137845826531 0.892015584826
38 -0.020238141304 0.915526759317
39 0.050517041237 1.110152144732
40 -0.211821617021 0.837335023220
