0.000000 0.500000
1.000000 0.590000
2.000000 0.667917
3.000000 0.655000
4.000000 0.686250
5.000000 0.751458
6.000000 0.740625
7.000000 0.781042
8.000000 0.741667
9.000000 0.761042
10.000000 0.769792
11.000000 0.768333
12.000000 0.774792
13.000000 0.789583
14.000000 0.766875
15.000000 0.786250
16.000000 0.774583
17.000000 0.773125
18.000000 0.766667
19.000000 0.777500
20.000000 0.773125
21.000000 0.761667
22.000000 0.763750
23.000000 0.762708
24.000000 0.773125
25.000000 0.764375
26.000000 0.781042
27.000000 0.749167
28.000000 0.742708
29.000000 0.761875
30.000000 0.754583
31.000000 0.738958
32.000000 0.733750
33.000000 0.747708
34.000000 0.730417
35.000000 0.737083
36.000000 0.735625
37.000000 0.727083
38.000000 0.723542
39.000000 0.720208
40.000000 0.701042
41.000000 0.700417
42.000000 0.696042
43.000000 0.700417
44.000000 0.678333
45.000000 0.688542
46.000000 0.677708
47.000000 0.671250
48.000000 0.683125
49.000000 0.674583
50.000000 0.675208
51.000000 0.655833
52.000000 0.650208
53.000000 0.653333
54.000000 0.652708
55.000000 0.651250
56.000000 0.638750
57.000000 0.612500
58.000000 0.629167
59.000000 0.614792
60.000000 0.609375
61.000000 0.607083
62.000000 0.606875
63.000000 0.591042
64.000000 0.593542
65.000000 0.599375
66.000000 0.587500
67.000000 0.590417
68.000000 0.569167
69.000000 0.573542
70.000000 0.559375
71.000000 0.568750
72.000000 0.552083
73.000000 0.537708
74.000000 0.536250
75.000000 0.542500
76.000000 0.540417
77.000000 0.531667
78.000000 0.520625
79.000000 0.510417
80.000000 0.513125
