0.000000 0.500000
1.000000 0.598000
2.000000 0.605700
3.000000 0.692100
4.000000 0.699900
5.000000 0.743900
6.000000 0.763800
7.000000 0.788200
8.000000 0.796200
9.000000 0.817900
10.000000 0.815400
11.000000 0.822800
12.000000 0.844300
13.000000 0.869000
14.000000 0.848900
15.000000 0.846300
16.000000 0.860300
17.000000 0.864000
18.000000 0.876600
19.000000 0.873300
20.000000 0.877700
21.000000 0.880400
22.000000 0.879000
23.000000 0.885600
24.000000 0.882900
25.000000 0.887000
26.000000 0.894100
27.000000 0.899300
28.000000 0.899600
29.000000 0.901800
30.000000 0.906300
31.000000 0.907300
32.000000 0.907700
33.000000 0.906600
34.000000 0.907900
35.000000 0.906500
36.000000 0.915700
37.000000 0.917500
38.000000 0.916400
39.000000 0.919100
40.000000 0.920600
41.000000 0.918600
42.000000 0.919800
43.000000 0.917100
44.000000 0.923100
45.000000 0.925000
46.000000 0.924600
47.000000 0.927100
48.000000 0.931000
49.000000 0.928100
50.000000 0.927800
51.000000 0.930200
52.000000 0.934200
53.000000 0.933300
54.000000 0.938400
55.000000 0.936200
56.000000 0.937900
57.000000 0.939600
58.000000 0.940700
59.000000 0.939500
60.000000 0.941800
61.000000 0.945700
62.000000 0.946500
63.000000 0.949200
64.000000 0.950100
65.000000 0.947600
66.000000 0.951200
67.000000 0.951100
68.000000 0.951400
69.000000 0.952100
70.000000 0.954400
71.000000 0.953600
72.000000 0.955000
73.000000 0.955900
74.000000 0.959300
75.000000 0.957700
76.000000 0.959800
77.000000 0.959200
78.000000 0.959000
79.000000 0.957900
80.000000 0.959200
81.000000 0.962600
82.000000 0.962000
83.000000 0.965200
84.000000 0.963500
85.000000 0.965100
86.000000 0.964900
87.000000 0.965800
88.000000 0.965800
89.000000 0.963600
90.000000 0.965700
91.000000 0.965700
92.000000 0.969200
93.000000 0.967100
94.000000 0.970100
95.000000 0.969800
96.000000 0.968900
97.000000 0.969100
98.000000 0.968500
99.000000 0.969500
100.000000 0.970400
