0.000000 0.500000
1.000000 0.579700
2.000000 0.591800
3.000000 0.663700
4.000000 0.673100
5.000000 0.719300
6.000000 0.720100
7.000000 0.736400
8.000000 0.752400
9.000000 0.762900
10.000000 0.757200
11.000000 0.755200
12.000000 0.780200
13.000000 0.787600
14.000000 0.782900
15.000000 0.770200
16.000000 0.787800
17.000000 0.784000
18.000000 0.780900
19.000000 0.785600
20.000000 0.778000
21.000000 0.780800
22.000000 0.774100
23.000000 0.763600
24.000000 0.760400
25.000000 0.760800
26.000000 0.760400
27.000000 0.751400
28.000000 0.755600
29.000000 0.754000
30.000000 0.753700
31.000000 0.757100
32.000000 0.748800
33.000000 0.746300
34.000000 0.740200
35.000000 0.735200
36.000000 0.731700
37.000000 0.734600
38.000000 0.725900
39.000000 0.723700
40.000000 0.722500
41.000000 0.717900
42.000000 0.726900
43.000000 0.711300
44.000000 0.707800
45.000000 0.707900
46.000000 0.701700
47.000000 0.697400
48.000000 0.701700
49.000000 0.699300
50.000000 0.701000
51.000000 0.697000
52.000000 0.698100
53.000000 0.693800
54.000000 0.694800
55.000000 0.689200
56.000000 0.682600
57.000000 0.669000
58.000000 0.666600
59.000000 0.668800
60.000000 0.669300
61.000000 0.669600
62.000000 0.669000
63.000000 0.662300
64.000000 0.663900
65.000000 0.663800
66.000000 0.651200
67.000000 0.645100
68.000000 0.651800
69.000000 0.654600
70.000000 0.653600
71.000000 0.648500
72.000000 0.647000
73.000000 0.640700
74.000000 0.645700
75.000000 0.637100
76.000000 0.633400
77.000000 0.632400
78.000000 0.634300
79.000000 0.633100
80.000000 0.626400
81.000000 0.619400
82.000000 0.619500
83.000000 0.616400
84.000000 0.608100
85.000000 0.614100
86.000000 0.612900
87.000000 0.609900
88.000000 0.602600
89.000000 0.603900
90.000000 0.602200
91.000000 0.599700
92.000000 0.595400
93.000000 0.597900
94.000000 0.593200
95.000000 0.592300
96.000000 0.590500
97.000000 0.586400
98.000000 0.586000
99.000000 0.578100
100.000000 0.584300
