0.000000 0.500000 0.500000
1.000000 0.526800 0.534000
2.000000 0.558400 0.568800
3.000000 0.613700 0.634800
4.000000 0.617600 0.652000
5.000000 0.644900 0.695700
6.000000 0.684200 0.745700
7.000000 0.675800 0.745200
8.000000 0.707000 0.758400
9.000000 0.724200 0.774900
10.000000 0.719900 0.785600
11.000000 0.715400 0.782600
12.000000 0.701200 0.761100
13.000000 0.709700 0.775700
14.000000 0.718300 0.791400
15.000000 0.720800 0.799400
16.000000 0.724900 0.805800
17.000000 0.730000 0.809100
18.000000 0.714900 0.816100
19.000000 0.725700 0.819300
20.000000 0.729400 0.832800
21.000000 0.731400 0.833800
22.000000 0.717800 0.844200
23.000000 0.716500 0.836900
24.000000 0.711700 0.846300
25.000000 0.706400 0.847300
26.000000 0.713100 0.856200
27.000000 0.714100 0.866800
28.000000 0.709900 0.863100
29.000000 0.709900 0.865600
30.000000 0.697800 0.866200
31.000000 0.695100 0.870200
32.000000 0.686700 0.868400
33.000000 0.688800 0.881400
34.000000 0.696300 0.880800
35.000000 0.692000 0.885000
36.000000 0.688800 0.887900
37.000000 0.689300 0.885100
38.000000 0.670400 0.894000
39.000000 0.676100 0.888900
40.000000 0.677800 0.898300
41.000000 0.680700 0.895800
42.000000 0.656800 0.903500
43.000000 0.655100 0.903700
44.000000 0.659500 0.899700
45.000000 0.662200 0.907800
46.000000 0.655700 0.914400
47.000000 0.657300 0.916600
48.000000 0.652700 0.913300
49.000000 0.646800 0.918100
50.000000 0.639400 0.918100
51.000000 0.641800 0.921900
52.000000 0.637600 0.925100
53.000000 0.641700 0.926600
54.000000 0.631200 0.927100
55.000000 0.634900 0.929500
56.000000 0.630300 0.928800
57.000000 0.619400 0.936000
58.000000 0.618600 0.938200
59.000000 0.628700 0.940300
60.000000 0.623300 0.937100
61.000000 0.622500 0.939800
62.000000 0.614700 0.941000
63.000000 0.605800 0.946400
64.000000 0.603900 0.942100
65.000000 0.609500 0.943300
66.000000 0.599800 0.946100
67.000000 0.594700 0.950600
68.000000 0.596900 0.949000
69.000000 0.592200 0.952600
70.000000 0.590700 0.950400
71.000000 0.593000 0.953000
72.000000 0.588200 0.953300
73.000000 0.588400 0.955200
74.000000 0.587900 0.955300
75.000000 0.577600 0.957500
76.000000 0.570700 0.960100
77.000000 0.572700 0.958400
78.000000 0.572700 0.959100
79.000000 0.576700 0.959400
80.000000 0.567800 0.962100
