1 0.107399060606 0.952844083679
2 0.132486765957 0.985146352748
3 0.171583421053 1.100317705264
4 0.232432281250 1.031716443865
5 0.162734612245 0.946851848981
6 -0.121800652632 0.924151571269
7 -0.345357354167 1.135791758310
8 0.018485457447 0.938804274222
9 -0.075785729167 1.100132973050
10 0.102535726316 1.007182742110
11 0.018021410526 0.982020701471
12 0.022380500000 1.052710862327
13 0.000061979798 1.021603140758
14 -0.123625051546 1.012116501784
15 -0.135548474227 1.065047557397
16 -0.155343457447 0.975698152038
17 -0.099953541667 0.892586478101
18 0.047323604167 1.018018899594
19 0.017643673913 1.104408718036
20 0.056565936842 1.042563136194
21 0.074230130435 0.920750981855
22 -0.057179587629 0.956414209248
23 0.074325244681 1.021915560847
24 -0.052778912088 0.964869059107
25 -0.036374863158 0.943897172302
26 0.066696865979 0.954125658767
27 -0.191349881720 1.026353942014
28 -0.077768851064 0.865180544711
29 -0.048165728261 1.045180846528
30 -0.162087639175 1.008920479915
31 0.022226416667 0.904878490312
32 -0.033294218750 0.968839469322
33 -0.048065260417 1.040212662971
34 0.009666627660 1.138313973988
35 0.028495351064 0.983707054591
36 -0.054327309278 0.958763655881
37 -0.226409319588 1.091758215688
38 -0.131245474227 0.996976022397
39 -0.060196840426 1.012123577097
40 -0.099310437500 0.933693502148
41 -0.042333949495 1.024782608336
42 0.087971928571 0.954240609785
43 0.035761816327 1.009780837620
44 0.002547903226 0.833351607829
45 0.030953789474 0.941361296909
46 -0.001791223404 1.105656607799
47 -0.016033816327 1.077685979335
48 -0.032441142857 0.924589929240
49 0.048933541667 1.001808858512
50 0.149641574713 0.915654060473
51 0.082662946237 1.016964191238
52 -0.146075218750 1.017670851145
53 0.027651329670 1.039759475882
54 0.101847642857 1.027626736384
55 -0.045471927835 0.908567501462
56 0.084964051546 0.948899302662
57 0.000331389474 1.053191015423
58 -0.024327126316 1.072064184490
59 0.219645535354 0.946496522464
60 0.074699362637 1.006321210400
