active=60: 1 2 3 4 5 6 7 8 9 10 11 12 13 14 15 16 17 18 19 20 21 22 23 24 25 26 27 28 29 30 31 32 33 34 35 36 37 38 39 40 41 42 43 44 45 46 47 48 49 50 51 52 53 54 55 56 57 58 59 60 
active=59: 1 2 3 4 5 6 7 8 9 10 11 12 13 14 15 16 17 18 19 20 21 22 23 24 25 26 27 28 29 30 31 32 33 34 35 36 37 38 39 40 41 42 43 44 45 46 47 48 49 50 51 52 54 55 56 57 58 59 60 
active=58: 1 2 3 4 5 6 7 8 9 10 11 12 13 14 15 16 17 18 19 20 21 22 23 24 25 26 27 28 29 30 31 32 33 34 35 36 37 38 39 40 41 42 43 44 45 46 47 48 49 50 51 52 54 55 56 58 59 60 
active=57: 1 2 3 4 5 6 7 8 9 10 11 12 13 14 15 16 17 18 19 20 21 22 23 24 25 26 27 28 29 30 31 32 33 34 35 36 37 38 39 40 42 43 44 45 46 47 48 49 50 51 52 54 55 56 58 59 60 
active=56: 1 2 3 4 5 6 7 8 9 10 11 12 13 14 15 16 17 19 20 21 22 23 24 25 26 27 28 29 30 31 32 33 34 35 36 37 38 39 40 42 43 44 45 46 47 48 49 50 51 52 54 55 56 58 59 60 
active=55: 1 2 3 4 5 6 7 8 9 10 11 12 13 14 15 16 17 19 20 21 22 23 24 25 26 27 28 29 30 31 32 33 34 35 36 37 38 39 40 42 43 44 45 46 47 48 49 50 51 52 54 56 58 59 60 
active=54: 1 2 3 4 5 6 7 8 9 10 11 12 13 14 15 16 17 19 20 21 22 23 24 25 26 27 28 29 30 31 32 33 34 35 36 37 38 39 42 43 44 45 46 47 48 49 50 51 52 54 56 58 59 60 
active=53: 1 2 3 4 5 6 7 8 9 10 11 12 13 14 15 16 17 19 20 21 22 24 25 26 27 28 29 30 31 32 33 34 35 36 37 38 39 42 43 44 45 46 47 48 49 50 51 52 54 56 58 59 60 
active=52: 1 2 3 4 5 6 7 8 9 10 11 12 13 14 15 16 17 19 20 21 22 24 26 27 28 29 30 31 32 33 34 35 36 37 38 39 42 43 44 45 46 47 48 49 50 51 52 54 56 58 59 60 
active=51: 1 2 3 4 5 6 7 8 9 10 11 12 13 14 15 16 17 19 20 21 24 26 27 28 29 30 31 32 33 34 35 36 37 38 39 42 43 44 45 46 47 48 49 50 51 52 54 56 58 59 60 
active=50: 1 2 3 4 5 6 7 8 9 10 11 12 13 14 15 16 17 19 20 21 24 26 27 28 29 30 31 32 33 34 35 36 37 38 39 42 43 44 45 46 47 48 50 51 52 54 56 58 59 60 
active=49: 1 2 3 4 5 6 7 8 9 10 11 12 13 14 15 17 19 20 21 24 26 27 28 29 30 31 32 33 34 35 36 37 38 39 42 43 44 45 46 47 48 50 51 52 54 56 58 59 60 
active=48: 1 2 3 4 5 6 7 8 9 10 11 12 13 14 15 19 20 21 24 26 27 28 29 30 31 32 33 34 35 36 37 38 39 42 43 44 45 46 47 48 50 51 52 54 56 58 59 60 
active=47: 1 2 3 4 5 6 7 8 9 10 11 12 13 14 15 19 20 21 24 27 28 29 30 31 32 33 34 35 36 37 38 39 42 43 44 45 46 47 48 50 51 52 54 56 58 59 60 
active=46: 1 2 3 4 5 6 7 8 9 10 11 12 13 14 15 19 20 21 24 27 28 29 30 31 32 33 34 35 36 37 38 39 42 43 44 45 47 48 50 51 52 54 56 58 59 60 
active=45: 1 2 3 4 5 6 7 8 9 10 11 12 13 14 15 19 20 21 24 27 28 29 30 31 32 33 34 35 36 37 38 39 42 43 44 45 47 48 50 51 52 54 58 59 60 
active=44: 1 2 3 4 5 6 7 8 9 10 11 12 13 14 15 19 20 21 24 27 28 29 30 31 32 33 34 35 36 37 38 39 42 43 45 47 48 50 51 52 54 58 59 60 
active=43: 1 2 3 4 5 6 7 8 9 10 11 12 13 14 15 19 20 21 24 27 28 29 30 31 33 34 35 36 37 38 39 42 43 45 47 48 50 51 52 54 58 59 60 
active=42: 1 2 3 4 5 6 7 8 9 10 11 12 13 14 15 19 20 21 24 27 28 29 30 31 33 34 35 36 37 38 39 42 43 45 47 48 50 51 52 58 59 60 
active=41: 1 2 3 4 5 6 7 8 9 10 11 12 13 14 15 19 20 21 24 27 28 29 30 33 34 35 36 37 38 39 42 43 45 47 48 50 51 52 58 59 60 
active=40: 1 2 3 4 5 6 7 8 9 10 11 12 13 14 15 19 20 21 24 27 28 29 30 33 34 35 36 37 38 39 42 43 47 48 50 51 52 58 59 60 
active=39: 1 2 3 4 5 6 7 8 9 10 11 12 13 14 15 19 20 21 24 27 28 29 30 33 34 35 36 37 38 39 42 43 47 48 51 52 58 59 60 
active=38: 1 2 3 4 5 6 7 8 9 10 11 12 13 14 15 19 20 21 24 27 28 29 30 33 34 35 36 37 38 39 42 43 47 51 52 58 59 60 
active=37: 1 2 3 4 5 6 7 8 9 10 11 12 13 14 19 20 21 24 27 28 29 30 33 34 35 36 37 38 39 42 43 47 51 52 58 59 60 
active=36: 1 2 3 4 5 6 7 8 9 10 11 12 13 14 19 20 21 24 27 29 30 33 34 35 36 37 38 39 42 43 47 51 52 58 59 60 
active=35: 1 2 3 4 5 6 7 8 9 10 11 12 13 19 20 21 24 27 29 30 33 34 35 36 37 38 39 42 43 47 51 52 58 59 60 
active=34: 1 2 3 4 5 6 7 8 9 10 11 12 13 19 20 21 24 27 29 30 33 34 35 36 37 38 39 42 43 51 52 58 59 60 
active=33: 1 2 3 4 5 6 7 8 9 10 11 12 13 19 20 21 24 27 29 30 33 34 35 36 37 38 39 42 43 51 58 59 60 
active=32: 1 2 3 4 5 6 7 8 9 10 11 12 13 19 20 21 24 27 29 30 33 34 35 36 37 38 39 42 51 58 59 60 
active=31: 1 2 3 4 5 6 7 8 9 10 11 12 13 19 20 21 24 27 29 30 33 34 35 36 38 39 42 51 58 59 60 
active=30: 1 2 3 4 5 6 7 8 9 10 11 12 13 19 20 21 24 29 30 33 34 35 36 38 39 42 51 58 59 60 
active=29: 1 2 3 4 5 6 7 8 9 10 11 12 13 19 20 21 29 30 33 34 35 36 38 39 42 51 58 59 60 
active=28: 1 2 3 4 5 6 7 8 9 10 11 12 13 19 20 21 29 30 33 34 35 36 38 42 51 58 59 60 
active=27: 1 2 3 4 5 6 7 8 9 10 11 12 13 20 21 29 30 33 34 35 36 38 42 51 58 59 60 
active=26: 1 2 3 4 5 6 7 8 9 10 11 12 13 20 21 29 30 33 35 36 38 42 51 58 59 60 
active=25: 1 2 3 4 5 6 7 8 9 10 11 12 13 20 21 29 33 35 36 38 42 51 58 59 60 
active=24: 1 2 3 4 5 6 7 8 9 10 11 12 13 20 21 29 33 35 36 38 42 51 59 60 
active=23: 1 2 3 4 5 6 7 8 9 10 11 12 13 20 21 29 33 35 38 42 51 59 60 
active=22: 1 2 3 4 5 6 7 8 9 10 11 13 20 21 29 33 35 38 42 51 59 60 
active=21: 1 2 3 4 5 6 7 8 9 10 13 20 21 29 33 35 38 42 51 59 60 
active=20: 1 2 3 4 5 6 7 8 9 10 20 21 29 33 35 38 42 51 59 60 
active=19: 1 2 3 4 5 6 7 8 9 10 20 21 29 33 35 38 42 51 59 
active=18: 1 2 3 4 5 6 7 8 9 10 20 21 29 33 38 42 51 59 
active=17: 1 2 3 4 5 6 7 8 9 10 21 29 33 38 42 51 59 
active=16: 1 2 3 4 5 6 7 8 9 10 21 29 33 42 51 59 
active=15: 1 2 3 4 5 6 7 8 9 10 21 29 33 51 59 
active=14: 1 2 3 4 5 6 7 8 9 10 21 29 33 51 
active=13: 1 2 3 4 5 6 7 8 9 10 21 33 51 
active=12: 1 2 3 4 5 6 7 8 9 10 33 51 
active=11: 1 2 3 4 5 6 7 8 10 33 51 
active=10: 1 2 3 4 5 6 7 8 10 51 
active=9: 1 2 3 4 5 6 7 8 10 
active=8: 1 2 3 5 6 7 8 10 
active=7: 1 2 3 5 6 7 8 
active=6: 1 2 3 5 6 7 
active=5: 1 3 5 6 7 
active=4: 3 5 6 7 
active=3: 3 5 7 
active=2: 3 7 
active=1: 7 
