0.000000 0.500000 0.500000
1.000000 0.674800 0.676100
2.000000 0.694700 0.708000
3.000000 0.685300 0.709400
4.000000 0.690500 0.709500
5.000000 0.684100 0.704300
6.000000 0.712700 0.758800
7.000000 0.743500 0.767200
8.000000 0.747300 0.793800
9.000000 0.752100 0.801400
10.000000 0.754600 0.805700
11.000000 0.758400 0.813800
12.000000 0.773300 0.824300
13.000000 0.780600 0.834800
14.000000 0.775900 0.839100
15.000000 0.772300 0.845200
16.000000 0.769700 0.840000
17.000000 0.770500 0.845400
18.000000 0.775200 0.847300
19.000000 0.770800 0.848500
20.000000 0.755700 0.846500
21.000000 0.759000 0.858000
22.000000 0.767300 0.859300
23.000000 0.751900 0.867500
24.000000 0.749800 0.857400
25.000000 0.755300 0.867200
26.000000 0.755800 0.872500
27.000000 0.752900 0.876200
28.000000 0.754500 0.892700
29.000000 0.751200 0.888400
30.000000 0.749300 0.888400
31.000000 0.745600 0.893900
32.000000 0.742800 0.892000
33.000000 0.743900 0.889800
34.000000 0.737200 0.892600
35.000000 0.732700 0.899400
36.000000 0.737200 0.899800
37.000000 0.735400 0.901700
38.000000 0.733900 0.912500
39.000000 0.725600 0.910000
40.000000 0.732800 0.914800
41.000000 0.725200 0.916400
42.000000 0.721500 0.921500
43.000000 0.718000 0.923900
44.000000 0.715000 0.926700
45.000000 0.719400 0.928300
46.000000 0.721600 0.930500
47.000000 0.716600 0.933300
48.000000 0.706200 0.931600
49.000000 0.705000 0.930400
50.000000 0.703300 0.937500
51.000000 0.700300 0.933500
52.000000 0.684600 0.942600
53.000000 0.697700 0.938800
54.000000 0.679400 0.940400
55.000000 0.679000 0.940800
56.000000 0.682800 0.943100
57.000000 0.682100 0.945700
58.000000 0.677100 0.947500
59.000000 0.673200 0.947800
60.000000 0.670300 0.950000
