0.000000 0.500000
1.000000 0.674800
2.000000 0.694700
3.000000 0.685300
4.000000 0.690500
5.000000 0.684100
6.000000 0.712700
7.000000 0.743500
8.000000 0.747300
9.000000 0.752100
10.000000 0.754600
11.000000 0.758400
12.000000 0.773300
13.000000 0.780600
14.000000 0.775900
15.000000 0.772300
16.000000 0.769700
17.000000 0.770500
18.000000 0.775200
19.000000 0.770800
20.000000 0.755700
21.000000 0.759000
22.000000 0.767300
23.000000 0.751900
24.000000 0.749800
25.000000 0.755300
26.000000 0.755800
27.000000 0.752900
28.000000 0.754500
29.000000 0.751200
30.000000 0.749300
31.000000 0.745600
32.000000 0.742800
33.000000 0.743900
34.000000 0.737200
35.000000 0.732700
36.000000 0.737200
37.000000 0.735400
38.000000 0.733900
39.000000 0.725600
40.000000 0.732800
41.000000 0.725200
42.000000 0.721500
43.000000 0.718000
44.000000 0.715000
45.000000 0.719400
46.000000 0.721600
47.000000 0.716600
48.000000 0.706200
49.000000 0.705000
50.000000 0.703300
51.000000 0.700300
52.000000 0.684600
53.000000 0.697700
54.000000 0.679400
55.000000 0.679000
56.000000 0.682800
57.000000 0.682100
58.000000 0.677100
59.000000 0.673200
60.000000 0.670300
