N=50
P=60
R=2
1 -1.047802 -1.066849 1.194791 -0.382024 -0.617628 1.622261 -0.908583 0.595774 -0.257599 -1.528013 -1.292637 -1.615289 0.583050 0.264759 1.407092 -0.338390 -0.186081 -2.284837 -0.105170 -0.322183 1.108189 0.273299 1.051725 -1.541467 2.616473 0.396764 -0.427356 -1.169544 0.886092 0.028343 0.744906 0.073960 -0.287105 -2.373401 1.158184 -0.314713 -1.617417 -0.462618 0.640318 0.152772 0.820765 0.087913 0.676667 0.717787 -0.534934 0.542556 -0.942625 0.810527 -0.225816 1.935307 -1.461046 -0.020830 0.441871 0.856015 0.856924 -0.892554 -0.197135 -2.162434 0.289353 0.026826 17.105091 1.000000
2 1.513419 0.746301 -1.123071 -0.566438 1.149951 -1.417194 -0.675200 0.190421 -0.890137 -0.418851 1.261196 -0.317486 0.348179 -0.556608 0.233787 -1.540618 0.360916 0.291275 0.541176 -0.777660 1.716621 -0.571195 -0.005816 0.105734 0.592061 -2.154565 -0.857994 -1.100326 0.146914 0.676694 -0.385051 1.655639 0.031306 0.309271 1.404928 -0.549159 0.621756 -0.138374 -0.852768 -0.327522 -0.831949 -0.371338 -0.279513 -0.568445 0.653354 0.846808 1.415883 -0.591957 0.665289 -0.323249 -0.246368 1.073446 0.864699 0.872325 -0.356847 -1.202961 -2.689609 -2.050609 -0.733029 -1.202609 0.055893 1.000000
3 0.352144 0.531682 -1.583532 0.668704 -0.241476 0.213329 -0.384029 -0.220840 0.110402 0.063654 0.765000 0.682706 -1.185717 1.635628 0.943833 -1.313571 1.904637 -0.782890 -0.063502 -1.485367 0.370972 0.211390 0.946745 -0.766208 -1.083752 -0.115733 1.621934 0.309250 0.801152 1.348611 -0.181819 1.142156 0.073951 0.055946 0.451207 -0.107494 0.672503 -1.299583 0.363264 -0.447249 1.195813 0.518550 -0.940603 -1.495422 -0.885408 0.960610 -0.213738 -0.302354 -1.367955 2.076522 -0.082184 0.366116 -0.132882 -0.036166 0.174729 -0.635275 0.120060 -0.364337 0.861246 -1.144970 0.082964 1.000000
4 0.377425 -0.844912 -0.062086 -0.088687 0.006554 2.057251 -0.413215 0.489489 -0.660735 -1.803511 -3.344378 -0.139746 1.462739 -0.768715 -0.514064 0.442963 -0.010750 0.629080 0.824426 0.945359 -0.553801 0.484779 -0.075143 0.710501 1.529997 1.091417 -0.667751 -0.061467 0.964347 0.504813 2.728643 -0.723655 -0.620050 0.117455 1.211831 0.980826 0.364611 0.683997 0.531105 -0.264224 -1.200449 1.994206 -0.363612 1.806764 1.321916 -1.007626 1.107500 0.241353 -1.090184 -1.315982 0.841790 -0.138113 0.741895 -2.257751 0.560342 0.561000 -0.295327 0.248699 -1.851223 1.428189 1.942274 1.000000
5 -0.036571 -2.314856 -2.916426 0.833703 -1.752059 -0.657436 1.270675 0.837429 -2.095101 -0.530206 0.250709 -0.231262 -1.323342 -0.935084 0.366095 0.188543 1.019711 -0.471221 -0.168841 0.255603 0.188780 0.700800 1.632436 -0.964800 -0.137024 -0.036872 -0.523831 0.795986 0.384689 1.410835 1.254880 0.128611 -1.251235 -1.809064 -1.798213 -0.852209 -0.476404 -0.114208 -0.581152 0.384536 0.639525 0.555050 0.497382 0.850902 2.651150 1.330275 0.191550 -1.186267 0.727493 1.367910 -2.409504 0.280420 0.118258 0.230955 -0.868117 0.332515 0.151809 0.224987 1.536317 1.105717 6.128668 1.000000
6 1.310285 0.322108 0.945609 1.065582 0.490813 -0.738932 0.758322 0.064157 0.921591 -0.355333 0.273014 -0.680439 -0.323498 -1.776719 -1.026814 -1.711805 0.609344 0.939772 -0.718022 1.927180 -0.229368 1.365611 -0.580999 -0.240379 1.431586 -1.214236 -0.815135 0.145252 -0.325707 0.212226 1.071732 0.028254 -1.109266 -1.448895 -0.258225 1.238560 -0.327188 -0.198980 -0.052205 1.892668 -0.065502 -1.297553 -0.202733 -1.753065 -0.185851 0.433285 0.734872 0.176969 0.161146 0.175680 0.147024 -1.058319 0.186995 0.046698 -0.912478 1.238383 -1.654371 0.788137 1.416864 -1.149238 0.810076 1.000000
7 -0.595045 0.466771 -0.941811 0.963865 -0.054063 0.669700 1.867209 -0.865224 -0.548907 -2.140464 -2.217687 0.108772 -0.762989 -2.076060 0.520033 -1.308260 -1.517993 0.661365 -0.077311 2.045669 1.350505 0.081587 -0.500553 -0.703317 0.597562 -1.049867 0.896717 -0.965892 0.201566 -0.737005 -0.225153 -0.128397 1.661087 -1.315501 -1.941010 -1.005152 -0.802654 -1.286110 0.793207 -1.753819 0.682850 0.628555 -0.137884 -0.476343 -2.020598 -0.690695 -0.491451 0.199099 -1.702108 1.451508 -1.086846 -0.502990 -1.897894 -0.343870 -1.130197 0.922603 0.459974 -0.875369 -0.625758 0.434146 1.892851 1.000000
8 0.310826 1.735158 0.329302 -1.179681 -0.286077 0.668582 0.734800 -0.859051 -0.659668 0.295099 -0.337736 -0.430551 0.326461 0.133307 0.824785 -0.928009 -1.686161 -0.568134 -1.319096 0.485385 -0.472418 0.707669 -0.332536 -0.379026 -1.478898 -0.430984 2.701744 1.545242 1.553250 -0.597812 0.677960 0.048417 0.902510 -1.206740 2.441934 0.954375 0.454578 0.849524 -0.147750 0.449264 -1.803919 -1.813483 1.695028 -0.103505 1.385072 0.689370 0.167204 0.883696 0.153007 1.175952 0.119974 -0.086297 -1.919284 0.799046 0.872334 0.582636 0.949616 0.227563 1.050218 -0.388548 1.403793 1.000000
9 -1.414637 -2.471977 0.598122 0.055398 -0.470418 1.479315 1.117559 0.873043 0.476318 -0.130679 -0.720469 0.723733 -0.064644 0.382459 -0.150269 1.388282 -0.137344 1.039481 -0.693790 -0.076127 -0.877565 0.535023 -0.912232 0.595896 0.534021 -0.070272 -1.365628 -0.138634 1.243150 -1.354783 0.009825 0.805682 1.225695 0.355468 -0.519651 1.138052 0.373980 -0.414971 0.196881 0.255635 1.400830 0.417773 0.466957 0.928631 0.096276 0.067198 -1.848810 0.842368 -0.701632 0.940006 1.622325 -0.727733 -1.748901 1.312071 -0.993628 -1.444466 0.177897 -1.153696 -0.675364 1.508523 363.679410 1.000000
10 0.238721 -0.630778 -0.459791 -1.474665 -1.226667 1.315405 -0.092586 -0.089746 1.686506 1.633608 1.933332 -1.798432 0.793366 0.319835 0.456159 0.745106 0.545201 1.298952 -0.441296 -0.498702 -0.522049 1.038811 0.870997 -1.618323 0.619815 -0.196603 -0.254551 -0.989120 1.346292 -0.155828 -0.229921 0.700630 -0.452532 -0.729984 -0.053600 0.659409 -1.253662 1.998873 -0.366646 -1.444560 0.280058 0.308418 0.392531 0.959954 -0.589193 -0.205117 0.730265 2.790573 0.911934 0.540687 -0.661427 -0.502825 0.311016 0.255371 0.450783 1.308969 -0.673542 -1.470958 -0.354394 1.221185 650.665947 1.000000
11 0.639813 0.641390 0.172306 -0.215674 0.775068 -0.419129 0.445850 0.088326 -0.430416 0.443309 0.939126 1.525776 -0.090236 0.926521 0.471630 0.382166 0.309118 -0.878662 -0.980825 0.298829 1.202894 -0.690324 0.722350 -0.641193 0.993923 -1.188082 1.098744 0.192651 1.919138 0.830980 -1.483892 -1.342992 0.704768 0.740346 1.442853 -1.335902 -0.051459 -0.073213 -0.942021 1.143854 -0.308220 0.610871 -0.155682 0.179227 0.543949 -0.816388 -0.541403 -1.051259 -1.328086 0.418631 -0.090612 1.352971 -0.344388 -0.520334 -0.371114 0.989963 -1.305662 0.065829 0.813580 -0.510803 3.781631 1.000000
12 1.809163 -0.736300 -0.298190 -0.643144 -0.541202 -1.042457 -1.120623 1.273316 0.382902 0.917308 1.642880 -0.120676 -1.830242 0.614976 -1.018742 0.665418 -1.354452 -0.924673 -0.418438 0.213190 -0.908473 2.052282 -0.775505 -0.704682 1.085975 -0.375090 -0.877912 -1.457700 -1.341439 -1.356236 1.524739 1.081228 -0.535995 -0.685763 0.569140 -1.194183 -1.321464 0.957527 0.229747 -1.131092 -0.294685 -0.870269 0.558880 -0.505141 0.187960 0.654875 0.257144 -0.083741 1.199942 -0.816491 0.145730 0.601926 -0.095214 0.205444 0.528252 -2.592911 -0.227886 1.126369 -0.884716 -0.860488 3.471580 1.000000
13 -0.390545 -0.092533 1.292968 1.658368 -0.489223 -0.048624 1.483852 -0.090169 0.681768 0.005478 0.787701 -1.507109 -1.127725 -0.451374 1.632614 -0.113666 -1.283702 1.528975 -1.011527 -0.259645 0.841868 0.852860 -0.503957 1.192006 -0.436424 0.345020 0.898792 -0.872055 -0.940604 0.562363 1.199245 0.022106 -1.843631 -0.973638 -0.514734 0.180433 -1.260289 -0.295760 -0.715625 -0.929262 -0.406210 -1.776674 -0.622509 -0.311100 -1.184369 -0.657996 -0.480969 -1.152568 -0.452604 0.628366 0.734257 -1.047786 0.371241 2.281432 -0.578711 -1.196942 0.290385 0.370606 -0.058791 -0.121229 2.311894 1.000000
14 -0.928699 1.731923 0.484638 0.706307 -0.057024 0.023042 -1.766781 0.029989 0.888821 -1.258116 0.716181 1.008410 0.414325 0.682129 0.355913 -0.026483 -1.225164 -0.032315 -0.641454 1.464051 -0.318197 -1.221377 1.327037 1.160496 -0.135691 0.303674 -0.105651 1.656983 -1.527141 -1.830085 0.803101 0.668982 -0.541070 -1.756342 0.482820 0.519599 0.524754 -1.148408 -2.940651 0.003884 -1.568219 -0.140233 0.744094 -0.438144 2.177305 1.057881 0.371782 0.381812 -0.265494 -0.121524 0.925076 -0.675120 -0.299861 0.761403 0.137924 -1.142204 0.331923 0.879218 0.477336 -0.105156 0.504650 1.000000
15 0.341872 0.311624 -0.264149 -1.122312 -0.115694 0.992123 0.027583 0.560626 -0.239583 -1.302121 1.061224 -0.703773 0.925085 1.757012 0.890072 0.185528 1.551385 0.144696 -0.183310 1.293931 -0.721743 -0.173913 0.605553 -0.113766 0.575635 -0.558136 0.391860 -0.695621 -0.113384 -1.158666 1.390980 -0.197125 -0.239885 0.267123 -1.234490 -1.186276 -0.024272 -0.300050 -0.277474 0.351335 -0.541984 -1.397301 -0.970514 -0.321210 -0.028322 2.502157 0.928321 -1.186801 2.555751 -1.317227 -1.839109 -0.912355 0.193333 -1.024503 2.151089 0.654891 -0.676169 1.012405 -1.263660 0.460607 5.521901 1.000000
16 0.114262 -0.468629 0.022160 1.330551 -0.423952 0.468547 0.693131 0.088637 -0.187141 -1.167908 -0.233236 -1.124863 -0.679552 -0.614632 0.953830 0.199110 -0.620527 -1.599036 -0.930920 -0.735556 0.147304 0.807265 -0.836229 -0.081988 1.942178 -0.123278 0.362841 -0.187154 0.591552 -0.135472 -0.167312 0.557703 -0.013869 0.454429 0.363198 1.004507 0.441239 1.822014 -1.290251 0.148370 -3.009924 0.157782 1.626769 0.514148 0.652147 -0.004265 0.646529 0.414805 0.161344 -0.502758 -0.129140 0.569265 -1.073341 0.038286 0.908758 -0.863995 -0.300853 0.910369 0.143076 0.134410 0.498050 1.000000
17 -1.011933 -0.377071 -0.011258 -0.480558 -0.208910 0.641061 -1.731390 -0.318862 2.225021 1.979641 0.232608 -0.386911 0.829759 0.399507 -0.261793 -1.766501 0.576658 -0.082047 0.155783 -1.642936 -0.175860 0.256854 0.244954 0.152699 2.368852 -0.662622 1.472497 -0.170122 -1.350146 0.500055 0.061614 0.785713 0.014022 0.669885 -0.856997 -1.798830 -0.334096 0.684669 -0.310778 -0.186817 0.025832 0.419074 0.769701 0.040922 -0.704104 2.094407 -0.022141 0.191457 0.185146 -0.283985 0.219276 1.874222 0.047668 -0.440547 2.232288 0.338951 1.942711 0.055688 0.109058 0.181856 31.415656 1.000000
18 0.846091 1.514571 -0.258934 -0.427839 1.965065 0.735507 -0.199350 -1.120439 2.055947 1.210522 0.991010 2.120988 0.226034 0.144000 -0.662236 -1.164809 1.060778 0.063246 0.614794 0.150960 2.421978 -1.170927 1.042356 0.622415 -0.929860 -0.437966 0.877816 0.764296 -1.564672 -0.799949 -1.004065 -0.941312 0.432922 -0.724044 -1.512698 1.210808 1.276211 0.071772 0.342286 0.622440 0.757316 1.790076 1.387546 -2.048032 -1.152438 0.684067 0.644037 -1.753708 0.506227 0.490528 -0.365582 1.155551 1.473340 0.805025 -2.899945 1.198888 0.048225 0.134320 0.687253 -1.028630 4.389681 1.000000
19 0.670838 -0.496227 -0.740411 -1.473761 2.128041 -0.762322 1.084563 -0.998866 1.132932 -0.698338 -0.085386 1.316537 -1.120104 -1.002520 0.672209 1.419872 -0.286872 -0.608976 -1.173079 0.614534 -0.781238 0.121795 0.399272 0.909335 0.746130 1.615479 -0.843928 0.701890 0.464214 1.471432 -1.071973 -0.855563 0.267581 0.397533 0.522833 -0.982707 0.595630 1.456503 -0.403221 -1.768852 1.505602 -1.046101 0.945288 -1.458215 -1.037672 -1.953564 0.299871 1.661906 -0.851376 -0.782602 0.773429 -0.824648 0.562498 1.050616 0.241647 -1.318583 0.061107 -0.048489 -0.288378 -0.301729 0.858786 1.000000
20 0.078045 -1.318894 -0.027451 0.528939 -0.633008 1.024437 -2.114633 0.918122 0.195508 -1.343701 -1.881516 0.936185 0.335064 -0.738345 0.764191 0.647529 0.006693 1.297715 0.083326 -0.551304 -0.816964 0.159666 1.171487 0.769573 -2.043313 0.278384 -0.051012 0.446004 0.855339 0.443673 0.464034 -0.250943 0.491859 0.129575 -0.268798 0.669989 -1.031744 0.105001 -1.545145 1.098866 1.665268 1.161902 0.054044 -0.457068 1.969426 -1.050830 -0.978529 -2.291795 1.031540 -0.130953 -0.775397 -0.905195 1.820659 -1.627050 -1.227602 -1.302404 -1.696687 -0.542272 0.801970 -1.175468 0.833280 1.000000
21 1.244104 -0.275672 0.538618 -0.883619 0.808148 -0.987955 -2.252770 0.569752 -0.188449 1.560706 0.945888 0.468288 0.258704 0.578868 -0.544575 1.030060 1.855411 0.231509 -1.554348 0.264800 -0.619502 0.314160 0.543458 -0.845642 0.769523 0.423591 -0.482414 1.090727 -0.682199 1.848330 0.541096 0.286926 1.061816 0.025741 -0.173880 0.329962 -0.254439 0.638369 -0.320577 0.022200 0.336654 1.074210 -0.873653 -0.961446 1.166501 -0.134961 -0.883150 1.491795 -0.750388 -1.182298 -0.289486 -0.989761 -0.461033 -1.391456 1.222322 -0.173330 -0.539083 -0.422281 -1.085435 -1.227998 0.155975 1.000000
22 -0.361708 0.989191 -0.938461 -0.455242 -2.347820 -0.129851 0.537475 0.294132 0.652974 0.810685 -1.531454 -1.159923 0.308445 0.365837 0.644073 -1.861349 0.825701 -1.148665 -0.414708 0.619369 -0.248252 -0.472787 -0.936185 1.399771 -0.747769 0.345702 0.804459 0.573028 1.425102 -0.404313 -2.721962 -0.662151 -0.001597 0.022211 0.720032 -0.268364 -0.506194 -0.248176 -1.555956 -1.820398 -0.348257 1.873643 0.287509 1.175806 -3.184980 -0.115268 0.782160 -0.303023 -0.110840 1.038100 0.924628 1.072526 -0.820008 -0.185786 0.608705 -0.734431 0.523279 -0.384347 2.149507 0.926514 210.212404 1.000000
23 -0.763907 0.857596 1.341595 0.106068 1.308262 -0.170317 0.103874 -1.930371 0.316912 1.395052 0.090013 -0.963740 -1.001305 -0.778032 -2.270422 -0.020525 0.540170 0.180505 -0.145101 1.868178 -1.156896 -2.270198 -1.740960 0.278050 1.993233 -0.665896 0.514155 -0.643108 -1.291547 0.792816 0.107487 0.004528 0.281850 0.994553 -1.194211 0.358944 -0.029547 1.420015 0.781380 0.487232 0.611847 -0.138963 -3.009719 1.429604 0.079664 1.274418 0.404833 -0.845521 -1.094188 1.094103 1.447743 -0.370609 0.555995 -0.758940 -1.304160 -0.635350 -0.222951 0.246433 0.055668 0.109288 1.879905 1.000000
24 -0.610606 -0.169582 0.161687 0.710782 1.144969 0.050650 0.470187 -1.152751 0.570568 0.705261 0.705066 1.136385 0.003524 -0.091967 1.860338 1.137638 -0.159529 -0.019141 0.792397 0.356821 -1.725823 -1.020714 0.540663 -0.453885 1.245707 -1.066424 -0.801673 -0.680740 -0.711187 0.553883 -0.546622 1.115754 -0.364146 0.158986 -0.677027 1.641797 0.771839 0.376118 -1.230636 -1.265338 -1.419272 0.446600 0.034391 0.467588 -0.584393 -0.269664 -1.069924 1.313576 -0.953636 1.482658 1.236175 0.934349 -1.202034 0.078214 0.987602 -1.100328 -0.234830 -0.386237 0.269072 -1.495909 6.737339 1.000000
25 -1.045594 -0.284316 -0.807509 -1.090129 -0.168320 -0.479650 0.427248 -0.544951 -0.195849 0.035721 2.384732 1.992225 -1.251692 -1.929905 -0.496269 -0.227317 -0.481265 -0.021285 -0.139096 -0.996321 -0.190132 0.251500 0.553066 0.906623 0.784633 -0.341719 -0.597518 -0.362295 1.080260 -0.546060 1.278849 -1.039831 -2.199728 0.467077 0.453605 -2.107141 0.511997 0.951311 0.851649 0.001115 -1.475965 -0.209464 -1.142269 0.699865 -1.919456 -0.615035 1.938714 -0.324645 0.254088 1.151966 -0.316254 0.604853 0.030015 -0.987636 -0.682041 1.430758 0.452452 -1.886919 0.467618 -0.588751 0.079155 1.000000
26 2.516044 -1.169942 -0.641201 -0.203489 -0.485861 0.560070 1.352005 -0.159528 0.072457 -1.355684 -1.702588 -0.119449 -1.705359 -0.486884 -1.144366 -0.734513 -0.814810 -0.375480 1.204146 1.001328 0.378425 2.140910 -1.147339 -0.976173 -0.060745 0.717965 -0.078739 -0.918567 -0.513207 -0.007879 0.299243 0.689281 -1.279115 -0.724439 0.228289 -1.082426 1.260950 1.691254 0.104186 -2.790801 -0.506830 -0.592918 -0.078513 1.318232 -0.189303 -1.426617 0.062019 1.350910 -0.896262 1.050505 0.570542 0.069340 -0.372535 0.034857 0.587126 0.754452 -0.182439 -0.598473 -1.255550 -1.972072 6.734081 1.000000
27 -0.601248 0.402273 0.779186 -0.186960 1.404227 -0.189177 -1.293821 -0.547779 -1.463124 -0.779861 -2.215511 -0.495213 -2.564042 0.445683 0.897914 0.373846 -1.556782 0.198486 0.387113 -0.611439 -1.356359 0.908759 -0.024901 1.672761 0.772098 0.749983 0.489131 -0.962099 1.462581 -2.267918 1.373034 -1.126678 0.596148 1.996409 0.973229 -0.504234 0.371431 -0.808198 0.706956 0.620427 -1.035431 0.428512 0.827616 0.114896 0.502084 -0.957736 -1.765494 -0.248824 -0.538045 -0.063223 -0.297249 -0.917044 -0.224678 0.584419 1.066728 -0.085290 0.477679 -0.407538 0.112817 1.071787 0.032848 1.000000
28 0.268469 -1.988444 -0.442138 -0.137112 -1.755099 1.435578 -1.324576 1.052057 0.746739 0.224178 1.392322 -1.331992 -0.708370 1.532564 1.370093 -0.411134 2.660682 1.882389 0.760329 0.291207 0.465669 -0.157123 0.104332 -0.584203 0.446887 -1.203318 -3.242415 -0.769042 -0.182709 -0.240162 0.803778 -0.501074 -0.725104 -1.520278 1.672749 -0.584218 2.860089 0.628625 -0.772628 -0.287390 0.181393 0.683154 -1.361578 -1.790248 -2.127657 -0.318823 -1.841405 -1.539503 -1.545656 -1.718572 -1.530084 -0.047443 0.213521 0.521275 0.028999 -0.296332 1.168652 0.891179 0.164313 0.250282 10.512335 1.000000
29 -0.419067 -0.642052 -0.174085 0.727199 0.587329 0.301383 0.311053 1.185372 -1.245765 -0.207348 -0.991602 -0.382461 0.769634 -0.449507 0.917307 -0.269411 -1.938240 -1.185629 -1.559800 -0.896233 -1.517901 -0.571284 -0.823933 0.096171 1.172243 -0.231997 1.006523 -0.190672 0.248825 -0.474334 0.896217 0.646902 0.713759 -0.460291 0.067953 -1.624398 0.339254 -0.452767 -0.342422 -0.101643 -0.347479 -0.338907 2.094183 0.556688 0.478833 -0.328699 0.906850 -1.967401 -1.084970 -0.656335 1.425061 -0.578744 -0.589182 0.058563 -0.416544 -0.813113 0.189791 0.908394 -0.222683 0.644849 7.710284 1.000000
30 -0.794938 0.054068 0.151623 -0.377253 -0.126653 -0.830275 0.100099 -1.081115 -0.072091 -1.544827 1.320517 0.653680 0.262852 -1.494413 1.148191 -0.623780 0.471160 -0.027999 -0.658411 -0.071083 0.675294 0.026657 -0.471434 -0.510437 1.247146 0.443607 -0.999469 0.574949 2.204144 -0.594909 -0.165100 -0.283870 -2.155751 1.556705 -0.577915 0.781336 0.373979 -0.599157 -0.385067 0.962085 -1.933979 1.922939 2.790820 -1.360248 -0.435186 -0.358814 0.001190 -0.244303 0.873167 -1.872641 -0.476416 -0.735722 -1.022830 2.475587 2.072851 -0.370799 1.149011 1.225658 -1.238060 0.137652 0.046379 1.000000
31 1.393406 -0.483422 1.624519 -0.180824 1.562661 0.163805 0.653306 0.577962 -1.057720 0.031895 -1.444411 0.002542 -0.739753 -1.957923 0.291566 -1.868540 -0.966848 -0.095951 1.197600 1.317281 1.476484 -1.200719 0.455198 1.198772 -0.152096 -0.442976 1.630913 -0.519888 0.251507 -1.451333 -1.366275 -0.959293 0.852475 -2.497276 -0.812440 -0.169053 1.464301 0.831428 -0.960370 0.004408 -0.674554 0.178812 0.959918 -1.028766 1.198436 -0.915177 0.723427 1.605597 1.113580 -0.648361 0.567182 -0.231768 -0.003045 2.299982 -0.293143 1.278976 -1.296052 -0.716204 -2.364578 -0.159263 0.417456 1.000000
32 0.052790 -0.481181 -1.923288 0.420669 -1.769127 -0.947251 0.402135 1.297135 -1.784289 -0.111334 1.036240 0.467601 0.474036 -0.120236 1.159303 0.354940 0.252980 0.754712 -0.037360 1.803757 1.665972 -0.448024 -0.129404 -1.090562 1.191284 -0.133923 0.761485 0.670622 -0.744849 0.394045 -0.641603 -0.264179 -0.486426 0.281133 2.153484 -2.595171 0.336505 1.005352 0.732991 -1.360577 0.515475 -1.198531 0.556004 -0.419912 0.328549 1.534046 0.260349 -0.748198 0.998349 -0.214496 1.454140 1.388601 -1.027530 0.314019 1.353448 -1.093797 0.350902 -1.319185 -0.028541 -0.855610 19.631812 1.000000
33 -0.658074 0.251051 -0.529410 0.867280 -1.143369 -1.231065 -1.586470 -0.571071 -0.952044 -0.455501 -0.377038 -1.024912 0.298142 0.228621 -0.007439 2.769950 1.254160 -1.056406 0.601365 -0.504908 -0.190488 1.970174 -0.653396 0.904631 0.192196 -0.839719 -1.904867 0.140134 -0.445884 -0.413091 1.288320 3.263886 -0.206202 0.241235 0.714584 -1.402648 0.341793 0.409193 -1.006185 0.302823 -0.081457 1.340920 -1.453731 -0.633493 -0.004117 -0.025332 -0.405139 -0.730402 0.916838 -0.723452 -1.309319 0.952623 -0.148622 0.465708 0.097185 -0.157911 0.888597 0.688451 0.160766 0.334418 0.491322 1.000000
34 0.464880 -1.450277 1.534824 -0.356460 0.402860 0.899082 -1.013870 -1.003229 1.460430 -1.004388 -0.139654 -1.152093 0.163257 -1.020321 0.387133 -1.658454 0.486277 -1.158759 0.800830 0.675777 1.196483 -0.792735 -0.060744 -1.027076 0.863241 -0.107034 -2.376654 0.472222 0.033834 -0.993770 1.331905 -1.583108 -0.212883 0.074294 1.011147 0.778643 1.617947 0.400489 1.858017 -0.548350 1.033165 0.652616 0.567089 -1.034645 -0.168072 -0.627302 0.263211 0.916844 -0.822240 -0.167905 -2.941141 0.293386 0.410486 0.459571 1.033961 -0.166763 1.725433 0.011561 -0.108894 0.057431 0.793915 1.000000
35 0.359402 -0.065321 1.676277 -1.055331 0.181832 -1.215716 0.077896 -2.598908 0.864620 0.841749 -0.722391 1.883765 -0.584949 0.774746 -0.289422 -0.753002 0.371862 -0.021447 -0.452396 0.352244 0.217715 0.013185 0.660935 -1.572073 -0.087838 0.760183 0.867904 0.208037 0.658279 -0.880718 -0.816758 -0.399410 0.328497 -0.690001 -2.176454 -0.874694 -0.515169 -0.934698 -1.273371 -0.059100 -0.117987 -0.532469 0.086874 -0.185927 -0.305181 -1.152419 -1.508195 -0.374800 -0.491820 -1.051751 0.167874 -0.240629 1.106165 1.044092 0.353313 -1.071363 -0.644703 -0.389424 -1.294311 0.852755 0.638831 1.000000
36 -0.767740 0.488712 1.487958 0.489630 -1.107361 0.814546 -0.166623 1.013853 -1.481388 -0.454923 0.158392 0.311627 -0.081789 -0.002481 1.130926 1.115035 1.580880 2.298805 -1.155385 -0.524248 0.595705 1.646447 1.258584 -0.163627 -1.987442 -1.367345 -1.085293 1.155632 -0.800599 0.029524 -1.093871 -0.753002 1.139364 0.142338 -0.550792 -1.328136 -0.413270 -1.295378 -0.819403 -1.757385 -1.186860 -1.572624 1.076191 0.062009 0.194860 -1.076283 0.198271 -0.528259 -1.547264 0.412902 0.525676 2.267381 1.609870 1.387781 -0.559420 -0.305617 -0.025871 -0.747160 -1.656822 0.893725 0.347772 1.000000
37 -0.971760 -1.572537 -0.219308 -1.433598 -0.383541 0.145462 -0.704118 -0.870071 -1.034717 0.087853 0.442985 0.785991 0.126285 -0.368091 0.008581 -0.196569 0.098065 0.420647 0.302612 -1.356123 -0.976953 -1.040693 -2.055364 0.164035 0.864955 -0.679948 0.334804 0.215285 0.189923 0.037899 0.733727 0.679998 -0.349911 -1.044122 -0.503444 -0.220436 1.286952 -0.680644 0.267674 0.232285 0.657374 0.409950 1.030242 -0.431551 -0.775096 -0.322647 0.311320 -0.054775 1.291609 -1.249030 0.375824 0.771105 -0.604511 -0.980795 -0.407407 0.828757 0.057140 2.438929 0.297596 -1.788341 5.633858 1.000000
38 -1.694002 -0.533369 1.359963 0.096049 -0.440348 0.298269 -1.471953 0.111410 -0.072692 -1.503443 0.154302 0.024320 -0.020003 1.102057 1.658297 -2.427750 1.210415 -0.232700 1.199214 0.833758 1.488148 -0.485977 -1.492081 -0.306337 -0.328844 1.715724 0.651393 -1.424436 -0.019152 -0.541093 0.127501 -1.023922 0.539476 -0.308630 1.340296 -1.520135 -0.304856 0.020923 0.404733 0.400521 0.152421 -1.989892 -1.087371 0.650667 -0.588988 0.367595 1.014898 0.507187 0.983250 -0.335171 -0.221981 1.016958 -0.132062 0.423773 -1.153083 -0.222337 0.867760 -2.802972 -1.468553 -1.249531 2.789026 1.000000
39 -0.999004 -1.583493 0.461160 0.865879 1.321306 0.904154 -0.510951 -0.143750 0.682530 0.960016 -0.518973 -0.828549 -0.518364 0.264493 -0.411094 -1.425001 -1.231769 -1.130704 0.512930 1.206717 0.038067 -0.117382 -0.034167 -2.032142 -0.164615 0.044185 0.859480 0.723788 -0.749584 -0.278800 -0.698977 -0.033371 0.389343 0.879359 -0.199076 0.601572 -0.548754 0.163896 -0.628331 -0.436919 2.849567 0.732522 0.194487 -0.410696 0.417147 -0.152401 -0.146277 -0.034716 0.937253 -1.218122 -0.252365 0.918587 -1.765551 0.016234 0.503867 -1.249770 -0.899055 -1.208396 -0.249632 0.769439 21.953743 1.000000
40 -1.173832 -0.465784 1.813456 -1.697232 0.877294 1.236370 -0.368741 2.629926 0.199083 0.481599 -0.273467 -1.255197 0.588219 -2.330406 1.653054 0.867689 1.730940 0.227791 -0.480328 -1.313594 -1.411027 0.827176 -0.513654 -0.587766 -1.378499 -2.195632 -1.104033 -0.301526 1.077964 -0.528139 0.692451 -0.011137 1.037842 1.679700 0.261964 -0.945006 0.051133 -0.419449 -1.429084 0.106655 -0.062381 1.228409 -0.387769 0.987041 0.477239 1.184112 -0.296189 -0.240698 0.805783 -2.664428 0.518179 1.041796 -0.633014 -0.384235 -1.831439 -0.140133 0.707073 -0.148754 0.811972 0.111318 1.658376 1.000000
41 1.911068 1.118205 -0.870666 0.295526 -0.611173 -0.266803 0.676514 -1.563924 1.070102 -1.321763 0.620742 -0.794284 0.937213 0.885910 -1.268724 0.963298 -1.037860 -0.060842 -0.183140 -1.448288 1.125688 -1.160318 -0.376130 -0.425524 -0.141002 0.737695 -1.010190 0.543011 0.798120 0.050656 2.232583 -0.377170 0.583229 -1.154293 -0.356133 -0.659257 0.591517 0.218501 0.581684 0.773464 0.073062 -0.112477 -0.586882 -0.404947 -0.570888 0.241357 0.384599 -2.786114 0.598411 0.447350 -1.451083 0.615517 -0.077012 0.296344 1.477253 0.399564 -0.237915 1.844917 0.479088 -0.058624 0.925428 1.000000
42 -0.203978 -0.737118 0.412654 -1.413049 -1.278441 0.206180 -1.094661 -1.229639 -0.799416 -0.632777 0.512483 0.490396 -0.860884 2.457114 -1.267475 -0.301871 0.167414 -2.201657 1.493439 -1.563981 -1.309112 -1.711632 -0.531223 -0.562886 -0.282118 -0.060792 -0.155305 1.051385 0.066217 -0.349265 -0.365304 0.240865 -1.376826 -1.132636 -1.384935 -0.201099 0.034364 -0.325672 0.290064 1.137576 0.901248 0.776423 0.648646 0.947364 -0.811765 -0.085058 0.340493 0.208245 0.787507 -0.793876 0.669741 0.740193 1.036465 -0.042238 -0.988390 -0.107641 -0.591336 1.871441 -0.710825 -0.087423 0.485357 1.000000
43 0.283822 0.628816 -1.495717 1.006058 0.138116 -1.243136 0.694477 1.350592 0.448145 -0.743656 0.254344 0.399700 -0.309773 -0.428966 -1.197752 -1.892778 0.306772 0.294128 -0.560365 -1.018548 0.203071 -0.297153 0.407933 -0.676298 0.272727 -0.191057 0.698407 2.143839 -0.257472 0.158445 -1.026382 -0.372909 0.119214 -1.638028 0.465873 0.665234 -0.412600 -0.118427 -0.974301 0.302079 0.587894 -0.220309 -0.857598 -1.505905 0.234387 -0.666461 -1.950638 1.243664 -0.008252 0.306341 0.223386 -0.815551 -1.115576 0.238325 -1.485836 -1.869396 1.214191 -0.449394 0.295000 0.494568 4.321179 1.000000
44 -0.219816 -1.511787 0.170279 1.978819 0.108896 -1.558016 0.840952 -0.040191 1.104660 0.420735 0.847083 -0.058993 0.182661 -1.461421 0.941114 0.251139 0.187609 -0.819641 0.242712 -0.239686 0.465616 1.662111 0.186517 0.545074 -3.259051 0.934520 -1.774823 -1.113443 1.769370 0.139297 0.557805 1.000039 0.834851 -1.281894 -0.211230 0.446922 0.189564 0.673781 0.009871 -0.251259 -0.308069 -1.172747 -0.685465 -0.664167 -0.344860 0.037724 -0.596175 -0.174102 0.351243 -0.311318 1.240131 -0.779990 1.058883 2.222416 -0.261956 0.244126 -1.547977 1.229172 -0.454505 -0.578295 0.170768 1.000000
45 1.110719 0.609282 0.294365 0.760990 -0.660929 0.380598 1.173501 0.360019 0.177564 0.353645 1.067191 0.559344 0.006606 -2.732108 0.573567 -1.268381 0.990301 -0.340531 0.075383 0.556539 0.941199 -0.110975 -1.344839 -1.254276 -0.002165 -0.202004 0.522398 -0.605312 -1.107911 1.235902 0.235068 -1.068012 0.357702 -0.412299 0.056460 1.943792 0.747933 0.778990 1.788823 0.170354 1.344817 0.296285 0.522100 -0.911828 1.749465 -0.715717 0.505050 -0.122076 -0.921541 0.443430 0.299580 0.092093 0.072403 -0.910351 -0.097423 0.259361 -1.039170 -0.192106 -0.518631 0.472941 1.779158 1.000000
46 0.100872 -1.110987 0.507952 1.114654 0.270889 0.923784 0.496645 -1.103195 -0.479464 -1.502480 -1.876477 0.278213 0.233689 -0.904297 -1.461557 -1.468956 -1.789244 -1.971723 -1.095885 0.510590 0.444885 0.129878 1.629256 -0.165688 -1.237624 0.873180 2.058231 -0.152199 0.784078 -0.139296 0.042513 0.622747 1.052264 -0.802022 -0.358612 1.833834 1.630531 -0.465145 0.066780 0.482462 -0.210722 0.149985 1.003060 -0.257290 -0.406918 0.953856 0.886852 -0.616456 0.117570 1.149518 1.037586 -0.788780 0.062173 -1.716878 1.215311 0.521105 1.702307 -1.592708 2.126576 1.085507 0.885589 1.000000
47 -1.019069 0.291703 -0.466611 -1.185883 -0.937647 0.434856 -1.747107 -1.226251 -0.037429 -0.543117 0.605505 0.070885 0.074599 1.984070 2.083696 0.281093 0.456307 2.565972 0.180269 1.789186 1.516105 -1.380929 -2.789807 0.490527 -0.496206 -1.097609 0.769947 -0.922196 0.690952 0.644394 0.917833 1.060916 2.149414 -0.692665 -2.241838 -0.143735 1.491590 0.231426 0.226583 1.454986 -1.068396 -0.327798 0.772001 0.908268 -0.534420 -0.496642 0.873879 -0.165317 -0.136925 1.414977 -0.560767 -0.271445 -1.558853 0.321444 -0.286977 1.275199 -1.691679 0.467200 -0.132837 0.510311 4.512191 1.000000
48 -0.475908 -0.918965 -0.950058 -0.507297 1.865112 -1.815440 -0.186517 0.336631 -0.856961 1.361356 -0.077968 0.607628 -1.019825 1.372232 -0.344080 -0.696229 0.234155 -1.135290 0.953117 0.380542 -1.215860 -0.184616 0.460844 -0.430593 -0.369543 -0.089475 -0.796505 0.023867 0.660374 0.490859 -0.610916 -0.569173 2.719789 2.151637 0.847040 0.611793 1.840526 0.505409 -0.402562 -1.537556 0.102435 -1.651873 1.276427 0.039106 0.794568 -0.845384 -1.225298 -1.174764 0.591940 0.165668 0.608356 0.717426 -1.324290 0.256275 0.693044 1.499027 0.314986 0.095401 0.584360 0.122287 1.960886 1.000000
49 2.727259 -1.961279 1.060790 -0.176943 0.107783 -0.746710 -0.268352 0.017343 -1.541428 -0.382355 0.444257 0.933422 -0.328842 0.114701 0.713066 -0.210630 -0.571051 -1.385831 0.711211 -0.160258 2.068087 -1.405281 -0.700319 0.694397 1.428897 0.343204 0.125412 0.466015 -0.604450 0.437351 0.401210 0.156808 0.944101 -1.183419 -0.189127 -0.256451 1.992851 0.661636 1.616243 -2.697501 -0.437622 1.774040 2.499273 -0.028753 -0.752656 -1.305662 0.103745 1.297696 0.956563 0.712636 -2.898574 -0.973410 0.540942 0.505819 0.641084 -0.067913 1.418003 -1.863041 -0.804600 -1.677538 0.481443 1.000000
50 -0.478441 0.660843 -0.079959 -0.854608 -0.092537 0.105586 0.632397 -0.143174 -1.217523 -0.042958 0.237524 -0.241465 0.434322 -0.879869 1.159680 -0.036225 1.252140 -0.036769 -0.047656 0.491261 -1.524946 1.006195 -0.439368 1.438467 0.329443 0.629611 1.657957 0.050511 1.860356 0.350701 -0.600370 0.987272 -1.724274 -0.239604 0.673769 -0.297661 -1.420692 0.908314 -0.704638 1.757098 -0.638737 0.342572 -1.045985 0.816569 0.693499 1.190370 0.560283 0.777609 -0.623851 -0.453409 1.699927 -1.340074 -0.907994 -2.171250 -0.100740 0.485909 -0.935745 1.148412 -0.469965 -0.589663 3.789801 1.000000
uncorrelated Gaussian covariates
missing covariate fraction: 0.000000
no latent classes
   lambda(t|risk 1)=C, <t>=4.000000 for zero covariates
   risk 1: beta[1]=0.500000
   risk 1: beta[2]=0.500000
   risk 1: beta[3]=0.500000
   risk 1: beta[4]=0.500000
   risk 1: beta[5]=0.500000
   risk 1: beta[6]=-0.500000
   risk 1: beta[7]=-0.500000
   risk 1: beta[8]=-0.500000
   risk 1: beta[9]=-0.500000
   risk 1: beta[10]=-0.500000
   risk 1: beta[11]=0.000000
   risk 1: beta[12]=0.000000
   risk 1: beta[13]=0.000000
   risk 1: beta[14]=0.000000
   risk 1: beta[15]=0.000000
   risk 1: beta[16]=0.000000
   risk 1: beta[17]=0.000000
   risk 1: beta[18]=0.000000
   risk 1: beta[19]=0.000000
   risk 1: beta[20]=0.000000
   risk 1: beta[21]=0.000000
   risk 1: beta[22]=0.000000
   risk 1: beta[23]=0.000000
   risk 1: beta[24]=0.000000
   risk 1: beta[25]=0.000000
   risk 1: beta[26]=0.000000
   risk 1: beta[27]=0.000000
   risk 1: beta[28]=0.000000
   risk 1: beta[29]=0.000000
   risk 1: beta[30]=0.000000
   risk 1: beta[31]=0.000000
   risk 1: beta[32]=0.000000
   risk 1: beta[33]=0.000000
   risk 1: beta[34]=0.000000
   risk 1: beta[35]=0.000000
   risk 1: beta[36]=0.000000
   risk 1: beta[37]=0.000000
   risk 1: beta[38]=0.000000
   risk 1: beta[39]=0.000000
   risk 1: beta[40]=0.000000
   risk 1: beta[41]=0.000000
   risk 1: beta[42]=0.000000
   risk 1: beta[43]=0.000000
   risk 1: beta[44]=0.000000
   risk 1: beta[45]=0.000000
   risk 1: beta[46]=0.000000
   risk 1: beta[47]=0.000000
   risk 1: beta[48]=0.000000
   risk 1: beta[49]=0.000000
   risk 1: beta[50]=0.000000
   risk 1: beta[51]=0.000000
   risk 1: beta[52]=0.000000
   risk 1: beta[53]=0.000000
   risk 1: beta[54]=0.000000
   risk 1: beta[55]=0.000000
   risk 1: beta[56]=0.000000
   risk 1: beta[57]=0.000000
   risk 1: beta[58]=0.000000
   risk 1: beta[59]=0.000000
   risk 1: beta[60]=0.000000
