1 0.014188157895 1.042423436605
2 -0.120487000000 0.974769502336
3 0.071652869565 1.246679303276
4 0.026574652632 1.080710781409
5 -0.068599851064 0.861214239282
6 0.080623969072 0.972030263186
7 0.058120935484 0.960760648889
8 -0.092388021277 1.006530988176
9 -0.032116979381 0.759433738886
10 -0.004177957447 0.970285743683
11 0.060242572917 1.042908760309
12 -0.004435645161 0.981653920919
13 -0.022676968421 0.930348176021
14 0.184417309278 1.014106500137
15 -0.060115191489 1.032443166587
16 0.006781000000 0.973222287405
17 0.077882152174 0.988581912064
18 0.125409221053 1.019083871333
19 0.068607946809 1.095630248119
20 -0.092425062500 0.894605082376
21 0.220436260417 0.863517993855
22 -0.118163791667 1.089302924654
23 -0.020602474227 1.108716917298
24 0.065020483871 0.891551016614
25 -0.172929354839 0.927966022240
26 0.051968516129 1.034113297787
27 -0.116780937500 0.992727550587
28 0.059932483871 0.900117008405
29 0.122671619565 0.872724294027
30 0.058458684211 0.920098623455
31 -0.036253567010 0.902990050366
32 0.049738115789 0.937515873261
33 0.054755484211 1.043565408676
34 -0.127180673684 1.106063507046
35 -0.076030218750 1.152153168915
36 0.093111443299 0.852772394647
37 0.074741723404 1.056419979378
38 -0.021360129032 0.944909720261
39 0.025221371134 1.155313939731
40 -0.160761453608 1.074260363926
