1 0.113173723404 1.060210892505
2 0.186714085106 0.991207818607
3 0.116461133333 1.143033473083
4 -0.006607382979 0.922671422611
5 0.014731693878 1.055828011850
6 0.009626361702 1.037569053393
7 0.073167857143 0.921798164297
8 -0.161277416667 1.041678042196
9 -0.203253978261 1.140086736155
10 0.195623208333 0.954482059277
11 -0.093319562500 0.855462081324
12 0.068113428571 0.939023554758
13 -0.113822680851 1.015966429941
14 -0.148796229167 1.173901703345
15 0.364057530612 0.814248593903
16 0.257767522727 1.216483379794
17 -0.155193142857 0.928323589752
18 0.022968680851 0.748853570436
19 0.017211000000 1.002536305519
20 -0.269557104167 0.952875062306
21 -0.408893326531 0.984181627098
22 -0.008009530612 0.957962812752
23 -0.031693622222 1.219846617167
24 -0.066691891304 1.141733608531
25 -0.265854521739 1.002400145097
26 -0.066721608696 0.966839878708
27 0.103494918367 0.904947220509
28 0.021689408163 0.923213411957
29 -0.009290145833 1.064547121423
30 0.084647734694 0.970270549289
31 -0.261068200000 1.011409616757
32 0.051798851064 1.112318224663
33 -0.076119428571 1.015753145239
34 0.166142574468 0.900387666259
35 0.138793978261 0.897447072969
36 -0.093377744681 1.136600835888
37 -0.124751545455 0.759567227738
38 -0.057227222222 1.044906794341
39 -0.144183479167 0.860014033444
40 -0.189854255319 0.904551918260
41 0.168570363636 0.711101270090
42 0.118860714286 0.984488470989
43 0.237798937500 0.968238692452
44 0.110743061224 1.005542252122
45 -0.138280723404 0.893178546192
46 0.252731187500 0.936439704794
47 -0.226540897959 1.041964220265
48 0.247841340426 1.002101071584
49 0.268333148936 0.870754660240
50 0.204860295455 0.957132159548
51 -0.144174571429 0.991806059704
52 0.006192979167 0.995709601925
53 -0.049336166667 1.042749724720
54 -0.032017020833 0.981272645945
55 -0.051096500000 0.987359189078
56 -0.007234933333 0.987442391975
57 0.089136440000 0.926234030579
58 -0.124920425532 0.858617953712
59 -0.083489000000 1.031364191300
60 0.049702619048 0.813995727409
