0.000000 0.489362
1.000000 0.666064
2.000000 0.673298
3.000000 0.696170
4.000000 0.681702
5.000000 0.693085
6.000000 0.678617
7.000000 0.699255
8.000000 0.713511
9.000000 0.723936
10.000000 0.725000
11.000000 0.719574
12.000000 0.716809
13.000000 0.725638
14.000000 0.733191
15.000000 0.750106
16.000000 0.761489
17.000000 0.763191
18.000000 0.740851
19.000000 0.741277
20.000000 0.737553
21.000000 0.729468
22.000000 0.727872
23.000000 0.719255
24.000000 0.708511
25.000000 0.708936
26.000000 0.702766
27.000000 0.697660
28.000000 0.695319
29.000000 0.687340
30.000000 0.687553
31.000000 0.674787
32.000000 0.680957
33.000000 0.658723
34.000000 0.653404
35.000000 0.660426
36.000000 0.652021
37.000000 0.642234
38.000000 0.638191
39.000000 0.633298
40.000000 0.625532
