0.000000 0.500000 0.500000
1.000000 0.620250 0.624550
2.000000 0.632450 0.643050
3.000000 0.664850 0.677650
4.000000 0.719100 0.725650
5.000000 0.744200 0.752650
6.000000 0.761200 0.773650
7.000000 0.776800 0.786300
8.000000 0.780450 0.798950
9.000000 0.802700 0.819200
10.000000 0.805200 0.818900
11.000000 0.795200 0.820900
12.000000 0.795750 0.824650
13.000000 0.804200 0.826350
14.000000 0.813400 0.831500
15.000000 0.813800 0.836150
16.000000 0.811300 0.843800
17.000000 0.817150 0.839150
18.000000 0.812600 0.839450
19.000000 0.804550 0.835000
20.000000 0.806500 0.834550
21.000000 0.802600 0.837850
22.000000 0.802350 0.834950
23.000000 0.801250 0.834650
24.000000 0.798650 0.847550
25.000000 0.800100 0.847800
26.000000 0.801700 0.845300
27.000000 0.799850 0.851750
28.000000 0.806900 0.851600
29.000000 0.809900 0.861650
30.000000 0.813900 0.870350
31.000000 0.813150 0.869600
32.000000 0.812000 0.872600
33.000000 0.810000 0.877450
34.000000 0.812000 0.866900
35.000000 0.812100 0.871050
36.000000 0.808700 0.875300
37.000000 0.809750 0.879500
38.000000 0.814550 0.880850
39.000000 0.815000 0.881250
40.000000 0.812100 0.883800
41.000000 0.817800 0.886400
42.000000 0.816750 0.889150
43.000000 0.813200 0.890150
44.000000 0.819850 0.894850
45.000000 0.812850 0.898750
46.000000 0.812950 0.901500
47.000000 0.811750 0.899950
48.000000 0.813950 0.903000
49.000000 0.810450 0.900050
50.000000 0.812250 0.899950
51.000000 0.808000 0.900050
52.000000 0.807700 0.900900
53.000000 0.802500 0.909100
54.000000 0.804700 0.907650
55.000000 0.806600 0.906350
56.000000 0.802400 0.914200
57.000000 0.803650 0.915050
58.000000 0.805150 0.914050
59.000000 0.801750 0.915550
60.000000 0.810300 0.921350
61.000000 0.809950 0.923100
62.000000 0.810650 0.921300
63.000000 0.804550 0.924600
64.000000 0.806300 0.924000
65.000000 0.805300 0.921000
66.000000 0.803500 0.923100
67.000000 0.799450 0.925600
68.000000 0.798500 0.927000
69.000000 0.795350 0.927500
70.000000 0.791900 0.925050
71.000000 0.786250 0.924100
72.000000 0.785400 0.924950
73.000000 0.782400 0.927950
74.000000 0.780850 0.925900
75.000000 0.781400 0.926550
76.000000 0.782250 0.928700
77.000000 0.777850 0.928600
78.000000 0.774150 0.929550
79.000000 0.777650 0.929250
80.000000 0.777650 0.930900
81.000000 0.776650 0.929700
82.000000 0.765350 0.933200
83.000000 0.771400 0.931150
84.000000 0.765700 0.934100
85.000000 0.762700 0.932500
86.000000 0.762100 0.933400
87.000000 0.754900 0.935800
88.000000 0.759300 0.936950
89.000000 0.758800 0.935300
90.000000 0.748750 0.937450
91.000000 0.747550 0.937650
92.000000 0.750550 0.938350
93.000000 0.746800 0.939750
94.000000 0.743700 0.937750
95.000000 0.741500 0.938250
96.000000 0.743750 0.939100
97.000000 0.743150 0.941950
98.000000 0.738350 0.939300
99.000000 0.737250 0.940650
100.000000 0.733200 0.941900
101.000000 0.732150 0.942250
102.000000 0.730450 0.943550
103.000000 0.725700 0.942150
104.000000 0.725950 0.945150
105.000000 0.731100 0.942500
106.000000 0.722800 0.945600
107.000000 0.724400 0.945150
108.000000 0.726850 0.946200
109.000000 0.719050 0.946700
110.000000 0.713650 0.946900
111.000000 0.712750 0.947650
112.000000 0.713050 0.947850
113.000000 0.710300 0.946400
114.000000 0.707800 0.952050
115.000000 0.701400 0.948150
116.000000 0.704800 0.947800
117.000000 0.704300 0.952300
118.000000 0.699400 0.951250
119.000000 0.700650 0.950850
120.000000 0.702400 0.953350
