1 0.039302080000 1.047219353095
2 0.136656030303 0.882661978550
3 -0.043213382979 1.047228075273
4 0.159038362637 1.098011472119
5 -0.026493308511 1.068476150398
6 0.140795526882 1.113122714265
7 -0.040966789474 1.234228259960
8 0.010534510638 0.933856231608
9 -0.113374808511 1.024165127181
10 0.053170082474 1.041404880293
11 -0.022150875000 0.973762337578
12 -0.002937086022 0.937400165020
13 -0.107638750000 0.992009205206
14 0.075290457447 0.903807307873
15 0.114281870968 0.957959514840
16 -0.087736092784 1.023804478576
17 -0.080681031915 0.907326316817
18 0.036371526882 1.017120897337
19 -0.172948515789 0.976567246394
20 -0.097126937500 0.969088903682
21 0.052154229167 0.955828422363
22 0.061518358696 0.969472493966
23 0.214038109890 0.999344942003
24 0.087275478723 1.108544986035
25 0.011186172043 0.969418158806
26 0.185065585106 1.028381288612
27 -0.063569284211 0.956593440025
28 -0.087815350515 1.019063408785
29 0.002912313131 0.926532188322
30 -0.025246180851 0.918556267130
31 -0.105238376344 0.954920335684
32 -0.055855989011 0.955842754693
33 0.014111916667 0.983735803924
34 -0.000760333333 0.936422755332
35 0.035761244681 0.929065939181
36 -0.043032021505 0.874982619241
37 0.025450548387 1.028405714990
38 0.062430949495 1.052782620025
39 0.044709369565 0.968185994087
40 0.036450247423 1.056623252605
