0.000000 0.521739
1.000000 0.511304
2.000000 0.664348
3.000000 0.760435
4.000000 0.773478
5.000000 0.820870
6.000000 0.851304
7.000000 0.855217
8.000000 0.898696
9.000000 0.883261
10.000000 0.885870
11.000000 0.916739
12.000000 0.919565
13.000000 0.936087
14.000000 0.938913
15.000000 0.944348
16.000000 0.934565
17.000000 0.946087
18.000000 0.951087
19.000000 0.956739
20.000000 0.956304
21.000000 0.968478
22.000000 0.974565
23.000000 0.971304
24.000000 0.973043
25.000000 0.977391
26.000000 0.978261
27.000000 0.979565
28.000000 0.979348
29.000000 0.977391
30.000000 0.983913
31.000000 0.985652
32.000000 0.984348
33.000000 0.986304
34.000000 0.990000
35.000000 0.986739
36.000000 0.987609
37.000000 0.990000
38.000000 0.987826
39.000000 0.990435
40.000000 0.991087
