0.000000 0.511628
1.000000 0.580349
2.000000 0.643488
3.000000 0.711512
4.000000 0.712442
5.000000 0.736163
6.000000 0.764767
7.000000 0.799535
8.000000 0.814767
9.000000 0.823721
10.000000 0.821977
11.000000 0.840814
12.000000 0.847093
13.000000 0.854767
14.000000 0.874186
15.000000 0.887674
16.000000 0.886860
17.000000 0.896628
18.000000 0.900814
19.000000 0.906977
20.000000 0.908372
21.000000 0.915465
22.000000 0.926860
23.000000 0.924419
24.000000 0.929884
25.000000 0.925465
26.000000 0.932674
27.000000 0.938140
28.000000 0.944651
29.000000 0.940465
30.000000 0.942093
31.000000 0.945581
32.000000 0.943488
33.000000 0.949302
34.000000 0.948953
35.000000 0.949419
36.000000 0.949186
37.000000 0.956279
38.000000 0.955349
39.000000 0.955000
40.000000 0.954535
41.000000 0.954884
42.000000 0.960698
43.000000 0.959651
44.000000 0.961395
45.000000 0.961279
46.000000 0.958605
47.000000 0.963023
48.000000 0.965465
49.000000 0.963953
50.000000 0.961860
51.000000 0.960465
52.000000 0.963953
53.000000 0.961744
54.000000 0.961628
55.000000 0.962907
56.000000 0.966512
57.000000 0.967209
58.000000 0.967326
59.000000 0.967209
60.000000 0.967209
61.000000 0.967209
62.000000 0.969767
63.000000 0.970698
64.000000 0.972326
65.000000 0.971279
66.000000 0.971977
67.000000 0.971163
68.000000 0.972093
69.000000 0.973721
70.000000 0.975698
71.000000 0.973605
72.000000 0.973837
73.000000 0.973140
74.000000 0.974884
75.000000 0.972907
76.000000 0.974419
77.000000 0.974186
78.000000 0.975581
79.000000 0.974767
80.000000 0.976279
81.000000 0.974884
82.000000 0.975814
83.000000 0.975930
84.000000 0.976395
85.000000 0.976977
86.000000 0.976512
87.000000 0.976860
88.000000 0.976744
89.000000 0.977791
90.000000 0.977558
91.000000 0.977442
92.000000 0.978372
93.000000 0.979302
94.000000 0.979302
95.000000 0.978372
96.000000 0.979070
97.000000 0.980116
98.000000 0.978953
99.000000 0.979070
100.000000 0.979070
