active=80: 1 2 3 4 5 6 7 8 9 10 11 12 13 14 15 16 17 18 19 20 21 22 23 24 25 26 27 28 29 30 31 32 33 34 35 36 37 38 39 40 41 42 43 44 45 46 47 48 49 50 51 52 53 54 55 56 57 58 59 60 61 62 63 64 65 66 67 68 69 70 71 72 73 74 75 76 77 78 79 80 
active=79: 1 2 3 4 5 6 7 8 9 10 11 12 13 14 15 16 17 18 19 20 21 22 23 24 25 26 27 28 29 30 31 32 33 34 35 36 37 38 39 40 41 42 43 44 45 47 48 49 50 51 52 53 54 55 56 57 58 59 60 61 62 63 64 65 66 67 68 69 70 71 72 73 74 75 76 77 78 79 80 
active=78: 1 2 3 4 5 6 7 8 9 10 11 12 13 14 15 16 17 18 19 20 21 22 23 24 25 26 27 28 29 30 31 32 33 34 35 36 37 38 39 40 41 42 43 44 45 47 48 49 50 51 52 53 54 55 56 57 58 59 61 62 63 64 65 66 67 68 69 70 71 72 73 74 75 76 77 78 79 80 
active=77: 1 2 3 4 5 6 7 8 9 10 11 12 13 14 16 17 18 19 20 21 22 23 24 25 26 27 28 29 30 31 32 33 34 35 36 37 38 39 40 41 42 43 44 45 47 48 49 50 51 52 53 54 55 56 57 58 59 61 62 63 64 65 66 67 68 69 70 71 72 73 74 75 76 77 78 79 80 
active=76: 1 2 3 4 5 6 7 8 9 10 11 12 13 14 16 17 18 19 20 21 22 23 24 25 26 27 28 29 30 31 32 33 34 35 36 37 38 39 40 41 42 43 44 45 47 48 49 51 52 53 54 55 56 57 58 59 61 62 63 64 65 66 67 68 69 70 71 72 73 74 75 76 77 78 79 80 
active=75: 1 2 3 4 5 6 7 8 9 10 11 12 13 14 16 17 18 19 20 21 22 23 24 25 26 27 28 29 30 31 32 33 34 35 36 37 38 39 40 41 42 43 44 45 47 48 49 52 53 54 55 56 57 58 59 61 62 63 64 65 66 67 68 69 70 71 72 73 74 75 76 77 78 79 80 
active=74: 1 2 3 4 5 6 7 8 9 10 11 12 13 14 16 17 18 19 20 21 22 23 24 25 26 27 28 29 30 31 32 33 34 35 36 37 38 39 40 41 42 43 44 45 47 48 49 52 53 55 56 57 58 59 61 62 63 64 65 66 67 68 69 70 71 72 73 74 75 76 77 78 79 80 
active=73: 1 2 3 4 5 6 7 8 9 10 11 12 13 14 16 17 19 20 21 22 23 24 25 26 27 28 29 30 31 32 33 34 35 36 37 38 39 40 41 42 43 44 45 47 48 49 52 53 55 56 57 58 59 61 62 63 64 65 66 67 68 69 70 71 72 73 74 75 76 77 78 79 80 
active=72: 1 2 3 4 5 6 7 8 9 10 11 12 13 14 16 17 19 20 21 22 23 24 25 26 27 28 29 30 31 32 33 34 35 36 37 38 39 40 41 42 43 44 45 47 48 49 52 53 55 56 57 58 59 61 62 63 64 66 67 68 69 70 71 72 73 74 75 76 77 78 79 80 
active=71: 1 2 3 4 5 6 7 8 9 10 11 12 13 14 16 17 19 20 21 22 23 24 25 26 27 28 29 30 31 32 33 34 35 37 38 39 40 41 42 43 44 45 47 48 49 52 53 55 56 57 58 59 61 62 63 64 66 67 68 69 70 71 72 73 74 75 76 77 78 79 80 
active=70: 1 2 3 4 5 6 7 8 9 10 11 12 13 14 16 17 19 20 21 22 23 24 25 26 27 28 29 30 31 32 33 34 35 37 38 39 40 41 42 43 44 47 48 49 52 53 55 56 57 58 59 61 62 63 64 66 67 68 69 70 71 72 73 74 75 76 77 78 79 80 
active=69: 1 2 3 4 5 6 7 8 9 10 11 12 13 14 16 17 19 20 21 22 23 25 26 27 28 29 30 31 32 33 34 35 37 38 39 40 41 42 43 44 47 48 49 52 53 55 56 57 58 59 61 62 63 64 66 67 68 69 70 71 72 73 74 75 76 77 78 79 80 
active=68: 1 2 3 4 5 6 7 8 9 10 11 12 13 14 16 17 19 20 21 22 23 25 26 27 28 29 30 31 32 33 34 35 37 38 39 40 41 42 43 44 47 48 49 53 55 56 57 58 59 61 62 63 64 66 67 68 69 70 71 72 73 74 75 76 77 78 79 80 
active=67: 1 2 3 4 5 6 7 8 9 10 11 12 13 14 16 17 19 20 21 22 23 25 26 27 28 29 30 32 33 34 35 37 38 39 40 41 42 43 44 47 48 49 53 55 56 57 58 59 61 62 63 64 66 67 68 69 70 71 72 73 74 75 76 77 78 79 80 
active=66: 1 2 3 4 5 6 7 8 9 10 11 12 13 16 17 19 20 21 22 23 25 26 27 28 29 30 32 33 34 35 37 38 39 40 41 42 43 44 47 48 49 53 55 56 57 58 59 61 62 63 64 66 67 68 69 70 71 72 73 74 75 76 77 78 79 80 
active=65: 1 2 3 4 5 6 7 8 9 10 11 12 13 16 17 19 20 21 22 23 25 26 28 29 30 32 33 34 35 37 38 39 40 41 42 43 44 47 48 49 53 55 56 57 58 59 61 62 63 64 66 67 68 69 70 71 72 73 74 75 76 77 78 79 80 
active=64: 1 2 3 4 5 6 7 8 9 10 11 12 13 16 17 19 20 21 22 23 25 26 28 29 30 32 33 34 35 37 38 39 40 41 42 43 44 47 48 49 53 55 56 57 58 59 61 63 64 66 67 68 69 70 71 72 73 74 75 76 77 78 79 80 
active=63: 1 2 3 4 5 6 7 8 9 10 11 12 13 16 17 19 20 22 23 25 26 28 29 30 32 33 34 35 37 38 39 40 41 42 43 44 47 48 49 53 55 56 57 58 59 61 63 64 66 67 68 69 70 71 72 73 74 75 76 77 78 79 80 
active=62: 1 2 3 4 5 6 7 8 9 11 12 13 16 17 19 20 22 23 25 26 28 29 30 32 33 34 35 37 38 39 40 41 42 43 44 47 48 49 53 55 56 57 58 59 61 63 64 66 67 68 69 70 71 72 73 74 75 76 77 78 79 80 
active=61: 1 2 3 4 5 6 7 8 9 11 12 13 16 17 19 20 22 23 25 26 28 29 30 32 33 34 35 37 38 39 40 41 42 43 44 47 48 49 53 55 56 57 58 59 61 63 64 66 67 68 69 70 71 72 73 75 76 77 78 79 80 
active=60: 1 2 3 4 5 6 7 8 9 11 12 13 16 17 19 20 22 23 25 26 28 29 30 32 33 34 35 37 38 39 40 41 42 43 44 47 48 49 53 55 56 57 58 59 61 63 64 66 67 68 69 70 71 72 73 75 76 77 79 80 
active=59: 1 2 3 4 5 6 7 8 9 11 12 13 16 17 19 20 22 23 25 26 28 29 30 32 33 34 35 37 38 39 40 41 42 43 44 47 48 49 53 55 56 57 58 61 63 64 66 67 68 69 70 71 72 73 75 76 77 79 80 
active=58: 1 2 3 4 5 6 7 8 9 11 12 13 16 17 19 20 22 23 25 28 29 30 32 33 34 35 37 38 39 40 41 42 43 44 47 48 49 53 55 56 57 58 61 63 64 66 67 68 69 70 71 72 73 75 76 77 79 80 
active=57: 1 2 3 4 5 6 7 8 9 11 12 13 16 17 19 22 23 25 28 29 30 32 33 34 35 37 38 39 40 41 42 43 44 47 48 49 53 55 56 57 58 61 63 64 66 67 68 69 70 71 72 73 75 76 77 79 80 
active=56: 1 2 3 4 5 6 7 8 9 11 12 13 16 17 19 22 23 25 28 29 30 32 33 34 35 37 38 39 40 41 42 43 44 47 48 49 53 55 56 57 58 61 63 64 66 67 68 69 71 72 73 75 76 77 79 80 
active=55: 1 2 3 4 5 6 7 8 9 11 12 13 16 17 22 23 25 28 29 30 32 33 34 35 37 38 39 40 41 42 43 44 47 48 49 53 55 56 57 58 61 63 64 66 67 68 69 71 72 73 75 76 77 79 80 
active=54: 1 2 3 4 5 6 7 8 9 11 12 13 16 17 22 23 25 28 30 32 33 34 35 37 38 39 40 41 42 43 44 47 48 49 53 55 56 57 58 61 63 64 66 67 68 69 71 72 73 75 76 77 79 80 
active=53: 1 2 3 4 5 6 7 8 9 11 12 13 16 17 22 23 25 28 30 32 33 34 35 37 38 39 40 41 42 43 44 47 48 49 53 55 56 57 58 61 63 64 66 67 68 69 71 72 73 75 77 79 80 
active=52: 1 2 3 4 5 6 7 9 11 12 13 16 17 22 23 25 28 30 32 33 34 35 37 38 39 40 41 42 43 44 47 48 49 53 55 56 57 58 61 63 64 66 67 68 69 71 72 73 75 77 79 80 
active=51: 1 2 3 4 5 6 7 9 11 12 13 16 17 22 23 25 28 30 32 33 34 35 37 38 39 40 41 42 43 44 47 48 49 53 55 56 58 61 63 64 66 67 68 69 71 72 73 75 77 79 80 
active=50: 1 2 3 4 5 6 7 9 11 12 13 16 17 22 23 25 28 30 32 33 34 35 37 38 39 40 41 42 43 44 47 48 49 53 55 56 58 61 63 64 67 68 69 71 72 73 75 77 79 80 
active=49: 1 2 3 4 5 6 7 9 11 12 13 16 17 22 23 25 28 30 32 33 34 35 37 38 39 40 41 42 43 44 47 48 49 53 55 56 58 61 63 64 67 68 69 71 72 75 77 79 80 
active=48: 1 2 3 4 5 6 7 9 11 12 13 16 17 22 23 25 28 30 33 34 35 37 38 39 40 41 42 43 44 47 48 49 53 55 56 58 61 63 64 67 68 69 71 72 75 77 79 80 
active=47: 1 2 3 4 5 6 7 9 11 13 16 17 22 23 25 28 30 33 34 35 37 38 39 40 41 42 43 44 47 48 49 53 55 56 58 61 63 64 67 68 69 71 72 75 77 79 80 
active=46: 1 2 4 5 6 7 9 11 13 16 17 22 23 25 28 30 33 34 35 37 38 39 40 41 42 43 44 47 48 49 53 55 56 58 61 63 64 67 68 69 71 72 75 77 79 80 
active=45: 1 2 4 5 6 7 9 11 13 16 17 22 23 25 28 30 33 34 35 37 38 39 40 41 42 43 44 47 48 49 55 56 58 61 63 64 67 68 69 71 72 75 77 79 80 
active=44: 1 2 4 5 6 7 9 11 13 16 17 22 23 25 28 30 33 34 35 37 38 39 40 41 42 43 44 47 48 49 55 56 58 63 64 67 68 69 71 72 75 77 79 80 
active=43: 1 2 4 5 6 7 9 13 16 17 22 23 25 28 30 33 34 35 37 38 39 40 41 42 43 44 47 48 49 55 56 58 63 64 67 68 69 71 72 75 77 79 80 
active=42: 1 2 4 5 6 7 9 13 16 17 22 23 25 28 30 33 34 35 37 38 39 40 41 42 43 44 47 49 55 56 58 63 64 67 68 69 71 72 75 77 79 80 
active=41: 1 2 4 5 6 7 9 13 16 17 22 23 25 28 30 33 34 35 37 38 39 40 41 42 43 44 49 55 56 58 63 64 67 68 69 71 72 75 77 79 80 
active=40: 1 2 4 5 6 7 9 13 16 17 22 23 25 28 30 33 34 35 37 38 39 40 41 42 43 44 49 55 56 58 63 64 67 68 69 71 72 75 77 80 
active=39: 1 2 4 5 6 7 9 13 16 17 22 23 25 28 30 33 34 35 37 38 39 40 41 42 44 49 55 56 58 63 64 67 68 69 71 72 75 77 80 
active=38: 1 2 4 5 6 7 9 13 16 17 22 23 25 28 30 33 34 35 37 38 40 41 42 44 49 55 56 58 63 64 67 68 69 71 72 75 77 80 
active=37: 1 2 4 5 6 7 9 13 16 17 22 23 28 30 33 34 35 37 38 40 41 42 44 49 55 56 58 63 64 67 68 69 71 72 75 77 80 
active=36: 1 2 4 5 6 7 9 13 16 17 22 23 28 30 33 34 35 37 38 40 41 42 44 49 55 58 63 64 67 68 69 71 72 75 77 80 
active=35: 1 2 4 5 6 7 9 13 16 17 22 23 28 30 33 34 35 37 38 40 41 42 44 49 58 63 64 67 68 69 71 72 75 77 80 
active=34: 1 2 4 5 6 7 9 13 16 17 22 23 28 30 33 34 35 37 38 40 41 42 49 58 63 64 67 68 69 71 72 75 77 80 
active=33: 1 2 4 5 6 7 9 13 16 17 22 23 28 30 33 34 35 37 38 40 41 42 58 63 64 67 68 69 71 72 75 77 80 
active=32: 1 2 4 5 6 7 9 13 16 17 22 23 28 30 33 34 35 37 38 40 41 42 58 64 67 68 69 71 72 75 77 80 
active=31: 1 2 4 5 6 7 9 13 16 17 22 23 28 30 33 34 35 37 38 40 41 58 64 67 68 69 71 72 75 77 80 
active=30: 1 2 4 5 6 7 9 13 16 22 23 28 30 33 34 35 37 38 40 41 58 64 67 68 69 71 72 75 77 80 
active=29: 1 2 4 5 6 7 9 13 16 22 23 28 30 33 34 35 37 38 40 41 58 67 68 69 71 72 75 77 80 
active=28: 1 2 4 5 6 7 9 13 16 22 23 28 30 33 34 35 37 38 40 41 58 67 68 69 71 72 77 80 
active=27: 1 2 4 5 6 7 9 13 16 22 23 28 30 33 34 35 37 38 40 41 58 67 68 69 71 72 77 
active=26: 1 2 4 5 6 7 9 13 16 22 23 28 30 33 34 35 37 38 40 41 58 67 69 71 72 77 
active=25: 1 2 4 5 6 7 9 13 16 22 23 28 30 33 34 35 37 38 40 58 67 69 71 72 77 
active=24: 1 2 4 5 6 7 9 13 16 22 23 28 30 33 34 35 37 38 40 58 69 71 72 77 
active=23: 1 2 4 5 6 7 9 13 16 22 23 28 30 33 34 35 38 40 58 69 71 72 77 
active=22: 1 2 4 5 6 7 9 13 16 22 23 28 30 34 35 38 40 58 69 71 72 77 
active=21: 1 2 4 5 6 7 9 16 22 23 28 30 34 35 38 40 58 69 71 72 77 
active=20: 2 4 5 6 7 9 16 22 23 28 30 34 35 38 40 58 69 71 72 77 
active=19: 2 4 5 6 7 9 16 22 23 28 30 35 38 40 58 69 71 72 77 
active=18: 2 4 6 7 9 16 22 23 28 30 35 38 40 58 69 71 72 77 
active=17: 2 4 6 7 9 22 23 28 30 35 38 40 58 69 71 72 77 
active=16: 2 4 6 7 9 23 28 30 35 38 40 58 69 71 72 77 
active=15: 2 4 6 7 9 23 28 30 35 38 58 69 71 72 77 
active=14: 2 4 6 7 9 23 28 30 35 38 58 71 72 77 
active=13: 2 4 6 7 9 23 28 30 35 38 71 72 77 
active=12: 2 4 6 7 9 23 28 30 38 71 72 77 
active=11: 2 4 6 7 9 23 28 30 71 72 77 
active=10: 2 4 6 7 9 23 30 71 72 77 
active=9: 2 4 6 7 23 30 71 72 77 
active=8: 2 6 7 23 30 71 72 77 
active=7: 2 6 7 30 71 72 77 
active=6: 2 6 7 30 71 77 
active=5: 2 6 7 30 77 
active=4: 2 7 30 77 
active=3: 2 7 30 
active=2: 2 7 
active=1: 7 
