0.000000 0.500000
1.000000 0.694167
2.000000 0.709583
3.000000 0.767917
4.000000 0.798958
5.000000 0.825625
6.000000 0.827708
7.000000 0.850208
8.000000 0.834583
9.000000 0.855417
10.000000 0.851667
11.000000 0.838542
12.000000 0.829375
13.000000 0.844583
14.000000 0.829792
15.000000 0.833333
16.000000 0.838542
17.000000 0.848750
18.000000 0.848125
19.000000 0.845000
20.000000 0.839167
21.000000 0.826250
22.000000 0.827708
23.000000 0.814167
24.000000 0.822708
25.000000 0.819583
26.000000 0.818125
27.000000 0.825208
28.000000 0.816667
29.000000 0.820208
30.000000 0.821250
31.000000 0.821667
32.000000 0.795625
33.000000 0.784792
34.000000 0.808750
35.000000 0.791042
36.000000 0.778542
37.000000 0.780417
38.000000 0.776250
39.000000 0.776250
40.000000 0.763958
41.000000 0.759583
42.000000 0.736042
43.000000 0.740208
44.000000 0.732917
45.000000 0.736458
46.000000 0.728333
47.000000 0.733333
48.000000 0.720833
49.000000 0.718750
50.000000 0.714583
51.000000 0.723333
52.000000 0.717917
53.000000 0.705000
54.000000 0.697917
55.000000 0.702917
56.000000 0.690208
57.000000 0.696875
58.000000 0.698542
59.000000 0.693333
60.000000 0.684167
61.000000 0.687083
62.000000 0.681042
63.000000 0.683542
64.000000 0.669583
65.000000 0.661875
66.000000 0.657917
67.000000 0.653125
68.000000 0.656667
69.000000 0.650208
70.000000 0.645208
71.000000 0.628333
72.000000 0.634583
73.000000 0.635000
74.000000 0.618542
75.000000 0.622083
76.000000 0.619583
77.000000 0.615208
78.000000 0.608125
79.000000 0.598542
80.000000 0.603750
