active=80: 1 2 3 4 5 6 7 8 9 10 11 12 13 14 15 16 17 18 19 20 21 22 23 24 25 26 27 28 29 30 31 32 33 34 35 36 37 38 39 40 41 42 43 44 45 46 47 48 49 50 51 52 53 54 55 56 57 58 59 60 61 62 63 64 65 66 67 68 69 70 71 72 73 74 75 76 77 78 79 80 
active=79: 1 2 3 4 5 6 7 8 9 10 11 12 13 14 15 16 17 18 19 20 21 22 23 24 25 26 27 28 29 30 31 32 33 34 35 36 37 38 39 40 41 42 43 44 45 46 47 48 49 50 51 52 53 54 55 56 57 59 60 61 62 63 64 65 66 67 68 69 70 71 72 73 74 75 76 77 78 79 80 
active=78: 1 2 3 4 5 6 7 8 9 10 11 12 13 14 15 16 17 18 19 20 21 22 23 24 25 26 27 28 29 30 31 32 33 34 35 36 37 38 39 40 41 42 43 44 45 46 47 48 49 50 51 52 53 54 55 56 57 59 60 61 62 63 64 65 66 67 68 70 71 72 73 74 75 76 77 78 79 80 
active=77: 1 2 3 4 5 6 7 8 9 10 11 12 13 14 15 16 17 18 19 20 21 22 23 24 25 26 27 28 29 30 31 32 33 34 35 36 37 38 39 40 41 42 43 44 45 46 48 49 50 51 52 53 54 55 56 57 59 60 61 62 63 64 65 66 67 68 70 71 72 73 74 75 76 77 78 79 80 
active=76: 1 2 3 4 5 6 7 8 9 10 11 12 13 14 15 16 17 18 19 21 22 23 24 25 26 27 28 29 30 31 32 33 34 35 36 37 38 39 40 41 42 43 44 45 46 48 49 50 51 52 53 54 55 56 57 59 60 61 62 63 64 65 66 67 68 70 71 72 73 74 75 76 77 78 79 80 
active=75: 1 2 3 4 5 6 7 8 9 10 11 12 13 14 15 16 17 18 19 21 22 23 24 25 26 27 28 29 30 31 32 33 34 35 36 37 38 39 40 41 42 43 44 45 46 48 49 50 51 52 53 55 56 57 59 60 61 62 63 64 65 66 67 68 70 71 72 73 74 75 76 77 78 79 80 
active=74: 1 2 3 4 5 6 7 8 9 10 11 12 13 14 15 16 17 18 19 21 22 23 24 25 26 27 28 29 30 31 32 33 34 35 36 37 38 39 40 41 42 43 44 45 46 48 49 50 51 52 53 55 56 57 59 60 62 63 64 65 66 67 68 70 71 72 73 74 75 76 77 78 79 80 
active=73: 1 2 3 4 5 6 7 8 9 10 11 12 13 14 15 16 17 18 19 21 22 23 24 25 26 27 28 29 30 31 32 34 35 36 37 38 39 40 41 42 43 44 45 46 48 49 50 51 52 53 55 56 57 59 60 62 63 64 65 66 67 68 70 71 72 73 74 75 76 77 78 79 80 
active=72: 1 2 3 4 5 6 7 8 9 10 11 12 13 14 15 16 17 18 19 21 22 23 24 25 26 27 28 29 30 31 32 34 35 36 37 38 39 40 41 42 43 45 46 48 49 50 51 52 53 55 56 57 59 60 62 63 64 65 66 67 68 70 71 72 73 74 75 76 77 78 79 80 
active=71: 1 2 3 4 5 6 7 8 9 10 11 12 13 14 15 16 17 18 19 21 22 23 24 25 26 27 28 29 30 31 32 34 35 36 37 38 39 40 41 42 43 45 46 48 49 50 51 53 55 56 57 59 60 62 63 64 65 66 67 68 70 71 72 73 74 75 76 77 78 79 80 
active=70: 1 2 3 4 5 6 7 8 9 10 11 12 13 14 15 16 17 18 19 21 22 23 24 25 26 27 28 29 30 31 32 35 36 37 38 39 40 41 42 43 45 46 48 49 50 51 53 55 56 57 59 60 62 63 64 65 66 67 68 70 71 72 73 74 75 76 77 78 79 80 
active=69: 1 2 3 4 5 6 7 8 9 10 11 12 13 14 15 16 17 18 19 21 22 23 24 25 26 27 28 29 30 31 32 35 36 37 38 39 41 42 43 45 46 48 49 50 51 53 55 56 57 59 60 62 63 64 65 66 67 68 70 71 72 73 74 75 76 77 78 79 80 
active=68: 1 2 3 4 5 6 7 8 9 10 11 12 13 14 15 16 17 18 19 21 22 23 24 25 26 27 29 30 31 32 35 36 37 38 39 41 42 43 45 46 48 49 50 51 53 55 56 57 59 60 62 63 64 65 66 67 68 70 71 72 73 74 75 76 77 78 79 80 
active=67: 1 2 3 4 5 6 7 8 9 10 11 12 13 14 15 16 17 18 19 21 22 23 24 25 26 27 29 30 31 32 35 36 37 38 39 41 42 43 46 48 49 50 51 53 55 56 57 59 60 62 63 64 65 66 67 68 70 71 72 73 74 75 76 77 78 79 80 
active=66: 1 2 3 4 5 6 7 8 9 10 11 12 13 14 15 16 17 18 19 21 22 23 24 25 26 27 29 30 31 32 35 36 37 38 39 41 42 43 46 48 49 50 51 53 55 57 59 60 62 63 64 65 66 67 68 70 71 72 73 74 75 76 77 78 79 80 
active=65: 1 2 3 4 5 6 7 8 10 11 12 13 14 15 16 17 18 19 21 22 23 24 25 26 27 29 30 31 32 35 36 37 38 39 41 42 43 46 48 49 50 51 53 55 57 59 60 62 63 64 65 66 67 68 70 71 72 73 74 75 76 77 78 79 80 
active=64: 1 2 3 4 5 6 7 8 10 11 12 13 14 15 16 17 18 19 21 22 23 24 25 26 27 29 30 31 32 35 36 38 39 41 42 43 46 48 49 50 51 53 55 57 59 60 62 63 64 65 66 67 68 70 71 72 73 74 75 76 77 78 79 80 
active=63: 1 2 3 4 5 6 7 8 10 11 12 13 14 15 16 17 18 19 22 23 24 25 26 27 29 30 31 32 35 36 38 39 41 42 43 46 48 49 50 51 53 55 57 59 60 62 63 64 65 66 67 68 70 71 72 73 74 75 76 77 78 79 80 
active=62: 1 2 3 4 5 6 7 8 10 11 12 13 14 15 16 17 18 19 22 23 24 25 26 27 29 30 31 32 35 36 38 39 42 43 46 48 49 50 51 53 55 57 59 60 62 63 64 65 66 67 68 70 71 72 73 74 75 76 77 78 79 80 
active=61: 1 2 3 4 5 6 7 8 10 11 12 13 14 15 16 17 18 19 22 24 25 26 27 29 30 31 32 35 36 38 39 42 43 46 48 49 50 51 53 55 57 59 60 62 63 64 65 66 67 68 70 71 72 73 74 75 76 77 78 79 80 
active=60: 1 2 3 4 5 7 8 10 11 12 13 14 15 16 17 18 19 22 24 25 26 27 29 30 31 32 35 36 38 39 42 43 46 48 49 50 51 53 55 57 59 60 62 63 64 65 66 67 68 70 71 72 73 74 75 76 77 78 79 80 
active=59: 1 2 3 4 5 7 8 10 11 12 13 14 15 16 17 18 19 22 24 25 26 27 29 30 31 32 36 38 39 42 43 46 48 49 50 51 53 55 57 59 60 62 63 64 65 66 67 68 70 71 72 73 74 75 76 77 78 79 80 
active=58: 1 2 3 4 5 7 8 10 11 12 13 14 15 16 17 18 19 22 24 25 26 27 29 30 31 32 36 38 39 43 46 48 49 50 51 53 55 57 59 60 62 63 64 65 66 67 68 70 71 72 73 74 75 76 77 78 79 80 
active=57: 1 2 3 4 5 7 8 10 11 12 13 14 15 16 17 18 19 22 24 25 26 27 29 30 32 36 38 39 43 46 48 49 50 51 53 55 57 59 60 62 63 64 65 66 67 68 70 71 72 73 74 75 76 77 78 79 80 
active=56: 1 2 3 4 5 7 8 10 11 12 13 14 15 16 17 19 22 24 25 26 27 29 30 32 36 38 39 43 46 48 49 50 51 53 55 57 59 60 62 63 64 65 66 67 68 70 71 72 73 74 75 76 77 78 79 80 
active=55: 1 2 3 4 5 7 8 10 11 12 13 14 15 16 17 19 22 24 25 26 27 29 30 32 36 38 39 43 46 48 49 50 51 53 55 57 59 62 63 64 65 66 67 68 70 71 72 73 74 75 76 77 78 79 80 
active=54: 1 2 3 4 5 7 8 10 11 12 13 14 15 16 17 19 22 24 25 26 27 29 30 32 36 39 43 46 48 49 50 51 53 55 57 59 62 63 64 65 66 67 68 70 71 72 73 74 75 76 77 78 79 80 
active=53: 1 2 3 4 5 7 8 10 11 12 13 14 15 16 17 19 22 24 25 26 27 29 30 32 36 39 43 46 48 49 50 51 53 55 57 62 63 64 65 66 67 68 70 71 72 73 74 75 76 77 78 79 80 
active=52: 1 2 3 4 5 7 8 10 11 12 13 14 15 16 19 22 24 25 26 27 29 30 32 36 39 43 46 48 49 50 51 53 55 57 62 63 64 65 66 67 68 70 71 72 73 74 75 76 77 78 79 80 
active=51: 1 2 3 4 5 7 8 10 11 12 13 14 15 16 19 22 24 25 26 27 29 30 32 36 39 43 46 48 49 50 51 55 57 62 63 64 65 66 67 68 70 71 72 73 74 75 76 77 78 79 80 
active=50: 1 2 3 4 5 7 8 10 11 12 13 14 15 16 22 24 25 26 27 29 30 32 36 39 43 46 48 49 50 51 55 57 62 63 64 65 66 67 68 70 71 72 73 74 75 76 77 78 79 80 
active=49: 1 2 3 4 5 7 8 10 11 12 13 15 16 22 24 25 26 27 29 30 32 36 39 43 46 48 49 50 51 55 57 62 63 64 65 66 67 68 70 71 72 73 74 75 76 77 78 79 80 
active=48: 1 2 3 4 5 7 8 10 11 12 13 15 16 22 24 25 26 27 29 30 32 36 39 46 48 49 50 51 55 57 62 63 64 65 66 67 68 70 71 72 73 74 75 76 77 78 79 80 
active=47: 1 2 3 4 5 7 8 10 11 12 13 15 16 22 24 25 26 27 29 30 32 36 39 46 48 49 50 51 55 57 62 63 64 65 66 67 70 71 72 73 74 75 76 77 78 79 80 
active=46: 1 2 3 4 5 7 8 10 11 12 15 16 22 24 25 26 27 29 30 32 36 39 46 48 49 50 51 55 57 62 63 64 65 66 67 70 71 72 73 74 75 76 77 78 79 80 
active=45: 1 2 3 4 5 7 8 10 11 12 15 16 22 24 25 26 27 29 30 32 36 39 46 48 49 50 51 55 57 62 63 64 65 66 67 70 71 72 73 74 75 77 78 79 80 
active=44: 1 2 3 4 5 7 8 10 11 12 15 16 22 24 25 26 27 29 30 32 36 39 46 48 49 50 51 55 57 62 63 64 65 66 67 70 71 72 73 74 77 78 79 80 
active=43: 1 2 3 4 5 7 8 10 11 12 15 16 22 24 25 26 27 29 30 32 36 39 46 48 49 50 51 55 57 62 63 64 65 66 67 70 71 73 74 77 78 79 80 
active=42: 1 2 3 4 5 7 8 10 11 12 16 22 24 25 26 27 29 30 32 36 39 46 48 49 50 51 55 57 62 63 64 65 66 67 70 71 73 74 77 78 79 80 
active=41: 1 2 3 4 5 7 8 10 11 12 16 22 24 25 26 27 29 30 32 36 46 48 49 50 51 55 57 62 63 64 65 66 67 70 71 73 74 77 78 79 80 
active=40: 1 2 3 4 5 7 8 10 11 12 16 22 24 25 26 27 29 30 32 36 46 48 49 50 51 55 57 62 63 65 66 67 70 71 73 74 77 78 79 80 
active=39: 1 2 3 4 5 7 8 10 11 12 16 22 24 25 26 27 29 30 32 36 46 48 49 51 55 57 62 63 65 66 67 70 71 73 74 77 78 79 80 
active=38: 1 2 3 4 5 7 8 10 11 12 16 22 24 26 27 29 30 32 36 46 48 49 51 55 57 62 63 65 66 67 70 71 73 74 77 78 79 80 
active=37: 1 2 3 4 5 7 8 10 11 12 16 22 24 26 27 29 30 32 36 48 49 51 55 57 62 63 65 66 67 70 71 73 74 77 78 79 80 
active=36: 1 2 3 4 5 7 8 10 11 12 16 22 24 26 27 29 30 32 36 48 49 51 55 62 63 65 66 67 70 71 73 74 77 78 79 80 
active=35: 1 2 3 4 5 7 8 10 11 12 16 22 24 26 27 29 30 32 48 49 51 55 62 63 65 66 67 70 71 73 74 77 78 79 80 
active=34: 1 3 4 5 7 8 10 11 12 16 22 24 26 27 29 30 32 48 49 51 55 62 63 65 66 67 70 71 73 74 77 78 79 80 
active=33: 1 3 4 5 7 8 10 11 12 16 22 24 26 27 29 30 32 48 49 51 55 62 63 65 66 67 70 73 74 77 78 79 80 
active=32: 1 3 4 5 7 8 10 11 12 16 22 24 26 27 29 30 32 48 49 51 55 62 63 65 66 67 70 73 74 77 79 80 
active=31: 1 3 4 5 7 8 10 11 12 16 22 24 26 27 29 30 32 48 49 51 55 62 63 65 66 67 70 73 74 77 80 
active=30: 1 3 4 5 7 8 10 11 12 16 22 24 26 27 29 30 32 48 49 51 55 62 63 65 66 67 70 74 77 80 
active=29: 1 3 4 5 7 8 10 11 12 16 22 24 26 27 29 30 32 48 49 51 55 62 63 65 67 70 74 77 80 
active=28: 1 3 4 5 7 8 11 12 16 22 24 26 27 29 30 32 48 49 51 55 62 63 65 67 70 74 77 80 
active=27: 3 4 5 7 8 11 12 16 22 24 26 27 29 30 32 48 49 51 55 62 63 65 67 70 74 77 80 
active=26: 3 4 5 7 8 11 12 16 22 24 26 27 29 30 48 49 51 55 62 63 65 67 70 74 77 80 
active=25: 3 4 5 7 8 11 12 16 22 24 26 27 29 30 48 51 55 62 63 65 67 70 74 77 80 
active=24: 3 4 5 7 8 11 12 16 22 24 26 27 29 30 48 51 55 62 63 65 70 74 77 80 
active=23: 3 4 5 7 8 11 16 22 24 26 27 29 30 48 51 55 62 63 65 70 74 77 80 
active=22: 3 4 5 7 8 11 16 22 24 27 29 30 48 51 55 62 63 65 70 74 77 80 
active=21: 3 4 5 7 8 11 16 22 24 27 29 30 48 51 62 63 65 70 74 77 80 
active=20: 3 4 5 7 8 11 16 22 24 27 29 30 48 51 62 63 65 74 77 80 
active=19: 3 4 5 7 8 11 16 22 24 27 29 30 48 51 62 63 65 74 80 
active=18: 3 4 5 7 8 11 16 22 24 27 29 30 51 62 63 65 74 80 
active=17: 3 4 5 8 11 16 22 24 27 29 30 51 62 63 65 74 80 
active=16: 3 4 5 8 11 16 22 24 27 29 30 51 63 65 74 80 
active=15: 3 4 5 8 11 16 22 24 27 30 51 63 65 74 80 
active=14: 3 4 5 8 16 22 24 27 30 51 63 65 74 80 
active=13: 3 4 5 8 16 24 27 30 51 63 65 74 80 
active=12: 3 4 5 8 16 24 30 51 63 65 74 80 
active=11: 3 4 5 8 16 24 30 63 65 74 80 
active=10: 3 4 5 8 16 24 30 63 74 80 
active=9: 3 5 8 16 24 30 63 74 80 
active=8: 3 5 8 16 30 63 74 80 
active=7: 3 5 8 16 30 63 80 
active=6: 3 5 8 16 63 80 
active=5: 3 5 8 16 63 
active=4: 5 8 16 63 
active=3: 5 8 63 
active=2: 8 63 
active=1: 63 
