0.000000 0.480000 0.520000
1.000000 0.571400 0.590000
2.000000 0.669800 0.710000
3.000000 0.795400 0.812800
4.000000 0.802800 0.844400
5.000000 0.826600 0.870800
6.000000 0.832800 0.876200
7.000000 0.843600 0.894800
8.000000 0.832400 0.894600
9.000000 0.863200 0.914000
10.000000 0.858000 0.910400
11.000000 0.860600 0.929800
12.000000 0.887600 0.951800
13.000000 0.870400 0.950600
14.000000 0.854400 0.953600
15.000000 0.842200 0.946000
16.000000 0.846600 0.954000
17.000000 0.838400 0.963200
18.000000 0.832200 0.967600
19.000000 0.837600 0.966800
20.000000 0.835600 0.976400
21.000000 0.830000 0.974400
22.000000 0.834600 0.972800
23.000000 0.834800 0.976400
24.000000 0.847000 0.979400
25.000000 0.841800 0.977800
26.000000 0.818800 0.979400
27.000000 0.812400 0.978200
28.000000 0.819400 0.981400
29.000000 0.808600 0.982000
30.000000 0.804800 0.977200
31.000000 0.803800 0.977400
32.000000 0.798000 0.977600
33.000000 0.791000 0.981200
34.000000 0.803800 0.978600
35.000000 0.801600 0.982400
36.000000 0.797200 0.981800
37.000000 0.778800 0.982200
38.000000 0.787200 0.982600
39.000000 0.801800 0.986000
40.000000 0.785200 0.982400
41.000000 0.783800 0.985600
42.000000 0.783400 0.981800
43.000000 0.779400 0.984600
44.000000 0.775000 0.987000
45.000000 0.773400 0.990600
46.000000 0.771800 0.992600
47.000000 0.769200 0.992400
48.000000 0.768600 0.992400
49.000000 0.769800 0.994200
50.000000 0.761000 0.993400
51.000000 0.768800 0.996200
52.000000 0.753400 0.996600
53.000000 0.754200 0.998200
54.000000 0.750800 0.998400
55.000000 0.751000 0.998400
56.000000 0.740000 0.997400
57.000000 0.737800 0.998800
58.000000 0.739400 0.999000
59.000000 0.737600 0.999600
60.000000 0.725800 0.999000
61.000000 0.744600 0.999800
62.000000 0.721600 0.999400
63.000000 0.721400 1.000000
64.000000 0.718600 1.000000
65.000000 0.711600 0.999600
66.000000 0.710200 1.000000
67.000000 0.707800 1.000000
68.000000 0.701800 1.000000
69.000000 0.692400 1.000000
70.000000 0.687200 1.000000
71.000000 0.681600 1.000000
72.000000 0.692400 1.000000
73.000000 0.675600 1.000000
74.000000 0.677400 1.000000
75.000000 0.663000 1.000000
76.000000 0.665600 1.000000
77.000000 0.652000 1.000000
78.000000 0.661800 1.000000
79.000000 0.651200 1.000000
80.000000 0.656400 1.000000
