0.000000 0.480000
1.000000 0.571400
2.000000 0.669800
3.000000 0.795400
4.000000 0.802800
5.000000 0.826600
6.000000 0.832800
7.000000 0.843600
8.000000 0.832400
9.000000 0.863200
10.000000 0.858000
11.000000 0.860600
12.000000 0.887600
13.000000 0.870400
14.000000 0.854400
15.000000 0.842200
16.000000 0.846600
17.000000 0.838400
18.000000 0.832200
19.000000 0.837600
20.000000 0.835600
21.000000 0.830000
22.000000 0.834600
23.000000 0.834800
24.000000 0.847000
25.000000 0.841800
26.000000 0.818800
27.000000 0.812400
28.000000 0.819400
29.000000 0.808600
30.000000 0.804800
31.000000 0.803800
32.000000 0.798000
33.000000 0.791000
34.000000 0.803800
35.000000 0.801600
36.000000 0.797200
37.000000 0.778800
38.000000 0.787200
39.000000 0.801800
40.000000 0.785200
41.000000 0.783800
42.000000 0.783400
43.000000 0.779400
44.000000 0.775000
45.000000 0.773400
46.000000 0.771800
47.000000 0.769200
48.000000 0.768600
49.000000 0.769800
50.000000 0.761000
51.000000 0.768800
52.000000 0.753400
53.000000 0.754200
54.000000 0.750800
55.000000 0.751000
56.000000 0.740000
57.000000 0.737800
58.000000 0.739400
59.000000 0.737600
60.000000 0.725800
61.000000 0.744600
62.000000 0.721600
63.000000 0.721400
64.000000 0.718600
65.000000 0.711600
66.000000 0.710200
67.000000 0.707800
68.000000 0.701800
69.000000 0.692400
70.000000 0.687200
71.000000 0.681600
72.000000 0.692400
73.000000 0.675600
74.000000 0.677400
75.000000 0.663000
76.000000 0.665600
77.000000 0.652000
78.000000 0.661800
79.000000 0.651200
80.000000 0.656400
