0.000000 0.500000
1.000000 0.615000
2.000000 0.634000
3.000000 0.621500
4.000000 0.633800
5.000000 0.638400
6.000000 0.673700
7.000000 0.664100
8.000000 0.663500
9.000000 0.647400
10.000000 0.657600
11.000000 0.660700
12.000000 0.659600
13.000000 0.666400
14.000000 0.686400
15.000000 0.687300
16.000000 0.687500
17.000000 0.692300
18.000000 0.698100
19.000000 0.708200
20.000000 0.697500
21.000000 0.710200
22.000000 0.715500
23.000000 0.708000
24.000000 0.707000
25.000000 0.706800
26.000000 0.702400
27.000000 0.698500
28.000000 0.696500
29.000000 0.682800
30.000000 0.680200
31.000000 0.673500
32.000000 0.669200
33.000000 0.675800
34.000000 0.679600
35.000000 0.672600
36.000000 0.676800
37.000000 0.659600
38.000000 0.660800
39.000000 0.658700
40.000000 0.662100
41.000000 0.653900
42.000000 0.649900
43.000000 0.650100
44.000000 0.639600
45.000000 0.636200
46.000000 0.625300
47.000000 0.630500
48.000000 0.623000
49.000000 0.629000
50.000000 0.620500
51.000000 0.624600
52.000000 0.631600
53.000000 0.619400
54.000000 0.619500
55.000000 0.618300
56.000000 0.604100
57.000000 0.603200
58.000000 0.595800
59.000000 0.607100
60.000000 0.598800
61.000000 0.598700
62.000000 0.587300
63.000000 0.593900
64.000000 0.576900
65.000000 0.582100
66.000000 0.578200
67.000000 0.579800
68.000000 0.572800
69.000000 0.563800
70.000000 0.552700
71.000000 0.567400
72.000000 0.565600
73.000000 0.556100
74.000000 0.552500
75.000000 0.556600
76.000000 0.547200
77.000000 0.546900
78.000000 0.541000
79.000000 0.542800
80.000000 0.548800
