0.000000 0.500000
1.000000 0.616600
2.000000 0.655600
3.000000 0.644200
4.000000 0.673400
5.000000 0.662700
6.000000 0.704500
7.000000 0.703900
8.000000 0.712200
9.000000 0.704400
10.000000 0.709500
11.000000 0.733400
12.000000 0.740200
13.000000 0.753700
14.000000 0.783800
15.000000 0.778400
16.000000 0.792400
17.000000 0.797900
18.000000 0.806800
19.000000 0.813200
20.000000 0.820400
21.000000 0.835900
22.000000 0.840300
23.000000 0.849700
24.000000 0.856900
25.000000 0.858400
26.000000 0.856700
27.000000 0.862400
28.000000 0.866600
29.000000 0.861000
30.000000 0.867000
31.000000 0.866900
32.000000 0.870400
33.000000 0.861800
34.000000 0.874300
35.000000 0.884300
36.000000 0.875100
37.000000 0.881900
38.000000 0.890700
39.000000 0.888500
40.000000 0.888100
41.000000 0.899500
42.000000 0.894800
43.000000 0.900900
44.000000 0.904400
45.000000 0.902000
46.000000 0.904700
47.000000 0.904400
48.000000 0.911100
49.000000 0.915300
50.000000 0.917300
51.000000 0.915000
52.000000 0.929500
53.000000 0.925000
54.000000 0.926800
55.000000 0.929400
56.000000 0.932700
57.000000 0.926900
58.000000 0.935700
59.000000 0.937100
60.000000 0.938200
61.000000 0.939100
62.000000 0.942400
63.000000 0.938400
64.000000 0.941000
65.000000 0.942400
66.000000 0.945500
67.000000 0.944600
68.000000 0.948800
69.000000 0.947700
70.000000 0.948900
71.000000 0.950500
72.000000 0.951600
73.000000 0.951000
74.000000 0.951100
75.000000 0.953300
76.000000 0.955300
77.000000 0.958400
78.000000 0.956500
79.000000 0.956300
80.000000 0.955500
