active=20: 1 2 3 4 5 6 7 8 9 10 11 12 13 14 15 16 17 18 19 20 
active=19: 1 2 3 4 5 6 7 8 9 10 11 12 13 14 15 16 17 18 19 
active=18: 1 2 3 4 5 6 7 8 9 10 11 12 13 14 15 16 18 19 
active=17: 1 2 3 4 5 6 7 8 9 10 11 12 13 14 15 16 19 
active=16: 1 2 3 4 5 6 7 8 9 10 11 12 13 14 15 19 
active=15: 1 2 3 4 5 6 7 8 9 10 11 12 13 15 19 
active=14: 1 2 3 4 5 6 7 8 9 10 11 13 15 19 
active=13: 1 2 3 4 5 6 7 8 9 10 11 13 15 
active=12: 1 2 3 4 5 6 7 8 9 10 13 15 
active=11: 1 2 3 4 5 6 7 9 10 13 15 
active=10: 1 2 3 4 5 6 7 9 10 15 
active=9: 1 2 3 4 5 6 7 9 10 
active=8: 1 3 4 5 6 7 9 10 
active=7: 1 3 4 5 6 7 9 
active=6: 3 4 5 6 7 9 
active=5: 3 4 5 7 9 
active=4: 3 4 5 9 
active=3: 4 5 9 
active=2: 4 9 
active=1: 4 
