0.000000 0.494118 0.505882
1.000000 0.678824 0.682765
2.000000 0.698235 0.709412
3.000000 0.723235 0.732000
4.000000 0.762529 0.781824
5.000000 0.778824 0.794235
6.000000 0.792706 0.813647
7.000000 0.817000 0.829235
8.000000 0.820765 0.846588
9.000000 0.856529 0.878412
10.000000 0.860647 0.876765
11.000000 0.877294 0.899000
12.000000 0.885353 0.917412
13.000000 0.894235 0.919176
14.000000 0.894765 0.919882
15.000000 0.888529 0.916294
16.000000 0.886882 0.917412
17.000000 0.888059 0.920882
18.000000 0.878118 0.916765
19.000000 0.881824 0.922824
20.000000 0.882471 0.920941
21.000000 0.878353 0.917471
22.000000 0.872647 0.922118
23.000000 0.868294 0.925294
24.000000 0.873941 0.919000
25.000000 0.880765 0.924059
26.000000 0.879000 0.925176
27.000000 0.878235 0.927353
28.000000 0.874000 0.926118
29.000000 0.875882 0.928294
30.000000 0.879529 0.930000
31.000000 0.872765 0.932529
32.000000 0.867529 0.935941
33.000000 0.871235 0.931353
34.000000 0.868118 0.932294
35.000000 0.870353 0.942118
36.000000 0.867529 0.937294
37.000000 0.870588 0.943059
38.000000 0.866588 0.941000
39.000000 0.860000 0.945529
40.000000 0.860882 0.944941
41.000000 0.862941 0.946118
42.000000 0.854176 0.946588
43.000000 0.859235 0.945000
44.000000 0.855588 0.947353
45.000000 0.855706 0.947353
46.000000 0.853059 0.947647
47.000000 0.849059 0.948588
48.000000 0.851059 0.948824
49.000000 0.849412 0.950471
50.000000 0.845235 0.954706
51.000000 0.841647 0.951176
52.000000 0.838529 0.955118
53.000000 0.832412 0.954059
54.000000 0.830000 0.956294
55.000000 0.832706 0.955765
56.000000 0.828529 0.957176
57.000000 0.820765 0.956412
58.000000 0.822882 0.958235
59.000000 0.824176 0.958000
60.000000 0.817941 0.958235
61.000000 0.821294 0.960412
62.000000 0.816765 0.960706
63.000000 0.814118 0.962941
64.000000 0.814706 0.962000
65.000000 0.808294 0.964765
66.000000 0.807647 0.965588
67.000000 0.799647 0.964471
68.000000 0.800059 0.963941
69.000000 0.797118 0.964588
70.000000 0.787529 0.964882
71.000000 0.791941 0.964588
72.000000 0.792471 0.964941
73.000000 0.791529 0.961412
74.000000 0.786294 0.965118
75.000000 0.780235 0.964000
76.000000 0.779824 0.965294
77.000000 0.773824 0.964353
78.000000 0.770059 0.965706
79.000000 0.766059 0.966824
80.000000 0.767706 0.965941
81.000000 0.768824 0.967353
82.000000 0.760176 0.968824
83.000000 0.761529 0.970765
84.000000 0.755647 0.965353
85.000000 0.759176 0.967941
86.000000 0.754529 0.969118
87.000000 0.753941 0.970294
88.000000 0.751176 0.971765
89.000000 0.752529 0.973118
90.000000 0.749294 0.972529
91.000000 0.746706 0.972824
92.000000 0.743529 0.972824
93.000000 0.739176 0.973529
94.000000 0.735235 0.972353
95.000000 0.734824 0.972647
96.000000 0.730000 0.970588
97.000000 0.732765 0.970706
98.000000 0.728118 0.970647
99.000000 0.724471 0.972765
100.000000 0.727000 0.972765
101.000000 0.726824 0.972059
102.000000 0.719118 0.973706
103.000000 0.718000 0.974000
104.000000 0.723647 0.973176
105.000000 0.722000 0.973471
106.000000 0.717824 0.973647
107.000000 0.709882 0.973647
108.000000 0.710824 0.973588
109.000000 0.720235 0.974294
110.000000 0.707059 0.975471
111.000000 0.706000 0.975235
112.000000 0.705882 0.975176
113.000000 0.704647 0.974059
114.000000 0.700059 0.975294
115.000000 0.696647 0.975118
116.000000 0.694000 0.974588
117.000000 0.698176 0.976059
118.000000 0.692588 0.976471
119.000000 0.693882 0.975529
120.000000 0.687765 0.974824
