1 0.129234210526 0.967475455085
2 0.043367797872 1.113028578490
3 -0.005213896907 0.944951538513
4 0.147675968085 0.987520568351
5 -0.069214127660 1.086737790886
6 0.046222183673 1.017806118242
7 -0.139529346939 0.880869622798
8 -0.006642638298 0.985335336591
9 -0.009799273684 0.908139015768
10 0.088380106383 1.007594266053
11 0.044460763441 0.974848698673
12 0.108311845361 0.934739227628
13 0.156772446809 1.077078986034
14 -0.038002553191 0.921413942805
15 -0.111589717391 1.010147104477
16 -0.122045670103 1.035710100787
17 0.033097187500 1.071060304019
18 0.111587406250 0.997345752130
19 -0.117159821053 1.013383976800
20 0.195545553191 1.037779375277
