1 0.027770126582 0.877296908172
2 -0.183250752941 0.912167917923
3 0.006504951220 1.131629082577
4 0.135097100000 1.029449532351
5 0.224505776316 1.030188211971
6 -0.010098600000 0.890627949142
7 -0.061417209302 0.936742290897
8 0.053639835616 1.028328813207
9 0.007933324324 1.115940312994
10 -0.110982367089 0.867025585120
11 0.018084493827 0.859532751432
12 -0.056409477273 0.863117181937
13 0.065931011494 1.000063411616
14 0.104614000000 1.120087852066
15 0.210846026667 0.950426762372
16 0.139535076923 0.890479528724
17 -0.077957341772 1.191027076293
18 -0.100626730769 0.937885531359
19 -0.024914869048 1.055412570889
20 -0.094787530864 1.056142093526
21 0.191618558442 0.901591274353
22 0.048787385542 0.990063178958
23 0.020204000000 1.025921750418
24 0.129598051948 1.000673387901
25 0.202726354430 1.120491030288
26 0.087028862069 1.085373676836
27 -0.159598486111 0.984977034665
28 -0.220370117647 1.055600409841
29 -0.046186512195 1.049607821069
30 0.170988512195 0.916701733302
31 0.074972406593 1.036247095467
32 -0.054394392405 0.871240471158
33 0.042423200000 1.023023969563
34 -0.060862585366 0.964460756446
35 0.114006861111 0.931492797103
36 -0.028566346154 1.047811828137
37 -0.023008271605 1.037181237498
38 -0.086694807229 1.002311771646
39 0.016139964286 0.939292482996
40 0.019189631579 0.982692421737
41 0.114188419753 0.912446233854
42 -0.003580814815 1.044607102044
43 0.285215077922 1.117247129916
44 0.136390779221 1.135451205653
45 0.032037753247 0.899335648804
46 -0.052846726190 0.927061843243
47 -0.183169976471 1.030965208460
48 -0.144146753247 1.031517518913
49 0.175381922078 1.006887340202
50 0.060780081081 1.144960972009
51 0.204221804598 1.067980674041
52 -0.081850060976 1.158694496974
53 0.048689037500 0.916326292855
54 0.031550707317 1.048803005123
55 0.052950385542 0.959429381575
56 0.133807226190 1.080236528837
57 -0.056475280899 0.895271497586
58 -0.030585785714 0.925391571361
59 -0.089809770115 0.897340251178
60 -0.028940952381 0.974561576220
61 -0.002055487805 0.791865123991
62 -0.052498500000 0.962293439323
63 -0.084234794872 1.093157246651
64 -0.066796253333 0.996134618352
65 0.111454812500 0.890492931951
66 0.058112246753 0.942982205306
67 0.019562238095 0.936325467159
68 -0.037484268293 1.070092954130
69 -0.220583845238 0.974653456550
70 0.026049617284 0.900575224787
71 0.031294875000 0.949171443435
72 0.015894607143 0.954987900238
73 -0.118337152941 0.935245699798
74 -0.020326858974 1.041217341648
75 -0.115102512195 0.972249350325
76 0.099071459459 0.960669455585
77 -0.025997328767 1.143047333050
78 0.118397742857 1.087191611155
79 -0.071707350649 1.076631556738
80 -0.050126180556 1.110852397222
81 0.047543287500 0.995037034244
82 0.057645542169 0.984998185659
83 0.019336066667 0.960056254717
84 -0.056719273810 1.034379251531
85 0.043565500000 1.051202481740
86 -0.141212131579 1.105730853997
87 0.115456191011 0.984460134943
88 -0.156442051948 1.089871400882
89 -0.058868395062 0.940837134447
90 -0.088027337662 1.016544827548
91 -0.142249376623 1.031499615603
92 0.065693594937 0.893226522526
93 -0.058429569620 0.990806150487
94 0.059528407895 0.995678336156
95 -0.052207604938 0.905490060530
96 -0.245557451220 0.932674971367
97 -0.127095300000 0.890688031770
98 -0.030411200000 1.123316957561
99 -0.022942587500 0.963829816172
100 -0.007477675325 1.019636692902
