1 -0.043485834904 0.865424126532
2 -0.046519848010 1.134450077342
3 0.056710118089 0.976285872642
4 -0.031458622148 1.038006372681
5 -0.167784859184 1.059320762442
6 0.147161365733 0.897351657416
7 -0.028874865892 1.059056632486
8 -0.121314100407 0.967511333446
9 0.025931107831 0.921337034000
10 -0.062785102870 0.853678342900
11 -0.033954228792 1.144972307186
12 0.025014027483 1.148104884508
13 0.105701458678 1.102250162973
14 -0.084116149832 0.914529691969
15 0.105583977654 1.085996827869
16 -0.160777481907 1.052527135176
17 -0.097747656416 0.992040667561
18 0.052500615353 1.030221488374
19 0.098540696996 0.951022026619
20 -0.123250624339 1.013552542995
21 -0.066605269354 1.068045081308
22 0.024918029958 0.996753105428
23 -0.045812586121 0.928036655530
24 -0.017993937869 1.066388719725
25 -0.050369881412 0.899773000307
26 -0.005604488278 0.963905764240
27 0.046760323947 0.982017338627
28 -0.072182053244 1.089925281289
29 -0.042212103525 0.923388450376
30 -0.060525748862 1.040545537704
31 -0.047391868386 1.103341558587
32 0.070203640743 1.062086421353
33 0.061404128821 0.947341884081
34 -0.041295495531 0.913027583307
35 -0.046527855623 0.933201919920
36 -0.033425504728 0.900159256976
37 0.023948559133 0.966253316637
38 -0.120412664574 1.056185299132
39 -0.144561589941 0.957977252295
40 0.036574523323 0.877458080296
41 -0.008893259070 1.010859094007
42 -0.046431609491 1.160648651592
43 -0.084962088583 1.044219585281
44 0.161936131547 1.064209426534
45 -0.112137077086 0.884871590532
46 0.148307756217 0.953036342437
47 0.116927150266 1.234645877362
48 0.031500536959 0.941701052977
49 -0.132812674027 0.990094231468
50 -0.143574809506 0.936216357113
51 0.077180456115 0.931256092443
52 0.060712199369 1.097665092049
53 0.035101020552 0.908713672808
54 0.091203607180 1.127175768326
55 0.106749159957 0.903743158464
56 -0.105458605355 0.933098324176
57 0.159520757578 0.994010041127
58 -0.007183764516 1.001146232411
59 0.194721973045 0.942982317167
60 0.151050413741 1.011386666028
61 -0.131694811992 1.047750403863
62 0.129536721709 0.897576507270
63 -0.062746600752 0.940963527214
64 -0.133890537376 1.011462416388
65 -0.003357802998 1.097021957570
66 0.035185097481 0.948761230957
67 -0.110086362016 0.965978779642
68 0.067941215527 0.999746270364
69 0.061414027836 0.937282113089
70 0.162517065864 0.953157862684
71 0.022006234340 1.037304320427
72 0.121515572566 0.970740912221
73 -0.047664446040 1.034465213687
74 0.056086422654 1.090272582132
75 -0.140704221193 0.919878904169
76 -0.277034640143 1.047816029306
77 0.106760192890 1.064441793644
78 0.038231089206 0.919124821778
79 -0.070301287170 0.948733647315
80 -0.036264368889 1.090797121832
81 -0.037314551628 1.008814352625
82 0.122469029450 1.059608654772
83 -0.071239052413 1.096555416333
84 -0.158592287894 0.947161643392
85 -0.195037188942 0.977636448980
86 0.091730650256 1.054422548017
87 0.109292893616 0.912365735460
88 -0.012798709179 0.889747049946
89 -0.074925090218 0.841454865657
90 -0.045268395034 1.205974415000
91 -0.140626431357 1.068347977072
92 -0.039549464145 0.933068507161
93 0.172437398262 0.929558703603
94 0.030680754300 1.081938635111
95 0.024569825429 1.072412877953
96 0.095168497889 0.979559913888
97 0.040814968148 1.057601250494
98 0.107423831477 0.954386709494
99 0.176634287246 0.995231701953
100 0.035030472065 0.876181396437
