0.000000 0.520000
1.000000 0.616400
2.000000 0.695800
3.000000 0.740000
4.000000 0.773400
5.000000 0.805400
6.000000 0.811200
7.000000 0.826000
8.000000 0.869600
9.000000 0.861400
10.000000 0.873000
11.000000 0.878800
12.000000 0.898000
13.000000 0.899800
14.000000 0.900200
15.000000 0.902400
16.000000 0.917800
17.000000 0.911600
18.000000 0.918800
19.000000 0.938000
20.000000 0.935600
21.000000 0.955000
22.000000 0.954600
23.000000 0.960600
24.000000 0.963600
25.000000 0.971000
26.000000 0.971200
27.000000 0.978400
28.000000 0.977000
29.000000 0.977200
30.000000 0.983000
31.000000 0.980200
32.000000 0.985200
33.000000 0.983800
34.000000 0.986400
35.000000 0.987400
36.000000 0.985000
37.000000 0.986400
38.000000 0.988600
39.000000 0.992000
40.000000 0.993000
41.000000 0.992200
42.000000 0.991000
43.000000 0.991800
44.000000 0.994600
45.000000 0.994000
46.000000 0.993400
47.000000 0.994000
48.000000 0.993600
49.000000 0.995600
50.000000 0.995800
51.000000 0.995600
52.000000 0.997000
53.000000 0.995400
54.000000 0.996800
55.000000 0.997200
56.000000 0.998600
57.000000 0.998800
58.000000 0.999000
59.000000 0.999200
60.000000 0.999000
61.000000 0.999200
62.000000 0.999600
63.000000 1.000000
64.000000 0.999800
65.000000 1.000000
66.000000 1.000000
67.000000 1.000000
68.000000 1.000000
69.000000 1.000000
70.000000 1.000000
71.000000 1.000000
72.000000 1.000000
73.000000 1.000000
74.000000 1.000000
75.000000 1.000000
76.000000 1.000000
77.000000 1.000000
78.000000 1.000000
79.000000 1.000000
80.000000 1.000000
