1 -0.191921629630 0.897718226732
2 0.030726386243 1.054586826099
3 0.040444899471 0.968246472620
4 0.027240000000 1.034219215906
5 0.036692269841 0.950164898674
6 0.020969994819 0.991705693913
7 -0.087658113990 0.945497705309
8 0.083066539683 0.954636020865
9 -0.042339614973 0.947697124066
10 0.047071074866 0.978807174969
11 -0.011962239362 1.114334492891
12 0.072544612903 0.979994948338
13 -0.081970129730 0.930254205379
14 -0.015308301587 0.981835984563
15 0.009664890625 1.012076409976
16 -0.041301836842 0.944725363492
17 0.035563247368 0.965472147054
18 0.024615395722 1.081869149374
19 0.069999824742 1.013293496453
20 -0.047191382199 0.954829956738
