N=50
P=20
R=3
1 0.034911 -0.707405 -0.300905 -2.295743 1.238183 -1.158639 0.621188 -0.174663 0.306581 -1.123947 -0.297933 -0.447056 -0.182092 -0.579320 0.131680 -0.462789 -1.939852 -1.210409 0.955420 0.472984 0.172111 2.000000
2 -0.368730 1.080055 -1.074578 0.020434 0.701273 3.344217 -0.154584 0.676057 -0.179017 3.722501 -0.208674 -0.453205 0.375205 0.220617 -0.865560 0.920098 -1.884828 -0.434744 -0.717624 0.555120 0.510354 2.000000
3 1.116474 -1.625743 1.133788 1.166202 1.203329 -1.041916 2.926996 0.000225 -0.502250 -1.343784 0.301468 1.222365 0.167297 -1.201796 0.371885 1.456639 -1.275125 0.405524 1.395414 0.109655 0.446998 1.000000
4 0.838923 -0.063998 0.873918 0.543762 0.289565 1.185900 0.157521 -0.396265 0.008378 1.092959 -1.035448 -0.560588 1.943070 0.579670 1.179452 0.527346 -1.274130 -1.133148 1.019405 -0.477487 0.470949 1.000000
5 0.369785 1.151301 1.689473 0.150499 -0.961493 0.962731 -0.420200 -0.618919 -0.630896 -0.188983 -0.547480 0.492004 1.848693 1.526164 -0.618319 -0.615226 0.413286 -0.561363 -0.178693 -0.854342 0.264052 2.000000
6 -0.102669 -0.319529 -0.443833 -0.584291 1.516289 0.542802 1.427994 0.770262 0.577970 -1.679451 0.220421 1.955559 -0.733194 -0.358445 0.213426 -0.643900 -0.516142 -0.320469 0.504349 0.178433 1.794681 1.000000
7 0.134391 0.858584 0.500661 0.300402 -0.310794 -1.556640 0.091044 0.116311 0.709210 0.717113 -0.322350 -0.037207 -0.193337 1.010721 -1.198306 -0.024719 1.215864 0.355652 1.387189 -0.344914 2.358653 2.000000
8 -0.673897 -0.142027 -0.255437 -0.846786 -0.118855 -0.306697 -0.789349 -0.888102 -0.638324 -0.637827 -0.331306 0.316115 -0.454898 -0.750372 -1.777064 -0.805489 0.842094 -0.952777 -1.743993 0.703841 0.833814 1.000000
9 1.320848 -0.256790 -0.679163 0.246362 -0.374765 -0.598283 0.154392 0.422990 -0.400571 -0.212230 1.818786 0.078814 -0.013075 1.834966 0.723978 0.777037 -0.723227 0.327598 1.625552 0.857080 0.830349 1.000000
10 0.736124 0.229253 0.174308 -0.894087 -0.578436 -1.031195 -0.404092 -1.031187 1.945283 -0.049632 1.721027 1.614560 -0.311581 -0.303587 1.490725 -0.537912 1.205687 0.393550 1.065625 -0.136401 3.107022 2.000000
11 -0.152481 -0.539143 0.032249 0.756058 -0.083037 0.794698 0.038333 0.386164 -0.082923 0.459001 0.300161 1.030197 0.243173 -1.895751 0.443334 0.603859 -0.122690 0.244228 0.260230 1.015296 2.847191 1.000000
12 -1.545039 -1.000241 -1.779189 -0.881819 1.002765 -1.584394 1.337405 1.060861 1.206951 -0.090552 -2.163718 -0.838510 0.739237 0.288340 0.651082 -1.494349 0.374690 0.802384 0.642928 -0.595774 6.648132 1.000000
13 1.201207 -0.590396 -0.364650 -0.554467 1.453063 2.557650 1.453138 0.360766 0.442234 -1.056686 0.858177 -1.888807 1.242498 -0.308154 0.991225 -0.040325 -0.488846 1.176201 0.181710 -0.785229 2.384751 2.000000
14 0.152139 0.786931 0.427488 0.665595 0.873285 0.121449 0.781236 -0.731441 0.503280 1.388510 -0.116606 -0.781854 -1.328769 0.526988 -0.191547 1.076468 0.970538 -0.020825 0.748501 1.314112 3.212401 2.000000
15 -0.384149 -0.416512 0.108616 -0.249878 1.846281 -1.612662 -0.359314 -0.539871 -1.164283 0.224361 -0.309280 -0.633021 0.302895 1.670739 0.057887 0.092749 -0.815582 -0.432954 0.814963 0.771910 1.500400 1.000000
16 0.078547 0.432721 0.596611 -0.194054 0.118576 1.023408 2.396541 1.457437 0.188425 -1.150347 -1.041213 -0.917760 3.053935 -0.088963 -1.673123 -1.027304 0.592301 0.298778 -1.088367 1.118498 1.998344 1.000000
17 -0.645099 -2.503580 -1.088624 0.127518 -1.642403 -0.754138 -0.149304 -1.007401 1.331500 0.473840 0.750951 -2.109615 1.204986 0.610961 0.278010 1.199915 0.952843 -1.050829 -0.375124 -0.653607 1.373217 2.000000
18 -1.477347 0.237694 0.745460 -0.452677 -0.868234 -0.375106 0.261875 -0.850740 1.888421 0.033795 2.324784 1.221314 -0.683427 -0.769229 -0.955477 1.052068 1.958470 -0.680328 -1.782721 0.379771 2.247617 2.000000
19 -0.449739 -0.320172 -0.582126 -0.347590 -0.996836 0.540377 -0.259203 0.623470 -0.110665 0.270763 0.675458 1.070243 0.451846 0.863002 -0.694027 0.877822 -0.399672 0.423669 -0.212386 -0.893741 2.359010 1.000000
20 0.513535 -0.082143 -1.611393 -2.239358 0.520246 -1.502187 0.592312 1.303181 -0.361020 1.761636 0.104478 0.147060 -1.563445 0.631962 -0.248932 -1.696908 0.967955 -1.425800 0.451275 0.743975 3.861187 2.000000
21 -2.076952 0.300985 -0.171874 1.363321 0.482679 0.398835 -0.143365 0.132690 1.202056 -0.644402 -0.341039 -0.822003 -1.021885 -0.421163 1.465642 -0.274429 0.763128 0.432437 -0.618023 0.212618 0.615153 2.000000
22 0.134323 -1.055126 0.041967 -0.087692 -0.476067 1.269375 -0.424480 -1.211620 1.116294 -0.417351 -0.578223 -0.025994 -0.138150 1.146277 -0.307013 0.500258 1.722859 1.254043 0.993188 1.072480 1.042620 2.000000
23 -0.686432 0.091343 0.703959 -0.379746 -0.423963 -0.785682 -0.369341 0.114587 0.707955 0.210837 0.213789 -0.220743 -0.886708 0.241923 -0.449402 -1.061344 1.625468 -0.038697 1.306020 -0.148346 3.298793 1.000000
24 -1.188159 0.165212 -0.392517 -0.664615 2.205115 0.603328 -0.559040 -0.091458 -0.313741 0.853993 -0.237234 -0.188066 -0.515103 0.498009 -1.365711 1.477420 -0.514937 -0.869056 1.550709 0.741837 1.925079 1.000000
25 -1.286435 -0.109119 -1.368850 -1.720159 -1.173038 0.189762 -0.429547 -0.546076 -0.572993 -0.743714 0.196926 -0.791976 -1.123077 0.764741 -0.900553 -1.405415 -2.082286 0.584047 -0.685083 2.418923 0.961740 2.000000
26 0.282233 -0.998734 -0.057671 1.429829 -1.014485 0.483841 -0.784348 0.502958 -1.156107 1.202565 1.003981 -1.735383 0.149173 0.166487 -1.064937 -1.240540 -0.352715 -0.137210 -0.174354 0.145106 1.329250 2.000000
27 -0.372918 0.003570 -0.600383 0.354463 0.200577 -0.960952 1.279034 0.976203 0.859918 0.766608 0.582068 -0.273221 1.426925 -0.438975 -0.741652 -0.120547 0.228627 -0.524144 1.986883 -0.535847 5.081982 2.000000
28 0.168529 0.744571 0.605184 -1.620397 0.637627 -0.116502 0.394635 -2.327024 -1.724913 1.268663 -0.168073 -0.532746 -0.154393 -0.078572 0.567137 0.320084 -1.717343 0.913053 0.354643 0.221682 1.972222 2.000000
29 -0.695174 -0.699277 0.282386 0.797858 -1.372229 -1.018929 -0.280140 -2.052056 -0.843372 1.662621 0.028632 0.575715 -0.106322 -0.340540 -0.195301 0.903282 -0.613064 -2.143818 0.717020 0.652797 0.243611 2.000000
30 0.052319 0.596211 -1.136028 0.863289 -1.240340 -0.217208 0.390453 0.136621 0.186948 -0.716657 0.361927 0.261939 2.107603 0.741145 -0.865857 1.433152 0.762340 0.370115 -1.920242 0.456090 0.470161 2.000000
31 -0.088840 0.864715 -0.082143 1.075571 0.114649 -1.308229 -1.038670 0.440247 1.487815 -0.357201 0.029668 -0.366097 0.300203 0.569131 -0.123857 0.394280 -0.774200 0.592379 0.070556 -1.508495 1.230128 1.000000
32 -1.083641 1.347407 -1.268940 -1.435528 -0.893447 -0.841806 1.678078 0.560159 0.186278 0.108725 -0.232343 -1.306465 -1.492759 0.514887 -0.545919 -2.077449 0.390435 -0.201717 -0.644860 -0.781351 3.087407 2.000000
33 0.129325 -0.961119 0.058229 -1.125575 0.520538 -0.092083 1.238732 2.311414 0.427834 0.322090 1.492313 1.292182 0.849941 -0.070481 0.533703 1.500501 -0.277294 -0.215815 1.133105 0.971184 2.555196 2.000000
34 -0.190750 0.392916 0.448215 -0.187745 0.015137 1.504482 0.881757 -0.711270 -1.685432 0.580770 2.538200 0.162703 -0.412691 -1.425943 -0.164314 -1.139442 1.481632 0.297280 -0.997255 -0.474513 0.341278 1.000000
35 -0.251863 -0.752189 -0.800814 -0.377827 -0.414921 -0.465409 1.274373 -2.950388 -1.357077 1.266127 0.302383 0.816019 -2.444556 1.679481 -1.284638 -0.084692 -0.067941 -0.913087 -1.731347 -0.906271 3.169179 2.000000
36 -1.611231 -0.507200 0.734894 -0.587812 -2.121793 -0.027360 -0.892946 -0.542156 0.785250 -0.081113 -0.398237 -0.493126 0.219906 -2.609606 1.924649 -0.297161 -2.444218 -0.174919 2.128140 -0.666765 3.710890 2.000000
37 -0.977267 1.088440 0.134228 0.887523 -1.042148 -0.873930 -0.603641 -0.488858 -1.733826 -0.180044 0.639303 -0.308957 -0.831932 0.492360 1.069029 0.872909 0.542912 0.744291 1.027784 -1.713076 2.228248 2.000000
38 -0.266684 0.729365 0.006913 0.758927 -0.463713 -1.035048 0.469511 0.412525 -0.533110 0.668538 -0.943465 0.568173 0.877494 -1.273491 -1.665999 1.011390 -1.286428 1.276354 0.362859 1.822617 1.105919 2.000000
39 1.922456 -1.366807 -1.228855 -0.607800 -0.105564 -0.119020 0.186800 0.041127 -1.193668 -0.107513 -0.410423 0.616049 1.603689 -0.286355 0.135424 1.269079 1.404331 0.248838 0.932343 -0.307046 5.977496 2.000000
40 -1.163147 0.622466 0.003390 0.801409 0.861742 -0.019660 -0.442414 1.899221 -0.184377 1.778973 0.669394 -0.152369 0.819974 0.107228 1.318425 1.619413 0.652863 1.060191 -1.723691 -0.940923 1.454502 1.000000
41 -0.174708 -1.670426 -0.962706 -0.778751 -0.745198 0.811792 -1.660276 -1.894612 -0.291413 -1.272186 0.507269 -0.446046 -0.188949 1.069778 -0.266220 -1.353490 0.134526 1.082973 -1.427018 0.602727 7.033742 1.000000
42 0.745492 0.177082 -1.342011 -0.745455 0.305398 0.823474 0.221856 -1.435417 -0.407131 0.070230 -0.154518 1.035021 -1.119288 2.093438 0.047893 -2.664447 0.969015 -0.104828 0.625974 -0.841507 1.166129 1.000000
43 -1.598002 -2.044802 -0.032919 -1.086251 0.296641 0.294718 0.682643 1.617695 -0.827130 0.496603 2.847565 -0.481793 -1.742261 -2.655537 1.069551 -0.713148 -0.001539 -0.163530 -0.042169 -0.110731 1.757957 1.000000
44 -0.549813 0.013685 -1.848073 -1.298856 0.184288 -0.275569 0.611152 0.440873 -1.005366 -1.013674 1.375980 0.779952 0.445705 -0.808802 2.186114 0.022573 -1.519432 1.006559 1.433570 -1.617675 0.799796 2.000000
45 -0.892574 0.010272 -0.520338 0.221743 -1.263444 -1.033894 -1.653090 0.759804 -1.366422 -0.965283 0.242596 0.107592 -0.565020 -0.107827 0.289940 0.036208 -0.954108 -1.433976 0.220325 -0.104983 3.180192 1.000000
46 1.190972 -0.568138 0.076979 0.532433 1.287557 -0.439279 -0.110676 1.518856 -0.989456 -1.673068 0.915734 -0.826056 1.188699 0.127952 -0.054612 0.534441 -1.124472 0.408155 -2.035524 -0.777135 0.171446 1.000000
47 1.359565 -0.720454 0.881613 0.636360 1.238323 -0.243158 -0.153647 -1.726008 -0.481528 0.701368 1.583540 -1.943887 0.418072 0.090182 0.399599 -0.319082 -1.590268 -0.387576 0.135848 -0.543773 1.508346 1.000000
48 -1.206835 -0.026549 0.448487 -0.726646 -1.026165 1.225333 -0.445919 -0.556252 0.177079 -0.251701 -0.570918 0.182449 -2.265668 -0.385400 1.391376 1.456486 1.510784 -0.504436 -0.011189 0.560043 0.485576 2.000000
49 0.083823 0.972784 -0.202057 2.311380 1.988221 2.855846 -1.574576 -0.158723 -0.287088 1.467174 0.195022 0.528427 0.389612 1.249767 -1.953141 1.314419 -0.024200 -0.401785 0.243733 1.490364 0.284057 1.000000
50 0.709000 -1.925541 -1.925352 -0.311272 -0.169842 -0.208385 1.507628 -0.367419 0.392066 -0.839924 -0.454053 0.137050 2.133274 0.582595 -0.485632 0.016748 -1.026657 0.596508 0.371845 -1.888127 1.261615 2.000000
uncorrelated Gaussian covariates
missing covariate fraction: 0.000000
no latent classes
   lambda(t|risk 1)=C, <t>=4.000000 for zero covariates
   lambda(t|risk 2)=C, <t>=5.000000 for zero covariates
   risk 1: beta[1]=0.100000
   risk 1: beta[2]=0.200000
   risk 1: beta[3]=0.300000
   risk 1: beta[4]=0.400000
   risk 1: beta[5]=0.500000
   risk 1: beta[6]=-0.100000
   risk 1: beta[7]=-0.200000
   risk 1: beta[8]=-0.300000
   risk 1: beta[9]=-0.400000
   risk 1: beta[10]=-0.500000
   risk 1: beta[11]=0.000000
   risk 1: beta[12]=0.000000
   risk 1: beta[13]=0.000000
   risk 1: beta[14]=0.000000
   risk 1: beta[15]=0.000000
   risk 1: beta[16]=0.000000
   risk 1: beta[17]=0.000000
   risk 1: beta[18]=0.000000
   risk 1: beta[19]=0.000000
   risk 1: beta[20]=0.000000
   risk 2: beta[1]=0.010000
   risk 2: beta[2]=0.020000
   risk 2: beta[3]=0.030000
   risk 2: beta[4]=0.040000
   risk 2: beta[5]=0.050000
   risk 2: beta[6]=-0.010000
   risk 2: beta[7]=-0.020000
   risk 2: beta[8]=-0.030000
   risk 2: beta[9]=-0.040000
   risk 2: beta[10]=-0.050000
   risk 2: beta[11]=0.000000
   risk 2: beta[12]=0.000000
   risk 2: beta[13]=0.000000
   risk 2: beta[14]=0.000000
   risk 2: beta[15]=0.000000
   risk 2: beta[16]=0.000000
   risk 2: beta[17]=0.000000
   risk 2: beta[18]=0.000000
   risk 2: beta[19]=0.000000
   risk 2: beta[20]=0.000000
