active=80: 1 2 3 4 5 6 7 8 9 10 11 12 13 14 15 16 17 18 19 20 21 22 23 24 25 26 27 28 29 30 31 32 33 34 35 36 37 38 39 40 41 42 43 44 45 46 47 48 49 50 51 52 53 54 55 56 57 58 59 60 61 62 63 64 65 66 67 68 69 70 71 72 73 74 75 76 77 78 79 80 
active=79: 1 2 3 4 5 6 7 8 9 10 11 12 13 14 15 16 17 18 19 20 21 22 23 24 25 26 27 28 29 30 31 32 33 34 35 36 37 38 39 40 41 42 43 44 45 46 47 48 49 50 51 52 53 54 55 56 57 58 59 60 61 62 63 64 65 66 67 68 69 70 71 72 73 74 75 76 78 79 80 
active=78: 1 2 3 4 5 6 7 8 9 10 11 12 13 14 15 16 17 18 19 20 21 22 23 24 25 26 27 28 29 30 31 32 33 34 35 36 37 38 39 40 41 42 43 44 45 46 47 48 49 50 51 52 53 54 55 56 57 58 59 61 62 63 64 65 66 67 68 69 70 71 72 73 74 75 76 78 79 80 
active=77: 1 2 3 4 5 6 7 8 9 10 11 12 13 14 15 16 17 18 19 20 21 22 23 24 25 26 27 28 29 30 31 32 33 34 35 36 37 38 39 40 41 42 43 44 45 46 47 48 49 50 51 53 54 55 56 57 58 59 61 62 63 64 65 66 67 68 69 70 71 72 73 74 75 76 78 79 80 
active=76: 1 2 3 4 5 6 7 8 9 10 11 12 13 14 15 16 17 19 20 21 22 23 24 25 26 27 28 29 30 31 32 33 34 35 36 37 38 39 40 41 42 43 44 45 46 47 48 49 50 51 53 54 55 56 57 58 59 61 62 63 64 65 66 67 68 69 70 71 72 73 74 75 76 78 79 80 
active=75: 1 2 3 4 5 6 7 8 9 10 11 12 13 14 16 17 19 20 21 22 23 24 25 26 27 28 29 30 31 32 33 34 35 36 37 38 39 40 41 42 43 44 45 46 47 48 49 50 51 53 54 55 56 57 58 59 61 62 63 64 65 66 67 68 69 70 71 72 73 74 75 76 78 79 80 
active=74: 1 2 3 4 5 6 7 8 9 10 11 12 13 14 16 17 19 20 21 22 23 24 25 26 27 28 29 30 31 32 33 34 35 36 37 38 39 40 41 42 43 44 45 46 47 48 50 51 53 54 55 56 57 58 59 61 62 63 64 65 66 67 68 69 70 71 72 73 74 75 76 78 79 80 
active=73: 1 2 3 4 5 6 7 8 9 10 11 12 13 14 16 17 19 20 21 22 24 25 26 27 28 29 30 31 32 33 34 35 36 37 38 39 40 41 42 43 44 45 46 47 48 50 51 53 54 55 56 57 58 59 61 62 63 64 65 66 67 68 69 70 71 72 73 74 75 76 78 79 80 
active=72: 1 2 3 4 5 6 7 8 9 10 11 12 13 14 16 17 19 20 21 22 24 25 26 27 28 29 30 31 32 33 34 35 36 37 38 39 40 41 43 44 45 46 47 48 50 51 53 54 55 56 57 58 59 61 62 63 64 65 66 67 68 69 70 71 72 73 74 75 76 78 79 80 
active=71: 1 2 3 4 5 6 7 8 9 10 11 12 13 14 16 17 19 20 21 22 24 25 26 27 28 29 30 31 32 33 34 35 36 37 38 39 40 41 43 44 45 46 47 48 51 53 54 55 56 57 58 59 61 62 63 64 65 66 67 68 69 70 71 72 73 74 75 76 78 79 80 
active=70: 1 2 3 4 5 6 7 8 9 10 11 12 13 14 16 17 19 20 21 22 24 25 26 27 28 29 30 31 32 33 34 35 36 37 38 39 40 41 43 44 45 46 47 48 51 53 54 55 56 57 58 59 61 63 64 65 66 67 68 69 70 71 72 73 74 75 76 78 79 80 
active=69: 1 2 3 4 5 6 7 8 9 10 11 12 13 14 16 17 19 20 21 22 24 25 26 27 28 29 30 31 32 33 34 35 36 37 38 39 40 41 44 45 46 47 48 51 53 54 55 56 57 58 59 61 63 64 65 66 67 68 69 70 71 72 73 74 75 76 78 79 80 
active=68: 1 2 3 4 5 6 7 8 9 10 11 12 13 14 16 17 19 21 22 24 25 26 27 28 29 30 31 32 33 34 35 36 37 38 39 40 41 44 45 46 47 48 51 53 54 55 56 57 58 59 61 63 64 65 66 67 68 69 70 71 72 73 74 75 76 78 79 80 
active=67: 1 2 3 4 5 6 7 8 9 10 11 12 13 14 16 17 19 21 22 24 25 26 27 28 29 30 31 32 33 34 35 36 37 38 39 40 41 44 45 47 48 51 53 54 55 56 57 58 59 61 63 64 65 66 67 68 69 70 71 72 73 74 75 76 78 79 80 
active=66: 1 2 3 4 5 6 7 8 9 10 11 12 13 14 16 17 19 21 22 24 25 26 27 28 29 30 31 32 33 34 35 36 37 39 40 41 44 45 47 48 51 53 54 55 56 57 58 59 61 63 64 65 66 67 68 69 70 71 72 73 74 75 76 78 79 80 
active=65: 1 2 3 4 5 6 7 8 9 10 11 12 13 14 16 17 19 21 22 24 25 26 27 28 29 30 31 32 33 34 35 36 37 39 40 41 44 45 47 48 51 53 54 55 56 57 58 59 61 63 64 65 66 67 68 69 70 71 72 73 74 75 76 79 80 
active=64: 1 2 3 4 5 6 7 8 9 10 11 12 13 14 16 17 19 21 22 24 25 26 27 28 29 30 31 32 33 34 35 36 37 39 40 41 44 45 47 48 51 53 54 55 56 57 58 59 61 63 64 65 67 68 69 70 71 72 73 74 75 76 79 80 
active=63: 1 2 3 4 5 6 7 8 9 10 11 12 13 14 16 17 19 21 22 24 25 26 27 28 29 30 31 32 33 34 35 36 37 39 40 41 44 45 47 48 51 53 54 55 56 57 58 59 61 63 64 65 67 69 70 71 72 73 74 75 76 79 80 
active=62: 1 2 3 4 5 6 7 8 9 10 11 12 13 14 16 17 19 21 24 25 26 27 28 29 30 31 32 33 34 35 36 37 39 40 41 44 45 47 48 51 53 54 55 56 57 58 59 61 63 64 65 67 69 70 71 72 73 74 75 76 79 80 
active=61: 1 2 3 4 5 6 7 8 9 10 11 12 13 14 16 17 19 21 24 25 26 27 28 29 30 31 32 33 34 36 37 39 40 41 44 45 47 48 51 53 54 55 56 57 58 59 61 63 64 65 67 69 70 71 72 73 74 75 76 79 80 
active=60: 1 2 3 4 5 6 7 8 9 10 11 12 13 14 16 17 19 21 24 25 26 27 28 29 30 31 32 33 34 36 37 39 40 41 44 45 47 48 53 54 55 56 57 58 59 61 63 64 65 67 69 70 71 72 73 74 75 76 79 80 
active=59: 1 2 3 4 5 6 7 8 9 10 11 12 13 14 16 17 19 21 24 25 26 27 28 29 30 31 32 33 34 37 39 40 41 44 45 47 48 53 54 55 56 57 58 59 61 63 64 65 67 69 70 71 72 73 74 75 76 79 80 
active=58: 1 2 3 4 5 6 7 8 9 10 11 12 13 14 17 19 21 24 25 26 27 28 29 30 31 32 33 34 37 39 40 41 44 45 47 48 53 54 55 56 57 58 59 61 63 64 65 67 69 70 71 72 73 74 75 76 79 80 
active=57: 1 2 3 4 5 6 7 8 9 10 11 12 13 14 17 19 21 24 25 26 27 28 29 30 31 32 33 34 37 39 40 41 44 45 47 48 53 55 56 57 58 59 61 63 64 65 67 69 70 71 72 73 74 75 76 79 80 
active=56: 1 2 3 4 5 6 7 8 9 10 11 12 13 14 17 21 24 25 26 27 28 29 30 31 32 33 34 37 39 40 41 44 45 47 48 53 55 56 57 58 59 61 63 64 65 67 69 70 71 72 73 74 75 76 79 80 
active=55: 1 2 3 4 5 6 7 8 9 10 11 13 14 17 21 24 25 26 27 28 29 30 31 32 33 34 37 39 40 41 44 45 47 48 53 55 56 57 58 59 61 63 64 65 67 69 70 71 72 73 74 75 76 79 80 
active=54: 1 2 3 4 5 6 7 8 9 10 11 13 14 17 21 24 25 26 27 28 29 30 31 32 33 34 37 39 40 41 44 45 47 48 53 55 56 57 58 59 61 63 64 65 67 69 70 71 72 73 74 75 76 80 
active=53: 1 2 3 4 5 6 7 8 9 10 11 13 14 17 21 24 25 26 27 28 29 30 31 32 33 34 37 39 40 41 44 45 47 48 53 55 56 57 58 59 61 63 64 65 67 69 70 71 72 73 74 75 80 
active=52: 1 2 3 4 5 6 7 8 9 10 11 13 14 21 24 25 26 27 28 29 30 31 32 33 34 37 39 40 41 44 45 47 48 53 55 56 57 58 59 61 63 64 65 67 69 70 71 72 73 74 75 80 
active=51: 1 2 3 4 5 6 7 8 9 10 11 13 14 24 25 26 27 28 29 30 31 32 33 34 37 39 40 41 44 45 47 48 53 55 56 57 58 59 61 63 64 65 67 69 70 71 72 73 74 75 80 
active=50: 1 2 3 4 5 6 7 8 9 10 11 13 14 24 25 26 27 28 29 30 31 32 33 37 39 40 41 44 45 47 48 53 55 56 57 58 59 61 63 64 65 67 69 70 71 72 73 74 75 80 
active=49: 1 2 3 4 5 6 7 8 9 10 11 13 14 24 25 26 27 28 29 30 31 32 33 37 39 40 41 44 45 47 48 53 55 56 57 58 61 63 64 65 67 69 70 71 72 73 74 75 80 
active=48: 1 2 3 4 5 6 7 8 9 10 11 13 14 24 25 27 28 29 30 31 32 33 37 39 40 41 44 45 47 48 53 55 56 57 58 61 63 64 65 67 69 70 71 72 73 74 75 80 
active=47: 1 2 3 4 5 6 7 8 9 10 11 13 14 24 25 27 28 29 30 31 32 33 37 39 40 41 44 45 47 53 55 56 57 58 61 63 64 65 67 69 70 71 72 73 74 75 80 
active=46: 1 2 3 4 5 6 7 8 9 10 11 13 14 24 25 27 28 29 30 31 32 37 39 40 41 44 45 47 53 55 56 57 58 61 63 64 65 67 69 70 71 72 73 74 75 80 
active=45: 1 2 3 4 5 6 7 8 9 10 11 13 14 24 25 28 29 30 31 32 37 39 40 41 44 45 47 53 55 56 57 58 61 63 64 65 67 69 70 71 72 73 74 75 80 
active=44: 1 2 3 4 5 6 7 8 9 10 11 13 14 24 25 28 29 30 31 32 37 39 40 41 44 45 47 53 55 56 58 61 63 64 65 67 69 70 71 72 73 74 75 80 
active=43: 1 2 3 4 5 6 7 8 9 10 11 13 14 25 28 29 30 31 32 37 39 40 41 44 45 47 53 55 56 58 61 63 64 65 67 69 70 71 72 73 74 75 80 
active=42: 1 2 3 4 5 6 7 8 9 10 11 13 14 25 28 29 30 31 32 37 40 41 44 45 47 53 55 56 58 61 63 64 65 67 69 70 71 72 73 74 75 80 
active=41: 1 2 3 4 5 6 7 8 9 10 11 13 14 25 28 29 30 31 32 37 40 41 44 45 53 55 56 58 61 63 64 65 67 69 70 71 72 73 74 75 80 
active=40: 1 2 3 4 5 6 7 8 9 10 11 13 14 25 28 29 30 31 32 37 40 41 44 45 53 55 58 61 63 64 65 67 69 70 71 72 73 74 75 80 
active=39: 1 2 3 4 5 6 7 8 9 10 11 13 14 28 29 30 31 32 37 40 41 44 45 53 55 58 61 63 64 65 67 69 70 71 72 73 74 75 80 
active=38: 1 2 3 4 5 6 7 8 9 10 11 13 14 28 29 30 31 32 37 40 41 44 45 53 58 61 63 64 65 67 69 70 71 72 73 74 75 80 
active=37: 1 2 3 4 5 6 7 8 9 10 11 13 14 28 29 30 31 32 37 40 41 44 45 53 61 63 64 65 67 69 70 71 72 73 74 75 80 
active=36: 1 2 3 4 5 6 7 8 9 10 13 14 28 29 30 31 32 37 40 41 44 45 53 61 63 64 65 67 69 70 71 72 73 74 75 80 
active=35: 1 2 3 4 5 6 7 8 9 10 13 14 28 29 30 31 32 37 40 41 44 45 53 61 63 64 65 67 69 70 71 72 74 75 80 
active=34: 1 2 3 4 5 6 7 8 9 10 13 14 28 29 30 31 32 37 40 41 44 45 53 61 63 65 67 69 70 71 72 74 75 80 
active=33: 1 2 3 4 5 6 7 8 9 10 13 14 28 29 30 31 32 37 40 41 44 45 53 61 63 65 67 69 70 71 74 75 80 
active=32: 1 2 3 4 5 6 7 8 9 10 13 14 28 29 30 31 32 37 41 44 45 53 61 63 65 67 69 70 71 74 75 80 
active=31: 1 2 3 4 5 6 7 8 9 10 13 14 28 29 30 31 32 37 41 45 53 61 63 65 67 69 70 71 74 75 80 
active=30: 1 2 3 4 5 6 7 8 9 10 13 14 28 29 30 31 32 37 41 45 61 63 65 67 69 70 71 74 75 80 
active=29: 1 2 3 4 5 6 7 8 9 10 13 14 28 29 30 31 32 37 41 45 61 63 67 69 70 71 74 75 80 
active=28: 1 2 3 4 5 6 7 8 9 10 13 14 28 29 30 31 32 37 41 45 61 63 67 69 71 74 75 80 
active=27: 1 2 3 4 5 6 7 8 9 10 13 14 28 29 30 31 32 37 41 45 61 67 69 71 74 75 80 
active=26: 1 2 3 4 5 6 7 8 9 10 13 14 29 30 31 32 37 41 45 61 67 69 71 74 75 80 
active=25: 1 2 3 4 5 6 7 8 9 10 13 14 29 30 31 37 41 45 61 67 69 71 74 75 80 
active=24: 1 2 3 4 5 6 7 8 9 10 13 14 29 31 37 41 45 61 67 69 71 74 75 80 
active=23: 1 2 3 4 5 6 7 8 9 10 13 14 29 31 37 41 45 61 69 71 74 75 80 
active=22: 1 2 3 4 5 6 7 8 9 10 13 14 29 31 37 41 45 61 69 74 75 80 
active=21: 1 2 3 4 5 6 7 8 9 10 13 14 29 31 37 41 45 61 74 75 80 
active=20: 1 2 3 4 5 6 7 8 9 10 13 14 29 31 37 41 45 74 75 80 
active=19: 1 2 3 4 5 6 7 8 9 10 13 29 31 37 41 45 74 75 80 
active=18: 1 2 3 4 5 6 7 8 9 10 13 29 37 41 45 74 75 80 
active=17: 1 2 3 4 5 6 7 8 9 10 13 29 37 41 45 74 75 
active=16: 1 2 3 4 5 6 7 8 9 10 13 37 41 45 74 75 
active=15: 1 2 3 4 5 6 7 8 9 10 13 37 41 45 75 
active=14: 1 2 3 4 5 6 7 8 9 10 13 41 45 75 
active=13: 1 2 3 4 5 6 7 8 9 10 13 41 45 
active=12: 1 2 3 4 5 6 7 8 9 10 13 41 
active=11: 1 2 3 4 5 6 7 8 9 10 13 
active=10: 1 2 3 4 5 6 7 8 9 10 
active=9: 1 2 4 5 6 7 8 9 10 
active=8: 1 2 4 5 7 8 9 10 
active=7: 1 4 5 7 8 9 10 
active=6: 4 5 7 8 9 10 
active=5: 4 5 8 9 10 
active=4: 5 8 9 10 
active=3: 5 8 9 
active=2: 5 8 
active=1: 5 
