0.000000 0.500000 0.500000
1.000000 0.595800 0.595300
2.000000 0.657300 0.681800
3.000000 0.723000 0.741400
4.000000 0.745700 0.778100
5.000000 0.748900 0.767000
6.000000 0.759400 0.792500
7.000000 0.780400 0.813200
8.000000 0.798800 0.844700
9.000000 0.797500 0.843300
10.000000 0.813800 0.855300
11.000000 0.827800 0.864000
12.000000 0.822700 0.869800
13.000000 0.811100 0.861300
14.000000 0.824400 0.883600
15.000000 0.832700 0.891800
16.000000 0.837200 0.888900
17.000000 0.841000 0.893900
18.000000 0.838000 0.889700
19.000000 0.826500 0.886900
20.000000 0.823200 0.886700
21.000000 0.815200 0.885900
22.000000 0.812500 0.887500
23.000000 0.806600 0.891100
24.000000 0.812100 0.892000
25.000000 0.810800 0.893400
26.000000 0.801600 0.900500
27.000000 0.807500 0.896900
28.000000 0.793700 0.893900
29.000000 0.786500 0.901000
30.000000 0.774400 0.898400
31.000000 0.773400 0.894400
32.000000 0.768500 0.898500
33.000000 0.770100 0.900300
34.000000 0.772800 0.907500
35.000000 0.774800 0.905000
36.000000 0.774500 0.912400
37.000000 0.766000 0.915000
38.000000 0.764900 0.919500
39.000000 0.764500 0.918200
40.000000 0.759200 0.916500
41.000000 0.748700 0.924500
42.000000 0.743400 0.925600
43.000000 0.755900 0.924400
44.000000 0.746100 0.926300
45.000000 0.746900 0.927400
46.000000 0.737700 0.930900
47.000000 0.745000 0.932100
48.000000 0.740400 0.936500
49.000000 0.730300 0.938900
50.000000 0.729300 0.942400
51.000000 0.732200 0.940800
52.000000 0.728700 0.949800
53.000000 0.718400 0.947200
54.000000 0.715500 0.948700
55.000000 0.715600 0.950100
56.000000 0.709500 0.950900
57.000000 0.710500 0.949800
58.000000 0.707100 0.951000
59.000000 0.702700 0.951600
60.000000 0.704600 0.952300
61.000000 0.697900 0.953600
62.000000 0.693400 0.951900
63.000000 0.686500 0.956600
64.000000 0.684000 0.956400
65.000000 0.686900 0.957600
66.000000 0.681800 0.960400
67.000000 0.682800 0.957600
68.000000 0.666500 0.958600
69.000000 0.679200 0.960000
70.000000 0.672000 0.959600
71.000000 0.669100 0.961400
72.000000 0.665000 0.962300
73.000000 0.661500 0.961600
74.000000 0.655600 0.963600
75.000000 0.652900 0.963500
76.000000 0.658900 0.963700
77.000000 0.652500 0.964700
78.000000 0.654000 0.965600
79.000000 0.647200 0.965200
80.000000 0.646500 0.967100
