0.000000 0.500000
1.000000 0.595800
2.000000 0.657300
3.000000 0.723000
4.000000 0.745700
5.000000 0.748900
6.000000 0.759400
7.000000 0.780400
8.000000 0.798800
9.000000 0.797500
10.000000 0.813800
11.000000 0.827800
12.000000 0.822700
13.000000 0.811100
14.000000 0.824400
15.000000 0.832700
16.000000 0.837200
17.000000 0.841000
18.000000 0.838000
19.000000 0.826500
20.000000 0.823200
21.000000 0.815200
22.000000 0.812500
23.000000 0.806600
24.000000 0.812100
25.000000 0.810800
26.000000 0.801600
27.000000 0.807500
28.000000 0.793700
29.000000 0.786500
30.000000 0.774400
31.000000 0.773400
32.000000 0.768500
33.000000 0.770100
34.000000 0.772800
35.000000 0.774800
36.000000 0.774500
37.000000 0.766000
38.000000 0.764900
39.000000 0.764500
40.000000 0.759200
41.000000 0.748700
42.000000 0.743400
43.000000 0.755900
44.000000 0.746100
45.000000 0.746900
46.000000 0.737700
47.000000 0.745000
48.000000 0.740400
49.000000 0.730300
50.000000 0.729300
51.000000 0.732200
52.000000 0.728700
53.000000 0.718400
54.000000 0.715500
55.000000 0.715600
56.000000 0.709500
57.000000 0.710500
58.000000 0.707100
59.000000 0.702700
60.000000 0.704600
61.000000 0.697900
62.000000 0.693400
63.000000 0.686500
64.000000 0.684000
65.000000 0.686900
66.000000 0.681800
67.000000 0.682800
68.000000 0.666500
69.000000 0.679200
70.000000 0.672000
71.000000 0.669100
72.000000 0.665000
73.000000 0.661500
74.000000 0.655600
75.000000 0.652900
76.000000 0.658900
77.000000 0.652500
78.000000 0.654000
79.000000 0.647200
80.000000 0.646500
