N=100
P=80
R=2
1 -0.362440 -1.632317 -0.269371 -0.435887 2.365823 NA 0.905910 -0.315284 0.149756 0.432712 0.201529 -1.370794 0.520803 0.085685 0.028080 -0.760687 1.052798 NA 0.681753 1.022784 -1.309592 0.732403 -2.810146 1.088652 NA -0.244356 0.320505 -0.274993 -0.446689 -1.787005 0.018829 NA 1.599486 NA 0.328945 0.423932 1.226179 -0.054332 1.632441 0.811318 -0.134840 -1.860533 NA -1.723222 0.670281 0.958565 -0.304012 -0.318142 0.563933 0.214546 0.226929 0.230092 -0.632180 -0.440296 1.489895 -0.341858 -0.470072 -0.652404 -0.478264 1.958491 1.054696 0.123005 0.036848 1.051787 -1.261041 -0.412284 -1.217997 -0.174147 0.425031 NA NA -1.790077 NA 0.604416 -0.049355 0.753482 -0.293924 0.949781 -0.211071 1.112848 2.633030 1.000000
2 0.822122 0.819833 0.202950 0.050591 0.747461 0.590953 0.339227 0.599093 1.013752 -0.857524 1.683537 -0.604376 0.543898 -0.309113 -0.368851 1.616504 0.016440 -1.056709 -0.063983 -0.898283 -0.293740 0.122502 -0.271928 NA -0.705436 -1.738341 -0.206237 -0.595466 -1.464470 0.576041 0.863094 -0.705387 -0.236804 -0.761914 1.761392 0.574491 1.198855 NA 1.300379 0.192369 -1.233191 0.875881 -0.547764 0.095781 2.153328 -1.004003 0.422315 -1.612510 -0.210812 0.643636 NA -1.717549 0.017664 -0.158763 0.775093 0.177039 0.676746 1.501620 1.987538 2.290869 -0.732480 0.389042 1.913554 -1.187310 0.578341 NA -0.628437 -0.789956 0.377823 -0.860134 -0.691974 0.737598 -0.085202 1.111202 0.386694 0.542381 -1.717537 0.753841 0.078890 0.128287 2.031684 1.000000
3 1.249268 NA 0.195755 -1.105176 0.312556 -0.976822 -0.519578 -0.767160 -0.637998 -0.448971 1.572370 -0.601902 -0.581474 -0.876451 0.134980 0.955013 1.118316 0.468331 1.056730 0.334502 0.960106 -0.016170 0.831201 -0.955309 NA NA 0.768357 -0.610754 -0.028460 -0.678511 0.534676 0.106342 0.009672 1.093918 3.202127 1.019944 -0.199457 -1.512078 NA -1.040199 -0.434119 0.937005 0.169693 0.123842 -0.734713 1.034650 1.723969 1.701964 -1.497226 -0.717534 -1.383500 -1.729299 -0.043996 0.243737 -1.408008 -0.947798 -1.412839 1.041917 NA -1.484114 2.146267 -0.411931 NA -1.211572 -1.162749 0.786857 NA 0.275285 -1.299382 0.975611 0.190191 1.067084 NA 0.488643 0.226103 1.918476 -0.096295 0.400104 0.952572 -0.000174 0.238053 1.000000
4 1.473413 0.516814 -0.086559 -0.626668 -0.948618 -0.571571 1.359307 -1.220304 1.756665 -1.218397 0.662981 -1.349458 0.492528 -0.830613 0.934533 -0.606821 0.910206 -0.208183 -0.757605 -0.210663 -0.112272 -0.984605 -0.334841 -0.833716 0.776935 1.740429 1.016290 0.604372 1.117258 -0.133195 -1.990159 0.634973 -0.322589 -0.202254 -0.422606 -1.028066 -1.341823 1.883820 0.548588 -2.574786 -0.658648 -1.636201 NA -0.183991 -0.287797 -0.149322 NA -0.961846 0.781317 -2.791250 1.222815 2.339148 -0.259849 -3.698876 0.223586 0.042563 -1.234533 0.560168 0.824058 NA 1.044778 -2.414956 0.156498 0.407887 -0.125884 -0.402014 0.993598 1.667526 -0.397780 0.006707 -0.125821 0.030340 -0.849947 1.520851 0.055636 -2.112080 NA NA NA -0.145787 0.150463 1.000000
5 -1.286455 0.479519 NA 0.679893 1.522754 -0.337247 0.846028 -1.275441 0.188240 -0.165561 1.320879 0.486126 0.447664 -0.860621 -1.337042 0.057295 -0.864337 0.964462 -1.435519 -0.404910 -0.812141 0.003991 0.025320 NA -0.984740 0.076849 -0.074884 0.957049 -0.711006 0.326309 -0.100340 0.960471 0.573956 0.542872 0.719710 0.364876 -0.905229 -0.293727 -0.537062 0.958081 0.484288 0.578259 0.828048 -0.776045 0.451184 -0.836559 NA 0.007187 0.723307 -1.196496 0.912122 -2.016759 1.083022 1.213107 0.249731 -1.620014 -0.759170 0.088930 0.010314 1.119344 -0.494669 -0.293581 -1.031953 1.630795 1.563017 0.832329 NA -2.196783 NA -0.489500 -0.159659 NA -0.563196 -1.231280 0.008378 -0.672906 1.110238 0.852689 -0.232985 -1.527492 1.239781 1.000000
6 -1.611249 0.414941 -0.605164 -1.554410 1.062753 -0.579788 0.685986 -0.408360 -0.826795 0.677110 -1.575889 0.584882 1.544948 NA 1.033991 -0.291322 1.001820 0.505365 -0.619314 -1.293491 0.548864 -2.019077 NA 0.169560 0.712506 -0.540162 0.998091 -1.411587 -0.491343 1.146590 1.857228 2.110497 -1.211064 -2.350268 -1.649005 1.920938 0.413436 -2.302332 -2.467751 1.246510 1.184367 0.502418 -0.666647 -1.104022 1.391969 0.350267 NA NA -0.465140 -0.699413 -0.809153 -0.146548 -0.170665 0.673981 1.362854 1.040420 0.032040 -0.439510 0.199760 0.693281 -0.750011 -0.559078 0.132109 0.211888 0.493367 -0.354464 -1.427110 0.775196 1.238617 0.483753 0.873339 0.529412 -0.311127 0.106634 -0.146480 -1.993844 NA -0.264481 0.664485 0.954020 21.672116 1.000000
7 0.041934 0.431537 -0.920724 0.772175 -1.102700 -0.750358 -0.027081 -0.751509 0.806480 0.393834 -0.653688 -1.477807 1.574443 -0.164053 0.037180 0.895235 0.374237 -1.361959 0.592164 -1.005141 2.030497 -1.150289 -0.731992 0.662245 1.032364 -1.029956 1.006204 -1.116279 0.160321 0.218737 -0.606408 -0.321350 -0.165404 -0.469248 0.115722 -0.463082 0.408447 1.056872 -0.608629 -0.895376 -1.853493 -0.401586 2.169779 1.299922 -1.393535 0.201699 1.083329 0.279495 0.175808 0.898819 1.287220 NA 1.229809 -0.208669 0.353424 -1.710615 0.384747 -0.722273 1.074021 -0.267118 -0.283148 1.050296 -0.291652 NA 0.299012 -0.161970 0.035879 0.124578 1.251327 0.855530 2.037463 0.750365 -1.021316 1.423804 0.520367 0.562688 -0.188137 -0.816623 -0.411299 0.240573 1.685341 1.000000
8 0.661898 -1.762598 -1.847815 -0.563028 0.216671 -1.829807 NA -1.667127 0.822015 0.765114 -2.151415 0.661037 -0.597637 1.224593 0.310878 -0.401765 0.480884 -0.114543 0.199936 -2.392654 0.667702 0.343746 0.338020 -0.081179 -0.110633 -0.594936 -0.507495 -1.163464 -0.215466 -0.275966 0.746968 1.813194 0.212735 1.120447 -0.475461 -1.715368 2.896329 1.740410 0.612379 0.011134 -0.029820 -0.545070 0.439881 -1.294124 0.291120 -0.362536 0.371317 -0.725945 0.470957 0.323109 -2.164487 -0.007800 -0.044912 0.348756 0.248064 -0.131620 1.938730 0.627558 0.043296 0.970826 -0.509973 1.806621 -0.153860 1.029752 -0.618783 -0.169746 1.355431 0.130082 0.654245 -0.220799 -0.865679 0.004260 0.735337 0.215314 -1.631426 -0.396223 -1.109589 1.246443 -0.991644 -1.488015 4.519968 1.000000
9 -1.099040 1.195164 1.944213 1.886407 -0.093772 2.423533 -1.107478 2.977700 -0.906827 0.456218 -0.810768 -0.236565 2.101231 -0.645523 0.534460 0.374696 0.584649 0.372370 0.791947 -0.450794 -2.219855 -0.488161 0.882865 -0.307410 -0.844195 0.979713 0.598530 1.879244 -1.934117 -1.056846 NA -0.119224 -1.343632 0.636404 0.846338 0.249688 1.605962 0.737817 -0.102391 1.031311 -1.443297 -0.400845 -0.785613 -0.855601 0.197882 -0.309349 0.101960 -2.216921 -0.398965 -0.994614 0.200517 0.927906 1.708639 -0.659915 0.251109 -0.170205 -0.196338 -1.063341 -1.071895 0.499036 NA 0.909920 -0.899454 NA 0.870712 0.113164 1.509120 NA -1.305332 -1.684859 -1.119239 -1.256927 0.351573 -0.235363 1.961805 0.858126 -0.783646 -1.299504 -0.449354 NA 8.751451 1.000000
10 -0.831918 -0.704005 0.581268 0.007848 -0.580394 0.372960 1.421382 -0.652141 0.378793 0.917011 NA -0.531379 0.565822 0.042518 -1.004001 -1.033299 -1.416512 1.503880 -0.753580 0.622922 1.334942 0.118749 0.311177 0.718471 1.218974 -1.823572 NA 1.289734 2.187831 -1.082342 -1.904155 -0.252801 -0.713521 -0.884345 0.998946 -2.715705 0.032162 -0.466945 -1.933469 NA 0.160533 -0.122198 0.130291 -1.271042 NA 1.418449 0.664418 0.609458 -0.739891 0.192848 0.348174 -1.056236 0.261603 1.170621 0.052190 -0.765678 -0.254556 -0.012221 1.520844 -1.299019 -0.411889 0.003294 -0.865980 -0.064205 0.300267 1.611367 -1.237527 0.827244 1.355724 -0.603391 0.953630 3.544250 0.795300 -1.977574 0.683826 -0.238722 -2.008191 -0.314066 0.120260 -0.243569 38.894009 1.000000
11 NA 0.219615 -0.776151 0.596062 -0.556474 0.156630 -0.201779 0.481145 -2.274993 -2.122442 0.444065 -0.575693 1.234589 1.504987 -0.717414 NA -0.421027 NA 0.118591 0.367590 -0.163529 -1.621639 2.386634 -2.161661 1.204749 0.021456 -0.044227 -0.387957 -0.905874 -0.355938 -1.621778 -0.091299 1.149650 -0.429675 0.431465 0.335574 0.218745 0.650430 -1.007582 -0.149165 -0.755579 -0.157900 -0.384875 -0.421355 1.195151 0.229172 0.387929 -0.103786 0.343926 -1.299719 0.129250 0.136278 -0.401010 -0.291788 0.745696 1.217210 -0.019418 0.418222 -1.475129 0.204372 -0.822155 -1.798655 -0.438368 -0.907282 -0.733136 -1.283986 1.190450 NA 0.995163 0.757854 -0.157918 -2.055182 1.426351 0.700445 -0.667868 -0.861302 -0.849212 0.772862 0.253320 -1.145440 0.360016 1.000000
12 1.495900 -0.976114 0.766267 0.096607 0.176493 0.239516 -0.113620 1.728484 0.172243 1.128582 -1.230088 -0.235882 0.370721 NA 0.447383 0.489539 -1.318816 -0.924911 0.648419 -0.257295 0.709172 -0.163363 1.052550 -0.376269 0.367128 0.389072 -1.714273 0.649181 0.639385 -0.103976 0.631319 1.006836 0.115840 -0.616453 -0.025582 -1.879310 -0.140841 0.457463 0.077763 -0.228542 0.482802 1.571890 -0.373035 -0.131475 0.574692 -0.370220 -1.179169 -0.786229 -0.114904 0.520996 0.909301 -0.035519 0.295645 -0.539828 0.855458 0.964422 -2.099426 -0.687757 -0.092517 -0.304442 NA -1.485778 0.437276 1.163114 -0.165747 2.460735 0.453020 -0.737942 -0.212268 2.491909 1.093345 -0.711506 -0.313066 -0.070813 0.986217 -2.143129 -1.251315 0.232497 -0.090720 -0.485918 5.573475 1.000000
13 0.005935 -0.210198 -1.239986 0.251101 -1.211791 0.765069 -0.811174 2.176179 -0.353103 -2.116657 0.271028 0.052613 -0.489685 -0.347644 0.179956 NA 0.439453 -0.495499 0.471462 1.271829 -0.093078 2.182978 0.022769 1.633715 0.003377 0.473005 -1.028590 -1.741335 0.006990 -0.786405 NA -1.404106 -2.347165 -0.616949 -0.595056 -0.349336 NA -0.121608 1.045670 -1.488956 0.399327 NA 0.105258 -2.050387 0.790698 0.999858 0.296577 -1.477469 0.638935 1.450173 0.114664 0.353123 -0.106624 0.931593 -0.327838 -0.258357 0.057333 -0.005103 1.762975 0.200101 -0.055167 0.563013 0.055677 -1.150552 -0.300765 -1.225622 -0.292877 0.950745 -0.473459 -1.447316 0.839128 -0.388596 -0.194574 -1.943288 2.242566 -0.312455 0.443407 0.074648 -0.502471 0.016371 0.606420 1.000000
14 -1.659147 -1.939583 0.524694 -0.107271 0.049472 0.082524 -0.901774 0.555469 -0.833415 -0.193770 0.314022 -0.117314 0.614559 0.034047 0.471714 -1.017855 1.495675 -0.073954 1.111995 1.200102 0.507931 -0.152060 -0.340545 -0.145420 1.469389 -1.011860 0.278499 -0.074178 1.248073 -0.143465 0.001813 1.835709 -0.366079 -0.717542 -0.369526 -0.418608 -0.306438 0.468635 -0.231964 -0.305711 -0.227101 -2.380031 -0.321117 -0.851217 0.625372 -0.946533 0.094409 -0.632019 0.049008 -0.812948 0.433317 -0.158054 0.150587 -1.839265 -1.573530 0.305535 -1.036127 -0.369031 0.413063 1.535204 0.654301 -0.584211 -0.805215 -0.952384 0.540365 -0.102465 0.058554 1.663890 NA -1.843604 -0.782748 -2.097048 -1.101460 0.888834 0.573646 1.153152 0.508961 0.356371 1.599157 -0.086123 0.843284 1.000000
15 -1.541834 -2.215541 0.295181 -0.745085 -0.968552 0.471682 -0.759710 -0.695551 -0.901465 1.914451 0.645205 0.238843 0.444293 0.201781 0.296871 -1.526425 -0.261212 -0.258036 0.596676 NA 0.134383 -0.179533 1.141539 1.474148 0.185971 0.016039 -1.173413 -2.802052 0.842581 -0.076474 1.277905 2.260656 0.270946 0.876081 -0.418100 -1.252870 -0.255347 0.597545 0.378167 0.546561 NA 0.395734 -1.000097 -1.138003 -0.089449 1.319474 -0.562139 -0.361528 -1.639915 -0.939030 -2.130770 -0.954689 0.279661 -0.825270 -0.834475 -1.393704 1.329781 -1.397697 -1.238952 -0.054371 -0.741880 -0.019839 -0.602943 NA 0.598315 0.507526 -1.234840 0.944029 NA 0.282123 -0.874947 -0.505722 -1.381998 1.766277 0.120772 0.245990 0.352220 -1.465900 0.005538 -0.822862 48.870397 1.000000
16 0.126197 0.739663 1.490871 -0.401733 0.551800 -0.991356 0.425879 -0.191238 -0.128486 0.054817 1.094247 -0.037945 -0.493718 -0.191943 -0.066640 -0.825896 -0.891409 1.204556 -1.911091 0.232587 0.213446 -0.422535 -0.237710 1.222008 0.574639 0.513888 0.720325 0.783862 -2.504318 1.033542 -0.269550 1.450267 -1.143215 0.243354 0.327619 1.476956 NA 1.067034 1.327897 -0.904392 1.834012 1.574995 -1.141951 -0.276492 -0.017644 1.284667 0.041417 -0.260267 -0.964499 1.230901 0.398813 -0.398828 -1.243427 -0.115222 -1.435116 0.801199 -0.492057 1.937011 0.401557 0.129036 -0.089870 2.054836 0.628694 0.226275 -1.585710 0.665143 -0.183593 0.492983 0.512070 -2.103611 0.242820 0.632270 0.229554 1.043335 1.912720 0.325099 0.396275 -0.346613 1.282352 0.676204 0.039372 1.000000
17 -1.168829 -0.579008 -0.819462 -0.699769 0.467095 -0.848537 0.728735 -0.451481 0.469558 -0.530347 0.341633 -0.539028 -0.252982 1.085162 0.114197 -1.018323 -0.357378 -0.330975 -0.311708 0.233937 -1.180000 0.617407 -1.406726 -0.205439 0.621878 -0.988671 -1.043152 -0.058375 1.320417 NA 0.946705 -1.378104 0.248178 -0.671650 -0.227811 -0.568681 0.390857 0.372573 -0.466948 -1.886007 1.351808 -0.509850 0.713867 NA -0.784416 0.549136 -0.696458 0.982670 -1.699407 -0.478780 0.013577 1.329530 1.333845 0.657638 -2.804054 0.175922 -1.251701 1.094315 -0.026448 0.418117 -0.598759 -2.047163 0.447506 1.207112 0.501376 -0.143206 -0.147866 -1.637720 -1.643736 0.360821 -0.351755 -0.457868 1.144087 -0.175159 0.206936 0.956892 0.285834 0.042072 2.027735 -1.003706 8.347565 1.000000
18 -1.694678 -0.603395 1.297970 -0.357847 2.127319 0.802587 -0.331428 0.293222 -0.043875 -0.538544 1.516298 0.287587 NA 0.090210 1.766228 0.378322 1.157982 0.658875 0.308091 NA 1.395884 0.125149 -0.807485 -0.619117 0.677376 -1.315710 -1.047332 -0.745635 -1.266706 -0.224906 0.865247 -0.364434 -1.191262 -0.054051 -0.476049 0.761712 1.343508 0.569307 0.021303 NA -0.522041 -0.203452 NA 0.325735 -0.517077 0.113579 -1.004261 -0.292735 -0.516190 1.083135 -0.294400 0.543233 -1.043193 0.026623 -1.323193 NA 0.723893 -0.442352 -0.636901 0.236585 -0.074768 -0.185158 1.246112 1.290756 -0.529148 -0.677626 -0.420296 0.632293 -0.169609 0.810048 -2.067795 1.579275 -1.595903 0.732090 0.067622 -0.717459 -0.026426 0.855697 -1.599132 -1.751636 0.254439 1.000000
19 0.141597 1.171428 0.230899 -0.388896 -0.403769 0.537486 -0.571955 1.390130 -0.250138 0.491722 -0.065282 0.842054 -1.087910 NA -0.774132 -0.773063 1.151599 -0.332500 0.544759 NA -0.059794 0.236913 -0.007945 0.203910 -0.479592 -0.746069 1.571758 -0.919504 0.074446 0.400125 0.615068 0.960331 0.025535 0.853590 -0.083816 1.634541 0.382555 -0.168969 0.497414 1.606188 1.072500 -0.216036 -0.260568 0.880422 -0.500101 NA 0.424003 0.923831 -1.378504 0.842472 -0.266490 -0.525544 1.663378 0.309704 -0.389817 -0.333237 -0.965998 -0.146654 NA -0.500033 -0.340126 -1.377250 1.128160 0.216399 -0.778564 -0.010437 -0.009662 0.196356 -1.733227 1.882597 -1.145207 1.292552 0.056843 -1.374635 0.952182 -1.244846 0.277132 NA -1.092943 0.436751 2.995440 1.000000
20 -1.068112 -0.521859 0.789081 0.778675 0.386191 -0.867869 0.922851 0.175344 -1.562617 0.913730 -0.196335 1.924510 -0.264895 -1.442365 0.696180 1.072105 -0.639332 -0.093719 -0.863343 -0.476759 2.058835 -1.119787 -0.562806 NA -0.294691 -1.627178 -1.663660 -0.147144 -0.940743 0.947395 0.231771 -0.641371 0.559770 -1.700307 NA 1.238285 0.220000 0.215149 -1.305909 0.293301 -0.180282 -0.653613 1.723489 0.033835 0.610689 0.694582 0.777672 0.469495 0.396978 NA 0.599205 -0.779325 0.751404 0.765196 1.525968 1.384674 -0.642650 0.581135 -0.331124 0.908320 0.734061 1.931926 0.992848 0.357687 -0.948374 0.657115 1.032423 -1.013259 -0.485984 1.292079 -2.477598 1.658044 0.846730 -0.279661 -0.151094 -1.445786 -0.030259 0.668629 -0.713111 -1.097601 1.721041 1.000000
21 0.045280 -1.129659 0.936727 NA 1.542910 0.380871 NA -1.397346 -1.853954 0.405126 -0.972573 -0.522571 1.437461 -0.814254 0.557275 -0.102677 -1.257740 0.443049 -0.875831 -1.752675 1.470800 -0.652399 0.514133 1.112406 -0.842428 -0.533893 -0.529382 -0.568022 -0.204872 0.201309 0.889384 0.559083 0.458026 -0.877634 0.118955 0.039770 -1.251030 1.751290 1.375370 1.506017 -1.815278 0.940935 0.131156 -0.588573 1.086353 -0.051458 -0.331384 1.033729 0.161993 -1.030014 -0.537099 -2.069656 -0.030557 0.799825 0.567267 1.306813 0.036721 0.148805 -0.469780 -0.411873 0.629737 -1.443336 1.365977 0.707925 0.869899 0.322643 0.192661 0.979847 -0.558412 -1.477747 1.784922 0.344837 -0.780265 NA 0.496257 0.684836 0.296726 0.298045 -1.394113 2.638495 1.207284 1.000000
22 NA -0.271268 1.322012 -0.991021 -0.336623 0.403163 -0.394831 1.082608 0.647987 -0.944957 0.489692 1.338394 -0.734153 0.539786 -1.148031 -0.555888 1.719790 1.809822 1.573017 -0.502073 -0.794779 0.769205 0.603218 0.587759 -1.131959 -0.001249 0.837015 -0.600299 -1.494363 2.692092 1.321364 0.726317 0.222459 0.054919 0.552701 -1.988681 1.278371 -0.490445 1.314756 -1.144807 -3.071692 -0.886467 0.592432 2.509800 -0.062405 -0.277328 2.217899 0.016086 -0.818567 -1.384725 0.561412 1.132326 0.057390 0.292750 -1.237668 1.258593 0.882161 1.136387 1.575531 -0.658505 -0.182461 1.916794 -1.963387 0.274856 -0.463942 -1.018113 -0.770584 -0.316158 -1.811765 -0.848988 1.094230 -1.007594 -2.204685 1.323744 -0.467483 2.193790 0.215038 0.258559 -0.843868 0.995289 3.378423 1.000000
23 -0.790761 -0.542439 0.709130 0.261574 -0.688332 NA -1.042542 0.184691 -0.549619 0.309892 0.234945 0.404291 0.345786 0.492274 NA -0.176091 0.225519 -0.120399 0.884712 -0.521709 0.417139 0.570712 0.925349 1.869824 -0.740225 1.578839 -0.601766 0.709507 -0.580844 0.190287 1.278506 -1.090548 1.815070 -0.023552 -0.232457 -1.444250 0.371417 1.284824 -2.164392 -0.186358 0.572740 2.098617 0.188869 -0.602378 -0.246026 -0.461447 0.805098 0.234033 -0.536451 -1.722368 1.106099 -0.172943 -0.222273 1.079492 0.213143 NA -2.351874 -0.340594 2.068091 NA 1.070254 1.894941 -0.064088 -0.272833 0.705451 0.138801 -0.102454 0.683939 1.127529 0.585878 0.422174 -0.984710 -1.014973 0.896770 0.423705 -1.336043 1.400465 NA 0.792074 -0.064082 2.239517 1.000000
24 2.273824 0.349170 0.979876 -0.053928 0.949638 -0.803851 -0.725322 NA 0.894234 -1.490277 -2.637369 -0.858442 1.304637 0.170422 -1.958847 0.557885 -0.486654 -0.207413 -1.866016 -0.946984 1.480785 0.193636 -1.645336 0.135568 3.577726 -0.411706 -0.112711 0.737467 0.267226 -0.240546 1.557755 NA 1.375864 -0.341245 0.172384 -0.788893 0.878585 -0.456072 0.368837 0.848522 -1.094535 0.078813 -0.286231 -0.658981 -0.188960 -0.234613 -1.892091 -0.510080 0.689869 -2.046162 -3.446211 1.461162 -1.430587 -0.688891 -1.460329 -0.456715 0.042462 -0.920036 -1.873887 -0.765354 -0.284579 -1.173989 1.031406 0.685492 1.219106 -1.166916 1.559997 -0.508802 -0.265307 0.810789 -0.423453 -0.291786 -1.059833 0.247226 0.189385 0.427500 -0.626846 -0.846442 -0.878021 -0.054067 0.125717 1.000000
25 -0.977677 1.390037 -0.827098 NA -0.078512 -1.129928 -1.299493 -2.085791 -1.400604 0.026826 1.194752 -0.032422 0.175980 -0.256850 0.453340 1.875405 0.566768 1.608401 0.547417 -0.003326 0.149104 -0.031294 0.890073 -1.281968 -0.297116 -0.346854 -1.108276 -0.164370 -0.856325 NA -0.207341 0.937389 -0.499094 1.348599 -0.077154 NA 0.875350 -0.102610 -1.516819 0.463088 1.810018 -0.134652 -2.267029 -1.176190 0.109830 0.695780 0.668343 -0.029794 -1.683393 -0.323920 1.804661 -1.066443 -1.299112 -0.972341 -0.471809 0.959000 1.170651 2.837060 -0.230814 0.039660 0.698567 2.324907 -1.448207 -0.380362 0.927580 -0.037933 -1.539707 1.002916 -1.343007 1.352041 -0.193695 0.134522 0.745971 1.104921 1.119083 NA -1.774533 0.495806 -0.240005 -0.759857 0.020843 1.000000
26 -1.166454 1.059263 -1.838624 -0.057823 0.423135 -1.217740 0.097884 0.796619 -1.010741 -1.781935 2.350696 -0.949106 -1.099840 -2.018352 -0.139178 -1.564290 -0.760137 0.291500 -1.072788 -1.032391 0.093405 1.110055 0.190720 -0.020567 -0.598897 0.934389 -0.098510 -0.563929 0.456817 -0.152785 -1.348580 -0.300835 0.329784 -0.344489 -0.252241 -2.616390 0.113533 0.542052 0.561078 -0.519894 1.752818 -0.553305 0.013635 0.328966 -0.642085 -1.139562 0.735238 -1.038431 1.236575 0.076967 -0.266794 -0.331915 0.300383 0.098474 -0.434968 -0.128351 0.638711 -0.164336 0.169995 -0.229387 -0.297851 0.780769 -0.150766 -0.857288 0.077874 1.873209 0.184743 0.070202 -0.215440 0.365170 -1.166641 -0.939346 0.961847 0.010257 1.074363 0.762638 0.414572 1.770204 NA 0.082998 0.534217 1.000000
27 -0.684230 0.300350 0.524413 -0.006770 0.943398 NA -1.845290 NA 1.189480 0.105577 -1.395711 0.369003 0.692917 -0.317430 -0.124846 2.433557 1.266972 -0.809146 1.005104 -0.118689 0.000203 -1.004639 -0.531619 0.380567 0.184961 -0.523246 0.506547 -0.799937 -1.049868 0.367448 -2.612446 -0.085441 -0.972886 -0.854060 -0.811385 NA 2.176946 -0.869592 -0.243302 0.052832 -1.242704 -2.734170 -0.897016 1.154717 -0.296434 -0.487678 -1.388983 -0.275805 1.303237 -2.206673 0.452804 -0.391465 1.234140 -0.505217 -1.524719 0.318842 -0.121371 -0.893080 -0.140640 0.647401 -2.339443 -1.086235 -0.440320 0.775349 -0.777059 NA -0.328038 0.358168 -0.151909 -2.555077 -0.324716 -0.747035 0.307257 -0.209407 -1.713163 -0.106525 1.548596 -0.858006 0.158636 1.008696 1.077937 1.000000
28 0.302337 -0.854420 -0.066606 0.182471 0.474501 0.663087 0.992788 2.082066 0.377633 -0.027315 -0.256364 0.103367 NA 1.061344 0.543029 2.459917 -0.233735 -0.758496 NA -0.752765 1.213533 0.247726 -0.851665 -2.138281 1.201021 0.637484 -0.478249 -0.332656 NA 0.262167 -1.503336 -1.004930 0.476944 NA 0.624446 -0.233909 -0.538808 0.082371 -0.542901 -0.386626 0.194524 -0.471682 -0.387928 -1.082640 NA -1.018613 -0.878919 0.528667 1.237069 0.708627 -0.219770 -2.191967 -0.974765 -0.670285 -0.386627 -0.681094 -0.420600 -0.876848 -0.420985 1.615494 0.102648 1.010332 0.480455 -1.491929 -1.091166 1.826015 -0.532934 2.187157 0.777399 -0.420154 0.260274 -2.075017 1.860173 1.522917 -0.235328 -1.989796 -0.358128 -0.146761 0.332880 0.023570 37.536637 1.000000
29 0.530990 0.536346 -0.621873 -1.839359 -1.436733 -1.708331 0.133500 NA -0.587531 0.933679 0.492503 0.383533 0.901461 -0.341330 -0.178900 0.054393 NA -0.687375 -1.208541 -0.398955 1.125945 -1.667916 1.624752 -1.048866 -0.830450 -0.566747 0.074984 0.162059 0.627061 0.617572 -1.916221 0.606666 -0.926077 -0.051048 0.139500 -0.613628 0.539753 0.125243 -1.056707 -0.410913 -0.694148 0.356249 0.326758 -1.232147 -1.052121 -1.684236 -0.959563 -0.555282 1.633106 -1.647751 -0.319195 -1.332424 1.152814 -0.497721 1.190040 NA 2.301120 2.096704 -1.505064 -0.569122 0.495463 0.026455 -1.336897 -1.316850 0.517668 NA 0.102048 NA 1.577093 0.724429 NA 1.857524 NA 0.262738 -0.014042 -0.244245 NA 0.585789 -0.755917 0.168837 50.168430 1.000000
30 -0.140468 -0.329153 -0.737743 0.977571 0.739845 2.584658 -1.062221 0.733299 -0.479031 0.424442 0.932515 0.241699 0.201803 0.774695 -1.524173 1.586694 -0.611273 -0.244276 0.102762 -0.208549 -1.042605 0.667685 -0.224981 -0.166200 -1.756764 -1.565228 NA 1.317246 -0.296671 -0.253745 1.129373 NA -0.726035 -0.362006 -1.152019 -0.158276 0.533800 -1.583554 -0.162210 1.263892 -0.294907 0.187242 0.732732 0.350164 0.425540 NA 0.240311 1.514046 -0.275449 0.719500 0.992494 -0.222767 -1.179730 -0.210846 0.553242 -0.675982 0.320284 0.429441 0.011789 1.152325 -0.918862 0.926086 -1.198063 -0.427215 -0.249111 0.119557 -0.847518 -1.272833 0.128279 -1.313921 -2.213353 0.046076 -0.242923 -0.603767 0.579773 -0.038664 3.233542 -0.603545 2.173586 -1.293996 1.737161 1.000000
31 -1.479772 -1.236869 -0.237763 0.273592 0.124622 NA -1.279824 -0.423360 NA -2.722108 -2.226136 0.361965 NA -0.253770 NA -0.650862 -1.644188 -1.429539 0.412533 -0.382754 -0.373798 0.015619 -0.217420 0.682548 0.204989 1.075294 -0.687156 1.727456 0.102437 0.857525 0.344859 0.760145 0.559918 0.454428 0.187745 -1.273613 1.867293 -0.062196 -0.995511 -1.219249 0.905560 -0.047727 NA -0.410618 -1.384971 -1.184834 -0.336695 1.127340 0.037726 0.077423 -1.030522 -0.630966 -0.308129 -0.041956 0.671297 0.397272 1.655263 0.392279 1.153197 0.401542 -0.171006 -0.852589 1.244558 0.905103 0.802578 0.295935 -0.174775 0.333650 1.141183 0.917262 NA -0.222594 1.101655 1.601845 1.378484 -0.483109 0.311015 -0.993489 -0.430998 0.155903 0.069864 1.000000
32 0.380770 NA 2.301282 -0.759315 -0.871934 -0.438364 1.211250 -0.240621 -0.677072 0.151719 1.358666 -0.419596 -0.379916 -0.481676 -0.641334 1.063902 1.712750 0.008610 0.269938 0.060224 0.080004 1.255621 2.017821 0.206776 -0.949607 -1.143009 0.897255 0.772034 0.633597 0.151944 -0.630548 -0.157716 -0.824835 0.571303 0.723209 0.259549 0.044727 -1.971833 -1.838397 1.183724 -0.353218 NA -1.360521 1.063457 -0.070267 0.487218 0.682486 0.894908 -0.826223 1.179701 -2.178421 -0.861162 -1.525584 -1.042438 -0.190722 -0.875371 0.228925 0.416526 0.056788 0.870014 0.545398 -0.928276 1.645367 -0.342744 1.439964 -1.137915 -0.008256 1.048938 0.426365 -1.190965 0.524772 -1.536928 -0.710593 -0.921437 -1.399436 1.234692 0.403646 -0.263187 0.447260 -0.060348 4.790543 1.000000
33 -1.008902 -0.761179 0.259491 -0.140002 0.445937 -0.994322 -0.764908 -0.180701 -0.262283 -0.400312 -0.215346 0.642428 NA -0.605434 0.159879 1.147867 -0.683580 0.347398 -2.351787 -0.907965 -0.605033 -0.502148 -0.979498 1.204128 1.511801 1.938962 0.450176 1.711547 1.535960 2.201422 -1.582035 -1.412746 -0.266449 0.195198 -0.068833 0.230135 0.439045 -0.250949 1.168225 0.266247 1.481304 0.563563 0.350534 -0.754037 0.210953 0.444949 -0.631575 -0.684536 -0.446943 2.703790 1.186083 -0.316379 0.695467 -0.153192 1.768262 -1.609580 -1.143615 1.107624 -0.492694 0.195653 1.524272 0.151836 -0.223831 1.460803 NA -0.052433 0.552368 0.277694 1.194955 NA -0.596096 NA -0.426322 1.609138 0.573387 2.012478 0.423870 -1.680249 0.981375 1.590789 10.117791 1.000000
34 -1.297663 -0.360825 0.543536 1.528034 1.218947 -0.639817 0.357971 0.590724 -0.607100 0.425434 -0.687212 -1.058422 -0.631212 -1.140973 -1.055093 0.648825 -0.145991 1.067128 0.234854 1.472364 0.051036 -0.183753 -0.779933 -0.444534 0.708943 0.102641 -1.483314 -0.015607 -0.340125 0.322060 -1.117425 1.161350 0.449049 -0.032085 -0.832350 -0.342981 1.596353 NA -0.227522 -1.306767 0.509181 0.863393 NA 0.484634 0.542765 -0.575812 1.799749 -0.800899 0.174706 2.084598 0.989275 1.464738 -0.129087 0.076475 -3.087292 0.886331 0.153220 0.588072 NA 0.033567 -0.401423 NA 0.983415 -0.871532 0.858888 0.818012 1.098910 0.801159 0.012262 -1.276214 -0.560761 -0.199028 -0.888100 NA -0.112281 0.751344 1.605704 0.610991 0.664150 0.617729 3.943048 1.000000
35 -0.287289 1.112340 0.384844 -1.438488 -1.684501 -1.242120 0.533928 -0.045922 -1.802960 0.685305 0.619196 1.510270 1.026748 -0.555534 NA NA -0.626006 0.700897 0.401194 1.395964 0.645934 1.585204 0.314301 0.751033 1.507340 0.217385 0.266384 1.948937 0.359824 -0.692716 -0.688239 0.556021 -1.620096 -0.723359 -0.240175 1.945943 0.569954 0.509841 1.029117 0.548250 0.109833 -0.142914 -0.590412 -0.470185 -1.649115 0.457727 1.769419 0.416145 -0.544759 NA -1.187170 0.974774 -0.246908 0.029208 -0.799126 1.424102 -0.980481 -0.029063 -0.434255 -1.822719 -1.065773 0.188083 -0.561921 -0.448193 0.338335 0.113109 -0.281098 -1.076768 -0.191927 -0.483445 1.041747 1.708220 0.401090 -0.026907 -1.518146 -0.599455 0.470364 0.075633 0.405133 0.088827 5.996454 1.000000
36 -0.591062 -0.469864 0.016167 NA 0.958336 1.863806 -1.315324 -0.952896 1.416214 0.984273 -1.426004 -1.698010 NA -1.897757 -0.696992 1.802640 1.241234 0.794825 -0.348975 -0.588622 -0.285881 2.333650 0.744849 2.462278 -0.228430 -0.474222 0.566228 1.947787 -0.744022 -1.380621 1.905471 -0.008507 0.451653 -0.388123 -0.739606 NA -0.165515 0.395717 -0.972620 -0.587623 0.371558 0.995101 0.992354 NA 0.250552 0.009986 0.055681 -1.022526 1.219470 -1.259064 1.862716 0.752140 NA 0.183946 0.635861 0.467262 1.369186 1.118704 1.305715 0.054278 1.574841 -2.083971 -2.005575 -2.919191 0.181156 0.339666 -0.698448 NA 0.016630 0.406450 -0.833649 1.368172 0.861650 -0.741979 0.660561 1.334124 1.584356 0.496070 0.737933 -1.126293 10.389453 1.000000
37 0.964918 -1.836476 -0.207042 -0.739201 -0.890089 -0.481015 -0.432319 -0.291310 -0.041928 1.154658 NA 1.099971 -0.830704 -0.317965 0.645199 -0.902227 -0.724919 -0.990465 0.537932 0.474561 NA -0.829355 0.207030 0.736542 -0.508623 -1.603885 -0.641374 1.581204 1.492206 0.875348 -2.219338 -0.378056 0.811298 -1.505374 0.112611 -1.660156 0.416921 -1.576152 -0.571400 -0.403599 0.886832 -1.866321 -0.146838 -1.866858 -0.748070 -2.114511 -1.130793 -2.073767 1.333142 NA -0.796230 NA 0.761460 -1.833171 1.123479 0.219949 0.652253 -0.161702 -1.308557 -0.243772 0.547000 0.402521 NA -0.798697 -0.055098 0.808939 -2.421101 -0.367522 0.004956 0.751121 -0.071310 0.630971 -0.335179 -0.208250 0.840987 0.079934 0.221430 1.246422 1.770929 1.936516 30.450888 1.000000
38 0.241006 -1.646282 0.428843 -0.839932 1.091049 -1.974216 -0.289594 1.399773 -1.038417 -0.526832 0.019413 1.485595 0.402944 -1.073160 -0.641905 0.440052 -0.897829 -0.294772 0.518428 0.358007 -1.830216 0.623440 -2.249677 -2.345873 0.408574 1.185362 0.691415 0.267807 0.591317 2.930343 1.281007 -0.462278 0.751874 -1.146078 -0.963636 -0.088128 1.036871 -0.704716 1.033241 -1.610737 0.365334 1.067512 -0.421223 -0.814076 -0.531752 -0.223661 1.046614 -2.140573 0.454382 -0.862838 0.076599 -0.827073 -0.526791 -1.094354 0.539074 -0.376846 0.009151 -1.800468 -0.506779 1.524075 -0.285835 0.132399 -0.840873 -0.709515 -1.866057 1.084547 0.368959 1.251555 NA 0.944023 1.490955 2.196664 -0.446150 0.289137 0.747534 -1.448734 0.216732 -0.245425 0.406929 1.098000 0.649790 1.000000
39 -0.768978 1.112428 0.592013 1.182822 0.335289 -0.556493 -0.199506 0.260381 NA 0.393955 -0.031538 -0.629118 -0.423555 0.143828 0.211756 0.044772 0.166599 -1.050113 -0.061867 -0.326337 NA 0.306204 0.420911 -0.583342 -1.515498 1.589481 1.666272 0.744042 1.326436 -0.658649 NA NA 0.793289 NA NA 1.378448 -1.226109 -0.732323 -0.946889 -0.503172 0.749697 0.122947 0.259155 NA 0.948517 -0.975219 -1.541310 -0.397736 1.222488 1.272103 -2.025659 -0.373138 -0.727743 1.264318 0.816351 1.556835 -0.126408 0.250396 -0.816021 2.253769 0.549581 0.953034 1.132662 0.638604 -0.196829 0.343661 0.596086 -0.159445 -0.518006 -0.045504 1.407414 -0.022580 -0.533613 0.534563 -0.932650 -1.082777 -0.190977 -0.439384 -1.249313 -0.301827 2.692930 1.000000
40 -0.118473 -0.117980 0.882526 -1.854290 -0.535221 1.556483 -0.346594 -0.527240 -0.349566 -1.452351 1.449166 NA -0.180496 -0.201073 -0.690901 0.675976 0.139367 0.762647 1.007434 -0.290287 -0.208501 -0.273650 0.058919 -0.555728 1.396683 1.209309 -1.604935 0.237658 0.719346 -1.016820 1.564725 2.290129 -0.157952 -0.478235 0.796083 0.495163 0.895966 1.025829 -0.857476 0.074624 -0.306179 -0.326005 0.793347 0.166670 -1.749531 -1.450873 -0.098729 -1.180793 -0.233349 -1.350005 -0.395091 -0.004394 0.399919 -2.346149 0.317129 1.161627 0.451827 1.185532 -1.196104 -0.076416 -1.563383 0.468308 -0.110845 -0.827574 1.319742 -0.142041 0.124767 -0.150137 2.087233 -1.066714 0.218550 1.553568 1.772264 0.108807 -0.930919 -0.126747 -0.414371 -0.482722 1.130767 -0.126947 6.721127 1.000000
41 -0.035640 NA -0.568941 0.389050 -0.389386 -1.413088 1.741615 0.443639 -0.389677 -0.803430 -2.155434 1.868536 -1.266053 1.185357 0.153840 0.944586 0.682517 -0.777305 2.675778 -1.724225 0.566189 0.460781 -1.812348 0.756996 -0.574061 -0.741081 -0.148467 0.472665 0.062028 NA NA -0.920728 -1.143658 0.845029 -1.462676 1.348345 0.234203 0.038555 0.102230 0.547453 -1.491472 -1.160119 -0.733074 -0.015960 -0.179193 0.228077 0.543354 0.057059 -0.733371 -0.511659 -0.243193 1.139520 -0.347455 -1.717640 -0.840585 -0.686721 1.074251 1.570376 1.798537 0.415405 1.424773 -0.225592 -0.759906 0.922940 -2.039288 0.704082 0.254408 0.023811 1.443964 -1.240937 -0.046298 0.232003 0.676741 0.275175 -1.603173 -0.997269 -1.533785 -0.625771 -0.311998 -0.017503 2.736219 1.000000
42 0.344885 1.037125 1.456744 -0.468125 0.975649 -0.130064 -0.786804 0.332623 -0.056697 2.936547 0.000783 0.743479 -0.328428 1.159964 -2.028727 0.189237 -1.020792 -1.322111 0.188789 0.071404 1.867834 1.762959 0.443986 0.646552 0.366952 0.484233 0.377571 NA -0.449386 0.910620 0.299210 -0.196912 1.320271 1.462864 1.059351 -0.112057 0.163091 1.368218 0.801902 0.303051 -0.295260 -0.746284 0.912672 -0.275675 3.409428 -1.076628 -0.424581 0.787459 0.313889 0.130177 0.733432 -0.483534 1.303392 -0.512263 -0.478079 -0.228681 1.390785 0.635322 -0.632901 0.303142 -0.021644 0.479951 -1.044538 -0.047872 1.723123 0.954197 2.422255 0.182451 -0.509651 -0.169404 -0.967160 -0.039414 2.668774 2.988164 0.737989 1.857721 -0.857617 -1.064595 0.764784 0.196340 0.327391 1.000000
43 -0.090458 0.238350 -0.837967 -1.335333 -0.983800 0.846087 0.931665 0.087374 -0.446754 1.221719 -0.619458 -0.433757 0.675120 1.144814 -0.792462 1.200849 -1.261044 0.559754 -1.548216 0.336313 0.724165 -1.384220 NA -0.538763 -0.050395 -0.185649 NA 0.929904 -1.636477 -2.059044 -0.628829 NA -1.252888 1.549143 0.493805 0.023374 -1.835672 -1.249283 0.800199 0.437501 -0.182325 0.921184 -0.401015 -0.262387 -0.562208 -0.637034 0.531556 -0.353944 -0.617894 0.227559 0.075740 -0.386593 -1.287552 0.970746 1.017816 0.298411 -0.435488 1.528609 0.469345 1.986891 2.293813 -1.067949 0.129750 -1.296236 0.093612 NA 1.182118 NA -1.045379 0.839843 0.223557 0.948722 -1.332664 NA -0.664866 NA -2.204733 0.031700 -1.140658 0.560050 52.270812 1.000000
44 -1.173646 -1.409293 -0.841236 -0.025236 -0.164483 0.717624 NA -1.242441 -1.420241 -1.023100 0.339802 -0.833582 -0.199426 0.196411 0.628627 0.498605 -1.005602 0.394867 1.624490 -1.676770 -0.648610 -0.862289 -0.611062 -0.642325 1.705190 -1.262632 0.490188 -0.746955 -1.277568 -1.420917 -1.993798 -0.735978 1.584444 0.043595 -0.508192 0.103203 0.486410 -0.152546 -1.235517 -0.499314 1.878423 1.573135 0.050326 0.253534 -0.389344 1.455620 -0.958168 -0.696121 -0.382222 0.137762 2.143146 -0.282906 1.185221 -0.172148 0.699228 0.717816 0.192310 -0.522749 0.835187 -1.524998 -0.498820 1.678929 -1.975392 -0.745476 -0.337581 -0.092753 0.697071 -0.837726 -0.883294 0.295713 1.464833 2.250980 -0.800806 0.710520 -0.833729 0.475186 -1.756482 -0.712988 -0.304152 -0.150529 12.030547 1.000000
45 -1.319348 -0.286600 -0.510929 -1.008733 0.618839 1.590415 0.188703 NA -0.265504 1.012413 0.175055 -0.642481 -0.003011 -1.176154 0.052831 -0.617240 0.989982 -0.224126 0.257843 0.368375 1.147252 -2.100933 -1.012182 -0.160329 -0.525476 -0.266952 -0.087577 -0.038156 -0.150919 -0.824547 1.220968 -1.287912 2.441632 1.249761 -0.577156 -1.421535 0.503497 0.624330 1.659696 0.116033 1.044453 1.155442 0.471855 -0.079013 NA 0.483897 1.064457 0.830334 -0.194665 -1.125887 0.251738 -0.480966 -1.239870 -0.938598 0.570782 1.044915 1.471825 -1.882575 -0.692110 -0.895928 -0.421358 -0.372738 -0.498973 -0.401192 0.907637 0.618135 0.521743 0.418259 -1.181118 0.912086 -2.385186 1.605566 NA 1.448127 -1.755994 0.949603 -0.172219 -1.542655 0.884676 0.991521 11.772427 1.000000
46 NA -0.213551 1.002709 0.733570 0.526317 0.729093 0.949993 0.261554 -2.537550 0.021190 -0.960843 -0.451560 0.639637 -0.269150 -0.192529 -0.012271 -0.826225 1.537653 -0.307661 -0.318934 -0.530469 0.287139 NA -1.360412 0.863025 0.664515 -0.541927 -0.052462 2.278109 0.110864 0.637310 0.625289 -1.079515 0.557348 -0.496629 -0.238146 -0.096011 0.557963 -0.924592 -0.534676 0.092480 -0.843452 2.691938 NA 1.157838 0.765096 -0.192420 0.251026 -1.325076 0.304591 -0.575572 0.875247 -1.201238 1.687050 -2.607728 1.192264 0.394546 -0.368792 0.297480 1.110058 0.496332 1.302397 -1.491740 -0.533806 1.282970 0.051857 0.976214 -1.452402 -0.613980 -1.743019 0.254837 0.742094 -0.022896 0.285996 -2.259768 -0.935522 -1.181053 -0.675251 -0.223879 0.234415 3.118615 1.000000
47 1.287890 -1.007490 NA NA 1.150698 2.289933 -1.026646 -0.193075 -0.786031 0.195151 -0.204462 0.364936 1.342960 0.313684 -0.081424 -0.064498 -0.185631 -0.613909 0.503048 NA -0.957138 -0.337550 0.226585 -0.320598 1.041630 0.905003 -0.833894 -1.801551 1.032769 1.691525 0.744453 1.231248 0.095849 -0.723152 1.321150 0.000632 0.205184 -0.702673 -1.880035 -1.205745 1.113224 -1.058100 1.746932 -1.052336 -0.813246 -0.080196 -0.485790 -1.347346 1.262572 -0.053073 -0.699664 -0.772510 NA -0.408416 -1.585464 -0.526470 1.582251 -0.177478 -0.650464 1.525951 NA 0.170804 -0.196704 -0.412498 0.139650 1.333870 0.480056 0.324068 1.072863 0.389513 0.392161 -0.155008 -0.772431 -0.405855 -0.028264 1.430646 1.390870 0.509571 0.900330 0.151221 0.656514 1.000000
48 -1.630380 -2.679309 0.187640 NA -1.469229 1.097979 -0.837002 -0.910766 0.884910 NA 0.571381 -0.647500 0.971257 1.067232 0.590943 -0.283072 -0.072849 0.448413 -0.542112 -0.640564 -0.080511 0.350323 -0.637789 -0.682951 -2.670600 0.492412 0.428575 0.999352 -2.181567 1.098076 0.914625 -0.214901 0.096559 -1.716742 -0.788385 1.167898 -0.267532 0.990314 0.385531 0.228979 -1.384958 0.132863 -0.420203 -0.281233 -1.607930 0.435724 1.259656 1.108582 0.821891 0.146247 -1.196187 0.086045 -2.518861 0.256935 NA -1.759194 -1.489655 -1.257599 0.465594 0.435331 0.826656 1.082607 0.768731 0.113740 0.060427 -2.017299 -0.867325 0.035613 -0.808381 0.503703 -0.588923 -0.416736 0.736176 0.833423 -1.028266 -0.176921 0.711435 -1.154436 0.346020 -1.682291 9.427987 1.000000
49 -1.030979 -0.428443 -1.513949 0.016026 1.676034 -1.795028 -0.589825 -2.424584 1.184343 NA NA -0.181302 -0.186064 -2.611361 0.513745 -0.198911 -0.722660 -0.182985 2.026103 0.335016 -1.001099 2.137583 2.375024 0.256946 -1.609871 1.495780 -1.639310 0.498885 -1.623822 -0.463890 1.351961 -0.521627 2.266999 -0.231860 0.698388 -0.273986 -0.234195 0.563554 -1.019569 -1.981979 1.485887 1.032108 -1.386025 -0.466863 0.546701 -0.040060 -0.558999 0.553972 0.099208 0.146662 -0.306271 -1.061697 1.264547 0.183108 -0.445430 0.719814 1.093133 -0.851710 -0.087419 -0.839142 0.301542 -0.916033 -0.964260 -0.484279 2.271393 -1.215048 -0.255405 0.277931 NA 0.638523 -0.029495 0.760817 -0.902884 0.989464 -0.034322 1.163210 0.465101 -0.787773 -1.262143 0.811017 0.130219 1.000000
50 -0.962317 1.630313 0.865647 -0.420145 1.486589 -0.384776 -0.740669 -1.516662 NA NA NA -0.493044 0.194650 -2.500036 NA -0.915147 0.830037 -0.912447 -2.068319 -0.367211 1.453097 -1.100096 1.028246 -0.788267 -0.000783 -0.746200 0.117827 -0.821484 -0.953389 -0.963048 -0.949471 1.532916 -0.456121 -0.040837 0.136970 -1.546937 0.567042 2.407797 0.047629 -2.139939 0.001564 2.334952 -1.480240 2.335498 -1.546321 0.326409 1.135895 -1.236255 NA 0.269691 -0.577769 0.159837 0.690581 -1.080230 0.163763 -1.009803 0.384244 1.133195 0.740633 -0.500830 -0.070773 1.004961 0.945884 1.616724 -0.193199 -0.160640 -1.850848 -0.586106 1.795147 NA 0.399447 -0.076964 NA -1.360210 -0.932754 1.374812 -1.371655 0.362382 0.017178 -0.662775 0.059356 1.000000
51 -1.222244 0.834549 1.221585 -1.012882 -0.320837 -0.538760 0.559650 NA 0.368799 1.534772 -1.248117 -0.115386 -0.926638 -0.988569 -0.182155 0.661547 -0.976347 0.395837 NA -0.101062 -0.804089 1.315014 -0.566691 0.173268 -1.869056 -0.663959 -1.530613 0.663698 1.277841 2.300524 -0.213598 1.364512 -0.401223 1.127842 -0.293709 0.071697 0.049547 -1.067798 NA -0.386791 -0.986728 -0.719089 -0.893047 1.480896 -0.011338 1.680101 -0.080988 1.855542 0.380135 1.849493 1.135319 0.430535 0.272688 -1.017593 NA 0.767207 -0.631427 0.346605 0.640069 -0.221280 0.406169 -0.509165 1.412469 0.123010 -0.635992 -0.076982 1.833505 0.559754 0.083652 -1.407513 0.794329 -0.956298 2.196385 -0.741710 1.493044 -0.966857 0.912140 -2.139642 -0.495590 -0.875279 0.422988 1.000000
52 0.652713 0.112232 -0.156664 0.043081 0.784352 -1.564505 1.062941 -1.072000 -0.317370 -0.285453 -0.114698 NA -1.340603 -0.108672 0.356035 0.716488 1.565037 -0.559297 0.473847 0.543784 -0.529919 0.282043 -0.849600 -0.159191 -0.880182 -0.813819 -0.812815 -0.913349 -1.913516 0.447519 NA 0.164681 0.472871 -1.479183 -1.153798 1.217353 0.757228 0.072562 0.302394 -1.374475 -0.807186 0.512488 -0.500643 -1.209089 -0.980690 NA 1.226045 0.720996 -0.779432 -1.286538 0.979918 0.673340 0.220325 -0.250772 -2.126256 -0.514332 0.323942 0.934465 -0.617121 0.049087 0.482893 0.826832 0.684255 -0.374332 0.692847 0.472116 NA -1.485364 0.423166 -1.135423 0.763626 0.296681 NA -0.884839 0.419181 0.541117 -0.676523 1.584885 1.436988 -0.476242 2.124379 1.000000
53 1.400837 -0.327974 -0.262733 -0.296438 -2.652092 0.544835 1.247073 0.903475 -0.244790 -0.694307 0.265604 -0.575221 -1.930481 0.925402 1.441201 0.379448 3.251575 0.769519 -0.228143 -1.909687 0.477554 -0.959740 0.460052 -1.313286 0.601857 -0.309713 1.261493 -1.161973 -1.195895 1.748634 0.010956 1.999300 -2.728553 -0.152377 -1.520180 0.018597 1.378788 0.123264 0.048957 -0.594536 -0.010960 -0.174180 0.736199 1.325211 NA 2.479992 1.539847 0.307883 0.521191 -1.614888 -2.028025 -0.452080 0.636930 0.234791 -0.076298 -0.435383 -0.215177 0.962866 -0.523260 -0.697287 -0.563965 0.210740 0.879624 -0.214200 0.710044 0.659604 NA 1.843053 0.013920 -0.511553 -0.526651 NA -0.674213 0.755297 -1.387929 -0.857721 -0.538174 0.734474 0.399015 1.472906 43.817482 1.000000
54 -1.241134 0.574902 -0.395685 -0.079415 -1.320860 -0.980604 0.587993 2.540403 -0.609963 2.907847 -0.134066 0.586780 -1.261809 -0.197453 0.255833 -0.094432 -0.501053 0.404120 -0.513427 -2.166316 -1.736791 NA 0.144918 0.975153 -0.203304 NA -0.392727 0.829962 -1.039719 -0.184569 -0.337022 0.394125 0.385643 -0.783299 -0.777271 NA -0.064659 0.157839 0.154619 -0.199652 0.409322 -1.131147 -1.022047 -1.218630 -0.378630 0.044635 0.073977 1.405763 -1.083518 0.204028 0.430349 0.578357 0.577719 -0.526734 -1.291744 -0.233167 3.312741 1.363939 0.559244 -0.549159 NA -0.317848 NA 0.742099 0.629820 NA NA 0.749279 -0.817699 -0.484695 0.774360 -0.877800 0.848388 -1.159318 1.183052 -0.806512 0.758663 -1.295048 0.052294 -0.372190 51.646171 1.000000
55 -0.282756 NA -0.262294 -0.498392 1.420681 0.381347 -0.660942 0.458301 -0.442039 0.630070 NA -0.781920 -0.643055 -0.630205 -1.114375 -0.873257 0.056466 0.251934 -0.336761 0.650823 1.709295 NA 1.726323 1.307776 -0.189521 -0.175473 -1.555385 -0.209470 0.992428 -0.691575 0.420372 1.776155 -0.705945 -0.459982 -0.844055 0.698167 -0.047860 1.213710 -1.067287 0.109179 1.172241 0.115396 0.251955 -1.299154 -0.769761 0.514121 -1.348461 0.014966 -0.852553 0.114273 1.449137 1.156119 0.430737 0.593644 -1.775769 -0.349073 -0.524250 -0.281262 -0.201599 0.094806 1.493865 -1.342908 -0.905162 -0.438062 -1.041495 -1.038236 -0.368664 1.216734 -2.027174 0.450741 1.372583 -0.224456 -1.531080 -0.280947 -0.264579 0.516795 -0.997555 1.305207 -1.602157 -1.323187 9.706084 1.000000
56 0.553965 -1.653766 -0.241691 -1.239244 0.839418 -2.517835 1.478836 1.900990 -0.494883 -1.242140 0.431600 0.667674 -0.394126 -0.775156 -0.672766 -0.339522 1.265548 0.652823 -1.054154 -0.459929 0.159300 1.139082 -1.972418 -0.583023 -0.557526 -0.591895 NA 0.283773 0.229402 -0.058729 -0.695590 1.271694 0.644613 NA 1.096991 -1.539852 -0.326305 -0.115509 1.376747 1.338722 -1.376027 NA -0.369615 -0.891944 -0.592763 -1.061800 0.326627 0.152508 0.023217 0.535937 0.189305 -0.262636 -0.841343 -0.910585 0.018807 -0.932486 NA 0.241930 0.818935 -0.965848 -1.049570 -0.325724 0.162754 NA -0.920768 -0.797819 0.292129 0.196724 3.298526 0.314219 -0.133057 1.952580 0.061992 0.122644 -0.254701 1.189570 0.605706 -0.169542 0.654980 -0.276261 16.640405 1.000000
57 0.353080 0.177824 2.014874 -1.433588 -1.279112 0.157796 -0.225957 -0.532634 -0.130468 1.041224 0.098206 0.083052 0.684777 -1.247142 0.815501 -1.457284 -0.645079 0.023736 -0.087467 -2.798282 -1.216487 -0.703194 -0.741577 -0.153756 -0.508471 -1.495988 0.657576 -0.469780 -1.108575 0.617536 0.671775 -0.988641 -2.274831 0.373669 -0.029200 -1.144656 -0.789116 -2.336008 -1.966466 1.900221 -0.922956 -1.304811 0.398573 -0.488101 -0.251236 -0.035434 -0.253943 0.865461 -1.346573 0.654242 -1.103227 0.431870 0.675836 NA 0.912952 NA 0.316859 -1.495327 0.427395 -0.223803 -0.536930 -1.334404 0.152787 -0.879417 1.310713 -1.622961 0.138828 0.267351 0.716865 0.195220 1.865172 2.369800 -1.121142 1.408797 1.503929 0.607700 -0.308711 0.606996 0.509057 NA 4.233755 1.000000
58 0.831006 -1.325119 1.131034 -0.849528 0.625332 1.299902 0.417549 -0.002893 2.320584 0.417891 0.513197 -1.132613 -2.131853 -1.526427 -0.232707 -1.350423 -0.185752 0.927564 -0.637672 0.528607 -0.492600 -1.502797 0.200244 1.000156 0.982631 1.215570 0.552996 0.761791 -1.166201 0.311862 0.180594 NA 0.956368 -0.316524 0.829935 -0.049360 -0.059800 -1.587020 2.426737 -1.612029 0.351554 -2.062443 -1.108926 1.095029 0.062463 0.169283 2.488922 0.655801 -0.005458 -0.658604 -0.691836 -1.208778 -1.827537 -1.507797 -1.414862 -0.360235 0.045044 -1.128677 -0.097728 0.139571 0.358512 -0.289968 2.440248 1.412552 -0.474234 2.365299 -0.893878 0.915255 0.232731 0.626272 -0.559413 -0.161340 -0.926209 0.331073 -1.107038 -0.846282 0.039647 1.447080 -1.385868 0.733284 18.736968 1.000000
59 0.107325 0.955560 0.899051 -0.876826 -1.148578 -0.927974 -0.807563 0.330499 1.438228 -0.363509 NA -1.019082 0.998974 1.364732 1.185152 1.154158 0.133213 0.410354 0.172512 NA 0.566477 -0.776018 0.660455 -0.180100 1.024767 NA -0.705575 0.683496 -0.746948 -0.831747 0.764232 -1.936953 -0.465191 -0.895989 1.484742 -0.923819 -0.320799 -0.596901 1.080625 NA 0.557280 0.273381 1.588466 -1.237781 -0.420148 0.719957 1.340023 0.016834 -0.025740 0.157528 0.744523 -1.014499 2.575874 -0.028936 -0.315077 0.238320 1.598893 -0.759054 -0.092891 0.899680 0.549515 -0.168044 -0.597477 -0.436286 0.905755 0.837375 -0.124466 0.883449 1.415211 -0.884231 0.249987 0.140582 0.105106 -0.134295 -0.106242 0.652328 -0.473743 0.988652 -0.522086 1.320432 1.108587 1.000000
60 0.922640 -0.345154 -1.005440 -0.721664 -1.253364 -0.255574 0.544731 1.481439 0.393465 0.244923 0.953357 NA 0.465437 -0.970658 1.026621 0.147338 -0.521638 -1.685452 0.559283 NA 0.918688 0.028577 0.638057 0.021384 0.683073 -0.796201 0.692769 1.064501 -2.322291 0.111038 -0.029089 -0.426190 -1.719512 -0.365342 0.086281 0.707668 0.669471 NA -1.125252 0.132224 -1.738968 1.166526 1.713511 0.900292 -1.438462 0.517042 -0.089424 -0.386398 1.158094 -2.265273 1.038146 -0.681291 0.751937 -0.483181 1.084986 -0.324523 -0.497705 0.431822 0.253191 -0.393811 -0.336986 -0.342579 -1.133051 1.614389 -0.334243 -0.976362 -0.593095 -0.751369 1.035082 0.397363 -0.724643 0.222637 -0.047416 1.175282 0.699209 -0.408141 1.426292 -1.210692 0.353556 1.500817 2.964666 1.000000
61 -0.769306 NA NA 0.954762 0.438102 1.822044 -0.199632 1.707090 0.585513 1.150093 0.786753 1.064102 0.630298 -1.534187 -1.232779 -0.834732 0.272897 0.081242 0.159003 -0.213494 -0.201711 0.908859 -0.730144 0.834578 -0.109466 -0.705746 0.202514 -1.098691 -0.307019 -1.514759 1.696757 0.331582 -0.463417 NA 0.011889 1.433824 3.017231 1.676326 0.591579 0.126817 -1.479893 NA 0.881103 -1.260020 0.498191 0.304679 -1.413299 -0.358861 -0.221996 0.715051 2.675078 0.384271 0.400036 0.572327 -1.704404 -0.631420 0.738514 NA -0.040559 -0.379308 0.047176 0.336372 -0.462157 NA -0.802634 0.178336 -1.482999 -0.190973 -0.278592 1.353231 -0.420157 1.821965 -2.361237 -1.150624 0.363673 -0.021987 -0.466857 0.005037 0.789521 1.064132 0.224912 1.000000
62 1.415233 0.297895 0.031629 0.200669 -0.604655 -0.833289 -1.263894 -0.504475 0.359740 -0.374562 NA -1.087433 -0.565690 -0.543929 -0.660826 -1.059793 -0.097291 0.531666 -1.956397 0.044090 1.600338 -0.275385 -0.772693 0.632903 -0.876145 -0.614470 -1.356352 0.066664 0.997916 0.223085 -0.325985 -1.625468 0.413490 -0.864835 -0.309556 1.065899 0.872108 0.290339 -0.196445 -1.118511 -0.281048 -0.032931 0.380444 0.511174 0.786730 -0.960453 -2.395115 0.237623 1.251119 0.309455 -0.330629 2.367010 0.231267 -0.581495 1.498764 0.497075 NA -0.844590 0.131825 NA -3.081650 -0.522839 -0.896224 -1.255563 0.218597 0.188419 1.128236 0.398685 -1.150811 1.985400 -1.672785 0.797793 0.937728 -0.498724 1.446395 0.357043 0.992787 0.856026 0.474581 0.616323 1.922796 1.000000
63 0.062779 -0.946443 -0.498019 -0.240045 1.689845 0.657911 0.362433 -0.138230 1.703243 -1.151783 0.071001 -0.047470 1.547228 -0.433147 -1.771943 0.938759 NA -0.502749 -1.259636 0.348530 -2.032737 -2.191546 1.869685 -0.885964 -0.276374 -0.434621 -0.375260 -0.383307 0.017672 -1.097432 -0.038981 -0.217429 0.834633 NA 0.082690 -1.139865 1.216136 0.604129 0.145923 -0.852313 0.567533 0.655502 -1.492791 0.135741 0.792458 -0.864159 0.210032 1.218714 0.813122 0.607866 2.501331 -1.069753 -0.678576 0.641564 0.860005 0.018543 0.060266 -1.098498 -0.495785 1.020642 0.243882 -1.103636 0.170110 -1.226650 1.019633 0.835051 -0.885592 -1.199895 -0.147685 1.481565 -0.603809 NA -0.069921 1.183603 1.154731 -0.818567 0.551389 0.159869 -1.599000 0.487312 21.442196 1.000000
64 0.476186 -0.173964 -0.982969 1.542559 -0.968502 -1.624717 0.737514 0.523062 0.911244 0.260294 -0.575741 1.041528 0.135288 0.990247 -0.103774 1.256787 -0.973356 1.117119 NA 1.557051 0.242479 1.408720 -0.559666 -1.340341 -0.581254 1.641547 0.442684 -0.316089 -0.635616 2.352310 -1.033532 NA 0.391501 -0.198053 -2.188686 1.333575 -1.121703 1.419842 -0.632187 -0.470330 0.509315 1.911920 -0.176794 NA 0.096231 -0.509730 -1.405548 1.250666 1.531801 -1.465042 -0.728760 NA -0.521960 -0.689768 1.954996 0.138603 0.667801 -0.638061 -1.942215 -0.766872 0.551313 -1.087762 0.607787 NA 1.290174 -1.272906 -0.293108 -0.202086 -1.203851 1.298589 0.113088 -0.975993 0.455419 1.096826 0.838623 -0.371807 1.161707 0.779777 -0.111362 1.132681 1.245528 1.000000
65 0.573784 -0.321173 -0.164238 1.043970 1.493366 0.167714 1.788906 0.216773 -0.526728 NA -1.469405 -0.444276 0.283219 0.344847 0.244445 -0.458861 -0.451628 0.568654 -0.741225 0.498683 -0.860760 1.125166 0.220350 2.266604 0.267895 0.858842 -0.253500 -0.773359 -0.098093 -2.271204 0.359510 -0.766751 -1.219227 -0.286357 0.736582 -1.328052 1.406703 0.859226 -0.035411 0.516771 -0.010402 -0.444416 -0.467488 0.274693 -1.999790 -0.435049 -1.748007 NA 2.880847 -0.606727 -0.731564 -0.604747 -0.709325 0.978932 -0.466242 1.973922 0.102671 0.133974 1.909427 -0.161395 -0.208750 -1.337346 1.874876 0.391869 0.246372 -0.888482 0.018891 -0.563780 2.219716 -0.970857 -0.389839 -0.232509 -1.798290 -0.213216 0.520118 -0.686041 1.748026 -1.221213 -0.952822 1.345479 0.219733 1.000000
66 NA 0.633368 -0.549231 -0.241496 -0.116666 -1.205662 -0.826196 -1.602680 0.085480 -2.084447 -0.949474 0.027595 0.050691 -1.581622 -0.788109 -0.117957 -0.903270 1.825265 1.916185 -1.200624 -0.085471 -1.332219 -0.467630 -0.599910 -0.697717 0.925585 0.975067 -1.197823 1.062187 0.105955 -0.164128 -1.731524 1.855369 -0.239218 0.884011 -0.930660 -2.017935 0.945957 -0.336804 NA 0.998795 -0.808087 0.077463 1.601339 1.196819 -0.126144 -0.480617 0.451475 -2.278396 0.113194 0.782595 -0.706814 -0.149887 -1.398438 -0.111077 -0.053469 0.187585 1.437535 0.865762 1.772684 0.565486 -0.380821 -0.906099 0.527912 -0.600247 -0.614129 1.230674 0.624141 NA -0.404312 -0.611215 0.089482 1.453251 0.704948 -0.044208 -0.751619 -2.829708 0.349568 0.923741 0.121078 0.048793 1.000000
67 -0.078542 0.177160 0.194779 -0.131735 -0.234136 0.818273 0.333243 -0.193620 -0.703570 2.082902 1.000744 -1.442862 1.250146 -0.050851 -0.103822 0.851213 2.325178 -0.087015 0.470099 0.728325 2.602555 -0.380005 1.790534 -1.568921 -0.980845 -0.755320 1.764154 1.392401 0.489748 -0.153888 -0.071868 0.733606 -0.148467 -0.441373 0.843471 0.052104 -0.225501 0.177775 0.651970 0.644846 -0.650397 -1.172545 -2.313177 -1.633438 -0.175705 -1.319158 -0.210389 1.054514 -0.892966 -1.232883 -0.558600 -1.097075 0.043374 -0.099186 1.730549 -0.788242 0.485349 -0.498733 0.780852 -0.243361 -1.503339 1.445899 -1.187950 0.772738 1.264009 0.194092 0.817968 NA -0.618797 -0.862721 -0.599469 -0.228146 NA 1.264947 0.214493 -0.823905 -1.330521 -1.409932 -0.421071 0.256546 34.844741 1.000000
68 -0.299972 -0.419618 1.324808 -1.230800 0.462451 -2.186780 -0.423295 1.165997 -0.570301 1.098533 1.940129 -0.471277 1.233009 0.793299 0.978971 -0.962542 0.031412 0.403187 0.623373 1.042842 -0.825212 0.810652 -0.711124 NA 0.114115 0.198146 -0.090772 0.890000 -0.247947 -1.088694 NA 1.033314 -1.506225 0.678422 1.884387 0.924240 0.049975 -2.249932 0.655181 0.704600 0.482672 -0.008972 -2.017037 -0.201661 -0.158759 1.366183 -0.131686 NA -0.286052 -0.327331 0.155268 -0.676450 0.190417 -0.272637 0.289033 0.343798 1.612835 -0.850982 -0.982796 NA -0.957928 0.705884 -0.004791 1.264453 -2.198485 0.377558 0.325734 0.326669 -1.129212 -0.106409 1.130108 NA -0.802121 -0.628979 0.790290 0.509145 0.336521 -0.548058 1.454976 -1.503482 1.158121 1.000000
69 1.695573 0.355803 -0.265268 -0.522285 0.798603 0.224345 0.276066 -0.544903 0.866875 0.198948 -1.609388 -0.866802 -0.733004 -0.269393 -0.992947 1.204673 -1.318177 -1.561576 -0.627414 -0.702297 0.914937 -0.197428 -0.802965 -2.519338 0.330556 0.709682 -1.059971 2.187665 -0.115617 -0.712276 0.283941 1.116572 -0.346553 -0.406430 -1.446982 -0.642820 NA 1.612196 -0.108573 0.968993 0.146687 -1.114136 0.503166 0.609228 -0.766422 -0.034679 0.470970 -0.083160 -1.300493 -1.418536 -1.489107 -1.165359 -0.119758 NA -0.407360 0.732446 -0.770150 -0.450504 -0.212687 0.682339 -0.235800 1.438596 1.289849 0.939691 1.213666 0.605080 0.931765 -0.553935 -0.566091 -0.794397 -0.812152 -1.459751 1.494014 1.209396 0.460306 -1.677391 -0.634192 0.196170 -1.111053 0.322334 4.490114 1.000000
70 1.866976 0.247948 0.752327 -0.101151 -0.086037 1.368330 -0.266904 0.358961 -0.922673 -0.090951 0.182200 -0.617073 1.496889 -0.892550 -0.866699 0.172168 -0.868260 -0.099788 -0.397585 0.397312 -0.657106 0.899334 1.771645 1.006570 0.731713 0.704947 0.939959 0.058836 0.883914 1.442242 -0.989047 NA -0.083807 -1.292153 -1.907753 0.522223 1.533889 -2.215501 -0.075879 -0.224401 -0.055554 -0.114650 -0.985523 -0.546421 0.221961 -1.133025 1.095286 0.705497 1.727248 0.136271 0.625266 -0.356890 -0.011777 -0.673213 -0.850767 -0.847772 -0.659480 0.597643 -0.023235 0.284031 0.097688 0.223627 -0.822523 1.452611 0.934342 -0.940703 -0.603993 0.687855 0.390658 0.177419 0.228126 0.089207 0.234289 -0.388655 0.090730 -0.195769 0.047324 0.921401 -1.335947 0.286166 2.246967 1.000000
71 0.382903 0.288187 2.761026 -0.159826 0.971641 -0.947200 0.031610 -3.186633 -0.729141 NA -0.140632 1.004558 -0.252324 0.844389 -2.519142 0.613251 0.706263 0.295450 -0.424881 1.416515 -0.214031 1.858716 0.901829 0.037333 1.107790 1.170334 0.156466 0.667055 -1.006905 1.251880 0.310881 NA 0.223161 -0.354876 0.587677 -0.176619 NA 0.294710 1.164268 -1.483764 -1.284520 0.832250 -0.965841 -0.691065 -0.568279 -0.170000 -0.831094 -0.500407 -0.610488 -0.222446 -0.220050 -1.149844 1.980031 NA -2.070631 -0.027048 -0.336795 0.110671 -0.257754 0.291973 -0.166433 -0.221783 -0.486813 -0.676005 0.002183 0.986857 0.651879 -1.538762 0.983687 -0.342056 NA -0.530198 -0.329600 0.023010 -0.041666 0.535109 0.631616 0.438856 -1.377929 -0.876256 0.046378 1.000000
72 -1.477837 -0.589976 0.336733 -0.125782 0.276450 -0.428410 0.165240 -1.059824 1.120582 -1.986872 1.388825 -1.795592 0.165821 -2.651335 0.925853 0.724763 1.223563 0.516534 -1.380213 -0.435555 0.388250 -1.313157 0.907575 -0.949056 0.610405 -0.068670 -0.043742 0.346555 1.237673 0.547720 -2.395464 0.437605 -1.558644 -0.813764 -0.860847 -0.237305 NA 0.864259 NA NA 0.949233 0.681521 -0.188667 0.291607 -0.984345 -1.749965 -0.393520 1.894493 -0.673890 0.699598 -0.280350 -0.321598 1.298755 -1.065924 0.829866 0.076653 NA 0.702522 0.878644 2.496596 -0.052958 -0.995229 1.246838 -0.409660 -0.962679 -0.198744 -0.679715 0.091710 0.997255 1.626877 NA 2.172422 -1.256220 0.339227 -0.176227 -0.251008 1.040322 -0.272500 -0.403282 -1.218569 0.960282 1.000000
73 1.246954 1.546090 0.985586 1.053028 -1.878316 0.682595 -1.325477 0.273228 0.255006 -1.057404 0.331215 NA -1.564675 0.078866 -0.627895 -0.751293 0.362792 -0.474401 0.364803 -0.404723 0.707062 0.166384 -0.777380 0.430352 0.516374 -0.988348 -1.299426 0.092561 -1.640763 -1.342834 1.252149 -1.582199 -1.133651 NA 0.149669 -0.292803 0.007594 -2.885343 -0.373115 0.962807 -0.333243 0.177397 0.167455 -0.503266 0.240022 -1.544847 NA NA 0.717112 -0.517725 -2.610003 0.156876 -0.669945 1.538006 0.722092 -0.136974 1.296521 -1.117314 0.830690 -0.271987 1.043754 -0.684823 0.601302 0.221149 -0.496097 -1.094671 1.537622 -1.141002 NA -1.620051 0.078022 -0.969104 1.135713 1.469574 -1.743233 -0.361353 0.879327 NA 1.659048 -0.678914 1.284237 1.000000
74 -0.283607 1.481808 0.787978 -2.273871 -0.223038 NA -1.605160 1.049732 NA 0.241838 -0.423683 -0.027249 0.153888 0.049181 -1.700334 -1.754350 -1.415124 NA 0.489441 -1.416867 0.123788 -0.105492 0.381941 -0.343748 0.900494 -3.946927 -0.266054 1.930548 -0.359860 -0.030822 0.149840 1.249200 -0.892604 -0.468759 1.353980 1.215898 1.508742 -0.148599 -0.948030 1.473589 -0.364805 -0.191025 -0.445974 0.917056 -0.682415 -1.014331 0.814142 0.565200 -0.972289 -0.863478 -1.209576 0.631390 -0.853121 -0.046171 0.783369 -0.795425 0.043683 0.177058 -1.023058 -3.449887 1.254069 -0.700924 -1.722631 0.354801 0.822898 -1.557738 -0.090237 -0.527475 -1.419732 -0.079219 -0.073150 -0.169782 0.561386 2.839477 0.396208 -0.873523 0.060384 NA NA -0.214403 6.021226 1.000000
75 -1.853193 0.007195 1.258530 NA -0.594302 1.268591 -1.227504 0.050493 -0.214163 NA -0.478409 NA -0.777311 1.360491 -0.442368 -1.214416 -1.299668 0.873405 0.038413 1.067009 0.737439 NA -3.006446 0.846645 -0.376407 0.836244 2.174273 0.509934 -0.600547 0.990317 -0.929898 -0.393855 -0.337012 -0.937581 -0.228188 -0.348809 -1.496161 -0.144967 0.808425 -0.625266 -0.623197 -2.040751 0.744404 0.209094 -0.726323 0.851702 -0.484845 0.560414 -2.498809 -1.657243 1.052010 0.128940 -0.968722 0.314651 -1.278972 -1.087521 2.682365 -1.379508 0.335403 -0.238600 -1.222001 0.434390 1.395146 -1.336085 1.335102 -0.597378 1.187206 -0.142628 NA 0.923772 -0.771803 0.778575 0.898196 NA 0.019211 1.324376 0.436541 0.618697 1.459577 1.602508 5.367231 1.000000
76 NA 0.213751 -0.285069 0.480791 -1.015262 0.226262 0.156522 1.548880 0.402635 -0.613845 0.556427 1.899443 0.972832 0.677698 -1.459329 0.512801 -0.982081 -0.297205 0.020971 -0.431303 0.335148 0.374617 -0.003393 -0.175715 -2.311821 -1.347972 -1.340087 -1.256426 -0.276727 1.322636 -1.034768 -1.051367 2.554668 -1.172364 -0.194089 NA -0.440139 -0.173500 -0.534009 1.033528 0.934438 -1.122685 -0.693931 -0.975082 0.518559 -0.742665 -0.049480 -1.373332 -0.394836 -1.622260 -0.102543 -0.613999 1.285093 -0.286888 0.518636 0.255553 1.214058 0.625500 -1.638307 0.917812 -1.643376 -0.586919 -0.990626 -0.236750 -1.625529 1.597647 -0.914414 0.731279 0.316975 1.568680 -0.894945 -2.091393 1.117705 0.291248 -1.915956 -1.669693 -0.338992 0.450047 -1.006854 0.464584 15.068417 1.000000
77 -1.736893 -2.021254 0.026423 0.763407 -0.347253 1.640211 -0.118920 -1.709862 -0.417398 1.465410 -1.384544 0.324037 -0.825112 1.188623 -0.840757 0.361993 1.726136 -0.894112 0.081241 -0.583670 0.074905 0.280677 -1.649159 NA -0.246984 -1.169444 1.294616 -1.029892 1.661282 -1.791247 -0.247039 0.802837 0.214294 -1.388755 0.373288 0.039991 2.130159 0.715528 -0.289287 1.036724 0.013628 0.696112 1.685189 -1.362560 -1.690943 -0.260255 -1.659397 1.202954 NA -1.882253 0.500001 0.114667 0.789082 -2.007861 0.353995 0.161802 -0.262831 -1.751730 0.363907 -2.247775 -1.074848 -0.282154 -0.791479 -0.866562 0.151433 -0.229947 -0.241340 -0.231143 0.073908 1.245151 0.160750 -2.427527 0.718093 -1.115859 -0.714374 0.807641 -0.553670 0.967456 0.111305 1.344399 76.104735 1.000000
78 -1.241213 0.192787 -0.215448 -1.103874 -1.026416 -0.368616 -0.184402 0.198826 -2.046634 0.314681 -1.052874 1.519457 0.079644 -0.621911 0.051521 1.848407 -0.579740 0.824407 0.020098 -0.565718 0.306793 1.960175 -0.628019 -1.107735 0.878386 -0.256027 1.449524 1.802610 -1.119620 -1.042135 0.078825 -0.038912 -0.481377 -0.601123 -0.879400 0.293800 -0.951743 -0.418297 NA -2.561858 -1.574022 1.049727 NA -0.986397 -1.641470 0.857582 -0.642937 0.446599 -1.008804 -0.096234 -0.844736 0.561759 0.506586 0.152558 -0.034675 0.122035 -2.333862 -0.118091 -0.616804 0.537536 -0.308346 0.242103 NA 0.309435 -1.974874 0.369219 -0.076202 2.050407 0.421969 -0.235076 1.189659 1.916625 -0.376775 0.501288 0.780677 1.178964 -1.065433 -0.980644 -0.628041 -1.177105 0.752060 1.000000
79 0.252907 -0.186339 -0.151276 -0.956569 1.319846 0.156586 2.049688 1.401526 -0.037179 -0.433296 -0.144610 2.017794 NA -0.514703 1.239967 0.050849 0.808981 0.909245 0.420311 -0.177892 1.949235 NA -1.327965 0.383683 0.189078 1.340284 -0.265785 -0.378472 0.725237 -0.993015 -0.590400 1.347333 0.455033 -1.709326 -0.334204 NA -0.441922 -0.159600 0.002391 -0.648111 -0.651350 2.182810 0.799117 -1.002676 -0.826214 0.555835 NA NA 0.145668 -0.063006 -1.447104 -1.627357 -0.228564 0.054725 -1.822173 1.755589 -0.782765 0.804765 0.280251 0.479658 -0.111553 -1.872788 0.429266 -0.194704 0.642652 1.911693 0.213242 -0.208811 -0.321108 -1.188366 -0.199531 1.943528 -1.393492 -0.812481 -0.917510 1.854162 -1.247361 -0.540100 -1.101196 -0.290925 21.854129 1.000000
80 -0.115767 1.120049 0.840125 -0.426187 0.438058 -1.158406 -0.968171 -1.673134 0.739916 -0.244018 -0.782623 0.641000 -0.761762 -0.917182 -0.190905 0.259883 0.905506 -0.830736 0.156163 NA 2.650410 0.291988 0.802976 0.915319 -1.312920 NA -0.458289 0.926904 0.266797 -0.529941 -0.936418 1.457144 0.172419 -1.460821 0.267800 -0.518024 -0.158043 -2.567937 -1.040941 0.734506 1.177223 0.325563 0.401189 1.502748 NA 0.285981 -1.174899 1.457484 0.092597 0.437155 -0.280979 0.664130 1.263944 2.149011 0.881695 0.400696 -1.034228 -0.247810 0.292745 -0.388677 0.280964 NA 0.022902 1.099304 NA -0.605622 -0.133472 -0.630845 -1.340012 -0.557783 1.979729 0.199182 -0.682560 -0.477234 -0.077858 1.169178 -0.494880 -0.651694 0.416297 0.964077 0.044591 1.000000
81 -0.040795 -0.568963 -1.598695 -0.250501 0.159780 0.123060 -1.134127 -0.025018 0.547471 -0.891741 -0.121834 0.353621 -0.299071 1.376100 NA 2.207365 1.800995 -1.252482 0.458026 -1.043425 -0.188329 0.320077 -0.394908 -1.617415 1.867144 0.698667 0.571498 1.840400 0.106209 0.546749 -0.413557 -0.771009 0.299604 0.581549 1.353643 NA -0.439433 0.513969 0.490204 -0.439166 0.779537 -0.863073 1.038767 -0.478436 1.078493 0.362117 -0.334151 -0.404486 0.851733 0.796582 -0.643809 0.532744 1.115258 0.104006 0.031154 1.494054 -1.204647 -0.338963 1.293255 2.852115 -1.357883 0.500093 1.171808 -2.508900 0.321312 1.386359 -2.095175 1.422664 0.389214 -1.513169 -1.024683 -0.905217 0.526769 0.210957 1.439318 -1.656073 -0.576907 -0.727107 NA 1.448100 7.303820 1.000000
82 -0.125914 0.063910 0.950317 -0.525824 -1.321676 0.103930 -0.330169 1.016413 1.242800 1.175258 -0.291570 0.038233 0.641219 -0.490169 -1.724286 1.305179 -0.072511 -0.289675 0.203769 0.678586 -0.881835 -1.334075 0.577326 0.866366 0.631872 -0.221181 2.141837 -0.163745 -1.957868 -2.034908 -0.169153 0.844702 -0.426840 0.918163 -0.222763 1.118026 0.022813 -1.098433 -0.223680 -0.081331 -0.076338 2.133158 -1.634051 -2.236826 1.073811 NA -1.348023 0.378108 -0.238026 0.701784 -0.176031 NA NA -0.703410 2.173009 -0.625746 1.504196 -1.585821 2.120136 -0.893431 NA NA -0.420141 1.079543 1.286670 -0.272692 -0.893675 0.915061 1.026255 -0.610164 -1.373761 0.812015 -0.142082 0.797295 1.335861 -0.646786 -0.193081 -0.614684 -0.049831 -1.438597 2.905600 1.000000
83 NA -0.342245 0.406358 -0.299963 0.143529 0.175488 0.331648 -0.380349 0.589787 -1.121715 -0.293389 -0.286933 0.399343 1.570942 0.932355 -1.188749 1.056401 0.163278 0.062157 0.606347 -0.942096 -0.308219 -0.121415 0.221659 -1.776016 -0.345038 -1.432429 0.297201 -0.147754 -0.251723 -0.557068 -1.121255 -0.352048 0.058895 0.851084 -0.739711 1.410665 -0.650956 -0.167391 -1.618836 1.106686 0.555890 -0.240103 -1.857988 0.210724 -0.279400 -0.583312 -0.860465 -0.247561 -0.848296 0.361950 1.075921 -0.954806 0.715598 1.929488 0.395389 -0.274251 NA NA -1.121472 0.962915 -0.226111 NA 0.632727 -0.467328 -0.965021 1.021819 -0.937965 1.080506 NA -2.654405 -0.092645 -0.184743 -0.026258 1.637930 -0.581649 -1.724795 0.261320 -0.441067 0.260465 4.043378 1.000000
84 1.176910 -0.414781 -1.228284 0.833365 1.886116 0.370909 1.019723 NA 0.319725 -0.745373 1.075938 -2.430941 -1.093269 -0.839592 0.205240 1.788121 0.113096 -0.841719 NA -0.582103 -1.654285 0.091034 -0.807773 0.354691 -0.124594 -1.457527 0.752463 0.547322 0.596507 -0.887651 0.098599 -0.271563 -1.105634 -1.163983 -2.031660 0.023330 1.715941 0.912299 -2.167946 0.799403 -0.831751 0.709117 0.443738 -0.544847 -1.466762 -0.389018 0.536707 1.552677 -1.459677 -1.774939 0.061176 1.009017 -1.272763 2.566067 -2.015069 -0.364053 0.467591 -0.481937 -0.084790 1.536372 -0.462672 -1.059899 1.774766 -1.048666 -0.443902 0.965633 -0.630812 -0.759367 -1.322936 -1.220440 0.832791 -0.304717 0.425734 0.593464 0.632926 -1.538729 -0.249391 0.274070 NA 0.341773 1.449679 1.000000
85 -0.761131 0.653417 -0.316560 -2.529837 -1.276105 -1.890428 0.592325 0.886087 0.240580 0.804448 -1.748623 0.640680 1.011931 0.577646 1.694381 0.648827 0.420598 1.131765 2.009488 -2.889505 0.608266 NA -0.921686 0.347728 NA 0.910011 -0.312405 0.739408 -2.656795 -0.426341 1.375431 0.160413 1.355533 -0.213655 0.305254 0.032419 0.537491 NA 0.561104 NA -0.482906 1.359143 1.719848 0.082967 1.942360 1.998982 0.040547 0.189484 2.040051 -2.994990 1.007935 0.713550 NA NA 0.428340 2.187387 1.061305 0.744864 -2.035916 0.058128 0.413201 -0.873869 0.818492 1.785897 -0.875892 1.991960 -1.129630 0.460066 -0.991353 -0.906153 0.457241 0.132247 -0.266504 -1.044808 -1.425424 2.475629 NA 0.742354 -0.841494 -0.701589 7.826173 1.000000
86 -1.045192 -0.022663 1.244904 -1.906705 -0.592122 0.601150 2.766802 -1.894906 0.022057 0.383297 -0.630786 0.007239 0.653047 -1.244861 2.093040 NA 0.224513 -0.321533 0.344637 0.967557 -0.230018 -1.201800 -0.862927 -2.145604 -0.277406 0.226069 -1.000647 -0.172857 0.524272 -0.785237 -0.635099 0.595917 -1.627119 -0.045951 -0.855951 -0.691470 -0.991813 1.084740 0.636004 2.047600 -0.181268 2.518197 -0.006003 NA -0.527998 1.641257 -0.358818 -0.593907 0.306775 1.336727 0.775304 -0.603772 0.797935 -0.831614 0.900044 1.798921 0.859355 -0.117066 NA -0.850385 -0.173624 1.261304 0.548385 0.561165 -0.833175 -1.732029 0.151574 1.972800 0.668830 1.011233 1.373850 0.317113 -1.763758 0.348901 2.326584 0.453870 0.780706 -0.368561 0.387422 0.957276 2.238359 1.000000
87 -1.158724 0.955184 0.467913 0.910362 -0.715497 0.216906 -0.688355 1.749471 -0.543359 -0.162159 -0.293494 1.063935 -0.220071 2.109847 -0.763942 -1.877266 0.986587 -0.856486 0.006256 1.214558 0.027184 1.180842 -2.367317 -0.268677 0.772279 0.822481 -0.096719 -0.178394 -0.739577 -0.191267 0.771232 NA -0.236055 -0.945116 -0.731381 -0.062147 0.331335 -0.532490 -0.062724 0.480935 0.377607 -0.078648 -2.072991 -0.518010 0.484649 -0.017052 -0.956715 1.447047 -0.221343 -1.025436 -2.036029 -1.623803 0.895924 -0.229648 0.303550 0.476916 -1.502314 0.063947 -0.797364 1.769152 -1.221644 -1.730657 -0.298882 -0.655981 -1.411746 -0.441509 NA 0.636598 -0.759479 -0.892503 -0.183651 NA 0.727499 -0.533926 -0.824100 0.481757 1.620587 0.964872 0.299567 0.802811 2.545562 1.000000
88 -0.066520 0.814525 -0.152084 0.014534 0.014493 -1.237658 -0.119176 0.609088 0.195847 0.648849 -1.115334 1.218682 -0.254179 -0.167542 -1.254459 NA -1.392192 0.731704 -1.501025 NA 0.458723 -0.286518 1.154310 0.826228 0.396612 -1.975795 -2.781476 0.203281 0.454353 2.610198 1.317374 0.293184 0.651569 -1.011539 -0.104840 NA 0.097137 -0.053282 0.292401 -0.565355 NA 0.647722 -0.816189 0.241688 -1.693226 -0.340603 -0.900590 -0.378993 -0.278684 1.440363 0.382976 -1.636834 -0.111097 -0.863420 2.219784 -0.003442 NA 0.264417 -0.567879 -0.369224 -0.748799 -0.196801 NA 0.691612 1.352894 -0.311880 -0.453951 -0.879919 0.737610 0.566611 0.614435 0.289723 0.410664 -1.388018 1.389429 0.313098 0.795528 -0.630403 -0.302511 -1.454921 5.181803 1.000000
89 -0.304802 2.172086 -0.607235 -1.372220 1.708611 NA 0.458302 -1.094627 NA -1.596656 -0.934151 0.902144 0.391958 -0.019941 0.123475 -0.205458 NA -1.072095 -0.348958 -0.711006 -0.451911 0.144286 0.333216 -0.412367 NA 0.631336 0.437304 -0.600403 1.316231 0.291667 -0.021275 0.400581 0.155846 -1.282125 -0.167994 -0.601583 -1.967675 -0.827027 1.433433 NA -0.845783 -0.056006 -1.207771 -1.419971 0.477769 1.650775 1.431234 -2.545479 0.179755 0.551724 0.270256 0.401110 -0.807869 0.508037 0.469066 0.980076 -2.053756 -0.960231 1.183908 -1.422107 1.451882 1.097186 1.115599 0.098694 -0.815139 0.269387 -0.367668 0.005084 0.045412 1.515130 1.547697 -2.224744 -1.031395 0.364259 0.696018 0.068820 NA 0.301267 0.192597 NA 3.214366 1.000000
90 0.041419 -1.125206 -0.362739 0.441467 0.233929 2.463580 -0.002612 -0.183550 0.004104 0.627593 0.153294 -0.192934 -0.446782 -0.730976 0.605715 1.581792 -1.388685 0.814416 0.477599 0.854871 -0.598074 1.045681 -0.514849 NA 0.499996 0.717207 0.738161 1.075192 NA 0.530314 0.880981 0.437767 -1.376215 0.951250 NA NA 0.506783 1.112339 -0.049763 1.208657 0.532113 -0.726850 0.663782 -0.321905 -0.973105 -0.750036 0.375064 2.231376 -0.578070 1.253444 -0.427486 0.241259 1.775139 -0.174695 0.694548 -0.140551 NA 0.160332 0.063616 -1.458775 -0.178578 -0.762347 -1.255529 0.320717 -0.363077 -0.596374 -0.003659 -0.235116 1.220573 1.901752 0.203702 -0.200483 0.609490 0.611870 0.207318 -1.661618 0.463851 1.245228 0.974600 2.232369 17.519895 1.000000
91 0.872533 0.671087 1.470098 -1.484288 -0.192658 -0.932938 NA 0.665344 0.469919 1.063134 -0.721149 NA -1.285925 0.123494 0.786622 -0.987891 1.297507 -0.464032 0.475252 0.028240 -0.273821 0.353710 0.872392 1.512243 -0.686111 -1.324658 0.684701 -1.587671 0.101914 0.371449 0.000720 0.607381 -0.728174 -2.064371 -0.178278 -0.355262 -1.986759 -1.383256 -0.195294 0.095160 -0.286701 0.581854 0.950737 -0.380856 -0.959486 -0.226450 -1.250711 -0.527021 0.532267 2.589478 0.469186 NA 0.174711 NA 0.769941 -0.088937 -0.744642 0.149405 -1.166927 -1.186156 1.155111 -1.324405 1.310723 -0.766823 0.453737 -1.589289 -0.127844 -0.511142 -0.710783 NA 1.459669 0.011543 0.049565 -0.434411 -0.991854 0.535714 1.044056 0.281398 -0.169070 0.072217 4.216791 1.000000
92 -0.124126 0.512249 0.026589 -1.171527 0.021529 -0.521889 2.717833 0.018086 -0.845052 -2.261292 -0.526067 0.114567 -0.490595 0.225121 1.307024 -2.155040 0.587963 0.010976 1.898849 0.957968 -1.380257 -0.221800 -0.402921 -1.399777 0.706565 -0.060609 0.830256 -1.127256 0.075495 0.443128 -1.901462 0.008581 0.598954 -0.482104 0.188064 -0.751678 -1.072700 -1.692569 0.100535 0.211582 -1.140305 0.086782 -0.202446 0.281587 0.807392 -1.263657 0.471771 -0.868896 0.053512 -1.238708 0.388709 0.107379 -0.836986 0.360659 -0.656781 1.670031 0.828375 -0.711521 1.494584 1.216141 0.097313 1.261744 0.620326 -0.480976 -0.090178 -1.064265 NA 0.608507 -0.325047 -0.478685 0.255395 -0.318668 -1.004770 -1.024348 -2.183437 0.982936 1.704542 0.258188 -1.817742 1.323951 2.777580 1.000000
93 0.359015 -0.225367 -0.611060 1.280056 -1.442117 -0.162584 0.763148 0.322068 -0.405532 0.583753 -0.115616 0.638057 -0.189815 0.667539 -1.280985 0.786507 -1.335135 -0.454068 -0.169438 -0.257015 -0.793576 -0.490879 0.846049 -2.686292 -1.894738 -1.169935 0.281323 0.305279 -0.616241 0.706817 -0.558850 NA -0.228901 0.784641 -1.318530 -0.824891 NA -0.541873 -0.272851 -0.772555 -1.376984 0.596320 0.369761 -0.052695 -1.434349 1.441957 -0.949463 NA 0.198075 -1.194731 -0.094643 -1.390681 1.022939 -0.589001 -0.349891 0.214939 NA 0.552567 1.228494 -0.901100 2.068601 0.326028 -0.527967 -0.220630 -1.064928 -1.109990 0.914031 0.265849 -0.040063 0.289601 0.593752 1.364523 -0.265453 NA -1.308938 -1.927272 -0.459845 0.935762 0.061946 -0.714375 6.024846 1.000000
94 -0.668505 -0.615507 NA -0.197177 -0.971789 -0.319849 -1.940463 1.780800 0.414205 -0.880009 1.373059 2.655686 -0.245186 -0.328855 -0.277241 1.640105 NA 0.486171 -1.127023 0.575885 -0.072148 0.857851 0.528191 -0.158828 -0.533063 -0.898552 -1.146522 -0.680431 -1.304547 -0.440803 -1.142198 -0.532582 -0.468844 -0.749483 0.693707 -0.783301 -0.943912 -0.776853 0.530421 1.260187 -0.537582 -1.313164 -0.150821 -0.669978 -0.703927 -1.797555 -0.847650 0.216402 1.485543 -0.401203 -0.561295 2.508387 0.637449 0.375986 0.241461 0.649409 -0.859941 1.145016 0.572512 -0.315771 -0.955010 -0.702328 0.428708 0.883902 0.245705 -0.097862 -0.121830 0.474508 0.386001 1.349690 -0.439577 1.700179 0.536475 -0.372506 0.356733 0.574124 1.312944 0.021589 -2.170299 0.734794 11.285615 1.000000
95 0.855064 0.992994 0.893236 0.241303 -0.095741 0.733703 1.044357 -0.529314 -1.124621 -1.132525 -0.044447 0.561781 -1.911248 0.304291 -0.709742 -2.047033 0.825416 -0.990405 0.019240 -0.090083 -2.854165 -0.192410 0.544832 0.753111 -1.619017 -2.424661 -0.019837 1.020673 0.271627 -0.643573 -0.470156 1.678446 1.031951 1.694346 -1.511092 -0.643798 0.518898 -0.733516 -0.474004 -0.098400 -0.582087 0.188720 0.303250 -0.463725 0.690871 0.360872 -0.650402 NA -1.094006 0.458000 1.502157 -0.323540 0.465581 1.263715 0.266909 -0.284286 -0.506744 -0.417832 0.575518 1.056797 0.318832 -0.618945 -1.068382 1.689490 -0.238701 0.267299 0.866477 -0.309693 -1.061633 0.761751 0.366764 0.363459 0.230050 -1.823108 0.503136 0.661511 0.261432 NA 0.795404 -0.646290 0.221012 1.000000
96 -0.211986 0.225158 0.393047 -0.836531 0.642102 0.657712 -0.269975 0.067067 -0.051105 NA -1.292992 1.497563 0.092616 NA 0.638400 -1.539316 1.094365 0.053241 1.356385 0.555588 -1.527787 0.209464 -0.782305 0.264176 0.135167 NA 1.732771 -1.682493 0.338876 -0.202085 -0.306132 0.023647 -1.499728 0.235430 NA 0.012574 -0.425962 0.550759 1.128864 -0.616214 -0.708976 -0.329812 0.865362 1.169637 -0.623676 NA NA 0.130288 2.085216 0.116910 -2.188316 -0.002812 -0.097565 1.279857 -0.244047 0.569758 0.920955 -0.903942 -1.020477 0.432599 -0.140820 -0.671513 -0.440234 -0.047762 1.048762 -0.417715 -0.379745 1.926240 -1.372552 -0.997767 -0.261166 0.270582 0.375073 1.970833 0.317033 0.701207 -0.800756 1.141235 -1.823012 -0.301507 1.373472 1.000000
97 0.646791 1.348198 -1.343379 -0.085299 0.860386 0.512042 -1.159178 -2.002235 1.158905 1.050157 1.129011 0.218040 -0.488877 -0.397396 0.694152 -0.388540 0.030226 0.756945 1.494675 -0.894149 -0.810343 -0.266379 -0.118069 -1.443009 1.606968 0.061197 0.126233 0.514810 -0.594308 0.610061 0.591382 -0.344737 0.765984 1.071928 -0.536540 -1.471685 -1.540273 1.355828 -0.165784 0.795699 -2.185609 0.405231 -0.665710 -1.378591 -0.240861 -1.407553 -0.085264 -1.227423 1.079645 -0.676184 0.718662 0.680890 0.391627 -0.341783 0.129239 1.799532 -2.163469 0.267507 -0.084138 -0.751111 0.357565 -0.156953 -0.196939 1.244800 0.378994 0.504878 -1.603989 -0.137163 -0.087126 -0.305143 0.346822 -0.473206 -1.154088 -1.480010 0.610072 0.277959 -0.291946 0.138372 0.939851 -0.442036 0.369223 1.000000
98 -1.435263 0.421735 -0.211165 -1.409141 0.677179 -0.133458 0.738899 NA -1.486981 -0.543055 1.490159 1.007289 -0.881405 -0.373887 -0.956097 1.016944 -1.957736 0.058154 -0.323786 NA -0.784889 0.319043 -0.700963 1.472132 0.422946 -0.185750 0.487346 1.038834 0.499806 0.080397 0.539346 -0.913904 1.398967 0.304708 0.762601 0.308992 NA 0.425725 0.296681 0.641566 -1.475528 -0.260420 -2.134610 0.191845 -1.756532 -1.243516 1.342389 NA -1.265370 -0.263537 -0.209661 0.288248 1.293929 -0.378376 -1.535566 -0.242691 0.893416 -0.341003 0.068857 1.981857 -1.316472 1.287825 0.022913 NA 0.651303 -0.367907 -0.208624 -0.130297 -1.475188 -0.436954 -1.187043 -0.263641 -0.309191 0.194168 0.250873 0.305128 -0.025918 NA -0.008399 NA 6.800974 1.000000
99 -1.351042 0.192958 -0.512337 NA NA 1.106750 NA 0.219582 0.419456 -0.609369 -0.476617 0.477434 -0.832807 0.425306 -0.237610 0.198509 -1.551039 1.014176 -0.169902 -0.878716 -0.028271 1.860736 -0.615060 -0.103135 0.260117 -0.510446 0.532591 0.081793 0.940931 -0.710555 1.023123 1.195366 0.190139 -0.403864 1.258582 -0.925001 0.303789 2.748819 -0.474022 -1.718193 0.533803 1.415359 0.669415 -2.113950 -1.201955 NA 1.058542 0.077218 -0.399078 0.015168 -1.124754 NA 0.570094 0.871186 0.405219 0.319065 0.201651 -0.783368 -0.966670 0.406798 -0.848429 -0.566816 -1.250285 -1.092844 -0.103555 NA 1.148865 0.699244 NA 0.820652 0.548721 NA -0.263293 0.254828 NA 0.756622 -0.329934 0.015002 -0.118819 -0.013298 8.133117 1.000000
100 -0.471905 0.850872 1.384550 -0.070535 0.194220 -0.372855 -2.236856 -0.053898 0.640017 0.188278 1.073343 -0.556211 0.423726 -0.335171 -0.128619 0.182956 0.456205 NA -1.320281 -0.494210 -0.696307 -0.327100 0.404504 -2.509093 -0.555628 -0.507450 -0.318645 -0.304691 -1.654385 -0.530760 0.638920 1.668011 2.878782 0.751357 1.075229 -0.125702 -0.351053 -0.516751 0.398433 0.515406 -1.928427 0.659647 -0.157001 -0.513641 0.894445 -0.108175 -0.315553 0.559239 -1.430089 -1.420487 -1.079353 -1.688450 -0.817254 0.795607 NA -0.670980 -1.729849 -0.536807 -0.864141 -0.346445 -0.563361 -1.432205 -1.045199 1.535861 0.725542 0.795427 0.047206 1.250411 -0.014014 1.162578 0.927348 1.457922 -0.426750 -0.491207 -2.261654 0.776770 -1.519449 -0.285070 0.398399 -0.992818 0.329449 1.000000
uncorrelated Gaussian covariates
missing covariate fraction: 0.050000
no latent classes
   lambda(t|risk 1)=C, <t>=4.000000 for zero covariates
   risk 1: beta[1]=0.500000
   risk 1: beta[2]=0.500000
   risk 1: beta[3]=0.500000
   risk 1: beta[4]=0.500000
   risk 1: beta[5]=0.500000
   risk 1: beta[6]=-0.500000
   risk 1: beta[7]=-0.500000
   risk 1: beta[8]=-0.500000
   risk 1: beta[9]=-0.500000
   risk 1: beta[10]=-0.500000
   risk 1: beta[11]=0.000000
   risk 1: beta[12]=0.000000
   risk 1: beta[13]=0.000000
   risk 1: beta[14]=0.000000
   risk 1: beta[15]=0.000000
   risk 1: beta[16]=0.000000
   risk 1: beta[17]=0.000000
   risk 1: beta[18]=0.000000
   risk 1: beta[19]=0.000000
   risk 1: beta[20]=0.000000
   risk 1: beta[21]=0.000000
   risk 1: beta[22]=0.000000
   risk 1: beta[23]=0.000000
   risk 1: beta[24]=0.000000
   risk 1: beta[25]=0.000000
   risk 1: beta[26]=0.000000
   risk 1: beta[27]=0.000000
   risk 1: beta[28]=0.000000
   risk 1: beta[29]=0.000000
   risk 1: beta[30]=0.000000
   risk 1: beta[31]=0.000000
   risk 1: beta[32]=0.000000
   risk 1: beta[33]=0.000000
   risk 1: beta[34]=0.000000
   risk 1: beta[35]=0.000000
   risk 1: beta[36]=0.000000
   risk 1: beta[37]=0.000000
   risk 1: beta[38]=0.000000
   risk 1: beta[39]=0.000000
   risk 1: beta[40]=0.000000
   risk 1: beta[41]=0.000000
   risk 1: beta[42]=0.000000
   risk 1: beta[43]=0.000000
   risk 1: beta[44]=0.000000
   risk 1: beta[45]=0.000000
   risk 1: beta[46]=0.000000
   risk 1: beta[47]=0.000000
   risk 1: beta[48]=0.000000
   risk 1: beta[49]=0.000000
   risk 1: beta[50]=0.000000
   risk 1: beta[51]=0.000000
   risk 1: beta[52]=0.000000
   risk 1: beta[53]=0.000000
   risk 1: beta[54]=0.000000
   risk 1: beta[55]=0.000000
   risk 1: beta[56]=0.000000
   risk 1: beta[57]=0.000000
   risk 1: beta[58]=0.000000
   risk 1: beta[59]=0.000000
   risk 1: beta[60]=0.000000
   risk 1: beta[61]=0.000000
   risk 1: beta[62]=0.000000
   risk 1: beta[63]=0.000000
   risk 1: beta[64]=0.000000
   risk 1: beta[65]=0.000000
   risk 1: beta[66]=0.000000
   risk 1: beta[67]=0.000000
   risk 1: beta[68]=0.000000
   risk 1: beta[69]=0.000000
   risk 1: beta[70]=0.000000
   risk 1: beta[71]=0.000000
   risk 1: beta[72]=0.000000
   risk 1: beta[73]=0.000000
   risk 1: beta[74]=0.000000
   risk 1: beta[75]=0.000000
   risk 1: beta[76]=0.000000
   risk 1: beta[77]=0.000000
   risk 1: beta[78]=0.000000
   risk 1: beta[79]=0.000000
   risk 1: beta[80]=0.000000
