1 0.025396032967 0.870518180746
2 -0.053438290323 0.992579497118
3 -0.150148680000 0.997582731749
4 -0.164213629213 1.093741481798
5 0.213408288660 0.916834216797
6 0.106832775510 1.024033787680
7 0.004471666667 0.894759767916
8 0.108717119565 1.008250448271
9 -0.057588020619 1.026462826086
10 -0.112278905263 0.949705451426
11 0.084064484536 0.908968698435
12 0.002203723404 0.974709725226
13 0.092547195652 0.834717818657
14 -0.098758855670 1.008944907160
15 -0.113641572917 1.051433995725
16 -0.131658195876 0.925876218998
17 0.116224457447 1.011463928763
18 0.028675216495 1.066723022264
19 -0.198332161290 1.093185899737
20 0.002994291667 1.017819185664
21 0.086988010870 1.119572698777
22 -0.012860131313 1.033419670520
23 0.022290175258 0.922376940125
24 -0.228733702128 0.967274275149
25 -0.049762147368 0.971346928736
26 0.035919204082 0.848755034000
27 -0.035573436170 0.979103419522
28 0.013593443299 0.991495466782
29 -0.047074989796 0.961528478397
30 -0.007895152174 1.033958828428
31 0.018139377551 0.916827365659
32 -0.006064770833 1.049411158118
33 -0.096794938144 0.911988266602
34 0.091688703297 0.840543820221
35 0.082515845361 0.998132779909
36 0.166454793814 0.947367076242
37 0.058626450549 1.040891956827
38 -0.037433257732 0.881870703994
39 0.026800000000 0.921632894034
40 0.092706478723 1.049089823644
41 0.118360778947 1.087021785123
42 0.150760233333 1.057909597622
43 0.025657464646 1.020962490878
44 0.002547393617 0.973390121985
45 0.090223364583 0.991308374748
46 -0.022941979592 0.926501603446
47 -0.140570282609 1.089207436777
48 0.051093463918 1.064705448320
49 0.046251421053 0.869283039079
50 0.152299653061 0.972334447073
51 0.007057474227 0.974437357806
52 -0.056001408602 1.042477529889
53 0.099712030303 1.018105483591
54 0.111031876289 0.945185558985
55 0.174435778947 0.961970071836
56 -0.156223365591 0.959986469167
57 -0.129811340206 0.818492906904
58 0.077620458333 1.134782271502
59 0.091525819149 0.918923517305
60 -0.143224021277 0.982462081946
61 0.160328704082 1.090071322281
62 -0.041444244444 0.935618971025
63 0.128106763441 0.921935429365
64 -0.063928875000 1.090510954604
65 -0.084353060606 1.010443757847
66 0.138914081633 0.853082181078
67 -0.027839052632 0.934503427487
68 0.018652115789 0.984850542938
69 -0.026145645161 1.083684318450
70 -0.091291968750 0.996560051292
71 0.120672608247 0.988138749336
72 -0.090473666667 0.968115536263
73 0.191874687500 0.996347281294
74 -0.030860206522 1.017364043361
75 0.124862800000 0.955223397266
76 0.033856330000 1.027424647750
77 0.037504562500 1.042665422134
78 0.005822802083 1.043375283231
79 0.089747604396 0.999462114277
80 0.066093553191 0.870075890018
81 -0.086778378947 1.066319710842
82 0.178328583333 0.897206294759
83 -0.095664291667 0.977689362548
84 0.008904319149 1.081293847027
85 -0.059557858696 1.029592087724
86 -0.037526010526 0.989535686805
87 -0.030461816327 1.078941776921
88 0.109921731183 1.059579750417
89 0.033937552083 1.045137466199
90 0.021395000000 1.000229108983
91 -0.246047989691 0.936338838852
92 -0.081838421053 0.963184959410
93 -0.135429212766 0.930658941252
94 0.037382531250 0.984357442855
95 0.005209681319 0.962484222314
96 0.131026836735 0.923280047933
97 0.135467279570 1.046033358270
98 0.071714552083 0.945451838968
99 0.016286234043 0.977812198415
100 -0.025208263158 0.951785209227
