active=100: 1 2 3 4 5 6 7 8 9 10 11 12 13 14 15 16 17 18 19 20 21 22 23 24 25 26 27 28 29 30 31 32 33 34 35 36 37 38 39 40 41 42 43 44 45 46 47 48 49 50 51 52 53 54 55 56 57 58 59 60 61 62 63 64 65 66 67 68 69 70 71 72 73 74 75 76 77 78 79 80 81 82 83 84 85 86 87 88 89 90 91 92 93 94 95 96 97 98 99 100 
active=99: 1 2 3 4 5 6 7 8 9 10 11 12 13 14 15 16 17 18 19 20 21 22 23 24 25 27 28 29 30 31 32 33 34 35 36 37 38 39 40 41 42 43 44 45 46 47 48 49 50 51 52 53 54 55 56 57 58 59 60 61 62 63 64 65 66 67 68 69 70 71 72 73 74 75 76 77 78 79 80 81 82 83 84 85 86 87 88 89 90 91 92 93 94 95 96 97 98 99 100 
active=98: 1 2 3 4 5 6 7 8 9 10 11 12 13 14 15 16 17 18 19 20 21 22 23 24 25 27 28 29 30 31 32 33 34 35 36 37 38 39 40 41 42 43 44 45 46 47 48 49 50 51 52 53 54 55 56 57 58 59 60 61 62 63 64 65 66 67 68 69 71 72 73 74 75 76 77 78 79 80 81 82 83 84 85 86 87 88 89 90 91 92 93 94 95 96 97 98 99 100 
active=97: 1 2 3 4 5 6 7 8 9 10 11 12 13 14 15 16 17 18 19 20 21 22 23 24 25 27 28 29 30 31 32 33 35 36 37 38 39 40 41 42 43 44 45 46 47 48 49 50 51 52 53 54 55 56 57 58 59 60 61 62 63 64 65 66 67 68 69 71 72 73 74 75 76 77 78 79 80 81 82 83 84 85 86 87 88 89 90 91 92 93 94 95 96 97 98 99 100 
active=96: 1 2 3 4 5 6 7 8 9 10 11 12 13 14 15 16 17 18 19 20 21 22 23 24 25 27 28 29 30 31 32 33 35 36 37 38 39 40 41 42 43 44 45 46 47 48 49 50 51 52 53 54 55 56 57 58 59 60 61 62 63 64 65 66 67 68 69 71 72 73 74 75 76 77 78 80 81 82 83 84 85 86 87 88 89 90 91 92 93 94 95 96 97 98 99 100 
active=95: 1 2 3 4 5 6 7 8 9 10 11 12 13 14 15 16 17 18 19 20 21 22 23 24 25 27 28 29 30 31 32 33 35 36 37 38 39 40 41 42 43 44 45 46 47 48 50 51 52 53 54 55 56 57 58 59 60 61 62 63 64 65 66 67 68 69 71 72 73 74 75 76 77 78 80 81 82 83 84 85 86 87 88 89 90 91 92 93 94 95 96 97 98 99 100 
active=94: 1 2 3 4 5 6 7 8 9 10 11 12 13 14 15 16 17 18 19 20 21 22 23 24 25 27 28 29 30 31 32 33 35 36 37 38 39 40 41 42 43 44 45 46 47 48 50 51 52 53 54 55 56 57 58 59 60 61 62 63 64 65 66 67 68 69 72 73 74 75 76 77 78 80 81 82 83 84 85 86 87 88 89 90 91 92 93 94 95 96 97 98 99 100 
active=93: 1 2 3 4 5 6 7 8 9 10 11 12 13 14 15 16 17 18 19 20 21 22 23 24 25 27 28 29 30 31 32 33 35 36 37 38 39 40 41 42 43 45 46 47 48 50 51 52 53 54 55 56 57 58 59 60 61 62 63 64 65 66 67 68 69 72 73 74 75 76 77 78 80 81 82 83 84 85 86 87 88 89 90 91 92 93 94 95 96 97 98 99 100 
active=92: 1 2 3 4 5 6 7 8 9 10 11 12 13 14 15 16 17 18 19 20 21 22 23 24 25 27 28 29 30 31 32 33 35 36 37 38 39 40 41 42 43 45 46 47 48 50 51 52 53 54 55 56 57 58 59 60 61 62 63 64 65 66 67 68 69 72 73 74 76 77 78 80 81 82 83 84 85 86 87 88 89 90 91 92 93 94 95 96 97 98 99 100 
active=91: 1 2 3 4 5 6 7 8 9 10 11 12 13 14 15 16 17 18 19 20 21 22 23 24 25 27 28 29 30 31 32 33 35 36 37 38 39 40 41 42 43 45 46 47 48 50 51 52 53 54 55 56 57 58 59 60 61 62 63 64 65 66 67 68 69 72 73 74 76 77 78 80 81 82 83 84 85 87 88 89 90 91 92 93 94 95 96 97 98 99 100 
active=90: 1 2 3 4 5 6 7 8 9 10 11 12 13 14 15 16 17 18 19 20 21 22 23 24 25 27 28 29 30 31 32 33 35 36 37 38 39 40 41 42 43 45 46 47 48 50 52 53 54 55 56 57 58 59 60 61 62 63 64 65 66 67 68 69 72 73 74 76 77 78 80 81 82 83 84 85 87 88 89 90 91 92 93 94 95 96 97 98 99 100 
active=89: 1 2 3 4 5 6 7 8 9 10 11 12 13 14 15 16 17 18 19 20 21 22 23 24 27 28 29 30 31 32 33 35 36 37 38 39 40 41 42 43 45 46 47 48 50 52 53 54 55 56 57 58 59 60 61 62 63 64 65 66 67 68 69 72 73 74 76 77 78 80 81 82 83 84 85 87 88 89 90 91 92 93 94 95 96 97 98 99 100 
active=88: 1 2 3 4 5 6 7 8 9 10 11 12 13 14 15 16 17 18 19 20 21 22 23 24 27 28 29 30 31 32 33 35 36 37 38 39 40 41 42 43 45 46 47 48 50 52 53 54 55 56 57 58 59 60 61 62 63 64 65 66 67 68 69 72 73 74 76 77 78 80 81 82 83 84 85 87 88 89 90 91 92 93 94 95 96 97 98 99 
active=87: 1 2 3 4 5 6 7 8 9 10 11 12 13 14 15 16 17 18 19 20 21 22 23 24 27 28 29 30 31 32 33 35 36 37 38 39 40 41 42 43 46 47 48 50 52 53 54 55 56 57 58 59 60 61 62 63 64 65 66 67 68 69 72 73 74 76 77 78 80 81 82 83 84 85 87 88 89 90 91 92 93 94 95 96 97 98 99 
active=86: 1 2 3 4 5 6 7 8 9 10 11 12 13 14 15 16 17 18 19 20 21 22 23 24 27 28 29 30 32 33 35 36 37 38 39 40 41 42 43 46 47 48 50 52 53 54 55 56 57 58 59 60 61 62 63 64 65 66 67 68 69 72 73 74 76 77 78 80 81 82 83 84 85 87 88 89 90 91 92 93 94 95 96 97 98 99 
active=85: 1 2 3 4 5 6 7 8 9 10 11 12 13 14 15 16 17 18 19 20 21 22 23 24 27 28 29 30 32 33 35 36 37 38 39 40 41 42 43 46 47 48 50 52 53 54 55 56 57 58 59 60 61 63 64 65 66 67 68 69 72 73 74 76 77 78 80 81 82 83 84 85 87 88 89 90 91 92 93 94 95 96 97 98 99 
active=84: 1 2 3 4 5 6 7 8 9 10 11 12 13 14 15 16 17 18 19 20 21 22 23 24 27 28 29 30 32 33 35 36 37 38 39 40 41 42 43 47 48 50 52 53 54 55 56 57 58 59 60 61 63 64 65 66 67 68 69 72 73 74 76 77 78 80 81 82 83 84 85 87 88 89 90 91 92 93 94 95 96 97 98 99 
active=83: 1 2 3 4 5 6 7 8 9 10 11 12 13 14 16 17 18 19 20 21 22 23 24 27 28 29 30 32 33 35 36 37 38 39 40 41 42 43 47 48 50 52 53 54 55 56 57 58 59 60 61 63 64 65 66 67 68 69 72 73 74 76 77 78 80 81 82 83 84 85 87 88 89 90 91 92 93 94 95 96 97 98 99 
active=82: 1 2 3 4 5 6 7 8 9 10 11 12 13 14 16 17 18 19 20 21 22 23 24 27 28 29 30 33 35 36 37 38 39 40 41 42 43 47 48 50 52 53 54 55 56 57 58 59 60 61 63 64 65 66 67 68 69 72 73 74 76 77 78 80 81 82 83 84 85 87 88 89 90 91 92 93 94 95 96 97 98 99 
active=81: 1 2 3 4 5 6 7 8 9 10 11 12 13 14 16 17 18 19 20 21 22 23 24 27 28 29 30 33 35 36 37 38 39 40 41 42 43 47 48 50 52 53 54 55 56 57 58 59 60 61 63 64 65 66 67 68 69 72 73 74 76 77 80 81 82 83 84 85 87 88 89 90 91 92 93 94 95 96 97 98 99 
active=80: 1 2 3 4 5 6 7 8 9 10 11 12 13 14 16 17 18 19 20 21 22 23 24 27 28 29 30 33 35 36 37 38 39 40 41 42 43 47 48 50 52 53 54 55 56 57 58 59 60 61 63 64 65 66 67 68 69 72 73 76 77 80 81 82 83 84 85 87 88 89 90 91 92 93 94 95 96 97 98 99 
active=79: 1 2 3 4 5 6 7 8 9 10 12 13 14 16 17 18 19 20 21 22 23 24 27 28 29 30 33 35 36 37 38 39 40 41 42 43 47 48 50 52 53 54 55 56 57 58 59 60 61 63 64 65 66 67 68 69 72 73 76 77 80 81 82 83 84 85 87 88 89 90 91 92 93 94 95 96 97 98 99 
active=78: 1 2 3 4 5 6 7 8 9 10 12 13 14 16 17 19 20 21 22 23 24 27 28 29 30 33 35 36 37 38 39 40 41 42 43 47 48 50 52 53 54 55 56 57 58 59 60 61 63 64 65 66 67 68 69 72 73 76 77 80 81 82 83 84 85 87 88 89 90 91 92 93 94 95 96 97 98 99 
active=77: 1 2 3 4 5 6 7 8 9 10 12 14 16 17 19 20 21 22 23 24 27 28 29 30 33 35 36 37 38 39 40 41 42 43 47 48 50 52 53 54 55 56 57 58 59 60 61 63 64 65 66 67 68 69 72 73 76 77 80 81 82 83 84 85 87 88 89 90 91 92 93 94 95 96 97 98 99 
active=76: 1 2 3 4 5 6 7 8 9 10 12 14 16 17 19 20 21 22 23 24 27 28 29 30 33 35 36 37 38 39 40 41 42 43 47 48 50 52 53 54 55 57 58 59 60 61 63 64 65 66 67 68 69 72 73 76 77 80 81 82 83 84 85 87 88 89 90 91 92 93 94 95 96 97 98 99 
active=75: 1 2 3 4 5 6 7 8 9 10 12 14 16 17 19 20 21 22 23 24 27 28 29 30 33 35 36 37 38 39 40 41 42 43 47 48 50 53 54 55 57 58 59 60 61 63 64 65 66 67 68 69 72 73 76 77 80 81 82 83 84 85 87 88 89 90 91 92 93 94 95 96 97 98 99 
active=74: 1 2 3 4 5 6 7 8 9 10 12 14 16 17 19 20 21 22 23 24 27 28 29 30 33 35 36 37 38 39 40 41 42 43 47 48 50 53 54 55 57 58 59 60 61 63 64 66 67 68 69 72 73 76 77 80 81 82 83 84 85 87 88 89 90 91 92 93 94 95 96 97 98 99 
active=73: 1 2 3 4 5 6 7 8 9 10 12 14 16 17 19 20 21 22 23 24 27 28 29 30 33 36 37 38 39 40 41 42 43 47 48 50 53 54 55 57 58 59 60 61 63 64 66 67 68 69 72 73 76 77 80 81 82 83 84 85 87 88 89 90 91 92 93 94 95 96 97 98 99 
active=72: 1 2 3 4 5 6 7 8 9 10 12 14 16 17 19 20 21 22 23 24 27 28 29 30 33 36 37 38 39 40 41 42 43 47 48 50 53 54 55 57 58 59 60 61 63 64 66 67 68 69 72 73 76 77 80 81 82 83 84 85 87 88 89 91 92 93 94 95 96 97 98 99 
active=71: 1 2 3 4 5 6 7 8 9 10 12 14 16 17 19 20 21 22 23 24 27 28 29 30 33 36 37 38 39 40 41 42 43 47 48 50 53 54 55 57 58 60 61 63 64 66 67 68 69 72 73 76 77 80 81 82 83 84 85 87 88 89 91 92 93 94 95 96 97 98 99 
active=70: 1 2 3 4 5 6 7 8 9 10 12 14 16 17 19 20 21 22 23 24 27 28 29 30 33 36 37 38 39 40 41 42 43 47 48 50 53 54 55 57 58 60 61 63 64 66 67 68 69 72 73 76 77 80 81 83 84 85 87 88 89 91 92 93 94 95 96 97 98 99 
active=69: 1 2 3 4 5 6 7 8 9 10 12 14 16 17 19 20 21 22 24 27 28 29 30 33 36 37 38 39 40 41 42 43 47 48 50 53 54 55 57 58 60 61 63 64 66 67 68 69 72 73 76 77 80 81 83 84 85 87 88 89 91 92 93 94 95 96 97 98 99 
active=68: 1 2 3 4 5 6 7 8 9 10 12 14 16 17 19 20 21 22 24 27 28 29 30 33 36 37 38 39 40 41 42 43 47 48 50 54 55 57 58 60 61 63 64 66 67 68 69 72 73 76 77 80 81 83 84 85 87 88 89 91 92 93 94 95 96 97 98 99 
active=67: 1 2 3 4 6 7 8 9 10 12 14 16 17 19 20 21 22 24 27 28 29 30 33 36 37 38 39 40 41 42 43 47 48 50 54 55 57 58 60 61 63 64 66 67 68 69 72 73 76 77 80 81 83 84 85 87 88 89 91 92 93 94 95 96 97 98 99 
active=66: 1 2 3 4 6 7 8 9 10 12 14 16 17 19 20 21 22 24 27 28 29 30 33 36 37 38 39 40 41 42 43 47 48 50 54 55 57 58 60 61 63 64 66 67 68 69 72 73 76 77 80 81 83 84 85 87 88 91 92 93 94 95 96 97 98 99 
active=65: 1 2 3 4 6 7 8 9 10 12 14 16 17 19 20 21 22 24 27 28 29 30 33 36 37 38 39 40 41 42 47 48 50 54 55 57 58 60 61 63 64 66 67 68 69 72 73 76 77 80 81 83 84 85 87 88 91 92 93 94 95 96 97 98 99 
active=64: 1 2 3 4 6 7 8 9 10 12 14 16 17 19 20 21 22 24 27 28 29 30 33 36 37 38 39 40 41 42 47 48 50 54 55 57 58 60 61 63 64 66 67 68 69 72 73 76 77 81 83 84 85 87 88 91 92 93 94 95 96 97 98 99 
active=63: 1 2 3 4 6 7 8 9 10 14 16 17 19 20 21 22 24 27 28 29 30 33 36 37 38 39 40 41 42 47 48 50 54 55 57 58 60 61 63 64 66 67 68 69 72 73 76 77 81 83 84 85 87 88 91 92 93 94 95 96 97 98 99 
active=62: 1 2 3 4 6 7 8 9 10 14 17 19 20 21 22 24 27 28 29 30 33 36 37 38 39 40 41 42 47 48 50 54 55 57 58 60 61 63 64 66 67 68 69 72 73 76 77 81 83 84 85 87 88 91 92 93 94 95 96 97 98 99 
active=61: 1 2 3 4 6 7 8 9 10 14 19 20 21 22 24 27 28 29 30 33 36 37 38 39 40 41 42 47 48 50 54 55 57 58 60 61 63 64 66 67 68 69 72 73 76 77 81 83 84 85 87 88 91 92 93 94 95 96 97 98 99 
active=60: 1 2 3 4 6 7 8 9 10 14 19 20 21 22 24 27 28 29 30 33 36 37 38 39 40 41 42 47 48 50 54 55 57 58 60 61 63 64 66 67 68 69 72 73 76 77 81 83 85 87 88 91 92 93 94 95 96 97 98 99 
active=59: 1 2 3 4 6 7 8 9 10 14 19 20 21 22 24 27 28 29 30 33 36 37 38 39 40 41 42 47 48 50 54 55 57 58 60 61 63 64 66 67 68 72 73 76 77 81 83 85 87 88 91 92 93 94 95 96 97 98 99 
active=58: 1 2 3 4 6 7 8 9 10 14 19 20 21 22 24 27 28 29 30 33 36 37 38 39 40 41 42 47 48 54 55 57 58 60 61 63 64 66 67 68 72 73 76 77 81 83 85 87 88 91 92 93 94 95 96 97 98 99 
active=57: 1 2 3 4 6 7 8 9 10 14 19 20 21 22 24 27 28 29 30 33 36 37 38 39 40 41 42 47 48 54 55 57 58 60 61 63 64 66 67 68 72 73 76 77 81 83 85 87 88 92 93 94 95 96 97 98 99 
active=56: 1 2 3 4 6 7 8 9 10 14 19 20 21 22 24 27 28 29 30 36 37 38 39 40 41 42 47 48 54 55 57 58 60 61 63 64 66 67 68 72 73 76 77 81 83 85 87 88 92 93 94 95 96 97 98 99 
active=55: 1 2 3 4 6 7 8 9 10 14 19 20 21 22 24 27 28 29 30 36 37 38 39 40 41 42 47 48 54 55 57 58 60 61 63 64 66 67 68 72 73 76 77 81 83 85 87 88 92 93 95 96 97 98 99 
active=54: 1 2 3 4 6 7 8 9 10 19 20 21 22 24 27 28 29 30 36 37 38 39 40 41 42 47 48 54 55 57 58 60 61 63 64 66 67 68 72 73 76 77 81 83 85 87 88 92 93 95 96 97 98 99 
active=53: 1 2 3 4 6 7 8 9 10 19 20 21 22 24 27 28 29 30 36 37 38 39 40 41 42 47 48 54 55 57 58 60 61 63 64 66 67 68 72 73 76 77 81 83 85 87 88 92 93 95 96 98 99 
active=52: 1 2 3 4 6 7 8 9 10 19 20 21 22 24 27 28 29 30 36 37 38 39 40 41 42 47 48 54 55 58 60 61 63 64 66 67 68 72 73 76 77 81 83 85 87 88 92 93 95 96 98 99 
active=51: 1 2 3 4 6 7 8 9 10 19 20 21 22 24 27 28 29 30 36 37 38 39 40 41 42 47 54 55 58 60 61 63 64 66 67 68 72 73 76 77 81 83 85 87 88 92 93 95 96 98 99 
active=50: 1 2 3 4 6 7 8 9 10 19 20 21 22 24 27 28 29 30 36 37 38 39 40 41 42 47 55 58 60 61 63 64 66 67 68 72 73 76 77 81 83 85 87 88 92 93 95 96 98 99 
active=49: 1 2 3 4 6 7 8 9 10 19 20 21 22 24 27 28 29 30 36 37 38 39 40 41 42 55 58 60 61 63 64 66 67 68 72 73 76 77 81 83 85 87 88 92 93 95 96 98 99 
active=48: 1 2 3 4 6 7 8 9 10 19 20 21 22 24 27 28 29 30 36 37 38 39 40 41 42 55 58 60 61 63 64 66 68 72 73 76 77 81 83 85 87 88 92 93 95 96 98 99 
active=47: 1 2 3 4 6 7 8 9 10 19 20 21 22 24 27 28 29 30 36 37 38 40 41 42 55 58 60 61 63 64 66 68 72 73 76 77 81 83 85 87 88 92 93 95 96 98 99 
active=46: 1 2 3 4 6 7 8 9 10 19 20 21 22 24 27 28 29 30 36 37 38 40 41 42 55 58 60 61 64 66 68 72 73 76 77 81 83 85 87 88 92 93 95 96 98 99 
active=45: 1 2 3 4 6 7 8 9 10 19 20 21 22 24 27 28 29 30 36 38 40 41 42 55 58 60 61 64 66 68 72 73 76 77 81 83 85 87 88 92 93 95 96 98 99 
active=44: 1 2 3 4 6 7 8 9 10 19 20 21 22 24 27 28 29 30 36 38 40 41 42 55 58 60 61 64 66 68 72 73 77 81 83 85 87 88 92 93 95 96 98 99 
active=43: 1 2 3 4 6 7 8 9 10 19 20 21 22 24 27 28 29 30 36 38 40 41 55 58 60 61 64 66 68 72 73 77 81 83 85 87 88 92 93 95 96 98 99 
active=42: 1 2 3 4 6 7 8 9 10 19 20 21 22 24 27 28 29 30 36 38 40 41 55 58 60 61 64 66 68 72 77 81 83 85 87 88 92 93 95 96 98 99 
active=41: 1 2 3 4 6 7 8 9 10 19 20 21 22 24 27 28 29 30 36 38 40 41 55 58 60 61 66 68 72 77 81 83 85 87 88 92 93 95 96 98 99 
active=40: 1 2 3 4 6 7 8 9 10 19 20 21 22 24 27 28 29 30 38 40 41 55 58 60 61 66 68 72 77 81 83 85 87 88 92 93 95 96 98 99 
active=39: 1 2 3 4 6 7 8 9 10 20 21 22 24 27 28 29 30 38 40 41 55 58 60 61 66 68 72 77 81 83 85 87 88 92 93 95 96 98 99 
active=38: 1 2 3 4 6 7 8 9 10 20 21 22 24 27 28 29 30 38 40 41 55 58 60 61 66 68 72 77 83 85 87 88 92 93 95 96 98 99 
active=37: 1 2 3 4 6 7 8 9 10 20 21 22 24 27 28 29 30 38 40 41 55 60 61 66 68 72 77 83 85 87 88 92 93 95 96 98 99 
active=36: 1 2 3 4 6 7 8 9 10 20 21 22 24 27 28 30 38 40 41 55 60 61 66 68 72 77 83 85 87 88 92 93 95 96 98 99 
active=35: 1 2 3 4 6 7 8 9 10 20 21 22 24 27 28 30 38 40 41 55 60 66 68 72 77 83 85 87 88 92 93 95 96 98 99 
active=34: 1 2 3 4 6 7 8 9 10 20 21 22 24 27 28 30 38 40 41 55 60 66 68 72 77 83 85 87 88 92 95 96 98 99 
active=33: 1 2 3 4 6 7 8 9 10 20 21 22 24 27 28 30 38 40 41 55 60 66 68 72 77 83 85 87 88 95 96 98 99 
active=32: 1 2 3 4 6 7 8 9 10 20 21 22 27 28 30 38 40 41 55 60 66 68 72 77 83 85 87 88 95 96 98 99 
active=31: 1 2 3 4 6 7 8 9 10 20 21 22 27 28 30 38 40 41 55 60 66 68 72 77 83 85 87 88 95 96 99 
active=30: 1 2 3 4 6 7 8 9 10 20 21 22 27 28 30 38 40 41 55 60 66 68 72 77 83 85 87 88 95 99 
active=29: 1 2 3 4 6 7 8 9 10 20 21 22 27 30 38 40 41 55 60 66 68 72 77 83 85 87 88 95 99 
active=28: 1 2 3 4 6 7 8 9 10 20 21 22 27 30 38 40 41 55 60 66 68 72 77 83 85 87 95 99 
active=27: 1 2 3 4 6 7 8 9 10 20 21 22 27 30 38 40 41 55 60 68 72 77 83 85 87 95 99 
active=26: 1 2 3 4 6 7 8 9 10 20 21 27 30 38 40 41 55 60 68 72 77 83 85 87 95 99 
active=25: 1 2 3 4 6 8 9 10 20 21 27 30 38 40 41 55 60 68 72 77 83 85 87 95 99 
active=24: 1 2 3 4 6 8 9 10 20 21 27 30 38 40 41 55 60 68 72 77 83 87 95 99 
active=23: 1 2 3 4 8 9 10 20 21 27 30 38 40 41 55 60 68 72 77 83 87 95 99 
active=22: 1 2 3 4 8 9 10 20 21 27 30 38 40 41 55 60 68 72 83 87 95 99 
active=21: 1 3 4 8 9 10 20 21 27 30 38 40 41 55 60 68 72 83 87 95 99 
active=20: 1 3 4 8 9 10 20 21 27 30 38 40 41 55 60 68 72 83 87 95 
active=19: 1 3 4 8 9 10 20 21 27 38 40 41 55 60 68 72 83 87 95 
active=18: 1 3 4 8 9 10 20 27 38 40 41 55 60 68 72 83 87 95 
active=17: 1 3 4 8 9 10 20 27 38 40 41 55 60 68 72 83 95 
active=16: 1 3 4 8 9 10 20 27 38 40 41 55 68 72 83 95 
active=15: 1 3 4 8 9 20 27 38 40 41 55 68 72 83 95 
active=14: 1 3 4 8 9 20 38 40 41 55 68 72 83 95 
active=13: 1 3 4 8 9 20 40 41 55 68 72 83 95 
active=12: 1 3 4 8 9 20 40 41 55 72 83 95 
active=11: 1 3 4 8 9 20 40 55 72 83 95 
active=10: 1 4 8 9 20 40 55 72 83 95 
active=9: 1 8 9 20 40 55 72 83 95 
active=8: 1 8 9 20 55 72 83 95 
active=7: 1 9 20 55 72 83 95 
active=6: 9 20 55 72 83 95 
active=5: 9 20 72 83 95 
active=4: 9 72 83 95 
active=3: 9 83 95 
active=2: 9 95 
active=1: 9 
