0.000000 0.478261 0.500000
1.000000 0.600217 0.615417
2.000000 0.662391 0.686042
3.000000 0.734130 0.762708
4.000000 0.715870 0.762708
5.000000 0.721957 0.810625
6.000000 0.762174 0.816458
7.000000 0.745000 0.846042
8.000000 0.732391 0.832083
9.000000 0.727609 0.847708
10.000000 0.751087 0.862083
11.000000 0.762609 0.895208
12.000000 0.796957 0.907917
13.000000 0.810000 0.922708
14.000000 0.807391 0.941042
15.000000 0.832826 0.938125
16.000000 0.835870 0.950625
17.000000 0.848261 0.955625
18.000000 0.857609 0.957292
19.000000 0.856304 0.962917
20.000000 0.853261 0.962083
21.000000 0.853913 0.964375
22.000000 0.853913 0.970833
23.000000 0.851739 0.970417
24.000000 0.853261 0.975208
25.000000 0.858261 0.971875
26.000000 0.842826 0.967083
27.000000 0.844348 0.969375
28.000000 0.831304 0.976667
29.000000 0.845000 0.973750
30.000000 0.840217 0.975000
31.000000 0.850000 0.981250
32.000000 0.850870 0.977708
33.000000 0.847391 0.980208
34.000000 0.852826 0.980417
35.000000 0.841957 0.982917
36.000000 0.836087 0.986667
37.000000 0.843478 0.988958
38.000000 0.838261 0.991250
39.000000 0.841739 0.991250
40.000000 0.834783 0.990208
41.000000 0.837174 0.993333
42.000000 0.828261 0.991042
43.000000 0.833043 0.994375
44.000000 0.816522 0.994167
45.000000 0.819783 0.993125
46.000000 0.825435 0.996042
47.000000 0.814783 0.998125
48.000000 0.821087 0.997917
49.000000 0.818913 0.998750
50.000000 0.812826 0.998333
51.000000 0.805652 0.999167
52.000000 0.805652 0.999375
53.000000 0.810217 0.999792
54.000000 0.803043 0.999167
55.000000 0.807174 1.000000
56.000000 0.798043 0.999792
57.000000 0.798696 1.000000
58.000000 0.796522 1.000000
59.000000 0.794130 1.000000
60.000000 0.788913 1.000000
61.000000 0.784565 1.000000
62.000000 0.777174 1.000000
63.000000 0.776739 1.000000
64.000000 0.755652 1.000000
65.000000 0.762826 1.000000
66.000000 0.750870 1.000000
67.000000 0.764348 1.000000
68.000000 0.753261 1.000000
69.000000 0.750217 1.000000
70.000000 0.743043 1.000000
71.000000 0.740217 1.000000
72.000000 0.728478 1.000000
73.000000 0.728478 1.000000
74.000000 0.730217 1.000000
75.000000 0.726522 1.000000
76.000000 0.717391 1.000000
77.000000 0.713696 1.000000
78.000000 0.704565 1.000000
79.000000 0.695435 1.000000
80.000000 0.703696 1.000000
81.000000 0.696957 1.000000
82.000000 0.680652 1.000000
83.000000 0.686739 1.000000
84.000000 0.688696 1.000000
85.000000 0.679565 1.000000
86.000000 0.670870 1.000000
87.000000 0.673913 1.000000
88.000000 0.667391 1.000000
89.000000 0.675217 1.000000
90.000000 0.663913 1.000000
91.000000 0.667826 1.000000
92.000000 0.660652 1.000000
93.000000 0.646957 1.000000
94.000000 0.656087 1.000000
95.000000 0.641522 1.000000
96.000000 0.638696 1.000000
97.000000 0.641087 1.000000
98.000000 0.632826 1.000000
99.000000 0.641739 1.000000
100.000000 0.628696 1.000000
