active=100: 1 2 3 4 5 6 7 8 9 10 11 12 13 14 15 16 17 18 19 20 21 22 23 24 25 26 27 28 29 30 31 32 33 34 35 36 37 38 39 40 41 42 43 44 45 46 47 48 49 50 51 52 53 54 55 56 57 58 59 60 61 62 63 64 65 66 67 68 69 70 71 72 73 74 75 76 77 78 79 80 81 82 83 84 85 86 87 88 89 90 91 92 93 94 95 96 97 98 99 100 
active=99: 1 2 3 4 5 6 7 8 9 10 11 12 13 14 15 16 17 18 19 20 21 22 23 24 25 26 27 28 29 30 31 32 33 34 35 36 37 38 39 40 41 42 43 44 45 46 47 48 49 50 51 52 53 54 55 56 57 58 59 60 61 62 63 64 65 66 67 68 69 70 71 72 73 74 75 76 77 78 79 80 81 82 83 84 85 86 87 88 89 90 91 92 93 95 96 97 98 99 100 
active=98: 1 2 3 4 5 6 7 8 9 10 11 12 13 14 15 16 17 18 19 20 21 22 23 24 25 26 28 29 30 31 32 33 34 35 36 37 38 39 40 41 42 43 44 45 46 47 48 49 50 51 52 53 54 55 56 57 58 59 60 61 62 63 64 65 66 67 68 69 70 71 72 73 74 75 76 77 78 79 80 81 82 83 84 85 86 87 88 89 90 91 92 93 95 96 97 98 99 100 
active=97: 1 2 3 4 5 6 7 8 9 10 11 12 13 14 15 16 17 18 19 20 21 22 23 24 25 26 28 29 30 31 32 33 34 35 36 37 38 39 40 41 42 43 44 45 46 47 48 49 50 51 52 53 54 55 56 57 58 59 60 61 62 63 64 65 66 67 68 69 70 71 72 73 74 75 76 77 78 79 80 81 82 84 85 86 87 88 89 90 91 92 93 95 96 97 98 99 100 
active=96: 1 2 3 4 5 6 7 8 9 10 11 12 13 14 15 16 17 18 19 20 21 22 23 24 25 26 28 29 30 31 32 33 34 35 36 37 38 39 40 41 42 43 44 45 46 47 48 49 50 51 52 53 54 55 56 57 58 59 60 61 62 63 64 65 66 67 68 69 70 71 72 73 75 76 77 78 79 80 81 82 84 85 86 87 88 89 90 91 92 93 95 96 97 98 99 100 
active=95: 1 2 3 4 5 6 7 8 9 10 11 12 13 14 15 16 17 18 19 20 21 22 23 24 25 26 28 29 30 31 32 33 34 35 36 37 38 39 40 41 42 43 44 45 46 47 48 49 50 51 52 53 54 55 56 57 59 60 61 62 63 64 65 66 67 68 69 70 71 72 73 75 76 77 78 79 80 81 82 84 85 86 87 88 89 90 91 92 93 95 96 97 98 99 100 
active=94: 1 2 3 4 5 6 7 8 9 10 11 12 13 14 15 16 17 18 19 20 21 22 23 24 25 26 28 29 30 31 32 33 34 35 36 37 38 39 40 41 42 44 45 46 47 48 49 50 51 52 53 54 55 56 57 59 60 61 62 63 64 65 66 67 68 69 70 71 72 73 75 76 77 78 79 80 81 82 84 85 86 87 88 89 90 91 92 93 95 96 97 98 99 100 
active=93: 1 2 3 4 5 6 7 8 9 10 11 12 13 14 15 16 17 18 19 20 21 22 23 24 25 26 28 29 30 31 32 33 34 35 36 37 38 39 40 41 42 44 45 46 47 48 49 50 51 52 53 54 55 56 57 59 60 61 62 63 64 65 66 67 68 69 70 71 72 73 75 77 78 79 80 81 82 84 85 86 87 88 89 90 91 92 93 95 96 97 98 99 100 
active=92: 1 2 3 4 5 6 7 8 9 10 11 12 13 14 15 16 17 18 20 21 22 23 24 25 26 28 29 30 31 32 33 34 35 36 37 38 39 40 41 42 44 45 46 47 48 49 50 51 52 53 54 55 56 57 59 60 61 62 63 64 65 66 67 68 69 70 71 72 73 75 77 78 79 80 81 82 84 85 86 87 88 89 90 91 92 93 95 96 97 98 99 100 
active=91: 1 2 3 4 5 6 7 8 9 10 11 12 13 14 15 16 17 18 20 21 22 23 24 25 26 28 29 30 31 32 33 34 35 36 37 38 39 40 41 42 44 45 46 47 48 49 50 51 52 53 54 55 56 57 59 60 61 62 64 65 66 67 68 69 70 71 72 73 75 77 78 79 80 81 82 84 85 86 87 88 89 90 91 92 93 95 96 97 98 99 100 
active=90: 1 2 3 4 5 6 7 8 9 10 11 12 13 14 15 16 17 18 20 21 22 23 24 25 26 28 29 30 31 32 33 35 36 37 38 39 40 41 42 44 45 46 47 48 49 50 51 52 53 54 55 56 57 59 60 61 62 64 65 66 67 68 69 70 71 72 73 75 77 78 79 80 81 82 84 85 86 87 88 89 90 91 92 93 95 96 97 98 99 100 
active=89: 1 2 3 4 6 7 8 9 10 11 12 13 14 15 16 17 18 20 21 22 23 24 25 26 28 29 30 31 32 33 35 36 37 38 39 40 41 42 44 45 46 47 48 49 50 51 52 53 54 55 56 57 59 60 61 62 64 65 66 67 68 69 70 71 72 73 75 77 78 79 80 81 82 84 85 86 87 88 89 90 91 92 93 95 96 97 98 99 100 
active=88: 1 2 3 4 6 7 8 9 10 11 12 13 14 15 16 17 18 20 21 22 23 24 25 26 28 29 30 31 32 33 35 36 37 38 39 40 41 42 44 45 46 47 48 49 50 51 52 53 54 55 56 57 59 60 61 62 64 65 66 67 69 70 71 72 73 75 77 78 79 80 81 82 84 85 86 87 88 89 90 91 92 93 95 96 97 98 99 100 
active=87: 1 2 3 4 6 7 8 9 10 11 12 13 14 15 16 17 18 20 21 22 23 24 25 26 28 29 30 31 32 33 35 36 37 38 39 40 42 44 45 46 47 48 49 50 51 52 53 54 55 56 57 59 60 61 62 64 65 66 67 69 70 71 72 73 75 77 78 79 80 81 82 84 85 86 87 88 89 90 91 92 93 95 96 97 98 99 100 
active=86: 1 2 3 4 6 7 8 9 10 11 12 13 14 15 16 17 18 20 21 22 23 24 25 26 28 29 30 31 32 33 35 36 37 38 39 40 42 44 45 46 47 48 49 50 51 52 53 54 55 56 57 59 60 61 62 64 65 66 67 69 70 71 72 73 75 77 78 79 80 81 82 84 85 86 87 88 89 90 91 92 93 95 96 97 99 100 
active=85: 1 2 3 4 6 7 8 9 10 11 12 13 14 15 16 17 18 20 21 22 23 24 25 26 28 29 30 31 32 33 35 36 37 38 39 40 42 44 45 46 47 48 49 50 51 52 53 54 55 56 57 59 60 61 62 64 65 66 67 69 70 71 72 73 75 77 78 79 80 81 82 84 85 86 87 88 89 91 92 93 95 96 97 99 100 
active=84: 1 2 3 4 6 7 8 9 10 11 12 13 14 15 16 17 18 20 21 22 23 24 25 26 29 30 31 32 33 35 36 37 38 39 40 42 44 45 46 47 48 49 50 51 52 53 54 55 56 57 59 60 61 62 64 65 66 67 69 70 71 72 73 75 77 78 79 80 81 82 84 85 86 87 88 89 91 92 93 95 96 97 99 100 
active=83: 1 2 3 4 6 7 8 9 10 11 12 13 14 15 16 17 18 20 21 22 23 24 25 26 29 30 31 32 33 35 36 37 38 39 40 42 44 45 46 47 48 49 50 51 52 53 54 55 56 57 59 60 61 64 65 66 67 69 70 71 72 73 75 77 78 79 80 81 82 84 85 86 87 88 89 91 92 93 95 96 97 99 100 
active=82: 1 2 3 4 6 7 8 9 10 11 12 13 14 15 16 17 18 20 21 22 23 24 25 26 29 30 31 32 33 35 36 37 38 39 40 42 44 45 46 48 49 50 51 52 53 54 55 56 57 59 60 61 64 65 66 67 69 70 71 72 73 75 77 78 79 80 81 82 84 85 86 87 88 89 91 92 93 95 96 97 99 100 
active=81: 1 2 3 4 6 7 8 9 10 11 12 13 14 15 16 17 18 20 21 22 23 24 25 26 29 30 31 32 33 35 36 37 38 39 40 42 44 45 46 48 49 50 51 52 53 55 56 57 59 60 61 64 65 66 67 69 70 71 72 73 75 77 78 79 80 81 82 84 85 86 87 88 89 91 92 93 95 96 97 99 100 
active=80: 1 2 3 4 6 7 8 9 10 11 13 14 15 16 17 18 20 21 22 23 24 25 26 29 30 31 32 33 35 36 37 38 39 40 42 44 45 46 48 49 50 51 52 53 55 56 57 59 60 61 64 65 66 67 69 70 71 72 73 75 77 78 79 80 81 82 84 85 86 87 88 89 91 92 93 95 96 97 99 100 
active=79: 1 2 3 4 6 7 8 9 10 11 13 14 15 16 17 18 20 21 22 23 24 25 26 29 30 31 32 33 35 36 37 38 39 40 42 44 45 46 48 49 50 51 52 53 55 56 57 59 60 61 64 65 66 67 70 71 72 73 75 77 78 79 80 81 82 84 85 86 87 88 89 91 92 93 95 96 97 99 100 
active=78: 1 2 3 4 6 7 8 9 10 11 13 14 15 16 17 18 20 21 22 23 24 25 26 29 30 31 32 33 35 36 37 38 39 40 42 44 45 46 48 49 50 51 52 53 55 56 57 59 60 61 64 65 66 67 70 71 72 73 75 77 78 79 80 81 82 84 85 86 87 88 89 91 92 93 95 96 97 100 
active=77: 1 2 3 4 6 7 8 9 10 11 13 14 15 16 17 18 20 21 22 23 24 25 26 29 30 31 32 33 35 36 37 38 39 40 42 44 45 46 48 49 51 52 53 55 56 57 59 60 61 64 65 66 67 70 71 72 73 75 77 78 79 80 81 82 84 85 86 87 88 89 91 92 93 95 96 97 100 
active=76: 1 2 3 4 6 7 8 9 10 11 13 14 15 16 17 18 20 21 22 23 24 25 26 29 30 31 32 33 35 36 37 38 39 40 42 44 45 46 48 49 51 52 53 55 56 57 59 60 61 64 65 66 67 70 71 72 73 75 77 78 80 81 82 84 85 86 87 88 89 91 92 93 95 96 97 100 
active=75: 1 2 3 4 6 7 8 9 10 11 13 14 15 16 17 18 20 21 22 23 24 25 26 29 30 31 32 33 35 36 37 38 39 40 42 44 45 46 48 49 51 52 53 55 56 57 59 60 61 65 66 67 70 71 72 73 75 77 78 80 81 82 84 85 86 87 88 89 91 92 93 95 96 97 100 
active=74: 1 2 3 4 6 7 8 9 10 11 13 14 15 16 17 18 20 21 22 23 24 25 26 29 30 31 32 33 35 36 37 38 39 40 42 45 46 48 49 51 52 53 55 56 57 59 60 61 65 66 67 70 71 72 73 75 77 78 80 81 82 84 85 86 87 88 89 91 92 93 95 96 97 100 
active=73: 1 2 3 4 6 7 8 9 10 11 13 14 15 16 17 18 20 21 22 23 24 25 26 29 30 31 32 33 35 36 37 38 39 40 45 46 48 49 51 52 53 55 56 57 59 60 61 65 66 67 70 71 72 73 75 77 78 80 81 82 84 85 86 87 88 89 91 92 93 95 96 97 100 
active=72: 1 2 3 4 6 7 8 9 10 11 13 14 16 17 18 20 21 22 23 24 25 26 29 30 31 32 33 35 36 37 38 39 40 45 46 48 49 51 52 53 55 56 57 59 60 61 65 66 67 70 71 72 73 75 77 78 80 81 82 84 85 86 87 88 89 91 92 93 95 96 97 100 
active=71: 1 2 3 4 6 7 8 9 10 11 13 14 16 17 18 20 21 22 23 24 25 26 29 30 31 32 33 35 36 37 38 39 40 45 46 48 49 51 52 53 55 56 57 59 60 61 65 66 67 70 71 72 73 75 77 78 80 81 82 84 85 86 87 88 89 91 92 93 95 96 97 
active=70: 1 2 3 4 6 7 8 9 10 11 13 14 16 17 18 20 21 22 23 24 25 26 29 30 31 32 33 35 36 37 38 39 40 46 48 49 51 52 53 55 56 57 59 60 61 65 66 67 70 71 72 73 75 77 78 80 81 82 84 85 86 87 88 89 91 92 93 95 96 97 
active=69: 1 2 3 4 6 7 8 9 10 11 13 14 16 18 20 21 22 23 24 25 26 29 30 31 32 33 35 36 37 38 39 40 46 48 49 51 52 53 55 56 57 59 60 61 65 66 67 70 71 72 73 75 77 78 80 81 82 84 85 86 87 88 89 91 92 93 95 96 97 
active=68: 1 2 3 4 6 7 8 9 10 11 13 14 16 18 20 21 22 23 24 25 26 30 31 32 33 35 36 37 38 39 40 46 48 49 51 52 53 55 56 57 59 60 61 65 66 67 70 71 72 73 75 77 78 80 81 82 84 85 86 87 88 89 91 92 93 95 96 97 
active=67: 1 2 3 4 6 7 8 9 10 11 13 14 16 18 20 21 22 23 24 25 26 30 31 32 33 35 36 37 38 39 40 46 48 49 51 52 53 55 56 57 59 60 61 65 66 70 71 72 73 75 77 78 80 81 82 84 85 86 87 88 89 91 92 93 95 96 97 
active=66: 1 2 3 4 6 7 8 9 10 11 13 14 16 18 20 21 22 23 24 25 26 30 31 32 33 35 36 37 38 39 40 46 48 49 51 52 53 55 56 57 59 60 61 65 66 70 71 72 73 75 77 78 80 81 82 84 85 86 87 88 89 91 92 93 95 96 
active=65: 1 2 3 4 6 7 8 9 10 11 13 14 16 18 20 21 22 23 24 25 26 30 31 32 33 35 36 37 38 39 40 46 48 49 51 52 53 55 56 57 59 60 61 65 66 70 71 72 73 75 77 78 80 81 82 84 86 87 88 89 91 92 93 95 96 
active=64: 1 2 3 4 6 7 8 9 10 11 13 14 16 18 20 21 22 23 24 25 26 30 31 32 33 35 36 37 38 39 40 46 48 49 51 52 53 55 56 57 59 60 61 65 70 71 72 73 75 77 78 80 81 82 84 86 87 88 89 91 92 93 95 96 
active=63: 1 2 3 4 6 7 8 9 10 11 13 14 16 18 20 21 22 23 24 25 26 30 31 32 33 35 36 37 38 39 40 46 48 49 51 52 53 55 56 59 60 61 65 70 71 72 73 75 77 78 80 81 82 84 86 87 88 89 91 92 93 95 96 
active=62: 1 2 3 4 6 7 8 9 10 11 13 14 16 18 20 21 22 23 24 25 26 30 31 32 33 35 36 37 38 39 40 46 48 49 51 52 53 55 56 59 60 61 65 71 72 73 75 77 78 80 81 82 84 86 87 88 89 91 92 93 95 96 
active=61: 1 2 3 4 6 7 8 9 10 11 13 14 16 18 20 21 22 23 24 25 26 30 31 32 33 35 36 37 38 39 40 46 48 49 51 52 53 55 56 59 60 61 65 71 72 73 75 77 78 80 81 82 84 86 87 88 89 91 92 95 96 
active=60: 1 2 3 4 6 7 8 9 10 13 14 16 18 20 21 22 23 24 25 26 30 31 32 33 35 36 37 38 39 40 46 48 49 51 52 53 55 56 59 60 61 65 71 72 73 75 77 78 80 81 82 84 86 87 88 89 91 92 95 96 
active=59: 1 2 3 4 6 7 8 9 10 13 14 16 18 20 21 22 23 24 25 26 30 31 32 33 35 36 37 38 39 40 46 48 49 51 52 53 55 56 59 60 61 65 71 72 73 75 77 78 80 81 82 84 86 87 89 91 92 95 96 
active=58: 1 2 3 4 6 7 8 9 10 13 14 16 18 21 22 23 24 25 26 30 31 32 33 35 36 37 38 39 40 46 48 49 51 52 53 55 56 59 60 61 65 71 72 73 75 77 78 80 81 82 84 86 87 89 91 92 95 96 
active=57: 1 2 3 4 6 7 8 9 10 13 14 16 18 21 22 23 24 25 26 30 31 32 33 35 36 37 38 39 40 46 48 49 51 52 53 55 56 59 60 61 65 71 72 73 77 78 80 81 82 84 86 87 89 91 92 95 96 
active=56: 1 2 3 4 6 7 8 9 10 13 14 16 18 21 22 23 24 25 26 30 31 32 33 35 36 37 38 39 40 46 48 49 51 52 53 55 56 59 60 61 65 71 72 73 77 78 80 81 82 84 87 89 91 92 95 96 
active=55: 1 2 3 4 6 7 8 9 10 13 14 16 18 21 22 23 24 25 26 30 31 32 33 35 36 37 38 40 46 48 49 51 52 53 55 56 59 60 61 65 71 72 73 77 78 80 81 82 84 87 89 91 92 95 96 
active=54: 1 2 3 4 6 7 8 9 10 13 14 16 18 21 22 23 24 25 26 30 31 32 33 35 37 38 40 46 48 49 51 52 53 55 56 59 60 61 65 71 72 73 77 78 80 81 82 84 87 89 91 92 95 96 
active=53: 1 2 3 4 6 7 8 9 10 13 14 16 18 21 22 23 24 25 26 30 31 32 33 35 37 40 46 48 49 51 52 53 55 56 59 60 61 65 71 72 73 77 78 80 81 82 84 87 89 91 92 95 96 
active=52: 1 2 3 4 6 7 8 9 10 13 14 16 18 21 22 23 24 25 26 30 31 32 35 37 40 46 48 49 51 52 53 55 56 59 60 61 65 71 72 73 77 78 80 81 82 84 87 89 91 92 95 96 
active=51: 1 2 3 4 6 7 8 9 10 13 14 16 18 21 22 23 24 25 26 30 31 32 35 37 40 46 48 49 51 52 53 55 56 59 60 61 65 71 72 73 77 78 80 81 82 84 89 91 92 95 96 
active=50: 1 2 3 4 6 7 8 9 10 13 14 16 18 21 22 23 24 25 26 30 31 32 35 37 46 48 49 51 52 53 55 56 59 60 61 65 71 72 73 77 78 80 81 82 84 89 91 92 95 96 
active=49: 1 2 3 4 6 7 8 9 10 13 14 16 18 21 22 24 25 26 30 31 32 35 37 46 48 49 51 52 53 55 56 59 60 61 65 71 72 73 77 78 80 81 82 84 89 91 92 95 96 
active=48: 1 2 3 4 6 7 8 9 10 14 16 18 21 22 24 25 26 30 31 32 35 37 46 48 49 51 52 53 55 56 59 60 61 65 71 72 73 77 78 80 81 82 84 89 91 92 95 96 
active=47: 1 2 3 4 6 7 8 9 10 14 16 21 22 24 25 26 30 31 32 35 37 46 48 49 51 52 53 55 56 59 60 61 65 71 72 73 77 78 80 81 82 84 89 91 92 95 96 
active=46: 1 2 3 4 6 7 8 9 10 14 16 21 22 24 25 26 31 32 35 37 46 48 49 51 52 53 55 56 59 60 61 65 71 72 73 77 78 80 81 82 84 89 91 92 95 96 
active=45: 1 2 3 4 6 7 8 9 10 14 16 21 22 24 25 26 31 32 35 37 46 48 51 52 53 55 56 59 60 61 65 71 72 73 77 78 80 81 82 84 89 91 92 95 96 
active=44: 1 2 3 6 7 8 9 10 14 16 21 22 24 25 26 31 32 35 37 46 48 51 52 53 55 56 59 60 61 65 71 72 73 77 78 80 81 82 84 89 91 92 95 96 
active=43: 1 2 3 6 7 8 9 10 14 16 21 22 24 25 26 31 32 35 37 46 48 51 52 53 55 56 60 61 65 71 72 73 77 78 80 81 82 84 89 91 92 95 96 
active=42: 1 2 3 6 7 8 9 10 16 21 22 24 25 26 31 32 35 37 46 48 51 52 53 55 56 60 61 65 71 72 73 77 78 80 81 82 84 89 91 92 95 96 
active=41: 1 2 3 6 7 8 9 10 16 21 22 24 25 26 31 32 35 37 46 51 52 53 55 56 60 61 65 71 72 73 77 78 80 81 82 84 89 91 92 95 96 
active=40: 2 3 6 7 8 9 10 16 21 22 24 25 26 31 32 35 37 46 51 52 53 55 56 60 61 65 71 72 73 77 78 80 81 82 84 89 91 92 95 96 
active=39: 2 3 6 7 8 9 10 16 21 22 24 25 26 31 32 35 37 46 51 52 53 55 56 60 61 65 71 72 73 77 78 80 82 84 89 91 92 95 96 
active=38: 2 3 6 7 8 9 10 16 21 22 24 25 26 31 32 35 37 46 51 52 53 55 56 60 61 65 72 73 77 78 80 82 84 89 91 92 95 96 
active=37: 2 3 6 7 8 9 10 16 21 24 25 26 31 32 35 37 46 51 52 53 55 56 60 61 65 72 73 77 78 80 82 84 89 91 92 95 96 
active=36: 2 3 6 7 8 9 10 16 21 24 25 26 31 32 35 37 46 51 52 53 55 56 60 61 65 72 73 77 78 80 82 84 89 92 95 96 
active=35: 2 3 6 7 8 9 10 16 21 24 25 26 31 32 35 37 46 51 52 53 55 56 60 61 65 72 73 77 78 82 84 89 92 95 96 
active=34: 2 3 6 7 8 9 10 16 21 24 25 26 31 32 37 46 51 52 53 55 56 60 61 65 72 73 77 78 82 84 89 92 95 96 
active=33: 2 3 6 7 8 9 10 16 21 24 25 31 32 37 46 51 52 53 55 56 60 61 65 72 73 77 78 82 84 89 92 95 96 
active=32: 2 3 6 7 8 9 10 16 21 24 25 31 32 37 46 51 52 55 56 60 61 65 72 73 77 78 82 84 89 92 95 96 
active=31: 2 3 6 7 8 9 10 16 21 24 31 32 37 46 51 52 55 56 60 61 65 72 73 77 78 82 84 89 92 95 96 
active=30: 2 3 6 7 8 9 10 16 21 24 31 32 37 46 51 52 55 56 60 61 65 72 73 77 78 82 89 92 95 96 
active=29: 2 3 6 7 8 9 10 16 21 24 31 32 37 46 52 55 56 60 61 65 72 73 77 78 82 89 92 95 96 
active=28: 2 3 6 7 8 9 10 16 21 24 31 32 37 46 55 56 60 61 65 72 73 77 78 82 89 92 95 96 
active=27: 2 3 6 7 8 9 10 16 21 24 31 32 37 46 55 56 60 61 65 72 73 77 78 82 89 92 96 
active=26: 2 3 6 7 8 9 10 16 21 24 31 32 37 46 55 56 60 61 65 72 73 77 78 89 92 96 
active=25: 2 3 6 7 8 9 10 16 21 24 31 32 37 46 55 56 60 61 65 72 77 78 89 92 96 
active=24: 2 3 6 7 8 9 10 16 24 31 32 37 46 55 56 60 61 65 72 77 78 89 92 96 
active=23: 2 3 6 7 8 9 10 16 24 31 32 37 46 55 56 60 61 65 72 77 78 89 92 
active=22: 2 3 7 8 9 10 16 24 31 32 37 46 55 56 60 61 65 72 77 78 89 92 
active=21: 2 3 7 9 10 16 24 31 32 37 46 55 56 60 61 65 72 77 78 89 92 
active=20: 2 3 7 9 10 16 24 32 37 46 55 56 60 61 65 72 77 78 89 92 
active=19: 2 3 7 9 10 24 32 37 46 55 56 60 61 65 72 77 78 89 92 
active=18: 2 3 7 9 10 24 32 37 46 55 56 60 61 65 72 77 89 92 
active=17: 2 3 7 9 10 24 32 37 55 56 60 61 65 72 77 89 92 
active=16: 2 3 7 9 10 24 32 37 55 56 60 65 72 77 89 92 
active=15: 2 3 7 9 10 32 37 55 56 60 65 72 77 89 92 
active=14: 2 3 7 9 10 32 37 55 56 60 65 72 89 92 
active=13: 2 3 7 9 10 32 37 55 56 60 72 89 92 
active=12: 2 3 7 9 10 32 37 56 60 72 89 92 
active=11: 2 3 7 9 10 32 37 56 72 89 92 
active=10: 2 3 7 9 10 32 37 72 89 92 
active=9: 2 3 7 9 10 37 72 89 92 
active=8: 2 3 7 9 10 37 72 89 
active=7: 2 3 7 9 10 37 89 
active=6: 2 3 7 9 10 89 
active=5: 2 3 7 10 89 
active=4: 2 7 10 89 
active=3: 7 10 89 
active=2: 7 10 
active=1: 7 
