0.000000 0.520000
1.000000 0.671600
2.000000 0.725800
3.000000 0.767200
4.000000 0.833400
5.000000 0.788800
6.000000 0.855200
7.000000 0.858200
8.000000 0.865400
9.000000 0.887000
10.000000 0.899400
11.000000 0.905400
12.000000 0.909800
13.000000 0.937000
14.000000 0.930600
15.000000 0.931800
16.000000 0.941800
17.000000 0.943400
18.000000 0.948800
19.000000 0.947800
20.000000 0.959400
21.000000 0.967600
22.000000 0.966200
23.000000 0.970000
24.000000 0.975400
25.000000 0.980000
26.000000 0.977400
27.000000 0.979000
28.000000 0.982400
29.000000 0.983800
30.000000 0.982000
31.000000 0.982800
32.000000 0.984800
33.000000 0.983600
34.000000 0.986400
35.000000 0.983600
36.000000 0.985200
37.000000 0.989200
38.000000 0.988800
39.000000 0.988200
40.000000 0.991000
41.000000 0.991200
42.000000 0.994000
43.000000 0.991600
44.000000 0.993800
45.000000 0.996200
46.000000 0.996200
47.000000 0.998800
48.000000 0.998600
49.000000 0.999200
50.000000 0.999800
51.000000 0.998800
52.000000 0.998400
53.000000 0.999600
54.000000 0.999600
55.000000 0.999800
56.000000 0.999600
57.000000 0.999600
58.000000 0.999400
59.000000 1.000000
60.000000 1.000000
61.000000 0.999800
62.000000 1.000000
63.000000 1.000000
64.000000 1.000000
65.000000 1.000000
66.000000 1.000000
67.000000 1.000000
68.000000 1.000000
69.000000 1.000000
70.000000 1.000000
71.000000 1.000000
72.000000 1.000000
73.000000 1.000000
74.000000 1.000000
75.000000 1.000000
76.000000 1.000000
77.000000 1.000000
78.000000 1.000000
79.000000 1.000000
80.000000 1.000000
81.000000 1.000000
82.000000 1.000000
83.000000 1.000000
84.000000 1.000000
85.000000 1.000000
86.000000 1.000000
87.000000 1.000000
88.000000 1.000000
89.000000 1.000000
90.000000 1.000000
91.000000 1.000000
92.000000 1.000000
93.000000 1.000000
94.000000 1.000000
95.000000 1.000000
96.000000 1.000000
97.000000 1.000000
98.000000 1.000000
99.000000 1.000000
100.000000 1.000000
