0.000000 0.520000
1.000000 0.554400
2.000000 0.695200
3.000000 0.763800
4.000000 0.780000
5.000000 0.804200
6.000000 0.817600
7.000000 0.821000
8.000000 0.837000
9.000000 0.833200
10.000000 0.833200
11.000000 0.870800
12.000000 0.887800
13.000000 0.874600
14.000000 0.898400
15.000000 0.901400
16.000000 0.908600
17.000000 0.899000
18.000000 0.901200
19.000000 0.921400
20.000000 0.932200
21.000000 0.939600
22.000000 0.934000
23.000000 0.940400
24.000000 0.942200
25.000000 0.940600
26.000000 0.952200
27.000000 0.954000
28.000000 0.965000
29.000000 0.964400
30.000000 0.966600
31.000000 0.967200
32.000000 0.972200
33.000000 0.977800
34.000000 0.977400
35.000000 0.979400
36.000000 0.981600
37.000000 0.981600
38.000000 0.983400
39.000000 0.982400
40.000000 0.985600
41.000000 0.986000
42.000000 0.984600
43.000000 0.984600
44.000000 0.984600
45.000000 0.985800
46.000000 0.988200
47.000000 0.990800
48.000000 0.988800
49.000000 0.993000
50.000000 0.992400
51.000000 0.990800
52.000000 0.993600
53.000000 0.994800
54.000000 0.994600
55.000000 0.996200
56.000000 0.996200
57.000000 0.997000
58.000000 0.998000
59.000000 0.997400
60.000000 0.998000
61.000000 0.999400
62.000000 0.999800
63.000000 1.000000
64.000000 0.999600
65.000000 1.000000
66.000000 0.999800
67.000000 0.999800
68.000000 1.000000
69.000000 1.000000
70.000000 1.000000
71.000000 1.000000
72.000000 1.000000
73.000000 1.000000
74.000000 1.000000
75.000000 1.000000
76.000000 1.000000
77.000000 1.000000
78.000000 1.000000
79.000000 1.000000
80.000000 1.000000
81.000000 1.000000
82.000000 1.000000
83.000000 1.000000
84.000000 1.000000
85.000000 1.000000
86.000000 1.000000
87.000000 1.000000
88.000000 1.000000
89.000000 1.000000
90.000000 1.000000
91.000000 1.000000
92.000000 1.000000
93.000000 1.000000
94.000000 1.000000
95.000000 1.000000
96.000000 1.000000
97.000000 1.000000
98.000000 1.000000
99.000000 1.000000
100.000000 1.000000
