1 -0.222356950000 0.994116255949
2 0.084329820000 0.973529549318
3 0.143295450000 0.845927811540
4 0.000102220000 1.055577528717
5 -0.093403770000 0.997319106786
6 -0.062007380000 0.869335804235
7 0.081395490000 0.933302545687
8 -0.077468090000 1.048500118516
9 -0.026339340000 0.874550303524
10 0.150746710000 0.942161624659
11 -0.149235610000 1.006503105605
12 0.209646370000 0.957638900287
13 0.043051260000 1.024468924364
14 -0.042777970000 1.046676327890
15 0.157818590000 1.213903824443
16 0.093054570000 0.895008904602
17 -0.021996140000 0.927607299853
18 0.212107820000 0.979952773758
19 0.085784340000 0.929893248997
20 0.120996980000 0.891881803288
21 0.088995090000 1.089806873691
22 0.203340590000 1.120337163388
23 -0.077324240000 0.963794001255
24 0.071873580000 1.027269193752
25 -0.038453770000 0.934615441144
26 0.127179410000 1.053854638576
27 0.104284220000 1.013742381040
28 0.145516090000 1.047173420809
29 0.164858210000 0.878710352689
30 0.170145530000 1.029785649467
31 -0.076467380000 0.966102230809
32 0.142895790000 1.006672402420
33 0.056392690000 1.060403921726
34 0.099054680000 0.902821735339
35 -0.021586730000 0.924165761237
36 0.067631700000 1.044923615169
37 0.192099340000 0.993965778675
38 0.026228810000 1.048968564608
39 0.074398140000 0.914880231067
40 -0.011980510000 0.947935980610
41 0.133883040000 0.849648911759
42 -0.005387400000 1.067925001457
43 -0.075764100000 0.975908750370
44 -0.176060320000 0.932601362937
45 -0.245189380000 0.898674948427
46 -0.075265450000 0.951447156849
47 0.070044320000 0.969210053279
48 0.001634530000 1.035618364851
49 0.058715100000 1.040693221330
50 -0.041481270000 1.105816487205
