0.000000 0.489286
1.000000 0.579048
2.000000 0.692619
3.000000 0.720476
4.000000 0.733690
5.000000 0.777381
6.000000 0.787143
7.000000 0.790476
8.000000 0.815119
9.000000 0.802500
10.000000 0.808690
11.000000 0.810714
12.000000 0.813929
13.000000 0.827738
14.000000 0.827619
15.000000 0.829405
16.000000 0.827262
17.000000 0.829048
18.000000 0.841786
19.000000 0.826548
20.000000 0.836667
21.000000 0.846310
22.000000 0.837976
23.000000 0.841190
24.000000 0.827619
25.000000 0.821548
26.000000 0.828690
27.000000 0.821071
28.000000 0.810595
29.000000 0.813333
30.000000 0.796786
31.000000 0.804643
32.000000 0.800833
33.000000 0.785595
34.000000 0.788690
35.000000 0.783929
36.000000 0.782857
37.000000 0.780119
38.000000 0.774286
39.000000 0.780119
40.000000 0.757619
