0.000000 0.511628
1.000000 0.585814
2.000000 0.720349
3.000000 0.753372
4.000000 0.763837
5.000000 0.829070
6.000000 0.804767
7.000000 0.831628
8.000000 0.853605
9.000000 0.857209
10.000000 0.872674
11.000000 0.873605
12.000000 0.879419
13.000000 0.894767
14.000000 0.905465
15.000000 0.912442
16.000000 0.912907
17.000000 0.920000
18.000000 0.933953
19.000000 0.928953
20.000000 0.930116
21.000000 0.945930
22.000000 0.942093
23.000000 0.948140
24.000000 0.953721
25.000000 0.950698
26.000000 0.952674
27.000000 0.955233
28.000000 0.954767
29.000000 0.953953
30.000000 0.953605
31.000000 0.955814
32.000000 0.955814
33.000000 0.951744
34.000000 0.952791
35.000000 0.956279
36.000000 0.956047
37.000000 0.956744
38.000000 0.954070
39.000000 0.956395
40.000000 0.956395
