active=20: 1 2 3 4 5 6 7 8 9 10 11 12 13 14 15 16 17 18 19 20 
active=19: 1 2 3 4 5 6 7 8 10 11 12 13 14 15 16 17 18 19 20 
active=18: 1 2 3 4 6 7 8 10 11 12 13 14 15 16 17 18 19 20 
active=17: 1 2 3 4 6 7 8 10 11 12 13 14 15 17 18 19 20 
active=16: 1 2 3 4 6 8 10 11 12 13 14 15 17 18 19 20 
active=15: 1 2 3 4 6 8 10 11 12 13 15 17 18 19 20 
active=14: 1 2 3 4 6 8 10 11 12 13 15 17 19 20 
active=13: 1 2 3 4 6 8 10 11 12 13 15 19 20 
active=12: 1 3 4 6 8 10 11 12 13 15 19 20 
active=11: 1 3 4 6 8 11 12 13 15 19 20 
active=10: 1 3 4 8 11 12 13 15 19 20 
active=9: 1 3 4 11 12 13 15 19 20 
active=8: 3 4 11 12 13 15 19 20 
active=7: 3 4 11 12 15 19 20 
active=6: 3 4 11 12 15 20 
active=5: 3 4 11 12 20 
active=4: 3 4 11 12 
active=3: 3 4 12 
active=2: 3 12 
active=1: 3 
