active=100: 1 2 3 4 5 6 7 8 9 10 11 12 13 14 15 16 17 18 19 20 21 22 23 24 25 26 27 28 29 30 31 32 33 34 35 36 37 38 39 40 41 42 43 44 45 46 47 48 49 50 51 52 53 54 55 56 57 58 59 60 61 62 63 64 65 66 67 68 69 70 71 72 73 74 75 76 77 78 79 80 81 82 83 84 85 86 87 88 89 90 91 92 93 94 95 96 97 98 99 100 
active=99: 1 2 3 4 5 6 7 8 9 10 11 12 13 14 15 16 17 18 19 20 21 22 23 24 25 26 27 28 29 30 31 32 33 34 35 36 37 38 39 40 41 42 43 44 45 46 47 48 49 50 51 52 53 54 55 56 57 58 59 60 61 62 63 64 65 66 67 68 69 70 71 72 73 74 75 77 78 79 80 81 82 83 84 85 86 87 88 89 90 91 92 93 94 95 96 97 98 99 100 
active=98: 1 2 3 4 5 6 7 8 9 10 11 12 13 14 15 16 17 18 19 20 21 22 23 24 25 26 27 28 29 30 31 32 33 34 35 36 37 38 39 40 41 42 43 44 45 46 47 48 49 50 51 52 53 54 55 56 57 58 59 60 61 62 63 64 65 66 67 68 69 70 71 72 73 74 75 77 78 79 80 81 82 83 84 85 87 88 89 90 91 92 93 94 95 96 97 98 99 100 
active=97: 1 2 3 4 5 6 7 8 9 10 11 12 13 14 15 16 17 18 19 20 21 22 23 24 25 26 27 28 29 30 31 32 33 34 35 36 37 38 39 40 41 42 44 45 46 47 48 49 50 51 52 53 54 55 56 57 58 59 60 61 62 63 64 65 66 67 68 69 70 71 72 73 74 75 77 78 79 80 81 82 83 84 85 87 88 89 90 91 92 93 94 95 96 97 98 99 100 
active=96: 1 2 3 4 5 6 7 8 9 10 11 12 13 14 15 16 17 18 19 20 21 22 23 24 25 26 27 28 29 30 31 32 33 34 35 36 37 38 39 40 41 42 44 45 46 47 48 49 50 51 52 53 54 55 56 57 58 59 60 61 62 63 64 65 66 67 68 69 70 72 73 74 75 77 78 79 80 81 82 83 84 85 87 88 89 90 91 92 93 94 95 96 97 98 99 100 
active=95: 1 2 3 4 5 6 7 8 9 10 11 12 13 14 15 16 17 18 19 20 21 22 23 24 25 26 27 28 29 30 31 32 33 34 35 36 37 38 39 40 41 42 44 45 46 47 48 49 50 51 52 53 54 55 56 57 58 59 60 61 62 63 64 65 66 67 68 69 70 72 73 74 75 77 78 79 80 81 82 83 84 85 87 88 89 90 91 92 93 94 95 96 97 98 100 
active=94: 1 2 3 4 5 6 7 8 9 10 11 12 13 14 15 16 17 18 19 20 21 22 23 24 25 26 27 28 29 30 31 32 33 34 35 36 37 39 40 41 42 44 45 46 47 48 49 50 51 52 53 54 55 56 57 58 59 60 61 62 63 64 65 66 67 68 69 70 72 73 74 75 77 78 79 80 81 82 83 84 85 87 88 89 90 91 92 93 94 95 96 97 98 100 
active=93: 1 2 3 4 5 6 7 8 9 10 11 12 13 14 15 16 17 18 19 20 21 22 23 24 25 26 27 28 29 30 31 32 33 34 35 36 37 39 40 41 42 44 45 46 47 48 49 50 51 52 53 54 55 56 57 58 59 60 61 62 63 64 65 66 67 68 69 70 72 73 74 77 78 79 80 81 82 83 84 85 87 88 89 90 91 92 93 94 95 96 97 98 100 
active=92: 1 2 3 4 5 6 7 8 9 10 11 12 13 14 15 16 17 18 19 20 21 22 23 24 25 26 27 28 29 30 31 32 33 34 35 36 37 39 40 41 42 44 45 46 47 48 49 50 51 52 53 54 55 56 57 58 59 60 61 62 63 64 65 66 67 68 69 70 72 73 74 77 78 79 80 81 83 84 85 87 88 89 90 91 92 93 94 95 96 97 98 100 
active=91: 1 2 3 4 5 6 7 8 9 10 11 12 13 14 15 16 17 18 19 20 21 22 23 24 25 26 27 28 29 30 31 32 33 34 36 37 39 40 41 42 44 45 46 47 48 49 50 51 52 53 54 55 56 57 58 59 60 61 62 63 64 65 66 67 68 69 70 72 73 74 77 78 79 80 81 83 84 85 87 88 89 90 91 92 93 94 95 96 97 98 100 
active=90: 1 2 3 4 5 6 7 8 9 10 11 12 13 14 15 16 17 18 19 20 21 22 23 24 25 26 27 28 29 30 31 33 34 36 37 39 40 41 42 44 45 46 47 48 49 50 51 52 53 54 55 56 57 58 59 60 61 62 63 64 65 66 67 68 69 70 72 73 74 77 78 79 80 81 83 84 85 87 88 89 90 91 92 93 94 95 96 97 98 100 
active=89: 1 2 3 4 5 6 7 8 9 10 11 12 13 14 15 16 17 18 19 20 21 22 23 24 25 26 28 29 30 31 33 34 36 37 39 40 41 42 44 45 46 47 48 49 50 51 52 53 54 55 56 57 58 59 60 61 62 63 64 65 66 67 68 69 70 72 73 74 77 78 79 80 81 83 84 85 87 88 89 90 91 92 93 94 95 96 97 98 100 
active=88: 1 2 3 4 5 6 7 8 9 10 11 12 13 14 15 16 17 18 19 20 21 22 23 24 25 26 28 29 30 31 33 34 36 37 39 40 41 42 44 45 46 47 48 49 50 51 52 53 54 55 56 57 58 59 60 61 63 64 65 66 67 68 69 70 72 73 74 77 78 79 80 81 83 84 85 87 88 89 90 91 92 93 94 95 96 97 98 100 
active=87: 1 3 4 5 6 7 8 9 10 11 12 13 14 15 16 17 18 19 20 21 22 23 24 25 26 28 29 30 31 33 34 36 37 39 40 41 42 44 45 46 47 48 49 50 51 52 53 54 55 56 57 58 59 60 61 63 64 65 66 67 68 69 70 72 73 74 77 78 79 80 81 83 84 85 87 88 89 90 91 92 93 94 95 96 97 98 100 
active=86: 1 3 4 5 6 7 8 9 10 11 12 13 14 15 16 17 18 19 20 21 22 23 24 25 26 28 29 30 31 33 34 36 37 39 40 41 42 44 45 46 47 48 49 50 51 52 53 54 55 56 57 58 59 60 61 63 64 65 66 67 68 69 70 72 73 74 77 78 79 81 83 84 85 87 88 89 90 91 92 93 94 95 96 97 98 100 
active=85: 1 3 4 5 6 7 8 9 10 11 12 13 14 15 16 17 18 19 20 21 22 23 24 25 26 28 29 30 31 33 36 37 39 40 41 42 44 45 46 47 48 49 50 51 52 53 54 55 56 57 58 59 60 61 63 64 65 66 67 68 69 70 72 73 74 77 78 79 81 83 84 85 87 88 89 90 91 92 93 94 95 96 97 98 100 
active=84: 1 3 4 5 6 7 8 9 10 11 12 13 14 15 16 17 18 19 20 21 22 23 24 25 26 28 29 30 31 33 36 37 39 40 41 42 44 45 46 47 48 49 50 51 52 53 54 55 56 57 58 60 61 63 64 65 66 67 68 69 70 72 73 74 77 78 79 81 83 84 85 87 88 89 90 91 92 93 94 95 96 97 98 100 
active=83: 1 3 4 5 6 7 8 9 10 11 12 13 14 15 16 17 18 19 20 21 22 23 24 25 26 28 29 30 31 33 36 37 39 40 41 42 44 45 46 48 49 50 51 52 53 54 55 56 57 58 60 61 63 64 65 66 67 68 69 70 72 73 74 77 78 79 81 83 84 85 87 88 89 90 91 92 93 94 95 96 97 98 100 
active=82: 1 3 4 5 6 7 8 9 10 11 12 13 14 15 16 17 18 19 20 21 22 23 24 25 26 28 29 30 31 36 37 39 40 41 42 44 45 46 48 49 50 51 52 53 54 55 56 57 58 60 61 63 64 65 66 67 68 69 70 72 73 74 77 78 79 81 83 84 85 87 88 89 90 91 92 93 94 95 96 97 98 100 
active=81: 1 3 4 5 6 7 8 9 10 11 12 13 14 15 16 17 18 19 20 21 22 23 24 25 26 29 30 31 36 37 39 40 41 42 44 45 46 48 49 50 51 52 53 54 55 56 57 58 60 61 63 64 65 66 67 68 69 70 72 73 74 77 78 79 81 83 84 85 87 88 89 90 91 92 93 94 95 96 97 98 100 
active=80: 1 3 4 5 6 7 8 9 10 11 12 13 14 15 16 17 18 19 20 21 22 23 24 25 26 29 30 31 36 37 39 40 41 42 44 45 46 48 49 50 51 52 54 55 56 57 58 60 61 63 64 65 66 67 68 69 70 72 73 74 77 78 79 81 83 84 85 87 88 89 90 91 92 93 94 95 96 97 98 100 
active=79: 1 3 4 5 6 7 8 9 10 11 12 13 14 16 17 18 19 20 21 22 23 24 25 26 29 30 31 36 37 39 40 41 42 44 45 46 48 49 50 51 52 54 55 56 57 58 60 61 63 64 65 66 67 68 69 70 72 73 74 77 78 79 81 83 84 85 87 88 89 90 91 92 93 94 95 96 97 98 100 
active=78: 1 3 4 5 6 7 8 9 10 11 12 13 14 16 17 18 19 20 21 22 23 24 25 26 29 30 31 36 37 39 40 41 42 44 45 46 48 49 50 51 52 54 55 56 57 58 60 61 63 64 65 66 67 68 69 70 73 74 77 78 79 81 83 84 85 87 88 89 90 91 92 93 94 95 96 97 98 100 
active=77: 1 3 4 5 6 7 8 9 10 11 12 13 14 16 17 18 19 20 21 22 23 24 25 26 29 30 31 36 37 39 40 41 42 44 45 46 48 49 50 51 52 54 55 56 57 58 60 61 63 64 65 66 67 68 69 70 73 74 77 78 79 81 83 84 87 88 89 90 91 92 93 94 95 96 97 98 100 
active=76: 1 3 4 5 6 7 8 9 10 11 12 13 14 16 17 18 19 20 22 23 24 25 26 29 30 31 36 37 39 40 41 42 44 45 46 48 49 50 51 52 54 55 56 57 58 60 61 63 64 65 66 67 68 69 70 73 74 77 78 79 81 83 84 87 88 89 90 91 92 93 94 95 96 97 98 100 
active=75: 1 3 4 5 6 7 8 9 10 11 12 13 14 16 17 18 19 20 22 23 24 25 26 29 30 31 36 37 39 40 41 42 44 45 46 48 49 50 51 52 54 55 56 57 58 60 63 64 65 66 67 68 69 70 73 74 77 78 79 81 83 84 87 88 89 90 91 92 93 94 95 96 97 98 100 
active=74: 1 3 4 5 6 7 8 9 10 11 12 13 14 16 17 18 19 20 22 23 24 25 26 29 30 31 36 37 39 40 41 42 44 45 46 48 49 50 51 52 54 55 56 57 58 60 64 65 66 67 68 69 70 73 74 77 78 79 81 83 84 87 88 89 90 91 92 93 94 95 96 97 98 100 
active=73: 1 3 4 5 6 7 8 9 10 11 12 13 14 16 17 18 19 20 22 23 24 25 26 29 30 31 36 37 39 40 41 42 44 45 46 48 49 50 51 52 54 55 56 57 58 60 64 65 66 67 68 69 70 73 74 77 78 79 81 83 84 87 88 89 90 91 92 93 95 96 97 98 100 
active=72: 1 3 4 5 6 7 8 9 10 11 12 13 14 16 17 18 19 20 22 23 24 25 26 29 30 31 36 37 39 40 41 42 44 45 46 48 49 50 51 52 54 55 56 57 58 60 64 65 66 67 68 69 70 73 74 77 78 79 81 83 84 87 88 89 91 92 93 95 96 97 98 100 
active=71: 1 3 4 5 6 7 8 9 10 11 12 13 14 16 17 18 19 20 22 23 24 25 26 29 30 31 36 37 39 40 41 42 44 45 46 49 50 51 52 54 55 56 57 58 60 64 65 66 67 68 69 70 73 74 77 78 79 81 83 84 87 88 89 91 92 93 95 96 97 98 100 
active=70: 1 3 4 5 6 7 8 9 10 11 12 13 14 16 17 18 19 20 22 23 24 25 26 29 30 31 36 37 39 40 41 42 44 45 49 50 51 52 54 55 56 57 58 60 64 65 66 67 68 69 70 73 74 77 78 79 81 83 84 87 88 89 91 92 93 95 96 97 98 100 
active=69: 1 3 4 5 6 7 8 9 10 11 12 13 14 16 17 18 19 20 22 23 24 25 26 29 30 31 36 37 39 40 41 42 44 45 49 50 51 52 54 55 56 57 58 64 65 66 67 68 69 70 73 74 77 78 79 81 83 84 87 88 89 91 92 93 95 96 97 98 100 
active=68: 1 3 4 5 6 7 8 9 10 11 13 14 16 17 18 19 20 22 23 24 25 26 29 30 31 36 37 39 40 41 42 44 45 49 50 51 52 54 55 56 57 58 64 65 66 67 68 69 70 73 74 77 78 79 81 83 84 87 88 89 91 92 93 95 96 97 98 100 
active=67: 1 3 4 5 6 7 8 9 10 11 13 14 16 17 18 19 20 22 23 24 25 26 29 30 31 36 37 39 40 41 42 44 45 49 50 51 52 54 55 56 57 58 64 65 66 67 68 69 70 73 74 77 78 79 81 83 84 87 88 89 91 92 93 95 96 98 100 
active=66: 1 3 4 5 6 7 8 9 10 11 13 14 16 17 18 20 22 23 24 25 26 29 30 31 36 37 39 40 41 42 44 45 49 50 51 52 54 55 56 57 58 64 65 66 67 68 69 70 73 74 77 78 79 81 83 84 87 88 89 91 92 93 95 96 98 100 
active=65: 1 3 4 5 6 7 8 9 10 11 13 14 16 17 18 20 22 23 24 25 26 29 30 31 36 37 39 40 41 42 44 45 49 50 51 52 54 55 56 57 58 64 65 66 67 68 69 70 73 74 78 79 81 83 84 87 88 89 91 92 93 95 96 98 100 
active=64: 1 3 4 5 6 7 8 9 10 11 13 14 16 17 18 20 22 23 24 25 26 29 30 31 36 37 39 40 41 42 44 45 49 50 51 52 55 56 57 58 64 65 66 67 68 69 70 73 74 78 79 81 83 84 87 88 89 91 92 93 95 96 98 100 
active=63: 1 3 4 5 6 7 8 9 10 11 13 14 16 17 18 20 22 23 24 25 26 29 30 31 36 37 39 40 41 42 44 45 49 50 51 52 55 56 57 58 64 65 66 67 68 69 70 73 74 78 79 81 83 84 87 88 89 91 92 93 95 96 100 
active=62: 1 3 4 5 6 7 8 9 10 13 14 16 17 18 20 22 23 24 25 26 29 30 31 36 37 39 40 41 42 44 45 49 50 51 52 55 56 57 58 64 65 66 67 68 69 70 73 74 78 79 81 83 84 87 88 89 91 92 93 95 96 100 
active=61: 1 3 4 5 6 7 8 9 10 13 14 16 17 18 20 22 23 25 26 29 30 31 36 37 39 40 41 42 44 45 49 50 51 52 55 56 57 58 64 65 66 67 68 69 70 73 74 78 79 81 83 84 87 88 89 91 92 93 95 96 100 
active=60: 1 3 4 5 6 7 8 9 10 13 14 16 17 18 20 22 23 25 26 29 30 31 36 37 39 40 41 42 44 45 49 50 51 52 55 56 58 64 65 66 67 68 69 70 73 74 78 79 81 83 84 87 88 89 91 92 93 95 96 100 
active=59: 1 3 4 5 6 7 8 9 10 13 14 16 17 18 20 22 25 26 29 30 31 36 37 39 40 41 42 44 45 49 50 51 52 55 56 58 64 65 66 67 68 69 70 73 74 78 79 81 83 84 87 88 89 91 92 93 95 96 100 
active=58: 1 3 4 5 6 7 8 9 10 13 14 16 17 18 20 22 25 26 29 30 31 36 37 39 40 41 42 44 45 49 50 51 52 55 56 58 64 65 66 67 68 69 70 73 74 78 79 81 83 84 88 89 91 92 93 95 96 100 
active=57: 1 3 4 5 6 7 8 9 10 13 14 16 17 18 20 22 25 26 29 30 31 36 37 39 40 41 42 45 49 50 51 52 55 56 58 64 65 66 67 68 69 70 73 74 78 79 81 83 84 88 89 91 92 93 95 96 100 
active=56: 1 3 4 5 6 7 8 9 10 13 14 16 17 18 20 22 25 26 29 30 31 36 37 39 40 41 42 45 49 50 51 52 55 56 58 64 65 66 67 68 69 70 73 74 78 79 81 83 84 88 89 91 93 95 96 100 
active=55: 1 3 4 5 6 7 8 9 10 13 14 16 17 18 20 22 25 26 29 30 31 36 37 39 40 41 42 45 49 51 52 55 56 58 64 65 66 67 68 69 70 73 74 78 79 81 83 84 88 89 91 93 95 96 100 
active=54: 1 3 4 5 6 7 8 9 10 13 14 16 17 18 20 22 25 26 29 30 31 36 37 39 40 41 42 45 49 51 52 55 56 58 64 65 66 67 68 69 70 73 74 78 79 81 83 84 88 89 91 95 96 100 
active=53: 1 3 4 5 6 7 8 9 10 13 14 16 17 18 20 22 25 26 29 30 31 36 37 39 40 41 45 49 51 52 55 56 58 64 65 66 67 68 69 70 73 74 78 79 81 83 84 88 89 91 95 96 100 
active=52: 1 3 4 5 6 7 8 9 10 13 14 16 17 18 20 22 25 26 29 30 31 36 37 39 40 41 45 49 51 52 55 56 58 64 65 66 67 68 69 70 73 74 78 79 81 83 84 89 91 95 96 100 
active=51: 1 3 4 5 6 7 8 9 10 13 14 16 17 18 20 22 25 26 29 30 31 36 37 39 40 41 45 49 51 52 55 56 58 64 66 67 68 69 70 73 74 78 79 81 83 84 89 91 95 96 100 
active=50: 1 3 4 5 6 7 8 9 10 13 14 16 17 18 20 22 25 26 29 30 31 36 37 39 40 41 49 51 52 55 56 58 64 66 67 68 69 70 73 74 78 79 81 83 84 89 91 95 96 100 
active=49: 1 3 4 5 6 7 8 9 10 13 14 16 17 18 20 22 25 26 29 30 31 36 37 39 40 41 49 51 55 56 58 64 66 67 68 69 70 73 74 78 79 81 83 84 89 91 95 96 100 
active=48: 1 3 4 5 6 7 8 9 10 13 14 16 17 18 20 22 25 26 29 30 31 36 37 39 40 41 49 51 55 56 58 64 66 67 68 69 70 73 74 78 79 81 83 89 91 95 96 100 
active=47: 1 3 4 5 6 7 8 9 10 13 14 16 17 18 20 22 25 26 30 31 36 37 39 40 41 49 51 55 56 58 64 66 67 68 69 70 73 74 78 79 81 83 89 91 95 96 100 
active=46: 1 3 4 5 6 7 8 9 10 13 14 16 17 18 20 22 25 26 30 31 36 37 39 40 41 49 51 55 56 58 64 66 67 68 69 70 73 74 78 79 83 89 91 95 96 100 
active=45: 1 3 4 5 6 7 8 9 10 13 14 16 17 18 20 22 25 26 30 31 36 37 39 40 41 49 51 55 56 58 64 66 68 69 70 73 74 78 79 83 89 91 95 96 100 
active=44: 1 3 4 5 6 7 8 9 10 13 14 16 17 18 20 22 25 26 30 31 36 37 39 40 41 49 51 55 56 58 64 66 68 69 70 73 78 79 83 89 91 95 96 100 
active=43: 1 3 4 5 6 7 8 9 10 13 16 17 18 20 22 25 26 30 31 36 37 39 40 41 49 51 55 56 58 64 66 68 69 70 73 78 79 83 89 91 95 96 100 
active=42: 1 3 4 5 6 7 8 9 10 13 16 17 18 20 22 25 26 30 31 36 37 39 40 41 49 51 55 56 58 64 66 68 69 70 73 78 83 89 91 95 96 100 
active=41: 1 3 4 5 6 7 8 9 10 13 16 17 18 20 22 25 26 30 31 36 37 39 40 41 49 51 55 56 58 64 66 68 69 70 73 78 89 91 95 96 100 
active=40: 1 3 4 5 6 7 8 9 10 13 16 17 18 20 22 25 26 31 36 37 39 40 41 49 51 55 56 58 64 66 68 69 70 73 78 89 91 95 96 100 
active=39: 1 3 4 5 6 7 8 9 10 13 16 18 20 22 25 26 31 36 37 39 40 41 49 51 55 56 58 64 66 68 69 70 73 78 89 91 95 96 100 
active=38: 1 3 4 5 6 7 8 9 10 13 16 20 22 25 26 31 36 37 39 40 41 49 51 55 56 58 64 66 68 69 70 73 78 89 91 95 96 100 
active=37: 1 3 4 5 6 7 8 9 10 13 16 20 22 25 26 31 36 37 39 40 41 49 55 56 58 64 66 68 69 70 73 78 89 91 95 96 100 
active=36: 1 3 4 5 6 7 8 9 10 13 16 20 22 25 26 31 36 37 39 40 41 49 55 56 58 64 66 68 69 70 73 78 89 91 95 100 
active=35: 1 3 4 5 6 7 8 9 10 13 16 20 22 25 26 31 36 37 39 40 41 49 55 56 58 64 66 68 69 70 73 89 91 95 100 
active=34: 1 3 4 5 6 7 8 9 10 13 16 20 22 25 26 31 36 37 39 40 41 49 55 56 64 66 68 69 70 73 89 91 95 100 
active=33: 1 3 4 5 6 7 8 9 10 16 20 22 25 26 31 36 37 39 40 41 49 55 56 64 66 68 69 70 73 89 91 95 100 
active=32: 1 3 4 5 6 7 8 9 10 16 20 22 25 26 31 36 37 39 40 41 49 55 56 64 66 68 69 70 73 89 95 100 
active=31: 1 3 4 5 6 7 8 9 10 16 20 22 25 26 31 36 37 39 40 41 49 55 56 64 68 69 70 73 89 95 100 
active=30: 1 3 4 5 6 7 8 9 10 16 20 22 25 26 31 36 37 39 40 41 49 55 56 64 68 69 73 89 95 100 
active=29: 1 3 4 5 7 8 9 10 16 20 22 25 26 31 36 37 39 40 41 49 55 56 64 68 69 73 89 95 100 
active=28: 1 3 4 5 7 8 9 10 16 20 22 25 26 36 37 39 40 41 49 55 56 64 68 69 73 89 95 100 
active=27: 1 3 4 5 7 8 9 10 16 20 22 25 26 36 37 39 40 41 49 55 64 68 69 73 89 95 100 
active=26: 1 3 4 5 7 8 9 10 16 20 22 26 36 37 39 40 41 49 55 64 68 69 73 89 95 100 
active=25: 1 3 4 5 7 8 9 10 16 20 22 26 36 37 39 40 41 49 55 64 68 69 73 95 100 
active=24: 1 3 4 5 7 8 9 10 16 20 26 36 37 39 40 41 49 55 64 68 69 73 95 100 
active=23: 1 3 4 5 7 8 9 10 16 20 26 36 39 40 41 49 55 64 68 69 73 95 100 
active=22: 1 3 4 5 7 8 9 10 20 26 36 39 40 41 49 55 64 68 69 73 95 100 
active=21: 1 3 4 5 7 8 9 10 20 26 36 39 40 41 49 55 64 68 69 73 95 
active=20: 1 3 4 5 7 8 9 10 20 26 36 39 40 41 49 55 64 68 69 95 
active=19: 1 3 4 5 7 8 9 10 20 26 36 39 40 41 49 55 64 68 95 
active=18: 1 4 5 7 8 9 10 20 26 36 39 40 41 49 55 64 68 95 
active=17: 1 4 5 7 8 9 10 20 26 36 39 41 49 55 64 68 95 
active=16: 1 4 5 7 8 9 10 20 26 36 39 41 49 55 64 68 
active=15: 1 4 5 7 8 9 10 26 36 39 41 49 55 64 68 
active=14: 1 4 5 7 8 9 10 26 36 39 41 49 64 68 
active=13: 1 4 5 7 8 9 10 26 36 39 41 64 68 
active=12: 1 4 5 7 8 9 26 36 39 41 64 68 
active=11: 1 5 7 8 9 26 36 39 41 64 68 
active=10: 1 5 7 8 9 36 39 41 64 68 
active=9: 1 5 7 8 9 36 39 41 64 
active=8: 1 5 7 8 36 39 41 64 
active=7: 1 5 7 8 36 41 64 
active=6: 1 5 7 36 41 64 
active=5: 1 5 7 36 64 
active=4: 1 5 7 64 
active=3: 1 5 64 
active=2: 1 5 
active=1: 5 
