0.000000 0.489796 0.500000
1.000000 0.621531 0.620100
2.000000 0.639388 0.646800
3.000000 0.682551 0.697100
4.000000 0.666735 0.695300
5.000000 0.673469 0.713100
6.000000 0.707245 0.735700
7.000000 0.712551 0.757900
8.000000 0.704388 0.758800
9.000000 0.719694 0.770300
10.000000 0.740816 0.790700
11.000000 0.730918 0.804900
12.000000 0.749898 0.799100
13.000000 0.729694 0.808000
14.000000 0.736633 0.816200
15.000000 0.738980 0.828600
16.000000 0.741633 0.842200
17.000000 0.751633 0.835300
18.000000 0.746224 0.846300
19.000000 0.743878 0.852400
20.000000 0.747653 0.856700
21.000000 0.756020 0.867200
22.000000 0.743776 0.880100
23.000000 0.747245 0.877900
24.000000 0.738061 0.874700
25.000000 0.741735 0.876700
26.000000 0.741531 0.884000
27.000000 0.736327 0.888500
28.000000 0.734184 0.891600
29.000000 0.723776 0.895200
30.000000 0.727143 0.904300
31.000000 0.722449 0.906400
32.000000 0.715408 0.907900
33.000000 0.721327 0.910500
34.000000 0.715612 0.912400
35.000000 0.710918 0.911200
36.000000 0.713776 0.916300
37.000000 0.713367 0.919600
38.000000 0.706939 0.927200
39.000000 0.709388 0.924100
40.000000 0.702347 0.927600
41.000000 0.712857 0.925600
42.000000 0.698367 0.934700
43.000000 0.697857 0.931300
44.000000 0.702143 0.936400
45.000000 0.702551 0.940000
46.000000 0.702041 0.941800
47.000000 0.695510 0.942600
48.000000 0.691224 0.947500
49.000000 0.690612 0.945700
50.000000 0.685612 0.945800
51.000000 0.676735 0.949700
52.000000 0.682449 0.946800
53.000000 0.676224 0.949800
54.000000 0.674082 0.955000
55.000000 0.664388 0.955400
56.000000 0.671939 0.953800
57.000000 0.653878 0.956200
58.000000 0.660408 0.956000
59.000000 0.652143 0.958900
60.000000 0.650102 0.957800
61.000000 0.653061 0.960400
62.000000 0.642551 0.960000
63.000000 0.646735 0.963000
64.000000 0.644388 0.963700
65.000000 0.643469 0.963200
66.000000 0.634796 0.965000
67.000000 0.635000 0.965200
68.000000 0.625918 0.965200
69.000000 0.621020 0.966700
70.000000 0.624694 0.964900
71.000000 0.621939 0.965800
72.000000 0.619592 0.964900
73.000000 0.615510 0.964900
74.000000 0.619694 0.966800
75.000000 0.607143 0.968300
76.000000 0.611327 0.969600
77.000000 0.610714 0.970200
78.000000 0.600102 0.968700
79.000000 0.599796 0.968800
80.000000 0.599490 0.970900
81.000000 0.589184 0.970200
82.000000 0.586224 0.969400
83.000000 0.587245 0.970600
84.000000 0.582347 0.971000
85.000000 0.582653 0.972100
86.000000 0.583776 0.971700
87.000000 0.581224 0.973300
88.000000 0.578061 0.972400
89.000000 0.569184 0.973800
90.000000 0.571735 0.973800
91.000000 0.573673 0.973700
92.000000 0.557449 0.973400
93.000000 0.571939 0.973700
94.000000 0.566122 0.973800
95.000000 0.565000 0.974700
96.000000 0.546837 0.977300
97.000000 0.553776 0.976600
98.000000 0.562143 0.976900
99.000000 0.554286 0.977000
100.000000 0.552857 0.975700
