1 0.060556923077 0.959370892507
2 -0.080480455497 0.987447097634
3 0.048492315789 1.024312447922
4 0.060836099476 0.999724329076
5 -0.092005705263 0.891840912665
6 0.041474494737 1.044112613005
7 0.095427868421 1.079434735255
8 0.069481910053 0.980488765896
9 0.009401063830 0.971483335860
10 -0.016449699482 1.042903675164
11 -0.026155698413 0.950904180265
12 -0.087954877660 0.958212866302
13 -0.085234281915 0.908607969475
14 -0.083852101064 0.924957936407
15 -0.044042492308 0.943825643442
16 0.016715505263 1.047030742724
17 -0.066065523316 1.069837933107
18 -0.013660115789 1.081927631328
19 -0.048948089005 1.024816745780
20 -0.021352178947 0.928326083398
21 -0.041014695187 1.012806571707
22 -0.113484510526 0.986842571688
23 0.053067989529 1.120166214574
24 -0.047275542105 0.966266836182
25 -0.001094418848 1.024862979857
26 0.077600572917 1.007622874583
27 0.010271822581 1.003570439267
28 0.109768333333 1.021286724494
29 -0.048603813830 0.991558661407
30 -0.050541345745 0.949083299451
31 -0.070282393782 0.952286160288
32 0.006027136842 0.957628126593
33 0.026027962963 0.988968600058
34 0.002697048387 1.004343526442
35 0.019044098446 0.985199613825
36 0.030191138462 0.900007442137
37 -0.040472772487 0.901107362620
38 -0.136270779487 0.995856316025
39 0.101628732984 0.946894489558
40 0.020528552083 1.058380391843
