N=200
P=40
R=2
1 1.523780 -1.066942 0.862202 0.312400 -0.545048 -1.026354 NA -1.209521 1.406744 -0.375926 -0.017414 0.228110 -0.354173 0.570145 0.040548 0.652155 0.244272 1.370010 -0.392380 -0.474376 0.577734 0.273824 0.666753 0.335901 -0.092112 0.604344 NA -1.052294 0.495320 1.160023 -2.117641 -1.671333 -1.566089 0.025023 0.224915 0.565813 NA 0.083990 0.408699 -1.509611 3.029558 1.000000
2 -1.437200 -0.956447 0.255379 0.357158 -0.158103 NA 0.641638 0.708495 0.046178 2.382663 -2.034322 -1.318709 -0.662377 -0.861458 1.519016 1.230442 NA 0.696338 0.169349 1.013643 0.641563 -2.097579 -0.753564 -0.292482 -1.059407 -1.520113 -0.708554 2.148004 -0.514976 0.449974 -1.872919 -1.196648 -0.188305 0.094889 2.719022 -0.791322 NA 0.782379 0.305073 -1.141667 11.180585 0.000000
3 -0.302715 -0.733629 -0.087295 1.506692 0.471716 -0.392692 2.880405 -1.990455 -0.875441 0.369315 1.527901 0.198995 0.185038 -1.198177 0.271292 -0.654222 0.466193 -0.784199 -0.514595 -0.483243 NA 1.142529 0.936856 0.530450 -0.832121 -0.686206 -0.265337 0.212447 0.686139 0.417562 -0.752369 NA 1.400673 -1.278311 -0.471809 0.541753 -0.028490 -1.257432 -0.082202 -0.979307 4.406211 1.000000
4 -0.346558 0.099724 -0.419638 1.584726 -1.867576 0.967633 -0.895890 0.995043 0.572717 -1.552639 0.754286 -0.138478 -0.014462 0.514631 1.279767 -0.558418 NA 0.637524 0.418839 0.386396 -0.706835 0.947340 0.655083 1.387978 0.414328 0.313541 0.151085 0.113708 NA -0.427468 -1.671654 1.345834 -0.525859 -0.809679 -1.500739 0.805463 -0.642186 0.586922 0.838423 -0.272574 11.932447 0.000000
5 1.134394 -0.212209 -1.281141 -0.293709 -1.187686 -0.696667 -0.778254 -0.810147 -2.116593 0.146450 -0.615346 -0.045441 -0.329999 0.315960 1.185662 -0.510412 1.512549 3.634612 -0.681042 0.012680 0.314537 0.115203 -0.022725 -0.319505 0.588625 -1.340941 -0.601619 0.275814 -1.307468 1.023016 0.189140 -1.556840 1.019711 -0.239291 0.651611 0.317281 -1.447070 1.137894 -0.721168 2.601724 1.036941 1.000000
6 0.694571 -1.259605 0.796762 2.441140 -0.663432 0.709709 1.334116 1.254754 -0.187765 -0.061023 -0.708481 -1.775549 -0.342208 -0.503084 0.794198 0.414723 -0.131037 -1.341299 NA 0.722339 NA 0.311862 0.364768 -0.825367 -0.160850 0.599030 -1.691914 0.418980 -0.703016 0.759628 -1.026186 0.956247 0.710714 0.127096 NA 0.107962 -0.217507 -0.945152 NA 0.571412 0.956957 1.000000
7 -1.810763 0.766424 -0.130739 NA -0.415196 0.167443 0.018951 0.371627 -0.651326 0.521657 0.066353 0.882455 -0.707314 -0.789641 0.809127 0.510273 1.555998 0.224184 1.082509 1.319360 -0.622950 0.838035 -0.057568 -1.702613 -1.008607 0.331830 -0.773746 1.806242 -1.206182 1.159116 NA 0.401593 1.431885 -0.843953 0.225535 0.369892 -0.782843 0.198507 -0.164656 0.523461 0.616980 1.000000
8 -0.004800 0.651087 1.430404 -0.865051 -0.532185 0.307863 1.099048 -0.650813 1.630606 0.743308 -0.458196 -0.835765 0.427942 0.671486 NA -0.166288 -0.184931 -0.101572 -1.557651 0.942563 0.760656 NA -0.347269 1.332705 -1.464206 1.890662 0.989463 NA 0.616525 -1.092096 -1.941300 1.191818 -0.388434 0.237068 -0.393139 0.261360 1.020613 -0.113417 NA -0.567143 4.145790 0.000000
9 -2.027618 NA 1.301794 0.894279 0.549036 -0.948527 -0.190437 -1.387142 -1.562556 0.014480 0.936611 -0.626928 -0.572096 -0.371718 -1.202180 -1.042008 -0.178745 0.154721 0.446610 -1.093120 0.509844 -1.459845 -0.043115 0.185960 2.634742 -0.163895 NA 0.444404 1.345381 NA -0.889258 -1.605648 -0.606239 0.205296 -0.198043 -1.403744 -0.087251 0.602569 -0.625240 -0.592516 0.018367 1.000000
10 2.195890 0.001197 0.325179 0.385424 0.728366 0.038138 0.675678 0.423686 0.182929 2.154873 -0.491562 1.502881 0.673307 -0.244857 0.037467 -1.445384 1.961045 0.245225 -0.589344 -1.067110 -0.188837 1.357974 0.373145 0.854363 -0.304384 0.913563 -0.894710 -0.522931 0.875533 0.393788 -0.947088 -0.445529 -1.170437 0.424537 NA -0.120928 0.159576 -0.674476 -0.574603 1.554192 6.997447 0.000000
11 NA -0.404642 -0.310870 0.020191 -0.734524 -1.284517 0.800300 NA -0.907096 -0.223021 NA -0.196716 -0.529297 -0.680187 -2.358827 -1.153700 0.181899 -0.545212 1.354498 1.986542 1.397062 1.251344 -1.308855 -1.641477 0.317380 0.049116 -1.199138 0.624812 0.632806 -0.327301 -0.160853 0.355797 1.498466 0.000544 -1.920520 0.172781 -1.803053 -0.788988 0.833802 1.663249 0.735567 1.000000
12 2.738528 0.878365 0.607259 0.285695 0.272069 -0.661031 -1.419115 0.017741 -0.004143 -0.139054 -2.440025 -0.537777 -1.142612 1.179524 -1.398237 -0.283849 0.459894 -1.619404 0.508164 -0.915020 0.911443 0.156352 -1.561337 0.516409 1.059075 -1.117705 NA -1.852318 -0.544628 0.178235 0.835463 0.383124 0.680368 -0.031728 -0.004160 0.201475 -0.199404 0.035381 1.633178 1.000832 0.243913 1.000000
13 -0.864102 0.043111 -0.274583 -1.637116 0.983180 2.474168 -0.384374 0.757088 -0.265262 0.065773 -0.766574 0.604319 -1.038638 -1.090684 0.599827 -1.119115 -0.226670 0.404710 -1.525312 0.475328 -0.345671 -0.914873 -0.394321 -0.385225 0.925267 -0.566439 0.215393 -1.361876 -0.416152 1.462763 0.431543 -0.730685 -0.519670 NA 1.474655 -1.859202 -0.297141 0.428784 -1.233746 -0.441906 4.120972 0.000000
14 -0.511495 -0.660633 -1.247144 -1.090369 -2.092252 -1.140266 -0.988358 -0.137567 0.401105 0.083608 -0.195295 0.263245 1.087049 -1.016910 -0.342321 -0.585161 -0.592186 0.575204 0.856712 -0.432068 NA 1.494443 0.409093 0.394264 -0.218423 -1.055784 -0.561042 1.569580 0.062507 -0.052276 NA -0.678390 -0.010063 -1.152606 0.271688 0.244452 0.065415 1.635530 -0.054891 0.113156 2.903355 0.000000
15 -0.820395 NA 0.369895 -0.198404 0.511559 0.612359 0.717779 -0.544615 -0.218667 -0.655734 -1.820000 -1.257821 -0.213066 -1.838610 0.520563 1.442178 1.149717 2.043299 0.590369 0.936640 -0.573646 -2.005029 -0.179753 -0.260332 1.086111 1.179951 0.186927 1.647883 -0.117517 2.747676 1.388069 1.137107 -0.134271 -0.870697 -1.192286 -0.601794 -0.226133 0.825080 -0.600619 0.468684 4.609268 1.000000
16 0.102343 0.642108 -1.070964 NA -1.365622 -0.661858 0.350802 1.917539 0.850871 -0.487468 -0.206749 -1.407492 -0.225114 0.047093 0.697940 -0.566872 -0.068467 -0.258940 -0.984746 -0.238207 0.507209 -0.704854 0.567782 -0.046467 NA 1.436014 NA -0.302550 0.766717 -1.613014 -0.008423 -0.211581 -0.461127 0.896345 -0.294727 -0.382935 -0.562740 -1.632850 2.005904 0.087833 7.645418 0.000000
17 -0.876667 NA -0.541342 0.940061 0.690833 -0.749701 0.207052 0.335855 0.387436 -0.356652 1.290772 NA -0.217533 1.224299 -1.735832 -0.906561 -0.042357 0.694346 0.093524 -0.112719 NA -0.355584 0.285554 -0.356504 -0.929345 -0.143486 2.178232 1.159442 -0.138353 -1.470803 0.893598 -0.361067 -1.028652 -2.202023 0.748029 1.362671 -0.136290 -1.434366 -0.248100 2.071185 6.683849 0.000000
18 0.144456 -1.667152 1.993730 0.872986 -0.743111 -1.651819 1.114264 -1.009620 -0.104556 -0.926376 0.338520 -1.757131 0.348816 0.558848 1.520700 0.085069 2.040649 1.055474 0.455543 -2.139144 1.178135 -0.989698 1.032221 -1.271746 0.681195 0.086799 -1.308043 1.612018 -0.037855 -1.187220 -0.604169 NA -1.869266 0.351418 NA -1.016403 -0.090410 -0.070455 0.643860 0.823940 1.655548 1.000000
19 1.566422 -0.317683 -0.254470 2.033384 -0.323998 1.758725 -0.237604 -1.088990 -0.424170 NA -0.274967 0.850918 -1.413179 -0.039548 0.047779 0.922100 1.076413 -0.507347 -0.994783 -0.134689 NA 1.506267 1.840365 1.081704 -2.349884 -0.740791 -1.346360 -0.325822 0.295596 -0.101234 -0.389881 0.264410 -0.732577 0.033324 -0.140991 -1.879062 0.081831 -0.226181 1.033870 -2.255199 2.453909 0.000000
20 1.401536 0.648784 0.011737 -0.149789 1.609706 2.398784 0.373136 1.039847 -1.195853 -1.236063 1.431774 0.424261 -0.485679 1.191397 1.380851 -1.739490 -0.608888 -0.596626 0.518266 -0.014167 1.181912 -0.225976 0.966682 1.002138 -0.473098 0.658541 0.326120 0.455357 -1.011576 1.046908 0.227948 -0.122209 -0.406912 -2.114668 -0.351070 -0.180794 0.794377 -0.482264 -0.572021 -1.617750 0.241924 1.000000
21 -0.617415 0.691723 1.352870 0.792108 1.308155 -0.331315 0.341698 0.785034 0.272647 0.275660 -0.428085 -1.553368 -0.664308 -0.394775 -0.950246 1.302654 0.171495 0.696694 -1.568020 0.495744 -0.154541 0.861332 -0.359292 0.222520 1.318053 1.675715 -0.461686 -0.894954 -0.027517 -0.994912 -1.837843 0.878702 0.520134 NA 1.038960 -0.124154 NA -0.892627 -1.441371 0.468025 1.535445 1.000000
22 0.696681 -1.216141 -1.184912 1.257825 1.034390 -1.194630 NA 0.584013 -1.733980 0.441509 0.035793 -0.598871 0.782083 0.288462 -0.435280 -1.079576 0.181181 1.378759 -0.898632 0.870124 -0.365334 -0.603416 1.038707 -0.529048 NA 1.550018 -0.915200 1.207595 -0.163345 -0.332385 -1.247380 -0.902330 -0.761051 -0.523981 -0.749340 1.758385 1.820435 -1.593040 -1.549785 1.017575 0.263534 1.000000
23 -0.737592 -1.661193 -2.740464 -0.961704 -1.176841 0.397337 -0.471854 -1.439470 0.339091 -0.975790 0.833254 -0.703451 -1.702930 -1.044527 0.107744 -0.493721 0.444577 1.006799 -1.620840 1.598146 0.030422 0.145093 0.024444 1.368970 1.171773 0.112299 1.018683 -1.169927 1.340508 0.337880 2.044212 -1.041167 0.461553 -0.891333 0.710747 1.291749 -0.143089 -1.776083 -0.311966 -1.209685 8.460589 0.000000
24 0.133114 1.349125 0.260745 0.734520 -1.564499 -1.403716 1.190812 -0.120855 -0.246889 0.072180 -0.754910 0.022576 -0.411259 0.752819 -0.809937 -0.621645 1.293243 0.337967 0.489817 1.208827 -1.695807 -0.397592 NA -0.379662 0.693822 -0.261651 NA NA -0.302521 -0.200744 -0.497377 NA 0.899063 1.002435 0.233946 0.943876 -0.852472 0.515700 -0.447855 1.519312 3.225722 1.000000
25 -1.118713 0.418586 -0.315957 -1.206591 0.124808 1.815777 2.805211 -1.694075 -0.486624 0.477207 0.203657 -0.701037 0.905439 1.226919 -1.023027 0.180386 -1.196303 0.964953 -0.814078 -1.004393 0.345612 0.068135 -1.347744 0.776258 -0.336609 0.481988 0.298600 0.159414 -1.107189 0.114868 0.058784 1.219716 1.067910 -0.892539 NA 1.186252 NA -1.854123 0.533889 -0.439912 3.523129 1.000000
26 1.109610 0.238054 -0.269272 0.123488 -0.646090 -0.512204 0.899705 -0.981585 NA 0.387995 -1.439075 -0.600075 -1.307673 NA -0.918649 -0.166148 0.289855 -0.367556 -0.227414 -0.188845 1.676283 -0.811678 -0.118440 0.819914 -1.131138 1.182693 0.158796 -1.118217 -0.531258 -0.650314 1.198465 0.872653 0.022899 -1.588873 NA 0.220862 1.025759 -2.347127 1.830536 NA 0.554724 1.000000
27 -0.522216 -1.081467 -0.478430 2.011212 -0.717128 -1.319001 0.856445 -0.237601 0.129468 -0.132975 0.843004 -1.360120 -2.115921 NA -0.771410 0.471279 -1.140961 -0.854777 0.096898 0.353350 -0.177397 -0.773651 0.236861 -0.907733 0.937488 -0.506335 -0.941353 0.961336 -0.709742 0.835790 -0.341879 -0.364835 0.257843 -0.724255 -2.414142 1.308353 0.134844 -0.606840 0.306773 -1.703206 2.189893 1.000000
28 0.234907 0.268375 1.090939 0.356112 -0.398710 1.747365 1.031159 -1.042537 -1.548153 1.295937 -0.654472 0.978820 -0.715794 1.048705 -1.349176 0.550710 0.667922 1.067362 0.802713 0.440697 -0.784075 0.149432 -2.164732 0.215134 -0.615696 -0.243486 -1.080476 0.008262 0.312373 -0.003878 1.697060 -0.722284 1.319132 0.834715 0.412836 -1.034338 0.852819 -0.384575 -0.418690 0.486977 5.835396 0.000000
29 1.924916 -0.930700 -1.091831 -2.550254 0.752651 -0.150408 1.576737 0.730623 0.463900 -1.027205 1.072828 -0.201766 -1.440997 -1.945576 -0.212557 -0.406765 0.958136 0.744730 -0.579709 -0.412954 -1.601242 0.997016 -2.101729 0.893532 0.616408 0.451705 -0.681824 0.735387 -0.155014 -0.915341 1.194212 0.879892 -0.351585 -0.131736 0.116605 0.077138 0.482227 1.400652 1.132833 0.534509 5.654383 1.000000
30 2.108453 0.436823 -0.945404 -1.527910 -1.679627 0.456671 -0.814457 1.333115 0.708213 0.676555 1.307922 -0.666862 0.196650 -0.388618 -0.342229 -1.587410 0.079499 -2.706995 -0.475907 0.097226 0.288892 -0.307535 -0.947973 -0.918986 -2.030288 0.042926 -0.437530 -1.306431 1.483575 0.710131 -0.474040 0.399036 0.300746 -0.428403 0.787923 0.010028 -1.394313 0.517614 -0.756780 1.136780 4.488778 0.000000
31 0.729120 NA 0.645179 -0.360742 -0.898941 1.024428 1.037170 1.779106 0.140787 -0.852881 -1.055133 -0.371018 -1.022251 0.679465 0.396583 -0.134484 1.107351 1.310041 -0.027502 -0.299431 0.558935 NA 0.953228 NA -1.112344 0.620899 1.262494 1.437722 -1.215303 -1.139716 0.619960 0.244614 -0.239086 -0.379624 -1.185456 1.154621 -0.053268 0.394175 0.572195 -0.822431 6.746879 1.000000
32 -0.269461 -1.355931 NA -0.056617 NA 2.382713 -0.216102 -0.857044 0.440035 0.404599 1.088877 -0.584898 0.026909 -0.027670 0.094163 -0.688426 -2.384434 0.431851 -0.938667 -0.225792 -2.061341 1.221255 0.915437 0.154662 0.271554 0.679525 0.478566 0.153246 1.256432 1.270662 1.013214 -0.595699 0.178920 -1.026674 1.385968 0.286487 -0.443019 0.046490 -1.340290 0.713108 4.630570 0.000000
33 -0.374597 0.386708 0.436868 -2.249443 -0.269781 -0.165747 -0.845469 -1.327516 0.226291 -0.649055 0.419296 0.966281 0.541925 -0.812879 0.490343 1.282991 -0.512196 1.994663 -1.223022 1.724641 1.406354 -0.059749 -0.039231 0.737901 0.622858 -0.097501 2.001111 -1.777976 0.651183 0.066195 -0.387087 0.751757 0.964202 0.654384 -0.192152 -0.155966 -0.046166 -0.786598 0.489236 -1.448048 3.200427 1.000000
34 -0.640939 0.269764 1.841969 -0.025403 -1.273972 0.056472 -0.390607 1.181507 -0.280741 -0.520129 -0.922546 0.382115 0.385645 -0.675892 0.122301 -0.685709 1.108855 NA 1.448387 0.335258 0.093095 -1.207397 0.612840 1.720243 -0.509620 NA -0.359991 0.823895 2.013554 -0.268253 -0.099248 1.546909 0.550580 0.134223 -1.008655 -0.693492 0.155154 1.049631 1.144519 -0.824201 0.075575 1.000000
35 1.246772 -0.013883 0.168005 1.059342 -0.660998 -0.150355 -1.389931 0.117270 2.400273 1.650443 -0.973150 -1.094470 0.492193 -1.143977 1.168061 0.487636 -0.874677 -1.586935 0.176133 -1.629857 1.189733 -0.425095 0.540704 NA -0.280201 -0.962603 -0.128524 0.333922 -0.239063 -0.925758 0.361549 0.315237 -0.534322 -0.706518 -1.024997 -0.961021 0.475541 -0.532498 0.128202 -0.252937 4.796837 0.000000
36 -0.972495 0.711744 -0.503092 0.996985 1.804850 -0.327371 -1.614016 -0.913614 1.048119 -0.479323 1.027036 -0.298452 0.559658 -0.922273 0.677414 0.763689 -1.097906 -1.207179 -1.659291 -0.119916 -0.675208 0.170025 2.142583 0.381088 0.298060 -0.226110 -0.225418 1.132355 0.537740 -1.024899 -0.114697 0.527526 0.265368 -0.034447 1.323021 -1.261600 -1.177435 1.671627 -1.028931 -0.255809 1.052041 0.000000
37 -0.003853 -0.572977 -1.205051 0.731422 0.240017 -1.595023 -0.227890 -0.227468 -0.019667 -1.297665 -0.839195 1.063737 -0.005015 NA -1.208702 -0.707147 0.270912 -0.219968 0.464467 -0.731017 0.318527 -0.689594 0.507406 0.480661 -0.127796 -0.447889 -0.305366 0.000892 -1.158232 -1.924909 -0.309228 -0.992323 1.925101 1.608113 0.131529 0.466989 0.750038 0.768380 0.302533 0.426868 1.683993 0.000000
38 -0.012432 2.495103 -1.407251 0.248115 0.316906 -0.370395 -1.367282 0.595521 -0.752739 -1.533667 -1.356085 0.109595 -2.145865 -1.082173 1.235234 0.207239 0.649466 -1.142778 -0.923435 0.203563 -0.657460 0.935890 0.462127 -2.755365 -1.217392 -1.429350 -0.256460 1.587877 -0.939954 -1.512450 -0.951102 -0.508278 1.543090 NA -0.366748 -0.446490 -1.657061 0.741290 -1.546035 1.022181 0.153091 1.000000
39 -1.299772 -1.337550 1.144540 -0.902969 -0.307298 0.107856 0.083572 1.124758 0.633573 -1.238099 NA 0.413389 0.218675 -1.148889 -0.097987 1.498974 -2.168652 -0.245373 -1.022808 0.592336 0.894535 -1.040862 -0.520467 -1.201341 3.295718 -0.773344 1.157418 NA -0.077376 1.933808 0.160990 1.068334 0.740407 0.004565 -1.134269 -0.564042 -0.364468 -1.028720 NA -0.128152 2.648875 0.000000
40 0.798176 0.872087 1.087326 -1.410700 0.133763 -0.732661 0.642321 -0.064876 -1.057084 -0.850067 0.082411 1.008182 0.414885 -0.069061 0.694907 2.193792 -1.221271 0.356287 -0.302453 -0.011220 -1.141151 -0.364196 -1.042939 1.365128 1.545982 1.103390 -1.677584 -0.252329 -0.508428 -0.324118 -0.048940 0.421937 1.982087 0.668369 NA -0.216077 -0.043687 0.459650 -0.092147 -0.908284 0.728700 1.000000
41 -0.104920 -0.654524 -0.339991 0.501923 1.654109 0.595180 0.789608 -2.195413 0.489388 -0.126789 -0.401907 0.083089 -0.964207 -0.005949 -0.561531 -0.738669 1.818854 1.648361 0.217325 -0.914223 1.130331 0.909465 NA NA NA -0.906004 -0.282756 0.747649 1.307003 -0.552403 1.199270 -0.531109 -0.745379 -1.187538 -2.145305 0.695632 1.358144 1.628695 0.334974 -0.042972 1.296886 1.000000
42 -0.829322 -0.601699 0.224121 -0.940020 0.400381 0.496372 -0.236406 -1.858462 NA -0.119242 0.421859 0.660248 1.445509 -1.617460 -0.746380 -1.196936 -0.873132 -1.054770 -0.686070 NA 1.789677 -0.945521 -1.612501 -0.881230 -1.157281 0.474696 -1.912215 -1.658920 1.488065 0.315328 -1.144701 -1.445244 0.172951 0.824232 -0.076842 0.723205 -1.423179 0.675782 2.134892 1.194221 1.328214 1.000000
43 0.704668 1.333567 -0.902694 NA 1.362350 1.243253 -0.088508 0.208983 2.375920 0.303156 NA -0.539111 0.033877 -0.905837 0.596129 -0.268302 0.128456 0.492993 0.895126 1.357297 0.037178 -0.824539 -1.491571 0.847438 -0.047447 -1.154215 0.110618 0.698769 0.369524 0.478617 -0.461548 -0.221442 -0.159449 0.554979 1.283179 0.823730 -0.901341 -1.170086 -0.326263 0.094470 1.282162 1.000000
44 0.541000 1.208679 -0.535888 -0.605740 -1.468032 0.599297 0.202286 -0.885422 -0.153771 -0.832779 -0.000665 -0.101391 NA -2.007512 -2.034971 1.296879 -0.719724 0.236711 NA 1.520443 0.062630 -0.148490 0.506195 -1.776072 -0.114821 0.932466 -1.545104 -0.874889 2.463319 -0.961044 -0.862807 NA 0.414358 -0.006019 -0.065460 -0.099832 0.620360 -1.170810 -0.492201 -0.627274 2.887430 1.000000
45 0.357883 -0.827568 -0.230257 -0.175270 -0.574950 -1.379210 -0.001319 0.664559 -0.149638 1.587174 1.616012 0.719436 -1.579228 0.234270 1.074524 -0.042802 -0.199847 0.534472 -0.619941 0.844628 -0.199927 -0.099121 -0.169410 0.755752 -0.350786 -1.207027 0.289152 -0.037656 -1.164685 0.756123 0.388816 -1.992904 1.222876 2.202520 -0.075341 1.473105 -1.539885 -0.598747 -0.600498 -1.229229 3.182275 0.000000
46 2.251990 -0.327818 1.482851 -0.369623 -1.490899 NA -0.057534 -1.065426 0.007478 0.044735 0.088376 0.747651 -0.560254 0.692348 1.423209 -0.961153 0.225032 -1.784678 -0.058618 0.548448 2.164848 -0.782676 1.966382 -0.070814 0.244119 0.222855 0.528616 0.083855 0.074337 -1.550413 -0.009430 -0.507278 -0.529702 0.871934 0.643979 -0.638235 -0.719060 0.417486 -0.515104 -1.699385 0.081963 1.000000
47 -0.235109 -0.218441 -1.310158 1.323546 -1.098899 -0.121845 0.551607 -1.718508 0.105552 -0.947632 -1.194747 -2.704092 -1.752061 1.384261 -0.701283 1.629722 0.649298 NA -1.339607 -0.908929 -1.452767 0.136021 2.388149 0.201845 0.141080 0.720803 0.294666 0.318294 NA -0.740594 -0.145183 0.619641 NA -0.092864 -0.778941 -0.743418 0.401297 NA -0.300055 -1.313382 0.210884 1.000000
48 0.208624 -0.349349 -0.466074 -1.245273 -0.323290 0.019826 NA 0.733147 0.056441 0.359631 0.288905 -0.492085 -0.145082 0.048956 -0.730126 -0.380338 -0.601411 -0.073002 0.410495 NA 0.049258 -1.080674 0.245815 1.132953 2.253402 0.026842 -0.289847 0.696447 -0.928846 -0.062571 0.018367 0.457035 -1.676627 0.878872 0.364599 0.792796 0.514532 -2.135080 NA 1.134747 0.082947 1.000000
49 1.004115 -2.037242 -0.953855 -0.088798 0.484837 0.401161 -0.199927 1.033265 -0.202053 1.961666 0.008199 -0.099349 0.272807 -0.356114 0.811996 0.417414 -0.697801 0.422248 NA -0.206243 -0.175229 0.229446 -0.958762 0.850412 1.371280 0.432462 -0.213757 0.112857 1.498881 0.655454 NA 0.827383 NA -0.561997 -0.860882 0.540433 NA -1.543341 0.187279 0.134703 8.184759 0.000000
50 -0.089376 -1.176925 -0.547648 NA NA 2.297207 0.470533 0.713632 -0.559480 -1.098004 0.243247 0.423188 -1.837904 0.903929 -0.918387 0.439356 -0.086897 NA 0.283176 -1.122392 -0.486507 0.870692 3.361274 -0.403405 -1.232546 -0.522060 -0.768629 0.275688 -0.055988 -0.569554 0.613582 1.579974 -1.425588 0.592649 0.715201 -0.737839 -0.803674 -1.168322 0.232348 -0.454028 6.105726 0.000000
51 -0.933688 -2.501427 0.681879 -0.008363 -0.309525 -1.229817 -1.119791 0.240120 1.050165 1.811713 1.077545 -1.140197 NA 0.113235 -1.120561 0.308368 NA 0.663151 0.561223 -0.936367 2.003137 -0.265212 NA 0.299022 -1.218478 -0.688953 1.463378 0.620613 -1.085551 0.655104 1.322155 -0.117172 1.049612 -0.851197 2.075587 -0.364232 -0.503281 -1.413460 -0.187693 0.186735 1.481744 0.000000
52 0.846938 0.578899 1.235847 0.587899 1.052338 -1.207993 1.564681 1.090744 -0.519600 -0.814256 -0.221628 -0.240106 0.143688 -0.230615 -2.242514 1.664499 -2.123081 -0.094675 0.754434 -0.590682 -1.098026 0.425013 -0.978332 -0.113867 1.801704 0.728541 -0.422159 NA 0.548351 0.216072 0.383947 0.473302 NA -0.735210 0.523791 NA -0.287045 -1.209915 -0.109980 1.628472 0.258073 1.000000
53 -0.035889 0.747277 -1.677172 -2.630104 -1.875212 0.157790 1.180457 1.266327 -1.693410 0.785693 0.560437 2.197045 -0.719914 -1.441544 0.252669 -0.761433 0.323073 0.012252 0.597386 0.391785 -0.796050 -1.529190 -0.868545 -0.713613 -0.588603 1.000125 -0.651124 -0.063512 -0.965886 -0.430657 -1.539142 0.472567 NA -2.660552 0.352053 -0.213441 NA 0.403857 0.660240 0.120228 8.839238 0.000000
54 -0.550810 0.290202 2.014740 NA -0.842480 1.443014 0.309165 0.790387 0.790333 -0.833802 1.357309 0.693564 0.734675 0.458492 -1.672921 0.836444 -0.134379 0.016800 1.093831 -0.231936 -0.741235 0.132024 0.092371 -0.207194 0.186814 0.198251 0.343591 0.528434 NA 0.013295 0.190412 -0.457437 -0.011215 0.943699 0.308570 -1.186753 1.314605 1.064456 1.740696 -0.093685 6.319329 0.000000
55 0.336993 -1.203698 0.450081 -1.308097 -0.500809 1.694387 0.554827 0.550896 0.120424 0.102763 -0.088253 1.074573 -0.243479 -1.161481 -0.416547 NA -0.701863 -0.037091 1.167956 -1.154314 -0.165625 0.031341 -0.369739 -1.262576 -0.027268 0.198717 -0.535543 0.870762 0.173465 -1.703534 0.689314 -2.076272 0.347857 2.212895 -0.127106 -1.226303 0.533676 -0.499170 0.995873 0.331460 7.117915 0.000000
56 0.106559 -1.594264 1.425249 -1.057216 -0.406129 -0.990540 1.164619 1.388588 -0.673847 0.513995 0.334920 -0.493269 1.040174 -0.749601 2.026867 -0.006875 0.222242 -0.682115 -0.940666 1.322111 0.520501 0.579531 1.457538 -1.475264 1.063784 1.970249 -0.294067 0.215816 0.821406 2.031635 -0.944012 0.744258 -0.030926 -0.364628 0.445043 -1.273096 NA -2.172003 0.172669 -0.514473 0.154245 1.000000
57 0.586858 0.047417 1.490004 0.324635 -1.711184 0.064990 0.101747 0.435809 1.467672 0.622687 -0.362580 NA 0.120105 NA -0.682168 2.344816 -0.748169 0.771961 -0.109058 1.210308 0.912437 0.104953 0.647056 0.293019 -0.223955 0.261320 -0.637220 1.611269 0.152869 NA 0.471040 -0.407500 0.234731 NA 0.183799 0.759918 -0.003440 0.169366 1.492241 -1.616487 7.551596 0.000000
58 -1.173627 0.319321 -0.005118 -0.140359 NA 0.933645 0.385240 -1.071505 0.845960 -0.405469 0.701837 1.476198 1.427488 1.107076 -1.569657 -2.325000 0.889779 -1.124807 -0.312916 0.476601 -0.238866 0.705477 -1.307186 0.658197 1.267498 1.179555 -1.799773 0.803373 NA -0.620046 NA -0.864820 -0.805363 0.118547 -0.986428 -0.095383 1.453701 -0.670585 0.236421 1.736945 4.593594 0.000000
59 -0.073504 -1.692698 0.741037 -1.351874 0.760773 -0.271134 -1.265306 -0.543290 0.597080 -1.228227 0.277813 -0.501366 0.861513 0.177082 -2.031988 0.256412 0.571413 0.472863 -1.325951 0.250326 -0.366730 -0.017840 -1.772589 -0.942198 -0.609727 -0.112555 -1.220284 1.368899 -0.337389 -1.005893 -0.237484 -0.561839 -2.755116 1.868148 1.365992 NA 0.195699 -0.191208 -0.680488 2.429107 8.277383 1.000000
60 0.542559 0.396911 0.815554 0.110204 -1.023534 1.132614 -0.974324 -1.903800 -0.976376 -0.698723 -0.198403 -1.286130 0.408528 -0.136303 -1.120766 0.068755 0.836916 NA -0.843789 -1.618443 -0.322145 2.020864 0.017568 0.601483 -1.254818 0.466055 1.093382 0.635342 -0.276961 0.507633 -1.171665 -0.362021 -0.701709 1.399576 0.976486 0.052509 1.689390 1.403167 -1.380952 0.243815 0.523201 1.000000
61 -0.649911 0.917562 0.448527 -0.755614 0.408879 0.540878 -0.002378 -0.037141 1.501416 -0.309503 -1.766650 -0.909180 1.117446 -2.003001 0.448410 NA 0.998999 0.459225 -0.576450 0.081738 0.196541 -0.312836 1.628520 0.050054 NA -0.257732 0.426937 -0.986155 -1.186876 0.671789 0.751512 0.439931 0.801150 0.264943 0.333871 1.094997 0.359855 -0.270413 -1.218938 -1.636405 4.596224 0.000000
62 0.100556 0.787768 NA -0.363019 0.567041 -0.803145 -0.197312 1.409541 -1.857575 0.349091 -0.153720 -0.620088 -0.759610 -1.437550 1.276727 NA -0.848197 -0.095075 0.474972 -0.451476 -2.282978 1.937525 0.838202 -1.734791 -1.696941 NA 0.918198 -2.039164 1.556900 0.883755 0.103556 -0.384298 2.178513 -1.844014 -0.731244 -0.477096 -0.961676 0.870310 -0.322441 1.049477 2.124114 1.000000
63 -0.250124 0.390680 -1.645830 -2.317649 1.391682 -1.418917 -0.437637 -0.284720 -0.800561 0.422069 -1.601959 0.103720 -1.411116 0.315328 0.779031 0.002269 -0.223465 -1.585166 1.319258 -1.259857 1.775429 0.377568 NA 0.819945 -1.460622 0.677658 1.778421 0.056029 -0.636997 -0.978297 -0.094989 -1.942825 0.197736 -1.329285 -0.776363 -0.476863 -0.028763 -0.515664 0.129203 0.979340 1.533426 0.000000
64 -0.726768 1.060634 -1.728459 0.628761 -1.013945 1.550991 0.481208 0.275575 1.364799 -0.501150 -0.545571 -0.196685 0.312689 1.187988 -0.363265 NA -0.473082 1.420660 -0.549684 0.362864 0.171326 0.566022 -0.428024 0.412104 -1.581829 0.175956 -0.083882 -0.609094 0.266758 0.975956 0.543039 -0.277466 NA 0.967203 1.076972 0.428162 2.112057 -1.649858 0.851003 -1.311238 7.630325 0.000000
65 0.069566 -0.693205 -0.641665 1.726811 0.899691 0.810148 1.815232 0.385417 1.199621 0.087494 1.847161 -0.252169 0.207404 1.314475 -0.746356 1.011540 -2.344356 0.375883 0.500939 1.782440 0.136479 -1.314634 -1.142977 0.642293 -0.289005 0.350611 0.830207 0.069858 1.310365 -0.350997 -0.562145 -1.876445 1.242051 0.117846 -0.890123 0.510655 0.386945 -0.519537 0.389650 -0.107822 8.789264 1.000000
66 0.735258 -1.481903 0.803930 -0.427655 0.191039 -0.229355 -0.301090 0.459109 -0.964936 1.741682 0.410903 0.458135 -0.325352 -0.858516 0.777091 -2.380451 -0.303188 -1.049219 0.428556 0.733904 1.701288 0.589983 -1.729440 1.085964 0.002366 0.982563 -1.357490 0.482816 0.859387 0.668136 -0.496026 0.163174 -0.346885 0.539187 0.145955 0.853703 1.731827 -0.088728 0.893437 -1.490363 1.490074 1.000000
67 -0.714617 1.288994 0.112575 0.467576 0.506535 -0.355297 0.287659 1.434661 0.017797 0.936877 -0.441393 -3.313715 0.287375 0.519788 -0.367654 2.513895 -1.145034 -0.348615 1.173442 -0.620592 -0.512529 -0.365670 2.378839 1.256823 -0.320911 -2.425653 -1.201335 -0.599744 0.382281 1.209874 -0.060023 -0.716595 -0.481145 0.761428 0.248316 0.788791 -0.715112 -0.271173 0.193386 -0.513177 0.605395 1.000000
68 -0.030034 0.333408 -1.305859 0.767001 0.726366 -0.619450 0.739497 0.221214 1.711534 -0.457276 0.588593 -0.620198 NA -1.198515 0.538148 -0.742534 -0.936559 -1.525275 0.268692 0.664839 0.993740 0.640730 0.393520 -0.489695 -0.336378 -0.097674 NA 1.257985 NA NA -0.068130 1.695313 0.361007 1.231197 -0.110659 0.179584 0.387185 0.113346 0.832228 -1.521727 5.978481 0.000000
69 NA -1.640348 0.516440 0.545635 NA -1.715000 0.417969 0.519970 -0.788153 0.226394 -0.061132 0.993453 0.857264 0.156006 0.018422 0.828442 1.062796 -2.199221 NA 0.080311 -0.716099 -0.070371 -0.751994 1.166065 -1.638342 -1.854656 0.449923 -0.108593 -0.245984 0.535773 0.048731 -0.753329 0.270660 -1.087761 -1.093454 0.431427 -0.089647 0.451985 -0.827329 -0.162252 0.505780 1.000000
70 -0.778432 1.407083 0.563129 -1.509912 0.325308 0.137213 -0.563658 -1.037860 1.343665 0.637674 -0.002084 -0.435600 -1.135970 -0.590745 0.758761 0.697120 -0.565558 1.574653 -0.687448 -1.188996 NA 0.861691 -0.117327 1.443294 -0.628450 -0.545182 1.139138 -0.209836 1.429686 1.525862 -0.198814 0.166894 -1.043170 -0.296087 -0.315031 -2.257285 -0.936542 -1.110005 1.892784 0.347065 2.013537 1.000000
71 -1.109090 -0.450831 -1.674446 1.437509 NA 0.850657 1.459165 1.472546 -0.641656 -1.074475 -0.518629 -1.430993 -0.329038 0.258319 0.039689 -0.420718 0.615174 -0.717105 -1.459689 -0.758197 0.307719 0.485539 0.592898 1.290077 -0.586694 -0.994391 -0.076166 0.694282 -0.531471 0.930334 -1.604003 0.478813 1.355895 -0.380035 -0.969716 -1.163714 0.334256 -1.473307 0.241715 -0.149783 9.643909 0.000000
72 0.273342 -0.628484 1.935815 0.582518 -0.300424 0.579305 0.537626 1.095011 -1.134565 0.583548 -0.559425 -1.339009 1.904439 -0.331702 0.872896 0.956033 -0.808769 -0.566976 1.164937 -0.749470 -0.342521 -0.768298 -2.162157 -0.026702 NA 1.492730 0.251637 -1.175305 -0.617368 0.242021 -0.504644 0.475677 -1.253488 -0.828947 -1.124106 -1.138503 0.672088 -1.560197 NA -1.231490 3.032823 0.000000
73 0.568321 NA 0.866277 -0.401453 0.106995 -0.270373 NA -0.504148 -1.769249 NA -1.129976 0.199380 -1.897409 -0.382650 -1.061509 1.136301 0.633224 -0.874887 0.493621 0.247944 -0.125210 0.177448 0.468193 -0.526474 0.983298 1.113659 0.467870 -0.249227 0.130347 -0.322180 -0.585045 -0.851272 -0.685807 -0.384501 3.884644 -0.127764 0.383680 -0.226152 -0.970544 -0.701689 3.241643 1.000000
74 -0.057726 -0.656504 -1.239397 1.138265 0.599897 1.903179 0.598004 -0.316513 -1.666531 0.267443 0.825929 -1.086306 -1.687399 0.432314 -0.412885 -1.028048 -0.269553 -0.014296 0.121725 -0.480092 1.095406 -1.145689 1.845679 0.042582 1.284503 1.465410 1.117158 0.718168 -1.086834 -0.933844 0.300385 0.416081 -1.015581 0.806421 0.471005 0.840949 -0.462624 -0.555746 -0.650963 0.487805 3.146572 0.000000
75 0.656475 0.629766 0.681872 1.587514 0.170796 1.187032 0.035288 -0.655996 -0.635049 -1.065907 -1.517945 0.093408 -0.260193 NA 0.789535 -0.202212 -0.847704 0.072745 2.175036 -0.468240 1.304456 -2.165174 -0.376676 -0.757673 -0.818449 -0.001308 0.523006 1.580474 -2.119323 -1.233849 0.476707 2.878935 -0.027615 0.914981 -0.300930 -1.472654 -0.052341 -0.719070 1.071801 -0.053184 0.004987 1.000000
76 -0.082825 -1.789427 -2.049449 -1.520830 NA -0.653620 0.503062 1.415069 -0.507887 -0.251157 1.418605 0.398974 0.513274 1.535730 -1.000520 1.661167 0.128717 -0.539658 -0.571789 NA -0.517238 -1.076348 -0.856960 -1.110584 1.572243 -0.891821 2.188930 1.947804 NA 0.187473 -0.296166 NA -0.535390 -0.847076 -1.033006 -0.496588 1.953510 -1.454725 0.301615 0.618354 2.916384 0.000000
77 -0.608845 -0.414063 -1.466385 1.234569 NA 0.134324 -0.406790 0.927214 2.675762 1.208651 0.848309 -0.557368 0.118409 0.097381 0.618696 1.384951 1.600062 -0.224645 -0.101569 -1.013159 -1.060629 -0.806395 0.406961 -1.549316 0.692554 -1.292706 1.422503 -0.223126 -0.618653 -1.793574 -1.703426 0.004266 0.925129 -0.535230 0.225553 0.113461 -2.283853 NA -0.481315 -0.530994 7.539260 0.000000
78 1.550582 -0.165772 -1.959390 -0.131303 1.404196 0.609637 0.516117 -0.554380 1.025329 1.779094 NA -0.037946 -0.596085 -0.071700 -0.010706 0.030597 -0.754962 -0.422630 -0.879591 0.092125 -0.574368 -2.564636 1.926074 -0.008606 -0.509334 1.826749 NA -0.202880 0.308178 NA -0.242938 0.935445 -0.906737 -0.361034 -1.079404 0.786168 0.093964 -0.909964 -0.205984 0.386725 5.951148 1.000000
79 1.411896 0.830948 1.469720 0.448944 0.676371 -1.148905 -0.943772 0.651864 1.056241 2.252225 0.707312 0.386100 1.527038 0.389366 1.128677 -0.110584 0.414249 -1.048954 0.875248 0.714204 0.281236 0.965945 1.020264 -0.678500 NA 0.907910 -0.449290 0.218961 0.886294 -0.315437 0.137734 0.182094 -0.916645 1.059815 -1.066679 0.574962 -0.015645 -0.284175 -0.033131 -0.507772 1.737769 1.000000
80 0.225489 0.270994 -0.117933 1.860439 -0.815692 0.857236 -1.177127 -1.137788 -1.529599 2.226820 1.640333 1.481239 1.831850 0.421557 -0.936587 -1.444367 0.069871 0.215042 -1.820229 -0.672414 1.526362 0.871561 -0.988907 0.556692 0.029881 0.551918 NA 2.012075 -0.412972 0.168285 -0.383009 -1.189742 -0.333032 0.947694 -1.306573 0.774717 -0.539709 -2.121662 -1.104231 -1.934277 1.073917 0.000000
81 -1.057832 -1.438325 -0.095468 1.417753 -0.787184 0.766616 -0.596741 -0.013436 -1.660898 1.389998 0.572786 -2.207397 0.119833 -0.636020 1.487611 -0.142004 -0.287519 0.193384 1.679499 0.095869 -1.108014 0.430805 0.558234 -0.920632 0.575734 -0.587430 -0.521256 -0.895358 0.633728 -1.223884 -0.829403 -0.083433 1.380888 -0.637764 -1.091304 0.881779 -0.388374 -0.145358 -1.821927 0.339213 0.185701 1.000000
82 -0.913508 0.036320 0.908579 0.084474 0.403063 -0.616362 -1.018779 -0.630682 0.675415 -1.256100 -1.730423 -1.007525 -1.317142 -0.635360 -0.986334 0.443348 -0.485290 -1.506248 -0.988622 1.694450 -1.977483 -0.100874 -0.004906 -0.158033 1.462771 -0.188099 NA -1.720312 -0.092334 NA 0.255359 -0.977954 -0.275592 0.488132 1.019110 -0.144335 0.322986 -2.038777 -1.926116 -1.369233 0.159800 1.000000
83 -1.164271 0.152334 -1.330446 0.127971 0.172428 0.167646 0.661599 1.058631 -0.423351 0.816247 0.377185 0.070517 -0.172463 -0.575238 -1.494192 -1.237773 -1.855419 NA 0.514366 -1.465066 1.078469 -1.502295 1.996417 -0.222087 2.882307 1.631642 -1.898932 0.224489 -0.659743 -0.409138 0.123177 1.625266 1.301778 0.949952 0.662289 0.072847 -0.753606 1.447309 -1.343078 0.508449 3.258442 0.000000
84 -0.623138 0.054473 -0.399313 -0.096640 0.308483 0.173599 0.764194 0.640350 0.035604 1.339521 -0.158679 -0.465320 NA 0.202052 -0.569105 0.895285 -1.847702 1.203473 -1.393980 -0.562063 0.470470 1.090569 0.027026 NA 0.322373 2.565412 -0.292929 -1.858472 -1.669594 -0.035447 0.716429 -0.120931 -1.169285 NA 0.555797 -2.333740 NA 3.370212 0.798504 -1.241597 4.296378 0.000000
85 0.596649 1.029187 -0.002224 0.987606 -0.284982 1.885844 0.549417 -0.192777 0.943227 -0.326068 1.107248 -1.469839 0.552950 -0.450456 0.504424 0.345445 0.497494 -0.449790 -1.813012 -2.503184 -1.802146 -2.875678 -0.761166 0.409984 -1.822191 -1.180941 0.427730 1.503729 0.890498 NA 0.110284 2.171682 0.953053 0.611924 -1.019987 0.360490 -0.148208 -0.512316 -1.209909 0.920359 3.090384 1.000000
86 -0.748805 0.499401 -0.325820 -3.137858 -0.076061 0.348421 -0.180500 -1.730994 0.061115 0.151916 0.543964 -1.354978 1.472723 0.457370 0.690347 -0.430191 NA -0.143921 0.864827 -1.585006 0.526361 NA -1.870295 1.186804 -1.352290 -0.918695 -1.433399 NA -0.946792 -0.479992 -0.873781 -0.686360 -0.201373 -0.469037 1.203474 0.149018 -0.494001 1.016648 -0.404709 -0.378863 10.160968 0.000000
87 2.434406 -0.162192 0.965509 -0.082333 -1.844633 1.362283 -1.381066 0.869748 -0.104588 2.489341 0.868039 0.637204 -0.172229 1.104072 0.691871 0.657864 0.245501 NA -0.620415 -0.504882 -1.575689 -0.700264 0.697303 0.730900 0.087739 -3.242986 0.587433 -1.767680 0.341023 0.625297 NA -0.675530 2.438485 -1.551342 0.519673 -0.535889 0.995894 -0.787497 0.097094 1.445323 4.089600 1.000000
88 -1.173507 0.823689 0.323768 -0.591792 -0.711588 -0.013461 0.035373 -0.041105 0.455626 1.645033 -0.332332 -0.224944 -1.383060 -0.452199 -0.440325 0.635422 2.202344 -1.601185 0.913053 -0.478753 -0.379457 0.712322 -1.036277 -1.227356 0.457842 1.233623 0.026911 0.727280 -1.092242 0.498494 0.366214 -0.297113 0.091909 1.342537 0.162536 0.746431 -0.002683 -0.969000 1.200598 2.031803 11.801346 0.000000
89 0.622066 -0.352482 0.543812 0.080217 -0.566642 0.617188 -0.298167 -0.734691 0.011525 0.727782 -0.804744 -0.679670 -1.491102 -0.401849 -0.465062 -0.247328 1.065715 -0.151912 -0.724261 0.436116 2.115521 -2.067934 0.262378 -0.780163 1.397512 0.607741 0.157660 -0.621445 -1.453749 -1.859795 -0.940571 1.333160 0.900782 -2.484768 1.878889 0.122622 1.347241 0.129105 -0.764805 0.667721 5.131565 1.000000
90 -1.151075 -0.188407 0.763539 0.052229 0.463660 -1.867071 0.526133 1.125234 0.932729 2.380518 0.014567 -0.099673 -0.478209 1.483378 -1.297896 0.463370 0.877902 1.335998 1.304851 -0.573747 1.456471 0.287107 0.422799 1.190780 1.219738 -0.437748 -0.354307 NA 0.254879 -0.178133 -0.436554 -1.564074 1.492536 0.087372 0.239551 -0.345377 0.596117 0.964258 0.633563 -0.434138 1.281592 0.000000
91 1.460905 1.082066 0.714799 -0.991756 -0.610723 -2.307616 -0.150802 -0.655256 -0.397204 -0.024404 0.045973 -0.299659 -1.286950 -0.050659 -0.267966 0.783878 -2.325409 0.674466 -0.958768 -0.897070 1.603896 -0.805730 2.437741 0.683454 -0.696582 -0.245803 -0.535893 0.245380 -1.591502 -0.625356 2.019340 -0.089672 -0.555050 0.551811 -0.498600 -0.471440 1.186265 0.149884 0.189334 -1.309777 0.030909 1.000000
92 -2.310043 0.392738 -2.090388 2.300135 0.948838 0.797926 NA 0.924907 0.089470 0.750306 -0.053298 0.224234 0.432156 NA -0.231080 -2.295377 -0.170578 -0.387069 -1.454334 -0.036452 0.789643 0.015225 -1.738825 -0.325382 -1.399294 1.107778 1.062233 0.265154 0.764960 -0.621451 1.314928 -0.822037 -0.434566 NA -1.302467 -1.234623 -1.161624 -0.726561 0.921162 0.256515 7.557678 0.000000
93 0.955441 1.582547 -0.299052 1.229916 1.220155 NA -0.192300 -1.946546 -2.307991 -0.067723 0.284299 NA -0.800912 0.195762 -0.294260 0.791927 1.205105 -1.212637 0.362045 -1.658114 -2.086254 -0.376195 -0.120667 -1.151684 -1.545999 -1.699323 0.598303 -0.032391 0.741396 -0.355073 0.388949 -1.405050 -0.434613 -1.904741 -0.772848 0.414376 0.213341 -1.302452 1.067038 -0.224719 0.002526 1.000000
94 1.168425 -0.953284 -0.992513 -1.186370 0.680109 NA -0.684569 0.582802 0.939834 -0.332694 0.737711 -0.443296 -0.104053 1.027702 0.481639 -0.931013 0.610418 -0.098539 1.324305 0.268822 0.040566 -0.403206 1.028186 -0.880558 0.626952 1.452689 -2.671823 -0.803853 0.114466 -1.787186 NA -0.550344 0.310839 -1.183835 0.680708 -0.599656 -0.903022 -2.090036 0.604760 0.890069 1.537237 0.000000
95 NA -0.044222 0.894722 -1.017519 0.261333 -0.177998 0.885021 0.111962 1.198754 -1.586271 -0.736115 0.729331 -0.553901 NA -0.704330 0.382337 -0.304925 -0.246797 -0.498785 -0.608713 0.015170 0.444068 -0.188831 -2.244329 0.413121 0.538995 0.194405 0.369563 -2.407542 0.123194 -0.186244 NA -1.523382 -0.263478 -0.263304 -0.546986 1.043622 0.270942 1.116010 0.647655 1.680465 1.000000
96 1.038644 2.388598 -0.270529 1.914912 0.173881 -2.553636 -1.401453 -1.032911 0.149544 0.610746 -1.589795 NA -0.856366 -1.137955 -0.053724 -0.254429 0.694160 0.426136 0.547682 1.679913 0.012163 0.246346 0.009156 0.187947 0.862003 -0.673795 0.804143 0.392696 0.347516 0.509269 0.196483 0.291914 -1.160083 1.365426 1.202836 0.329776 -0.979952 1.220987 -0.378317 -0.321826 0.007762 1.000000
97 -0.029157 -0.684727 0.778414 0.952428 -1.210942 -0.533778 1.749649 0.596182 1.985642 NA 0.085814 -0.968348 1.264393 0.529873 -1.381975 -0.694830 -0.114075 1.694843 0.143675 0.279595 0.032764 0.257943 NA 1.225556 -0.564200 0.897263 -0.391096 0.377162 -0.306061 -0.674222 1.023261 1.159558 -0.461450 -0.138829 -0.076713 -0.478759 -0.181595 -0.412822 0.906738 0.364795 9.855624 0.000000
98 -0.575408 0.393642 NA -1.554831 -0.886241 1.416062 0.642284 -0.817006 1.584355 -2.206382 1.186569 -1.010059 -0.080930 0.038280 NA -0.699020 -1.005393 -0.860726 NA 0.245785 0.389368 -1.412816 -1.279417 -0.569107 0.203330 -0.857405 0.456553 2.510879 0.013978 0.021815 0.536359 0.677796 NA 1.408750 -0.775222 2.585750 1.088835 0.961267 -1.202539 1.038478 7.442757 0.000000
99 1.768429 -1.032022 0.109704 -0.443943 0.008121 1.007364 -1.505652 1.491243 -0.929956 -1.561086 -0.163098 1.421470 1.413977 0.479404 NA -0.043158 -1.779901 -1.517551 -0.069018 0.294976 0.308131 -0.187100 -0.411282 0.891007 -0.681609 -0.453835 -0.354064 -0.681377 1.978885 -1.557842 0.027344 -0.584360 -0.947431 0.461276 -1.327509 -0.279797 -0.663951 1.199271 -0.117597 0.794154 1.175931 0.000000
100 -0.943200 -0.965351 NA -0.341716 -0.733094 0.943302 0.866653 0.935978 -1.104175 0.107785 -1.960626 -1.231756 -0.355730 0.398623 0.524909 0.078462 NA -0.230695 2.142317 -0.283896 -1.183660 -0.468719 -0.715974 0.363080 NA 1.457179 0.326742 0.026824 -0.408853 -0.838564 -0.619656 1.253118 0.235582 0.798498 -0.470017 0.305215 -1.358366 -0.835216 0.400376 -0.311622 1.663199 0.000000
101 0.572549 -1.850641 1.078844 -0.089538 -0.678105 0.310355 -1.103161 NA 0.016823 0.335137 0.622958 -0.040050 0.644965 -0.782867 -0.875244 NA 0.368675 0.321355 -2.118210 0.132778 0.995984 -2.462359 -0.475006 -0.224665 0.997443 -0.024770 NA -1.166555 -0.638556 -1.975944 -0.120626 0.857001 -0.061178 0.030416 -1.032239 0.572455 -0.755876 -0.633806 NA 0.664803 5.207645 1.000000
102 -0.081397 2.040995 -1.475510 -0.101932 -0.785650 NA -2.248327 0.684571 0.509032 -0.808954 -0.735222 0.046538 0.720275 -0.137190 0.661438 -0.160571 0.042102 0.934215 1.285242 0.371838 0.807410 0.122967 -2.083984 -1.382466 -0.671856 0.835754 -0.241781 -0.822998 1.079431 -1.267434 -1.771290 1.322700 -0.746618 -1.259255 -1.420003 -0.139573 -1.182681 0.839820 1.794905 -0.140818 5.171479 1.000000
103 0.416887 0.167255 -0.275672 -0.168101 0.312423 -0.298629 NA NA 0.434215 0.392329 1.050950 0.415306 0.014285 1.117106 NA 1.258388 0.287484 -0.457091 1.036425 -0.085605 1.334060 -0.504494 0.677289 0.312463 0.585526 0.503432 -1.560209 -0.953116 -0.347218 -1.288195 1.670123 -1.259463 1.112989 1.694122 -0.001915 -1.485465 -0.831658 0.327193 0.349554 0.166079 4.242207 0.000000
104 -0.664649 -0.217240 0.574006 -0.009944 -0.053252 1.042916 -0.520963 0.587767 -0.366812 2.259665 0.135114 0.074521 0.361096 0.517372 0.297919 0.221103 0.567460 -1.415608 1.665219 -0.963530 -0.015266 0.780538 -2.433104 -1.332663 -0.245752 1.725701 -0.906467 0.168829 0.235872 -0.926506 0.365821 0.464670 -0.215162 -0.103705 -1.287428 1.438150 0.049877 -1.701326 -0.152155 NA 5.995486 0.000000
105 -0.469586 -1.701316 0.954146 NA -0.172123 -0.803471 -0.238691 -0.619989 -0.707750 -0.777724 1.172430 0.386070 -0.036741 0.137296 -0.681951 -0.751221 -1.415104 -0.722517 0.407029 0.234394 -0.917745 -1.074300 -0.559370 -0.975307 -0.276010 -2.007335 1.404818 -0.193437 NA -0.938506 0.067268 -0.059718 NA -0.096711 0.319135 -0.203801 1.088999 NA 0.144971 NA 1.034997 1.000000
106 2.558556 -0.020811 1.507265 1.786659 0.588531 0.996740 1.999955 -0.437824 -1.265283 1.082320 NA 1.884639 0.924337 -0.575486 1.869924 1.643455 0.703932 0.468765 0.128828 -0.773437 1.679012 1.518833 2.094645 NA -0.902912 0.915467 0.809910 0.495525 0.455493 -0.795884 -0.506752 -0.555393 -0.096351 0.025215 -1.102559 1.373647 0.469759 -1.571579 -0.257196 -0.028573 0.037572 1.000000
107 0.465821 -1.002161 0.841823 -0.951063 NA 0.117974 -0.858584 NA 1.820410 -0.214885 0.723521 1.160194 -1.147490 -1.144338 1.597307 1.011425 2.172880 -0.562068 -1.417256 -0.820677 -0.593244 NA -0.889381 -1.721849 1.827370 0.908664 -0.502472 0.311563 -0.116659 NA -1.278853 0.625121 -0.002956 -0.247724 1.681641 0.284067 -0.988327 -0.888779 -0.340901 -0.662402 6.155530 1.000000
108 -0.775275 -0.671877 0.529940 0.107394 -0.229503 2.499380 -1.262044 -1.001574 0.077753 NA -0.596417 0.426533 0.913664 -0.013402 -0.481459 -0.231363 0.238768 0.303603 0.367061 -0.344181 0.080327 NA 0.472648 -1.037462 0.389776 NA NA -0.143042 NA 1.025758 -0.528005 -0.739288 -0.583976 -0.061491 1.452190 -0.238654 -0.759711 0.404878 1.725030 -0.149306 7.055169 0.000000
109 0.166843 0.725296 NA 1.185065 0.885033 1.696980 NA -0.353699 1.729228 0.954205 -1.677199 0.482345 -1.564244 -0.383945 -0.374131 NA 0.693403 -0.914333 0.946568 -0.247812 -0.865019 0.126928 -0.485899 0.702569 0.100141 -0.101032 1.864107 0.731380 -0.061370 -0.016905 -1.857797 -0.416237 0.428366 -1.295160 -0.082038 -0.057928 -0.088878 0.131282 1.019321 0.362130 1.016887 0.000000
110 -0.240551 -0.193965 -0.520396 -1.313132 0.988587 -0.471432 -0.576576 0.432803 -1.985219 2.065271 0.700111 0.742160 -0.064641 -0.134697 0.210838 -0.056213 0.185592 -1.723213 -1.459931 -1.493117 0.623570 -0.254725 -0.453576 -0.768742 -0.250807 -0.254304 -0.771297 1.304868 NA 0.608637 0.160023 0.747739 -0.786379 NA 0.160674 0.127713 -0.272642 -0.091644 -0.006271 -0.590415 2.395325 1.000000
111 0.125380 0.305116 -1.340125 0.462157 -0.496478 -0.682348 0.821377 -1.227912 0.812868 NA 0.930112 0.183782 -0.203834 -0.354376 -0.761527 0.682600 2.364448 0.350377 1.316195 0.253641 NA -0.057676 -0.952892 -0.517250 -0.463986 1.960026 0.420145 0.117776 -0.991029 -0.690968 0.807193 0.055099 -0.012437 -0.532226 1.934941 0.861339 -0.898199 0.839594 -1.882706 -0.311673 7.986362 0.000000
112 0.256077 0.594670 -0.510230 -0.384575 0.860211 -1.862322 -1.936349 -0.896825 -0.664352 0.783169 2.278111 NA -0.089162 0.414611 1.389868 -0.664896 -0.703091 0.598550 0.350946 0.178570 -0.082671 NA 0.230545 0.013541 0.627791 0.558501 0.678448 -0.915492 NA -0.109723 -1.770806 1.735006 -1.587706 1.194925 -2.392963 NA 3.429750 -0.250830 -1.673285 NA 0.405450 1.000000
113 -0.286568 -0.634064 0.810744 1.354557 -0.539939 -1.320634 -0.621357 1.345123 -0.534162 0.191518 0.120928 0.472453 1.059496 0.055103 0.635056 0.273352 1.711266 0.497857 -1.068179 -2.182043 -0.194741 0.644642 -0.019829 0.068099 2.026459 NA -0.066951 0.055091 0.532204 -0.718720 0.232645 -0.568616 -0.268501 0.102200 -0.870215 1.360781 -2.145993 0.524055 -0.328536 -0.803103 0.929317 1.000000
114 -0.396545 0.305422 2.469533 0.169710 -1.292745 -0.352590 -0.247453 -0.192411 NA -1.183402 -1.261241 1.026851 -0.026896 0.356495 1.431914 1.423699 1.317346 0.747501 -0.883809 -0.479580 -0.177542 1.174479 -0.320303 -0.553631 -0.299437 -1.153234 0.673308 1.867589 0.730050 NA -1.440073 NA -1.470502 -0.165393 -0.469465 NA 1.049934 0.231765 0.028281 NA 0.544898 1.000000
115 0.766477 0.820011 NA -0.297041 1.186746 1.083928 0.597406 0.746497 0.910918 0.681104 1.299016 0.573894 0.149704 1.824900 0.633606 0.655613 0.801763 -1.097613 -1.872685 1.116719 -0.181367 0.732780 0.036098 1.933307 1.088170 -0.593287 0.168412 -1.078174 -0.425718 -0.180766 -1.069636 1.250243 1.664563 -0.807397 NA -0.833522 -1.459698 -0.358073 0.021464 0.002951 9.941688 0.000000
116 -0.682593 -0.962766 0.398372 -0.720331 0.954312 1.392805 NA 0.419825 -0.259227 0.266323 0.150706 0.235051 -0.838367 1.049746 -0.629701 -0.226942 -0.230569 NA -0.809100 -1.673530 0.816086 1.131744 1.324069 -1.047154 1.317045 0.081016 0.875512 NA -0.413048 -0.045161 1.117430 -0.089157 -0.109158 0.123776 0.086293 0.689531 0.044704 -0.995799 -0.553628 -0.126536 10.047574 0.000000
117 0.552584 1.000007 2.193497 -0.081155 0.937931 1.273468 2.884214 1.252838 -2.031248 -0.980230 0.942400 0.160409 -2.252271 -0.005818 0.037285 NA -0.489495 -0.386689 -1.736295 -0.591251 NA 0.306199 -0.393260 1.382973 2.139476 0.022336 -1.307264 0.084415 -0.956224 -0.124857 1.225975 -0.611677 0.394501 -2.636873 -2.241126 0.401425 0.211206 0.557930 0.041463 -0.146099 0.006759 1.000000
118 0.056588 -0.045737 1.223480 1.239912 -0.969258 -1.343314 -1.378549 NA NA -0.542230 -0.568266 -0.797678 0.306903 0.758046 -1.298543 -0.453813 0.474363 0.242264 3.141493 -0.005279 -0.136008 -0.513716 -0.790025 0.265266 -0.419556 0.931339 1.734221 -0.491321 0.572469 -1.140639 -0.469331 0.627936 1.709660 1.937171 -0.083328 -1.723909 -0.509304 -0.568826 0.930990 -1.995237 0.935419 1.000000
119 0.201289 -0.323368 -0.747368 0.203925 0.131278 0.025535 1.140150 -1.522118 -1.893379 -0.668855 -1.539425 0.398683 -0.431869 -2.256167 -1.187121 NA 1.537102 0.049550 NA -0.331088 -1.538490 -1.719000 1.335869 0.378479 -0.262149 1.102054 1.223897 0.324143 0.245957 -0.563834 -0.581886 -0.224431 -0.732010 -0.158104 -0.092638 -0.322494 -1.121727 -0.144117 1.512723 -0.375908 0.970563 1.000000
120 0.459927 -0.666497 1.113107 2.187612 -0.684476 0.791735 1.198900 -0.001973 -0.452598 0.861594 1.351283 1.723816 -0.289093 0.765749 0.671813 -0.139471 -0.664077 2.085822 2.138165 -2.359558 -1.650442 -0.007460 0.313031 -0.973641 0.203509 -0.287567 -2.434975 1.150928 -0.615641 0.434609 0.550829 -0.213488 0.738464 0.339716 -0.520896 -1.506352 -0.032475 -0.220505 -0.527265 -1.383366 3.734661 1.000000
121 -0.581241 0.924646 -2.435102 0.012260 -0.093398 -1.213083 -0.197387 1.669077 -0.874860 NA -1.149207 0.025412 -0.061446 -0.016535 0.518536 0.722690 1.448662 -0.870216 -1.233174 -1.001094 -0.144667 -1.171871 0.436093 1.902320 -0.790442 -2.016422 0.641650 -1.769402 -0.188717 -0.005285 -0.092802 0.489973 NA -0.642334 -1.349455 -0.031814 0.076269 -1.151417 2.693166 -0.187341 7.033027 0.000000
122 1.694501 -0.680093 -0.077605 0.305383 NA -0.152080 1.143289 0.574975 0.160246 0.884959 -0.132833 1.011983 -1.056637 -0.903515 1.910352 0.680038 1.862643 -0.958145 0.288433 0.440904 0.392465 -0.587451 1.231549 0.281794 0.818897 0.885401 -0.153995 -0.581773 -1.065623 -0.310385 0.745198 -0.035696 -1.832160 1.063639 -0.308237 0.805524 -0.317629 0.154362 -0.095159 -0.116981 2.065267 0.000000
123 0.066511 NA 0.131025 -0.125869 -0.634269 -0.189909 0.536285 0.400174 0.773247 -0.629581 -0.563015 -0.398437 1.337668 -0.173361 -0.077946 0.662248 -1.094140 3.099721 -1.110328 -1.122008 -0.776195 -0.486349 -0.488496 -0.003415 -1.172242 -1.097911 -0.984384 0.379886 -0.333319 NA 1.773585 0.455160 -0.077173 -0.795450 -0.348392 -0.909876 -0.260266 0.413373 -0.401119 -0.590011 2.829826 0.000000
124 -0.020233 1.191553 -0.500136 -0.409575 0.009513 -0.785993 1.058478 1.141169 -1.401415 -1.678390 -0.123980 0.615038 -0.142534 1.322936 0.867522 -0.627945 2.210707 0.266714 0.132317 NA -1.181555 -1.026560 2.291181 -0.717676 0.331466 -1.257114 -1.689638 1.607821 -1.542110 0.007733 -0.669179 -0.437961 -2.210013 -0.383591 0.907490 -1.674438 -0.313079 -0.068831 0.121785 -1.572740 2.378659 1.000000
125 0.004091 1.216948 1.052240 0.256470 -0.308967 1.496313 -1.029958 0.951869 -0.243626 -1.243087 0.725165 NA -0.285946 -1.550646 0.215424 0.014702 0.363896 -0.478063 -0.742733 0.162148 -0.105644 0.836879 -1.098885 0.036132 -0.191341 0.851287 -1.317873 -0.538249 0.418038 1.355666 1.869312 0.712736 0.447731 1.133269 -0.754118 -0.537382 1.641328 1.128259 2.113317 1.220261 1.953515 1.000000
126 0.429259 -0.394296 1.995096 -0.087070 0.625220 -1.405354 1.375182 -0.929285 0.165979 1.491114 -1.469064 0.145031 0.270836 -1.009033 0.738831 1.285923 -0.792657 -0.223043 -0.948090 0.199779 0.956408 -1.091987 0.538241 0.908049 -1.913111 -0.354018 -1.512774 0.128170 -0.156691 0.587008 -2.141908 0.761871 0.481126 -0.680826 -1.351357 0.461475 0.031185 -0.610278 0.336714 2.693158 0.185397 1.000000
127 1.608025 0.519886 0.207409 -0.563230 0.704009 -0.422866 3.529561 NA NA -1.493561 -0.164734 -0.178302 -0.085644 NA -0.134593 1.510938 0.243510 1.769111 -1.911349 0.709189 -0.107815 1.367067 -0.629795 1.110895 -0.081382 -0.707666 0.100393 1.641670 1.306344 -0.008074 -0.373597 0.199121 -0.713169 -0.678624 0.335160 -1.565397 0.116660 -0.173530 0.363588 0.108290 1.555495 1.000000
128 -0.095513 0.286934 -1.341910 1.027938 -1.523333 0.105298 -1.056141 0.215787 0.472028 -0.792800 0.190406 -1.651529 -0.284795 0.394618 0.068011 -0.569257 -2.015859 -1.214006 0.634576 -0.175685 1.708938 NA 0.447358 -0.813525 -0.165354 1.337608 -0.005723 0.972337 1.734890 -0.853948 NA 0.046121 0.960495 1.235091 1.287134 0.061109 -1.128747 -0.342199 0.601827 0.566283 1.070628 1.000000
129 -1.004129 -0.801890 -0.589974 0.489809 -0.541614 0.708363 -0.469354 -1.236297 0.871479 -0.286964 1.379243 -0.029096 0.152028 -1.212598 -1.327263 1.444522 -0.481070 -0.645479 1.228845 0.591541 0.478786 2.160109 0.466514 -0.379176 0.023180 1.317942 1.626462 -0.411468 -0.259175 -3.035650 -1.333143 -0.895970 2.527996 -0.443999 -1.589328 -0.304017 -0.100701 0.279496 0.524119 2.577664 5.784137 0.000000
130 0.672905 -0.693883 0.908570 2.070521 1.018989 -1.729748 0.092444 1.440637 -0.995226 -0.574579 -0.684246 0.168613 0.189152 -1.592004 0.899653 -0.075219 -0.153406 1.030509 -0.166369 -1.280558 1.650071 -1.407839 -0.328390 -1.706038 -1.990568 0.466165 1.331641 -0.664717 -0.408621 1.256761 -0.313237 0.549567 -1.921035 NA -0.685150 -1.014392 0.835892 -0.922919 -0.101488 2.333537 0.032510 1.000000
131 0.798353 1.168215 -0.771678 1.244625 0.724706 0.552574 -0.006882 1.367622 -0.412150 2.194988 -1.008227 0.765552 0.177726 0.883274 -0.793896 -1.239574 0.166464 -2.423703 -0.822035 -0.817993 -1.943363 0.107515 -2.372495 NA 1.975161 -0.337134 NA -0.380015 -0.447702 -0.439803 -0.573724 -0.268485 0.832261 0.828486 -0.851954 0.518425 0.889468 1.204552 -0.668404 -0.055244 0.878176 1.000000
132 -1.623652 -1.349532 -0.333579 -0.388717 -0.227796 0.150075 -0.710766 0.425647 NA -2.243736 0.066270 0.314681 0.605496 -1.704599 -0.209968 0.021182 NA 0.812833 0.901491 0.806897 0.285627 -2.358785 1.981167 1.346273 -1.258772 -0.669687 -1.646168 1.860469 -1.042794 -0.881796 0.660384 -0.607270 0.107825 0.918270 0.419159 -1.082657 0.797695 0.648033 -0.365397 1.067184 4.293364 0.000000
133 -0.323268 0.435233 NA 0.165599 -1.237562 0.751416 NA 1.460161 1.222708 -1.115221 0.987246 0.840357 -0.783458 -1.170447 -1.073267 -0.388625 -0.077372 -1.010985 -0.354533 -1.105088 -1.344799 -0.113889 0.410916 0.636360 0.723700 0.015965 -0.698111 0.390423 -1.055955 0.341705 -0.325430 -0.033589 0.041284 -0.639022 0.447923 -0.503768 -1.454947 0.329727 0.182557 -2.359581 5.213470 0.000000
134 0.040262 -0.321550 0.325999 0.198555 1.353362 0.865550 1.229351 -1.437173 0.958167 -2.442417 NA 1.171414 NA -0.823641 -0.562200 2.021523 -1.359232 -1.255357 0.634510 0.509349 1.161055 -0.167480 0.052993 -1.915661 1.107673 -0.205971 NA 0.475062 -0.213968 0.378843 2.374186 0.840030 1.797117 -0.883957 0.199933 -0.967971 -1.274774 1.437046 2.300383 -1.905610 0.406177 1.000000
135 -1.758728 2.224455 -0.350563 -0.551712 1.267768 0.142945 -0.452961 -2.100001 -0.609173 -0.570265 -1.147011 -0.364290 0.118770 -0.519238 1.657733 NA 0.092578 1.627274 -1.133909 NA -0.537543 -0.436401 2.366927 NA -0.875724 0.626462 0.176919 -0.173786 -0.919266 -0.462036 0.152577 0.240694 1.148004 NA -1.164169 1.964645 -1.225681 -0.780661 -1.254245 0.382339 0.043189 1.000000
136 0.110546 -0.382074 -1.006754 0.180430 -0.226456 0.665286 -0.677868 -0.496605 0.824366 -1.105372 0.606671 -0.977869 NA 0.257479 -2.201290 -0.876129 NA 1.042489 -0.478107 1.842861 0.431291 1.209520 -1.172531 0.448821 2.112379 0.168001 0.125253 -2.553579 -0.485996 0.396639 -0.973543 0.020364 1.081069 NA -1.130119 0.866894 -0.387558 NA 2.229134 0.147659 5.610039 1.000000
137 0.817807 -0.669881 -1.927317 0.309263 -0.353306 -0.932588 1.210579 -0.376112 -0.116372 0.071751 NA -0.062347 -0.710870 0.645274 -0.189933 -1.525763 -0.365815 -0.317863 -2.081278 1.557777 0.256444 0.581075 -2.514920 1.341180 1.640929 -0.604341 0.423414 0.051963 NA -0.540016 -2.374107 1.171197 2.779024 -1.051256 0.395690 0.073785 0.281171 -0.465305 0.401004 1.147951 2.233130 1.000000
138 0.759775 1.559496 -1.290433 NA -0.074264 -0.826110 -0.402638 -0.172796 -0.161711 0.452361 0.108929 0.468689 NA 0.367295 -1.064077 -0.895848 -1.147297 -0.246540 0.020310 0.692501 -0.176256 -0.890450 0.260307 -1.164023 0.294266 0.931550 -0.585331 0.304749 -0.031616 0.287917 -0.064985 NA 0.965253 -0.267312 -0.184684 -0.605304 -0.325458 -0.427644 0.197655 -1.823779 0.201225 1.000000
139 -0.029349 0.606250 -0.482170 -1.416679 0.639671 0.547866 -1.618826 1.834509 NA -1.003946 0.085153 NA NA 0.289943 0.120134 -1.470455 -0.694553 0.672655 -1.634224 -0.204213 -0.665234 -1.315834 2.685824 -1.202566 0.721421 0.577955 0.907458 1.232254 0.560243 -1.575365 0.307439 0.144579 -0.957551 -0.471344 -0.899221 0.868829 0.408545 0.357069 -0.585372 0.268949 0.301136 1.000000
140 -0.057190 0.469019 1.012249 0.260255 0.145373 NA 1.033255 0.709116 -0.177679 0.729597 -0.507191 -0.055456 0.022408 -0.067459 NA -0.755797 -0.577637 3.040711 0.937255 1.739682 -0.696728 -1.122208 -0.478860 0.029023 -1.135300 0.218622 1.063507 -0.315476 -0.066186 0.075415 0.456023 0.051614 -0.323444 -0.913644 0.304126 1.205547 1.427355 -1.060137 0.927784 -0.327478 0.884631 1.000000
141 0.043281 1.036026 -0.288673 0.083295 0.368702 0.636161 -0.175503 -1.050002 0.008150 -0.261413 1.173791 0.060175 1.388020 -0.920643 -0.705849 -2.492318 -0.370462 -1.320777 0.723056 NA 0.547386 -0.018148 0.477952 1.820836 -1.257204 0.440514 2.060202 -0.330821 -2.821143 1.104438 -0.520887 NA 0.728379 -0.480776 1.141142 1.300493 0.603814 -1.108673 NA 1.343674 1.560653 1.000000
142 -0.075323 1.683050 1.584230 0.188340 1.109242 0.930178 3.361502 -1.081046 -1.453757 0.523742 0.056144 NA 0.881910 -1.344269 0.408211 -0.202648 1.369550 -2.172780 -0.617864 0.873950 0.283599 1.539475 0.106575 -0.982275 -0.850395 -0.929054 0.715930 0.603637 1.384904 0.271773 -1.530530 0.036838 -1.795464 -1.360903 -0.733723 -0.663030 0.088045 1.481463 0.566884 1.297718 0.215186 1.000000
143 0.101775 -0.197460 -0.254583 0.513505 0.484931 2.155644 0.361724 -0.202875 0.375934 0.519301 -0.501615 0.693732 0.675764 -0.485861 -0.798601 -0.760465 -1.661429 0.087614 0.982569 1.605137 NA 0.580052 -0.703627 -0.094435 -0.583247 -1.934151 0.308713 -1.083075 0.100991 -0.241721 -0.351583 1.910716 -0.511406 -0.067476 -1.273261 -0.256566 -0.337313 0.593476 1.647005 0.319749 0.471869 1.000000
144 -1.590731 -1.228169 0.992593 0.116361 -1.766674 1.604539 NA 0.619028 -0.918500 1.763385 -0.527895 -0.551262 0.472492 0.165718 0.180946 1.725578 0.262165 -0.105157 -0.672275 0.411031 1.501454 0.055925 2.066589 -1.620801 -0.417275 NA NA -0.274020 0.855787 -0.349438 -0.089512 -0.016827 -1.682207 -0.322553 0.436190 -0.043106 NA -1.086522 1.426854 0.424962 8.650834 0.000000
145 1.012337 0.260741 0.738798 -2.146013 -0.786592 1.394368 -0.586292 1.387177 0.341656 -0.574977 -0.303969 1.646456 0.997541 -0.157034 -0.255408 1.361902 1.193777 NA 0.824854 -1.151912 -0.037905 -0.019151 2.587334 1.351264 0.451217 -0.498952 0.311014 1.322390 -0.932905 1.486434 1.117862 -0.329268 1.227165 -0.599308 0.015204 1.163049 -0.863054 0.546857 0.644443 1.318892 8.821626 0.000000
146 1.927870 0.284968 -0.543008 0.102186 0.721425 0.178789 0.167534 0.097426 0.778803 0.463103 -1.467123 0.095376 1.682018 -0.533995 -0.195741 -1.856598 -1.736007 0.204447 0.139178 0.036309 -0.544674 NA -1.272098 -1.071864 NA 0.229829 1.067866 -0.477343 1.356005 1.214569 -0.819151 2.023929 -0.655831 1.050288 1.476384 0.072561 0.017191 2.917221 -1.210777 0.363001 5.283818 0.000000
147 -0.040296 -0.941643 -0.084903 0.098827 0.165427 -0.350842 1.518449 -0.966060 0.691372 0.022512 -0.870422 NA 0.698885 0.638181 1.552182 -0.628733 -0.537877 -0.384454 1.550572 -0.373115 0.167001 -0.867939 0.608082 NA 1.754323 0.612510 0.505716 1.712192 -0.231648 0.168278 1.587488 0.075332 1.092511 1.002892 0.620712 1.454107 0.598854 0.185073 -0.056804 -0.457567 4.872046 0.000000
148 -0.416850 -1.555145 -1.446914 0.124592 -0.292370 -1.302133 0.172995 -1.024946 1.475454 -0.185629 -0.989360 1.929155 0.733136 0.441378 0.194500 0.052107 1.278405 0.018748 -1.348758 1.309910 1.280336 -0.837798 -0.092994 1.217258 -0.173323 1.557069 0.466671 0.102997 0.551195 1.072190 -0.254247 0.672276 -0.472263 0.461461 -0.248484 0.288919 -0.815618 0.315526 -0.499944 -0.376670 7.358548 0.000000
149 -0.313237 -0.576806 -0.504889 0.041452 -0.323630 -1.592266 -1.308847 1.229556 -0.195277 NA -2.666659 -0.047045 -1.467617 0.797645 -1.283336 0.440075 -1.358355 -1.060540 0.463446 -1.732847 NA 0.112354 0.559705 0.453393 -0.494362 NA 1.340749 1.375671 1.192797 -1.152507 -0.940288 0.072873 1.637264 NA 0.066682 2.030864 -0.726971 -1.045428 0.657648 1.435787 0.717942 1.000000
150 2.250377 -1.099925 NA 0.493429 1.121655 -0.386929 1.261662 -0.336618 -0.471127 -1.153733 -0.994776 -0.808353 0.476335 0.565319 -0.073716 0.668614 -0.969200 2.356729 -1.091966 0.502051 0.455110 0.085540 0.583788 -0.862043 0.338148 -0.403223 0.029838 -1.321585 0.177103 0.944812 -0.227477 -0.832481 -0.307990 -1.044616 -0.501904 0.290866 -0.414563 -0.423560 -0.719367 0.658635 0.297790 1.000000
151 1.307212 -0.544307 0.882408 0.483442 0.876916 0.437522 -1.400061 -0.487114 -1.286739 0.417028 0.309065 -2.209125 0.612882 0.320058 -1.850637 -0.087885 -0.994399 0.534301 0.467880 -0.868295 -1.666762 0.476370 -0.708755 0.547108 -0.417687 -2.302820 -0.676509 0.533213 0.617707 -0.849005 -0.760319 -1.800284 1.201064 0.426841 -0.661231 0.177572 0.297925 -0.105885 0.555373 NA 0.432889 1.000000
152 -1.936293 0.342040 0.501599 2.086861 -1.653436 0.689727 0.894447 -1.084597 -0.539077 -1.791973 1.735666 -1.189507 0.022699 -1.659951 0.141793 1.739087 -0.169550 1.005096 0.915266 -0.915994 0.142860 0.892044 0.526008 0.472903 1.044948 1.314869 1.037061 0.886829 -0.198928 -1.611656 -0.805035 -0.362491 -0.023462 0.133728 0.172429 0.812304 NA 1.939307 -1.332352 1.460827 1.948523 0.000000
153 -1.151080 -0.146486 0.834999 -0.326224 1.246457 -0.990432 -0.201262 -1.288486 -1.102188 0.322885 NA 0.433955 1.324500 -0.246556 -0.546391 -0.477324 1.003211 1.517151 -0.316627 1.146253 1.845855 -1.315107 -0.199850 1.493624 -1.466069 -0.555220 0.606563 0.395095 -1.238173 0.018806 0.286891 0.165984 -0.560765 0.232754 -0.981752 0.291287 -0.248192 -0.766386 -0.215535 1.060097 1.586993 1.000000
154 -0.799469 1.323425 0.599159 -0.391420 0.405225 0.846211 0.073387 NA NA 0.760305 -0.884139 -0.370619 -0.395322 NA -0.201947 -2.233199 0.249485 -0.785947 -1.767711 0.039663 0.441219 -0.395596 1.868080 0.737322 -0.757154 0.373260 -0.117745 2.555653 0.344265 -0.977926 -1.108342 0.178404 -1.060995 -0.337530 1.017515 -0.723720 -0.113118 0.543956 2.489951 0.828326 0.322097 1.000000
155 -0.292056 -0.557642 -0.959774 NA -0.085161 -1.187503 -0.496760 1.347391 0.822641 0.143366 1.118337 -0.437177 0.808125 1.008773 -0.033724 -0.192429 -0.514398 -0.250516 0.766759 -0.909420 -1.326799 0.761515 -0.744889 0.127940 -0.138440 0.149596 1.645214 -0.999679 -2.193388 1.130262 2.161321 0.001894 0.826544 2.382699 -1.164792 1.418514 -0.600611 -0.478953 -0.243983 1.279798 10.634444 0.000000
156 0.424227 1.585095 -0.024260 -1.197354 0.990153 -1.536504 1.261103 0.400027 NA 0.302369 -0.817136 1.082697 NA -0.943479 0.751666 0.652069 -0.544745 0.970841 -0.838972 0.714944 -0.745605 2.838527 -0.409252 0.000569 0.633110 -0.710843 0.609911 -1.023209 -1.210548 0.974666 0.543181 0.081410 1.496022 0.499741 -0.028755 0.194257 -0.157602 0.054133 0.333671 1.225764 0.304170 1.000000
157 -1.314630 -0.492817 0.060008 1.246129 -1.236713 1.632979 -0.745696 0.935814 0.860906 -1.426287 -0.271864 0.579617 0.119709 -0.455069 0.264385 -1.356698 -1.668309 0.436855 0.098359 0.026153 0.527105 -1.314907 -0.360737 -0.396996 -0.036448 -0.547596 -0.986593 0.134172 0.566014 -0.078320 0.428423 -0.200793 0.556841 1.005054 -0.240664 -1.092592 -1.688831 -0.952987 -0.276093 -0.164016 2.706921 0.000000
158 -1.055661 NA 0.717971 1.056181 0.555169 0.191620 0.893706 1.646560 0.981890 0.372656 1.041234 0.778141 -1.713562 0.420538 -1.438236 1.388365 0.065451 -0.775141 -1.211395 0.742620 NA NA -0.739646 0.240301 1.057702 -0.599970 1.674761 -0.030995 1.634547 -0.122525 1.766527 -0.511852 1.300597 0.727431 1.405089 1.294080 -1.272452 0.534759 0.378247 0.094395 6.012538 0.000000
159 NA -0.183840 -0.374382 -0.822275 0.204980 -0.539784 1.975742 0.535336 -1.367881 0.535448 -0.181340 -0.946758 -1.318221 -0.264352 0.428354 -0.625730 -0.923326 -1.125047 0.929362 0.042862 -0.847122 -0.122656 NA 0.475210 -0.798303 -0.761077 0.284876 -1.098388 -0.216611 1.058401 -1.390974 -1.379878 0.101199 1.458359 1.991643 1.640332 -0.228239 0.942142 -0.427092 1.165749 5.185356 1.000000
160 0.756460 0.505051 NA 0.287244 -2.028649 NA -1.007926 1.726808 -0.139782 -1.379522 -1.029925 -0.034578 -0.247837 1.674728 -0.726464 -1.801911 1.495906 -0.296090 -0.407774 0.319523 0.031350 -0.660160 -0.964241 -0.021347 -0.231155 -0.111403 -0.331525 -0.207071 -0.183202 0.049674 -0.353988 1.853111 -0.523011 -1.381216 -0.010090 0.285199 0.031968 0.352807 0.177738 -1.110297 3.419303 1.000000
161 -0.836353 -0.705558 1.323458 -0.408198 -0.358506 0.426254 -1.339058 2.001674 NA -0.434824 -0.456674 -0.012239 0.211527 0.105111 0.111959 1.207194 -0.248145 -0.509826 0.081679 -0.584997 -0.379309 -0.785116 1.976408 -0.612046 -0.726741 0.118636 -1.140684 -0.957474 1.372936 1.394765 -0.531983 -0.227358 -0.089488 NA -0.046951 -0.290243 -1.475598 0.634638 0.651761 0.290013 5.247723 1.000000
162 1.298969 -0.780418 0.529027 -0.888065 0.895829 -0.405418 1.043657 0.191122 NA 0.644681 -0.765626 -0.853608 -0.902771 -0.042773 0.846111 0.409535 1.077967 1.197288 0.176634 -0.125089 1.021379 -0.223781 0.212683 1.407370 -0.384092 2.513364 -1.903231 -2.795326 1.827341 0.334556 0.322284 -2.188409 0.428977 -2.429511 0.067586 -0.414287 0.803230 1.047674 0.800352 -0.772990 2.392631 1.000000
163 NA 0.057698 -0.286936 -0.089170 0.441108 -0.566075 -1.637872 -0.872147 0.976603 0.572400 0.648034 -1.544206 1.784372 1.177907 0.729931 -0.418483 -0.383460 1.125768 0.232969 1.609637 -0.585634 -1.244133 0.482812 -1.809483 1.210592 -1.135060 -1.600195 0.130857 -0.234733 0.806113 0.462121 0.446516 -1.224013 -1.007754 0.651097 0.248581 0.164041 -2.102918 0.463760 0.972667 0.245013 1.000000
164 -1.346591 -1.369682 0.344144 -0.584810 -0.661523 1.298652 -1.526009 0.255700 0.071823 -1.531457 0.645633 -0.815714 0.125513 1.162095 1.443644 1.542648 -0.064673 -0.909850 -2.822257 -0.143121 1.649992 -0.202880 2.807103 -0.683135 -0.223022 1.141817 -1.212697 -0.275344 -2.891451 NA -0.369747 0.907907 -0.545723 1.386353 1.027146 0.229859 0.103780 -0.233510 -2.000288 -0.613663 8.696313 0.000000
165 1.214336 0.184519 NA 0.154463 -0.860552 0.204457 1.044059 0.051565 0.050928 0.211277 1.166582 -0.683919 0.142849 -0.619459 -0.403332 -0.072152 -0.778631 1.636544 -0.504437 -0.558074 -1.949769 1.320750 0.362229 -0.657782 -0.534084 0.611039 -0.706447 NA -0.267371 1.095354 -0.636131 0.830330 -0.128154 -0.380768 0.497921 0.378655 0.427653 -0.440729 0.443198 -0.339854 1.405873 0.000000
166 -1.405677 0.429015 -1.050809 -1.262855 -0.142250 -0.192568 0.822739 1.879351 0.579417 -2.747748 -0.520214 -1.670276 0.274512 -0.606481 0.162975 -0.432016 -1.429814 0.310932 0.352086 0.810544 -1.888899 0.097530 0.326258 -1.082530 -1.156315 0.836535 1.280567 0.915059 -0.693887 0.352294 0.604606 -2.443279 -0.103587 NA 0.649346 0.130257 0.383863 1.120143 -0.480976 -0.063117 5.011059 0.000000
167 -1.550409 -0.517986 1.313083 0.396346 -1.179869 -1.676352 -0.291873 0.723422 0.270770 -1.372129 0.469576 -1.319512 0.565320 -0.392746 0.540154 -1.887150 -0.868041 -0.876589 0.841962 0.318888 -0.927450 -1.547543 -0.384421 -1.716667 -0.112872 0.482294 -1.126268 NA 1.190956 -1.627492 0.455766 2.215896 0.679669 -0.225384 1.321867 0.267076 0.336512 0.460453 -1.299337 -0.129046 1.103312 1.000000
168 -0.436088 -1.022264 1.661544 -0.342722 -0.655795 -1.046742 0.735922 -0.920498 -1.187900 0.292003 -0.676569 -0.276789 -0.940031 1.707780 -0.972065 0.385105 -0.377016 -0.730370 1.237318 -0.371647 -0.026531 -0.778555 0.028771 -0.063670 0.359535 NA 1.392530 -1.126711 1.274549 1.139613 -1.137600 0.811710 -0.391016 -0.965353 0.058792 -0.175355 0.232525 0.154154 -0.130553 0.116545 1.740788 1.000000
169 0.003860 -2.117141 -0.761262 0.129313 1.186508 -0.141338 -1.157966 0.016054 -0.623257 0.976822 0.591882 1.267936 0.381334 -0.835722 0.061983 -2.351556 -2.006129 -1.593843 -0.271179 -0.873908 1.595142 -0.285741 -0.307569 -0.310156 0.548193 0.898349 -1.138196 -1.537304 0.232399 0.829207 -0.817798 1.067984 -0.913107 -0.995143 0.890135 -0.308233 0.409932 1.194599 0.741897 0.686942 7.613283 1.000000
170 0.860486 -0.908794 0.632368 1.004879 -1.186766 -0.553813 -1.001234 NA -1.788118 -1.448474 0.961540 -0.919228 0.268347 0.438035 -0.483348 0.560056 0.666249 0.138782 -0.062178 NA -1.102829 0.979791 -0.220531 0.960150 -0.221671 0.483437 0.552394 0.930404 -0.194977 0.101796 1.522369 1.377902 0.513026 -0.367799 0.244241 0.449191 0.164493 -0.353357 -0.264826 1.077982 0.012902 1.000000
171 0.717618 2.552009 -0.882871 0.513784 -0.630019 0.139082 1.431337 -0.010813 0.364871 -1.304543 -0.337523 -0.387057 -0.142800 -1.201594 -0.454445 -1.056051 -1.208156 2.000741 -0.613627 0.503177 -0.750558 0.463272 -0.919847 -0.601643 1.605206 0.850174 -1.195835 0.255690 1.486149 1.373308 1.434574 1.509806 0.237442 NA 0.847989 0.945170 0.814998 0.217934 0.887391 -1.145398 1.528546 0.000000
172 -0.328328 0.776898 1.352571 1.392290 -0.148794 0.849284 -0.177989 0.650061 NA 0.634487 0.428242 0.229027 -0.693843 0.942958 1.536265 0.864723 -0.220351 1.002771 1.670082 -0.325796 -1.322797 -0.203937 NA -1.904592 0.132240 0.172906 -0.212319 2.438182 -0.099855 0.233042 -0.024458 0.052864 -0.426081 -0.449826 0.280959 -1.724951 -0.315273 -1.354836 -0.813454 -1.348727 1.014538 1.000000
173 -1.055874 -0.842604 0.208569 -0.316099 0.817222 -1.826033 2.280932 0.763356 1.783606 -1.865363 -0.579586 0.616718 0.124240 2.267710 2.789826 0.398647 0.240952 NA -0.465792 -0.109678 -0.285421 0.703079 0.006509 1.473788 -1.928771 0.524432 -1.658963 -0.263555 0.965977 -2.813067 -1.054261 -0.820623 -2.450988 0.603308 1.556563 -1.526068 -1.463628 -1.094697 -1.408760 -1.289915 6.674520 0.000000
174 0.232632 -0.714284 -0.279652 1.235345 NA NA 1.984919 0.512323 0.554492 -1.138340 1.292615 -0.137057 0.384879 -0.530281 0.377157 0.725103 0.744269 0.072701 1.014712 0.462406 -0.288507 0.021868 -0.882010 -0.117755 0.719973 0.053640 -0.311783 0.085158 -1.929150 -0.103430 1.127789 -0.811142 1.049545 -0.556053 -1.014266 0.703462 0.812538 -1.243941 NA 0.275562 1.067854 1.000000
175 0.748053 1.744127 -1.589737 -0.524280 -0.158317 -1.192112 0.855884 -0.892270 -0.751000 -1.063077 -0.552410 1.589680 0.402202 -1.025560 0.574064 2.044645 -1.320665 -0.588586 -0.513835 0.902227 -2.939179 0.892469 -0.295953 -0.107315 -0.698145 -0.315490 0.700164 -0.946048 0.094012 -0.074924 -0.036122 NA 1.199056 1.848188 -1.674792 -0.011235 1.126046 1.694363 0.223237 -0.666327 0.504200 1.000000
176 -0.661571 -0.883122 -0.480549 0.058541 -0.218107 -0.364528 0.272298 0.890491 1.258574 0.445813 -0.967902 NA NA NA -1.073249 0.863521 -0.016038 -0.386626 -0.556948 2.024792 NA -0.504916 1.852970 -0.554622 -0.351363 -1.194430 1.222831 -0.752089 -2.652249 -0.139891 -0.666235 -0.441485 NA 0.545040 0.050519 0.511841 -0.732441 -1.032102 1.311105 NA 1.691878 0.000000
177 0.954423 0.864902 0.442484 -0.681318 0.285355 -0.587063 -0.117344 0.301694 -0.180280 -0.895343 -0.047765 NA -0.712728 0.773884 0.466461 -0.163165 -1.142499 -0.727013 -0.713626 0.828139 0.482006 -0.899423 -0.074913 NA 0.589576 0.056825 0.555949 0.323248 -1.805849 1.129384 -0.998485 1.404045 0.661908 -0.630359 -0.786320 NA 1.933135 -0.413515 -1.670411 0.248142 0.030649 1.000000
178 -0.483120 0.182495 0.941032 -1.269261 0.267892 0.314443 -0.935101 0.381520 0.718995 -0.030032 -1.290713 2.314996 0.159075 0.851309 -1.655058 0.622904 0.096503 0.782645 NA 0.292663 0.121479 1.840578 -0.402999 0.610097 1.259478 -0.023567 0.551424 0.394203 0.627305 0.091061 0.946594 -1.255184 -0.454048 1.016554 0.045705 1.614819 1.574904 1.680494 -0.383824 -0.046805 9.110201 1.000000
179 -1.243691 0.239748 -1.080745 1.117650 -1.777680 -1.290599 0.114053 NA -0.565399 -0.025981 0.207978 -0.254010 0.392995 -1.525130 -0.465957 0.999885 0.476062 -0.827203 NA 1.776759 -1.936494 -0.317351 0.709052 0.483351 -0.896821 0.112781 -1.307559 0.797191 -1.670768 0.337866 -0.621832 0.953974 -0.779645 -0.360507 0.512572 -1.150142 -1.264303 -1.008631 -1.058809 -1.001893 3.918885 0.000000
180 0.983552 1.595147 -0.349565 -0.036049 0.099736 1.128789 -0.658368 -0.938528 -0.352228 -0.029825 0.148179 2.226460 NA 1.214782 0.883095 0.716127 -0.387840 -0.044843 -1.909804 0.847806 -0.738915 0.844969 0.822949 -2.192157 0.488664 0.161383 -0.345835 -1.070941 0.123151 -1.423745 -0.635004 -0.740318 0.643808 -0.915067 0.633692 0.578359 0.030711 -0.388538 -0.379853 3.078793 0.348364 1.000000
181 0.180998 -1.804067 -0.117938 0.180619 0.321251 -1.120762 0.488881 -0.382473 0.708099 1.058742 0.462238 0.989306 -1.562389 NA -0.971149 0.890221 -0.968643 0.652186 0.338125 -1.485234 -1.128156 -1.715259 -0.397101 -0.069267 0.106493 -1.478192 1.300280 2.823693 0.593080 -0.666286 -0.384586 -0.367826 NA -0.239327 0.477179 0.101654 -0.083283 -1.278479 -0.704389 0.155032 10.323247 0.000000
182 0.843493 0.014815 0.909824 -0.171076 -1.657827 0.706999 -0.894484 1.213645 0.314481 -0.195892 0.210754 0.378541 NA 0.990675 -0.328457 -2.117449 -1.475028 0.650868 1.372897 NA -0.188216 -1.742196 -1.816370 -0.607554 0.286271 1.815980 0.219769 NA NA -1.689756 -0.271494 -0.599144 -0.427332 -0.044711 0.557026 -1.008681 -0.138737 0.605348 2.545292 -2.541747 3.147640 1.000000
183 -0.680393 -0.893298 0.630305 0.365284 -0.043550 -0.683146 -0.955969 1.183184 0.242676 0.025363 -1.047416 1.162256 -0.541197 -0.650505 1.086216 -2.078219 1.010987 2.098920 1.362617 1.360578 0.699260 -0.421297 0.402218 0.063403 -0.765505 0.485058 1.203386 0.520209 0.111434 -0.408364 0.136764 -0.164723 -0.549611 1.798771 1.433772 0.188689 0.582165 0.098320 -0.274894 0.979191 1.824716 1.000000
184 -0.299328 0.045309 0.265364 -1.440745 -0.604382 -0.533468 -0.983570 -1.035254 -0.348220 -0.515211 0.721072 -2.850003 -1.001522 -0.995957 1.073309 1.226125 -0.298732 NA 0.122417 -1.295430 -0.948452 0.612941 0.030368 1.083894 -1.277860 NA 0.196653 1.421316 1.887161 -0.046662 0.611508 -0.782135 0.506596 -0.690578 0.151016 0.733270 1.617759 1.913912 -1.129390 1.087495 2.257313 1.000000
185 0.120655 -2.683177 1.347267 0.356412 -0.035317 -0.313898 -0.134379 NA 0.026591 1.654067 1.425248 -1.462281 2.376076 0.034688 -0.608961 0.211365 -1.786270 0.109325 1.289479 0.918799 0.248966 1.095708 -0.265369 0.751243 0.804936 -1.115896 0.777303 -1.378972 -0.185815 1.997662 -1.407218 -0.528377 0.158622 1.610477 0.723612 0.736816 0.607880 -0.148796 0.573537 -0.315758 7.991899 0.000000
186 1.198529 0.415378 0.046505 0.542062 1.653208 -0.339446 0.373406 -0.416561 0.878743 -0.688767 1.511924 0.205394 -0.286606 -0.444019 -0.221443 -0.129098 0.543561 -1.158751 0.346261 NA -0.917182 -1.120052 -0.190085 -0.952254 0.319747 -0.321311 0.384041 -0.387009 -0.355765 0.521584 0.403463 -0.305893 -1.120082 0.802067 0.440403 -0.362238 -1.976570 -1.835629 -0.091138 -0.648880 0.193842 1.000000
187 -0.463705 0.165126 2.103022 1.196604 0.641712 NA -0.885697 -0.067094 0.330972 -0.536084 0.788851 0.156622 0.721688 -0.979966 0.384140 -0.951589 -3.597074 1.418482 -0.757988 1.010515 -0.430661 1.295593 -0.550966 NA -0.782085 -1.158384 2.581888 -0.210766 0.647402 -0.255852 -1.494721 0.251919 -0.170117 0.423336 1.404680 0.103767 -0.764361 0.594113 0.464394 -2.006248 0.451675 1.000000
188 -0.570439 0.209345 1.349934 -0.563856 1.052874 1.130326 0.585364 -0.448300 -0.356718 -1.479153 -1.295943 0.233501 0.430923 -0.695059 -0.785790 -0.226941 2.572180 1.952506 -0.360904 0.500003 -1.085648 -1.811284 0.417743 -0.023895 -0.375576 0.340164 -1.126717 -0.642230 -1.064386 0.441336 -2.128635 0.435956 -0.759298 -0.400962 0.934866 0.571923 0.079075 -0.767089 0.124885 0.641586 0.830530 1.000000
189 0.327534 NA 0.561611 NA 0.574803 -0.753318 -1.765273 0.137727 -0.493861 -0.192615 -1.155551 0.337873 1.314130 1.532209 1.586067 0.017915 1.121384 -1.012969 -0.175996 -0.236946 1.043270 0.067200 1.173598 0.746658 0.174737 0.493000 1.109491 -1.040785 -2.039622 0.786724 0.609370 -2.778514 0.037176 0.980871 1.218607 0.047648 -0.162016 0.240279 -0.473024 0.416197 0.378300 1.000000
190 1.743786 -0.465191 -0.784801 -0.888068 -0.115263 -1.111463 0.076820 -1.664937 0.131623 -0.579136 0.931612 -0.494749 1.547401 -1.885226 -0.288235 2.286349 -0.099186 -0.450745 -0.023055 1.077450 -0.624976 0.814866 -0.350061 -0.615442 -1.499949 1.521405 0.440981 0.282179 1.514904 0.479861 0.967506 0.221958 -0.212733 -0.466133 -0.304863 -0.193066 -0.098672 -0.388489 0.805067 -0.938248 1.262783 1.000000
191 -0.041396 -1.654932 -0.669451 1.388563 -0.549308 0.525067 1.097259 0.111636 -0.883740 -1.649844 NA -1.471556 -0.334122 -0.660889 -0.500382 -0.990725 1.676423 0.415337 0.040597 -0.406381 -0.025007 0.938095 NA 0.332382 0.069256 1.182555 -0.202374 1.808711 -0.175558 0.259478 -0.026521 0.053850 NA 1.838854 -0.764383 -0.835545 0.575177 -0.348222 1.227504 NA 2.903805 0.000000
192 -0.095699 -1.292229 -1.437611 -0.657171 -1.248351 -1.912486 -1.185749 -0.935519 -0.422740 1.364164 NA -1.377543 -1.514247 0.787357 -0.645901 -0.218258 -2.637946 -1.068212 -1.142184 NA -1.217122 0.003219 -0.013845 -0.162509 -0.498143 -0.096155 0.661594 -0.277264 1.088184 -0.197248 1.180764 -1.354935 0.383651 2.041241 -1.124539 -1.287218 NA 0.705019 -0.814333 -0.445122 8.429533 0.000000
193 -0.598463 1.428573 1.151320 -0.171060 0.222688 0.708136 -0.771625 1.439544 -0.957296 0.989637 0.916645 0.781563 -0.542481 -0.146801 0.302685 -0.931415 -1.263480 -0.393036 -1.200487 0.162653 -0.036639 0.838318 -0.760489 0.655684 1.325530 -2.377505 -1.029411 0.144917 1.256339 0.903194 -0.620827 1.091612 0.391261 -0.723192 0.288284 1.245555 0.563184 -0.124203 0.868419 -0.582390 1.217925 1.000000
194 0.476255 0.115804 0.197843 -0.719988 0.308494 -0.206361 1.250193 0.622520 0.408351 -1.378917 0.530365 -0.189417 -0.671500 1.595956 -0.727738 -0.362632 -0.009290 -0.862422 0.191404 -1.509130 -1.185551 -0.650423 0.211250 -0.573769 -0.378877 -1.841889 -1.235852 -1.497328 -0.554445 0.042739 0.480893 0.362725 -0.067452 1.776637 0.221862 -1.106862 -1.321095 -0.590077 1.193060 0.663630 1.575470 1.000000
195 0.564207 0.484056 0.400587 1.318716 -0.543332 -0.007835 1.442537 NA 0.796369 0.443112 1.539419 -1.133365 -1.508490 -0.362879 -1.260090 -1.409030 -0.961059 -2.023127 0.140722 -0.623547 -2.131426 -0.119419 -1.093019 -0.713167 -0.906449 0.786258 0.644405 0.756401 0.106066 0.292077 0.679273 0.217597 0.769954 -0.067124 0.906658 -1.569293 -1.122628 0.146613 NA -0.688302 8.241004 1.000000
196 -1.054053 NA -0.063932 0.292660 -0.831070 NA -3.097303 -0.241238 -0.222169 0.411832 -0.792625 NA 0.449721 NA -0.517574 NA 1.578025 -0.670488 0.887625 -0.235225 0.292353 -1.449786 0.840007 1.532233 NA -1.272599 0.162087 -0.311341 0.105884 NA 0.881510 -0.113575 -0.171833 2.287618 -0.635763 1.084895 -0.383326 NA 0.301099 0.922096 11.529026 0.000000
197 -0.455247 0.687424 -0.356263 -0.846163 -1.452092 0.806206 -2.294231 -0.351880 -1.225196 0.436342 -0.702160 0.821031 -0.638267 -1.275285 0.415405 0.721770 -0.469427 0.160193 1.622488 -0.378325 -0.758819 -0.918575 -1.752544 -0.728180 -0.951508 -0.059142 0.566348 NA -1.378743 NA 1.385571 -0.499362 -1.893185 -0.358661 -0.549457 -0.877310 -0.091792 0.820147 0.345525 0.856965 1.664715 1.000000
198 1.631011 -0.899444 -2.339679 0.857994 -2.757699 0.929414 0.425592 0.594254 1.523140 0.178247 NA -0.494202 -1.278320 -2.155172 0.164393 -0.106273 -0.592762 -2.516250 2.418687 -0.619896 1.303104 -0.805254 -1.626262 -2.355414 0.039200 0.012930 -0.694681 0.267494 0.033508 1.604403 -0.019352 0.717079 -0.121880 -0.900173 1.609393 0.357500 0.192135 0.297108 -0.670235 -2.123334 5.773806 0.000000
199 -0.573808 -1.035318 0.784405 -0.686260 0.257330 0.950590 0.507512 0.115377 1.673160 0.904778 -2.388775 -0.394298 -1.951817 -0.219165 1.057057 2.018555 0.025311 -0.915152 NA 1.006628 NA NA 0.245539 0.241098 -1.306476 1.815629 0.831321 -0.772286 -0.623457 1.243959 2.028491 -1.206969 -0.988241 -0.238350 0.309851 2.234968 0.135964 -0.901270 -0.426520 -0.222489 2.071286 0.000000
200 0.228030 -0.216578 -0.114133 -0.018563 0.849101 0.152656 0.444159 -1.259599 0.636539 0.280675 -0.792518 0.143743 1.146964 2.440553 -0.650687 -1.240955 -0.279019 -0.338170 0.016273 -1.053207 0.251262 -0.894410 NA 0.311048 -0.491815 -0.867800 0.621308 0.470447 -0.948504 -0.032480 0.293831 -1.733025 -0.416124 0.169623 2.195039 -0.907859 1.775642 0.142732 0.975190 -0.230969 5.788632 1.000000
uncorrelated Gaussian covariates
missing covariate fraction: 0.050000
no latent classes
   lambda(t|risk 1)=C, <t>=4.000000 for zero covariates
   risk 1: beta[1]=0.500000
   risk 1: beta[2]=0.500000
   risk 1: beta[3]=0.500000
   risk 1: beta[4]=0.500000
   risk 1: beta[5]=0.500000
   risk 1: beta[6]=-0.500000
   risk 1: beta[7]=-0.500000
   risk 1: beta[8]=-0.500000
   risk 1: beta[9]=-0.500000
   risk 1: beta[10]=-0.500000
   risk 1: beta[11]=0.000000
   risk 1: beta[12]=0.000000
   risk 1: beta[13]=0.000000
   risk 1: beta[14]=0.000000
   risk 1: beta[15]=0.000000
   risk 1: beta[16]=0.000000
   risk 1: beta[17]=0.000000
   risk 1: beta[18]=0.000000
   risk 1: beta[19]=0.000000
   risk 1: beta[20]=0.000000
   risk 1: beta[21]=0.000000
   risk 1: beta[22]=0.000000
   risk 1: beta[23]=0.000000
   risk 1: beta[24]=0.000000
   risk 1: beta[25]=0.000000
   risk 1: beta[26]=0.000000
   risk 1: beta[27]=0.000000
   risk 1: beta[28]=0.000000
   risk 1: beta[29]=0.000000
   risk 1: beta[30]=0.000000
   risk 1: beta[31]=0.000000
   risk 1: beta[32]=0.000000
   risk 1: beta[33]=0.000000
   risk 1: beta[34]=0.000000
   risk 1: beta[35]=0.000000
   risk 1: beta[36]=0.000000
   risk 1: beta[37]=0.000000
   risk 1: beta[38]=0.000000
   risk 1: beta[39]=0.000000
   risk 1: beta[40]=0.000000
uniform censoring on time interval [1.000000,12.000000]
