0.000000 0.500000
1.000000 0.610100
2.000000 0.691100
3.000000 0.708900
4.000000 0.745400
5.000000 0.810000
6.000000 0.824700
7.000000 0.850900
8.000000 0.862500
9.000000 0.908300
10.000000 0.897800
11.000000 0.891300
12.000000 0.891700
13.000000 0.887700
14.000000 0.896800
15.000000 0.888200
16.000000 0.900800
17.000000 0.904900
18.000000 0.909700
19.000000 0.905700
20.000000 0.911900
21.000000 0.910000
22.000000 0.914300
23.000000 0.914200
24.000000 0.918900
25.000000 0.917800
26.000000 0.917800
27.000000 0.922600
28.000000 0.924500
29.000000 0.917700
30.000000 0.921700
31.000000 0.921500
32.000000 0.919200
33.000000 0.925900
34.000000 0.926100
35.000000 0.931200
36.000000 0.930300
37.000000 0.933400
38.000000 0.932000
39.000000 0.936100
40.000000 0.940300
41.000000 0.944700
42.000000 0.946100
43.000000 0.945800
44.000000 0.946700
45.000000 0.945600
46.000000 0.952100
47.000000 0.952100
48.000000 0.951900
49.000000 0.951500
50.000000 0.954000
51.000000 0.953800
52.000000 0.954400
53.000000 0.954500
54.000000 0.955200
55.000000 0.956000
56.000000 0.958300
57.000000 0.961700
58.000000 0.960600
59.000000 0.961500
60.000000 0.962000
61.000000 0.963700
62.000000 0.965600
63.000000 0.965900
64.000000 0.966000
65.000000 0.968600
66.000000 0.965400
67.000000 0.969100
68.000000 0.971700
69.000000 0.968600
70.000000 0.968000
71.000000 0.970000
72.000000 0.969700
73.000000 0.970800
74.000000 0.969700
75.000000 0.970900
76.000000 0.973000
77.000000 0.973600
78.000000 0.970600
79.000000 0.974700
80.000000 0.974300
