0.000000 0.500000
1.000000 0.611800
2.000000 0.669800
3.000000 0.690900
4.000000 0.716100
5.000000 0.770500
6.000000 0.780000
7.000000 0.805800
8.000000 0.818200
9.000000 0.851200
10.000000 0.841800
11.000000 0.837000
12.000000 0.834500
13.000000 0.826200
14.000000 0.832600
15.000000 0.830800
16.000000 0.831500
17.000000 0.835000
18.000000 0.840000
19.000000 0.811300
20.000000 0.806500
21.000000 0.803000
22.000000 0.802200
23.000000 0.798900
24.000000 0.801900
25.000000 0.799900
26.000000 0.795800
27.000000 0.797500
28.000000 0.797300
29.000000 0.789500
30.000000 0.794800
31.000000 0.780700
32.000000 0.779600
33.000000 0.778800
34.000000 0.771700
35.000000 0.761400
36.000000 0.763600
37.000000 0.771500
38.000000 0.760000
39.000000 0.762000
40.000000 0.757100
41.000000 0.746000
42.000000 0.749800
43.000000 0.746000
44.000000 0.745900
45.000000 0.743600
46.000000 0.741800
47.000000 0.737700
48.000000 0.737000
49.000000 0.734400
50.000000 0.730500
51.000000 0.725200
52.000000 0.723800
53.000000 0.714900
54.000000 0.713000
55.000000 0.710100
56.000000 0.706100
57.000000 0.700000
58.000000 0.700900
59.000000 0.706800
60.000000 0.697100
61.000000 0.691800
62.000000 0.683500
63.000000 0.688600
64.000000 0.678600
65.000000 0.688600
66.000000 0.677500
67.000000 0.665400
68.000000 0.666700
69.000000 0.667300
70.000000 0.665800
71.000000 0.662100
72.000000 0.653900
73.000000 0.655700
74.000000 0.658900
75.000000 0.643700
76.000000 0.645200
77.000000 0.651400
78.000000 0.645600
79.000000 0.635000
80.000000 0.636400
