1 0.285248555556 0.628701668983
2 -0.317840555556 0.827480847908
3 -0.566866600000 0.734121928476
4 -0.358164200000 0.932034570486
5 -0.033308000000 0.972664863028
6 -0.097372666667 0.772129373478
7 -0.155563714286 0.598428027814
8 -0.096036400000 0.596282034825
9 0.211218500000 0.909950662242
10 -0.579327666667 1.008650353976
11 0.161823200000 0.830148421858
12 -0.351555800000 0.853836479035
13 -0.237310444444 0.678757645713
14 -0.199488300000 0.642870203296
15 -0.567581250000 0.977062194511
16 -0.219324600000 0.920703236548
17 -0.337067200000 0.801271000960
18 0.033615100000 1.075987365416
19 -0.046781111111 0.895726400982
20 -0.300405142857 1.153694905420
21 0.260429600000 0.817792841817
22 0.189273333333 1.127033752437
23 -0.295200333333 1.093317097372
24 -0.352952000000 0.810298706293
25 0.260166625000 1.117400189735
26 -0.022280222222 1.486197966312
27 -0.147920222222 1.338128302652
28 -0.346524285714 0.543697848801
29 -0.249223888889 0.754887256625
30 0.390684444444 1.108607496837
31 0.361091000000 1.035965495707
32 0.609301900000 0.847406540575
33 -0.092613900000 0.581911597777
34 0.275158000000 0.932010772130
35 -0.257490500000 1.034498418750
36 -0.175385375000 0.592168877251
37 0.323685111111 0.850763965121
38 -0.436517500000 1.036842658983
39 0.097202100000 1.388461957411
40 -0.180120300000 1.202904184375
41 0.098864777778 0.801630467237
42 0.377742888889 0.900947506077
43 -0.053795500000 0.968899331373
44 -0.380031300000 1.050488011595
45 -0.511651222222 0.548039309025
46 0.103838444444 1.543501422237
47 0.231432100000 0.866244495585
48 0.465208555556 0.839092309563
49 0.399935200000 0.651635448484
50 -0.328046100000 0.946872044773
51 0.131851100000 0.891818743080
52 0.058335000000 1.172377843043
53 0.114902444444 0.468877209701
54 0.368679300000 0.976241497398
55 0.699243888889 1.044551945098
56 0.418136100000 0.851229615889
57 -0.370075300000 1.136919707995
58 -0.501460428571 0.590179331852
59 0.082811200000 0.721011468500
60 -0.092729100000 0.826355548093
