0.000000 0.473684
1.000000 0.452368
2.000000 0.537632
3.000000 0.661842
4.000000 0.690263
5.000000 0.690263
6.000000 0.693947
7.000000 0.670526
8.000000 0.726842
9.000000 0.717895
10.000000 0.732895
11.000000 0.749737
12.000000 0.732105
13.000000 0.743947
14.000000 0.736579
15.000000 0.752368
16.000000 0.738684
17.000000 0.745789
18.000000 0.743421
19.000000 0.731053
20.000000 0.739737
21.000000 0.739737
22.000000 0.727105
23.000000 0.707105
24.000000 0.706053
25.000000 0.710263
26.000000 0.712105
27.000000 0.699737
28.000000 0.702632
29.000000 0.700263
30.000000 0.688947
31.000000 0.688421
32.000000 0.679737
33.000000 0.679474
34.000000 0.666053
35.000000 0.649474
36.000000 0.651053
37.000000 0.654211
38.000000 0.645000
39.000000 0.631842
40.000000 0.628684
41.000000 0.618684
42.000000 0.613947
43.000000 0.618421
44.000000 0.591842
45.000000 0.595263
46.000000 0.585789
47.000000 0.583421
48.000000 0.588684
49.000000 0.572105
50.000000 0.569474
51.000000 0.568421
52.000000 0.556842
53.000000 0.555000
54.000000 0.551316
55.000000 0.555526
56.000000 0.540263
57.000000 0.537895
58.000000 0.518158
59.000000 0.538158
60.000000 0.518421
61.000000 0.517895
62.000000 0.515000
63.000000 0.502105
64.000000 0.506053
65.000000 0.507632
66.000000 0.496316
67.000000 0.490000
68.000000 0.497632
69.000000 0.488684
70.000000 0.465526
71.000000 0.477632
72.000000 0.481053
73.000000 0.451579
74.000000 0.458158
75.000000 0.463421
76.000000 0.445000
77.000000 0.444737
78.000000 0.441053
79.000000 0.442632
80.000000 0.440526
