1 0.016789568421 1.070808522285
2 0.111964872340 0.813544558987
3 0.002713822917 1.022659063021
4 -0.019700326531 0.976485349022
5 0.159403020619 1.159922583530
6 -0.179062395833 0.962426371749
7 -0.077586717391 0.994999525330
8 -0.051299294737 0.877069891424
9 0.008914854167 0.893132606792
10 0.022728414894 0.948625277762
11 -0.017837202128 0.961444682879
12 0.068603288660 0.964060783822
13 -0.122321576087 1.150242324717
14 -0.172869744681 0.990217451817
15 -0.055426385417 0.940366163502
16 -0.111848461538 0.845709901571
17 -0.132174091954 1.013800185830
18 0.077451428571 0.937558576038
19 0.063562360825 1.036122203664
20 0.049545021978 0.945170746992
