0.000000 0.500000 0.500000
1.000000 0.657917 0.674375
2.000000 0.662500 0.691458
3.000000 0.618125 0.673542
4.000000 0.663750 0.707917
5.000000 0.644167 0.741458
6.000000 0.679583 0.718333
7.000000 0.731458 0.802292
8.000000 0.714792 0.810208
9.000000 0.711667 0.836875
10.000000 0.707292 0.840833
11.000000 0.701250 0.843542
12.000000 0.703750 0.849583
13.000000 0.692083 0.862292
14.000000 0.703125 0.870625
15.000000 0.713958 0.888958
16.000000 0.703750 0.878125
17.000000 0.697708 0.882292
18.000000 0.709167 0.887917
19.000000 0.692292 0.899583
20.000000 0.707500 0.915000
21.000000 0.688750 0.921250
22.000000 0.680625 0.920000
23.000000 0.685000 0.926250
24.000000 0.664167 0.936250
25.000000 0.652500 0.937917
26.000000 0.660208 0.945833
27.000000 0.677083 0.949167
28.000000 0.660000 0.953125
29.000000 0.637292 0.952917
30.000000 0.639792 0.953125
31.000000 0.632083 0.956875
32.000000 0.636250 0.955833
33.000000 0.640000 0.961042
34.000000 0.627708 0.965417
35.000000 0.632083 0.963750
36.000000 0.616875 0.967083
37.000000 0.621667 0.968958
38.000000 0.627500 0.971042
39.000000 0.615833 0.968542
40.000000 0.608542 0.972083
41.000000 0.607708 0.974375
42.000000 0.594792 0.972083
43.000000 0.598750 0.971875
44.000000 0.588125 0.973125
45.000000 0.588125 0.974167
46.000000 0.578542 0.975417
47.000000 0.589583 0.973958
48.000000 0.566458 0.975208
49.000000 0.571875 0.980000
50.000000 0.576042 0.979792
51.000000 0.557292 0.980417
52.000000 0.563333 0.986458
53.000000 0.557917 0.985625
54.000000 0.551042 0.986250
55.000000 0.559583 0.986458
56.000000 0.542500 0.986875
57.000000 0.546458 0.989167
58.000000 0.544583 0.988958
59.000000 0.531875 0.990625
60.000000 0.535208 0.991875
