1 0.099854326087 0.958142995651
2 -0.196533791667 0.982160065368
3 -0.086963543478 1.033702039922
4 -0.269721979167 0.861367741298
5 -0.074150367347 1.192356119535
6 -0.057669583333 1.121548805209
7 0.120976021277 0.963784217742
8 0.098171916667 1.031742100544
9 -0.074577428571 0.925397826816
10 0.051314891304 0.780025659064
11 -0.150856604167 0.838050878548
12 -0.053104880000 0.889719528380
13 0.068827404255 0.961839772585
14 -0.042030458333 1.202904379767
15 0.005467958333 1.104819790205
16 0.021915558140 0.934076554587
17 0.262090723404 1.059054011291
18 -0.192258208333 1.003384716759
19 0.173723666667 0.904856171319
20 0.204127520000 0.883737335418
21 0.001243959184 1.044247660470
22 -0.046775816327 0.815179987469
23 -0.072661659574 1.157514947141
24 -0.162559382979 1.050850309633
25 -0.047059591837 1.023066179668
26 0.026417065217 1.107947222150
27 0.047856061224 0.930007083924
28 0.055936448980 0.903452226869
29 0.327745571429 0.981231972920
30 0.034046142857 1.000605121895
31 -0.087647541667 0.952486025383
32 -0.125106466667 1.000600412059
33 -0.019279250000 0.904888429908
34 0.224790354167 0.959596966667
35 -0.044779510204 0.823918836033
36 0.062656847826 0.917142749764
37 -0.193056565217 1.125230368282
38 -0.008509000000 0.889661343252
39 -0.072057553191 1.195909455263
40 -0.037955816327 1.074068151647
41 0.124854130435 1.060881023148
42 -0.058267800000 0.797209558423
43 -0.146726400000 0.818800356082
44 -0.207766500000 0.860333507494
45 0.124489638298 0.952903912633
46 -0.080779708333 1.042073431957
47 -0.115134979167 0.940204365027
48 0.125672804348 0.902244190011
49 0.105831795918 0.894411409843
50 0.002649250000 1.082035695350
51 -0.007238155556 1.022196718672
52 -0.095723744681 0.904116443638
53 -0.063319280000 0.906648036423
54 0.012885244898 0.914903506493
55 0.046475155556 1.001914564936
56 0.003439829787 1.072677840797
57 0.036437714286 0.872985035791
58 -0.098491040816 0.901439187357
59 -0.009338808511 1.048044719179
60 -0.188700560000 1.024417796820
61 0.145502020408 0.787551950895
62 0.027734729167 0.952072493917
63 0.079546413043 1.126822902793
64 -0.034609836735 0.941746033772
65 0.000360102041 1.032152793258
66 -0.181881020408 0.890376872463
67 0.027566739130 0.968527325053
68 0.043932434783 1.033598398566
69 0.055109408163 0.981997802551
70 0.054958791667 1.015112446502
71 0.120261565217 0.859171125877
72 -0.118691511111 0.967380508939
73 -0.032157750000 0.927175599715
74 0.099712043478 0.927567815389
75 -0.003222632653 1.096249801115
76 0.184151306122 1.060213218761
77 0.226107653061 0.870547446357
78 0.146448276596 0.996962496898
79 -0.043600063830 0.999177165107
80 -0.086225195652 0.973461188196
