0.000000 0.500000
1.000000 0.642900
2.000000 0.670000
3.000000 0.737100
4.000000 0.798600
5.000000 0.778400
6.000000 0.786600
7.000000 0.813800
8.000000 0.817200
9.000000 0.818600
10.000000 0.807300
11.000000 0.804100
12.000000 0.797400
13.000000 0.804600
14.000000 0.803200
15.000000 0.809800
16.000000 0.803300
17.000000 0.807600
18.000000 0.803000
19.000000 0.803800
20.000000 0.796900
21.000000 0.796600
22.000000 0.789900
23.000000 0.783400
24.000000 0.782900
25.000000 0.771500
26.000000 0.770700
27.000000 0.764800
28.000000 0.767900
29.000000 0.763500
30.000000 0.760200
31.000000 0.749300
32.000000 0.737700
33.000000 0.738300
34.000000 0.730500
35.000000 0.732900
36.000000 0.721300
37.000000 0.722200
38.000000 0.712500
39.000000 0.715700
40.000000 0.703300
