0.000000 0.500000
1.000000 0.565700
2.000000 0.546500
3.000000 0.542400
4.000000 0.543600
5.000000 0.589000
6.000000 0.617900
7.000000 0.644800
8.000000 0.662900
9.000000 0.678000
10.000000 0.699600
11.000000 0.717600
12.000000 0.729100
13.000000 0.749700
14.000000 0.768800
15.000000 0.761300
16.000000 0.767900
17.000000 0.768800
18.000000 0.765400
19.000000 0.765500
20.000000 0.780600
21.000000 0.784800
22.000000 0.793700
23.000000 0.790300
24.000000 0.792500
25.000000 0.807700
26.000000 0.799100
27.000000 0.808000
28.000000 0.810500
29.000000 0.813800
30.000000 0.812600
31.000000 0.826400
32.000000 0.818400
33.000000 0.834200
34.000000 0.835300
35.000000 0.840400
36.000000 0.843800
37.000000 0.847500
38.000000 0.855400
39.000000 0.850300
40.000000 0.857100
41.000000 0.861800
42.000000 0.860800
43.000000 0.865100
44.000000 0.867700
45.000000 0.876700
46.000000 0.877300
47.000000 0.880300
48.000000 0.884000
49.000000 0.886700
50.000000 0.893700
51.000000 0.893800
52.000000 0.897600
53.000000 0.900800
54.000000 0.904400
55.000000 0.913000
56.000000 0.908200
57.000000 0.910800
58.000000 0.920600
59.000000 0.924000
60.000000 0.920000
61.000000 0.922800
62.000000 0.929700
63.000000 0.929000
64.000000 0.923800
65.000000 0.931400
66.000000 0.932800
67.000000 0.935600
68.000000 0.937900
69.000000 0.937400
70.000000 0.940300
71.000000 0.941800
72.000000 0.941000
73.000000 0.946500
74.000000 0.946800
75.000000 0.950300
76.000000 0.949100
77.000000 0.951200
78.000000 0.951000
79.000000 0.955400
80.000000 0.956700
