active=60: 1 2 3 4 5 6 7 8 9 10 11 12 13 14 15 16 17 18 19 20 21 22 23 24 25 26 27 28 29 30 31 32 33 34 35 36 37 38 39 40 41 42 43 44 45 46 47 48 49 50 51 52 53 54 55 56 57 58 59 60 
active=59: 1 2 3 4 5 6 7 8 9 10 11 12 13 14 15 16 17 18 19 20 21 22 23 24 25 26 27 28 29 30 31 32 33 34 35 36 37 38 39 40 41 42 43 44 45 46 47 48 49 50 52 53 54 55 56 57 58 59 60 
active=58: 1 2 3 4 5 6 7 8 9 10 11 12 13 14 15 16 17 18 19 20 21 22 23 24 25 26 27 28 29 30 31 32 33 34 35 36 37 38 39 40 41 42 43 44 45 46 47 49 50 52 53 54 55 56 57 58 59 60 
active=57: 1 2 3 4 5 6 7 8 9 10 11 12 13 14 15 16 17 18 19 20 21 22 23 24 25 26 27 28 29 31 32 33 34 35 36 37 38 39 40 41 42 43 44 45 46 47 49 50 52 53 54 55 56 57 58 59 60 
active=56: 1 2 3 4 5 6 7 8 9 10 11 12 13 14 15 16 17 18 19 20 21 22 23 24 25 26 27 28 29 31 32 33 34 35 36 37 38 39 40 41 42 43 44 45 46 47 49 50 52 54 55 56 57 58 59 60 
active=55: 1 2 3 4 5 6 7 8 9 10 11 12 13 14 15 16 17 18 19 20 21 22 23 24 25 26 27 28 29 31 32 33 34 35 36 37 39 40 41 42 43 44 45 46 47 49 50 52 54 55 56 57 58 59 60 
active=54: 1 2 3 4 5 6 7 8 9 10 11 12 13 14 15 16 17 18 19 20 21 22 23 24 25 26 27 28 29 31 32 33 34 35 36 39 40 41 42 43 44 45 46 47 49 50 52 54 55 56 57 58 59 60 
active=53: 1 2 3 4 5 6 7 8 9 10 11 12 13 14 15 16 17 18 19 20 21 22 23 24 25 26 27 28 29 31 32 33 34 35 36 39 40 41 42 43 44 45 46 47 49 50 52 54 55 56 57 58 60 
active=52: 1 2 3 4 5 6 7 8 9 10 11 12 13 14 15 16 17 18 19 20 21 22 23 24 25 26 27 28 29 32 33 34 35 36 39 40 41 42 43 44 45 46 47 49 50 52 54 55 56 57 58 60 
active=51: 1 2 3 4 5 6 7 8 9 10 11 12 13 14 15 16 17 18 19 20 21 22 23 24 25 26 27 28 29 32 33 34 35 36 39 40 41 43 44 45 46 47 49 50 52 54 55 56 57 58 60 
active=50: 1 2 3 4 5 6 7 8 9 10 11 12 13 14 15 16 17 18 19 20 21 22 23 24 25 26 27 28 29 32 33 34 36 39 40 41 43 44 45 46 47 49 50 52 54 55 56 57 58 60 
active=49: 1 2 4 5 6 7 8 9 10 11 12 13 14 15 16 17 18 19 20 21 22 23 24 25 26 27 28 29 32 33 34 36 39 40 41 43 44 45 46 47 49 50 52 54 55 56 57 58 60 
active=48: 1 2 4 5 6 7 8 9 10 11 12 13 14 15 16 17 18 19 20 21 22 23 24 25 27 28 29 32 33 34 36 39 40 41 43 44 45 46 47 49 50 52 54 55 56 57 58 60 
active=47: 1 2 4 5 6 7 8 9 10 11 12 13 14 15 16 17 18 19 20 21 22 23 24 25 27 28 29 32 33 34 36 39 40 41 43 44 45 46 47 50 52 54 55 56 57 58 60 
active=46: 1 2 4 6 7 8 9 10 11 12 13 14 15 16 17 18 19 20 21 22 23 24 25 27 28 29 32 33 34 36 39 40 41 43 44 45 46 47 50 52 54 55 56 57 58 60 
active=45: 1 2 4 6 7 8 9 10 11 12 13 14 15 16 17 18 19 20 21 22 23 24 25 27 28 29 32 33 34 36 40 41 43 44 45 46 47 50 52 54 55 56 57 58 60 
active=44: 1 2 4 6 7 8 9 10 11 12 13 14 15 16 17 18 19 20 21 22 23 24 25 27 29 32 33 34 36 40 41 43 44 45 46 47 50 52 54 55 56 57 58 60 
active=43: 1 2 4 6 7 8 9 10 11 12 13 14 15 16 17 18 19 20 21 22 23 24 25 27 29 32 33 34 36 40 41 43 44 46 47 50 52 54 55 56 57 58 60 
active=42: 1 2 4 6 7 8 9 10 11 12 14 15 16 17 18 19 20 21 22 23 24 25 27 29 32 33 34 36 40 41 43 44 46 47 50 52 54 55 56 57 58 60 
active=41: 1 2 4 6 7 9 10 11 12 14 15 16 17 18 19 20 21 22 23 24 25 27 29 32 33 34 36 40 41 43 44 46 47 50 52 54 55 56 57 58 60 
active=40: 1 2 4 6 7 9 10 11 12 14 15 16 17 18 19 20 21 22 23 24 25 27 29 32 34 36 40 41 43 44 46 47 50 52 54 55 56 57 58 60 
active=39: 1 2 4 6 7 9 10 11 12 14 15 16 17 18 19 20 21 22 23 24 25 27 29 32 34 36 40 41 43 44 46 47 50 52 54 55 56 57 60 
active=38: 1 2 4 6 7 9 10 11 12 14 15 16 17 18 19 20 22 23 24 25 27 29 32 34 36 40 41 43 44 46 47 50 52 54 55 56 57 60 
active=37: 1 2 4 6 7 9 10 11 12 14 15 16 17 19 20 22 23 24 25 27 29 32 34 36 40 41 43 44 46 47 50 52 54 55 56 57 60 
active=36: 1 2 4 6 7 9 10 11 12 14 15 16 17 19 20 22 23 24 25 27 29 32 36 40 41 43 44 46 47 50 52 54 55 56 57 60 
active=35: 1 2 4 6 7 9 10 11 12 14 15 16 17 19 20 22 23 24 25 27 29 32 36 40 41 43 46 47 50 52 54 55 56 57 60 
active=34: 1 2 4 6 7 9 10 11 12 14 15 16 19 20 22 23 24 25 27 29 32 36 40 41 43 46 47 50 52 54 55 56 57 60 
active=33: 1 2 4 6 7 9 10 11 12 14 15 16 19 20 22 23 24 25 27 29 32 36 40 41 43 46 47 50 52 55 56 57 60 
active=32: 1 2 4 6 7 9 10 11 12 14 15 16 20 22 23 24 25 27 29 32 36 40 41 43 46 47 50 52 55 56 57 60 
active=31: 1 2 4 6 7 9 11 12 14 15 16 20 22 23 24 25 27 29 32 36 40 41 43 46 47 50 52 55 56 57 60 
active=30: 1 2 6 7 9 11 12 14 15 16 20 22 23 24 25 27 29 32 36 40 41 43 46 47 50 52 55 56 57 60 
active=29: 1 2 6 7 9 11 12 14 15 16 20 22 23 24 25 27 29 32 36 40 41 43 46 50 52 55 56 57 60 
active=28: 1 2 6 7 9 11 12 14 15 16 20 22 23 24 27 29 32 36 40 41 43 46 50 52 55 56 57 60 
active=27: 1 2 6 7 9 11 12 14 15 16 20 22 23 24 27 29 32 36 40 41 43 46 50 52 56 57 60 
active=26: 1 2 6 7 9 11 12 14 15 16 20 23 24 27 29 32 36 40 41 43 46 50 52 56 57 60 
active=25: 1 2 6 7 11 12 14 15 16 20 23 24 27 29 32 36 40 41 43 46 50 52 56 57 60 
active=24: 1 2 6 7 11 12 14 15 16 20 24 27 29 32 36 40 41 43 46 50 52 56 57 60 
active=23: 1 2 6 7 11 12 14 15 16 20 24 27 29 32 36 40 41 43 46 50 56 57 60 
active=22: 2 6 7 11 12 14 15 16 20 24 27 29 32 36 40 41 43 46 50 56 57 60 
active=21: 2 6 11 12 14 15 16 20 24 27 29 32 36 40 41 43 46 50 56 57 60 
active=20: 2 6 11 12 14 15 16 20 24 27 32 36 40 41 43 46 50 56 57 60 
active=19: 2 6 11 12 15 16 20 24 27 32 36 40 41 43 46 50 56 57 60 
active=18: 2 6 11 12 15 16 20 24 27 32 36 40 41 46 50 56 57 60 
active=17: 2 6 11 12 15 16 20 24 27 32 36 40 41 46 56 57 60 
active=16: 2 6 11 12 15 16 20 24 27 32 36 40 41 46 57 60 
active=15: 2 6 11 12 15 20 24 27 32 36 40 41 46 57 60 
active=14: 2 6 11 12 15 24 27 32 36 40 41 46 57 60 
active=13: 2 6 11 12 15 24 27 32 36 40 46 57 60 
active=12: 2 6 11 12 15 24 27 32 36 40 46 60 
active=11: 2 6 11 12 15 27 32 36 40 46 60 
active=10: 2 6 11 12 15 27 36 40 46 60 
active=9: 2 6 11 12 15 27 40 46 60 
active=8: 2 6 11 12 27 40 46 60 
active=7: 2 6 11 12 27 40 60 
active=6: 2 11 12 27 40 60 
active=5: 2 11 12 40 60 
active=4: 2 11 12 40 
active=3: 2 12 40 
active=2: 2 12 
active=1: 2 
