0.000000 0.400000
1.000000 0.683000
2.000000 0.835000
3.000000 0.880000
4.000000 0.864000
5.000000 0.861000
6.000000 0.810000
7.000000 0.842000
8.000000 0.857000
9.000000 0.835000
10.000000 0.801000
11.000000 0.821000
12.000000 0.801000
13.000000 0.780000
14.000000 0.788000
15.000000 0.763000
16.000000 0.784000
17.000000 0.791000
18.000000 0.799000
19.000000 0.807000
20.000000 0.783000
21.000000 0.799000
22.000000 0.790000
23.000000 0.763000
24.000000 0.750000
25.000000 0.770000
26.000000 0.790000
27.000000 0.770000
28.000000 0.744000
29.000000 0.716000
30.000000 0.702000
31.000000 0.736000
32.000000 0.691000
33.000000 0.693000
34.000000 0.679000
35.000000 0.657000
36.000000 0.653000
37.000000 0.655000
38.000000 0.619000
39.000000 0.643000
40.000000 0.621000
41.000000 0.629000
42.000000 0.619000
43.000000 0.584000
44.000000 0.577000
45.000000 0.597000
46.000000 0.559000
47.000000 0.586000
48.000000 0.580000
49.000000 0.550000
50.000000 0.549000
51.000000 0.528000
52.000000 0.542000
53.000000 0.520000
54.000000 0.546000
55.000000 0.520000
56.000000 0.505000
57.000000 0.490000
58.000000 0.504000
59.000000 0.492000
60.000000 0.494000
