0.000000 0.500000
1.000000 0.627500
2.000000 0.679375
3.000000 0.770417
4.000000 0.734375
5.000000 0.805000
6.000000 0.812917
7.000000 0.842917
8.000000 0.863125
9.000000 0.857708
10.000000 0.857083
11.000000 0.877708
12.000000 0.906875
13.000000 0.911667
14.000000 0.906250
15.000000 0.926458
16.000000 0.928750
17.000000 0.938750
18.000000 0.943958
19.000000 0.947917
20.000000 0.961458
21.000000 0.960833
22.000000 0.965625
23.000000 0.963958
24.000000 0.965417
25.000000 0.974792
26.000000 0.971042
27.000000 0.973125
28.000000 0.972292
29.000000 0.976458
30.000000 0.976875
31.000000 0.972917
32.000000 0.973542
33.000000 0.973125
34.000000 0.974375
35.000000 0.975417
36.000000 0.973542
37.000000 0.973333
38.000000 0.972708
39.000000 0.973333
40.000000 0.975417
