1 -0.662717500000 1.002011807562
2 0.156110700000 0.649972535898
3 -0.333881800000 0.714089185111
4 0.533822500000 0.809474852909
5 -0.077917625000 0.835111295593
6 0.102287500000 0.814955315680
7 -0.201084875000 0.820475494712
8 0.144644500000 0.745196533520
9 -0.212349200000 0.669878909627
10 0.055432900000 1.048024211096
11 -0.057189000000 0.855611649585
12 0.053160777778 1.258775332632
13 0.146707100000 1.312977044517
14 0.097098500000 1.030624164454
15 -0.683547600000 1.172640010981
16 0.198427625000 1.302820788061
17 -0.284783125000 0.822166406886
18 0.123596600000 0.750108234995
19 -0.378629600000 0.933788063557
20 -0.076092400000 1.399604620489
