0.000000 0.484844 0.515152
1.000000 0.597969 0.618788
2.000000 0.621875 0.657121
3.000000 0.644687 0.694242
4.000000 0.648594 0.699545
5.000000 0.645469 0.699545
6.000000 0.667656 0.736970
7.000000 0.656250 0.747424
8.000000 0.639062 0.751970
9.000000 0.673438 0.787576
10.000000 0.692187 0.812273
11.000000 0.678438 0.799091
12.000000 0.680625 0.809848
13.000000 0.692344 0.823333
14.000000 0.698438 0.848485
15.000000 0.712656 0.867576
16.000000 0.701094 0.858636
17.000000 0.695000 0.867121
18.000000 0.691562 0.867273
19.000000 0.691250 0.879545
20.000000 0.691875 0.884394
21.000000 0.685937 0.892727
22.000000 0.681406 0.891364
23.000000 0.684844 0.895152
24.000000 0.676406 0.911667
25.000000 0.680312 0.910909
26.000000 0.676562 0.914091
27.000000 0.681406 0.914091
28.000000 0.663594 0.920909
29.000000 0.651563 0.926667
30.000000 0.643437 0.929848
31.000000 0.645781 0.935152
32.000000 0.643594 0.930758
33.000000 0.639219 0.931515
34.000000 0.641250 0.938485
35.000000 0.613594 0.937121
36.000000 0.616563 0.940000
37.000000 0.614531 0.943636
38.000000 0.607656 0.942273
39.000000 0.613906 0.945758
40.000000 0.596406 0.945758
