N=50
P=40
R=2
1 -1.800410 -0.087482 -0.806392 1.191646 -2.189083 0.083344 0.481843 -0.222091 -0.070513 1.686305 0.565399 0.342737 0.660980 0.067774 -0.356935 0.121313 -1.323201 0.479366 -0.343945 0.626254 0.608685 0.317669 0.092155 -1.094254 1.794777 -0.186696 -0.415891 0.575858 0.924426 -0.393273 -0.655814 -0.343589 0.580886 -0.119409 -0.924309 0.259869 -1.564822 0.685466 0.415844 0.177168 16.456732 1.000000
2 -0.414963 -1.517760 -0.001761 0.507863 0.915250 -0.043142 0.114995 -0.999395 -0.446598 1.167314 0.339674 0.103747 0.439390 0.297401 -0.636492 -0.642874 0.262706 -2.538823 0.870913 0.064586 2.260005 0.201504 0.663534 0.437822 1.208655 -0.608797 -0.348463 1.434129 0.204990 1.111259 -0.302787 0.956448 0.180894 -0.192350 0.430390 -0.450610 -0.474645 -1.455675 -0.465851 -2.034391 4.444522 1.000000
3 -1.462374 0.085608 -1.246209 0.037802 0.452468 -0.087007 0.024683 0.536558 0.695382 0.640729 1.360857 -0.813466 -0.583586 0.003278 1.206392 1.130263 -1.475245 -0.379371 1.687581 -0.471876 0.441850 -0.322562 -0.323721 0.289311 0.603782 0.599313 0.049103 0.278175 -1.096636 0.744123 -0.242127 -1.135250 -1.074094 0.678020 0.286150 -0.715624 0.513568 1.851003 0.673735 -0.467816 25.593071 1.000000
4 0.919106 -1.189610 -0.661483 1.539065 1.143820 -0.467224 -1.387884 1.183838 -1.377178 -0.101808 -0.968207 -0.659482 -1.399827 -0.792512 -0.745799 -0.157304 1.026626 -0.306970 0.335289 -1.157272 0.598195 -1.403950 -0.569206 -0.989970 -0.205383 -0.120808 0.651528 -2.224289 1.330649 0.292636 -0.689756 1.719065 0.697660 1.495302 0.211867 0.342179 0.922455 -0.690752 0.150579 -0.833062 0.193381 1.000000
5 -0.390374 -0.750107 -0.925623 0.443333 0.844422 1.013036 -0.353874 0.513007 0.986238 -1.599281 1.335406 -2.372177 -2.359307 -0.304564 -1.549609 0.141348 0.151430 -0.793124 -0.201752 -0.665622 -0.654951 0.596161 0.176778 0.437822 -0.944160 0.635012 -0.372003 -2.198012 -0.701859 0.855253 0.303321 -1.035474 -0.763264 -0.985142 -1.469426 -0.942383 0.613205 -0.472133 0.408478 0.590606 24.601963 1.000000
6 -0.204899 0.797690 -0.007491 1.496633 1.015538 -0.038569 1.507398 0.539063 -0.056703 2.034380 1.141056 0.440485 0.172206 -1.217010 -0.644117 0.721327 1.970412 2.204207 -1.329923 0.337982 1.453453 -0.295449 1.174798 1.993734 0.753254 0.732849 1.310559 1.588793 0.256593 1.397704 0.214323 1.673507 -1.622148 0.989913 -0.136284 -0.294845 -0.225380 -0.940543 -0.548123 -0.123252 12.807337 1.000000
7 1.115716 -1.301804 -0.722544 -0.122676 -0.057945 -0.118546 1.079222 -0.332944 1.062939 -0.940594 1.179867 -0.386725 0.146179 -1.269039 -0.197945 -1.419459 0.875760 0.591595 0.330762 -0.629475 -0.098577 -0.084125 0.508574 -0.469736 0.128685 -1.383814 0.298309 0.758130 -0.737860 0.279539 -0.322496 -0.796400 -2.352940 -0.147175 -0.198415 0.350040 -1.336661 -0.151665 -1.448475 -0.224071 7.143868 1.000000
8 -0.298790 0.188939 0.074159 -0.294882 1.541159 0.048929 0.225962 -0.959002 1.592763 -0.163110 0.551049 0.346581 -0.572791 -0.088701 -0.611789 1.698140 0.151094 -0.718458 -0.673629 1.471469 -0.400922 -0.243674 0.279611 0.224442 -2.169815 0.001364 -1.508565 0.504087 -1.187728 1.596984 0.926217 0.946236 -1.099983 2.264565 -0.317015 1.274475 0.347473 -0.821012 0.739955 -0.272643 0.286946 1.000000
9 0.014311 0.376045 -1.096442 -0.152353 0.734441 -1.416479 1.017520 2.436032 1.212725 0.452408 0.436191 0.391088 1.155608 -1.732148 1.069409 0.832128 -1.427747 -1.228382 1.433497 0.215030 -2.697269 0.248927 1.433112 -0.183169 1.370947 0.775273 -0.376254 0.691113 0.803469 -1.058284 -1.388137 1.474532 0.207515 -0.005496 1.108960 -2.597839 -0.688234 -1.694615 -1.294515 0.332766 0.522551 1.000000
10 0.026200 0.484533 -1.062443 -1.166174 -2.169791 -0.277968 -1.530310 0.687717 0.488531 -0.287780 -0.664085 -0.239918 -0.190588 0.876715 1.093588 -0.902838 -0.514872 -0.245338 -0.201435 -0.172508 -0.138947 -1.570617 1.363024 -0.983494 1.359364 1.040106 -0.754364 -1.196599 -0.143459 -0.407223 2.433415 0.689962 0.830048 0.125889 1.460749 0.635689 1.277572 0.329003 0.235366 -0.953959 8.359395 1.000000
11 -1.446470 1.435739 -0.296894 -0.573381 -0.250624 -0.963258 -1.039498 0.216227 0.767068 0.496068 -0.086536 0.367510 1.305263 1.007667 0.378621 0.192093 0.584899 1.168651 0.325849 -1.720831 -1.953437 1.045404 0.228703 -0.512653 -0.457970 1.505530 -0.968893 0.568947 -0.434154 0.464324 -0.057353 1.833911 2.199397 -0.254214 0.225768 0.453608 0.849785 0.118922 -0.075534 -0.111705 1.089024 1.000000
12 -0.564938 -0.457887 0.165006 0.494824 -0.116538 0.021158 -1.566128 -1.348167 -0.151798 -0.528549 0.003223 1.628604 0.922934 -2.482610 -1.198828 -1.042654 -0.576939 0.121764 -2.279558 1.219040 1.320312 -0.553111 -0.408089 -0.639294 -1.910525 -1.828425 0.136185 1.101336 -0.637894 -0.204415 -0.196730 -2.143626 -0.468706 -1.291492 -1.316499 -0.665011 0.275349 1.212035 0.036754 -0.695873 0.412068 1.000000
13 0.859832 1.011962 0.688128 0.660551 -0.356165 -0.861985 -0.672873 -1.613076 -1.047577 2.040025 1.042278 -0.589441 -0.410908 -0.955736 0.211324 0.130642 -0.060705 0.668600 0.108645 -1.144515 0.620713 0.129281 -0.958901 1.318792 0.055488 0.236829 -0.436436 0.782162 -0.863506 -0.096147 -1.062429 -0.422652 0.413750 0.334150 -0.719803 -0.800095 -0.444987 -0.908646 0.319684 0.195130 0.648554 1.000000
14 -0.109712 0.558157 -0.570364 -1.639575 -0.678039 1.926744 1.045418 -0.686269 0.659369 -0.045246 -1.515580 0.693391 -0.172261 0.203636 1.421305 -0.283353 -0.878742 -0.957926 0.345050 -0.893870 1.250096 -0.261803 -0.120069 -1.098492 0.254880 -0.599711 1.289697 -1.447414 1.188325 0.782573 -1.099726 -0.598159 1.342098 0.781630 0.970236 -3.004738 -1.851446 1.671905 -0.960064 -1.203783 20.590621 1.000000
15 -0.369254 0.457304 -0.770355 0.521866 0.964903 1.205652 -0.412660 -0.468524 0.823024 0.635714 0.249554 2.112939 0.880819 1.507142 0.031591 -0.122011 -0.002900 -1.076479 2.011502 0.946386 -0.909805 -1.851870 -1.557551 0.575766 -0.925270 -1.578919 -0.313242 -0.446240 0.979454 -0.277521 -0.094876 -0.230528 -0.030931 -0.251399 -0.800481 -1.065706 -1.048882 1.340629 -2.604772 -1.277800 2.340776 1.000000
16 -0.004480 0.885584 1.252253 0.316310 -0.321858 0.174086 1.152039 1.005226 0.224850 0.841681 1.165641 -0.542262 -1.383108 1.404543 1.212657 0.926865 -0.117610 -0.632992 0.573493 -0.370759 0.033410 2.070062 -0.337188 -1.872991 0.268481 0.700643 0.911879 -1.201450 -0.779545 0.687600 0.597374 -0.536722 0.190626 0.242300 -0.836778 0.270381 -1.308720 1.282791 -0.979325 3.168191 13.407894 1.000000
17 0.003192 -0.853531 0.352261 0.727304 0.068331 -0.359331 -1.771442 0.380197 -1.565617 0.420694 0.077633 1.337847 -1.315885 1.295330 -1.248465 -0.867445 -1.338195 0.618419 -0.836209 0.638665 -0.265384 -0.842880 0.292255 -0.196251 1.284124 1.027395 0.290730 1.748425 0.046982 -2.059021 -0.746800 0.245739 1.722254 -0.428376 -0.126572 0.652478 -0.569884 -0.057986 -0.729000 -2.120152 0.696585 1.000000
18 -0.350300 -0.088692 0.371974 -0.511772 0.523686 -0.292363 -1.901019 -0.380173 1.627046 1.966119 -0.407496 0.438896 0.778734 0.736695 0.357846 0.152510 0.218887 1.514050 -1.364580 0.049693 0.156855 0.229538 -0.727498 1.163091 -1.352095 0.599629 0.126583 0.502148 -1.826102 1.859761 -0.642222 -0.748397 0.192851 -0.114516 -0.622398 -0.873395 0.466912 -0.050432 -0.729289 0.125702 7.285210 1.000000
19 0.451568 1.073037 0.618603 -0.297760 1.302514 -0.004364 2.134508 0.646031 -1.022581 0.806132 -1.402306 -1.415393 0.273898 0.388017 -1.518312 -0.789699 -0.687917 1.365961 -0.154051 -0.681513 0.387745 -0.011271 -0.822215 -1.458920 -1.220757 -1.292558 1.511640 -0.235906 -0.606724 0.305121 -0.350177 -0.527383 1.327382 -0.635904 2.691558 -0.842711 1.263377 0.123556 -0.182989 -2.305090 1.998503 1.000000
20 -0.215227 -0.414784 -0.329981 0.637837 -1.671313 0.197585 -0.330814 -0.174356 1.033448 -0.446653 -0.247836 1.518580 0.594026 0.212031 1.070939 0.684050 1.543608 -1.036463 0.438639 0.151436 -1.598362 -0.063122 1.586940 1.203059 -0.612310 -0.310305 0.075879 0.084679 -0.602019 -0.114474 1.194888 0.603002 1.767856 -1.076836 0.546992 0.336303 0.589724 0.013179 0.012643 1.758187 4.984477 1.000000
21 0.372881 0.894067 -0.097738 1.546258 -0.151056 0.864236 -1.200269 0.015683 -0.547112 -2.662049 0.314326 0.721286 -0.151223 0.769444 -0.223165 -0.449866 -0.434907 -0.925447 -1.356422 -0.828660 -0.547854 -0.213421 0.726246 0.716590 -0.455901 -0.522123 -0.292847 -0.056178 0.278853 0.217598 -0.944427 -0.149390 -0.327052 -2.224068 -1.889221 0.707562 -0.025692 0.730964 0.578783 -0.304065 0.079921 1.000000
22 -0.409948 0.071777 2.122847 0.817264 -1.816064 0.288076 -1.073801 -0.604178 -0.019448 0.291085 -1.149107 -2.267605 -0.338294 -0.217011 0.094152 1.274177 -0.424467 0.499103 -2.429772 0.911987 0.109076 -0.455324 0.931952 0.669786 -0.892654 -0.443030 0.333177 1.008831 1.267535 0.114347 -1.061398 -1.097105 1.407383 0.533182 0.700962 -0.348550 1.630821 0.213123 0.202845 -1.537860 0.217917 1.000000
23 -0.519637 1.346534 -1.447216 0.189136 -0.407273 -0.311085 1.427417 0.694212 -0.223498 0.848100 0.520004 -0.473910 -0.655933 -0.060298 -0.266681 -0.430745 1.024309 -0.578582 0.381778 -0.810558 -0.172587 0.954112 1.171461 1.052047 -0.270940 -0.871164 0.749886 0.116933 1.106635 2.675459 0.439009 -0.651114 0.948478 0.930926 0.697769 1.107347 -0.668476 0.584254 0.254514 -1.135533 18.358355 1.000000
24 -1.323021 1.154291 0.999695 -1.496588 -0.679168 1.153861 0.538303 -0.659772 0.216936 -0.709821 -0.679673 -1.646768 -0.937740 0.137523 0.505397 -1.512434 0.409377 0.937868 1.805886 -1.420117 -0.195987 -0.435338 0.873072 0.476698 0.803948 1.783742 0.381201 0.080477 -0.324787 -0.341048 -1.280823 -1.043981 0.856361 -0.228577 0.157821 0.142435 -0.616902 -0.722191 -0.041897 -0.387976 6.128884 1.000000
25 2.182007 1.641478 -1.130459 -0.031571 0.594511 0.035399 1.244128 1.730964 1.738065 1.254508 0.288360 0.732371 -0.878344 -0.853339 -0.760801 -0.496919 0.412857 -0.660403 0.787649 1.514991 0.960312 -0.175485 1.539200 0.866219 1.417749 1.011941 -1.757461 0.887510 0.557404 1.450364 -0.847138 0.046030 -2.437001 0.022516 1.788025 -1.251971 0.183677 1.863973 1.011116 1.511991 27.345744 1.000000
26 0.575641 0.204054 -0.481559 0.728496 -1.179956 1.718769 -0.641819 1.708364 -0.920432 -0.218056 -0.329379 -1.391424 -1.311628 0.926781 0.042518 -1.029806 0.591157 -0.450282 -0.333794 0.155368 -0.787280 0.559379 0.437136 -1.299338 1.158079 -1.617353 1.530441 -0.098954 1.261248 0.652776 -0.823533 -0.407287 1.120963 1.626518 -0.394712 0.533903 -0.143693 -0.209548 -0.133401 0.517729 0.045222 1.000000
27 0.108151 0.866204 -0.196098 -0.080200 -1.182129 0.174713 -1.261803 -0.157964 0.040796 0.684250 0.528103 1.387008 0.618652 1.108899 0.070075 0.430787 0.948751 2.129807 0.633795 0.493149 -1.043272 -0.954500 1.658221 -0.804718 -2.023767 -0.099166 0.875285 -2.034732 0.544851 -1.145896 -1.075043 -2.141439 2.569482 -0.957241 -1.338125 0.053228 0.432996 2.066737 0.972602 -0.642070 1.681794 1.000000
28 -0.059905 -0.898129 0.403701 -1.099328 0.528305 -2.019184 -0.538020 -1.733440 0.445434 1.665764 0.346027 -0.141655 -0.715988 -1.729021 -0.680592 1.720780 -0.036040 -0.080997 0.385696 0.062974 -0.040958 -0.381757 0.113993 0.577499 -0.163724 1.565753 -0.127720 0.707184 0.353640 -0.672370 0.677939 0.560626 0.000455 1.258944 -0.705790 -1.157925 -1.705255 -2.454498 -0.991876 -0.258408 2.069371 1.000000
29 0.497407 1.109158 0.520058 -0.954033 -0.623534 -0.242911 0.035112 -2.374389 -0.210322 0.077763 -0.440523 -0.707867 -1.743212 0.819816 -0.014855 -1.093180 0.012609 -0.138265 -0.238392 0.558374 0.921239 0.518210 0.711136 -1.082812 0.026743 -1.625791 0.273647 0.343792 -0.551377 0.173515 0.666194 1.643925 1.443742 0.363338 -0.415904 -0.280093 0.940433 1.647124 0.193075 0.708500 0.925736 1.000000
30 1.311282 -0.848892 -0.118996 -0.854602 0.364699 -0.708564 0.201825 -0.884565 -0.047945 2.050804 -2.012292 1.582720 -0.842812 -1.418117 1.529952 -0.103603 -0.428843 0.450705 -0.983317 -1.026883 -2.401603 -0.131410 0.126639 1.764937 -1.845758 -1.020721 1.548261 -1.307784 -0.801765 0.815039 -0.407912 -0.688487 -0.085402 -0.960058 -1.528587 0.199484 0.508499 -0.254909 0.459420 -0.271338 1.256787 1.000000
31 -0.237602 0.308317 -0.396511 1.097908 -0.553534 0.429421 -1.296416 1.231368 -1.280866 -2.561094 0.082107 -2.024594 0.060041 2.437689 -0.249633 -0.153316 -0.406655 3.620693 0.514836 -1.254950 -1.275889 0.671599 -2.106657 -0.386072 0.114848 0.818193 -0.162046 -0.989404 -0.737900 -0.564209 -0.333149 2.418274 -0.432784 -0.183122 0.067027 0.552457 0.286178 -2.732175 -0.403560 -1.804360 0.992505 1.000000
32 -0.679460 1.854028 -0.591022 -1.771670 0.074461 0.250928 2.052982 1.511983 -0.017925 -1.398012 -1.707210 -1.508296 0.342167 -0.621099 0.242812 0.183186 -1.244602 0.233695 0.622315 0.868628 -0.399377 0.657809 0.150470 -0.351597 -0.857875 0.052545 -0.266834 -1.193223 1.301572 0.713419 -0.515546 -0.486823 1.177237 -2.474177 0.818999 -0.871739 1.202127 -0.096224 -0.805436 -0.145747 24.532955 1.000000
33 -0.697987 0.952418 -1.663406 -0.781245 -0.339405 0.313471 -0.929994 -0.516632 -1.018896 2.805064 -0.572568 2.124957 0.170260 -0.858255 -0.898928 -0.123809 1.178354 -0.316073 0.109457 -1.514014 0.054197 1.202284 -0.183421 -1.184813 0.853809 0.396315 0.222230 0.507028 1.897602 -0.016964 -0.961595 0.920194 -1.125079 -2.823644 -1.885244 -0.720954 1.164032 3.089993 1.336519 0.075985 17.172375 1.000000
34 -0.007797 -2.608055 0.589693 0.193500 -1.015129 1.154969 -0.409553 0.705724 -0.463855 -1.881519 -0.589766 1.436588 0.896810 -0.735660 1.482584 -0.493675 0.969435 -1.270616 -1.962772 1.947609 -0.622035 0.717286 0.786735 0.250288 -0.750551 0.411953 0.941134 -0.019827 -0.872254 1.633001 0.192578 2.430713 -1.022974 -0.317310 0.564714 0.256532 -0.024058 -0.850301 -0.365964 -0.236564 21.033091 1.000000
35 -0.936835 2.067513 0.895339 -0.956357 0.825067 -0.063654 -1.340688 2.535073 -0.228275 0.809212 0.035945 -0.308860 -1.760530 -0.367900 -0.174942 -0.356267 0.637345 -0.112304 -1.683196 -1.174562 -1.141390 -1.010701 1.068159 -0.686211 0.352387 -1.289814 2.238140 -0.759033 0.717233 0.081687 -0.480762 -0.318632 -0.644895 -1.503881 0.199858 -0.283912 0.761364 -1.048879 1.472091 -0.767120 2.019669 1.000000
36 0.418294 -1.387939 -1.593278 0.402186 -0.226864 0.777298 0.272893 -2.381814 -0.122543 0.847210 0.009855 0.213208 -0.843497 0.043672 1.161653 -0.665451 -1.006514 0.819234 2.274637 0.870845 -0.848378 0.881231 -0.234041 0.694315 -0.462981 0.030020 -0.708833 0.178947 1.278488 0.882597 1.099782 -0.375943 0.447001 -0.724696 -0.430687 -0.601666 -1.274708 0.598895 -0.028864 -1.281472 8.470973 1.000000
37 -0.014128 -0.242488 -0.793242 0.079552 0.460347 -0.425241 -0.389235 1.450919 0.797136 0.033904 -0.739847 0.726092 0.598268 -0.089645 0.477746 -1.706541 -1.299556 -0.362432 -1.653337 0.271320 -1.440457 0.818190 0.191327 0.394577 0.996290 0.258204 -0.879029 0.284165 1.421824 -0.146491 0.300720 1.835864 0.392676 -0.675803 0.741662 0.206446 1.096229 0.534709 0.979264 0.339623 12.730078 1.000000
38 0.111049 0.077686 0.113901 2.816020 1.858566 -0.268498 0.741990 1.475160 0.144725 0.445915 1.495990 0.068989 0.129677 2.223713 -0.603796 0.827038 -0.640380 0.558130 0.646438 -0.364119 -0.951626 -1.150960 -0.168338 -0.549769 0.043764 0.072870 0.682825 0.035206 0.882642 -0.885051 -0.365130 1.244052 1.347226 -0.392096 -0.960752 -1.905317 -0.829481 1.439999 0.956095 0.823800 0.219971 1.000000
39 0.096222 0.917714 0.785802 -1.992034 0.655767 -0.615846 0.090413 -2.026397 1.812781 0.211772 -0.172768 -0.538903 -1.206614 1.179884 0.578000 -0.051504 0.885012 0.504314 -1.154885 -0.853063 0.816198 -0.722683 0.535163 -1.501073 -0.198300 -0.956998 -0.574648 -0.002582 0.400942 0.844643 -0.033699 -0.964033 0.012040 0.682084 -0.979007 0.177871 -0.115275 0.202977 -0.866959 -0.654062 0.841873 1.000000
40 0.820651 -0.352204 -1.366468 -0.875758 0.826239 -0.751312 0.251471 -0.682679 -0.239325 0.278536 1.357464 -0.770446 -0.537682 -1.178806 -0.077522 0.272968 1.326314 -0.063510 0.638564 0.498006 0.270881 -1.053408 0.799819 0.941364 0.359675 1.172435 -0.584406 1.138795 -2.507058 -2.355968 0.869382 -2.061811 0.839523 0.422779 1.102820 1.921059 -0.544862 1.157975 2.129830 1.477796 10.706919 1.000000
41 0.970804 -0.086709 -0.138559 -0.556107 -1.131191 -1.639152 0.653444 1.744129 1.643833 0.800273 -0.610936 0.238890 -0.024288 -0.532822 -0.223722 0.480215 -0.984378 -0.188522 0.233092 -0.674312 -0.220544 2.960838 -0.856179 2.177262 1.061669 -0.065705 1.268013 -0.584598 -1.623194 1.173564 0.211319 -0.621217 -0.263737 -0.416905 0.788096 0.228560 2.301570 0.316864 -0.019108 -0.071525 12.407577 1.000000
42 -0.637365 -1.885213 0.703595 1.337150 0.961906 -0.546499 -0.505281 2.710672 2.022982 0.885129 -0.947464 0.151133 2.148852 1.704149 0.932705 -1.160233 -0.107181 -0.986747 -0.605805 0.073547 -1.699557 -0.039880 0.150754 0.519407 0.164293 -1.201275 -1.630378 -0.006330 0.196628 1.684122 -0.910034 -0.276516 -0.278409 -0.847686 2.114007 0.200947 1.293380 -0.295983 -0.073606 -0.564347 38.434931 1.000000
43 -1.344611 0.484088 0.838233 -0.984646 -1.316881 -0.074775 -0.226108 -1.879573 0.760969 0.731029 0.232072 1.054597 1.402268 1.284925 1.421734 -1.570598 0.126015 -0.393599 -0.604254 -0.016974 0.544604 0.454150 1.401028 -0.356147 -0.914793 -0.203501 0.238770 -0.396445 -0.699803 -0.872667 0.934441 -1.567121 2.182157 0.381616 -0.382488 1.861222 -1.118877 0.396820 -0.005859 0.915011 11.421554 1.000000
44 -0.411383 -0.844560 -0.125892 -1.687036 1.974784 -0.971305 1.273645 -1.252314 -0.946059 0.351796 -0.908804 -0.010400 0.179491 0.074847 -1.994012 1.816324 0.102459 0.417742 -1.987360 0.160826 -1.072129 -0.473378 -0.549881 0.908558 0.829191 -1.714258 0.355899 0.671418 -0.754117 -0.836854 1.384584 0.705700 -0.820179 -0.347717 -1.699640 0.080574 1.029065 1.633862 -1.436852 -0.731162 1.705737 1.000000
45 0.248034 2.048008 1.288836 -1.049747 0.676425 2.304220 -1.220092 -1.322391 1.698081 -0.249354 2.206805 -1.044835 0.774282 0.040651 0.546195 -1.068264 -0.595526 0.613616 -0.286630 0.087337 -0.256288 -0.873265 -0.305689 -1.961577 0.006292 -0.413385 -0.013363 0.848332 -0.634785 -0.202000 0.981235 -0.339655 0.379384 0.793786 0.343372 -1.256011 -0.042911 0.063523 -1.002999 0.260778 1.906060 1.000000
46 -2.124373 -0.508456 -0.044295 0.390153 -0.660744 0.039192 1.335447 -0.074259 -0.082336 -0.425084 0.420577 -0.646604 -0.749315 -1.431026 0.704928 0.032058 -0.388427 -0.071957 -0.207833 0.748905 0.543560 -1.351389 -0.937905 -0.132115 0.838939 0.067567 1.008141 -1.606053 -0.300518 0.016934 0.629413 -0.132276 -0.393743 0.504216 0.201989 -0.199423 0.363431 -0.240591 -1.706532 -0.175518 13.126558 1.000000
47 0.478509 -0.382598 1.703709 -0.899661 0.170037 -0.115351 -0.334261 0.126811 0.214877 -0.928194 -1.208191 1.053392 -0.512557 0.020600 0.153419 -0.022093 -0.595300 -0.931153 0.033084 -1.525940 -1.294035 -0.790491 0.265794 0.542620 -0.509951 -0.322815 -0.408417 0.012451 0.336361 0.206173 -0.570267 1.431913 0.157358 0.166949 -0.148517 -1.191062 -0.446231 -0.909341 0.782946 -0.405416 0.183327 1.000000
48 1.921455 -0.794109 1.013408 0.618266 1.365062 -0.778226 0.723719 -1.011625 -0.140298 0.094779 0.048305 0.105363 0.467717 -0.345415 -0.816067 1.067986 -0.255238 0.595652 -0.299167 -0.859433 -1.468984 -0.317774 1.109773 -0.718626 0.180395 -0.781062 0.741810 -1.535857 1.930338 1.152740 -1.332826 0.458532 -0.660576 0.191293 -1.366278 0.821846 0.524383 1.261901 -0.950381 -1.042259 0.382561 1.000000
49 -0.120302 -0.277378 -1.475517 1.780483 -0.462438 -0.096065 -0.605498 1.557587 -1.052316 -0.592112 -1.976662 -0.218043 -0.507299 -0.319989 -0.505956 0.563498 -0.509515 -0.564208 1.162003 -1.351119 0.619887 0.557718 -0.305876 -0.039150 1.260970 1.667423 -2.667488 0.940206 -1.778648 -0.527660 -2.761360 -0.257093 0.682086 0.516007 -0.250986 1.548999 1.741970 1.172183 -1.254466 -1.077412 10.309173 1.000000
50 0.835921 -2.117663 0.425217 -1.105703 -1.912466 0.818426 0.609488 -1.015224 1.368009 0.104367 -1.871916 1.306376 -1.614339 1.723912 3.177035 0.140794 -0.202128 1.639952 -0.355793 0.936389 -0.469828 0.486845 0.055841 -0.573932 -1.043658 -0.126649 -0.246581 -1.823922 1.313444 0.049488 -0.789685 -0.012877 -0.004487 0.523591 -0.151446 1.483620 0.417065 -1.507228 -1.416007 -0.099793 35.515908 1.000000
uncorrelated Gaussian covariates
missing covariate fraction: 0.000000
no latent classes
   lambda(t|risk 1)=C, <t>=4.000000 for zero covariates
   risk 1: beta[1]=0.500000
   risk 1: beta[2]=0.500000
   risk 1: beta[3]=0.500000
   risk 1: beta[4]=0.500000
   risk 1: beta[5]=0.500000
   risk 1: beta[6]=-0.500000
   risk 1: beta[7]=-0.500000
   risk 1: beta[8]=-0.500000
   risk 1: beta[9]=-0.500000
   risk 1: beta[10]=-0.500000
   risk 1: beta[11]=0.000000
   risk 1: beta[12]=0.000000
   risk 1: beta[13]=0.000000
   risk 1: beta[14]=0.000000
   risk 1: beta[15]=0.000000
   risk 1: beta[16]=0.000000
   risk 1: beta[17]=0.000000
   risk 1: beta[18]=0.000000
   risk 1: beta[19]=0.000000
   risk 1: beta[20]=0.000000
   risk 1: beta[21]=0.000000
   risk 1: beta[22]=0.000000
   risk 1: beta[23]=0.000000
   risk 1: beta[24]=0.000000
   risk 1: beta[25]=0.000000
   risk 1: beta[26]=0.000000
   risk 1: beta[27]=0.000000
   risk 1: beta[28]=0.000000
   risk 1: beta[29]=0.000000
   risk 1: beta[30]=0.000000
   risk 1: beta[31]=0.000000
   risk 1: beta[32]=0.000000
   risk 1: beta[33]=0.000000
   risk 1: beta[34]=0.000000
   risk 1: beta[35]=0.000000
   risk 1: beta[36]=0.000000
   risk 1: beta[37]=0.000000
   risk 1: beta[38]=0.000000
   risk 1: beta[39]=0.000000
   risk 1: beta[40]=0.000000
