active=100: 1 2 3 4 5 6 7 8 9 10 11 12 13 14 15 16 17 18 19 20 21 22 23 24 25 26 27 28 29 30 31 32 33 34 35 36 37 38 39 40 41 42 43 44 45 46 47 48 49 50 51 52 53 54 55 56 57 58 59 60 61 62 63 64 65 66 67 68 69 70 71 72 73 74 75 76 77 78 79 80 81 82 83 84 85 86 87 88 89 90 91 92 93 94 95 96 97 98 99 100 
active=99: 1 2 3 4 5 6 7 8 9 10 11 12 13 14 15 16 17 18 19 20 21 22 23 24 25 26 27 28 29 30 31 32 33 34 35 36 37 38 39 40 41 42 43 44 45 46 47 48 50 51 52 53 54 55 56 57 58 59 60 61 62 63 64 65 66 67 68 69 70 71 72 73 74 75 76 77 78 79 80 81 82 83 84 85 86 87 88 89 90 91 92 93 94 95 96 97 98 99 100 
active=98: 1 2 3 4 5 6 7 8 9 10 11 12 13 14 15 16 17 18 19 20 21 22 23 24 25 26 27 28 29 30 31 32 33 34 35 36 37 38 39 40 41 42 43 44 45 46 47 48 50 51 52 53 54 55 56 57 58 59 61 62 63 64 65 66 67 68 69 70 71 72 73 74 75 76 77 78 79 80 81 82 83 84 85 86 87 88 89 90 91 92 93 94 95 96 97 98 99 100 
active=97: 1 2 3 4 5 6 7 8 9 10 11 12 13 14 15 16 17 18 19 20 21 22 23 24 25 26 27 28 29 30 31 32 33 34 36 37 38 39 40 41 42 43 44 45 46 47 48 50 51 52 53 54 55 56 57 58 59 61 62 63 64 65 66 67 68 69 70 71 72 73 74 75 76 77 78 79 80 81 82 83 84 85 86 87 88 89 90 91 92 93 94 95 96 97 98 99 100 
active=96: 1 2 3 4 5 6 7 8 9 10 11 12 13 14 15 16 17 18 19 20 21 22 23 24 25 26 27 28 29 30 31 32 33 34 36 37 38 39 40 41 42 43 44 45 46 47 48 50 51 52 53 54 55 56 57 58 59 61 62 63 65 66 67 68 69 70 71 72 73 74 75 76 77 78 79 80 81 82 83 84 85 86 87 88 89 90 91 92 93 94 95 96 97 98 99 100 
active=95: 1 2 3 4 5 6 7 8 9 10 11 12 13 14 15 16 17 18 19 20 21 22 23 24 25 26 27 28 29 30 31 32 33 34 36 37 39 40 41 42 43 44 45 46 47 48 50 51 52 53 54 55 56 57 58 59 61 62 63 65 66 67 68 69 70 71 72 73 74 75 76 77 78 79 80 81 82 83 84 85 86 87 88 89 90 91 92 93 94 95 96 97 98 99 100 
active=94: 1 2 3 4 5 6 7 8 9 10 11 12 13 14 15 16 17 18 19 20 21 22 23 24 25 26 27 28 29 30 31 32 33 34 36 37 39 40 41 42 43 44 45 46 47 48 50 51 52 53 54 55 56 57 58 59 61 62 63 65 66 67 68 69 70 71 72 73 74 75 76 77 78 79 80 81 82 83 84 85 86 87 89 90 91 92 93 94 95 96 97 98 99 100 
active=93: 1 2 3 4 5 6 7 8 9 10 11 12 13 14 15 16 17 18 19 20 21 22 23 24 25 26 27 28 29 30 31 32 33 34 36 37 39 40 41 42 43 44 45 46 47 48 50 51 52 53 54 55 56 57 58 59 61 62 63 65 66 67 68 69 70 71 72 73 74 75 76 77 78 79 80 81 82 83 85 86 87 89 90 91 92 93 94 95 96 97 98 99 100 
active=92: 1 2 3 4 5 6 7 8 9 10 11 12 13 14 15 16 17 18 19 20 21 22 23 24 25 26 27 28 29 30 31 32 33 34 36 37 39 40 41 42 43 44 45 46 48 50 51 52 53 54 55 56 57 58 59 61 62 63 65 66 67 68 69 70 71 72 73 74 75 76 77 78 79 80 81 82 83 85 86 87 89 90 91 92 93 94 95 96 97 98 99 100 
active=91: 1 2 3 4 5 6 7 8 9 10 11 12 13 14 15 16 17 18 19 20 21 22 23 24 25 26 27 28 29 30 31 32 33 34 36 37 39 40 41 42 43 44 45 46 48 50 51 52 53 54 55 56 57 58 59 61 62 63 65 66 67 68 69 70 71 72 73 74 75 76 77 78 80 81 82 83 85 86 87 89 90 91 92 93 94 95 96 97 98 99 100 
active=90: 1 2 3 4 5 6 7 8 9 10 11 12 13 14 15 16 17 18 19 20 21 22 23 24 25 26 27 28 29 30 31 32 33 34 36 37 39 40 41 42 43 44 45 46 48 50 51 52 53 54 55 56 57 58 59 61 62 63 65 66 67 68 69 70 71 72 73 74 75 76 77 78 80 81 82 83 85 86 87 89 90 91 93 94 95 96 97 98 99 100 
active=89: 1 2 3 4 5 6 7 8 9 10 11 12 13 14 15 16 17 18 19 20 21 22 23 24 25 26 27 29 30 31 32 33 34 36 37 39 40 41 42 43 44 45 46 48 50 51 52 53 54 55 56 57 58 59 61 62 63 65 66 67 68 69 70 71 72 73 74 75 76 77 78 80 81 82 83 85 86 87 89 90 91 93 94 95 96 97 98 99 100 
active=88: 1 2 3 4 5 6 7 8 9 10 11 12 13 14 15 16 17 18 19 20 21 22 23 24 25 26 27 29 30 31 33 34 36 37 39 40 41 42 43 44 45 46 48 50 51 52 53 54 55 56 57 58 59 61 62 63 65 66 67 68 69 70 71 72 73 74 75 76 77 78 80 81 82 83 85 86 87 89 90 91 93 94 95 96 97 98 99 100 
active=87: 1 2 3 4 5 6 7 8 9 10 11 12 13 14 15 16 17 18 19 20 21 22 23 24 25 26 27 29 30 31 33 34 36 37 39 40 41 42 43 44 45 46 48 50 51 52 53 54 55 56 57 58 59 61 62 63 65 66 67 68 69 70 71 72 73 74 75 76 77 78 80 81 82 83 85 86 89 90 91 93 94 95 96 97 98 99 100 
active=86: 1 2 3 4 5 6 7 8 9 10 11 12 13 14 15 16 17 18 19 20 21 22 23 24 25 26 27 29 30 31 33 34 36 37 39 40 41 42 43 44 45 46 50 51 52 53 54 55 56 57 58 59 61 62 63 65 66 67 68 69 70 71 72 73 74 75 76 77 78 80 81 82 83 85 86 89 90 91 93 94 95 96 97 98 99 100 
active=85: 1 2 3 4 5 6 7 8 9 10 11 12 13 14 15 16 17 18 19 20 21 22 23 24 25 26 27 29 30 31 33 34 36 37 39 40 41 42 43 44 45 46 50 51 52 53 54 55 56 57 58 59 61 62 63 65 66 67 68 69 70 72 73 74 75 76 77 78 80 81 82 83 85 86 89 90 91 93 94 95 96 97 98 99 100 
active=84: 1 2 3 4 5 6 7 8 9 10 11 12 13 14 15 16 17 18 19 20 21 22 23 24 25 26 27 29 30 31 33 34 36 37 39 40 41 42 43 44 45 46 50 51 52 53 54 55 56 57 58 59 61 62 63 65 66 67 68 69 70 72 73 74 75 77 78 80 81 82 83 85 86 89 90 91 93 94 95 96 97 98 99 100 
active=83: 1 2 3 4 5 6 7 8 9 10 11 12 13 14 15 16 17 18 19 20 21 22 23 24 25 26 27 29 30 31 33 34 36 37 39 40 41 42 43 44 45 46 50 51 52 53 54 55 56 57 58 59 61 62 63 65 66 67 68 69 70 72 74 75 77 78 80 81 82 83 85 86 89 90 91 93 94 95 96 97 98 99 100 
active=82: 1 2 3 4 5 6 7 8 9 10 11 12 13 14 15 16 17 18 19 20 21 22 23 24 25 26 27 29 30 31 33 34 36 37 39 40 41 42 43 44 45 46 50 51 52 53 54 55 56 57 58 59 61 62 63 65 66 67 68 69 70 74 75 77 78 80 81 82 83 85 86 89 90 91 93 94 95 96 97 98 99 100 
active=81: 1 2 3 4 5 6 7 8 9 10 11 12 13 14 15 16 17 18 19 20 21 22 23 24 25 26 27 29 30 31 33 34 36 37 39 40 41 42 43 44 45 46 50 51 52 53 54 55 56 57 58 59 61 62 63 65 66 67 68 69 70 74 75 77 78 81 82 83 85 86 89 90 91 93 94 95 96 97 98 99 100 
active=80: 1 2 3 4 5 6 7 8 9 10 11 12 13 14 15 16 17 18 19 20 21 22 23 24 25 26 27 29 30 31 33 34 36 37 39 40 41 42 43 44 45 46 50 51 52 53 54 55 56 57 58 59 61 62 63 65 66 67 68 69 70 74 75 77 78 81 82 83 85 86 89 90 91 93 94 95 97 98 99 100 
active=79: 1 2 3 4 5 6 7 8 9 10 11 12 13 14 15 16 17 18 19 20 21 22 23 24 25 26 27 29 30 31 33 34 37 39 40 41 42 43 44 45 46 50 51 52 53 54 55 56 57 58 59 61 62 63 65 66 67 68 69 70 74 75 77 78 81 82 83 85 86 89 90 91 93 94 95 97 98 99 100 
active=78: 1 2 3 4 5 6 7 8 9 10 11 12 13 14 15 16 17 18 19 21 22 23 24 25 26 27 29 30 31 33 34 37 39 40 41 42 43 44 45 46 50 51 52 53 54 55 56 57 58 59 61 62 63 65 66 67 68 69 70 74 75 77 78 81 82 83 85 86 89 90 91 93 94 95 97 98 99 100 
active=77: 1 2 3 4 5 6 7 8 9 10 11 12 13 14 15 16 17 18 19 21 22 23 24 25 26 27 29 30 31 33 34 37 39 40 41 42 43 44 45 46 50 51 52 53 54 55 56 57 58 61 62 63 65 66 67 68 69 70 74 75 77 78 81 82 83 85 86 89 90 91 93 94 95 97 98 99 100 
active=76: 1 2 3 4 5 6 7 8 9 10 11 12 13 14 15 16 17 18 19 21 22 23 24 25 26 27 29 30 31 33 34 37 39 40 41 42 43 44 45 46 50 51 52 53 54 55 56 57 58 61 62 63 65 66 67 69 70 74 75 77 78 81 82 83 85 86 89 90 91 93 94 95 97 98 99 100 
active=75: 1 2 3 4 5 6 7 8 9 10 11 12 13 14 15 16 17 18 19 21 22 23 24 25 26 27 29 30 31 33 34 37 39 40 41 42 43 44 45 46 50 51 52 54 55 56 57 58 61 62 63 65 66 67 69 70 74 75 77 78 81 82 83 85 86 89 90 91 93 94 95 97 98 99 100 
active=74: 1 2 3 4 5 6 7 8 9 10 11 12 13 14 15 16 17 18 19 21 22 23 24 25 26 27 29 30 31 33 34 37 39 40 41 42 43 44 45 46 51 52 54 55 56 57 58 61 62 63 65 66 67 69 70 74 75 77 78 81 82 83 85 86 89 90 91 93 94 95 97 98 99 100 
active=73: 1 2 3 4 5 6 7 8 9 10 11 12 13 14 15 16 17 18 19 21 22 23 24 25 26 27 29 30 31 33 34 37 39 40 41 42 43 44 45 46 51 52 54 55 56 57 58 61 62 63 65 66 67 69 70 74 77 78 81 82 83 85 86 89 90 91 93 94 95 97 98 99 100 
active=72: 1 2 3 4 5 6 7 8 9 10 11 12 13 14 15 16 17 18 19 21 22 23 24 25 26 27 29 30 31 33 34 37 39 40 41 42 43 44 45 46 51 54 55 56 57 58 61 62 63 65 66 67 69 70 74 77 78 81 82 83 85 86 89 90 91 93 94 95 97 98 99 100 
active=71: 1 2 3 4 5 6 7 8 9 10 11 12 13 14 15 16 17 18 19 21 22 23 24 25 26 27 29 30 31 33 34 37 39 40 41 42 44 45 46 51 54 55 56 57 58 61 62 63 65 66 67 69 70 74 77 78 81 82 83 85 86 89 90 91 93 94 95 97 98 99 100 
active=70: 1 2 3 4 5 6 7 8 9 10 11 12 13 14 15 16 17 18 19 22 23 24 25 26 27 29 30 31 33 34 37 39 40 41 42 44 45 46 51 54 55 56 57 58 61 62 63 65 66 67 69 70 74 77 78 81 82 83 85 86 89 90 91 93 94 95 97 98 99 100 
active=69: 1 2 3 4 5 6 7 8 9 10 11 12 13 14 15 16 17 18 22 23 24 25 26 27 29 30 31 33 34 37 39 40 41 42 44 45 46 51 54 55 56 57 58 61 62 63 65 66 67 69 70 74 77 78 81 82 83 85 86 89 90 91 93 94 95 97 98 99 100 
active=68: 1 2 3 4 5 6 7 8 9 10 11 12 13 14 15 16 17 18 22 23 24 25 26 27 29 30 31 33 34 37 39 40 41 42 44 45 46 51 54 55 56 57 58 61 62 63 65 66 67 69 70 74 77 78 81 82 83 85 86 89 90 91 93 94 95 97 98 99 
active=67: 1 2 3 4 5 6 7 8 9 10 11 12 13 14 15 16 17 18 22 23 24 25 26 27 29 30 31 33 34 37 39 40 41 42 44 45 46 51 54 55 56 57 58 61 62 63 65 66 67 69 70 74 78 81 82 83 85 86 89 90 91 93 94 95 97 98 99 
active=66: 1 2 3 4 5 6 7 8 9 10 11 12 13 14 15 16 17 18 22 23 24 25 26 27 29 30 31 33 34 37 39 40 41 42 44 45 51 54 55 56 57 58 61 62 63 65 66 67 69 70 74 78 81 82 83 85 86 89 90 91 93 94 95 97 98 99 
active=65: 1 2 3 4 5 6 7 8 9 10 11 12 13 14 15 16 17 18 22 23 24 25 26 27 29 30 31 33 34 37 39 40 41 42 44 45 51 54 55 56 57 58 61 62 63 65 66 67 69 70 74 81 82 83 85 86 89 90 91 93 94 95 97 98 99 
active=64: 1 2 3 4 5 6 7 8 9 10 11 12 13 14 15 16 17 18 22 23 24 25 26 27 29 30 31 33 34 37 39 40 41 42 44 45 51 54 55 56 57 58 61 62 63 65 66 67 69 70 74 81 83 85 86 89 90 91 93 94 95 97 98 99 
active=63: 1 2 3 4 5 6 7 8 9 10 11 12 13 14 15 16 17 18 22 23 24 25 26 27 29 30 31 33 34 37 39 40 41 42 44 45 51 54 55 56 57 58 61 62 63 65 66 67 69 70 74 81 83 86 89 90 91 93 94 95 97 98 99 
active=62: 1 2 3 4 5 6 7 8 9 10 11 12 13 14 15 16 17 18 22 23 24 25 26 27 29 30 31 33 34 37 39 40 41 42 44 45 51 54 55 56 57 58 61 62 63 65 66 67 69 74 81 83 86 89 90 91 93 94 95 97 98 99 
active=61: 1 2 3 4 5 6 7 8 9 10 11 12 13 14 15 16 17 18 22 23 25 26 27 29 30 31 33 34 37 39 40 41 42 44 45 51 54 55 56 57 58 61 62 63 65 66 67 69 74 81 83 86 89 90 91 93 94 95 97 98 99 
active=60: 1 2 3 4 5 6 7 8 9 10 11 12 13 14 15 16 17 18 22 23 25 26 27 29 30 31 33 34 37 39 40 41 42 44 45 51 54 55 56 57 58 62 63 65 66 67 69 74 81 83 86 89 90 91 93 94 95 97 98 99 
active=59: 1 2 3 4 5 6 7 8 9 10 11 12 13 14 15 16 17 18 22 23 25 26 27 29 30 31 33 37 39 40 41 42 44 45 51 54 55 56 57 58 62 63 65 66 67 69 74 81 83 86 89 90 91 93 94 95 97 98 99 
active=58: 1 2 3 4 5 6 7 8 9 10 11 12 13 14 15 16 17 18 22 23 25 26 27 29 30 31 33 37 39 40 41 42 44 45 51 54 55 56 57 58 62 63 65 66 67 69 74 81 83 86 89 90 93 94 95 97 98 99 
active=57: 1 2 3 4 5 6 7 8 9 10 11 12 13 14 15 16 17 18 22 23 25 26 27 29 30 31 33 39 40 41 42 44 45 51 54 55 56 57 58 62 63 65 66 67 69 74 81 83 86 89 90 93 94 95 97 98 99 
active=56: 1 2 3 4 5 6 7 8 9 10 11 12 13 14 15 16 17 18 22 23 25 26 27 29 30 31 33 39 40 41 42 44 45 51 54 55 56 57 58 62 63 65 66 67 69 74 81 83 86 89 93 94 95 97 98 99 
active=55: 1 2 3 4 5 6 7 8 9 10 11 12 13 14 15 16 17 18 22 23 25 26 27 29 30 31 33 39 40 41 42 44 45 51 54 55 57 58 62 63 65 66 67 69 74 81 83 86 89 93 94 95 97 98 99 
active=54: 1 2 3 4 5 6 7 8 9 10 11 12 13 14 15 16 17 18 22 23 25 26 27 29 30 31 33 39 40 41 42 44 45 51 54 55 57 58 63 65 66 67 69 74 81 83 86 89 93 94 95 97 98 99 
active=53: 1 2 3 4 5 6 7 8 9 10 11 12 13 14 15 16 17 18 22 23 25 26 27 29 30 31 33 39 40 41 42 44 45 51 55 57 58 63 65 66 67 69 74 81 83 86 89 93 94 95 97 98 99 
active=52: 1 2 3 4 5 6 7 8 9 10 11 12 13 14 15 16 17 18 22 23 25 26 27 29 30 31 33 39 40 41 42 44 45 51 55 57 58 63 65 66 67 69 81 83 86 89 93 94 95 97 98 99 
active=51: 1 2 3 4 5 6 7 8 9 10 11 12 13 14 15 16 17 18 22 23 26 27 29 30 31 33 39 40 41 42 44 45 51 55 57 58 63 65 66 67 69 81 83 86 89 93 94 95 97 98 99 
active=50: 1 2 3 4 5 6 7 8 9 10 11 12 13 14 15 16 17 18 22 23 26 27 29 30 31 33 39 40 41 42 44 45 51 55 57 63 65 66 67 69 81 83 86 89 93 94 95 97 98 99 
active=49: 1 2 3 4 5 6 7 8 9 10 11 12 13 14 15 16 17 18 22 23 26 27 29 30 31 33 39 40 41 42 44 45 51 55 57 63 65 66 67 69 81 83 89 93 94 95 97 98 99 
active=48: 1 2 3 4 5 6 7 8 9 10 11 12 13 14 15 16 17 18 22 23 26 27 29 30 31 33 39 41 42 44 45 51 55 57 63 65 66 67 69 81 83 89 93 94 95 97 98 99 
active=47: 1 2 3 4 5 6 7 8 9 10 11 12 13 14 15 16 17 18 22 23 26 27 29 30 31 33 41 42 44 45 51 55 57 63 65 66 67 69 81 83 89 93 94 95 97 98 99 
active=46: 1 2 3 4 5 6 7 8 9 10 11 12 13 14 15 16 17 18 22 23 26 27 29 30 31 33 41 42 44 51 55 57 63 65 66 67 69 81 83 89 93 94 95 97 98 99 
active=45: 1 2 3 4 5 6 7 8 9 10 12 13 14 15 16 17 18 22 23 26 27 29 30 31 33 41 42 44 51 55 57 63 65 66 67 69 81 83 89 93 94 95 97 98 99 
active=44: 1 2 3 4 5 6 7 8 9 10 12 13 14 15 16 17 18 22 23 26 27 29 30 31 33 42 44 51 55 57 63 65 66 67 69 81 83 89 93 94 95 97 98 99 
active=43: 1 2 3 4 5 6 7 8 9 10 12 13 14 15 16 17 18 22 23 26 27 29 30 31 33 42 44 51 55 57 63 65 66 67 69 81 83 89 93 94 95 98 99 
active=42: 1 2 3 4 5 6 7 8 9 10 12 13 14 15 16 17 18 22 23 26 27 29 30 33 42 44 51 55 57 63 65 66 67 69 81 83 89 93 94 95 98 99 
active=41: 1 2 3 4 5 6 7 8 9 10 12 13 14 15 16 17 18 23 26 27 29 30 33 42 44 51 55 57 63 65 66 67 69 81 83 89 93 94 95 98 99 
active=40: 1 2 3 4 5 6 7 8 9 10 12 13 14 15 17 18 23 26 27 29 30 33 42 44 51 55 57 63 65 66 67 69 81 83 89 93 94 95 98 99 
active=39: 1 2 3 4 5 6 7 8 9 10 12 13 14 15 17 18 23 26 27 29 30 33 42 44 51 55 57 63 65 66 67 69 81 83 89 93 94 95 99 
active=38: 1 2 3 4 5 6 7 8 9 10 12 13 14 17 18 23 26 27 29 30 33 42 44 51 55 57 63 65 66 67 69 81 83 89 93 94 95 99 
active=37: 1 2 3 4 5 6 7 8 9 10 12 13 14 17 18 23 26 27 29 30 33 42 44 51 57 63 65 66 67 69 81 83 89 93 94 95 99 
active=36: 1 2 3 4 5 6 7 8 9 10 12 13 14 17 18 23 26 27 29 30 33 42 44 51 57 63 65 66 67 69 81 89 93 94 95 99 
active=35: 1 2 3 4 5 6 7 8 9 10 12 13 14 17 18 23 26 27 29 30 33 44 51 57 63 65 66 67 69 81 89 93 94 95 99 
active=34: 1 2 3 4 5 6 7 8 9 10 12 13 14 17 18 23 26 27 29 30 33 44 51 57 63 65 66 67 69 81 89 94 95 99 
active=33: 1 2 3 4 5 6 7 8 9 10 12 13 14 17 18 23 26 27 29 30 33 44 57 63 65 66 67 69 81 89 94 95 99 
active=32: 1 2 3 4 5 6 7 8 9 10 12 13 17 18 23 26 27 29 30 33 44 57 63 65 66 67 69 81 89 94 95 99 
active=31: 1 2 3 4 5 6 7 8 9 10 12 13 18 23 26 27 29 30 33 44 57 63 65 66 67 69 81 89 94 95 99 
active=30: 1 3 4 5 6 7 8 9 10 12 13 18 23 26 27 29 30 33 44 57 63 65 66 67 69 81 89 94 95 99 
active=29: 1 3 4 5 6 7 8 9 10 12 13 18 23 26 27 29 30 33 44 57 63 65 66 69 81 89 94 95 99 
active=28: 1 3 4 5 6 7 8 9 10 12 13 18 23 26 27 29 30 33 44 57 63 65 66 69 89 94 95 99 
active=27: 1 3 4 5 6 7 8 9 10 12 13 23 26 27 29 30 33 44 57 63 65 66 69 89 94 95 99 
active=26: 1 3 4 5 6 7 8 9 10 12 13 23 26 27 29 30 33 44 57 65 66 69 89 94 95 99 
active=25: 1 3 4 5 6 7 8 9 10 12 13 23 26 27 29 30 33 44 57 65 66 69 89 94 95 
active=24: 3 4 5 6 7 8 9 10 12 13 23 26 27 29 30 33 44 57 65 66 69 89 94 95 
active=23: 3 4 5 6 7 8 9 10 12 13 23 26 27 29 30 33 44 65 66 69 89 94 95 
active=22: 3 4 5 6 7 8 9 10 12 13 23 26 27 29 30 33 65 66 69 89 94 95 
active=21: 3 4 5 6 8 9 10 12 13 23 26 27 29 30 33 65 66 69 89 94 95 
active=20: 3 4 5 6 8 9 10 12 13 23 26 27 29 30 33 65 66 69 89 94 
active=19: 3 4 5 6 8 9 10 13 23 26 27 29 30 33 65 66 69 89 94 
active=18: 3 4 5 6 8 9 10 13 23 26 27 29 33 65 66 69 89 94 
active=17: 3 4 5 6 8 9 10 13 23 26 27 29 33 66 69 89 94 
active=16: 3 4 5 6 8 9 10 13 23 26 27 29 33 66 69 89 
active=15: 3 4 5 6 8 9 10 13 23 27 29 33 66 69 89 
active=14: 3 4 5 6 8 9 10 13 23 27 29 66 69 89 
active=13: 3 4 5 6 8 9 10 23 27 29 66 69 89 
active=12: 3 4 5 6 8 9 10 23 27 29 66 69 
active=11: 3 4 5 6 8 9 10 23 27 29 69 
active=10: 3 4 5 6 8 10 23 27 29 69 
active=9: 3 4 5 6 8 10 27 29 69 
active=8: 3 4 5 8 10 27 29 69 
active=7: 3 4 5 10 27 29 69 
active=6: 3 4 10 27 29 69 
active=5: 3 4 27 29 69 
active=4: 3 4 29 69 
active=3: 3 29 69 
active=2: 3 29 
active=1: 3 
