1 0.053580577320 0.991983166494
2 -0.043377741935 0.890854974962
3 0.006972255319 1.050014912000
4 -0.135633979167 1.017243485530
5 -0.072498073684 1.042906203037
6 -0.106948536082 0.987005564720
7 -0.110088760417 1.003240135330
8 0.023667478723 0.971375676081
9 0.004568711340 1.034889082060
10 -0.007400478723 1.102316594980
11 -0.058335510417 1.047665495350
12 -0.115782793814 1.062089841456
13 -0.109558778947 0.957920771434
14 -0.087389574468 0.929364645588
15 -0.001893000000 1.021573818953
16 -0.008960085106 0.976767199978
17 0.007697726316 0.865760294802
18 -0.076315366667 0.958927803775
19 -0.089870186813 1.096985503144
20 -0.151369329787 1.157954619163
21 -0.000699855670 0.859167607299
22 -0.091809395604 1.081248543687
23 0.214917103093 0.961404590701
24 -0.006690744681 0.961007634081
25 0.077613303030 1.026026165231
26 0.021394892473 1.058230025543
27 0.071254042105 1.023836504532
28 -0.028135218750 0.926293693551
29 -0.109694717172 1.065165238636
30 0.070638977528 1.059745602436
