N=100
P=80
R=2
1 2.406712 0.134455 0.739033 0.773824 0.735376 -1.629004 -1.227470 0.656323 1.745068 -0.538283 0.586114 0.773095 0.871718 -1.112850 0.274515 0.197242 -0.661688 -0.368682 1.038696 -0.953656 2.936035 0.915675 -1.170696 1.465268 0.271362 -0.258768 -0.023307 -1.019961 -1.699456 -0.506251 0.397509 1.775485 1.853912 -0.195191 -0.840669 0.587116 0.535224 0.440521 1.255452 0.383425 -1.768292 0.907603 0.509597 -1.306399 0.675588 0.257726 0.010296 0.920300 -1.346667 -0.837129 -0.296007 -0.698937 0.142714 0.402379 -1.225536 -0.728907 0.716506 -0.673415 -0.062437 1.288210 0.279034 -0.861865 0.570262 1.457144 0.443012 0.349788 0.035248 0.874176 -0.588744 -1.155609 0.829710 -2.118595 -0.311233 2.069465 -0.251811 0.103946 1.928297 -1.340260 1.577704 0.119133 1.787460 1.000000
2 -0.323271 0.783271 0.515498 -0.436123 0.076128 -0.835373 0.312531 -1.152764 -0.110916 0.425846 1.593985 0.248559 0.406173 1.461993 0.672214 0.636361 -0.028148 0.920532 0.521873 -1.047706 1.473982 -1.956218 -0.407972 0.084671 0.582474 1.708249 -0.661899 -2.028506 -0.596560 -0.932594 0.464323 1.610798 0.579452 0.780501 -0.622071 -1.592818 1.084422 -0.931834 2.375013 1.929963 0.419977 0.987105 -0.831447 -2.014443 -1.162330 1.109303 -1.394604 0.021163 0.931611 -0.065271 -0.134353 -0.228012 -0.230980 2.186406 -0.060373 -1.186204 1.417719 -1.708168 1.483041 0.910749 0.085416 -1.467947 -0.653178 1.501085 0.407634 2.226387 1.060095 1.179941 0.313259 -0.330691 0.805122 -0.651681 0.509505 2.297208 1.662221 0.166992 -0.924611 2.358310 -1.087512 0.558029 4.340499 1.000000
3 0.423299 0.349846 -1.301072 -0.033266 1.075390 -0.457317 1.049883 -0.243382 -1.116091 1.189380 0.971131 0.279663 0.536316 1.397013 1.033476 -1.783275 1.198864 0.520564 -0.951693 0.249752 0.450017 -0.115980 0.316992 -0.169465 -1.104383 -0.486079 0.752151 -0.319522 -0.492328 0.198184 1.146380 0.030208 0.644747 -0.713340 -0.940025 -1.128273 0.246246 -0.284155 -1.821228 0.450913 -0.211583 0.526396 0.275050 -0.220440 0.993502 -0.005949 0.998404 -0.112877 1.098068 -2.328170 0.989137 -1.508684 0.287336 -0.249017 -0.460080 0.449992 0.167719 0.206671 0.820610 -1.977994 -1.168446 1.416320 1.155025 -1.144549 1.454873 0.412676 -0.066173 -1.348122 -0.629630 0.992710 -0.306683 0.099217 -0.922720 -0.216164 0.904556 -0.028008 -0.117470 -0.901522 -0.444280 -0.251025 0.606841 1.000000
4 0.763802 -0.348624 -0.374006 -1.721501 1.421788 -1.107730 1.113298 0.085046 -0.372083 -1.548982 -1.196543 1.591288 1.592227 -1.589746 0.849687 -1.296052 -0.070909 -2.385065 1.887850 0.149244 -0.059524 0.190176 0.689625 -0.802963 0.559701 -0.160379 -1.488994 0.744381 -0.465979 0.501166 -1.146484 -0.095518 -1.452108 2.003707 -0.727153 0.713496 0.616044 -0.006479 -0.537989 0.709770 0.765122 -0.288761 0.881649 1.247162 -0.382114 -1.338313 0.850694 -0.573430 1.821120 -0.247767 -0.557325 -1.760740 0.395213 0.603026 -1.022585 1.570811 -1.220724 -0.276864 2.192766 1.077770 0.148177 -1.593309 0.098460 0.325056 -0.932496 -0.714814 0.792219 -0.868044 0.717358 0.274710 -0.150319 1.242906 0.262750 -1.556505 -0.760752 1.989701 0.835670 -0.635593 -0.506074 0.894813 18.930823 1.000000
5 1.557526 0.617508 0.089157 -0.488431 0.496181 0.453543 1.449086 -0.060830 0.707658 -0.155730 1.294852 1.282265 -0.372687 1.166526 -0.219528 -0.238715 -0.104130 -0.764929 -0.381008 0.073714 0.297987 1.512125 -1.621699 -0.586850 -0.385620 -1.289848 -0.708209 0.658588 -0.603262 0.519544 -0.867730 0.642075 1.228117 0.380462 -0.226055 0.685585 0.214179 -0.064721 -0.046531 -0.883504 0.770869 -1.925647 -0.947629 -0.425772 1.633100 -1.463839 1.307210 -2.322170 -0.439305 -0.832818 1.358925 -2.031240 -0.703312 -0.416026 0.210917 -0.008588 -0.211116 0.604882 2.326807 1.342421 -0.218474 0.443018 -0.559277 0.404420 0.210441 0.682363 -0.880265 -0.404758 0.761385 1.006147 -1.016439 0.324640 -1.249621 2.051446 -0.126345 -1.239541 -0.486589 -0.949196 0.066909 0.305754 12.509734 1.000000
6 -0.001503 -0.993834 -1.951841 1.356694 1.742901 -0.520437 1.253994 1.336187 0.332253 -0.541121 -2.843945 -1.740519 2.136380 -1.133520 -0.580613 1.843481 1.827217 0.199449 1.707452 1.686335 -0.222040 0.946067 2.049409 1.785544 -0.370070 0.007119 0.361205 0.751645 -1.285607 0.617908 1.473264 0.079537 0.280698 -0.293536 -0.027412 1.346963 -0.808532 0.523727 1.124315 -0.240863 -0.252392 0.843927 0.517528 -0.167259 -0.435641 -1.177597 0.561481 0.458676 0.380278 0.955898 1.513301 1.147055 -2.237935 0.490442 -0.552618 -1.325570 -0.200832 -0.490383 0.784146 -1.473867 0.986098 0.709164 0.346691 0.064683 -1.400015 -0.801892 1.108066 0.487740 1.706211 -2.269005 0.545869 -0.301508 -0.457180 -0.426021 1.019395 -0.073573 -0.937156 -0.275435 -0.545178 1.002730 2.382584 1.000000
7 -0.708949 -1.043275 -0.585633 -0.796788 0.428099 1.108671 -0.557523 0.875150 1.832256 -0.823794 -0.547821 -0.374839 0.238952 -0.541201 -0.468535 -1.945011 0.608547 -0.618764 -0.645642 -0.609359 0.405487 -0.975924 1.095562 -1.647679 -0.633835 -0.876409 -0.568641 -1.075766 -0.761947 0.123335 0.352319 -0.958953 0.455329 0.919019 -0.044836 -0.322388 -0.370277 0.048853 0.910611 0.397117 0.467074 1.600196 0.719160 -0.356184 2.281928 -0.956295 -1.370972 -0.097043 0.494636 -1.342008 0.868689 -0.641882 1.265917 0.206709 0.381132 -0.932768 -0.116423 -0.234468 -0.436354 0.306139 1.300623 -0.044355 2.037062 -0.649470 0.406927 -0.409925 -0.033206 -0.610796 1.047882 -1.410766 2.087814 0.040055 -1.566711 -1.517052 1.167405 0.005889 -0.223558 1.849346 -0.519927 0.271137 7.643744 1.000000
8 -1.185921 -0.616363 1.838820 0.996611 0.199002 -1.863246 -0.343025 0.860412 -1.748189 0.957674 -1.237534 1.143549 1.234078 0.173548 0.436485 -1.163029 -0.556362 0.992517 -0.550296 0.552344 1.197718 0.448298 0.766631 -0.948590 -1.074033 -0.099104 -1.074973 -1.523460 -0.945234 -2.537987 -0.582251 -0.524478 -0.465965 -0.581921 -1.260462 0.464682 -0.238379 -0.168878 -1.378207 0.562382 0.139341 -0.165906 2.071197 -0.142688 2.326651 1.143277 0.671251 1.081219 -1.307288 -1.345324 -1.391507 1.917760 -0.133119 0.778513 -0.613042 1.689238 0.984207 0.406484 -1.358990 -0.483950 -0.760688 1.790975 0.745943 0.759733 0.376703 -0.985923 1.228404 -0.969505 0.986861 0.362199 0.198553 0.373785 -1.024030 -1.138162 -0.135204 1.170506 -0.101286 0.833219 1.939031 -2.328244 5.562912 1.000000
9 -0.502270 -0.356877 1.547890 -0.591322 0.846465 -0.635949 -1.208183 0.449220 -0.271877 1.908133 -0.628838 -1.381791 0.910609 0.769135 -1.104574 -1.457652 -0.796392 0.455999 -0.820922 0.176776 -0.539547 -0.800651 0.332736 -0.201035 -1.455555 0.006630 0.774102 -0.256011 -0.267861 0.962087 -2.479499 -0.289155 -1.403522 -0.805033 -0.990047 -0.751891 1.062585 0.473612 -0.145135 0.047132 0.368612 -1.472847 -0.171620 -0.976044 0.588408 -0.060093 2.360370 1.253724 1.120334 -1.340269 0.828458 -0.335734 0.307238 0.477131 2.341661 -0.177719 0.493893 0.375177 -1.726408 2.254669 0.359210 3.096528 -0.307451 -0.167848 0.284127 -0.348021 -0.090561 -2.636856 -1.240114 -0.217120 0.549013 0.114604 1.257410 -0.466233 1.027320 -0.903480 0.365685 -0.067099 1.289232 -0.412506 7.502110 1.000000
10 -1.912687 2.533873 0.120506 0.313830 -0.640740 0.416386 -0.437333 -3.080196 -0.078436 -0.543980 -0.142742 0.725560 0.412573 1.122726 1.270622 -0.316798 -0.420877 -0.527583 0.220491 1.091636 0.860921 -0.735392 0.399044 0.683673 -1.298855 -0.321473 -0.006531 0.211966 -0.871532 -0.066132 1.748947 -0.570561 0.336650 0.279870 -0.815350 -0.139242 1.104668 0.502786 1.045186 -0.223135 -0.607506 -1.909320 0.026157 0.400050 -0.990697 -0.475193 -0.987704 -0.023342 -2.689244 -0.413337 -0.355593 0.719650 0.612085 1.114246 -0.381916 -0.845958 -0.568655 -1.069888 -0.358647 0.383959 -1.323527 -0.232866 2.372813 0.067659 -0.348681 0.106459 0.749577 2.302181 -0.057634 0.982501 -0.261510 0.449016 0.310375 1.897584 0.018517 0.911241 -1.118818 -0.857476 1.747875 -1.320873 6.579734 1.000000
11 0.858837 0.365023 0.082233 1.181466 -1.013404 0.740249 -0.559148 0.509959 -0.909054 0.195714 -1.887682 0.973166 -1.680571 -1.066209 -1.900438 1.314335 -1.484019 -0.100602 0.675626 -1.603890 0.261978 1.255413 1.018199 -0.919397 -0.621380 0.365242 0.968549 -0.439176 -0.144625 -1.493895 1.594574 0.075807 0.949775 1.027183 0.607172 0.313506 -1.292328 2.727927 -0.183256 -0.835889 0.479400 0.335905 -1.831420 -1.143741 0.168811 -0.768492 -1.626798 0.504195 -1.038200 0.706714 -1.286295 -0.194243 -0.886549 1.864097 -0.441964 1.283140 0.320696 -0.217228 0.299293 -1.370715 -0.359584 1.309148 1.116492 -0.944853 0.467289 -2.490654 1.720590 -0.469466 0.149282 2.035017 -0.705436 -0.408059 -0.661156 0.301882 0.869391 -0.561609 -0.530166 1.314671 -1.459816 -0.679006 6.351152 1.000000
12 0.979279 0.024263 -0.737488 0.707108 -0.431986 0.073260 0.577674 -0.332625 -2.321925 -0.079263 1.236620 1.880604 2.545490 1.012410 -0.198988 1.572350 -0.033801 0.160905 0.487512 0.920463 1.233005 0.265872 0.499447 0.276806 1.393039 1.489000 0.795162 1.096377 0.598518 -0.613079 -0.650096 -0.745797 1.034162 0.879723 0.373113 2.237026 0.172553 0.628155 -1.577470 -0.963142 -0.037605 0.397350 -1.714492 1.638683 0.536786 0.005703 -0.667927 0.777487 -0.377704 0.370900 1.028918 0.377124 0.131593 0.278696 1.770078 -0.491583 0.266875 2.042095 0.847936 0.727424 1.565615 0.290355 -0.845803 -0.655492 -0.106361 1.272508 1.704063 0.673781 0.814643 1.904585 -0.560871 -1.341459 0.882801 0.467380 -0.457104 1.543696 -0.411513 -0.229844 -0.260276 0.447269 0.933230 1.000000
13 1.815413 1.763109 -0.017709 0.261900 -0.862292 0.699392 -0.137350 -1.312109 -1.040071 0.255760 -1.925966 -0.984306 -0.659086 -2.351004 0.723337 0.775876 0.205674 -0.438842 -0.217191 1.184021 0.933816 -1.073540 0.473105 1.034524 -1.893615 -0.197372 0.448300 -0.470292 -0.960358 -0.167263 -0.462317 -0.556906 -0.232343 -0.716442 0.536015 1.138216 -0.199106 1.371769 0.269618 -1.041620 0.229455 1.777357 -1.374830 1.552913 1.585660 1.103715 -2.133074 1.193778 0.285943 1.029065 1.520352 -0.342153 0.725591 1.039013 0.837573 0.559865 -0.526772 0.498259 0.025742 0.237880 0.508824 -0.265674 -0.108569 1.201302 -2.874710 -0.899510 -0.307295 0.712043 -0.253123 1.262544 1.654671 -2.854326 2.105800 0.103134 1.879393 -0.270081 0.038078 -0.620388 0.756257 1.643795 2.360411 1.000000
14 0.425062 -1.677109 -0.335514 0.562909 0.358625 1.004202 0.681771 1.444576 -0.054041 1.346136 -0.338515 -1.340959 0.212673 0.469188 0.089479 -0.673331 1.027190 0.938200 -0.338878 0.087563 0.257881 -0.142082 0.027775 0.969460 0.076784 -1.012711 -0.546631 -0.781722 0.484296 0.587393 0.966001 -1.839792 2.006305 -0.731975 -0.485856 -0.894792 0.651979 1.393313 0.053764 -0.059851 -1.764421 -0.312509 -1.793490 -0.940566 -0.392906 1.118352 1.098739 -0.757602 0.463604 -0.133612 1.651867 -0.236797 -0.078924 1.726920 0.618508 -1.302246 -1.354441 0.640730 1.489468 0.681418 0.260504 -1.362862 0.392693 -1.379899 0.049753 -1.728882 -1.167216 0.607849 -1.278674 0.259819 -1.047739 -0.993779 -1.652137 -0.666030 -0.335313 0.846922 0.048539 -0.436807 -1.693311 -0.939627 5.667023 1.000000
15 -0.399129 1.107439 -1.267741 -0.306972 -0.126782 -1.000332 -0.183410 0.084223 1.377985 0.271620 -0.653454 -0.860475 0.084402 -0.351605 -1.268668 0.000389 -0.325957 -0.621219 -0.182491 1.599568 -0.434244 -0.781165 -1.933283 -0.677710 -0.493133 1.451962 0.678613 -1.577333 -0.118905 0.172698 -0.357563 1.055183 0.537836 -0.410321 -0.317032 0.147259 1.367567 -0.623476 -0.305285 1.841623 0.284720 2.435466 1.093257 0.430732 0.044875 2.551683 -1.167167 1.530312 0.971503 -1.071225 0.582545 -2.329106 -0.977679 -0.989469 -1.408110 -0.016190 -1.336616 -0.841551 -0.601645 0.134220 0.514467 0.041691 -0.319158 -0.781214 0.366681 0.867873 -0.042191 -0.662023 -1.130599 0.636739 0.167522 -0.093124 -1.323153 0.824012 0.459757 1.671325 0.476353 1.375430 -0.722496 0.711030 0.096437 1.000000
16 0.162119 0.136967 0.584650 -1.236686 0.152248 -0.202773 1.368521 -0.817107 2.465690 0.149926 0.760911 -0.426359 -0.464388 0.741021 0.597649 0.042723 -0.637137 0.300066 -1.278446 -1.458216 -0.428561 0.002379 -0.264567 -0.430280 -0.928159 -0.152317 0.338942 0.464834 1.171231 0.602696 -1.586766 0.527044 -1.241960 1.160607 1.947105 0.969990 0.004022 0.949084 0.415042 -0.288278 -0.316818 -0.967024 -0.110094 0.442730 0.412574 -0.278083 0.174064 -0.606622 -0.968919 -0.337373 0.676726 0.161365 -1.085458 -0.198548 -1.188121 0.345174 -1.222357 1.435243 0.150795 0.399815 1.375608 0.379898 0.564336 0.762260 -1.004886 0.475382 -0.397588 -0.257002 0.420927 -0.697674 -0.091638 0.550039 0.117437 1.046202 1.051105 0.950640 -0.959031 -0.059624 -0.131075 -0.834925 0.231187 1.000000
17 -2.106286 0.354829 0.184699 1.007156 0.700705 -2.135071 0.461235 -1.210391 0.173610 0.015165 -0.693048 -0.280691 0.324788 0.400568 1.381152 -1.713022 1.438375 1.248941 -0.245425 -0.719300 1.598977 0.223130 0.245500 -0.838210 -0.800786 1.201911 -1.789998 1.600838 0.537924 0.405987 0.830189 -0.774086 0.739980 -0.999030 -0.278431 0.489413 -0.455883 -1.632539 0.300183 -1.001248 1.654829 -0.601994 1.099612 0.200668 0.311817 -0.672088 0.167673 -0.779671 1.023739 0.894290 0.251047 -2.455060 0.821163 -0.778306 -0.874161 -1.154729 0.242692 1.301810 -1.186986 2.047507 -0.087041 0.570878 -1.065497 0.878635 -2.857593 0.325418 0.207814 -1.172119 -0.085026 0.210715 0.090404 0.934163 0.039042 0.526526 0.999914 0.023546 -0.180956 -2.116667 1.968976 -0.733858 4.498970 1.000000
18 0.760513 1.275664 0.483176 -0.923273 2.451867 0.353371 0.560424 0.523152 -0.349934 2.271421 0.720094 1.273294 -0.223838 0.564590 0.436588 -1.192171 0.009688 0.787527 0.795353 2.532655 -0.391289 -0.132986 -0.087689 1.040760 1.423549 -0.511425 0.844777 1.317576 1.048635 -0.300259 0.569601 -0.235411 0.926484 0.446963 -2.291891 0.122230 0.714869 0.805817 0.664852 -0.271623 1.484108 1.173070 1.183366 0.288794 -0.042991 -1.740332 0.647880 0.138959 0.329108 -1.056118 -0.999859 0.075388 -0.745682 -0.415991 0.886896 -1.581643 -0.891862 0.668357 -0.052961 -0.543881 0.726392 -1.357845 0.656184 -1.029812 -0.842731 -0.885263 -0.287688 -0.304041 -0.554126 -0.590534 -0.478222 -0.542853 1.573229 1.773822 0.278065 -0.977107 -1.208661 0.751045 -0.139014 -1.511876 7.246763 1.000000
19 2.027398 0.948533 -0.214151 0.884844 0.701899 -0.201373 0.645509 -0.193720 -0.141731 -0.271454 -0.693797 -0.722401 -0.717112 0.013090 1.000423 -0.117148 0.480492 -0.303750 0.399656 0.552768 -1.265232 1.233574 0.095868 -0.076363 0.443215 0.176768 0.328284 1.470189 0.114553 -0.094681 0.238414 -0.501565 2.219447 -1.272849 -0.814882 0.234442 -0.298775 -1.232815 0.142696 0.875230 -0.303699 1.582686 -1.328351 -0.094136 -0.466187 -1.316035 1.126784 0.213004 -0.856086 -0.238645 0.367058 1.662908 0.662155 0.582131 0.886853 -0.042457 2.468202 0.549133 -1.176579 -0.407925 -0.267002 -0.553207 -0.614228 1.025083 0.517033 -0.275494 -0.074200 0.802278 -0.156268 0.614820 0.738772 0.508600 -2.420579 0.037789 -0.105603 -1.267829 0.670716 -0.573157 -0.453949 0.363532 0.021787 1.000000
20 2.007046 0.632247 -0.385920 -1.432742 1.120652 0.470718 -0.268402 1.602812 0.607604 0.463984 -1.492593 -0.663444 0.051781 1.077737 0.294765 -0.262185 2.042386 0.435876 -0.460415 -1.381254 -1.515927 1.761928 -0.770537 2.290837 2.322280 0.126272 -0.537826 -0.159488 0.148533 1.616253 1.389396 2.164681 -0.322583 -0.734374 -1.457186 0.700630 -0.199680 2.235690 -0.005122 0.061858 0.671642 0.170171 0.765740 -1.771934 -1.450063 -0.109138 0.499411 1.684205 0.408816 -0.952557 0.513925 -0.089163 -0.018202 1.503435 -0.445811 -0.051079 -0.210194 -0.266404 0.377355 -1.714177 -1.797524 1.124513 -0.196856 -0.060024 -0.213113 -0.819359 -1.299920 1.548290 0.642025 0.851515 -0.320916 -0.584679 -0.457098 0.656043 -1.137505 -1.504796 -0.540735 -0.197221 -2.158767 0.569699 20.965283 1.000000
21 -0.273006 -0.246969 1.481099 0.742093 -0.053901 -1.228068 1.112021 -0.136911 -0.762778 -0.127991 1.072052 -1.386696 -0.355254 1.209322 -1.266591 0.580173 1.034080 -0.275153 0.159871 -1.792594 0.922540 -0.113475 -1.033011 1.295001 -1.177163 -1.903056 -0.752354 -0.069188 0.808504 1.295883 0.460089 -1.115716 0.991208 -1.367390 -0.729471 0.003805 0.456535 -0.715995 -0.662625 0.246456 -0.179012 1.297944 0.446070 0.035723 -1.206492 0.512295 0.108942 0.429632 -1.630714 -1.582200 -0.497708 0.038333 -0.718262 -0.355626 0.021871 -0.829946 0.133448 -0.642945 0.146677 -1.260724 -0.555278 -0.021027 -1.477733 1.123442 -0.070788 -2.732669 0.829523 -0.839637 -0.138757 0.104091 -0.734695 -0.368466 0.003896 -0.802503 1.610136 0.512989 -0.177532 0.121171 -0.900491 -0.382499 2.453416 1.000000
22 0.725511 -1.641388 0.251656 0.074667 -0.695210 -0.156403 0.056557 -0.767716 0.200547 0.444965 0.114013 -1.201922 -0.694096 -0.118066 0.622226 -1.050079 -0.437235 0.167754 1.034248 -1.629022 0.712792 -0.591655 1.311176 0.094872 -1.046399 0.077148 0.192985 1.345043 -0.948916 -1.835846 0.142802 -0.559811 -1.214787 1.043452 -0.252334 0.859358 -0.070330 -0.359702 -1.621693 0.877246 -0.084035 -0.024459 -0.257559 0.169311 -0.222388 -1.078082 0.048193 1.034799 -0.086239 0.043390 -0.324694 1.751655 0.093237 -0.306404 1.556465 -0.469829 -0.318104 1.815955 -0.520426 0.177815 1.339724 -0.603663 -0.562639 0.813633 -0.079313 0.976472 -1.276028 -1.013241 0.665982 1.449734 0.573048 0.545950 0.216920 -0.824103 0.573449 0.312527 1.135574 -0.490503 0.613082 1.407425 1.960893 1.000000
23 -0.875016 -0.139257 -0.440771 0.801585 -1.229443 -0.073213 -1.178483 -0.648644 -1.656783 -0.995416 -3.276682 0.013702 0.280225 0.427971 -0.873299 -1.328243 0.060035 -0.101086 0.781459 1.060821 -0.105964 1.078919 0.510613 1.312853 0.018847 2.446487 1.774154 0.692575 1.212459 0.628743 -0.575332 -0.754752 -0.238935 -2.031693 0.692705 0.488179 0.083573 -1.632476 -1.172239 1.120789 0.058367 0.323816 -1.277384 -0.793946 -0.698438 -0.421491 -1.268542 0.622960 -0.200551 -0.188025 1.024012 -0.320782 -0.639062 1.315594 -0.584454 1.398196 -1.001018 -0.351541 0.008274 -0.152241 -0.934325 -0.038929 1.783863 1.851797 -0.298557 0.479267 1.119014 -1.532344 0.084152 0.696345 0.864016 0.341914 -0.762155 -0.146651 0.262377 -0.717869 0.618820 -1.096910 -0.539406 0.738005 5.922056 1.000000
24 -1.072016 1.051150 0.594880 1.132645 -0.962709 0.161422 -0.170541 -0.053493 1.623222 1.368976 1.227281 0.424521 1.516274 0.349200 -0.292874 1.869105 -0.917716 1.431047 0.787116 -0.359515 -0.027719 0.725493 -0.354808 0.801895 -0.027816 0.483700 -0.058957 0.159455 -0.841983 0.847442 -0.125019 -0.566596 1.520965 1.525569 1.920805 0.331813 2.492914 2.085161 0.771299 -0.555796 0.754444 -1.034349 -0.125210 1.334100 0.705257 -1.817094 -1.695911 -0.233268 0.683959 -1.247292 -0.239091 -0.980167 0.695289 -1.692323 0.222847 -0.277362 -0.770012 1.056619 -0.137017 0.843224 -2.526137 -0.194319 0.628900 -0.285458 2.871818 -0.571804 -1.349118 -0.713876 -1.283055 0.678436 -1.287955 1.240093 -1.505782 -0.180403 -0.273305 1.694213 0.447538 -0.938731 -1.465238 -1.230432 7.666699 1.000000
25 -0.796586 -1.728999 0.042290 0.752921 0.273458 0.107113 -1.464518 -1.060590 -0.312916 0.549714 -0.637733 0.910036 1.463865 0.736693 -1.177832 -0.915551 0.902169 0.705258 0.658203 0.218052 -1.924808 0.176519 -0.951180 -0.053889 0.618562 -0.440779 3.331413 2.657138 0.706467 -1.565539 0.488260 0.861448 -1.290387 0.896921 -0.191536 -0.162149 0.557979 0.858197 -0.188484 -0.387305 -0.102048 1.469935 0.638711 -1.273648 0.600803 0.489986 -0.847694 1.632112 -1.529542 -0.535060 1.192418 0.395429 -0.478027 0.748569 1.657953 0.345785 -0.008355 0.003128 -0.830117 -0.199468 0.276231 0.052885 -0.381601 -0.717274 0.745909 0.532868 -0.317422 0.834318 -1.455356 -0.147260 0.626969 -0.149678 1.654749 -0.709347 0.314233 0.250045 -1.750306 -0.671688 0.044904 0.600609 2.025261 1.000000
26 0.011691 0.355656 -0.872960 -0.944958 -1.483553 -0.485452 -1.981634 0.738674 -2.965760 -0.019253 -2.049720 -0.500756 -1.197993 0.471196 1.111896 -0.298579 0.235425 0.489607 1.163677 2.039696 -0.737445 -1.555454 -1.915312 -0.271500 0.108786 -1.026793 0.768188 2.081028 -0.197962 -0.142818 0.178435 -1.263095 -1.027929 -1.327842 -0.084913 -0.270256 0.667940 -2.410809 0.368925 1.201193 1.891491 2.037853 1.653308 1.108345 -0.070915 -0.640591 0.617221 0.376496 0.090855 -0.568384 -0.975191 1.187309 0.525886 -0.673538 -1.117567 -0.536376 1.280449 -0.175820 0.080588 1.564149 0.332710 -0.170836 -0.286261 0.929596 -1.522934 -0.262364 -0.387630 1.625508 -0.072620 -0.065636 -0.193984 -0.207565 0.872735 2.389784 -1.114717 0.091979 -0.833406 1.710172 0.903193 0.986238 3.200967 1.000000
27 -0.969501 -1.145581 -1.746140 0.511802 -1.317145 0.637785 -1.203086 1.478513 -0.379347 -0.785186 -1.529057 -1.250556 0.477120 -0.153608 -2.128115 -0.756383 -0.211410 -0.432962 -0.161673 0.076362 0.124705 -0.699969 -1.208676 -0.058362 -0.233563 -1.623961 0.104742 -0.592862 0.092565 1.543900 -0.026778 0.715958 -0.762612 -1.298562 -0.749013 1.468404 0.399533 1.543823 -1.620299 -0.989036 -1.159758 -0.461528 0.339238 0.909457 0.171786 -0.290803 -0.168658 0.463040 -2.038238 -0.432146 0.604280 0.024950 -0.078617 -0.108544 -0.223819 -1.088509 0.741644 -1.235382 -0.220740 0.274412 1.956709 0.897189 -0.558634 0.212033 -1.063395 0.258623 0.194025 0.602850 -1.357925 -1.503161 -1.440873 -0.048432 0.586533 0.591809 -0.840246 -0.006815 -0.208515 0.064555 -0.409304 0.820112 0.960884 1.000000
28 0.406241 0.835065 0.755172 -2.269942 -0.221000 -0.734943 0.359263 -0.910370 0.254101 0.323928 0.144678 0.100471 1.845814 -0.198938 0.108600 0.264997 1.459592 -1.775926 -0.307041 -0.694870 0.971042 -1.120216 0.639501 1.833616 -0.365866 0.717239 0.028397 1.590029 -1.761466 0.576441 0.259344 -0.083374 -1.363360 -0.710595 -1.655244 1.037552 0.136101 0.601779 0.608500 0.607937 -1.184814 1.089525 0.084061 -0.967002 0.768106 1.157403 0.244436 -0.146491 0.939847 -0.673525 -0.184423 -0.949254 -0.833972 1.183881 0.302453 -0.337349 -0.231078 -1.777028 -1.313371 -1.458183 1.401458 -1.015988 1.074856 1.237545 2.153077 -0.962917 -1.690066 0.323082 1.794598 -0.021302 -0.580020 0.709316 -0.783238 0.374603 -0.019982 0.022852 -0.269616 -2.180295 0.114741 0.529891 3.063922 1.000000
29 0.828822 0.059853 1.301902 -0.626890 2.104031 0.504550 1.148791 -0.382398 -1.814456 -1.170750 0.155313 2.105692 0.323821 1.529716 1.413717 0.363707 -1.298842 -0.247069 0.139079 -0.577493 -0.286428 -0.690212 0.642285 -1.102102 -0.264581 -0.323967 -0.565296 -0.700003 -0.796153 0.497585 0.140926 -0.172930 0.514369 -0.751223 0.615864 0.790437 1.001498 -1.763199 1.051896 0.729131 -1.918964 0.181471 0.875151 -0.537559 -0.414519 0.242506 0.525188 0.509958 0.755951 1.082049 1.443673 -0.334388 -0.475391 -0.381975 -1.606887 0.900802 -0.479866 -0.362873 -0.265336 -0.807144 -0.256054 0.357171 -2.298791 -0.107592 -0.840639 -2.890173 -0.914577 -1.115600 0.092658 -0.439892 -0.572413 -0.385002 -0.420434 -0.469886 -0.366531 -1.318312 0.011422 0.682772 0.017210 1.439914 2.171159 1.000000
30 -1.095691 0.853488 0.182788 0.594242 0.432796 -0.641810 0.723351 -0.126715 -0.771775 1.237782 -1.673719 -0.186626 0.354116 0.376182 -0.535355 -0.071404 -1.806966 0.735728 -0.750999 0.303691 0.036576 3.162089 0.382211 -0.723862 0.618186 -0.569843 -0.329595 0.472646 1.336232 -0.595230 0.233362 0.768884 0.796911 -0.712342 0.865251 0.914898 0.780816 2.354232 0.775020 0.232441 0.099373 0.024711 -0.381220 1.924377 -0.241487 1.516169 -0.776215 0.743735 1.616148 -0.317815 0.927338 -2.309109 0.846414 0.463489 0.335359 -0.693043 0.433020 0.394471 -1.175112 -0.398460 1.897304 2.383406 -0.507175 -0.602289 -1.426933 -0.445687 2.550056 -0.556059 0.526259 1.108395 -0.590013 0.158939 -0.285412 2.167710 0.677516 -0.139796 -0.987962 -0.016768 -1.017102 -0.645509 0.274882 1.000000
31 0.057971 0.224122 0.846373 -0.836125 0.716245 -0.022690 0.559353 -0.000018 -1.300694 -0.359575 -0.638017 0.097143 0.831275 0.686211 -1.049868 0.747081 0.810593 0.470188 1.057114 1.273055 0.432111 0.076697 -2.897026 0.566113 0.591859 -0.549299 -0.031054 0.461301 1.129914 -0.875635 1.388348 -0.583762 2.089914 0.990122 -1.413250 -0.699952 0.493385 -0.306228 -0.451260 -0.079252 1.971972 -0.980426 -0.724256 0.094078 -0.093049 0.778466 0.087413 -1.759297 -1.352392 -0.349576 0.770357 0.274282 -1.267106 0.499028 2.179294 0.274345 -0.808250 0.360220 2.904243 -1.058499 -0.045793 -1.492815 0.988104 1.664482 1.098230 1.014578 0.121627 -0.299598 -2.519274 0.692104 -1.326810 -0.042788 1.585704 -1.063285 -0.495789 -0.106595 -0.048507 -2.001250 0.062616 -0.885642 4.780327 1.000000
32 -1.879311 1.455319 1.002461 1.451684 0.398649 0.746709 0.004043 2.297237 -0.851861 0.792226 0.824153 -2.651641 0.700935 1.472993 -0.363631 0.367984 1.208048 -1.549249 0.076074 0.811260 -1.788300 -0.128680 -1.934507 0.048954 -0.987132 0.597553 0.858085 -0.295829 -1.801585 0.757724 -0.547458 -0.438048 -0.002500 0.719169 -0.221253 0.908605 -1.829434 -0.422634 1.831440 -2.071809 1.152555 0.286709 1.193041 -1.141743 -0.125792 0.684116 -1.760624 0.440232 0.254177 -1.682185 -0.229288 0.277086 -1.111959 -0.533876 0.581601 -1.980393 0.339969 -0.173992 1.744843 0.631732 0.003430 0.928153 1.769563 0.017509 -0.110129 0.011396 0.033435 1.287844 0.796107 0.835953 0.958922 -0.135348 0.262045 0.721872 1.434552 -1.192456 0.017033 -0.114560 0.096594 -0.242323 1.844332 1.000000
33 1.081697 2.932439 -1.878464 0.275068 -0.926466 0.204233 -1.786057 -0.765096 1.286595 -0.844303 -0.290794 -0.883225 -1.370087 -2.605644 -0.611222 0.821801 0.623530 -0.656615 -1.097885 -0.654781 0.489332 -2.254061 -0.996123 0.037248 -0.589771 0.277622 -0.326415 -0.806737 -0.489531 -0.665067 0.812241 0.450979 -1.866567 -0.707247 0.570891 -0.695094 0.020614 -0.100152 0.706461 -0.494156 -0.134364 0.384424 -0.309920 -0.301440 -0.731245 -0.876404 0.012564 -2.309688 -0.776665 1.008397 0.034516 0.467952 -0.187633 -0.725811 -0.392964 -1.008823 -0.833876 1.613925 -0.029577 2.474421 -0.477003 -0.406433 -0.337795 0.227570 0.788709 -0.194145 -0.999492 0.335389 0.186954 -1.820691 0.079906 2.182959 0.292265 -0.654936 1.857548 -3.092430 0.329021 0.698269 -0.046923 1.022411 0.317618 1.000000
34 -0.380379 0.315214 1.067182 -0.579801 0.740591 0.556846 1.101880 1.542931 -1.915321 -0.542305 -0.436711 -1.026273 0.352616 -0.046247 -1.724823 -0.701697 0.051983 1.259590 0.074936 0.888652 0.084564 0.162121 0.179098 0.004750 -0.184348 -1.000235 -0.529709 -0.184458 0.238359 -1.101883 -0.100199 0.599395 1.194577 0.220991 -0.312515 0.698296 1.920760 1.383986 -1.418000 0.515779 1.483955 -0.844078 1.363568 0.163240 -0.950726 1.434119 1.945886 -0.031510 -0.086277 -1.016818 -1.656911 -0.864527 0.208218 0.430764 0.877985 0.016940 1.516167 -0.909793 0.107492 0.885572 0.438339 -0.256253 0.480769 0.772188 -0.129607 0.094264 -0.439470 0.492058 -1.920873 1.192664 -0.378041 -0.515772 -1.147278 2.436066 -0.362024 0.119275 -1.608321 -0.413656 -1.559928 -0.563545 2.512708 1.000000
35 0.323192 0.275522 1.189438 0.545974 0.722610 0.592683 1.965885 0.733444 -0.814138 -1.783882 -0.954550 0.002587 2.644829 0.628707 0.093873 1.795458 -0.929073 2.289790 0.564498 -0.331271 0.264332 -0.952912 -0.377038 1.267308 0.849804 0.369730 0.927227 2.124248 0.783602 0.477897 0.210814 0.822599 -0.398306 0.777282 -0.180582 -2.220804 -0.165549 -1.698867 -1.712844 -0.539475 -1.812732 0.425539 0.497460 0.844730 0.164773 -0.825597 0.797420 -1.745946 0.379676 0.893532 -1.726366 -0.034677 0.965782 1.431142 -1.378010 0.413702 0.842581 1.670109 -1.520438 0.259540 1.261439 0.241806 -0.576469 -0.189471 -1.097223 0.127671 0.288179 -1.594869 -0.437910 0.260363 1.153672 -0.182495 0.293314 0.145718 -0.787700 1.079581 1.154598 0.434527 0.108089 1.103675 3.886977 1.000000
36 -0.138315 -0.045017 0.314925 0.720378 -1.192879 -0.890779 1.952831 -1.487701 1.068855 2.016734 -1.104013 -0.021852 1.305483 0.520862 -0.421843 -0.135538 1.672517 -0.601047 -0.163396 -0.016557 -0.852335 -0.296211 -0.370439 -0.717157 -0.110705 -0.956724 -2.082196 -1.834279 -0.139098 -0.883594 -0.634459 -0.111031 2.083940 0.395111 1.304108 1.459768 -2.229792 0.412948 -0.722428 -0.690330 0.635855 -1.281074 0.666524 -0.927028 0.053691 -1.410327 -0.432033 -0.323031 0.827105 -0.565110 0.863379 0.214647 0.254310 -1.239000 0.092954 0.500427 0.610973 -0.839162 0.078740 -0.459792 -0.937038 0.837132 0.011276 -0.699238 -2.000221 -0.547219 1.158797 1.297085 1.316263 -0.123981 1.037631 -1.436519 -0.427155 -1.655937 1.512767 -0.804914 0.334437 -0.691750 -0.451729 -0.032564 6.832593 1.000000
37 0.970388 1.242422 0.305420 -0.850474 -0.536997 -0.681816 0.468476 -1.861188 -0.479103 0.376743 0.253521 -0.259708 -0.271828 0.273283 -0.717746 -0.180080 1.025327 0.588540 -1.195642 1.360883 1.404590 -0.618411 0.441579 -0.804570 0.042053 -0.588642 -0.757740 0.664370 -0.992976 -0.289111 -0.940528 0.794111 0.172178 -1.129195 0.651549 0.146312 -1.099321 -1.196851 1.085204 1.622010 0.236821 0.455713 0.631789 2.927991 -1.928045 -1.822889 0.826522 0.474765 -1.292105 0.752745 0.104711 0.179226 1.135689 0.221032 1.425015 -0.890758 0.445789 -0.129040 -0.849955 0.169681 0.529195 -1.137426 0.976684 -0.800459 -0.720080 -0.047891 -1.280414 0.444561 1.449926 1.680045 -0.997259 -1.686897 -0.637847 -1.137204 -0.436458 -0.389770 -1.742194 0.676224 1.318855 -1.163883 8.308555 1.000000
38 -0.688716 -0.099995 0.452089 0.228425 -1.793816 -0.220422 -1.489384 0.925795 1.532748 0.106199 -0.719084 0.054448 0.031614 -0.416319 0.163125 -1.910782 0.313082 0.865290 0.387932 0.221975 -0.118797 0.046890 -0.788731 0.008014 -1.162474 -0.548256 0.464869 -1.654729 -0.076094 0.773198 1.158295 -1.925202 0.922512 -1.144254 0.610357 -1.569461 -0.362687 -0.414974 0.681295 -3.283076 -0.761236 2.841456 -1.259153 -0.707642 0.602608 -1.151582 -1.143063 -0.366289 0.051323 -1.540667 0.558194 0.751824 -1.037607 -0.192933 -0.393593 -0.117382 3.010549 -0.362071 0.433220 -0.200115 -0.797461 -0.952093 -1.727043 0.044894 -0.955556 1.299772 -0.359351 -1.059601 -0.282283 1.464308 -0.416285 0.141371 -0.686399 1.973456 0.756955 0.474931 1.140238 -1.079668 -0.318783 0.275686 2.693509 1.000000
39 -0.234951 -0.163359 -0.946624 0.284958 -0.620269 -0.674241 0.763532 -0.281000 -1.913300 0.062135 -0.242663 0.251867 -1.751724 0.892140 0.399252 -0.400014 -0.495388 -0.456467 -1.933676 0.506246 1.364286 0.673839 0.432237 0.819579 0.779765 0.189012 0.502877 -2.416685 -1.420891 0.899981 0.916985 0.744874 -0.143605 -0.133657 1.062830 0.428329 -1.691214 -2.715868 1.014544 0.358229 -0.801296 2.451524 0.779478 0.578061 0.303809 1.386748 -0.045543 -0.871748 -0.759314 -1.288320 -0.758718 0.873404 0.734868 0.038809 -1.742987 0.035109 1.408564 -0.179852 0.145805 -0.296675 1.445328 0.366935 -0.273246 -2.328909 -0.255310 0.963720 -1.568598 0.288717 0.158722 1.462739 -0.328346 0.040587 0.539938 0.742028 0.556433 1.223419 0.033778 1.321038 0.229904 0.111670 0.814434 1.000000
40 -0.123912 1.383920 0.898367 -1.563952 -0.129981 0.212323 -0.546471 -0.402836 0.198117 -0.395283 -0.080142 -0.495826 -0.096775 -0.592029 -0.251198 0.627609 0.441833 -0.528211 0.882981 -0.485324 -0.692578 0.053734 -1.708684 -2.502536 -0.508551 -0.117046 -0.184198 -0.597297 0.756834 -0.694484 1.146126 -1.102352 1.451149 1.116855 -2.376483 -0.751540 1.817518 1.176265 0.660993 -0.290300 0.703025 0.166316 1.466519 0.580265 1.162663 0.551897 -0.580315 -1.884619 0.281783 -1.894477 0.172207 1.106877 0.172325 -0.708315 -0.099232 0.329116 -0.747459 2.563488 -0.738242 1.168878 1.451847 -0.889660 0.370453 0.609843 0.848610 0.123237 -0.668088 0.954729 0.280722 -0.180449 -0.400068 -2.040808 0.469647 -0.066691 1.433869 -0.234975 -1.022309 0.130100 -0.241685 0.166830 2.072152 1.000000
41 -1.924723 1.230772 -0.447756 -0.375636 0.918574 -1.188018 -0.358936 -0.309205 1.594149 0.154570 -0.118837 0.901710 -1.410574 -1.557790 1.183678 -0.389038 1.035515 0.811102 0.901542 -2.307863 -0.612499 1.146299 -0.559967 -1.024935 1.708213 0.516231 -0.369098 1.526093 1.179988 -0.101074 0.318767 1.529844 -0.338065 1.867769 0.686827 0.353475 0.259648 0.360272 0.205305 -1.276126 1.096406 -0.688446 -0.380680 2.571855 0.819674 1.645149 -0.951963 -0.362871 -1.353354 -1.255753 0.631428 0.458117 -0.447410 -1.094525 -0.407749 0.150305 -0.553324 1.040738 -0.064262 -0.372539 -0.050056 -1.439078 0.286184 -1.333703 -0.807308 0.668396 0.933672 -0.522276 0.806829 1.735170 -1.484520 0.317068 -2.427551 -0.175107 -0.793807 0.517551 -0.807857 1.438597 -0.773850 -0.340248 0.580486 1.000000
42 -0.576668 -0.200781 -0.232731 1.121175 0.540140 0.540287 -0.586290 -0.793702 -0.805937 -0.854747 0.569539 -0.867920 -0.472186 -0.866886 0.014489 -0.745918 -0.353501 -1.159365 0.701052 -0.608289 -0.182451 0.302950 -1.550545 -1.518972 -0.775006 -0.004779 -1.768617 -0.126467 -0.063051 0.148992 1.128883 -0.188320 2.046085 1.632755 1.402068 0.295321 -1.723052 1.192391 -0.995639 -0.428083 -2.173443 0.390476 -0.553570 -1.466443 1.398687 -1.769529 -1.595656 -0.783182 -0.324908 0.209928 1.265389 -2.028586 -0.780453 -1.194660 -0.779328 -0.167571 -0.260636 1.852708 0.591426 -1.093351 -1.760460 -1.192628 0.703101 -0.175779 0.102788 -2.041805 0.799759 -0.522084 -1.564860 -0.724074 0.735543 -0.439315 -0.320036 -0.863714 0.837105 -1.962508 -2.212746 0.795776 -1.181038 -1.338553 1.017530 1.000000
43 -2.040164 -0.935796 -1.083378 -1.312899 0.335831 -0.243431 -0.986759 0.815931 -0.129119 0.505871 -0.440329 -0.374772 -0.921496 -0.762733 0.415085 -1.383124 0.746262 0.880351 -0.761125 -1.853994 1.264506 0.661674 0.784642 -1.262129 -0.177670 1.557238 1.486786 -1.345853 0.101673 -0.735652 -1.472255 -0.381984 -0.160741 0.758237 0.495023 1.894910 1.085038 0.022102 -1.272934 -0.661447 0.830658 0.301524 -1.613791 -0.220634 0.293969 -0.542086 0.135196 -0.804156 1.637044 0.138857 -1.084110 -0.428892 -0.173022 0.394954 2.005885 -0.428395 -0.350949 -1.856144 -0.932150 -0.427289 -0.026462 -0.487178 -0.641857 0.791413 -0.884393 0.210850 -1.090558 -1.002329 -2.066692 -0.394624 -0.586732 -0.066696 -0.118724 1.199767 1.656555 1.574239 -0.059763 1.063746 0.027745 -0.405480 10.183587 1.000000
44 -0.699718 0.291546 -0.952748 0.151718 -1.068438 0.383823 0.748649 1.626867 0.222018 0.934061 -0.014478 -1.358880 0.473809 -0.850469 -1.588720 0.330136 -0.722752 -0.344977 -1.506776 0.454766 1.259837 -1.780695 2.226748 -0.790091 1.351869 0.630553 -0.890953 0.583280 -0.770972 -0.422079 -0.828399 -1.078085 -2.585421 -0.283594 1.144584 -0.971862 0.075629 0.589953 -0.339551 -0.574736 0.350829 1.698774 0.354997 0.573160 0.957398 -0.392870 1.106207 -1.893497 0.514162 -0.306514 -0.761447 1.743068 0.288052 -0.685975 0.274792 -0.465296 -0.123262 0.114358 -0.696406 0.289771 -0.047141 -0.888871 0.369276 0.954359 1.465135 -1.351748 0.375631 -0.144748 -0.641834 0.094673 0.334327 0.659785 1.478183 0.729885 -0.455748 3.022291 -1.117808 0.553481 -1.612693 0.262630 2.356577 1.000000
45 0.752548 0.528880 -0.110983 2.229137 -0.783889 -0.822677 0.811436 0.051669 -1.519784 0.796688 0.833903 0.749114 -0.005548 -0.302444 0.474467 -0.537717 -0.159889 -1.420157 -1.348835 0.482508 0.724016 1.938103 0.653300 0.427603 0.421632 0.600038 -0.601217 0.139671 -0.490218 1.360918 -0.005057 -0.312995 1.038680 -0.227056 0.384117 -1.183776 -0.439199 -1.073262 0.460773 -0.921291 2.968194 -0.093406 -2.228298 -0.169410 0.337032 -0.766530 -0.054054 -1.152680 0.031983 0.893264 -0.445777 -0.454274 1.028438 0.004422 0.156916 0.737040 0.359943 -0.491473 1.628277 -1.508315 -0.345321 -1.376078 0.635794 -0.513264 -0.803146 2.524802 0.733619 -0.694844 0.232660 -0.557046 0.323602 -1.663105 1.369920 0.061306 -0.889543 0.026236 -0.962296 -1.715690 -0.344204 -0.710764 7.197735 1.000000
46 0.672967 0.199401 0.119881 -2.777585 1.059220 1.999553 0.096928 -0.852837 1.352942 0.316316 0.406648 -0.105322 0.335563 0.345072 -0.401170 -0.177512 -0.654575 0.445179 0.443130 1.402978 1.571076 1.444748 0.304201 1.341597 0.210511 -0.159917 0.256909 -0.666043 -1.355641 -0.749643 0.234598 0.798628 -0.083031 0.572374 -0.777004 -1.065994 -0.152369 1.606289 -0.301514 -0.076855 1.102621 0.149033 0.428227 -0.876773 -0.744529 -0.546888 -0.380985 0.788923 -0.421249 1.150206 0.930205 -1.094494 0.627633 -1.283300 -0.802015 -0.726670 -0.414964 0.054361 1.660502 -0.427025 2.076323 -0.126927 -0.803859 0.752343 -0.514696 1.390077 1.156371 1.299865 0.160428 -0.818473 -1.232140 -1.107316 1.141114 0.742513 0.092971 1.550987 -0.406693 -0.113266 1.769921 0.047957 2.432105 1.000000
47 -1.070591 0.429532 -0.782724 0.022052 -1.694631 0.749476 -2.054279 0.673175 0.977960 0.240071 1.127452 0.155462 0.558672 -1.017429 0.265279 -0.163135 0.683553 -1.738137 1.940644 1.354477 -0.677694 -1.118974 -0.077960 -1.473515 -1.489343 -0.236202 0.332210 2.097761 -0.641757 -0.057575 -2.477396 0.954439 -0.730446 -1.062580 0.063101 -0.754918 -0.473481 -0.864789 0.850903 0.684270 0.146581 -2.225029 0.171392 -1.427375 0.082301 0.195377 -0.217463 1.350821 -0.234171 0.695482 -0.104353 -0.113251 1.298545 0.890879 0.535282 0.890301 0.349828 -0.097140 0.841751 -0.022572 -0.221651 -2.666745 1.713549 -1.598812 0.751917 -0.054801 0.041386 -0.511284 0.910890 -1.881219 0.800899 -0.822288 0.166137 0.732323 0.675876 -0.127647 -0.766909 0.052749 1.271805 -0.215215 2.402955 1.000000
48 -0.659359 0.004088 -0.276894 1.227993 0.513908 -1.656679 -0.403024 0.328301 -0.075554 0.275844 0.071398 -2.880985 -0.614099 0.805234 0.397236 0.650642 1.246178 -0.559974 -0.600704 -2.235090 -0.676758 1.038642 0.488832 0.408593 1.019343 0.175283 -0.291263 -1.297822 -0.887362 -0.541376 0.054529 -0.655298 -0.162441 0.701046 -0.435126 -0.163096 2.795248 1.804364 0.781292 0.303023 1.461909 -1.846039 0.339915 -0.948034 0.640827 1.991243 -0.168274 -0.431324 0.010657 -0.679080 -1.986862 1.441670 1.520180 -0.040077 -0.307614 0.794867 1.314537 0.515208 -0.036264 1.193040 0.608191 0.130192 -0.168314 0.641038 0.643405 0.194291 0.728374 0.735106 0.151343 -1.130691 0.039650 1.443585 -0.310394 0.476676 1.059065 0.355080 0.579309 -0.391901 0.774563 0.216822 2.566618 1.000000
49 0.291540 0.738306 0.335376 1.006573 0.325815 -1.123634 2.770755 0.656843 0.455145 -0.481222 -0.582770 2.216450 1.508918 -0.336271 1.836009 0.574138 -0.106849 -0.164598 2.142125 0.478453 0.361312 1.680460 -0.560940 0.777662 0.591878 0.597626 -1.371437 0.116778 -0.143082 0.395810 0.795357 -0.682932 0.270952 -0.279201 -0.257323 -0.632761 0.097664 0.725612 -0.651180 -0.007495 0.475231 0.088105 0.919433 -0.040984 0.040144 0.363319 -2.131483 0.716638 1.986283 -0.176467 1.628613 0.451655 0.303920 0.167749 0.006565 0.093239 0.698312 0.433517 0.118223 0.896106 0.140425 0.493753 -0.756552 2.393925 0.822250 -0.367519 0.169820 0.394744 -0.877845 0.141364 0.418643 -0.067118 -0.718089 -0.685475 -1.156614 1.914170 0.979193 1.415986 1.462929 0.231669 1.430117 1.000000
50 0.592600 -0.280559 0.983122 -1.082789 -0.277637 0.303332 1.364983 0.326488 1.198678 1.468339 -0.354732 -0.663922 -0.198321 -0.950909 0.819755 1.269336 -1.554968 -0.065836 1.011496 0.539910 1.426338 -1.285955 -1.153627 0.594796 -0.842831 -1.697399 0.363192 -0.143098 -1.008200 0.563571 -0.193513 0.586367 -1.214315 1.750092 0.436308 -0.969389 1.123674 0.751429 0.256489 -2.851845 0.777620 1.778513 -0.096773 -0.936618 0.393746 -0.026628 -0.974066 -0.052772 -1.111777 0.169228 -0.664912 -0.269819 -1.588127 -1.390445 -0.000768 0.677662 1.325452 -0.458893 3.366800 0.073209 -1.378061 2.378820 -1.013859 -1.524238 1.580581 -2.015928 2.597256 -0.062443 -0.627775 -0.546294 0.815427 -0.669211 0.549421 0.548595 -0.653627 -0.569236 0.934257 -0.675338 0.771432 -2.121470 4.435285 1.000000
51 -2.192538 -1.087578 0.563323 -0.127625 -0.504646 -2.038839 -1.807318 -1.309177 0.105376 0.330131 0.255706 0.335759 0.660525 -0.575516 -0.926841 -0.266208 0.335424 -0.034902 0.671839 -1.007404 -0.714013 -0.433508 -1.995359 1.290577 -0.832161 0.096307 0.993284 -0.181243 0.129482 -0.188964 0.271321 0.219876 0.677082 1.520005 -0.407961 0.726704 0.613964 -0.420890 0.003068 0.213967 -0.154540 0.046228 -0.327473 -0.518470 -2.079619 0.062632 -0.696663 -0.361588 -0.118308 -0.221416 0.883654 0.386737 -1.144750 -2.255500 2.375389 -0.274848 -0.122015 -0.021393 -0.733453 -0.725135 -0.571548 1.461041 0.312560 -0.471857 1.157177 -0.397248 -1.172015 -0.575246 1.088366 0.906807 -0.177694 0.171149 -2.665439 -1.048740 -0.797509 0.613610 -0.228720 1.950793 1.366641 -0.736330 0.270163 1.000000
52 0.399792 -0.461898 0.041072 -0.406483 -1.168292 -1.231402 0.145112 -0.299379 0.407520 1.255986 1.819311 0.499390 -0.486503 -0.201535 -0.512155 -0.844079 1.284550 -0.590065 -0.269260 0.558970 -1.141851 0.226461 -0.287804 1.380075 0.352481 -0.655405 -0.234768 -0.309081 -1.636128 -0.392601 -0.742829 -0.062654 -0.918005 0.062308 0.298394 -0.108498 0.761430 -1.326446 -1.121630 1.570625 -0.466849 1.307118 0.751748 -1.533611 -0.984236 -1.434203 -1.719456 1.218968 0.249079 -0.075635 -0.148931 0.038866 1.790288 0.604572 0.598254 0.100818 0.012812 1.480879 0.817372 0.578867 0.641185 0.450943 1.079109 -0.392193 -0.565090 1.851946 -1.063902 -0.406949 0.279580 -0.081372 -0.731123 -0.374341 -0.544348 -2.002180 2.208971 0.855323 -0.153336 0.587902 -0.281491 1.283975 7.540776 1.000000
53 0.176103 -0.701839 0.962567 -0.536037 -0.151305 0.177533 0.607182 2.143575 1.782933 0.734932 0.433809 -0.087957 0.659766 -0.186099 1.840288 1.901373 -0.174383 0.659565 -0.389497 -1.124957 0.358931 -0.069826 -0.792055 -0.723785 1.777169 0.214641 -1.131071 0.531949 -0.279149 -0.098018 1.447548 -0.079842 -1.491372 -0.424964 1.300297 -0.343882 0.532291 -0.498736 -0.467082 -0.308213 -0.203003 0.320856 0.947567 -1.139401 0.790625 -0.378908 2.287040 -1.020521 -0.439605 -1.944021 0.810364 -0.305596 -0.104057 -0.278950 1.773879 1.030811 -0.563755 1.396664 -0.671492 1.018483 -1.159406 0.098632 -2.690907 0.493347 0.847925 -0.171548 -1.828647 0.076056 -0.503003 0.041469 0.318133 1.656431 0.505867 0.971790 0.586371 0.402178 0.305208 0.840416 -0.479268 -1.740850 7.966233 1.000000
54 0.961590 -0.061981 -0.140408 0.878443 -0.624548 -0.466902 -0.759317 1.806041 1.163658 0.023652 0.608132 0.256939 0.941083 -0.641911 -0.455495 -1.055428 0.233768 -1.186217 1.708969 1.141472 -0.725598 -1.477583 0.706293 0.138187 -0.264948 0.995146 -0.376963 -1.653883 0.849976 1.529984 -0.764434 -1.205593 1.700391 -1.062282 -0.564532 -0.459186 -0.276509 1.031890 -0.550009 0.767010 0.853135 0.903170 0.137476 -0.645109 0.191685 0.997812 -0.853032 0.374414 -0.032397 -1.198469 0.836130 -0.445617 -0.401439 0.171974 0.505670 -1.919057 0.164790 0.963102 0.055300 -0.043787 0.969430 0.635549 1.549890 0.179609 0.242221 -1.542908 -0.729280 -0.302592 -1.371254 0.041491 -0.597433 -1.159448 0.375094 0.319840 -0.203540 1.809186 0.003096 0.686216 -1.236629 0.503814 6.745267 1.000000
55 0.059684 -0.129727 0.914751 0.994225 0.824692 -0.335984 -0.018345 2.101541 -0.356596 -1.079919 1.908151 -0.340992 0.213407 0.513451 0.731217 -1.218355 2.154458 0.865687 -1.231945 -2.042518 0.505790 0.099894 -1.245017 -0.628537 1.710144 1.227321 -0.086000 0.763490 0.230134 -0.301065 -0.149548 0.738224 0.637819 -0.380787 0.740457 0.813442 -0.293935 -1.631942 0.442743 -1.363721 0.118806 0.601974 -0.739166 0.194546 0.045434 1.274668 -1.499812 1.542902 -0.647360 0.513799 -0.131377 1.041904 -0.763879 1.195254 1.188221 -0.951425 1.263780 1.663831 2.142842 -1.772104 -0.845357 0.665486 -0.180647 0.190506 1.391864 -0.914140 -0.225870 0.622697 -0.307679 -2.928640 -1.162167 -1.057972 -1.268212 0.156967 -1.944420 0.736860 -1.091154 -1.016108 0.500460 -0.298453 2.891830 1.000000
56 1.772576 0.321988 1.461909 1.052772 -1.205419 -0.584994 0.274657 0.690291 0.713940 0.023327 1.446825 0.759629 -1.644946 -0.830023 -0.674210 1.511140 -0.338217 -0.537325 -0.467120 -0.308800 1.768053 -0.328476 -1.314523 -0.229979 -0.137912 0.448146 0.484898 0.739483 -2.373452 0.076900 -0.351861 0.335605 -0.077478 0.408754 0.798876 1.300098 0.440148 -0.429063 1.467354 0.332267 -0.981989 -0.823459 0.882548 1.865268 -0.523249 1.030624 -0.087954 -1.031400 -0.028270 -1.015249 1.947957 0.340215 -0.192528 -0.359572 -0.277744 -0.809201 -1.125917 0.913102 0.039147 -0.974337 -1.234427 -0.329087 0.687607 -0.200673 -0.789301 -1.116028 -3.185377 1.327866 -0.022557 -0.452343 1.817734 0.178651 0.753600 -0.785995 -0.059439 -0.189494 -0.084584 0.346945 -0.242470 -1.066273 18.828836 1.000000
57 0.032438 0.789013 0.430925 0.591794 -0.376589 0.307687 0.216335 1.295328 0.138201 -0.086234 0.148247 -0.228595 0.182392 1.429317 -0.053291 1.583308 0.691073 0.165280 0.158562 1.232307 -0.699691 -2.222536 -0.907572 -2.077405 -0.145383 -0.393822 1.184856 0.882864 1.788689 1.422166 1.211345 -0.605599 0.489841 0.107353 0.128149 0.885670 -0.378074 0.569818 -0.734977 0.419560 -0.785121 -0.883302 0.932843 0.359641 1.227784 0.456390 0.193090 -0.005039 0.267747 0.333472 1.496934 0.611991 2.122042 0.679627 -1.132290 1.765272 0.581916 -1.298403 -0.143961 0.936370 -0.781158 0.609329 1.221554 -0.403409 1.142466 0.161054 0.514850 -0.675578 -1.656540 -0.423098 -0.650201 -0.607309 -1.406128 0.621736 2.129230 0.164470 0.122262 -0.727939 0.404610 1.102513 3.525689 1.000000
58 -0.489825 -2.224059 -0.707713 -0.821408 -1.350856 0.285940 2.269168 -0.087144 -1.256509 0.225104 0.007766 -0.106102 -1.503787 -0.157974 0.867003 0.826843 -0.347839 0.850848 0.360489 0.791609 -1.080522 1.223553 -1.613616 1.481930 0.547095 -1.015821 -0.060539 1.624245 0.574087 -0.142625 -0.217042 0.794351 1.065082 0.386313 0.828398 -0.326301 0.317678 -0.071935 1.708096 1.994994 -0.037291 0.003460 0.509254 1.027591 0.436866 0.185026 1.111356 1.847085 -0.257778 1.059577 0.806190 1.136090 -1.872025 0.627988 0.031853 -0.966552 0.335395 -0.252310 -0.670514 -0.799885 -0.120903 0.057136 -0.873114 -0.395602 -0.053394 -1.162442 -1.064905 -0.252962 -0.715680 1.706849 -1.929374 -0.717574 -1.621611 -0.197153 -0.104257 1.566265 -0.255000 1.011420 -0.615744 -1.203635 4.487439 1.000000
59 -1.033083 0.690765 -0.071918 -0.425813 -1.005136 -0.225781 1.236511 0.724210 -1.048811 -1.986812 1.605788 -0.142872 1.629721 -0.465697 -0.628447 -1.108749 -0.537939 -2.063032 -0.653601 -0.881219 1.136036 -0.240176 -0.248918 -0.485896 1.339987 0.813671 -0.689836 0.801233 0.093514 -2.398338 0.106264 0.432524 0.606877 -0.856193 0.860408 0.671499 -0.533594 -0.118734 -0.668455 -0.084582 0.652511 0.587613 -1.172746 -1.322734 0.791760 1.204909 -2.166566 -0.697430 -0.473864 0.222258 -0.685507 0.133175 0.918165 0.852202 -1.482137 -0.578590 -0.493508 -0.155049 1.416172 -0.652495 0.419224 -0.100406 -0.652414 -0.832481 -1.759243 0.486142 -0.944377 -1.092466 -0.169510 -2.541294 0.162576 -0.086708 2.265839 0.004677 -2.410442 -1.190869 1.421795 0.239069 0.717169 1.639289 1.845729 1.000000
60 -0.011702 -0.676054 1.352741 0.121288 0.185696 -0.029088 1.662194 -0.234413 1.298771 -0.100472 0.730706 -0.230524 -0.124260 -0.917156 -1.428672 1.745718 0.014399 1.628141 1.381877 -1.799293 -0.201563 0.128730 0.515523 -1.727782 1.247889 1.469847 -0.769678 0.558104 0.948179 0.024697 1.474902 -0.571613 1.333897 2.547766 0.016739 0.937267 0.181254 0.892810 -0.685774 1.584753 -1.727451 1.453737 -0.191167 -1.001962 -0.183083 2.427455 0.180374 0.349855 0.086107 1.381739 -1.243296 -0.160771 0.359953 -0.735483 -1.679839 0.859477 0.487385 0.066932 -0.103880 0.220958 -0.709005 1.137726 0.784028 -0.215096 0.152491 -0.099473 -0.488417 -0.150643 1.130321 -0.273687 -0.511698 0.130326 0.742427 1.483438 0.037355 1.265411 0.474140 1.451742 -0.838265 -1.111888 0.591082 1.000000
61 0.427046 -0.621327 -0.239132 0.568140 0.422554 -1.609973 -0.789876 1.164538 -0.483929 0.378296 -0.247758 0.367399 0.229599 0.052201 -1.702895 0.097475 -1.181153 1.067509 0.995333 -1.740226 -0.019520 0.150438 -0.498159 0.681996 0.989920 -0.756118 -0.210282 -1.925324 1.545848 -0.397679 0.694089 0.659655 -1.725954 -0.658376 0.663241 -0.377660 -1.449650 0.212351 -2.387758 -0.107411 0.866045 -1.150625 1.766795 -0.162925 -0.511147 -1.370160 1.385297 2.526749 0.125585 -1.587146 -0.270986 -0.515218 -1.077377 -1.278010 -0.338909 1.316290 0.669118 1.095122 0.216877 0.007242 -1.097129 0.340363 0.841447 -0.484363 1.015291 0.614042 0.725357 -2.158319 -1.887371 -1.570854 0.120868 -0.424222 -1.538328 -0.815756 0.036956 -1.163458 -1.109525 0.360974 -0.288651 0.582155 3.414032 1.000000
62 2.493590 0.490858 0.265437 0.311908 0.329972 -0.116968 -0.770870 2.212387 -1.892499 0.419955 -1.590484 0.962812 -1.392943 1.701723 0.690026 2.858314 -1.249741 -0.096717 0.274862 0.476975 -0.824871 0.374145 0.380547 0.116854 -1.077748 1.273872 0.268422 -1.328381 0.685145 0.734840 0.709756 -1.072762 1.052410 0.509212 0.683745 -0.480857 2.766687 -0.913837 -1.501662 0.395725 -0.109208 1.620783 0.412439 -1.168674 -0.636768 -1.698413 1.735632 -1.257581 -0.957706 -1.909517 -1.305583 -0.033712 0.666650 -1.001155 -0.520073 0.589364 -0.113133 -1.657976 0.422631 -0.843210 0.497877 -0.490794 1.530861 0.643694 -0.029280 -0.156625 -1.140260 -1.145485 -0.090890 -1.033386 0.366467 1.747949 0.886627 -1.347879 -1.264557 0.914479 0.097019 0.944923 1.451011 2.920390 1.797928 1.000000
63 0.555440 0.968930 0.824294 -0.744253 -0.492087 0.776031 0.223336 -0.212487 -2.245725 -0.506895 0.535394 -0.600260 1.042899 0.690463 -2.208314 0.764905 2.029941 0.038863 -0.629589 -2.144773 1.891563 1.427193 -1.220519 -0.311678 -0.360682 1.203299 -0.128899 -1.589352 -1.312976 -0.879224 -0.101002 0.070612 1.163634 0.967982 -0.681806 -2.222457 -0.357402 -0.177288 -0.708777 -1.452666 -0.401762 -0.147857 -0.846349 0.597400 -0.330146 1.709249 -0.621510 0.435850 1.134583 2.343302 1.071489 -0.979564 0.462837 -0.623774 -0.741298 -0.149931 1.385010 -0.741576 0.073039 1.482176 -0.531303 -0.467182 -0.305961 0.726914 -0.682186 -0.440801 0.962025 0.132095 -0.597495 0.562663 -0.815585 -1.128613 -0.131903 -0.367665 0.628564 2.314766 1.608972 1.231242 -0.298045 -0.086606 3.347033 1.000000
64 1.067143 -0.141384 -1.156831 -0.778157 -0.377065 0.463041 0.919631 -0.440385 0.893984 0.319947 0.829770 0.750453 -0.365694 0.005459 0.624474 -0.419026 0.105996 -0.313032 -0.267691 -0.654377 -1.640338 0.496532 0.218753 -0.216831 0.729736 -1.652337 -0.375524 -1.156116 0.302797 0.223194 -1.114885 -0.671104 -1.021116 -0.405844 -1.026465 3.705481 1.229639 0.848271 0.514677 -1.112309 1.199388 0.010905 0.007825 -0.137319 1.012514 0.727534 0.553445 1.104391 -0.650238 -1.546449 -0.745676 0.006791 -1.623325 -0.140859 0.075078 0.843430 -0.095608 0.389149 0.885117 -1.231065 0.563795 0.886021 0.627312 0.536908 0.877501 0.895994 -0.799909 -0.938315 -0.007699 2.187791 -0.347924 0.062671 -0.789188 1.024120 1.430199 0.758825 -0.026617 1.415202 -0.007949 0.751207 2.336555 1.000000
65 -3.170059 -1.261504 -0.769514 -0.614081 -0.150956 0.110574 1.897421 0.311925 0.060677 0.618290 2.347298 1.640519 0.204082 0.876355 -2.136025 -1.925645 -0.032249 0.018921 0.741832 1.045050 0.088488 -0.366794 -0.338963 0.253897 -1.076753 0.458693 -1.074196 0.378381 -0.493770 -2.200373 -0.426693 -0.392955 -0.630595 0.361423 -0.116743 0.865054 -0.634381 -1.627979 -0.610702 -0.493698 -0.232157 0.780748 -0.999759 0.413823 -0.339497 -0.339028 2.369376 -1.115408 1.376131 -0.722228 0.318516 -1.355910 -0.246959 0.614480 -2.344239 0.355921 2.560529 -0.549494 1.203190 -0.539562 0.286601 -0.432006 -0.309312 -0.161573 -1.019764 0.821543 1.630309 0.491882 0.487090 1.167169 -0.445403 -1.655751 0.290444 0.102012 -0.542512 -1.168504 1.418806 -0.610627 0.644109 0.602072 4.457647 1.000000
66 0.056939 -0.765396 -1.151398 -2.244565 -0.125702 -1.514692 -2.357881 -0.046952 1.903633 -0.302233 -0.484460 0.363932 0.606854 1.646430 0.057453 0.461486 0.544774 -0.421269 2.408738 0.781926 -0.931814 -0.593871 0.789886 -1.202633 -1.664495 -1.060578 0.824372 1.177920 1.847196 0.021011 -1.446134 -1.254112 1.033267 1.276401 0.872672 -2.461065 -1.592090 -1.208813 -0.620130 1.113781 0.437979 2.045988 0.654430 -1.597281 0.379875 -0.905143 2.707180 -0.059749 0.761977 -0.926898 -0.834371 -0.248839 1.882244 1.048240 -1.219304 -0.083270 -0.743490 -0.135831 1.252244 1.626818 -0.466541 0.800365 -1.232449 0.649936 -1.085189 2.191439 -0.957084 -2.084389 0.001320 0.657485 -0.072068 -2.276809 1.173916 -0.189740 -2.367675 -0.636149 -0.569404 -1.181153 1.678514 -1.001846 3.385361 1.000000
67 0.898768 -0.426178 -1.334059 0.427910 0.528359 -1.148580 0.141791 0.194170 0.154739 0.755033 0.156135 0.295181 0.900782 0.309470 0.706869 1.074729 0.565910 0.684754 -0.090963 0.804565 2.526353 1.075485 1.326116 0.013999 -0.028317 2.385127 1.059334 0.753310 -0.897369 -1.763109 -0.887744 1.158444 -0.219010 -1.816461 1.703470 -2.134282 0.545953 -0.751314 1.704144 1.363104 0.490429 -1.799713 2.323834 0.092052 -1.348911 -0.812001 0.519571 0.178693 -0.243947 -1.344301 0.550707 -0.487482 -1.169853 1.708187 2.146342 2.001397 -0.698591 1.623067 0.321630 -0.171457 -0.121023 -0.521063 1.541053 -0.074196 -0.614610 -0.481992 0.908079 0.231875 0.748697 0.318700 -2.376005 0.296232 -0.362254 0.823897 -0.324967 2.686068 1.099276 0.132811 1.206867 -0.439645 1.350251 1.000000
68 0.592428 -0.395124 -0.460506 -1.716828 -1.629517 -1.235075 0.446582 -1.051022 0.154275 0.758981 0.082385 -1.436781 0.183351 0.884657 0.551055 -1.029010 -0.394621 1.816225 -0.390467 -0.818848 1.465917 -1.258899 0.509825 0.344639 -1.188356 0.484360 -0.033709 0.250568 1.626478 -1.298268 -1.184008 -1.043761 -0.244885 1.030014 0.955021 0.544424 1.231581 -0.868562 -0.708957 1.107952 1.680818 -2.461072 -0.136057 -0.761946 -1.211902 0.044969 -1.033103 1.056244 1.379362 -0.078617 0.560978 -0.235839 -1.025308 0.264328 -0.875677 -0.275791 1.028856 -1.056692 -0.621361 2.053927 -0.794810 -0.812651 0.888014 -1.596989 -1.450468 -1.304904 0.621622 -0.469585 -1.082137 -0.361373 -0.467501 -0.653080 -1.625120 0.751425 0.373519 -0.266822 -0.296661 0.144554 0.588337 -0.395306 0.002127 1.000000
69 1.229005 -0.398299 1.358225 0.601222 -0.192923 0.350488 1.760820 -0.240148 -0.216835 -1.156752 0.175497 -0.476494 -1.363120 -0.526197 1.050400 1.695208 -0.224073 0.668674 -0.586839 1.034765 0.979277 -0.075740 0.731820 -0.960855 1.113483 -0.176782 -2.086467 0.416968 -0.321483 0.871648 -0.426160 0.400911 -1.140376 0.922637 0.423353 -1.496987 -0.221031 0.760964 1.010696 -0.531063 -1.746889 1.369229 -1.985994 0.645587 0.568761 0.376188 -0.290772 -1.282556 -0.970988 0.339046 0.312948 -1.394446 0.306580 -0.110151 -0.956003 -0.448309 -0.132631 -0.182475 2.133324 0.485839 -0.713281 -2.868185 1.373375 0.771942 -0.498984 -1.667542 -0.376825 -0.038161 0.021355 -0.485248 0.051406 -1.215858 -1.104865 0.607540 -0.908379 -0.550421 -0.381527 -0.559190 0.467284 1.514806 10.250247 1.000000
70 0.241415 -0.562398 0.137631 -0.314174 0.238637 -0.910235 1.219274 -0.421526 -2.657749 2.118278 0.250411 0.633215 1.294374 0.605533 0.700307 -1.471321 -1.195952 0.241259 0.694879 -1.952077 -0.278959 -0.548667 -0.235042 -0.415628 0.605552 -0.024390 -1.036721 0.858413 -0.344943 -0.407499 0.730951 -1.501739 -0.713587 0.316845 -1.006734 -0.213873 -0.063138 -0.466046 2.980928 -0.005350 0.665600 -0.167909 -0.852016 -0.059283 -0.554499 0.531350 0.738728 -1.027431 -0.006105 -0.621719 1.259263 1.140963 -0.178312 -1.542111 1.118283 -0.643877 0.679501 0.463072 -0.461801 -0.776574 0.569434 -1.497524 -0.977891 -0.142708 -0.413313 1.223983 0.271347 -0.383156 0.164634 0.078560 -0.106553 -0.443163 -0.772857 -1.978755 -1.079790 -2.222532 -0.409813 -0.098945 -0.602668 -0.698787 3.359590 1.000000
71 -0.196225 1.217220 0.009310 0.251549 0.038691 0.375731 1.250553 -0.107109 -1.005992 1.808378 1.319031 0.749268 0.277698 0.295476 -1.173188 -1.392850 0.022929 0.193824 -1.142145 -0.993707 -1.371313 -0.333513 1.451944 -0.633542 -1.234738 -1.840732 -2.802088 0.515614 0.302151 -0.675745 -1.648105 1.130414 1.148249 0.622255 -0.127981 0.276258 -0.901468 0.345482 1.072963 0.341056 0.905585 -1.020581 1.216618 0.238578 -1.139514 0.889092 -1.014516 -0.357317 0.702661 0.282695 -0.546778 -1.230894 -0.719523 0.273603 -0.218242 0.921748 -0.065168 -0.092668 0.705964 -0.976703 0.008111 0.369601 0.696822 0.589140 -0.296232 -0.825323 0.950067 -1.316445 1.012174 -0.797020 0.454007 0.008516 2.069863 -1.377028 -1.264895 -0.305764 1.618326 1.697443 0.124599 0.796331 3.711072 1.000000
72 0.715199 -1.093851 -0.906496 1.672580 -1.538896 1.846434 -0.428292 -0.039097 -1.287115 1.266783 0.570057 -0.285863 -0.364468 1.107556 -0.637251 -0.521546 -1.863646 0.269969 -1.130917 -0.761188 0.512381 0.636482 1.337350 0.106421 -0.343403 -0.479674 0.388838 1.028401 0.043236 -0.349120 -0.597638 1.790358 -0.426519 -0.251983 -1.566592 -0.666631 -0.448683 -1.360284 0.975309 0.098645 -1.997166 -0.702621 -0.734869 -0.232784 1.191277 -0.600787 -1.110480 1.198689 -0.404917 0.165877 0.190758 -1.393457 1.073409 0.625500 0.884650 -0.419443 0.496448 -0.817879 0.337369 -1.303966 0.633664 -0.977480 0.553845 -1.468758 -0.636839 -1.639622 0.898367 -0.380702 1.316358 -0.114672 -2.049575 1.277675 -1.091890 -2.107548 2.200352 1.129504 0.551608 0.438749 -0.860266 0.373714 0.901006 1.000000
73 -0.986903 -1.130527 -1.605558 -0.426142 -0.344657 0.018827 0.568645 1.697581 0.489332 0.448933 -0.039509 1.352383 -0.057430 -0.397524 0.530084 -0.254553 -1.680700 -0.385637 0.851981 -0.494423 0.543842 -0.016203 -0.924386 -1.480344 -0.842773 0.200798 0.570300 -0.359274 -0.228280 0.607114 1.466387 -0.996020 -0.785375 -0.575421 0.285819 -0.567473 -0.759575 -1.979779 -0.026418 1.258785 -0.679467 -0.400178 -1.549736 -1.126503 1.836299 -0.255720 0.597593 0.813582 0.391981 0.569506 -0.805080 1.061663 0.275475 0.745776 -0.496379 0.049457 -0.179623 -1.402608 1.489536 -0.054271 -0.805163 -0.258536 0.048869 -0.994936 -0.240022 0.959678 0.912961 0.603959 -1.283076 0.586432 0.396101 0.916783 0.541203 0.569324 -0.035592 -0.870340 -0.591363 1.045384 0.041278 -0.066021 3.071695 1.000000
74 -0.657550 -0.153387 0.196749 0.446630 -0.337199 0.845278 0.941714 0.824686 0.148365 -0.090293 1.187626 2.089170 0.897431 -0.427805 -1.668330 0.139651 0.317544 1.321933 0.882269 -2.618307 -0.916206 0.813694 -0.217624 0.660568 -0.071416 0.063571 2.222712 -0.034753 -0.282132 0.670741 -0.950453 0.219325 1.147721 -1.073216 0.097603 -0.185284 0.032922 -0.426094 1.700923 0.867267 0.250954 2.072987 0.333384 -0.559170 0.432814 0.265539 0.539043 -1.251472 -1.531214 0.988309 -0.278906 0.146369 0.495667 0.351954 -0.488135 0.619055 -1.367585 -0.291361 -1.174677 0.887089 -0.494033 -0.528014 -1.204452 0.784454 0.688466 -0.333007 -0.062395 -0.485393 -0.943020 -0.155455 2.002624 -0.143866 -0.526972 0.865850 -0.837085 0.907131 1.431699 -1.831156 0.113438 0.318521 1.634157 1.000000
75 1.792297 0.248165 0.348814 0.323239 0.155733 0.413407 -0.361564 1.037612 -0.891563 -1.651475 -0.083163 0.310868 0.755772 0.194105 -0.153737 -2.957605 -0.390466 -0.906039 0.185171 1.451862 0.943000 0.328244 -0.850625 -1.356697 0.796854 -2.260993 -0.111438 -2.384403 -2.431076 0.054972 -0.493822 -0.259103 0.312534 -0.537054 0.615481 2.406037 0.497226 0.386391 2.719687 1.554338 -0.494428 -1.653384 -0.236740 0.631483 -1.600533 1.487632 -0.130089 0.240682 -0.821254 0.699957 1.199274 0.892553 -0.340919 1.415818 -0.421672 -1.353707 1.815997 1.301743 -0.213665 0.874450 0.681783 1.568385 0.839044 -1.004562 0.098468 1.083461 1.981253 0.403368 1.164002 2.170427 1.595102 0.557582 -0.467822 0.245468 1.372757 -0.423611 1.199339 -0.132314 -1.274161 -0.038125 10.602692 1.000000
76 0.634367 -1.402460 -0.216422 -0.179454 -0.366053 -3.227454 -0.497987 -1.528252 0.162670 0.134860 1.240387 -0.275361 -1.665619 -0.083843 0.835846 0.049622 1.634522 -1.205392 -0.955573 -0.454846 0.510412 1.104207 0.719394 2.200714 -0.045627 0.746817 0.910515 -1.317773 0.642400 0.138773 -0.129499 0.404972 0.412190 0.153278 0.293835 -1.698384 1.276991 -1.059653 -1.161223 0.400132 -1.233684 2.954296 1.272081 -0.121404 1.657732 0.305534 0.001529 0.764437 -0.117770 0.219699 1.119521 3.523794 -0.603760 0.341915 0.784273 0.421026 -1.664870 -0.441434 0.723014 -0.292261 0.125797 0.906359 -0.806389 0.054966 -0.893566 -1.809870 0.393187 1.073753 0.972990 -1.447500 3.064721 -2.849723 -0.811800 -0.883444 1.749575 1.238349 2.344699 0.940507 0.823058 -0.124092 3.769185 1.000000
77 -0.855861 0.874102 0.729751 -0.726411 0.854529 1.114197 0.821841 -0.714816 0.297014 1.298941 1.163071 0.384623 -0.003727 -1.929664 0.725627 -0.932777 1.282625 0.920629 0.002595 1.414214 -1.165856 0.859164 0.498507 -0.515239 -0.894756 1.605158 -0.131975 -0.813118 0.776477 0.182058 0.333572 0.913929 -1.702917 0.040616 -0.007166 -0.152337 0.736306 -1.639523 0.619522 -0.174177 -1.675196 1.100318 0.176498 -0.151080 0.322829 0.799917 0.076063 0.512581 -1.100640 -0.021663 0.205917 0.202219 -1.414685 2.308228 2.018740 -0.073879 -1.348539 -1.679075 -1.640702 0.597131 0.794979 0.624192 -0.573133 -1.264886 0.430631 -0.243812 -1.496616 0.319061 -0.151457 -0.227816 -1.329230 0.694345 1.239069 -0.330482 2.623052 1.831093 -0.668095 0.030652 -0.216716 1.172463 2.969291 1.000000
78 -0.361373 1.871102 1.203045 2.022840 1.008193 -1.034148 1.256158 -0.542490 -0.949973 0.386217 -0.606549 1.305150 0.784677 -0.239914 1.111732 1.611219 1.487198 -0.407085 0.940277 2.107230 -0.759546 0.806173 1.515616 -0.384160 -1.215994 -1.025262 0.276402 0.543585 -1.372198 0.835393 -1.552853 -1.220109 -0.125392 1.160310 -0.076385 -0.347154 -1.070382 -0.833251 0.951773 -1.338610 0.583032 0.878557 0.115715 1.686864 0.430121 -0.010318 1.313434 -1.356988 1.501966 -0.495676 -1.658325 -1.682346 1.387418 -0.419094 0.217272 1.234461 0.235175 0.076123 2.080286 1.716459 -0.409099 0.665107 -1.988812 -0.261892 0.795861 0.312577 0.346504 0.472229 -0.129744 -0.705191 0.078038 0.026712 0.193660 0.901161 -0.899744 -0.607890 -0.736389 -0.298584 -0.890156 -1.425957 12.649955 1.000000
79 0.300390 -0.240390 1.305857 -1.860956 -0.324923 -0.857160 1.551513 -0.008858 0.219917 0.753441 1.393908 -0.530588 -0.383217 1.557702 0.297958 1.069827 -0.859668 -1.189495 0.454897 -0.415044 0.825462 -0.751622 -0.659448 0.059862 0.081617 0.825836 -2.298735 0.792380 0.276434 -0.202039 -2.337998 0.039323 -0.850004 0.214088 -0.834026 0.986138 0.277394 1.476736 -1.233413 -0.831494 -0.747359 -0.191461 -0.771263 -0.434980 -0.701307 -1.099318 2.016380 -0.077271 -0.014288 -0.227952 1.725475 -0.489539 0.085563 -0.989186 0.540419 -0.772001 -0.457097 1.297266 -0.096476 0.713590 0.866203 0.456078 -0.504457 0.885674 -1.405467 -1.262381 0.462109 0.011014 0.584545 0.673075 1.982653 0.666629 1.795344 1.107929 -0.341438 -0.894635 0.088233 -2.071724 -0.305996 0.602529 1.651286 1.000000
80 -0.671362 -0.213071 0.224329 1.408267 -0.015720 -0.632977 -0.092083 -0.280770 0.291863 -0.843634 -0.423962 -1.724193 1.166997 0.166410 1.123291 -0.689267 -0.128400 -0.089975 -0.190168 -0.814886 -1.508974 -0.845983 -1.429562 -1.479843 -0.562927 0.403502 -0.486116 -0.752529 0.678396 0.070444 -0.454192 -0.938129 0.330097 -1.009032 0.348410 0.081248 -1.733703 -0.073587 -0.009053 0.580198 -0.535052 0.595025 1.455500 -1.114810 -0.187552 0.991529 0.622970 0.832709 0.187439 -1.074448 1.335608 -2.041831 1.240752 -0.218916 0.152826 -0.186445 -0.340961 0.472857 0.489123 -0.655715 0.000733 -1.036248 0.246180 0.900697 0.143800 0.178239 -0.319328 1.226849 0.206458 -1.195467 0.736256 1.124575 -0.928566 -1.993207 -1.049270 -0.938978 0.185896 0.292918 -1.207083 0.209061 2.085643 1.000000
81 2.396575 1.053758 0.061712 -0.127343 0.570186 0.503911 -0.155728 1.114889 -0.134382 -1.932003 -0.097235 1.274063 0.108241 0.698943 -0.284122 -0.152728 0.985538 -1.164278 -0.482489 -1.351754 2.268997 -1.676752 1.018056 -0.320958 -1.275254 0.861079 1.263802 -0.954406 -0.104542 0.051925 0.478045 0.957676 -0.090072 0.124069 1.373367 0.205423 -0.265723 -0.546505 -0.220524 -0.763557 0.688812 0.808787 -1.143978 -0.753078 0.205724 0.214571 -1.015642 -1.041868 1.480600 0.396892 -0.732479 -1.024841 0.575234 -0.003327 -2.734923 -0.427223 -0.914915 -0.431250 -1.344771 -1.197016 -0.219915 0.534001 -0.004318 -0.049184 -0.875990 0.964275 0.392008 0.519571 -0.196145 -1.090613 -0.972854 -1.053913 0.609047 -0.647579 -1.040286 1.900606 0.395204 0.591949 -0.995814 1.928620 13.406549 1.000000
82 1.053825 -1.211186 0.844595 -0.025324 -2.541159 -1.147173 -1.145020 -0.087628 -0.681589 0.324239 0.151038 0.379382 0.297725 -2.925304 -0.807692 -0.179244 -1.622921 0.075139 0.823973 0.657994 -0.228402 -0.378489 -1.554032 0.115334 0.523880 1.266510 -1.507458 -0.443234 0.914717 -0.011530 -1.437903 1.986066 -0.341757 -0.134055 -0.174727 0.143125 -1.871838 -0.081914 -1.302380 -0.898932 0.352977 0.918531 1.538790 1.888439 1.277582 0.886052 0.166810 0.555430 0.311984 -0.056464 1.531993 0.352883 -0.155872 0.588163 1.274425 1.900272 -1.082514 0.547387 -0.988793 -0.263125 0.057497 -0.546359 -1.299387 -0.713527 0.426401 -0.051386 -0.167566 -0.449469 1.037073 -1.224808 -1.664884 -0.692933 0.436597 -0.521076 0.649222 0.140644 -2.095753 0.472300 -1.460135 0.466465 3.099334 1.000000
83 0.017383 -1.716710 -0.514093 0.457888 -0.658431 0.917277 0.669574 -0.212696 -0.117685 0.262500 0.283695 -1.299891 -2.072259 -1.279054 -0.587647 -0.073447 0.338454 -2.089802 -1.161489 -1.602988 1.776892 0.601402 -0.420557 0.393768 -0.132341 1.900305 -0.624412 -1.012773 0.004580 0.552236 -1.554761 0.839685 -0.362870 -1.719934 -0.694388 -1.274674 -0.651636 -0.601973 -0.058562 -0.636920 -0.318425 -1.078368 -0.219713 -1.447993 2.459232 2.348103 0.205526 -0.845198 0.021442 0.418922 -0.914112 0.300948 -0.301768 -1.413048 0.124890 -1.362666 -1.294188 0.251770 -0.942800 0.897801 -0.652660 0.509522 0.257784 0.494402 1.598873 -0.047072 1.140779 -0.026650 0.077642 -0.035150 0.572112 -0.537434 -0.743881 -1.061832 -0.039960 -0.273425 -0.072076 -0.201526 0.780017 0.682323 0.723701 1.000000
84 -0.521338 -0.599678 2.390807 0.574240 -0.231009 -0.825073 1.424961 1.587064 -1.117853 0.414825 0.821053 0.185400 -0.929140 0.698047 1.014082 0.474397 0.230774 -0.115120 0.355282 -0.687712 1.840406 0.506697 -1.719631 -1.321334 0.004266 -0.141385 -1.512599 0.076148 -0.293708 -0.912473 0.321688 -1.046950 0.798197 -0.733325 -0.757650 1.746918 -0.613445 -0.755705 0.271895 0.928981 2.182158 0.371884 -0.292226 -1.092713 1.352426 0.262180 -1.132542 -1.570208 -0.703567 1.588476 0.910442 1.497794 0.458478 -1.173902 -2.430200 -2.283790 0.328291 0.960777 1.527995 0.311670 -0.995305 0.729445 -0.747867 -1.724448 0.357590 0.104324 1.115022 0.502005 0.429122 1.536932 2.035307 0.835466 0.166195 -0.284021 1.003066 -0.853967 0.923999 0.938130 -0.507436 0.813244 1.322382 1.000000
85 -0.072052 0.090647 -0.966024 -2.374140 -2.675676 -0.817587 0.126844 0.180668 1.315957 -0.691241 0.371674 0.781132 -1.668831 -1.146504 -0.668496 1.496303 1.382643 1.352691 -0.289462 0.197824 -2.006984 -0.152424 -0.413387 -0.044643 1.241992 -1.558117 1.686283 0.397966 1.885722 1.478861 0.978445 -1.828242 0.659059 2.119555 -1.553617 -0.082724 0.550368 -0.236207 0.746643 -1.104580 0.621339 -0.292600 -0.278925 0.094282 -1.281753 1.036190 -0.519254 0.762897 -0.261123 -0.470293 -0.176569 0.545422 0.414328 0.196448 -0.631111 -0.417437 1.399776 0.806820 0.085649 1.003774 0.973363 -0.363235 0.015202 1.744070 -0.732987 0.246897 -0.743032 -0.601859 0.442926 0.870719 0.611267 -0.747306 -0.451874 0.764079 -0.718512 -0.461865 -1.911289 1.046654 0.732696 0.099249 2.711699 1.000000
86 0.073855 1.284019 -0.853597 0.199585 -1.108649 -1.780389 -0.020938 0.033752 -1.494907 0.515339 -0.820841 0.543231 0.568854 0.834902 -0.274167 0.754155 0.483144 -0.774174 -0.685604 -0.788538 -0.094270 1.198898 -0.375476 -0.962779 0.208177 -0.272147 1.184034 0.216453 -1.188237 -0.197208 -1.009313 -1.089343 -1.135930 -1.061441 -0.451376 1.451426 0.501417 -0.844073 -0.645477 0.894863 0.048083 -0.785876 0.187748 -0.211601 -0.838788 0.634546 0.192036 1.514039 1.398506 -0.425515 0.477815 -1.167458 -0.371704 0.082170 0.478461 1.205003 0.688753 0.232686 -0.427681 1.601424 0.809976 0.693355 1.289288 -0.799919 -0.316986 -0.235072 -0.198534 -0.654988 0.105700 0.265927 -0.127445 0.058116 -1.120565 -1.598393 -0.816852 0.352551 1.571887 -0.859502 0.249085 -0.879175 1.633553 1.000000
87 -0.469383 -1.319508 -1.676443 0.519643 -0.402671 2.375841 1.361044 0.184868 -0.897280 -0.050728 -1.333021 0.612325 1.321459 -0.936239 -0.400333 1.106392 1.326524 0.113444 -0.625450 0.756770 -1.505183 0.064132 1.374723 -1.071913 0.851018 0.991836 -0.369551 -0.446302 1.565010 0.217401 0.963126 0.850689 0.308867 1.479589 -0.975053 0.859960 0.448966 1.320345 0.604521 1.607096 0.079101 -0.947843 0.481430 -0.248430 -1.409774 0.830074 0.745512 -2.950128 0.608570 -1.590835 0.128939 -0.137059 -0.113497 -1.876026 -0.024252 0.210651 0.571250 -0.835338 -0.175403 0.860944 -0.828251 0.007898 0.206457 0.645270 -0.811314 -0.935103 0.471490 -0.389226 0.029899 -1.370653 0.315561 -0.477122 -1.011761 -0.232044 -0.881181 -1.141388 0.152506 0.159882 -1.012536 1.544553 6.488310 1.000000
88 -2.720403 0.137128 1.319435 -0.278981 0.930868 1.296403 -0.786021 1.238734 -1.362326 0.185940 0.224816 -0.214578 0.606875 0.006034 0.092085 -0.108482 -0.873026 1.167948 0.648468 3.651648 0.351062 -0.462516 0.184059 -1.277652 0.026192 0.151263 -2.087537 -1.365218 0.505099 0.425313 0.410345 -0.194427 1.161995 1.266191 0.160171 -0.694757 0.299287 0.407707 -1.526534 -0.924569 0.155397 -1.056730 1.151269 1.523235 -0.284638 -0.192042 0.823863 -1.057400 1.761334 0.780223 -0.565592 -0.925392 -0.323067 0.806375 0.904931 -0.369108 0.644145 -0.537934 0.457235 1.196135 0.261449 0.075309 0.339773 1.203846 1.959385 0.274525 1.615478 -0.107257 -1.424000 -1.657895 -0.962515 -0.099187 -0.253458 -0.229748 -1.698429 -0.755511 -1.082355 0.978150 2.156008 -1.454017 4.019610 1.000000
89 -0.382433 0.050497 0.348483 -2.275314 -0.438466 -0.965445 1.246062 -0.478563 0.008858 0.156033 -0.410784 -0.831555 -1.580845 0.445373 -1.944112 -0.791385 -1.830435 -0.283118 0.702966 1.761285 2.955741 -0.815096 -0.828298 1.291198 -0.564888 -0.045572 -1.007740 0.770170 -0.572582 -1.168185 -1.148933 -0.309768 0.304749 1.610373 1.431054 1.654711 0.552517 1.103311 0.868344 -0.289144 0.057387 -0.210116 0.690101 1.306668 0.855107 0.143206 2.121851 -0.371605 0.125696 1.402003 -0.192142 -1.247619 -0.915362 1.523068 0.843377 1.115621 1.558876 1.227232 0.404976 0.043445 -1.583634 -1.506191 -0.506886 -0.401088 -0.540232 0.653300 -0.301075 -3.836979 -0.411178 -2.570978 -1.965368 -0.661578 0.028509 -0.120738 -1.514623 -0.186135 -1.117641 -1.484488 -0.470103 0.151210 6.330105 1.000000
90 -1.258962 -0.288389 0.700147 0.510244 -0.481568 0.408040 1.827055 -0.561934 -0.718379 0.401527 1.061959 1.075777 -0.619215 0.789421 -2.183836 -0.565300 -0.076828 0.391277 0.588186 0.220730 -0.180139 1.248182 0.170954 0.782087 0.688008 -0.000584 -1.911661 -1.266933 0.899183 -0.933595 0.023600 0.495089 -0.010173 1.187124 0.304874 -2.497374 -0.309229 1.485579 0.758034 -0.182828 -0.343431 0.482168 1.616301 0.661230 1.388173 -2.017500 0.809163 0.161709 1.130865 0.351049 0.994888 -1.375902 1.093099 -1.467874 1.922614 -0.864578 0.180643 0.016478 -0.956377 0.396898 0.191698 0.867932 -0.941367 0.475342 2.788577 0.163672 -0.140500 -1.788988 0.954953 1.072012 -0.241952 -0.211629 0.629758 -1.111524 -0.818675 0.246871 0.230972 0.123832 0.226672 0.544421 0.207530 1.000000
91 0.330222 -1.049136 0.081551 -1.288925 -0.214488 -1.545115 -0.206494 -0.021468 -0.536097 -0.830058 0.183398 1.151374 -1.353251 -1.423810 0.192677 0.220712 -0.711083 0.051795 1.900900 0.535739 -0.831744 0.061736 -0.130897 0.616005 1.841422 -0.923436 -0.980636 -0.646622 -0.643576 -1.038509 -1.435647 0.199687 0.171529 0.302776 1.627096 1.349509 -0.508847 -0.166337 -0.585241 -0.436000 -1.649920 -1.520993 0.698376 0.359219 -0.169436 1.130304 0.343902 0.850315 -0.273394 -0.853922 -1.299112 -0.606715 -0.051805 -1.030134 0.133125 0.565954 -0.032623 -0.665152 1.312039 1.231331 0.590383 -0.006068 0.166581 0.744704 0.685013 1.999228 -1.566218 -0.492970 -1.112428 0.937084 1.000759 -0.103070 1.978293 -0.662372 0.156619 -0.792449 0.728345 0.500728 -0.152303 -1.007222 3.039766 1.000000
92 -1.221992 0.117035 -0.531893 -1.017215 -0.693388 -1.083576 -2.415048 1.198992 0.689130 1.129941 -1.496687 -0.461683 0.915894 0.826899 0.068372 -0.592352 0.002091 0.695353 0.731694 0.544026 2.376613 -0.977670 1.971907 0.190948 -0.254835 0.232991 0.636421 -1.045711 -0.798519 -0.555867 -1.595787 0.353483 -0.973797 -0.580142 1.355919 1.041754 -0.690732 1.426507 0.310498 -1.394784 0.358462 0.436535 -0.552364 0.756242 1.366760 0.040684 0.371770 0.946100 -0.907573 -0.508562 0.950629 -0.976771 0.580905 2.125561 0.619848 0.824511 0.930326 -0.514827 1.479480 0.220761 -0.029324 1.401524 -1.997164 -1.008578 -0.985155 -0.292535 -0.339026 -0.378969 0.795589 0.239433 0.991375 0.802815 -0.807400 -0.374746 0.483511 1.680297 0.405308 -0.866594 -0.898182 0.758510 8.291621 1.000000
93 -0.371760 -1.200518 0.711438 1.099332 0.286916 0.757944 -1.240867 -0.207996 0.058093 -0.205474 0.429964 -0.824422 -0.186088 -1.759898 0.557939 -1.453559 -0.801088 -1.568245 -0.325739 0.637876 0.296143 -1.655749 -0.132552 -0.426465 -0.657991 1.088979 0.413880 -0.286257 -1.306155 1.910998 0.104547 -0.328293 0.509515 -0.511909 -1.512476 2.368592 1.606205 0.157107 1.329987 0.532545 -0.904257 -1.383744 -1.401913 -0.002864 -2.277630 -0.054835 0.646102 -0.651844 -0.372692 -0.178955 -1.348156 0.502466 0.073530 1.843347 -0.925297 -1.143992 0.129334 1.483616 0.478975 0.625675 1.955803 -0.960266 -1.141178 0.637126 1.083709 1.060130 -2.482983 0.412146 1.176712 0.291577 0.908154 -0.140349 -1.217949 -0.682300 0.236874 -0.275239 0.053919 1.045608 0.510342 0.449643 3.349213 1.000000
94 0.884328 -1.044205 0.298086 -0.720959 0.448862 -1.485318 1.220156 -1.619502 -1.978759 0.105090 0.860590 1.092643 -1.090808 -1.364191 1.264720 -0.600847 -0.862139 0.608899 -0.612384 0.434931 0.059249 -0.105030 -0.642952 -0.113213 -1.601422 -1.374216 0.106839 -0.830374 0.561013 -0.064932 -1.618019 0.539543 -0.823313 0.925001 0.521639 -0.673008 0.177825 0.475301 1.020588 -1.071162 -0.089572 0.149854 0.214826 -0.699802 -0.440619 -0.789777 0.558866 -1.755766 0.601565 0.961118 -0.445503 1.519813 -0.413688 -0.115674 -0.944759 -0.661406 -0.958409 0.675405 -0.719714 -0.975515 -0.805214 0.191767 -0.744563 0.167906 -1.558533 1.579471 -0.122042 -0.634740 2.829959 -0.261323 1.364235 -0.887654 -0.036162 0.665214 0.178729 1.156641 -0.944327 -0.135358 -0.474556 -0.518328 3.828170 1.000000
95 -1.903687 -1.902256 -0.490780 -0.101418 1.497429 1.535186 -0.258735 1.206476 -0.198534 -0.301305 0.155133 0.092518 1.045373 0.414458 -0.581445 0.393534 -0.988114 0.588296 0.480826 -1.021366 -0.997964 -1.027668 -1.190050 0.652546 -0.852135 -0.200406 -0.190674 0.197333 -1.008139 2.517357 0.932508 -0.630129 -1.625164 -1.103713 0.150100 0.298498 0.778155 -0.689922 1.212478 0.681821 1.567987 -0.221583 -1.743522 -1.151085 0.675348 1.261676 -1.147039 0.438018 1.045390 -0.207560 -0.594476 0.695551 -0.433022 0.336014 -1.676126 0.867974 0.685142 0.079632 -0.074544 0.566331 -0.192967 0.107148 1.212997 -2.462391 -0.205926 -0.400359 -0.194026 0.631461 0.726603 -0.786865 0.438436 0.043222 0.524197 -0.281503 0.920103 -1.923285 -0.819981 0.244460 1.057827 0.769386 6.432696 1.000000
96 -0.629916 0.686451 -1.058876 -0.251280 0.702852 -1.037172 -1.949768 1.249049 1.017413 0.423504 0.634191 -0.179168 0.587097 -0.864458 0.304822 -1.668271 0.910043 -0.896704 0.488226 0.796850 0.187323 -1.096657 -0.309935 0.280156 0.228970 -0.301744 0.538040 -1.350753 -0.348442 -1.303240 -0.385300 1.937707 -1.841253 0.172750 0.510927 -0.290727 -0.595957 0.135288 0.662069 0.155194 0.997116 -2.616634 -1.172437 0.219777 1.344282 0.456652 -1.784615 -0.066035 0.659467 0.097234 -0.992499 0.239975 -0.078203 -0.246407 0.075023 -0.764476 0.252856 0.369945 1.003957 -0.647596 0.653208 1.346308 1.295777 -2.049607 1.622291 0.517274 -2.355128 1.635490 1.195962 0.010758 -1.658260 0.598017 1.127147 -0.219930 -0.746957 0.942207 0.000489 -0.657937 -1.965320 0.586242 10.836095 1.000000
97 -1.173804 -0.549568 -0.375083 0.085054 -0.411717 -0.848823 0.160203 -0.648045 0.056286 0.057899 -0.734696 -0.580331 0.999797 1.025819 0.855298 0.947564 -0.480472 0.749661 1.700454 1.762343 0.585486 -1.147924 1.189420 2.575410 -2.064395 1.395197 -0.460117 -1.340840 -1.512932 0.958551 1.570047 -0.625893 0.717636 0.429544 -0.504198 -0.437349 0.910366 1.078442 0.440605 -0.155156 0.727214 -0.503249 -0.741041 1.565675 1.666603 0.356639 -0.438978 -0.189878 0.583321 1.115326 0.486651 -0.972324 0.276813 -0.401540 1.329022 1.364138 1.858662 1.214235 0.810089 0.409081 0.949442 0.578423 -0.707862 -0.611755 -1.099487 -0.880870 1.862112 0.185907 1.740054 0.033351 -1.200302 0.024679 0.436201 -0.054067 -0.487564 0.965266 0.632038 1.512854 0.259385 0.296766 4.666454 1.000000
98 0.723304 0.629970 0.154348 -0.196320 -0.632539 0.260637 -0.426011 2.807700 1.224717 -0.740497 -0.132385 -0.325871 -0.350078 1.218139 0.288022 0.069694 -1.046518 1.303281 -0.222129 -1.919641 0.574533 1.683080 -0.332363 -0.364089 1.727465 -0.214833 1.594446 0.261215 -1.029720 -0.044723 1.278905 0.720641 0.155257 0.343153 -1.032874 0.111637 -0.390953 -0.939266 -1.053747 -0.133091 -0.849357 0.351996 -0.194969 -1.151975 1.627497 0.493519 1.030875 -1.252069 1.207245 0.573122 0.671345 0.758139 0.647611 -2.144462 0.425705 0.258844 -0.591501 0.375428 -1.593111 0.055425 -0.919938 -2.188371 -1.052541 -2.872654 -0.166653 -0.792848 0.419595 1.012680 1.021733 1.330535 -0.520663 -1.871919 -1.020943 -1.417480 0.674248 -1.153013 0.131442 0.925856 1.823802 0.575749 3.529661 1.000000
99 -0.587022 -2.127564 0.085261 1.502782 0.203898 2.293810 -0.216942 -1.293942 -0.249372 0.757226 -1.921034 -0.087737 1.322954 0.307002 0.298012 0.326035 1.209789 -0.905507 -0.018847 0.670188 -1.483457 -0.230518 0.804789 -1.139254 -1.152492 0.594627 0.615363 0.558048 -0.796624 0.894841 1.242675 0.651754 -0.299760 -1.324035 -1.067257 -0.939944 0.993052 -1.461110 -0.330888 -0.404869 -0.449212 1.317669 -0.731376 2.066182 0.759009 -0.213082 -0.208464 -0.166081 -0.023364 0.309643 -0.416818 -1.056423 -0.684708 -0.454377 -0.607892 -0.729182 -0.036015 0.363878 0.945048 0.859402 0.609454 -0.688935 1.014220 0.446813 -0.281044 -0.747007 0.440427 0.791911 -0.298391 0.132486 0.485329 -1.826748 0.280270 -0.952913 -0.229604 0.420174 -0.683889 -0.635151 1.665591 -1.181067 2.901044 1.000000
100 -1.785873 0.308546 -1.733702 0.146678 1.077583 -0.824875 -0.044643 -0.107040 -0.000823 -0.727221 1.312050 -0.301318 -0.125934 1.369422 1.195412 0.757411 -0.031191 1.796029 1.398716 -0.356675 -1.473163 -1.234833 2.036852 0.466044 -0.909478 1.678204 -0.112727 -0.096026 0.182224 -0.363689 -1.649709 0.582519 -0.875601 1.033349 -1.825059 -1.449971 -0.173673 2.739731 0.137656 0.057632 1.225688 -0.089462 -1.202409 2.075967 0.469488 0.257646 2.010981 -0.393908 -1.557870 -0.748117 -0.102101 -0.453683 0.189441 1.116855 0.768094 -1.246345 0.234201 2.099110 -0.903605 0.469638 0.895997 -0.622607 0.069076 0.778851 -1.957098 1.739810 -1.197786 -0.292262 0.697536 -0.789638 0.326481 -1.685378 0.542291 -0.423558 -0.748924 0.300910 -0.925043 -0.783768 0.177861 0.799480 1.016161 1.000000
uncorrelated Gaussian covariates
missing covariate fraction: 0.000000
no latent classes
   lambda(t|risk 1)=C, <t>=4.000000 for zero covariates
   risk 1: beta[1]=0.000000
   risk 1: beta[2]=0.000000
   risk 1: beta[3]=0.000000
   risk 1: beta[4]=0.000000
   risk 1: beta[5]=0.000000
   risk 1: beta[6]=0.000000
   risk 1: beta[7]=0.000000
   risk 1: beta[8]=0.000000
   risk 1: beta[9]=0.000000
   risk 1: beta[10]=0.000000
   risk 1: beta[11]=0.000000
   risk 1: beta[12]=0.000000
   risk 1: beta[13]=0.000000
   risk 1: beta[14]=0.000000
   risk 1: beta[15]=0.000000
   risk 1: beta[16]=0.000000
   risk 1: beta[17]=0.000000
   risk 1: beta[18]=0.000000
   risk 1: beta[19]=0.000000
   risk 1: beta[20]=0.000000
   risk 1: beta[21]=0.000000
   risk 1: beta[22]=0.000000
   risk 1: beta[23]=0.000000
   risk 1: beta[24]=0.000000
   risk 1: beta[25]=0.000000
   risk 1: beta[26]=0.000000
   risk 1: beta[27]=0.000000
   risk 1: beta[28]=0.000000
   risk 1: beta[29]=0.000000
   risk 1: beta[30]=0.000000
   risk 1: beta[31]=0.000000
   risk 1: beta[32]=0.000000
   risk 1: beta[33]=0.000000
   risk 1: beta[34]=0.000000
   risk 1: beta[35]=0.000000
   risk 1: beta[36]=0.000000
   risk 1: beta[37]=0.000000
   risk 1: beta[38]=0.000000
   risk 1: beta[39]=0.000000
   risk 1: beta[40]=0.000000
   risk 1: beta[41]=0.000000
   risk 1: beta[42]=0.000000
   risk 1: beta[43]=0.000000
   risk 1: beta[44]=0.000000
   risk 1: beta[45]=0.000000
   risk 1: beta[46]=0.000000
   risk 1: beta[47]=0.000000
   risk 1: beta[48]=0.000000
   risk 1: beta[49]=0.000000
   risk 1: beta[50]=0.000000
   risk 1: beta[51]=0.000000
   risk 1: beta[52]=0.000000
   risk 1: beta[53]=0.000000
   risk 1: beta[54]=0.000000
   risk 1: beta[55]=0.000000
   risk 1: beta[56]=0.000000
   risk 1: beta[57]=0.000000
   risk 1: beta[58]=0.000000
   risk 1: beta[59]=0.000000
   risk 1: beta[60]=0.000000
   risk 1: beta[61]=0.000000
   risk 1: beta[62]=0.000000
   risk 1: beta[63]=0.000000
   risk 1: beta[64]=0.000000
   risk 1: beta[65]=0.000000
   risk 1: beta[66]=0.000000
   risk 1: beta[67]=0.000000
   risk 1: beta[68]=0.000000
   risk 1: beta[69]=0.000000
   risk 1: beta[70]=0.000000
   risk 1: beta[71]=0.000000
   risk 1: beta[72]=0.000000
   risk 1: beta[73]=0.000000
   risk 1: beta[74]=0.000000
   risk 1: beta[75]=0.000000
   risk 1: beta[76]=0.000000
   risk 1: beta[77]=0.000000
   risk 1: beta[78]=0.000000
   risk 1: beta[79]=0.000000
   risk 1: beta[80]=0.000000
