active=100: 1 2 3 4 5 6 7 8 9 10 11 12 13 14 15 16 17 18 19 20 21 22 23 24 25 26 27 28 29 30 31 32 33 34 35 36 37 38 39 40 41 42 43 44 45 46 47 48 49 50 51 52 53 54 55 56 57 58 59 60 61 62 63 64 65 66 67 68 69 70 71 72 73 74 75 76 77 78 79 80 81 82 83 84 85 86 87 88 89 90 91 92 93 94 95 96 97 98 99 100 
active=99: 1 2 3 4 5 6 7 8 9 10 11 12 13 14 15 16 17 18 19 20 21 22 23 24 25 26 27 28 29 30 31 32 33 34 35 36 37 38 39 40 41 42 43 44 45 46 47 48 49 50 51 52 53 54 55 56 57 58 59 60 61 62 63 64 65 66 67 68 69 70 71 72 73 74 75 76 77 78 79 80 81 82 83 84 85 86 87 88 89 90 91 92 93 94 96 97 98 99 100 
active=98: 1 2 3 4 5 6 7 8 9 10 11 12 13 14 15 16 17 18 19 20 21 22 23 24 25 26 27 28 29 30 31 32 33 34 35 36 37 38 39 40 41 43 44 45 46 47 48 49 50 51 52 53 54 55 56 57 58 59 60 61 62 63 64 65 66 67 68 69 70 71 72 73 74 75 76 77 78 79 80 81 82 83 84 85 86 87 88 89 90 91 92 93 94 96 97 98 99 100 
active=97: 1 2 3 4 5 6 7 8 9 10 11 12 13 14 15 16 17 18 19 20 21 22 23 24 25 26 27 28 29 30 31 32 33 34 35 37 38 39 40 41 43 44 45 46 47 48 49 50 51 52 53 54 55 56 57 58 59 60 61 62 63 64 65 66 67 68 69 70 71 72 73 74 75 76 77 78 79 80 81 82 83 84 85 86 87 88 89 90 91 92 93 94 96 97 98 99 100 
active=96: 1 2 3 4 5 6 7 8 9 10 11 12 13 14 15 16 17 18 19 20 21 22 23 24 25 26 27 28 29 30 31 32 33 34 35 37 38 39 40 41 43 44 45 46 47 48 49 50 51 52 53 54 55 56 57 58 59 60 61 62 63 64 65 66 67 68 69 70 71 72 73 74 75 76 77 78 80 81 82 83 84 85 86 87 88 89 90 91 92 93 94 96 97 98 99 100 
active=95: 1 2 3 4 5 6 7 8 9 10 11 12 13 14 15 16 17 18 19 20 21 22 23 24 25 26 27 28 29 30 31 32 33 34 35 37 38 39 40 41 43 44 45 46 47 48 49 50 51 53 54 55 56 57 58 59 60 61 62 63 64 65 66 67 68 69 70 71 72 73 74 75 76 77 78 80 81 82 83 84 85 86 87 88 89 90 91 92 93 94 96 97 98 99 100 
active=94: 1 2 3 4 5 6 7 8 9 10 11 12 13 14 15 16 17 18 19 20 21 22 23 24 25 26 27 28 29 30 31 32 33 34 35 37 39 40 41 43 44 45 46 47 48 49 50 51 53 54 55 56 57 58 59 60 61 62 63 64 65 66 67 68 69 70 71 72 73 74 75 76 77 78 80 81 82 83 84 85 86 87 88 89 90 91 92 93 94 96 97 98 99 100 
active=93: 1 2 3 4 5 6 7 8 9 10 11 12 13 14 15 16 17 18 19 20 21 22 23 24 25 26 27 28 29 30 31 32 33 34 35 37 39 40 41 43 44 45 46 47 48 49 51 53 54 55 56 57 58 59 60 61 62 63 64 65 66 67 68 69 70 71 72 73 74 75 76 77 78 80 81 82 83 84 85 86 87 88 89 90 91 92 93 94 96 97 98 99 100 
active=92: 1 2 3 4 5 6 7 8 9 10 11 12 13 14 15 16 17 18 19 20 21 22 23 24 25 26 27 28 29 30 31 32 33 34 35 37 39 40 41 43 44 45 46 47 48 49 51 53 54 55 56 57 58 59 60 61 62 63 64 65 66 67 68 69 70 71 72 73 74 75 76 77 78 80 82 83 84 85 86 87 88 89 90 91 92 93 94 96 97 98 99 100 
active=91: 1 2 3 4 5 6 7 8 9 10 11 12 13 14 15 16 18 19 20 21 22 23 24 25 26 27 28 29 30 31 32 33 34 35 37 39 40 41 43 44 45 46 47 48 49 51 53 54 55 56 57 58 59 60 61 62 63 64 65 66 67 68 69 70 71 72 73 74 75 76 77 78 80 82 83 84 85 86 87 88 89 90 91 92 93 94 96 97 98 99 100 
active=90: 1 2 3 4 5 6 7 8 9 10 11 12 13 14 15 16 18 19 20 21 22 23 24 25 26 27 28 29 30 32 33 34 35 37 39 40 41 43 44 45 46 47 48 49 51 53 54 55 56 57 58 59 60 61 62 63 64 65 66 67 68 69 70 71 72 73 74 75 76 77 78 80 82 83 84 85 86 87 88 89 90 91 92 93 94 96 97 98 99 100 
active=89: 1 2 3 4 5 6 7 8 9 10 11 12 13 14 15 16 18 19 20 21 22 23 24 25 26 27 28 29 30 32 33 34 35 37 39 40 41 43 44 45 46 47 48 49 51 53 54 55 56 57 58 59 60 61 62 63 64 65 66 67 68 69 70 71 72 73 74 75 76 77 78 80 82 83 84 85 86 87 88 89 90 91 92 94 96 97 98 99 100 
active=88: 1 2 3 4 5 6 7 8 9 10 11 12 13 14 15 16 18 19 20 21 22 23 24 25 26 27 28 29 30 32 33 34 35 37 39 40 41 43 44 45 46 47 48 49 51 53 54 55 56 57 58 59 60 61 62 63 64 65 66 67 68 69 70 71 72 73 74 75 76 77 78 80 82 83 84 85 86 87 88 89 90 91 92 94 96 98 99 100 
active=87: 1 2 3 4 5 6 7 8 9 10 11 12 13 14 15 16 18 19 20 21 22 23 24 25 26 27 28 29 30 32 33 34 35 37 39 40 41 43 44 45 46 47 48 49 51 53 54 55 56 57 58 59 60 61 62 63 64 65 66 67 68 69 70 71 72 73 74 75 76 77 78 80 82 83 84 85 86 87 88 89 90 91 92 94 98 99 100 
active=86: 1 2 3 4 5 6 7 8 9 10 11 12 13 14 15 16 18 19 20 21 22 23 24 25 26 27 28 29 32 33 34 35 37 39 40 41 43 44 45 46 47 48 49 51 53 54 55 56 57 58 59 60 61 62 63 64 65 66 67 68 69 70 71 72 73 74 75 76 77 78 80 82 83 84 85 86 87 88 89 90 91 92 94 98 99 100 
active=85: 1 2 3 4 5 6 7 8 9 10 11 12 13 14 15 16 18 19 20 21 22 23 24 25 26 27 28 29 32 33 34 35 37 39 40 41 43 44 45 46 47 48 49 51 53 54 55 56 57 58 60 61 62 63 64 65 66 67 68 69 70 71 72 73 74 75 76 77 78 80 82 83 84 85 86 87 88 89 90 91 92 94 98 99 100 
active=84: 1 2 3 4 5 6 7 8 9 10 11 12 13 14 15 16 18 19 20 21 22 23 24 25 26 27 28 29 32 33 34 35 37 39 40 41 43 44 45 46 47 48 49 51 53 54 55 56 57 58 60 61 62 63 64 65 66 67 68 69 70 72 73 74 75 76 77 78 80 82 83 84 85 86 87 88 89 90 91 92 94 98 99 100 
active=83: 1 2 3 4 5 6 7 8 9 10 11 12 13 14 15 16 18 19 20 21 22 23 24 25 26 27 28 29 32 33 34 35 37 39 40 41 43 44 45 46 47 48 49 51 53 54 55 56 57 58 60 62 63 64 65 66 67 68 69 70 72 73 74 75 76 77 78 80 82 83 84 85 86 87 88 89 90 91 92 94 98 99 100 
active=82: 1 2 3 4 5 6 7 8 9 10 11 12 13 15 16 18 19 20 21 22 23 24 25 26 27 28 29 32 33 34 35 37 39 40 41 43 44 45 46 47 48 49 51 53 54 55 56 57 58 60 62 63 64 65 66 67 68 69 70 72 73 74 75 76 77 78 80 82 83 84 85 86 87 88 89 90 91 92 94 98 99 100 
active=81: 1 2 3 4 5 6 7 8 9 10 11 12 13 15 16 18 19 20 21 22 23 24 25 26 27 28 29 32 33 34 35 37 39 40 41 43 44 45 46 47 48 49 51 53 54 55 57 58 60 62 63 64 65 66 67 68 69 70 72 73 74 75 76 77 78 80 82 83 84 85 86 87 88 89 90 91 92 94 98 99 100 
active=80: 1 2 3 4 5 6 7 8 9 10 11 12 13 15 16 18 19 20 21 22 23 25 26 27 28 29 32 33 34 35 37 39 40 41 43 44 45 46 47 48 49 51 53 54 55 57 58 60 62 63 64 65 66 67 68 69 70 72 73 74 75 76 77 78 80 82 83 84 85 86 87 88 89 90 91 92 94 98 99 100 
active=79: 1 2 3 4 5 6 7 8 9 10 11 12 13 15 16 18 19 20 21 22 23 25 26 27 28 29 32 33 34 35 37 39 40 41 43 44 45 46 47 48 49 51 53 54 55 57 58 60 62 63 64 65 66 67 68 69 70 72 73 74 75 76 77 78 80 82 83 84 85 86 87 88 89 90 92 94 98 99 100 
active=78: 1 2 3 4 5 6 7 8 9 10 11 12 13 15 16 18 19 20 21 22 23 25 26 27 28 29 32 33 34 37 39 40 41 43 44 45 46 47 48 49 51 53 54 55 57 58 60 62 63 64 65 66 67 68 69 70 72 73 74 75 76 77 78 80 82 83 84 85 86 87 88 89 90 92 94 98 99 100 
active=77: 1 2 3 4 5 6 7 8 9 10 11 12 13 15 16 18 19 20 21 22 23 25 26 27 28 29 32 33 34 37 39 40 41 43 44 45 46 47 48 49 51 53 54 55 57 58 60 62 63 64 65 66 67 68 69 70 72 74 75 76 77 78 80 82 83 84 85 86 87 88 89 90 92 94 98 99 100 
active=76: 1 2 3 4 5 6 7 8 9 10 11 12 13 15 16 18 19 20 21 22 23 25 26 27 28 29 32 33 34 37 39 40 41 43 44 45 46 47 48 49 51 53 54 55 57 58 60 63 64 65 66 67 68 69 70 72 74 75 76 77 78 80 82 83 84 85 86 87 88 89 90 92 94 98 99 100 
active=75: 1 2 3 4 5 6 7 8 9 10 11 12 13 15 16 18 19 20 21 22 23 25 26 27 28 29 32 33 34 37 39 40 41 43 44 45 46 47 48 49 51 53 54 55 57 58 60 63 64 65 66 67 68 69 70 72 74 75 76 77 78 80 82 83 84 85 86 87 88 89 90 92 94 98 99 
active=74: 1 2 3 4 5 6 7 8 9 10 11 12 13 15 16 18 19 20 21 22 25 26 27 28 29 32 33 34 37 39 40 41 43 44 45 46 47 48 49 51 53 54 55 57 58 60 63 64 65 66 67 68 69 70 72 74 75 76 77 78 80 82 83 84 85 86 87 88 89 90 92 94 98 99 
active=73: 1 2 3 4 5 6 7 8 9 10 11 12 13 15 16 19 20 21 22 25 26 27 28 29 32 33 34 37 39 40 41 43 44 45 46 47 48 49 51 53 54 55 57 58 60 63 64 65 66 67 68 69 70 72 74 75 76 77 78 80 82 83 84 85 86 87 88 89 90 92 94 98 99 
active=72: 1 2 3 4 5 6 7 8 9 10 11 12 13 15 16 19 20 21 22 25 26 27 28 29 32 33 34 37 39 40 41 43 44 45 46 47 48 49 51 53 54 55 57 58 60 63 64 65 66 67 68 69 70 72 74 75 76 77 78 80 82 83 84 85 86 87 89 90 92 94 98 99 
active=71: 1 2 3 4 5 6 7 8 9 10 11 12 13 15 16 20 21 22 25 26 27 28 29 32 33 34 37 39 40 41 43 44 45 46 47 48 49 51 53 54 55 57 58 60 63 64 65 66 67 68 69 70 72 74 75 76 77 78 80 82 83 84 85 86 87 89 90 92 94 98 99 
active=70: 1 2 3 4 5 6 7 8 9 10 11 12 13 15 16 20 21 22 25 26 27 28 29 32 33 34 37 39 40 41 43 44 45 46 47 48 49 51 53 54 55 57 58 60 63 64 65 66 67 68 69 70 72 74 75 76 77 78 80 82 83 84 86 87 89 90 92 94 98 99 
active=69: 1 2 3 4 5 6 7 8 9 10 11 12 13 15 16 20 21 22 25 27 28 29 32 33 34 37 39 40 41 43 44 45 46 47 48 49 51 53 54 55 57 58 60 63 64 65 66 67 68 69 70 72 74 75 76 77 78 80 82 83 84 86 87 89 90 92 94 98 99 
active=68: 1 2 3 4 5 6 7 8 9 10 11 12 13 15 16 21 22 25 27 28 29 32 33 34 37 39 40 41 43 44 45 46 47 48 49 51 53 54 55 57 58 60 63 64 65 66 67 68 69 70 72 74 75 76 77 78 80 82 83 84 86 87 89 90 92 94 98 99 
active=67: 1 2 3 4 5 6 7 8 9 10 11 12 13 15 16 21 22 25 27 28 29 32 33 34 37 39 40 41 43 44 45 46 47 48 49 51 53 54 55 57 58 60 63 64 65 66 68 69 70 72 74 75 76 77 78 80 82 83 84 86 87 89 90 92 94 98 99 
active=66: 1 2 3 4 5 6 7 8 9 10 11 12 13 15 16 21 22 25 27 28 29 32 33 34 37 39 40 41 43 44 45 46 47 48 49 51 53 54 55 57 58 60 63 64 65 66 68 69 70 72 74 75 76 77 78 80 82 83 84 86 87 90 92 94 98 99 
active=65: 1 2 3 4 5 6 7 8 9 10 11 12 13 16 21 22 25 27 28 29 32 33 34 37 39 40 41 43 44 45 46 47 48 49 51 53 54 55 57 58 60 63 64 65 66 68 69 70 72 74 75 76 77 78 80 82 83 84 86 87 90 92 94 98 99 
active=64: 1 2 3 4 5 6 7 8 9 10 11 12 13 16 21 22 25 27 28 29 32 33 34 37 39 40 41 44 45 46 47 48 49 51 53 54 55 57 58 60 63 64 65 66 68 69 70 72 74 75 76 77 78 80 82 83 84 86 87 90 92 94 98 99 
active=63: 1 2 3 4 5 6 7 8 9 10 11 12 13 16 21 22 25 27 28 29 32 33 34 37 39 40 41 44 45 46 47 48 49 51 53 54 55 57 58 60 63 64 66 68 69 70 72 74 75 76 77 78 80 82 83 84 86 87 90 92 94 98 99 
active=62: 1 2 3 4 5 6 7 8 9 10 11 12 13 16 21 22 25 27 28 29 32 33 34 37 39 40 41 44 45 46 47 48 49 51 53 54 55 57 58 60 63 64 66 69 70 72 74 75 76 77 78 80 82 83 84 86 87 90 92 94 98 99 
active=61: 1 2 3 4 5 6 7 8 9 10 11 12 13 16 21 22 25 27 28 29 32 33 34 37 39 40 41 44 45 46 47 49 51 53 54 55 57 58 60 63 64 66 69 70 72 74 75 76 77 78 80 82 83 84 86 87 90 92 94 98 99 
active=60: 1 2 3 4 5 6 7 8 9 10 11 12 13 16 21 22 25 27 28 29 32 33 34 37 39 40 44 45 46 47 49 51 53 54 55 57 58 60 63 64 66 69 70 72 74 75 76 77 78 80 82 83 84 86 87 90 92 94 98 99 
active=59: 1 2 3 4 5 6 7 8 9 10 11 12 13 16 21 22 25 27 28 29 32 33 34 37 39 40 44 45 46 47 49 51 53 54 55 57 58 60 63 64 66 69 70 72 74 75 76 77 78 80 82 84 86 87 90 92 94 98 99 
active=58: 1 2 3 4 5 6 7 8 9 10 11 12 13 16 21 22 25 27 28 29 32 33 34 37 39 40 44 45 46 47 49 51 53 54 55 57 58 60 63 64 66 69 70 72 74 75 76 77 78 80 82 86 87 90 92 94 98 99 
active=57: 1 2 3 4 5 6 7 8 9 10 11 12 13 16 22 25 27 28 29 32 33 34 37 39 40 44 45 46 47 49 51 53 54 55 57 58 60 63 64 66 69 70 72 74 75 76 77 78 80 82 86 87 90 92 94 98 99 
active=56: 1 2 3 4 5 6 7 8 9 10 11 12 13 16 22 25 27 28 29 32 33 34 37 39 40 44 45 46 49 51 53 54 55 57 58 60 63 64 66 69 70 72 74 75 76 77 78 80 82 86 87 90 92 94 98 99 
active=55: 1 2 3 4 5 6 7 8 9 10 11 12 16 22 25 27 28 29 32 33 34 37 39 40 44 45 46 49 51 53 54 55 57 58 60 63 64 66 69 70 72 74 75 76 77 78 80 82 86 87 90 92 94 98 99 
active=54: 1 2 3 4 5 6 7 8 9 10 11 12 16 22 25 27 28 29 33 34 37 39 40 44 45 46 49 51 53 54 55 57 58 60 63 64 66 69 70 72 74 75 76 77 78 80 82 86 87 90 92 94 98 99 
active=53: 1 2 3 4 5 6 7 8 9 10 11 12 16 22 25 27 28 29 33 34 37 40 44 45 46 49 51 53 54 55 57 58 60 63 64 66 69 70 72 74 75 76 77 78 80 82 86 87 90 92 94 98 99 
active=52: 1 2 3 4 5 6 7 8 9 10 11 12 16 22 25 27 28 29 33 34 37 40 44 45 46 49 51 53 54 55 57 58 60 63 64 66 69 70 72 74 75 76 77 78 80 82 86 90 92 94 98 99 
active=51: 1 2 3 4 5 6 7 8 9 10 11 12 16 22 25 27 28 29 33 34 40 44 45 46 49 51 53 54 55 57 58 60 63 64 66 69 70 72 74 75 76 77 78 80 82 86 90 92 94 98 99 
active=50: 1 2 3 4 5 6 7 8 9 10 11 12 16 22 25 27 28 29 33 34 40 44 45 49 51 53 54 55 57 58 60 63 64 66 69 70 72 74 75 76 77 78 80 82 86 90 92 94 98 99 
active=49: 1 2 3 4 5 6 7 8 9 10 11 12 16 22 25 27 29 33 34 40 44 45 49 51 53 54 55 57 58 60 63 64 66 69 70 72 74 75 76 77 78 80 82 86 90 92 94 98 99 
active=48: 1 2 3 4 5 6 7 8 9 10 11 12 16 22 25 27 29 33 34 40 44 45 49 51 53 54 55 57 58 60 63 64 66 70 72 74 75 76 77 78 80 82 86 90 92 94 98 99 
active=47: 1 2 3 4 5 6 7 8 9 10 11 12 22 25 27 29 33 34 40 44 45 49 51 53 54 55 57 58 60 63 64 66 70 72 74 75 76 77 78 80 82 86 90 92 94 98 99 
active=46: 1 2 3 4 5 6 7 8 9 10 11 12 22 25 27 29 33 34 44 45 49 51 53 54 55 57 58 60 63 64 66 70 72 74 75 76 77 78 80 82 86 90 92 94 98 99 
active=45: 1 2 3 4 5 6 7 8 9 10 11 12 22 25 27 29 33 34 44 49 51 53 54 55 57 58 60 63 64 66 70 72 74 75 76 77 78 80 82 86 90 92 94 98 99 
active=44: 1 2 3 4 5 6 7 8 9 10 11 12 22 25 27 29 33 34 44 49 51 53 54 55 57 58 60 63 64 66 70 72 74 75 76 77 78 80 86 90 92 94 98 99 
active=43: 1 2 3 4 5 6 7 8 9 10 11 12 22 25 27 29 33 34 44 49 51 53 54 55 57 58 60 63 64 66 70 72 74 76 77 78 80 86 90 92 94 98 99 
active=42: 1 2 3 4 5 6 7 8 9 10 11 12 22 25 27 33 34 44 49 51 53 54 55 57 58 60 63 64 66 70 72 74 76 77 78 80 86 90 92 94 98 99 
active=41: 1 2 3 4 5 6 7 8 9 10 11 12 22 25 27 33 34 44 49 51 53 54 55 57 58 60 64 66 70 72 74 76 77 78 80 86 90 92 94 98 99 
active=40: 1 2 3 4 5 6 7 8 9 10 11 12 22 25 27 33 34 44 49 51 53 54 55 57 58 60 64 66 70 72 74 76 77 78 80 86 90 94 98 99 
active=39: 1 3 4 5 6 7 8 9 10 11 12 22 25 27 33 34 44 49 51 53 54 55 57 58 60 64 66 70 72 74 76 77 78 80 86 90 94 98 99 
active=38: 1 3 4 5 6 7 8 9 10 11 12 22 25 27 34 44 49 51 53 54 55 57 58 60 64 66 70 72 74 76 77 78 80 86 90 94 98 99 
active=37: 1 3 4 5 6 7 8 9 10 11 12 22 25 27 34 44 49 51 53 54 55 57 58 60 64 66 70 72 74 77 78 80 86 90 94 98 99 
active=36: 1 3 4 5 6 7 8 9 10 11 12 22 25 27 34 44 49 53 54 55 57 58 60 64 66 70 72 74 77 78 80 86 90 94 98 99 
active=35: 1 3 4 5 7 8 9 10 11 12 22 25 27 34 44 49 53 54 55 57 58 60 64 66 70 72 74 77 78 80 86 90 94 98 99 
active=34: 1 3 4 5 7 8 9 10 11 12 22 25 27 34 44 49 53 54 55 58 60 64 66 70 72 74 77 78 80 86 90 94 98 99 
active=33: 1 3 4 5 7 8 9 10 11 12 22 25 27 34 44 49 53 54 58 60 64 66 70 72 74 77 78 80 86 90 94 98 99 
active=32: 1 3 4 5 7 8 9 10 11 12 22 25 34 44 49 53 54 58 60 64 66 70 72 74 77 78 80 86 90 94 98 99 
active=31: 1 3 4 5 7 8 10 11 12 22 25 34 44 49 53 54 58 60 64 66 70 72 74 77 78 80 86 90 94 98 99 
active=30: 1 3 4 5 7 8 10 11 12 22 25 34 44 49 53 54 58 60 66 70 72 74 77 78 80 86 90 94 98 99 
active=29: 1 4 5 7 8 10 11 12 22 25 34 44 49 53 54 58 60 66 70 72 74 77 78 80 86 90 94 98 99 
active=28: 1 4 5 7 8 10 11 12 22 25 34 44 49 53 54 58 60 66 70 72 74 77 78 80 86 90 98 99 
active=27: 1 4 5 7 8 10 11 12 22 25 34 44 49 53 54 58 60 66 70 72 77 78 80 86 90 98 99 
active=26: 1 4 5 7 8 10 11 12 22 25 34 44 53 54 58 60 66 70 72 77 78 80 86 90 98 99 
active=25: 1 4 5 7 8 10 11 12 22 25 34 44 53 54 58 60 66 70 77 78 80 86 90 98 99 
active=24: 1 4 5 7 8 10 11 12 22 25 34 44 53 54 58 60 66 70 77 78 86 90 98 99 
active=23: 1 4 5 7 8 10 11 12 22 25 44 53 54 58 60 66 70 77 78 86 90 98 99 
active=22: 1 4 7 8 10 11 12 22 25 44 53 54 58 60 66 70 77 78 86 90 98 99 
active=21: 1 4 8 10 11 12 22 25 44 53 54 58 60 66 70 77 78 86 90 98 99 
active=20: 1 4 8 10 11 12 22 25 44 53 54 58 60 66 77 78 86 90 98 99 
active=19: 1 4 8 10 11 12 22 25 44 53 54 60 66 77 78 86 90 98 99 
active=18: 1 4 8 10 11 12 22 25 44 53 54 60 77 78 86 90 98 99 
active=17: 1 4 10 11 12 22 25 44 53 54 60 77 78 86 90 98 99 
active=16: 1 4 10 11 12 22 25 44 53 54 60 77 78 90 98 99 
active=15: 1 4 10 12 22 25 44 53 54 60 77 78 90 98 99 
active=14: 4 10 12 22 25 44 53 54 60 77 78 90 98 99 
active=13: 4 10 12 22 25 44 53 54 60 77 78 90 98 
active=12: 4 10 12 25 44 53 54 60 77 78 90 98 
active=11: 4 10 25 44 53 54 60 77 78 90 98 
active=10: 4 10 25 44 54 60 77 78 90 98 
active=9: 4 10 44 54 60 77 78 90 98 
active=8: 4 10 44 54 60 78 90 98 
active=7: 4 10 54 60 78 90 98 
active=6: 4 10 60 78 90 98 
active=5: 4 10 78 90 98 
active=4: 4 10 78 98 
active=3: 4 10 98 
active=2: 10 98 
active=1: 98 
