active=60: 1 2 3 4 5 6 7 8 9 10 11 12 13 14 15 16 17 18 19 20 21 22 23 24 25 26 27 28 29 30 31 32 33 34 35 36 37 38 39 40 41 42 43 44 45 46 47 48 49 50 51 52 53 54 55 56 57 58 59 60 
active=59: 1 2 3 4 5 6 7 8 9 10 11 12 13 14 15 16 17 18 19 20 21 22 23 24 25 26 27 28 29 30 31 32 33 34 35 36 37 38 39 40 41 42 43 44 45 46 47 49 50 51 52 53 54 55 56 57 58 59 60 
active=58: 1 2 3 4 5 6 7 8 9 10 11 12 13 14 15 16 17 18 19 20 22 23 24 25 26 27 28 29 30 31 32 33 34 35 36 37 38 39 40 41 42 43 44 45 46 47 49 50 51 52 53 54 55 56 57 58 59 60 
active=57: 1 2 3 4 5 6 7 8 9 10 11 12 13 14 15 16 17 18 19 20 22 23 24 25 26 27 28 29 30 31 33 34 35 36 37 38 39 40 41 42 43 44 45 46 47 49 50 51 52 53 54 55 56 57 58 59 60 
active=56: 1 2 3 4 5 6 7 8 9 10 11 12 13 14 15 16 17 18 19 20 22 23 24 25 26 27 28 29 30 31 33 34 35 36 37 38 39 40 41 42 43 44 45 46 47 49 50 51 53 54 55 56 57 58 59 60 
active=55: 1 2 3 4 5 6 7 8 9 10 11 12 13 14 15 16 17 18 20 22 23 24 25 26 27 28 29 30 31 33 34 35 36 37 38 39 40 41 42 43 44 45 46 47 49 50 51 53 54 55 56 57 58 59 60 
active=54: 1 2 3 4 5 6 7 8 9 10 11 12 13 15 16 17 18 20 22 23 24 25 26 27 28 29 30 31 33 34 35 36 37 38 39 40 41 42 43 44 45 46 47 49 50 51 53 54 55 56 57 58 59 60 
active=53: 1 2 3 4 5 6 7 8 9 10 12 13 15 16 17 18 20 22 23 24 25 26 27 28 29 30 31 33 34 35 36 37 38 39 40 41 42 43 44 45 46 47 49 50 51 53 54 55 56 57 58 59 60 
active=52: 1 2 3 4 5 6 7 8 9 10 12 13 15 16 17 18 20 22 23 24 25 26 27 28 29 30 31 34 35 36 37 38 39 40 41 42 43 44 45 46 47 49 50 51 53 54 55 56 57 58 59 60 
active=51: 1 2 3 4 5 6 7 8 9 10 12 13 16 17 18 20 22 23 24 25 26 27 28 29 30 31 34 35 36 37 38 39 40 41 42 43 44 45 46 47 49 50 51 53 54 55 56 57 58 59 60 
active=50: 1 2 3 4 5 6 7 8 9 10 12 13 16 17 18 20 22 23 24 25 26 27 28 29 30 31 34 35 36 37 38 40 41 42 43 44 45 46 47 49 50 51 53 54 55 56 57 58 59 60 
active=49: 1 2 3 4 5 6 7 8 9 10 12 13 16 17 18 20 22 23 24 25 26 27 28 29 30 31 34 35 37 38 40 41 42 43 44 45 46 47 49 50 51 53 54 55 56 57 58 59 60 
active=48: 1 2 3 4 5 6 7 8 9 10 12 13 16 17 18 20 22 23 24 25 26 27 28 29 30 31 35 37 38 40 41 42 43 44 45 46 47 49 50 51 53 54 55 56 57 58 59 60 
active=47: 1 2 3 4 5 6 7 8 9 10 12 13 16 17 18 20 23 24 25 26 27 28 29 30 31 35 37 38 40 41 42 43 44 45 46 47 49 50 51 53 54 55 56 57 58 59 60 
active=46: 1 2 3 5 6 7 8 9 10 12 13 16 17 18 20 23 24 25 26 27 28 29 30 31 35 37 38 40 41 42 43 44 45 46 47 49 50 51 53 54 55 56 57 58 59 60 
active=45: 1 2 3 5 6 7 8 9 10 12 13 16 17 18 20 23 24 25 26 27 28 29 31 35 37 38 40 41 42 43 44 45 46 47 49 50 51 53 54 55 56 57 58 59 60 
active=44: 1 2 3 5 6 7 8 9 10 12 13 16 18 20 23 24 25 26 27 28 29 31 35 37 38 40 41 42 43 44 45 46 47 49 50 51 53 54 55 56 57 58 59 60 
active=43: 1 2 3 5 6 7 8 9 10 12 13 16 18 20 23 24 25 26 28 29 31 35 37 38 40 41 42 43 44 45 46 47 49 50 51 53 54 55 56 57 58 59 60 
active=42: 1 2 3 5 6 7 8 9 10 13 16 18 20 23 24 25 26 28 29 31 35 37 38 40 41 42 43 44 45 46 47 49 50 51 53 54 55 56 57 58 59 60 
active=41: 1 2 3 5 6 7 8 9 10 13 16 18 20 23 24 25 26 28 29 31 35 37 38 40 41 42 43 44 46 47 49 50 51 53 54 55 56 57 58 59 60 
active=40: 1 2 3 5 6 7 8 9 10 13 16 18 20 23 24 25 26 28 29 31 35 37 38 40 41 42 43 44 46 47 49 50 53 54 55 56 57 58 59 60 
active=39: 1 2 3 5 6 7 8 9 10 13 16 18 20 23 24 25 26 28 29 31 35 37 38 40 41 42 43 44 46 47 49 50 53 54 55 56 57 58 60 
active=38: 1 2 3 5 6 7 8 9 13 16 18 20 23 24 25 26 28 29 31 35 37 38 40 41 42 43 44 46 47 49 50 53 54 55 56 57 58 60 
active=37: 1 2 3 5 6 7 8 9 13 16 18 20 23 24 25 26 28 29 31 35 37 38 40 41 42 43 46 47 49 50 53 54 55 56 57 58 60 
active=36: 1 2 3 5 6 8 9 13 16 18 20 23 24 25 26 28 29 31 35 37 38 40 41 42 43 46 47 49 50 53 54 55 56 57 58 60 
active=35: 1 2 3 5 6 8 9 13 16 18 20 23 24 25 26 28 29 31 35 37 38 40 41 42 43 46 47 49 50 53 54 56 57 58 60 
active=34: 1 2 3 5 6 8 9 13 16 18 23 24 25 26 28 29 31 35 37 38 40 41 42 43 46 47 49 50 53 54 56 57 58 60 
active=33: 1 2 3 5 6 8 9 16 18 23 24 25 26 28 29 31 35 37 38 40 41 42 43 46 47 49 50 53 54 56 57 58 60 
active=32: 1 2 3 5 6 8 9 16 18 23 24 25 26 28 29 31 37 38 40 41 42 43 46 47 49 50 53 54 56 57 58 60 
active=31: 1 2 3 5 6 8 9 16 18 23 24 25 26 28 29 31 37 38 41 42 43 46 47 49 50 53 54 56 57 58 60 
active=30: 1 2 3 5 6 8 9 16 18 23 24 25 26 28 29 31 37 38 41 42 43 46 47 49 50 53 54 56 58 60 
active=29: 1 2 3 5 6 8 9 16 18 23 24 25 26 28 29 37 38 41 42 43 46 47 49 50 53 54 56 58 60 
active=28: 1 2 3 5 6 8 9 16 18 23 24 25 26 28 29 37 38 41 42 43 47 49 50 53 54 56 58 60 
active=27: 1 2 3 5 6 8 9 16 18 23 24 25 26 28 29 37 38 41 43 47 49 50 53 54 56 58 60 
active=26: 1 2 3 5 6 8 9 16 18 23 24 25 26 28 29 37 38 41 47 49 50 53 54 56 58 60 
active=25: 1 2 3 5 6 8 9 16 18 23 24 25 26 29 37 38 41 47 49 50 53 54 56 58 60 
active=24: 1 2 3 5 6 8 9 16 18 23 24 25 29 37 38 41 47 49 50 53 54 56 58 60 
active=23: 1 3 5 6 8 9 16 18 23 24 25 29 37 38 41 47 49 50 53 54 56 58 60 
active=22: 1 3 5 6 8 9 16 18 23 24 25 29 37 38 41 47 49 50 54 56 58 60 
active=21: 1 3 5 6 8 9 16 18 23 24 29 37 38 41 47 49 50 54 56 58 60 
active=20: 1 3 5 6 8 9 16 18 23 24 29 37 38 41 49 50 54 56 58 60 
active=19: 1 3 5 6 8 9 16 18 23 24 29 37 38 41 49 54 56 58 60 
active=18: 1 3 5 6 8 9 16 18 23 24 29 37 41 49 54 56 58 60 
active=17: 1 3 5 6 8 9 16 18 23 24 29 37 41 49 56 58 60 
active=16: 1 3 5 6 8 9 16 18 24 29 37 41 49 56 58 60 
active=15: 1 3 5 6 8 9 16 24 29 37 41 49 56 58 60 
active=14: 1 3 5 6 8 9 16 24 29 37 41 49 58 60 
active=13: 1 3 5 6 8 9 16 24 29 37 41 49 58 
active=12: 1 3 5 6 8 9 16 24 29 41 49 58 
active=11: 1 3 5 6 9 16 24 29 41 49 58 
active=10: 1 3 5 6 9 16 24 29 49 58 
active=9: 1 3 5 6 9 16 24 49 58 
active=8: 1 3 5 6 9 16 49 58 
active=7: 1 3 6 9 16 49 58 
active=6: 1 3 6 9 16 49 
active=5: 1 3 6 9 16 
active=4: 1 3 6 9 
active=3: 1 3 6 
active=2: 1 6 
active=1: 6 
