0.000000 0.520000
1.000000 0.673600
2.000000 0.757800
3.000000 0.764000
4.000000 0.810400
5.000000 0.811400
6.000000 0.832800
7.000000 0.860800
8.000000 0.895600
9.000000 0.892400
10.000000 0.931400
11.000000 0.941200
12.000000 0.952800
13.000000 0.958800
14.000000 0.955800
15.000000 0.962600
16.000000 0.961800
17.000000 0.962400
18.000000 0.956600
19.000000 0.961400
20.000000 0.957600
21.000000 0.958800
22.000000 0.953200
23.000000 0.958600
24.000000 0.965200
25.000000 0.957400
26.000000 0.957400
27.000000 0.957600
28.000000 0.960200
29.000000 0.966400
30.000000 0.967800
31.000000 0.969000
32.000000 0.973200
33.000000 0.970000
34.000000 0.975400
35.000000 0.972800
36.000000 0.975200
37.000000 0.974600
38.000000 0.978400
39.000000 0.974600
40.000000 0.974600
41.000000 0.976800
42.000000 0.976800
43.000000 0.977200
44.000000 0.978800
45.000000 0.976800
46.000000 0.983200
47.000000 0.983600
48.000000 0.984200
49.000000 0.984200
50.000000 0.984800
51.000000 0.985000
52.000000 0.985800
53.000000 0.987800
54.000000 0.989200
55.000000 0.992600
56.000000 0.991400
57.000000 0.993800
58.000000 0.996000
59.000000 0.996800
60.000000 0.995600
