1 0.017400780000 1.031425282744
2 -0.078293550000 0.863428095107
3 -0.225406440000 1.056640942391
4 -0.107213130000 1.146335217698
5 0.026601540000 0.915662761984
6 -0.003439990000 0.977369985087
7 -0.079694130000 0.964735172365
8 0.040779430000 0.931146263631
9 -0.060275700000 1.070937827928
10 0.040400430000 1.091168879606
11 -0.116137470000 1.035048687548
12 -0.275691910000 1.056870978157
13 -0.057062960000 0.955480550840
14 -0.072043940000 1.076423420189
15 0.029916000000 1.007120413327
16 -0.103329580000 0.943584937887
17 0.059244600000 0.987422874525
18 0.019069080000 0.942448891533
19 0.142101700000 0.930709740275
20 0.011789540000 0.966552675485
21 0.003750630000 1.001151818964
22 -0.047783770000 1.123166286774
23 0.036436270000 0.949645747357
24 0.065712040000 1.009737473340
25 -0.003642990000 1.050740840429
26 -0.165172770000 0.967813548497
27 0.163534390000 0.935383231686
28 -0.052551040000 1.133219044881
29 0.061640360000 0.866068713209
30 -0.087006160000 0.911279415615
31 -0.077770010000 0.874194882627
32 -0.069944660000 0.846133667502
33 -0.054265300000 1.085193928808
34 0.217736090000 0.822609601844
35 -0.031785240000 0.920286236585
36 0.105594550000 0.948291712205
37 0.055698220000 1.000099411086
38 0.049594400000 1.062581954699
39 0.055608210000 0.924559012286
40 0.046859450000 0.866354074864
