N=100
P=40
R=2
1 -0.104991 0.112509 -0.627645 2.154253 0.404795 -0.874612 1.559526 -0.605220 -0.359674 0.785703 -1.010497 -3.783064 -0.331758 0.636909 -0.771054 -0.997979 0.393098 1.388130 -0.106410 1.159107 -0.290663 0.284305 0.378101 0.416990 -2.094009 -0.201407 -1.870304 -1.253438 -0.929367 -0.742629 -1.502118 -0.110204 1.156209 1.679633 1.370958 -0.018906 -0.129503 1.296977 -1.232941 -0.779848 1.602157 1.000000
2 -1.569634 0.936837 -0.735690 -1.362151 -0.001491 -0.566182 0.420878 0.070915 -2.287860 0.798262 2.093927 -0.533799 1.053311 0.613075 -0.928215 0.188713 0.150759 -1.188944 0.843787 -0.536207 0.670227 -1.178305 0.116606 0.516676 0.846808 -0.536847 1.347920 -1.758854 -0.100612 -0.400807 -0.887319 -1.165176 -0.077670 0.112701 -1.718937 0.529953 1.707098 -1.197504 0.356803 -0.291037 3.222909 1.000000
3 0.214657 1.261330 -2.042603 -1.418842 1.366216 0.484965 0.378238 0.452118 0.386336 0.407937 -0.626496 -0.630809 -2.347418 -2.563343 0.431138 -0.809739 0.911588 0.318404 1.321615 0.607279 -0.509946 0.286347 -0.481291 -0.303651 2.243322 0.754879 0.818239 1.736136 -2.036322 -0.645668 -0.871617 0.340417 0.820630 0.638927 -0.059028 2.626248 1.237489 -1.301222 0.016813 0.188030 10.115178 1.000000
4 -0.289242 0.519720 0.839636 1.506369 1.393470 0.622699 -1.642220 1.007015 0.763118 -0.630856 0.353352 0.054412 1.420766 0.370639 1.243678 0.825665 1.077478 0.370669 2.195704 2.268230 -0.273035 1.428275 -0.802486 -0.931152 2.294947 0.069136 -0.929618 0.237271 0.026036 0.560587 0.570276 0.159223 -0.599843 0.665356 0.370425 -0.464498 -0.969671 -0.283033 1.621517 0.633604 1.504352 1.000000
5 0.190616 0.106005 -1.658553 -1.483363 0.451013 -0.132995 -0.186833 1.996582 -2.111638 -0.195153 1.404891 -1.686310 0.324278 -1.062538 -1.159825 1.147389 -0.255400 0.423134 -0.682434 0.782177 2.096730 -0.834066 1.190625 -0.951982 0.252923 0.941820 -0.984683 -1.352196 -1.104633 -0.210368 -0.637696 -1.239391 -0.851993 1.179836 0.934027 -0.498533 1.982683 -1.198617 0.637559 0.701517 3.617320 1.000000
6 0.571148 -0.981494 -2.205647 0.006243 0.116163 -0.772270 -0.441787 0.353787 1.448447 -1.171535 -0.760697 0.706605 0.856918 -0.343804 0.139487 0.357117 -0.078689 -1.795813 -0.830861 0.073459 0.246567 0.261458 -0.469758 -0.304045 2.068475 0.438949 -0.149831 2.545267 1.630459 -0.519082 -1.375666 -0.425386 0.305887 1.194463 0.616132 -1.004748 -2.218845 1.583406 -0.205701 -0.357514 4.479055 1.000000
7 -0.387038 -0.763398 1.161129 -0.046095 0.108456 -0.503130 -1.334408 -0.057857 -0.641997 2.808036 -1.032563 -0.781520 2.195721 1.066167 -1.280332 -0.911496 -0.259096 0.106265 -1.201644 0.901083 1.581053 -2.489461 -0.417237 0.975094 0.271284 -1.813864 0.042538 -1.250502 0.216254 0.521678 -0.933090 2.308586 0.555023 0.896146 0.636875 -0.970605 0.169618 1.082186 0.329978 0.765769 9.708361 1.000000
8 0.333037 -0.386796 -0.744885 0.319329 0.270108 -1.740153 -1.026590 0.756488 -1.578582 0.302679 0.640431 -0.353016 -0.186758 1.044505 -0.045286 -2.387270 1.135214 -0.527187 -0.141432 1.307764 -0.418221 0.047225 -0.862322 -0.368216 -0.254376 0.589356 0.841749 -0.530688 -1.071380 0.121681 -0.676891 1.756253 -0.318452 0.342528 1.724196 -1.099410 0.755643 0.094356 0.432241 1.167775 5.004379 1.000000
9 0.306228 -0.115112 -1.413641 -1.644252 -0.134456 -0.907601 -0.857048 1.944810 0.126727 0.799829 -1.741312 -0.317494 -0.068960 0.524104 -0.227706 -0.340282 -0.694369 0.134134 0.064416 0.237339 -0.959739 0.294653 -0.373518 -0.655550 0.198946 0.984681 0.149278 0.475160 1.425460 -1.371098 -0.391592 0.389379 -1.187867 -0.468337 0.588927 0.571497 -0.787855 -1.846459 0.025034 0.989625 4.015035 1.000000
10 0.604453 2.049236 -0.725724 -1.066941 -0.410388 0.246455 0.515170 -1.951175 -0.899867 -0.248062 -2.145402 1.239795 1.159381 -0.100033 1.526444 -0.060616 -0.517270 0.986645 -1.078361 -0.396635 -0.771748 -0.010278 0.058836 0.828615 -0.633200 -2.179271 1.133646 1.053374 -0.338640 -1.092565 -0.724986 0.669458 -1.592663 1.421309 0.649680 0.465851 -0.112359 -0.828297 0.126324 -0.289534 3.285707 1.000000
11 0.271479 -0.201128 -0.591741 -0.662396 0.494357 1.535338 0.900559 0.396938 0.002082 -0.426554 0.246637 0.319568 -0.184620 -0.507644 1.081101 -0.265040 -1.076890 1.064907 1.535896 -0.226171 1.477364 0.059579 -0.179257 0.061343 0.649137 -1.244640 -0.179933 -0.239667 -0.246896 -0.703190 -0.316233 -0.631462 -2.233323 0.811169 -0.041761 0.402823 -1.626360 2.028222 -0.397732 -1.002629 0.662875 1.000000
12 -0.766115 -1.131225 -0.197477 1.141515 -0.578216 0.809853 0.424241 0.591988 -0.696201 -1.428206 0.711686 0.574211 0.239593 1.181658 -0.183011 1.438707 1.371614 -2.090723 1.313041 -1.126870 -0.332051 1.446436 -0.409456 0.218107 0.909152 0.878947 0.888023 -0.313561 0.769144 -1.966158 -0.950653 0.491001 0.347870 0.368381 -1.999494 -1.001339 -1.472108 0.000445 1.663927 -1.101975 4.999733 1.000000
13 -1.207287 0.785258 1.656158 0.218875 1.118836 0.986270 -0.004012 0.403450 -3.257304 -0.625618 -0.395876 0.244227 -0.040235 -0.181133 2.320182 -1.327491 1.513319 -0.676592 -0.041902 1.623317 -0.312630 0.043583 2.347043 -0.684913 1.391575 -0.094702 0.223045 -0.820276 0.014643 0.157350 -1.514014 -0.115091 0.890595 -0.347898 2.388227 0.979036 0.158812 -1.541296 0.226913 0.940878 0.657290 1.000000
14 -0.840337 1.806490 0.508793 0.494135 -0.999705 0.264914 -0.056607 -1.508462 -0.321627 1.751847 -0.277944 0.108806 -0.955430 -2.234546 -1.181055 1.109482 -0.888930 -0.242217 -0.343352 1.515180 1.907059 -0.182091 1.503578 -0.621205 -1.151621 -1.009314 0.155516 -0.738283 0.045774 0.272174 0.009921 0.733917 -0.010408 -0.675105 -0.042958 0.822689 -0.552903 1.833381 -1.484663 -1.333162 2.583542 1.000000
15 -0.801121 -0.111519 -1.007063 0.752560 -0.476476 -0.674590 0.287517 -0.324610 2.226018 -1.492787 -0.869761 0.817766 -1.369356 -0.731875 -0.994333 0.685045 -0.072325 0.810156 0.294354 -0.577446 -0.780213 -1.530228 -0.220074 1.913898 -0.352618 -0.689161 -0.747651 0.986586 1.007070 -0.944658 0.041191 -0.280750 -0.486884 -0.786890 -0.755684 0.658519 1.054099 -1.280107 -0.127775 1.467898 6.010411 1.000000
16 0.019220 -0.208096 0.166668 -1.630904 -1.009713 -0.294851 1.380811 -1.433352 0.900383 -0.230980 -1.163212 1.511682 -0.584456 -0.296053 0.579424 -0.623100 1.743376 0.494267 0.879178 -1.033589 -0.424291 1.004463 -0.158078 0.141094 -0.415355 -0.082979 -0.997214 -1.299807 -0.287679 -0.781121 -0.237421 0.261837 -0.898269 0.684722 0.229817 -0.776582 -0.560844 1.571385 0.381927 0.181147 1.206457 1.000000
17 -0.170838 -0.809045 -1.252230 -0.153675 -0.139905 0.653073 -1.816883 1.800289 -2.146513 0.449861 0.849958 -2.279651 0.578617 -0.056660 -0.169540 -0.032625 0.431945 0.837543 -0.520570 0.417921 0.360434 -0.989462 0.070549 -1.464051 -0.532838 2.316874 -0.041184 -1.468245 0.031471 -0.481680 1.419128 0.462178 -1.398543 0.067589 -0.078877 -1.432723 0.346411 -0.183462 -0.183685 0.367904 0.922360 1.000000
18 1.039419 -0.264743 0.137951 1.323219 1.690463 -0.702161 -0.403126 -0.351521 0.996209 -0.788901 -0.129926 0.696825 0.541105 -2.835551 0.989947 -0.706861 2.553157 0.322618 -1.157243 1.360198 0.334836 1.070853 -0.141879 0.046789 -0.720752 -0.092974 -0.888090 -0.866003 1.045224 -0.004675 -1.407657 -0.805612 2.946522 1.259872 -0.721791 -0.096375 -0.375027 -0.019486 0.817611 -0.690923 3.566833 1.000000
19 -0.555912 -1.860125 -1.177138 1.739972 -1.299547 0.144697 1.356951 -0.249650 -0.600691 0.189384 -0.977405 -0.011499 1.008165 0.221429 -0.376254 0.047281 -0.132373 -0.420538 1.090603 0.280887 0.242898 0.526110 -0.324554 1.368718 -0.676218 -0.838811 1.185207 1.460543 -0.045414 -0.722420 -1.078879 -0.247497 -1.402194 1.332962 -0.694462 -2.104389 -0.130130 -0.239976 -1.328534 -0.369955 4.938096 1.000000
20 0.353270 2.534878 -1.337456 1.280186 2.571887 0.605856 -1.252222 -0.146291 -1.630853 -0.699015 -0.036655 -1.122386 -2.048912 0.583214 -0.916783 -0.697051 -1.243271 1.015451 0.870802 -2.137813 0.602782 0.365769 -0.035947 0.034327 0.168198 0.142542 -0.506324 -0.110237 -2.130726 -0.069781 0.288811 -1.352034 0.607409 -0.039953 1.743340 -0.541504 -1.367970 -0.308749 1.222797 1.212970 3.049307 1.000000
21 1.253341 -0.496301 0.025250 -0.013934 -0.471132 -0.630236 -1.458631 2.256087 -0.102706 -0.576922 -1.358986 1.687470 0.292967 -0.950982 0.093806 0.465285 1.119889 0.024419 -1.463123 -1.647195 -0.669213 0.422875 -0.430866 0.709692 -0.149953 -1.274284 0.038422 0.591124 -0.514232 0.283516 -0.770219 -0.123199 -0.883409 0.007594 -0.023044 0.148165 -0.269284 -1.130101 1.285038 1.588100 0.640346 1.000000
22 0.111764 -0.198584 0.952714 -1.606603 0.650812 -0.488013 0.908839 0.765630 -0.746798 0.450650 -1.199653 -0.540653 -0.862243 -0.094675 -0.516933 0.571155 0.978745 -0.996437 -0.771853 -1.430621 0.169874 -0.567069 -0.870661 -0.603056 -1.459327 -0.238448 -0.087120 -0.346373 0.694024 1.206710 1.715895 -0.836995 -2.159219 0.082065 0.352822 0.464032 -0.908273 -0.957993 -0.086555 -1.438769 2.011997 1.000000
23 -0.565641 0.999244 -1.603206 -1.675795 0.396490 0.428752 -0.717882 0.045647 -2.078833 -2.436610 -0.332061 -1.218044 0.553242 0.699744 1.354871 -0.140082 0.789328 -0.178639 1.276863 0.350192 -0.602471 -0.569389 -0.824368 -0.991043 -0.264308 0.816498 -0.810883 0.761580 -0.098679 -1.304053 0.675299 1.152036 0.369815 1.276683 -0.344836 -0.720945 2.042302 -0.129644 0.522149 -1.293638 4.862258 1.000000
24 0.071443 2.193424 -0.940072 -0.524313 0.884798 -1.033830 0.357476 1.629574 -0.216190 0.072285 -0.395367 0.799764 0.878420 -0.355647 1.605732 1.542849 0.567627 1.281550 0.741810 0.275355 -0.656215 -2.353360 -1.196757 1.034694 0.081789 -0.512905 -0.276613 -0.283781 0.921913 -0.789407 -0.225863 0.348735 1.056699 0.402970 -0.369538 1.886614 -0.644109 -0.379231 -0.718270 -0.411973 5.996694 1.000000
25 -2.098483 0.113670 -0.625673 -0.131476 -1.629600 1.221557 -0.942490 0.360280 -0.873673 1.382407 0.674997 -0.018861 -0.014470 -0.563486 -0.409472 -0.416089 -0.230874 0.013737 0.246695 -0.719960 -1.012386 -0.706627 0.646052 1.801299 -0.420488 -0.079439 0.092328 0.676695 0.008730 1.421791 0.278111 1.207446 1.555217 -0.842659 0.265906 -1.039465 -1.267315 -0.194939 2.117206 0.427798 2.924762 1.000000
26 1.924754 0.010495 0.145682 -0.277341 -0.128909 0.014068 -1.374321 0.989590 0.304829 0.446995 1.292660 0.707329 -0.854465 -1.712949 -0.923425 -1.355642 -1.199513 -0.265583 1.502875 0.428478 -0.106585 -0.564250 -0.774455 0.800094 -0.078936 1.006933 0.016588 -0.835379 -0.151520 -0.182780 0.365191 -0.781522 -1.547265 -0.897926 -0.830197 0.983536 1.530409 0.843616 1.396955 0.127655 0.296430 1.000000
27 -0.027032 -1.315170 0.464448 1.295236 -1.921094 0.160361 0.794598 0.215788 -0.063075 0.049267 -1.097427 -0.646110 1.929926 -0.896632 0.678584 -0.536033 -0.410231 0.991578 -1.530382 -0.773071 -0.381386 1.305986 1.035572 -0.983176 -1.472116 -1.695078 -1.036753 -2.106403 1.994135 0.697800 0.125721 0.188728 2.441018 -0.012528 -1.021475 0.271888 1.964808 1.674599 -0.106001 0.254123 11.338999 1.000000
28 0.005160 -0.276021 0.173852 -0.659596 -0.019865 -0.547877 -0.157384 -0.301843 0.798537 -1.436673 1.424067 0.112060 -1.388557 -0.996652 -0.855782 -0.999718 1.023583 0.781310 -0.723015 -0.944420 -1.670215 2.791308 0.182859 -0.973895 -0.078246 0.418531 0.615734 0.375970 0.145963 -0.643068 -0.104063 -0.740395 -0.065113 -1.182807 0.801289 -1.409598 0.044258 1.667366 2.279474 -0.796365 0.186976 1.000000
29 -0.202006 -0.690402 -0.365215 -0.424426 -0.372792 -1.304905 0.223346 0.704248 -2.354112 1.526131 -1.474796 0.385855 -0.293882 0.398424 1.666575 -0.990883 -1.322879 0.760124 0.798673 0.086444 -0.473868 -0.111592 0.183002 -0.904543 0.320143 -1.998567 -0.638003 0.079273 -0.524840 1.055709 -0.144466 0.299694 0.303650 -0.706956 -1.897712 0.591273 -0.535525 -1.388204 -2.042291 -1.545150 0.454038 1.000000
30 -0.340447 -1.445470 -0.828170 -0.946479 -1.412122 -0.845165 -0.581455 0.596261 0.262320 2.079363 -1.008612 -1.258847 -0.241106 -0.903490 -0.341605 -0.357866 1.975375 -0.504717 -0.038319 0.883977 -1.640060 2.493767 0.517069 -1.848386 1.781629 -0.300540 0.576545 0.199814 0.861963 0.744956 0.540983 -0.157510 0.186283 0.583781 -1.411980 -0.556758 -0.086821 -0.660607 -0.253934 0.884385 0.344880 1.000000
31 0.549084 0.429623 -0.771701 0.940724 1.335323 -0.702968 -0.627714 1.011396 -0.504183 1.508022 -0.622470 1.636784 0.596217 -0.417334 0.010247 0.561566 0.941101 -0.634032 -1.433959 0.548430 -0.213164 -0.168183 0.385623 1.113209 -1.012054 0.154301 0.052990 0.836994 0.128059 0.374133 0.796555 -0.623149 1.303905 -0.899738 -1.542517 0.466765 0.873813 0.711674 0.415937 -1.747780 4.284980 1.000000
32 0.007391 -0.747945 -0.172735 -1.199268 0.847770 -2.568687 -1.710763 0.391013 -0.239696 1.192798 -0.624120 -0.419169 -1.112180 -0.072249 1.857940 -0.013582 -0.965984 0.961132 0.972605 0.588408 -2.121476 -0.722228 0.966904 0.735769 -0.844278 -0.436390 1.024084 1.863027 0.994033 1.368759 -0.913171 0.697752 -0.462329 0.182657 0.928991 1.694492 1.885932 -1.350592 -0.730441 -0.076449 0.786543 1.000000
33 -1.694099 1.271050 -0.470468 1.666700 -1.005166 1.266816 0.763838 -1.675860 1.192970 0.772546 0.005468 -0.271152 0.145791 -1.432322 -0.144713 -1.201711 0.799106 0.759664 0.329166 1.737843 -1.923241 -0.860201 -0.931171 2.938534 1.315416 -1.498961 0.198486 -0.854867 0.893497 -0.894316 1.046190 -0.543282 -0.032985 0.228586 0.650626 0.341220 -1.019119 -0.760858 -0.724366 -0.029811 3.835990 1.000000
34 -0.430792 0.164570 -0.657865 1.304205 -0.697696 1.347140 1.812432 -1.440520 -2.620371 0.763932 2.342279 -1.162179 -1.069738 -1.529320 -0.110701 -0.697340 -0.821538 0.643032 0.778134 -0.584505 -0.049355 -2.164062 -1.004159 0.869190 0.714916 0.489365 -0.301514 0.508973 0.481527 -1.284879 -1.047887 -0.433389 -1.732576 -0.891027 0.463364 -0.875270 1.086281 -0.566415 -0.238491 -0.548725 0.058504 1.000000
35 0.433318 0.364852 1.651632 -0.922179 1.221483 -0.648055 1.211695 0.309886 0.048749 1.293224 -0.205175 -0.722625 -0.245122 1.658290 -0.995807 0.506312 0.083680 -1.503808 -0.044965 0.160840 -1.033688 -0.633486 -0.165700 -0.247393 -0.440730 -0.223534 1.652914 1.624526 -0.799662 1.447067 -0.731774 -0.101164 -0.935303 0.238898 -0.425200 1.067515 0.150497 0.373625 -0.634004 1.631619 10.630926 1.000000
36 0.751989 0.957185 -1.015115 0.748075 1.957197 -0.479672 -0.117930 -0.060093 -1.204093 -0.213106 1.300900 0.539309 -0.637073 -2.071624 1.773239 0.047218 0.560982 -0.454162 -1.041137 0.337274 1.738020 0.878515 -2.039684 -0.635741 -0.610247 0.714765 0.847120 0.831662 0.201043 0.736931 -1.293666 0.302955 0.683043 -0.163679 -0.815568 0.657050 0.519907 0.344700 1.710764 -0.309186 4.011073 1.000000
37 0.948679 -0.116329 0.885383 -0.448276 1.080011 0.045083 -0.552845 -0.131848 2.178436 0.158799 -0.545356 -0.628994 0.341536 0.462049 -0.664979 -0.130116 -0.266786 -0.054801 -0.072763 2.331069 -0.269605 -2.351433 -0.478299 -0.136796 0.444661 -0.296755 -0.332782 0.080343 -0.681974 -1.415330 0.081575 -1.630727 -0.099029 1.156358 1.658182 0.048345 -0.709250 1.189787 0.131232 0.075817 3.029848 1.000000
38 0.370233 0.911141 0.360419 -1.868215 -0.411825 1.073160 -0.413350 -0.811058 0.793162 0.175756 -0.459762 -0.994068 -1.351983 0.127263 -0.392078 0.243398 1.125830 -1.191871 0.989458 0.826793 0.759695 -0.310973 -0.244207 0.071183 -0.622731 0.393369 2.155241 -0.596756 -0.044213 0.391636 1.876880 -0.818773 0.332221 -1.151574 -0.042890 0.480991 -0.453348 1.595789 -1.077874 -0.796283 0.419214 1.000000
39 0.419136 -0.983266 -0.314500 0.495156 0.590474 -0.239106 -0.381401 -0.697341 -0.608755 -1.768903 0.634988 -0.642545 -0.758590 0.796758 -0.331945 -1.777979 -0.428509 0.293032 0.921512 -0.234330 -0.970452 -0.733187 0.387245 0.637221 1.356853 -1.633117 0.616621 -1.531648 -0.259598 0.182586 0.497974 1.222124 0.900459 1.741829 0.173580 0.430236 -0.512584 1.391922 -1.024178 -0.496005 3.117563 1.000000
40 -0.102177 -1.540324 0.836275 1.651210 0.994958 -2.382582 0.203634 -0.972297 0.576199 -0.662403 -0.520864 -0.549815 -0.442210 1.038738 0.761312 0.831942 -0.807826 -0.797354 1.541624 0.258589 1.528570 -2.617575 1.782952 -1.087996 0.701105 -0.890210 1.523862 0.126277 0.612414 1.212870 -1.069955 0.126948 1.867682 0.415333 -1.165965 -1.401458 -0.350012 0.672255 0.113768 1.769460 5.675331 1.000000
41 1.088180 0.821478 -1.005623 0.112384 1.486741 1.786859 0.697913 0.124760 0.150729 -0.997781 0.536372 -0.182892 -0.940687 -0.387149 0.251637 -0.629879 -0.098370 -0.000206 0.090459 -1.090147 -1.673059 -1.355711 -0.592936 0.368647 -0.633363 0.937807 0.512548 1.388942 -0.110702 -1.113747 0.459499 1.301569 -0.246727 -0.534489 -1.953167 0.614337 0.158704 -1.082675 -0.204828 0.072751 1.536616 1.000000
42 0.505488 -1.083290 -0.035926 0.447412 -0.754832 0.458017 -1.938654 1.175535 -0.585358 -0.242167 1.056961 0.018697 0.075233 1.467403 0.170349 0.296590 0.073098 -2.770169 -1.970519 -0.526263 0.236781 2.228506 0.010976 0.742151 1.373405 -0.676762 -0.067569 0.214907 1.183617 0.246491 1.075216 -0.222777 0.489152 1.111259 0.419194 1.929740 -1.117982 -2.448433 0.455549 -0.066696 2.845488 1.000000
43 0.819838 1.048140 -0.289403 -1.407033 0.693254 2.482897 0.882842 0.709716 1.801784 -0.060715 -1.393849 -0.621348 -0.086301 0.942353 1.142138 -0.552098 -1.293899 -0.210320 0.184698 -0.173521 -0.328826 -1.311455 -0.804214 1.125200 0.334879 1.198102 0.085270 -1.916770 0.207023 -0.289586 1.025744 -0.691451 -1.215717 -0.176962 0.490155 -1.153009 0.124826 1.262819 1.028942 1.365904 4.558918 1.000000
44 0.690049 -0.066606 -0.555272 -0.586271 -0.493820 -1.249798 -0.948361 0.211613 0.119410 -1.089666 -1.651525 0.119995 0.351286 0.579358 0.747530 1.154393 1.435766 0.047519 0.236958 -0.989981 -0.399472 0.425087 -1.168695 -0.260828 -1.351250 -0.820581 -0.868478 0.673667 0.648652 -0.520865 -0.047188 0.005000 0.703814 1.307402 0.256479 0.433619 -1.010125 0.228434 -0.434441 -0.287378 0.130387 1.000000
45 -1.628704 -0.140405 1.042274 0.425908 -0.587910 -0.992485 1.439683 -1.229719 -0.283507 -2.150260 1.197432 0.588210 0.004600 -0.424513 -1.786396 -0.885314 -1.683056 -0.222467 -1.076468 0.047594 -0.837951 -1.035534 -0.270866 0.670262 -0.811824 -0.248861 -1.763811 -0.605251 0.931138 -1.407990 -1.539377 -0.630676 -0.203972 -0.394365 -0.919160 1.701442 0.772174 0.026191 0.750392 0.383701 3.547492 1.000000
46 -1.167569 1.437549 0.597350 -1.511237 -0.716268 -1.096485 0.524241 0.923184 -0.563822 -0.988489 0.523429 1.468320 -1.546565 0.441815 0.418512 0.500844 -1.662158 0.631118 0.007991 0.644851 -0.342940 0.453154 0.796322 0.297583 -0.066084 0.461720 -0.327588 -1.001696 0.500789 -0.009157 -0.938730 0.184518 -0.994559 0.512996 0.210002 -0.863627 0.071953 -2.383431 0.165748 0.764246 2.372084 1.000000
47 -0.923391 0.328422 -1.347870 -1.262775 -0.344942 0.348600 0.123770 -0.138168 -0.369600 0.062362 -1.511645 1.197111 0.015064 -1.894883 -1.585725 0.231478 -0.133612 1.698265 1.030411 1.593373 1.476143 -1.427779 1.661733 -0.564782 -0.840771 -1.653068 1.393575 -0.851948 0.292453 -0.286111 -1.498947 -1.451421 -0.112931 0.018083 -1.629279 -0.452201 -0.328310 -0.295551 0.560532 -0.854048 0.922837 1.000000
48 -0.147055 0.024723 -1.150884 -0.006245 -0.861372 -0.498130 0.754702 0.989796 0.985983 -0.607161 -0.585402 -1.900707 0.071337 -1.560736 1.458674 -0.447766 -0.831306 0.950391 -0.376088 -2.543045 -1.156084 2.675098 2.161305 -2.210558 -0.057174 -1.680506 0.018199 -1.452161 -0.010135 0.184742 0.565089 1.233336 1.025381 1.264439 1.106458 -0.811151 0.217007 -0.093584 -0.667404 0.012632 2.407529 1.000000
49 0.709713 -1.924422 -0.342227 -0.008066 1.471212 0.685692 -1.179972 0.832989 0.002389 0.396714 -0.300222 0.681595 1.291696 1.359697 1.198678 0.084010 0.169795 -0.238545 1.783736 -0.067065 0.554427 -1.445202 -1.266617 -1.548831 -1.687526 0.140109 1.615874 -1.151158 1.172441 -0.457041 -0.562661 -0.095685 -1.112964 -0.092482 0.973054 0.764971 -2.227253 0.140835 1.008824 0.263542 1.558473 1.000000
50 0.004898 0.319578 0.567915 1.478827 0.135311 0.108656 -0.930037 -0.319201 1.371400 0.214695 -0.080000 -0.040488 -1.700959 0.030988 -0.473010 -1.931501 -2.455536 -0.519220 0.112757 -0.493548 1.540349 -0.690650 -2.067307 0.493160 -0.253954 0.760967 -0.636321 -0.016487 -0.803826 0.076819 -0.214893 0.216884 1.746806 -1.598140 -0.800154 0.659554 -0.673371 0.375871 -0.605763 -1.570070 1.676118 1.000000
51 -0.251486 0.761713 -0.211896 -0.599065 0.191559 -1.185519 0.651054 1.353985 1.640610 1.090583 0.308747 1.417679 -0.071235 0.835685 -0.915714 0.835770 0.718395 -1.005567 -0.082452 -0.336117 -1.127041 0.321334 -1.454944 0.177378 0.038243 -0.257624 0.620657 0.530066 1.579185 0.473247 0.998320 1.248845 -1.155012 0.450961 0.032610 0.898066 1.215398 0.152163 0.574506 0.368313 4.413179 1.000000
52 -2.507384 -0.797812 -0.834932 -1.726336 0.739832 1.329384 0.678635 -0.200708 0.068648 1.099731 1.409558 -0.694085 -0.201425 0.167482 0.367984 -0.113840 -1.527843 -0.469943 0.118559 0.498949 0.885525 0.454992 0.334104 2.944504 1.012028 -1.528564 0.282094 0.217850 1.735172 0.382831 1.805157 0.980366 -0.879869 0.534953 0.372579 -0.905278 0.744702 0.988938 -1.389988 0.032575 0.519494 1.000000
53 1.849320 0.711760 -1.345950 0.374254 0.514062 -1.190621 -0.277093 -0.480171 0.598163 0.435915 -0.213285 0.629282 1.132086 -2.259197 0.839954 0.459798 0.539874 1.180650 0.237091 0.587113 0.890999 -0.649912 -1.501995 0.452029 -2.079802 0.701898 -0.846275 -0.298566 -0.543829 -0.109471 -0.709206 0.010788 0.873949 0.679172 0.118540 1.500604 0.140500 -0.615065 -1.187929 1.844253 1.292901 1.000000
54 1.502344 -0.142310 -1.624172 -0.143470 0.188338 0.503577 -0.787717 -1.377214 -0.124103 -0.089312 0.256844 -1.397470 1.506483 1.313842 -0.174565 -0.220639 -0.111990 -0.599423 -0.394812 -0.148220 -0.093582 0.688027 1.649304 0.457015 -0.022010 0.398561 -0.440630 -1.754737 -0.878087 1.259996 0.860661 -0.609608 0.625149 -0.164314 -2.159397 1.107715 0.593736 0.535991 -0.325803 -0.390404 5.952957 1.000000
55 2.128162 -0.008660 -1.142260 0.572731 -0.514360 -0.028117 0.098554 0.706035 -0.723030 0.056267 -0.436519 0.735092 -0.562492 1.860255 -0.748079 -0.175324 -1.094509 2.010452 -1.055317 1.328710 0.657947 -0.444910 0.029416 0.929260 0.955069 -1.635527 1.004823 -0.423625 0.214710 0.967534 -0.440218 0.098299 0.661430 -0.719178 -0.035574 0.395604 0.740314 -0.263076 0.147451 1.371532 0.529817 1.000000
56 1.697965 -0.474580 0.968844 1.122514 1.060180 -0.893524 1.264650 0.306558 1.687669 1.284139 1.225753 0.419381 -0.715968 -0.622806 -0.668441 0.424949 -0.035476 -1.367757 0.313379 -1.015545 -0.335263 -0.313805 0.893175 1.240436 0.911077 -1.347478 -0.901661 -1.097312 -0.422163 -0.483444 1.205304 0.520923 0.136481 -0.302805 -1.333080 0.094248 -0.054842 0.893732 1.156388 0.668866 0.657287 1.000000
57 -2.222437 1.456945 1.352855 -1.106005 -0.407020 -0.283894 1.203247 -0.046679 -1.138224 -2.430625 -0.050944 1.302360 -0.536102 0.396307 0.625503 -0.100174 0.745554 -0.409848 -0.947780 -0.420591 0.587061 1.435998 -0.330447 0.521405 1.257059 -0.742987 -0.433047 1.006817 0.373804 -0.999796 -0.425626 0.948278 2.101519 1.689743 -0.523087 -1.487838 0.848876 1.238227 -0.240530 1.266890 11.027747 1.000000
58 -0.669236 -0.437026 0.723239 -0.938264 0.443730 0.755805 0.474232 0.252177 0.374501 1.178965 -0.597526 -1.073598 1.112709 1.572571 -0.803341 1.828333 0.288028 1.200423 -1.149879 -0.128878 0.933528 0.246789 -1.004770 0.184192 -0.755774 -1.358637 -0.222716 -0.630709 -0.423597 -0.995157 -1.702152 -0.521921 0.682333 0.130987 0.834557 0.859508 -1.870251 0.881717 -1.276117 -0.574022 9.446174 1.000000
59 0.578659 -1.589433 1.031080 0.692844 -1.892492 -0.063249 -0.981851 -0.767608 -0.649947 -0.353027 -0.774323 -0.562929 0.047961 0.504874 0.623491 -1.271238 -0.450925 0.197400 0.009715 -0.190516 -0.700614 0.412969 0.761897 0.750707 0.410902 -1.195227 -0.753887 0.374297 -0.528914 0.793989 -0.041117 -1.261616 -1.284466 -1.025003 -0.498342 -0.090323 0.269666 0.652367 0.480341 0.800226 1.935210 1.000000
60 0.847405 0.557620 1.245781 -0.535371 0.522020 -1.119946 1.924183 0.002566 1.299315 -2.456528 -2.129187 -0.410540 -0.344866 -1.151100 -0.989724 -0.370354 0.486270 -0.415071 -1.289705 -1.032582 -1.993655 -0.274230 1.091205 1.329027 -0.442713 -1.520165 -0.356177 -0.550594 0.138284 0.377967 -0.978371 -0.028674 -0.139826 -0.135837 0.298873 0.162715 -0.589202 -0.048902 0.777886 -0.305692 13.085892 1.000000
61 1.213038 0.551863 -0.835637 -0.932598 0.485410 0.530155 -1.760792 -0.875326 1.562719 0.144901 1.480759 -0.011487 -0.951777 0.488833 -0.517409 -0.873260 -1.447896 0.146189 0.618960 0.098304 -0.828668 0.237279 -2.742845 1.513713 -0.498730 -0.564156 -1.469863 -0.094080 0.526905 -0.760874 0.130601 -0.571579 -0.996115 -2.426677 0.771304 0.353731 0.752631 -1.551419 1.109108 0.954703 0.614927 1.000000
62 0.538745 -0.243721 -0.717696 -0.123764 -0.831133 -0.128097 0.678775 -0.618068 -0.064517 -0.182104 0.946530 -1.579127 1.268855 -0.506673 0.683055 0.214357 0.069991 -0.187440 -0.594855 -2.045454 -0.966946 0.327847 1.511876 -0.504745 -0.411963 -0.300565 0.081647 0.955047 -1.263314 -1.677561 -0.821594 0.782565 -1.402239 0.496317 -0.658832 -0.047308 -0.699256 1.376607 -0.028212 0.164063 6.689684 1.000000
63 1.852249 -0.890065 1.043321 1.518109 1.194700 0.346202 0.844676 0.081623 0.792181 0.203116 -2.916128 -1.271482 -0.834938 -1.516709 -1.216094 1.892433 0.094684 0.478299 0.311148 -0.007122 -0.946362 -0.561845 0.109363 0.301141 -0.032550 0.442584 -1.484952 -0.722437 0.657009 1.977111 0.147138 -1.466120 0.148457 0.453185 -0.282549 -0.077013 -0.072889 0.304325 0.035956 0.172826 0.757356 1.000000
64 -0.990453 -0.272971 -0.582147 -1.284921 0.269947 -0.940625 0.292451 0.872931 0.964739 0.085929 0.642063 -1.377291 -1.065424 1.033693 0.340268 0.175210 -1.823283 -0.410475 0.220509 2.398964 -0.733001 0.283082 -0.274947 -1.186267 0.917142 0.387841 0.313645 -1.115024 -0.866457 -0.849643 -0.822627 -1.275915 -1.043553 0.408974 0.253944 0.346802 1.046029 -0.573588 1.808000 1.161250 8.333705 1.000000
65 1.105305 -0.894724 -1.427586 0.248843 -0.229340 0.343304 1.549746 -0.060510 0.316504 -0.697163 -0.490723 -0.087762 0.534254 -1.222094 -0.420086 -0.801416 1.001324 -0.417452 0.264746 -0.813400 -0.942478 -0.231910 -0.684446 -1.025625 -3.875999 -0.882225 -0.932023 1.524759 1.350139 -2.604639 0.143794 1.014929 0.393591 0.320974 0.572921 1.633664 1.238424 -1.519845 -1.119754 1.067331 1.104189 1.000000
66 1.363242 -0.579994 0.811084 0.204831 -0.089612 -0.639897 0.805786 0.752696 -0.766542 1.479726 0.651599 -1.185583 1.263406 -0.313410 -0.545974 0.768414 0.283567 1.052608 1.361541 -1.220270 -0.421693 0.092068 1.435934 0.685402 0.941159 1.068505 1.701106 0.916182 0.052104 0.368151 0.042756 1.045113 -0.453398 1.436671 0.918731 0.476892 1.406076 1.904189 0.439281 0.480624 4.127769 1.000000
67 -0.181575 -0.593967 -1.804319 0.818498 0.064300 0.832738 1.049237 1.774509 -0.585990 0.255479 0.467668 -0.125909 -1.130829 -1.604198 0.136010 0.343643 0.904210 0.257406 -0.433988 0.520889 3.031095 0.958603 -1.124192 0.572710 -0.888175 1.444661 -0.586531 -0.387229 -0.852053 0.354649 -0.458222 -0.141731 0.060157 -0.792838 -0.426725 -1.826625 0.052228 0.262429 -1.260803 -0.768076 0.135806 1.000000
68 -0.361822 -0.494714 0.417383 -0.502154 0.145085 0.619824 -0.448415 -1.454559 -0.117990 -1.136601 -0.533677 -1.657431 1.022127 0.551357 -0.781663 -0.784604 -2.310321 0.613970 1.224578 0.794843 -1.845144 1.048381 1.122972 1.034662 0.952849 -0.654691 -0.264536 -0.109782 0.719629 -0.639389 0.211700 1.666484 -1.605417 -0.101702 -0.278471 -0.960104 -0.235594 -0.072061 -0.650236 -0.151718 0.508881 1.000000
69 -1.042147 0.051180 1.007671 -1.968903 1.177139 -0.140881 0.131747 1.709459 2.182766 1.592222 0.015283 0.921164 0.433970 0.459682 -1.393245 0.463216 -1.076561 2.424302 -0.756056 -0.211736 0.741202 -0.590147 0.101461 0.046584 1.380555 0.689284 0.057461 1.724210 0.507636 0.069462 -0.145642 0.010964 -1.427901 1.299703 -0.513327 0.990715 0.025497 -0.110064 -0.537892 -0.146307 8.747882 1.000000
70 -1.340506 0.077490 -0.171058 0.549821 -1.405375 -1.207941 1.360710 0.127414 0.526000 1.318249 -0.018667 1.099676 -1.969291 0.154606 -0.005472 -1.541622 -0.194400 -1.597686 -1.212981 0.103788 1.044231 -0.284016 0.320827 -0.371335 1.218756 0.170018 1.061302 0.467229 -1.030833 0.456736 -0.405668 0.901185 -1.022825 0.049275 0.363147 0.128192 -0.452648 -1.330494 1.191856 -1.030898 1.602537 1.000000
71 -0.440561 0.802518 -0.056846 1.626895 0.810757 0.667423 -0.339596 0.334038 -0.099926 1.194212 -1.579946 -1.641717 0.750248 -0.373090 0.419152 0.453988 0.031366 0.625475 1.771439 -0.819669 -0.238802 0.724904 -0.036402 -0.612841 -1.086165 -0.207588 -0.702918 1.279912 0.744677 0.954043 -0.414589 0.075132 0.611237 -0.687047 0.098559 1.243403 1.379392 0.146323 1.524441 -0.317757 0.223518 1.000000
72 2.350720 0.522625 2.061096 1.566844 -0.674959 -0.166328 -0.643866 -1.149236 -0.923065 -0.248892 0.058154 2.111703 -0.877377 -0.206718 0.012567 -0.995175 -0.089836 1.878052 1.624893 0.402938 0.042413 -0.974299 0.109148 -1.571298 0.914868 1.583228 1.982973 2.846575 -2.129753 0.648696 -0.813116 0.795190 -0.727151 0.331799 0.260677 1.113853 -1.648894 1.805453 -0.935081 -1.087136 5.605057 1.000000
73 -1.342998 -0.335954 -0.882436 -0.226680 -1.957452 -0.030728 -0.757343 0.163720 -0.413902 0.153186 -1.503859 -2.590532 0.856045 -1.345386 1.687292 0.542754 -0.183385 -0.769566 -0.991094 -0.151346 1.410262 0.784687 -0.409895 -0.105604 -0.878708 1.324004 -0.705316 -1.487735 1.919671 -0.937253 0.816118 0.669299 1.105513 -0.168780 -0.252119 0.478228 -0.410131 1.523852 1.642339 0.360795 1.244407 1.000000
74 0.796680 -0.237645 -0.241415 -1.900842 0.108149 -2.189983 0.632364 -1.932608 -0.360737 2.330374 0.513119 -2.271432 0.837474 -1.437694 -1.808543 -0.019691 -0.150181 -1.808783 -0.475016 -0.525009 0.406182 -0.111270 -0.376139 -0.754062 1.035085 -0.191350 0.304821 -0.164912 -0.609369 0.537104 0.598945 0.901774 -1.171176 1.052531 -1.853779 -0.605443 -0.849233 0.702065 0.914088 -0.531579 1.827317 1.000000
75 -0.714893 -0.780694 0.452215 0.319155 -0.204487 0.278768 -0.351117 0.074557 -1.270800 -0.305482 1.099095 -0.809926 0.122200 1.417225 3.450017 -0.139500 -0.403906 0.489462 -0.409940 0.379589 0.245100 -2.127000 -0.220297 1.583072 -1.630165 -1.001363 0.185871 0.687588 -1.448757 0.807125 0.747765 -0.863093 0.264149 0.878170 -0.134875 -0.053529 -0.849621 0.908851 -0.945862 -0.694293 8.015753 1.000000
76 1.220581 -1.296793 -0.500975 -0.119858 0.121807 -0.368821 -0.464855 0.170023 1.488825 -0.207728 -0.968447 0.554639 -0.859461 0.264498 1.247053 -0.757236 0.860865 -0.875898 0.061525 -0.362025 -0.151941 2.268951 0.531413 0.714917 0.243428 -1.773232 1.306214 -1.095933 -0.399126 1.780856 -0.655385 0.290878 3.103088 0.839375 1.017485 -0.315385 0.310953 -0.551739 0.909073 -0.174147 0.105936 1.000000
77 0.193460 0.411374 0.644805 -0.232234 -1.684730 -0.856469 -0.182926 -0.094140 0.006163 -2.553779 0.523206 0.148322 -0.459114 -0.124774 0.007692 -1.763794 -1.122668 -0.587632 0.322318 -0.372303 0.686846 -1.919524 -1.148309 0.250397 -1.612141 0.377606 -0.623164 2.094579 -0.093163 -0.176849 0.576352 0.515775 -0.818662 0.776310 -1.336403 0.660135 0.321277 1.280283 -0.390504 -1.238955 0.507229 1.000000
78 -0.379057 -0.259191 -2.837277 0.263532 -1.408889 1.930496 -2.033840 -0.166247 0.171792 0.107984 0.734151 -1.873967 0.758495 1.046808 -0.046239 -1.857627 -0.440952 -1.016628 0.132445 -0.856653 0.880514 0.075934 -0.660683 -0.038455 1.307930 -1.089346 1.169883 0.634714 -0.610551 -0.841825 1.597921 0.264457 1.341843 -0.089353 -0.386133 -0.333273 -0.656399 0.656990 -0.448406 0.673786 10.593126 1.000000
79 0.113390 -0.026783 -1.675506 0.210713 0.020975 0.417444 -1.279399 -0.883485 -0.916931 -2.490555 -2.168619 -2.070171 0.058316 -0.272868 0.578769 0.020440 0.196754 1.419967 0.319322 0.525695 0.027901 0.470805 0.263629 -1.943610 0.531212 -0.664955 0.121948 -1.622301 -0.716926 -0.301345 -1.399948 -1.297652 -1.232700 -0.200617 1.126639 -0.477249 -0.026806 1.706177 0.461231 -0.188393 4.229441 1.000000
80 -1.532590 -0.746419 -0.171091 0.198112 -0.855546 0.533841 -0.594858 -2.048186 -0.716357 -2.141341 1.081700 0.953947 -0.651934 -2.056940 -1.345881 0.451289 1.424550 -0.202442 1.950208 -1.399364 0.795928 1.094192 1.452069 -1.464130 0.045616 -0.306982 -0.376796 0.290931 -0.965969 0.274282 0.593508 -0.886849 -0.290352 0.910385 0.034075 0.283884 0.317030 0.275290 -1.244596 1.387737 1.829982 1.000000
81 1.747712 0.193593 0.374449 -0.654494 -1.244172 -1.188255 -0.844800 -0.365342 -0.019457 0.426215 -0.196140 1.065680 1.284289 -0.281143 -0.141561 0.325248 -0.403929 -1.604323 0.712568 -0.443169 0.631492 -0.353669 1.031299 -1.345609 0.183782 0.290471 -0.937980 -0.361766 0.820583 -0.616505 -0.503447 -0.282601 -1.413888 -0.738350 1.297421 0.735332 -1.102982 1.330809 0.034665 0.394479 0.579706 1.000000
82 -0.714223 0.716569 1.363282 0.607759 -0.369228 0.801519 -1.257736 2.193814 0.949705 0.355394 1.085497 -1.187056 -1.247492 -0.697111 0.101468 -0.440693 0.605212 1.687910 1.537089 0.742187 0.067058 -0.505064 0.502368 0.226753 1.017753 1.726815 0.637336 0.685447 0.361137 0.246930 0.014189 -0.600807 -0.705688 1.579547 -0.370518 0.849420 1.594226 -1.071562 -0.366935 -0.475197 0.144753 1.000000
83 0.783961 -0.425367 0.583616 -0.002606 -0.093224 0.904385 -0.599607 -0.994351 0.074911 0.563261 0.534253 -0.649925 0.159487 -0.084598 -0.094036 -1.581328 0.052568 -0.825841 0.615718 0.668288 0.862036 -0.420144 0.826029 -0.275493 0.875645 0.116120 0.013803 -3.228686 -0.644603 -0.065995 1.959250 -1.145570 -0.319820 1.821862 -0.051669 0.293197 1.349171 -0.808638 -0.512436 -0.189885 4.340060 1.000000
84 0.301125 0.084128 -0.090619 -1.757327 0.400158 1.806685 0.293769 -0.648481 -1.246985 1.472056 -1.611694 -0.497289 -2.067860 0.075259 0.810056 0.860750 -0.237007 -0.157654 0.493537 -0.296188 -0.539699 -1.525081 0.553949 -0.598440 -0.534254 1.734586 1.286594 -0.704257 0.658388 -0.816255 -0.586944 -1.130026 -0.934962 0.819753 -0.223982 -1.001872 -2.090628 0.258628 -0.709912 0.471157 0.627807 1.000000
85 -0.051867 -0.345966 -2.861608 2.691016 -0.272419 -0.007491 -0.702030 0.084829 0.419355 -0.192686 -0.752365 0.275738 -0.725308 -0.010997 -1.522925 -0.958278 1.293403 0.670609 0.682972 -0.605296 1.023017 -0.253605 0.508363 -1.296960 0.395086 -1.307280 0.377441 -1.191828 -1.254798 0.121834 -1.020332 -1.021039 -0.216520 0.561282 -0.526584 0.386986 0.499376 -0.863135 0.083984 2.088413 11.260959 1.000000
86 -2.691395 -0.635530 2.136326 -0.316463 0.542217 0.813386 0.034437 0.191215 0.965238 0.016231 -0.154125 1.237282 0.941327 -1.851832 0.678819 -1.136238 -0.527930 0.983714 0.840985 0.489897 -0.678226 0.858652 0.569214 0.151784 0.898622 -0.917498 2.276560 1.858897 -0.131447 0.251099 0.205710 -0.041284 0.928574 -0.015128 0.864969 -0.846876 0.167964 1.019358 -0.944233 -0.062477 7.462747 1.000000
87 0.087703 -1.744555 0.201458 -0.916489 1.390550 -0.332649 -0.697617 -1.177092 0.303933 -0.515654 -0.629527 -0.719983 1.484441 -0.236475 1.064446 0.059689 0.330024 -1.045153 -0.797883 -0.756376 1.015049 1.625448 -0.554375 -1.033360 0.559942 0.413310 0.766545 0.624219 -1.307720 1.542116 0.310969 0.484617 0.715706 1.268411 -0.164187 -0.036085 -0.001502 -0.078152 0.577558 1.286840 0.024137 1.000000
88 1.195975 0.014306 -1.765061 1.048531 0.128211 0.594589 -0.984279 -0.711997 -1.636216 -0.687557 0.714684 -0.498897 -0.215690 -0.749872 0.875305 0.113531 0.686354 -0.162279 -1.731041 1.839805 0.825464 0.210589 0.786470 1.177955 -1.369964 -0.212115 1.701368 -1.522895 0.308331 2.251231 0.376973 -0.868812 -0.416569 1.488451 -1.070818 2.862889 -0.519095 1.556855 -0.613649 0.281610 5.407199 1.000000
89 -0.080742 -0.305766 -0.920687 -0.508192 0.967613 -0.592621 -1.949104 0.250722 -0.304951 0.087079 0.463803 0.405782 -0.153628 1.667137 -1.181431 -1.861319 -0.347774 -0.248887 -0.925482 -1.465106 -0.503392 0.271315 1.345725 0.399111 0.714745 -0.002805 -0.820909 0.700762 0.750139 -1.311652 0.228001 -0.031498 -0.283160 0.152420 1.771939 -0.700273 1.867758 -0.767874 -0.599737 -0.164908 5.936452 1.000000
90 0.687166 -0.354640 -0.997117 0.245770 -0.189755 2.788803 -1.296692 1.025738 -0.530844 1.903409 0.456676 -1.189805 0.016050 0.187551 1.112927 1.370931 1.416708 -0.797515 0.173165 -0.118821 0.892795 0.602353 0.024335 0.382210 0.007559 0.136296 2.596228 -1.137552 0.499188 -0.575605 0.568349 0.273318 1.035084 0.439398 0.036263 -0.939060 0.357562 0.451266 0.235960 -0.631026 1.348650 1.000000
91 -0.396107 0.137028 -1.177817 2.040082 -0.127674 0.045703 0.253596 0.035176 0.975466 0.895720 -0.760879 -0.658025 -1.112437 1.809523 -0.233176 1.197210 1.256525 0.592639 0.903077 1.500574 1.752019 2.034458 1.227727 0.115292 -1.381088 0.981795 0.057124 -0.130952 -0.298724 -1.122409 0.753729 -0.933070 -0.743050 -0.768632 1.138690 0.554985 -0.924515 -1.861524 1.048291 -1.005328 3.662722 1.000000
92 -0.075608 -1.065634 -1.035472 -2.070616 -0.517931 0.791474 1.789814 -0.319545 0.080991 -0.163064 2.649707 -0.785909 0.796090 1.861618 -1.801325 -0.732622 -0.293992 0.667477 0.205386 -0.829264 -0.355189 -1.008605 -0.133388 0.243032 1.002922 -1.140719 1.942571 -1.434418 -0.041360 0.904749 1.632171 -1.285651 -0.236927 -0.210251 0.153591 -0.383221 0.962938 -0.223281 -0.540477 -1.337604 2.121969 1.000000
93 -0.010719 -0.528776 0.832864 -2.490181 -0.100928 -0.216193 0.796976 -0.667116 0.844070 0.319760 0.903036 -0.416349 -0.201010 1.143123 -0.625787 1.390136 0.609922 -1.153636 0.289689 -0.306357 -2.538468 -1.279476 1.094478 -2.334061 -0.384137 1.271916 -0.096611 -0.474224 0.800265 -1.152065 0.069316 0.530403 0.134455 -0.766802 -0.919055 1.017957 0.896391 -0.028698 1.016141 0.742455 0.951784 1.000000
94 0.182491 0.336770 1.593549 2.074342 0.365440 -0.547620 -0.155394 0.501815 0.178380 -1.116215 -0.691173 -0.263724 -0.843090 -0.752850 1.136605 1.979514 1.348238 0.151462 0.550582 1.107834 -0.484263 1.009043 -1.961965 -0.298094 -1.976405 -0.040818 1.152948 -0.297683 -0.686251 1.261131 -0.390035 -1.454422 0.420300 -0.152032 1.454888 -1.197856 2.028007 0.939836 -0.614222 -1.000017 0.949019 1.000000
95 -1.128556 -0.604164 -0.464442 -2.802954 -1.655866 -0.640736 -0.793993 0.086906 -0.650892 -0.331710 -0.692948 -0.703414 0.140130 -0.010037 -1.203884 -1.164069 0.516032 -0.054037 1.989218 -0.264178 0.078249 -0.710544 -0.057126 1.118426 0.304636 0.735232 0.510573 0.386756 1.729069 -1.576623 0.852739 -2.042234 -0.707531 -0.214639 0.208443 -0.887525 -0.133114 -0.873767 0.276684 0.217926 4.864949 1.000000
96 1.131657 -1.310990 -0.927069 0.261940 0.472199 0.072934 -0.006134 -0.190614 -0.300446 0.698189 -0.911705 -0.138817 2.127038 1.484847 -1.314578 -1.255981 2.707479 0.075534 0.222741 -0.046838 0.075880 1.423066 0.622383 0.216620 -0.142408 1.187643 0.581510 1.403623 -0.152668 -0.276814 -0.077819 -1.191545 -0.958152 0.430330 -0.195322 1.094694 0.033756 -0.934674 -0.693558 -0.277992 3.332018 1.000000
97 0.263080 0.741771 -0.533337 -0.636042 -0.841522 -0.882377 0.848246 -0.481486 1.552100 1.008744 0.800974 0.006686 0.600675 0.992883 0.288206 1.342356 -1.270867 0.779043 1.096498 1.078082 0.447707 -0.829556 -0.980430 -0.487212 0.598980 -0.406932 -0.729796 0.041796 1.335646 -0.194136 -1.505659 0.422054 0.923404 -0.166742 -0.637228 -0.555067 0.809661 -1.468776 0.600468 0.964244 1.106542 1.000000
98 -2.474877 -0.134169 2.086205 -1.634782 -0.796524 2.037926 -1.440141 0.626230 0.266473 -0.035887 -0.290765 -0.656893 0.431030 0.679955 0.986437 0.835549 0.405756 -0.301631 -0.656103 -1.120115 0.563486 0.356190 1.067956 0.370089 0.777121 -0.099336 1.367259 0.235596 -0.493403 0.472358 -1.164560 -0.180883 2.377396 0.191791 0.401849 1.045097 -0.380483 -1.089385 -1.902056 0.296319 1.503914 1.000000
99 0.044082 -0.655862 0.292144 0.395197 1.235782 -0.010282 0.873199 -1.606525 -0.136723 0.699662 -0.895803 -0.415836 -1.348907 0.831076 0.748460 -0.173058 0.205283 0.958948 -0.665923 0.033136 0.668091 0.379666 0.548842 -0.116028 -1.789410 -1.668413 0.302433 2.619293 0.434440 0.027646 0.548957 -0.501665 -1.014978 -1.314211 -1.015835 -0.881358 1.732974 0.745648 -0.994973 -1.066219 0.730285 1.000000
100 -0.982974 -0.393924 0.108406 -0.797381 0.612276 0.857261 0.263724 0.105214 -0.108850 0.248294 0.576971 -2.277594 -0.504963 0.616731 -1.066023 1.793324 -0.703608 -0.767365 0.295855 -0.993171 0.710853 -0.986902 0.498158 2.196860 0.285275 -0.348748 -1.104806 -1.098688 -0.052139 -1.189940 0.862326 0.384507 -0.201521 0.118805 -0.430359 0.200193 -1.003074 -0.772585 1.696944 -0.777185 3.301430 1.000000
uncorrelated Gaussian covariates
missing covariate fraction: 0.000000
no latent classes
   lambda(t|risk 1)=C, <t>=4.000000 for zero covariates
   risk 1: beta[1]=0.000000
   risk 1: beta[2]=0.000000
   risk 1: beta[3]=0.000000
   risk 1: beta[4]=0.000000
   risk 1: beta[5]=0.000000
   risk 1: beta[6]=0.000000
   risk 1: beta[7]=0.000000
   risk 1: beta[8]=0.000000
   risk 1: beta[9]=0.000000
   risk 1: beta[10]=0.000000
   risk 1: beta[11]=0.000000
   risk 1: beta[12]=0.000000
   risk 1: beta[13]=0.000000
   risk 1: beta[14]=0.000000
   risk 1: beta[15]=0.000000
   risk 1: beta[16]=0.000000
   risk 1: beta[17]=0.000000
   risk 1: beta[18]=0.000000
   risk 1: beta[19]=0.000000
   risk 1: beta[20]=0.000000
   risk 1: beta[21]=0.000000
   risk 1: beta[22]=0.000000
   risk 1: beta[23]=0.000000
   risk 1: beta[24]=0.000000
   risk 1: beta[25]=0.000000
   risk 1: beta[26]=0.000000
   risk 1: beta[27]=0.000000
   risk 1: beta[28]=0.000000
   risk 1: beta[29]=0.000000
   risk 1: beta[30]=0.000000
   risk 1: beta[31]=0.000000
   risk 1: beta[32]=0.000000
   risk 1: beta[33]=0.000000
   risk 1: beta[34]=0.000000
   risk 1: beta[35]=0.000000
   risk 1: beta[36]=0.000000
   risk 1: beta[37]=0.000000
   risk 1: beta[38]=0.000000
   risk 1: beta[39]=0.000000
   risk 1: beta[40]=0.000000
