1 -0.415844500000 0.772879821371
2 0.038358666667 0.909691718231
3 0.003105875000 0.906985835014
4 0.151894100000 1.521444353007
5 0.387258750000 0.923521832611
6 0.173731300000 0.923920304384
7 -0.239843500000 0.906209167943
8 0.400113333333 0.777371372940
9 0.548617500000 0.394427258217
10 -0.668964800000 0.956562712473
11 -0.080821200000 0.945765819273
12 0.232330250000 0.840006849395
13 -0.297660300000 0.943371927691
14 -0.254573900000 1.050691702526
15 0.766424444444 0.699122826914
16 -0.214598375000 0.877422818291
17 -0.392493000000 0.855783505372
18 -0.051043200000 1.096892384032
19 -0.574973625000 1.041186662492
20 0.658728300000 0.902772259758
21 0.081994250000 0.714476005431
22 -0.260783444444 1.024230026767
23 -0.251077888889 0.736478202794
24 -0.126505800000 1.049936911704
25 -0.035781000000 1.124809963821
26 0.094923900000 0.659813653508
27 -0.272656500000 0.693077472674
28 0.389118000000 1.443166587145
29 -0.078949700000 1.376201513253
30 0.432354700000 1.178259455843
31 -0.038209400000 0.522779315888
32 0.242196555556 0.786812930260
33 0.119535600000 0.853234722162
34 -0.164677400000 1.166940070352
35 -0.048818000000 1.069198712393
36 0.286755300000 1.151095448515
37 -0.505250800000 0.769120099848
38 0.323051100000 0.684035725826
39 0.037297700000 1.450667343801
40 0.044766700000 1.245164040006
41 0.206056600000 0.976003277468
42 0.527602700000 1.222464752814
43 -0.440520875000 1.093302841536
44 -0.488285700000 1.213363385157
45 0.697588000000 0.437250931858
46 0.289454800000 0.599025162904
47 -0.014842400000 1.052743841749
48 -0.042432900000 0.491324792164
49 0.022079500000 0.848877053088
50 -0.168515000000 0.756495607557
51 0.022016333333 0.812259910431
52 -0.090751500000 0.812791052608
53 0.286246444444 0.576272831368
54 0.002824600000 1.009076184371
55 0.164861777778 0.898373279328
56 -0.288627400000 0.901421907769
57 0.090864875000 1.128267920522
58 0.235566000000 1.024426606513
59 -0.594563444444 0.588634445417
60 0.151441400000 0.808480965664
61 0.283467300000 1.018593056576
62 0.293106500000 0.636641739131
63 -0.053572200000 0.868043501591
64 0.333091300000 0.930378379825
65 -0.176843600000 0.960852919796
66 -0.581062900000 0.783329659864
67 0.185714555556 0.651235118541
68 0.427323900000 0.899179364921
69 -0.290371300000 0.933396359340
70 0.198264900000 0.832722153077
71 -0.455312100000 0.831683631526
72 0.119082700000 0.904511946182
73 -0.092469000000 0.551544183446
74 -0.032369300000 1.225211875529
75 0.423796500000 1.169264043051
76 -0.344799900000 0.802325247536
77 -0.179810200000 0.537759745737
78 0.106579000000 1.015822271828
79 -0.162405500000 0.848931582485
80 0.164116333333 0.885249290224
