0.000000 0.540000
1.000000 0.606400
2.000000 0.657600
3.000000 0.645900
4.000000 0.653000
5.000000 0.685400
6.000000 0.683500
7.000000 0.711700
8.000000 0.748700
9.000000 0.738400
10.000000 0.756700
11.000000 0.759900
12.000000 0.761800
13.000000 0.800000
14.000000 0.820000
15.000000 0.823700
16.000000 0.815500
17.000000 0.832700
18.000000 0.825300
19.000000 0.829700
20.000000 0.825100
21.000000 0.827900
22.000000 0.836000
23.000000 0.834800
24.000000 0.832500
25.000000 0.836700
26.000000 0.830400
27.000000 0.838300
28.000000 0.840700
29.000000 0.838200
30.000000 0.837500
31.000000 0.838000
32.000000 0.831200
33.000000 0.834800
34.000000 0.830100
35.000000 0.824700
36.000000 0.820700
37.000000 0.824800
38.000000 0.814400
39.000000 0.814900
40.000000 0.807500
41.000000 0.817800
42.000000 0.815200
43.000000 0.819600
44.000000 0.813900
45.000000 0.810700
46.000000 0.811500
47.000000 0.803800
48.000000 0.803800
49.000000 0.794700
50.000000 0.802100
51.000000 0.796700
52.000000 0.797300
53.000000 0.791400
54.000000 0.799400
55.000000 0.785400
56.000000 0.792400
57.000000 0.778800
58.000000 0.781900
59.000000 0.781300
60.000000 0.775200
61.000000 0.780600
62.000000 0.777900
63.000000 0.775300
64.000000 0.769100
65.000000 0.766300
66.000000 0.772700
67.000000 0.766700
68.000000 0.760000
69.000000 0.759700
70.000000 0.748400
71.000000 0.758400
72.000000 0.754900
73.000000 0.747200
74.000000 0.736000
75.000000 0.743300
76.000000 0.733300
77.000000 0.742500
78.000000 0.731900
79.000000 0.728000
80.000000 0.726500
81.000000 0.725700
82.000000 0.714000
83.000000 0.731200
84.000000 0.716000
85.000000 0.716900
86.000000 0.708300
87.000000 0.708200
88.000000 0.698200
89.000000 0.701300
90.000000 0.703700
91.000000 0.692400
92.000000 0.696400
93.000000 0.699300
94.000000 0.690100
95.000000 0.685600
96.000000 0.684100
97.000000 0.679700
98.000000 0.681900
99.000000 0.678000
100.000000 0.686100
