1 -0.007765258412 1.044856532650
2 0.031404166449 0.920687284591
3 0.081410416723 0.989841492613
4 -0.113638766045 1.038819573784
5 -0.093374542287 0.941088411380
6 0.103288304199 1.134259943589
7 0.026112251597 0.906785784992
8 0.037324008202 1.138212536765
9 0.098010007623 1.142258375464
10 0.009030993547 0.785949990769
11 0.078089512825 0.850035473377
12 -0.116096996165 0.939373937681
13 0.135849791842 0.916980807188
14 -0.046284314299 0.923677986704
15 -0.016676385233 1.009062221151
16 -0.174660879620 0.884308151061
17 -0.048301288112 1.130574229096
18 -0.045960587760 0.836480084948
19 -0.108350992823 0.910822586994
20 -0.311470596404 0.936632572169
21 -0.178128839425 0.955270408012
22 -0.001512795103 0.905880412403
23 0.219254795733 0.999759748761
24 0.043389276436 1.023035434087
25 0.101988651013 0.979272322876
26 0.115325039600 1.046397790139
27 0.183846396208 0.917362648319
28 0.201865685693 1.086181359346
29 0.123780847639 1.062298451255
30 -0.055811209105 0.958506798792
31 0.360916329843 1.108900472215
32 0.173692292314 0.892277164955
33 -0.088318147704 0.990598592222
34 -0.013698976060 1.024400917825
35 0.078134804379 1.110851673308
36 0.093610811022 1.008669175959
37 -0.171131192335 1.025489172468
38 0.327491765887 1.197284348106
39 -0.151851465539 1.081108256461
40 -0.102246747624 0.971929630855
41 -0.133016926314 1.008639009825
42 0.072393471589 1.016752217982
43 0.068408320636 1.136733683987
44 -0.070230325217 1.076669328619
45 -0.059286583163 0.923703723865
46 0.121019698371 0.946964853191
47 0.023433917067 0.800415068105
48 0.194953225353 0.834212429787
49 0.323954679793 0.888714799326
50 -0.051348158629 1.144219996333
51 -0.097750210052 1.029404977980
52 -0.013434297604 0.925358257320
53 0.020208854013 0.950173645037
54 0.060595747316 1.056927007113
55 0.007204636407 0.908073824709
56 0.070345353173 0.919647787920
57 0.162372802131 1.022281817094
58 -0.230345769774 1.150436916851
59 0.073425568279 1.044379855650
60 0.034238199306 0.839343023507
61 0.054574548383 1.015961895958
62 -0.026352999039 1.093130048839
63 0.100530336195 0.967485648954
64 -0.063534101424 1.010165288582
65 -0.053633414081 0.857571323668
66 0.119245867281 0.952306833911
67 -0.056627107792 0.994443679198
68 -0.113650140920 1.068865563116
69 -0.252596526797 0.994652256065
70 0.128882536624 1.028868987321
71 0.266810178096 1.007722514916
72 -0.019560336387 1.092837346132
73 0.061843207461 0.843010553284
74 0.172558756551 1.016746924611
75 0.358537080682 0.839557429629
76 -0.117971770704 1.058850781653
77 -0.045386133011 0.958501928317
78 0.003115949175 0.996708938058
79 0.000143268889 1.114290907588
80 -0.148943771164 0.969981724774
81 -0.129774993535 0.853248074789
82 0.067096168777 1.004381478283
83 -0.089101399007 1.057717895036
84 0.284089528532 1.009091838333
85 0.175509196823 1.047009461936
86 -0.178915587161 0.899991086068
87 0.228808401038 0.982926420579
88 0.148721867249 0.889520613044
89 -0.047395950574 0.944522291450
90 0.113209306327 1.050447793682
91 0.002330755792 0.837586916093
92 0.108233286373 0.920323728902
93 0.137444369933 0.962520619055
94 -0.270372047344 0.977004915655
95 0.057209389841 1.022872981953
96 -0.105741992354 0.945235826736
97 -0.110243256905 0.890042843081
98 0.189117307772 1.130907302829
99 0.046632002856 0.933315049143
100 -0.052136225577 0.807330628983
