1 -0.055758717471 1.113018579397
2 -0.015570189250 0.971194531423
3 0.037329825115 0.891358638612
4 -0.030780726903 1.004064569691
5 -0.089405716750 0.910326392646
6 -0.205395371289 0.991915806100
7 0.170479405396 1.083541385431
8 0.155826225011 1.022799864204
9 -0.147997288292 1.101186714785
10 0.140696851619 0.851827689289
11 0.008195480046 1.033375659488
12 0.019329778725 0.959076825681
13 0.141589630768 0.986710787103
14 0.035628649735 0.979444239094
15 -0.042821837353 0.953531977612
16 -0.049932799994 1.069647746339
17 0.072708250299 0.951166402771
18 0.029764996514 0.918606850767
19 0.164564207524 0.884070430326
20 -0.002758378823 1.202701792960
21 0.163276257894 1.098628315103
22 -0.022072077888 0.995234754576
23 -0.110656896627 1.021161500359
24 -0.041100795007 0.992066119168
25 -0.078192345240 0.938213583009
26 0.073585800601 0.953593800890
27 -0.083020647143 1.014538940451
28 -0.071512136481 1.062747393473
29 -0.133082679279 0.942945931824
30 -0.027106055566 0.910907222743
31 -0.058822229066 0.999016042412
32 0.000147591479 0.890790736050
33 0.076300274396 1.035260254960
34 0.096062029871 0.978239787362
35 -0.030211628342 0.915052704719
36 0.081375957218 1.105989071528
37 0.114150089513 0.947438391546
38 0.015966166328 1.124606044128
39 0.088519864009 1.035693204609
40 -0.016062403632 0.958113022616
41 0.093122551738 0.995920791164
42 0.148388110884 1.171401276618
43 0.029371966619 0.991693066919
44 -0.025586982135 1.038683270719
45 0.160354252092 0.978311328317
46 0.094465731092 1.020619597418
47 0.038935249149 1.099360904213
48 -0.040513987623 1.031633974289
49 0.033531771536 0.928355138273
50 -0.207854767547 0.918194276408
51 0.139908863824 0.927018941155
52 -0.112041638398 1.041295099496
53 -0.002096134454 0.837338898189
54 0.075568852288 0.983580008432
55 0.017997180852 1.078193025093
56 -0.061623164452 0.902899305412
57 0.138849053131 0.916337292926
58 0.165427093250 0.942394773014
59 0.190152396368 1.041409145901
60 0.136321881483 0.961049476565
