1 -0.292855458333 1.012080698798
2 -0.006308276596 0.925131294522
3 -0.253057750000 1.093445151566
4 0.117734000000 0.824182785555
5 0.164710469388 0.938190739520
6 0.227868488889 0.864682422878
7 -0.138883127660 0.848948990449
8 -0.271626978723 0.907636647850
9 0.170268166667 0.961144512679
10 -0.063541177778 1.009509999075
11 0.021455604167 1.123910391518
12 -0.084351913043 1.043618578375
13 -0.105064979167 0.861152333056
14 0.097443740000 1.057736630497
15 -0.033934765957 1.057198171476
16 -0.016097395833 1.181448670277
17 -0.272599434783 0.917903507898
18 0.139548489796 0.842352360825
19 -0.047842479167 1.087549476716
20 0.045643479167 1.098443354344
21 -0.124471854167 1.101846988920
22 -0.108677375000 0.928870427111
23 0.007873000000 0.845445817800
24 0.196921108696 1.030451566046
25 0.290892166667 0.894315072906
26 -0.188136043478 0.905833028276
27 -0.230902127660 0.923494948352
28 -0.113561377778 0.966765481510
29 -0.153214717391 0.789773184996
30 -0.111540404255 0.996714204128
31 0.097521531915 0.977865598432
32 0.052873282609 1.141352640763
33 0.054094133333 0.906827456243
34 0.004446333333 1.126506476817
35 -0.043255530612 0.839833162376
36 -0.002691708333 0.819902917421
37 0.045178822222 0.993914441832
38 0.031624041667 0.835178918905
39 -0.212729163265 0.894913909221
40 -0.200335581395 1.048152980981
