0.000000 0.530400 0.529600
1.000000 0.622100 0.615700
2.000000 0.711300 0.721900
3.000000 0.669000 0.695200
4.000000 0.699400 0.722800
5.000000 0.712000 0.737300
6.000000 0.749100 0.785600
7.000000 0.763800 0.790700
8.000000 0.770000 0.803300
9.000000 0.780700 0.833600
10.000000 0.778400 0.827900
11.000000 0.787300 0.832400
12.000000 0.770500 0.830100
13.000000 0.759000 0.828400
14.000000 0.757700 0.830200
15.000000 0.749700 0.824600
16.000000 0.782700 0.840200
17.000000 0.781200 0.842500
18.000000 0.780000 0.835700
19.000000 0.781100 0.852900
20.000000 0.794400 0.858200
21.000000 0.799700 0.875100
22.000000 0.809400 0.877900
23.000000 0.810500 0.886600
24.000000 0.815600 0.906500
25.000000 0.822500 0.910600
26.000000 0.820300 0.913900
27.000000 0.822200 0.913500
28.000000 0.826000 0.914800
29.000000 0.826100 0.919900
30.000000 0.823200 0.926300
31.000000 0.825300 0.921800
32.000000 0.821700 0.927400
33.000000 0.814500 0.931200
34.000000 0.817900 0.931200
35.000000 0.805400 0.935200
36.000000 0.808400 0.939600
37.000000 0.810300 0.935600
38.000000 0.806500 0.939000
39.000000 0.797400 0.933200
40.000000 0.790900 0.937100
