active=40: 1 2 3 4 5 6 7 8 9 10 11 12 13 14 15 16 17 18 19 20 21 22 23 24 25 26 27 28 29 30 31 32 33 34 35 36 37 38 39 40 
active=39: 1 2 3 4 5 6 7 8 9 10 11 12 13 14 15 16 17 18 19 20 21 22 23 24 25 26 27 28 29 30 31 32 33 34 35 36 37 38 40 
active=38: 2 3 4 5 6 7 8 9 10 11 12 13 14 15 16 17 18 19 20 21 22 23 24 25 26 27 28 29 30 31 32 33 34 35 36 37 38 40 
active=37: 2 3 4 5 6 7 8 9 10 11 12 13 14 15 16 17 18 19 20 21 22 23 24 25 26 27 28 29 30 31 32 33 34 36 37 38 40 
active=36: 2 3 4 5 6 7 8 9 10 11 12 13 14 15 16 17 18 20 21 22 23 24 25 26 27 28 29 30 31 32 33 34 36 37 38 40 
active=35: 2 3 4 5 6 7 8 9 10 11 12 13 14 15 16 17 18 20 21 22 24 25 26 27 28 29 30 31 32 33 34 36 37 38 40 
active=34: 2 3 4 5 6 7 8 9 10 11 12 13 14 15 16 17 18 20 21 22 24 25 26 28 29 30 31 32 33 34 36 37 38 40 
active=33: 2 3 4 5 6 7 8 9 10 11 12 13 14 15 16 17 18 21 22 24 25 26 28 29 30 31 32 33 34 36 37 38 40 
active=32: 2 3 4 5 6 7 8 9 10 11 12 13 14 15 16 17 18 21 22 25 26 28 29 30 31 32 33 34 36 37 38 40 
active=31: 2 3 4 5 6 7 8 9 10 11 12 13 14 15 16 17 18 21 25 26 28 29 30 31 32 33 34 36 37 38 40 
active=30: 2 3 4 5 6 7 8 9 10 11 12 13 14 15 16 17 18 21 25 26 28 29 30 31 32 33 34 36 37 40 
active=29: 2 3 4 5 6 7 8 9 10 11 12 13 14 15 16 17 18 21 25 26 28 29 30 31 32 34 36 37 40 
active=28: 2 3 4 5 6 7 8 9 10 11 12 13 14 15 16 17 18 21 25 26 29 30 31 32 34 36 37 40 
active=27: 2 3 4 5 6 7 8 9 10 11 12 13 14 15 16 17 18 21 25 29 30 31 32 34 36 37 40 
active=26: 2 3 4 5 6 7 8 9 10 11 12 13 14 15 16 17 18 21 25 29 30 31 32 34 36 40 
active=25: 2 3 4 5 6 7 8 9 10 11 12 13 14 15 16 17 18 21 25 29 30 31 32 34 36 
active=24: 2 3 4 5 6 7 8 9 10 11 12 13 14 15 16 17 18 25 29 30 31 32 34 36 
active=23: 2 3 4 5 6 7 8 9 10 11 12 13 14 15 16 17 18 25 30 31 32 34 36 
active=22: 2 3 4 5 6 7 8 9 11 12 13 14 15 16 17 18 25 30 31 32 34 36 
active=21: 2 3 4 5 6 7 8 9 11 12 13 14 15 16 17 18 25 30 31 32 36 
active=20: 2 3 4 5 6 7 8 9 11 12 13 14 15 16 17 18 30 31 32 36 
active=19: 2 3 4 5 6 7 8 9 11 12 13 14 15 16 17 18 30 31 32 
active=18: 2 3 5 6 7 8 9 11 12 13 14 15 16 17 18 30 31 32 
active=17: 2 3 5 6 7 8 9 11 12 13 14 15 16 17 18 31 32 
active=16: 2 3 5 6 7 8 9 11 12 13 14 15 16 17 18 32 
active=15: 3 5 6 7 8 9 11 12 13 14 15 16 17 18 32 
active=14: 5 6 7 8 9 11 12 13 14 15 16 17 18 32 
active=13: 6 7 8 9 11 12 13 14 15 16 17 18 32 
active=12: 6 7 8 9 11 12 14 15 16 17 18 32 
active=11: 7 8 9 11 12 14 15 16 17 18 32 
active=10: 7 8 9 11 12 14 15 16 17 18 
active=9: 7 8 9 11 14 15 16 17 18 
active=8: 7 8 9 14 15 16 17 18 
active=7: 7 8 9 15 16 17 18 
active=6: 7 8 9 15 17 18 
active=5: 7 8 15 17 18 
active=4: 7 8 15 18 
active=3: 8 15 18 
active=2: 8 18 
active=1: 8 
