0.000000 0.509400
1.000000 0.553300
2.000000 0.650400
3.000000 0.646800
4.000000 0.660600
5.000000 0.725300
6.000000 0.745900
7.000000 0.786200
8.000000 0.803400
9.000000 0.801000
10.000000 0.783300
11.000000 0.778000
12.000000 0.789600
13.000000 0.805400
14.000000 0.808400
15.000000 0.814200
16.000000 0.814400
17.000000 0.822300
18.000000 0.825000
19.000000 0.820400
20.000000 0.820400
21.000000 0.816500
22.000000 0.810300
23.000000 0.803600
24.000000 0.794500
25.000000 0.793900
26.000000 0.793900
27.000000 0.796900
28.000000 0.791300
29.000000 0.776300
30.000000 0.772600
31.000000 0.765200
32.000000 0.758800
33.000000 0.755900
34.000000 0.747400
35.000000 0.753100
36.000000 0.753900
37.000000 0.735900
38.000000 0.734200
39.000000 0.727600
40.000000 0.720400
