active=40: 1 2 3 4 5 6 7 8 9 10 11 12 13 14 15 16 17 18 19 20 21 22 23 24 25 26 27 28 29 30 31 32 33 34 35 36 37 38 39 40 
active=39: 1 2 3 4 5 6 7 8 9 10 11 12 13 14 15 16 17 18 19 20 21 22 23 24 25 26 27 28 29 30 31 32 33 35 36 37 38 39 40 
active=38: 1 2 3 4 5 6 7 8 9 10 11 12 13 14 15 16 17 18 19 20 21 22 23 24 25 26 28 29 30 31 32 33 35 36 37 38 39 40 
active=37: 1 2 3 4 5 6 7 8 9 10 11 12 13 14 15 17 18 19 20 21 22 23 24 25 26 28 29 30 31 32 33 35 36 37 38 39 40 
active=36: 1 2 3 4 5 6 7 8 9 10 11 12 13 14 15 17 18 19 20 21 22 23 24 25 26 28 29 30 31 32 33 35 36 38 39 40 
active=35: 1 2 3 4 5 6 7 8 9 10 11 12 13 14 15 17 18 19 20 21 22 23 24 25 26 28 29 30 31 32 33 35 36 38 40 
active=34: 1 2 3 4 5 6 7 8 9 10 11 12 13 14 15 17 18 19 20 21 22 23 24 25 26 28 29 30 31 33 35 36 38 40 
active=33: 1 2 3 4 5 6 7 8 9 10 11 12 13 14 15 17 19 20 21 22 23 24 25 26 28 29 30 31 33 35 36 38 40 
active=32: 1 2 3 4 5 6 7 8 9 10 11 12 13 14 15 17 19 20 21 22 23 24 25 26 28 29 31 33 35 36 38 40 
active=31: 1 2 3 4 5 6 7 8 9 10 11 13 14 15 17 19 20 21 22 23 24 25 26 28 29 31 33 35 36 38 40 
active=30: 1 2 3 4 5 6 7 9 10 11 13 14 15 17 19 20 21 22 23 24 25 26 28 29 31 33 35 36 38 40 
active=29: 1 2 3 4 5 6 7 9 10 11 13 14 15 17 19 20 21 22 23 24 25 26 28 31 33 35 36 38 40 
active=28: 1 2 3 4 5 6 7 9 10 11 13 14 15 17 19 20 21 22 23 24 25 26 28 31 33 35 36 38 
active=27: 1 2 3 4 5 6 7 9 10 11 13 14 15 17 19 20 21 22 23 24 25 26 31 33 35 36 38 
active=26: 1 2 3 4 5 6 7 9 10 11 13 14 15 17 19 20 21 22 23 24 25 26 31 35 36 38 
active=25: 1 2 3 4 5 6 7 9 10 11 13 14 15 17 19 20 21 22 23 24 26 31 35 36 38 
active=24: 1 3 4 5 6 7 9 10 11 13 14 15 17 19 20 21 22 23 24 26 31 35 36 38 
active=23: 1 3 4 5 6 7 9 10 11 13 14 15 17 19 20 21 22 23 24 26 31 35 36 
active=22: 1 3 4 5 6 7 9 10 11 13 14 15 17 19 20 21 23 24 26 31 35 36 
active=21: 1 3 4 5 6 7 9 10 11 13 14 15 17 19 20 21 23 26 31 35 36 
active=20: 1 3 4 5 6 7 9 10 11 13 14 15 19 20 21 23 26 31 35 36 
active=19: 1 3 4 5 6 7 9 10 13 14 15 19 20 21 23 26 31 35 36 
active=18: 1 3 4 5 6 7 9 10 13 14 15 19 21 23 26 31 35 36 
active=17: 1 3 4 5 6 7 9 10 14 15 19 21 23 26 31 35 36 
active=16: 1 3 4 5 6 7 9 10 14 15 21 23 26 31 35 36 
active=15: 1 3 4 5 6 7 9 10 14 15 21 26 31 35 36 
active=14: 1 4 5 6 7 9 10 14 15 21 26 31 35 36 
active=13: 1 4 5 6 7 9 10 14 15 21 26 35 36 
active=12: 1 4 5 6 7 9 10 14 15 21 26 35 
active=11: 4 5 6 7 9 10 14 15 21 26 35 
active=10: 4 5 6 7 10 14 15 21 26 35 
active=9: 4 5 6 7 10 14 15 21 26 
active=8: 4 6 7 10 14 15 21 26 
active=7: 4 7 10 14 15 21 26 
active=6: 4 10 14 15 21 26 
active=5: 4 10 14 15 21 
active=4: 4 10 14 15 
active=3: 4 10 14 
active=2: 4 14 
active=1: 14 
