0.000000 0.476136
1.000000 0.477727
2.000000 0.625682
3.000000 0.672727
4.000000 0.706591
5.000000 0.738864
6.000000 0.767045
7.000000 0.749091
8.000000 0.773409
9.000000 0.743182
10.000000 0.755909
11.000000 0.771136
12.000000 0.758864
13.000000 0.771818
14.000000 0.742955
15.000000 0.756818
16.000000 0.752727
17.000000 0.743636
18.000000 0.717045
19.000000 0.702500
20.000000 0.703182
21.000000 0.694545
22.000000 0.689545
23.000000 0.700682
24.000000 0.687727
25.000000 0.687727
26.000000 0.682273
27.000000 0.680000
28.000000 0.663864
29.000000 0.665909
30.000000 0.668182
31.000000 0.652500
32.000000 0.645227
33.000000 0.647273
34.000000 0.631364
35.000000 0.634773
36.000000 0.624318
37.000000 0.617045
38.000000 0.625909
39.000000 0.613409
40.000000 0.615227
