1 -0.074588563630 0.896362453167
2 -0.012383106178 0.832176321851
3 -0.062574433161 1.179224514486
4 -0.030465262859 1.087597352419
5 0.061032220691 1.088461383017
6 0.052388015487 0.849401357886
7 -0.120627860429 0.931038998165
8 0.057710616133 1.127908922403
9 -0.138486791199 1.053499539464
10 -0.197082927170 1.064303961402
11 0.163438817496 0.928885835854
12 0.130883913970 0.864361722436
13 -0.027268966367 1.062136136119
14 -0.030480765416 1.055965705952
15 -0.127061950713 0.953730323771
16 -0.115566250100 0.981065112337
17 -0.055232047010 0.955271569631
18 0.107094262672 0.878638249387
19 -0.081936473819 0.810492095944
20 -0.043633731921 0.894372650894
21 -0.135810137808 1.142651275645
22 0.067901680224 1.138209988670
23 -0.048459407388 1.024600920343
24 0.098487462353 1.255263284905
25 0.218018563570 0.983867355665
26 -0.006615646215 1.198618206895
27 -0.075436237607 0.898242666286
28 -0.092796062056 0.930450721799
29 0.222728964156 1.114394272616
30 -0.011561008848 1.043770918220
31 0.043115542050 0.957846520028
32 -0.364670505864 1.102275852134
33 -0.142078273088 0.889180462353
34 -0.053417039745 1.083382236522
35 -0.087670640713 0.873664841169
36 0.192671871419 1.148967542389
37 0.139723160354 0.854000184606
38 0.057358233638 1.037389745635
39 -0.013569992321 1.042072374031
40 -0.232931256358 0.971906888557
41 -0.223499915388 1.157978963032
42 0.090289376680 0.944083392864
43 -0.108670406768 1.059338595775
44 0.158506466683 0.910573173891
45 -0.090183104697 0.847889787827
46 -0.001442067545 0.999824729579
47 -0.029692715856 1.210909774370
48 -0.006295159882 0.898773385586
49 -0.153497875433 0.912976526302
50 0.052758112608 0.874291713493
51 -0.027869878549 0.951711044905
52 0.016660901993 0.975440021974
53 0.199030518955 0.989742399322
54 -0.105509871061 0.950133498586
55 0.016146556151 1.122886743282
56 -0.160510662639 1.048520726011
57 -0.003362147277 0.923749765400
58 -0.081062059774 0.921390358804
59 0.001389420239 1.010633718399
60 -0.122440917963 1.066031211071
