N=100
P=80
R=2
1 1.177413 1.172847 0.039970 -0.571771 1.004698 0.433534 -1.101036 -0.898490 0.321824 -0.832673 0.211173 -0.091765 0.760146 -1.093574 0.301038 -1.535607 0.218323 0.404942 1.064483 -1.326424 2.249774 0.376175 -1.558322 -1.756788 -1.193866 -1.384238 1.560828 -0.583342 2.248483 -1.438819 0.958898 0.101571 -0.755896 1.103101 0.329337 0.076832 2.366662 -0.347955 0.643005 -0.109676 -0.258398 1.092921 0.052530 1.392366 0.657970 -1.837178 0.702918 -3.106131 0.984499 -0.049675 -1.470062 0.637017 0.201170 1.290208 -0.905962 -2.313023 0.296210 -0.604455 -0.586252 -1.049398 -0.190867 0.552236 -0.308355 0.470761 -0.135252 -0.483231 0.014800 -0.788247 1.281196 -0.922862 0.336705 -0.212332 -0.440691 -0.077848 0.429834 2.165193 -0.401168 1.206080 -0.883587 1.610984 1.783758 1.000000
2 0.763495 -1.028489 0.363674 0.324909 0.443307 1.540836 0.402509 0.821456 -0.205645 0.729599 1.971104 1.023547 0.919945 -1.302183 0.745734 0.734427 0.120761 0.171076 -0.571910 -0.609326 -1.215108 -0.158619 1.017824 0.008474 0.798995 0.182589 -1.103210 1.124628 0.242597 -0.478483 -1.266447 1.446939 -0.401533 -0.670937 -0.684482 0.238379 -0.602061 0.320172 0.518718 -0.476689 0.900579 0.650655 0.966416 -1.433305 -0.443892 -0.950963 0.491180 0.408063 -0.087383 -1.915785 0.473076 -0.889422 -1.476266 0.928180 -0.019158 -0.545403 0.480900 0.455992 -0.211361 -0.289200 0.067843 -2.545684 1.953554 1.178652 -0.869053 -0.079574 -0.771694 -0.448351 -0.330544 0.789766 0.356136 0.336343 -0.626077 -0.681622 0.290393 -1.842806 -1.537338 1.526122 -1.199395 -0.929070 2.892308 1.000000
3 -1.292190 0.485859 -0.340984 0.374810 -1.464439 -0.102757 -2.170183 -0.093762 -0.736614 -0.351982 1.081618 -1.014840 -0.547848 -0.023100 -0.851552 -2.204361 -0.008462 0.350992 -1.187674 0.543405 -0.842292 -0.665442 0.083714 1.223167 -2.254345 0.518491 -0.108428 -0.354757 1.296450 -1.054629 0.355220 -0.583736 0.301461 2.271450 -0.645440 0.045143 -2.342336 -0.490613 0.239490 -0.650121 -0.077368 -1.189496 -1.087514 -0.837521 0.883067 -2.639542 0.159194 0.807279 0.104032 -0.171655 0.395821 -0.468679 -0.924250 0.574061 1.017374 0.431340 1.561331 -1.051296 0.074432 -0.939592 -0.438489 2.130767 -0.281163 -1.393958 1.350302 -1.445145 0.605329 0.918986 -0.324988 -0.998997 -1.845688 0.247925 0.838748 2.372749 -0.275548 0.731131 -0.047037 -1.342784 3.092697 0.615864 4.834266 1.000000
4 1.658744 -1.068757 0.598469 0.790704 0.681725 -0.524265 -2.058694 -0.105025 0.544367 1.263740 0.128264 0.702400 -0.186622 0.116689 1.165216 -0.396597 1.767503 0.539478 -1.036295 -0.209988 -1.453407 0.080459 -1.102706 1.029620 -0.593860 1.018085 -0.453917 0.314493 -0.053273 0.106387 -0.123737 0.562278 0.645795 -0.120235 -0.697803 -0.267195 0.236813 -0.236002 -2.542432 0.187089 0.529494 0.257070 1.017397 0.442938 -1.096651 1.436520 -1.847658 1.278511 -0.370083 -0.243737 1.722138 1.157459 -0.084237 0.352942 1.532326 -0.869884 -0.161664 0.825745 0.476669 -0.013157 0.089592 -0.738992 -0.575645 0.614028 -0.193086 0.233411 0.337794 0.596917 -0.331855 0.226812 -1.083962 1.712086 1.385986 2.053445 -0.774421 -1.214944 0.841182 0.296417 -0.053220 -0.707854 0.299706 1.000000
5 0.852542 1.323111 -0.534717 0.759627 0.025138 2.171918 1.005355 1.245423 -0.063873 -0.188563 0.211360 0.054113 -1.393538 1.498870 -2.594494 -1.128275 0.191062 -0.652797 0.721942 1.324617 1.413076 0.931593 1.348940 -2.015945 -0.275382 1.136566 -2.384140 -0.347033 -0.022368 0.830813 -0.209596 0.561970 2.039646 0.022158 0.225339 0.572369 1.347238 1.001945 0.071936 2.730535 -0.082112 -0.435284 1.405451 1.621558 -1.837150 0.010754 1.014863 -0.469668 -1.207257 0.202065 -0.621836 -1.984526 -0.505804 0.003081 0.341895 -0.385205 0.754266 0.687888 0.535036 -0.156767 0.632552 -0.298900 0.960197 -0.537873 -1.232955 0.173334 0.309481 0.202223 0.549187 -0.233856 -1.314973 -0.802141 -1.726172 0.655595 -0.538530 -0.672364 -1.004657 1.589319 -0.090232 0.719731 2.952881 1.000000
6 -2.218060 0.951550 -0.906508 -1.469595 0.292600 0.168430 -1.339026 -2.126003 1.159645 -1.038099 0.049871 0.359062 0.970729 0.938464 0.024270 0.507630 1.199816 0.323194 2.590653 0.728203 -1.502334 0.867864 -1.304578 2.006677 -0.314609 -1.072050 1.941130 0.810226 -0.066149 -0.817492 -0.274122 -0.337118 -0.567412 -1.107824 0.498000 -0.126272 0.561014 -0.246260 0.413429 -1.819296 -2.551764 -1.246964 0.118711 -0.157025 1.676363 1.012368 0.514069 0.478573 -0.758481 0.090699 0.039988 0.724866 -1.418312 1.247642 -1.818337 -0.561352 -1.541227 -1.758706 0.735558 -0.369599 -0.083200 1.042631 -1.952086 -1.617925 -0.145941 0.559044 -0.722308 -0.431690 -0.227156 -0.647715 -0.309285 -0.128352 0.010132 -1.936124 -0.003536 0.372858 -0.564277 -0.239042 -1.082732 -1.102139 28.028317 1.000000
7 0.958123 -0.805569 -0.590241 -1.261975 -0.737954 0.624649 0.315898 0.081099 0.557641 -0.343988 0.998871 0.643413 -0.200125 -1.302424 1.882688 2.273277 0.793472 0.421397 -1.085569 0.147709 -0.265109 -0.342229 0.703425 0.536869 -0.784828 -1.548300 -1.058396 -1.218760 -0.362439 -0.410489 0.682185 0.048637 -0.824852 -1.039641 0.510836 -0.839871 -0.344100 0.350255 2.524167 0.698190 1.051740 0.273577 0.970134 0.975327 1.816318 -0.826229 -2.701761 0.315346 0.314927 1.005031 -0.119370 -0.316010 0.105102 -1.832292 -0.580846 -1.482096 0.752379 -0.000452 -0.196011 1.118764 0.051971 0.578800 -0.432089 -0.806105 -0.878435 0.403504 1.352799 0.084526 -0.451586 0.947095 -0.504531 0.546579 -0.318301 -0.648393 -0.586188 1.134810 -0.106321 0.723724 -1.294252 1.286448 8.271628 1.000000
8 1.166745 -0.956739 0.045086 0.415572 -0.617267 -0.324890 -2.029166 -0.581937 0.136742 2.244246 -1.108287 -1.205712 0.981552 0.353234 1.021155 -0.862738 0.274226 -0.763952 -0.669317 -1.765856 0.713801 1.164385 0.318475 -0.999130 -0.878254 -0.920795 -0.366770 1.442966 -0.485359 0.317627 0.221712 0.042776 0.081965 1.330992 0.897767 0.150079 0.563705 1.051476 0.176440 -2.105175 2.837663 0.331608 0.282859 1.732545 0.638363 -0.025076 -1.487798 -0.152693 -1.668783 -0.792490 1.077156 0.584703 -0.737155 1.793130 -1.880292 1.489665 0.318530 0.205208 -0.886344 -0.303424 0.949435 0.342850 2.543859 0.477338 -1.636261 -0.260729 -0.532922 0.788581 1.062836 -0.798973 0.325217 -0.971474 0.099556 -0.467976 -0.091683 -0.162816 -1.757500 -1.185861 0.245243 1.132855 0.675634 1.000000
9 0.627580 0.745165 -0.282429 -0.660155 -2.532669 0.511324 0.038459 -1.336795 -1.974523 0.390856 -1.417740 0.941523 -1.877612 -1.680504 -1.870223 0.388282 1.312089 -0.704929 0.862187 -1.341604 -0.368402 1.184218 1.283682 1.645856 -0.013789 0.292677 1.472360 -0.518519 0.973673 1.156735 -0.550963 1.560029 0.765145 -0.519967 1.772971 -1.105445 -0.028007 1.943619 0.962253 -0.566627 0.662105 -0.477137 0.560599 1.525890 -0.694325 -1.032162 -1.008313 0.312440 -1.160780 2.314828 -1.450069 0.128162 -0.238080 -0.660933 -0.377642 -1.248189 -1.116105 -0.510562 -0.319627 2.986576 0.623687 -1.520626 0.610097 -0.693859 1.494771 1.848059 0.520775 -0.873920 0.629669 0.051557 -0.120879 -0.232215 -1.814835 0.275813 0.267192 1.413952 1.221826 -0.776598 0.391170 1.578377 1.097010 1.000000
10 1.589322 0.898512 -0.118095 -0.762005 2.518559 1.566222 1.868325 -0.884904 -1.515130 -0.295235 0.220284 1.132969 0.997399 0.510083 -0.176026 1.740832 0.871369 0.668916 -0.301353 -1.289574 0.906520 -0.567782 -0.799292 0.803304 -0.247526 0.187930 -0.498196 -0.498919 0.986906 0.505368 -0.883437 0.442741 -0.472412 0.092939 2.205244 0.359049 0.496652 -0.120947 -0.166478 0.593843 0.197962 -0.153557 -0.481463 -1.064746 -1.126191 -0.432169 -0.137172 1.658165 0.697499 -0.094683 -0.588851 -1.810215 0.361622 0.184317 -0.675245 0.277428 -0.429112 0.389737 1.610294 0.869597 -0.672088 0.580479 0.425500 -2.087735 1.165840 1.222574 0.139773 -0.399631 1.463305 -0.551703 0.017293 -0.180617 0.012340 0.892748 2.438325 -1.236884 -0.166324 0.839499 1.405772 -0.096301 4.352159 1.000000
11 -1.080522 -0.107176 -1.023772 -0.362656 0.254554 -0.228114 0.607013 0.415388 -0.579966 -1.728224 -0.956432 0.413157 0.075371 -0.137283 -0.283858 -0.484976 -0.537520 -1.156331 -1.452664 -0.382155 -1.723516 0.681908 2.936717 1.836679 -0.441501 -0.856180 0.420039 -0.272055 0.191235 -0.308789 -0.512854 1.958710 -0.480458 -1.107170 1.069048 0.387732 0.601663 0.896766 0.064536 2.992852 -1.021822 0.387100 0.692448 0.944885 0.314834 -1.177252 -1.656519 1.353450 -1.284654 1.187730 1.554802 0.067767 -1.718931 -0.367095 -1.086416 -0.865158 1.025177 1.326457 -1.146478 -0.242094 0.031665 0.455671 -0.227254 1.133859 -0.892231 2.137022 -1.715826 -0.597158 -0.011386 1.851165 1.264124 -0.614831 0.904458 0.675907 0.311883 -0.491114 -0.531291 -1.019215 0.960376 0.016850 4.352415 1.000000
12 -1.004580 0.502750 -0.279732 0.489300 -1.157935 -1.400446 0.016621 -0.437585 -0.826315 -1.071753 0.296842 -1.325090 -0.989040 -0.811651 0.235316 -0.182113 0.025511 1.576543 -0.833239 0.659267 -1.157798 -0.325374 1.278499 -1.340067 -0.426138 2.769958 1.961163 -0.105399 -0.159116 0.164977 0.046919 -0.588132 0.012377 0.444069 -0.100705 -0.092453 0.915986 0.098728 -0.516257 1.942912 -1.023919 -0.583830 -1.398207 0.280602 -0.216877 0.467856 -1.069862 -0.741354 -0.364856 0.935423 -0.213542 0.760554 0.723635 1.241294 -1.268346 -1.660308 2.070390 1.113916 -0.413286 -1.053252 0.399567 -0.094477 -1.284171 0.415699 -1.684106 -0.792793 -2.077582 -2.094475 -0.826291 -1.694029 1.136996 1.393183 -1.871775 -0.469070 0.537174 1.095161 0.143925 0.482190 -0.565796 -0.061443 3.388128 1.000000
13 -0.196110 0.890435 0.104092 1.423737 0.225932 0.933197 0.402194 0.611905 0.063529 2.267086 1.745959 -1.974880 -0.136329 0.062715 0.791724 -1.746918 -0.808748 -0.634609 0.354217 -0.612564 0.301634 1.692631 0.746897 0.034703 -0.613312 -0.556725 0.259513 0.597371 -0.574127 -1.738897 1.564619 1.451080 -0.221004 0.456845 0.280058 0.022386 0.542002 -0.330510 0.703648 1.176550 -1.085512 1.191902 -0.595764 0.103111 0.673712 -1.179809 0.477823 -0.951893 -1.843422 -1.231827 0.345942 1.546963 -0.241501 -1.304566 -0.320295 -0.435170 -0.310415 0.566774 -0.395602 1.166532 0.356760 0.801980 -2.399920 0.480133 0.256641 0.264035 -0.259463 -0.468758 -0.101421 -0.031189 -1.215991 0.931726 0.785672 -0.023058 -0.353079 -2.499954 0.530480 -0.062693 1.191669 -0.070182 7.140883 1.000000
14 1.592826 0.371702 -1.079290 0.066987 0.182188 -1.062027 0.058293 -0.809721 0.145812 -0.567379 1.209100 0.343608 0.639553 -1.155098 -0.372035 0.245724 -0.090808 1.952771 0.522333 0.529475 -0.695371 0.718301 0.514529 1.087841 -0.869151 0.926640 -2.122925 -1.543615 -1.682896 -1.144049 0.599144 0.887395 0.192023 0.202368 -1.168454 -0.359021 1.105844 -0.104057 -1.061402 -1.013591 -0.592862 -0.045746 0.948227 0.218123 1.885731 1.177223 -0.144495 -0.370549 -1.042608 -0.473993 -0.411515 1.004399 -1.246871 0.103808 -1.029564 1.001736 1.774904 0.825618 -1.935073 0.534934 0.639317 -1.526973 1.014373 -0.324931 -0.069915 -1.284345 -1.138238 -1.079069 -1.207435 -1.796107 -1.687641 -0.377422 -2.758521 -0.116683 0.073680 -0.300761 -0.158913 0.499926 -1.696507 -1.049511 3.242774 1.000000
15 -1.497803 0.497722 -0.047139 -0.812133 0.990284 1.289585 -0.213442 -0.729411 -0.062345 -1.004249 -0.831066 0.067328 2.482413 -1.358222 -0.040772 -1.700933 -0.113843 -0.330705 -1.376090 0.148539 0.633215 0.224225 -0.908315 -0.896539 0.050947 -0.869605 -0.482673 1.148526 1.595088 1.311209 -0.024034 0.341397 -1.694507 -0.717525 0.210516 0.564631 0.077232 0.822577 -0.609846 0.734411 1.686361 1.096253 -0.907390 1.124689 -0.413966 -1.822944 0.448313 -2.335015 1.217111 0.205594 -1.727041 0.108152 2.148566 1.919259 0.919466 0.797482 0.899386 -0.074531 0.583712 -0.515317 -1.087777 0.732786 -0.332639 0.180069 -0.674122 -1.300400 1.285815 -0.972265 -1.258878 -0.480987 2.070365 1.568754 0.607395 -0.387104 1.362750 0.731024 1.103086 -1.272355 -1.146908 -0.703451 22.418638 1.000000
16 0.042931 1.558078 0.701768 -0.746896 0.593812 1.226463 0.672437 -0.629876 -0.919583 -1.278789 0.617105 0.003504 1.675462 1.626756 -0.772641 0.871823 -0.403905 -0.924843 0.063663 -1.091081 0.005224 0.302445 0.717963 1.046498 0.372469 1.778710 -0.240716 -1.923791 0.346557 0.849669 0.036400 -1.177239 0.987448 1.559409 0.920875 0.920131 0.927413 0.226893 -1.033111 0.546550 -2.247587 -0.205007 -1.964547 -1.466630 0.738111 -0.191555 -0.269309 -1.995811 0.008296 -0.140181 -1.291349 0.001187 -1.849692 -0.850958 0.371427 -0.050329 -0.135865 0.690884 0.117607 -0.499750 -1.420362 -1.351923 -1.181527 -1.028279 -0.032011 -0.737744 -0.569630 0.524168 -1.252981 0.938771 -0.711862 0.843972 -1.928943 -0.902520 -0.677307 -0.024464 0.793861 -1.261269 0.311086 0.517017 1.820592 1.000000
17 -0.350244 0.774934 0.476798 0.992908 0.954227 1.699110 1.962172 0.923991 1.566769 -1.055185 -0.808870 -0.233532 0.092128 -0.411248 -0.394420 0.663146 -0.314079 -1.044734 -0.472491 -1.334657 1.071956 -1.508375 -0.819460 1.450098 0.295425 -1.084805 0.650866 -1.644227 -0.310979 -0.326249 0.170916 -0.163847 -0.856467 -0.086332 -1.164087 -2.281436 0.675357 -1.863035 -0.546759 -0.263718 0.916220 0.558906 1.070944 0.415265 0.259487 -0.142446 -1.015711 0.293774 0.014262 -1.022864 -0.562773 -2.298123 -0.929218 1.925696 0.157840 1.581978 -0.541495 -0.162516 -1.982210 1.411427 -0.981621 -1.523369 0.188413 0.614481 -0.520065 0.465521 -0.137417 1.214873 -1.408871 -0.146983 -0.550475 -0.032586 -0.315949 -0.083984 -0.495443 1.363993 -0.316383 -2.146193 2.201125 0.391608 2.810303 1.000000
18 -0.417015 -1.053030 -0.227623 0.791204 1.761514 -1.076925 1.310130 -1.369468 -1.315205 -0.401632 -0.428057 -0.580980 -0.458234 -0.115032 0.368856 -0.774599 -0.220187 2.202229 0.169898 0.236094 1.386721 -1.161338 0.289325 0.186696 -0.385156 1.526491 0.312980 0.372930 -2.078362 0.885702 -0.379205 -0.696626 -1.099333 0.502125 0.518186 0.365908 0.224012 -0.811660 -0.566589 0.260684 0.954747 -2.250804 -0.149312 2.501720 -0.788585 -0.282937 -0.095410 0.395971 1.151754 0.073644 1.343712 -1.183655 1.785735 0.197835 -1.400984 0.167048 0.784307 0.481581 0.694321 1.759553 0.770610 0.129646 -0.698441 -0.472165 1.088879 0.596753 1.215606 0.168047 -1.284668 0.402046 2.467207 0.810274 2.191559 0.381505 -0.428036 -0.239868 -0.339977 1.147701 -1.056776 2.069156 21.462970 1.000000
19 1.305044 -0.437273 -0.424746 1.510457 -1.744876 -1.816614 -0.781396 0.638392 -0.517816 0.557549 0.460639 0.790382 0.190486 -0.704521 -0.164392 0.452674 2.222668 0.461133 0.945426 0.819675 0.468950 -0.731026 -1.498533 0.995724 -0.034076 -1.306554 -0.413004 -1.311672 -0.018783 0.748418 -1.651640 0.582494 0.617313 0.752736 -0.242125 -0.133649 1.532381 1.061561 -0.423067 1.485564 1.920313 -0.912794 0.758654 0.313669 0.289092 0.595744 1.038720 0.555102 0.926104 -0.285799 0.898753 0.764541 -0.170974 -1.561113 1.491904 0.742484 -0.708714 -0.035748 0.840490 -0.734892 -0.518970 -0.611051 1.546464 1.961399 0.726987 -1.456015 0.141235 -1.368542 -0.125746 -0.857704 -0.552629 -1.620197 -1.576365 0.664787 -0.350152 0.782292 1.644890 0.218245 0.522067 -1.513399 6.094775 1.000000
20 1.086263 0.300348 -1.108867 -0.178595 -1.077705 -1.614046 -0.033253 -1.946619 -0.977087 0.896490 1.377224 -0.473407 0.739849 1.340808 -1.367874 0.258102 -0.667236 2.103791 1.247133 0.068958 0.782442 1.091329 -1.236514 1.448386 0.351261 -0.764553 -0.072370 -1.177326 -0.601852 0.128989 -0.976918 1.306355 -0.957756 -0.596918 -0.054610 -0.824695 1.957599 2.057536 -0.023213 -0.015956 -2.206764 0.078514 -1.715400 1.704380 0.234694 0.803636 2.430835 -0.315198 2.004288 2.359720 0.818490 -0.498113 0.715750 -1.396671 -1.990273 -0.610979 1.253470 -1.066196 -1.573402 -0.544916 -1.061696 0.122244 -0.048239 -0.372184 -0.617499 -0.430333 1.535293 -0.449028 2.196280 0.840483 -0.044151 1.047628 -0.676935 -0.738875 0.004899 0.704018 -0.603876 -0.930013 -1.339018 -0.123151 5.724032 1.000000
21 -1.060156 -1.000179 0.202350 1.144854 -0.397782 1.311626 0.538161 0.161706 0.218247 -0.058915 1.186334 -1.069906 1.317843 1.714637 -0.088058 -0.893491 -0.343996 2.328250 0.395281 -0.303156 1.022436 0.826160 1.874015 -1.185379 -0.287334 1.422003 -0.082586 0.036072 0.129167 -0.016486 -1.126234 -0.258896 -0.533171 0.728403 -0.579432 1.188412 -0.148740 2.064474 -1.144831 0.581197 -0.130162 2.099813 1.544104 0.603767 0.267773 0.362345 0.339053 -0.592965 0.709647 -0.325325 0.245231 0.071417 -0.232670 -1.185860 1.089744 1.143296 -0.189202 0.228020 0.711047 1.237659 0.761207 -0.165059 0.127424 0.016223 1.441275 -1.397973 -1.533565 -0.467419 -0.654622 0.347094 0.439722 0.301170 -0.766247 1.034994 -0.187228 0.134610 0.582647 -0.139063 -0.929543 0.000871 1.519892 1.000000
22 0.668420 1.077948 0.317545 1.834170 2.436767 0.000714 -0.615859 -2.083611 -1.177125 -0.411907 0.486928 0.720616 -0.832609 -0.541523 0.546635 -0.559675 0.680642 0.152747 -0.020893 0.181894 -0.623312 0.298357 0.369596 -1.033599 -0.206639 0.706078 0.386650 -0.111630 -0.019986 1.345213 0.593432 -0.786745 -1.858471 -1.366716 -0.172202 0.082967 1.263991 1.114418 0.159425 0.077517 -0.679699 0.896629 -1.045662 2.314400 -0.556153 0.362160 -1.421722 -0.325821 0.258267 -1.476909 0.015432 0.423340 0.926643 -0.005101 0.964473 -0.701546 -0.012425 -0.464115 -0.155495 -0.893845 -0.517437 -0.610352 -1.404793 -0.917453 2.018585 -0.734432 -0.001707 0.143456 0.542793 0.959984 -0.825218 1.136053 -0.397655 0.115122 -0.268073 -0.000011 -0.676818 0.285317 1.762782 2.212265 3.957170 1.000000
23 -0.612875 0.275166 0.728955 -0.952159 1.262872 0.340942 -0.782719 0.362607 -0.876139 -0.342098 -0.500517 -0.401804 -1.931933 0.651302 1.736556 -0.775836 0.648046 -1.276539 0.116658 0.449196 -1.091652 0.564334 0.794631 0.788932 0.204613 0.939286 -0.428179 -1.244511 -0.847101 -0.832264 -0.415276 -0.621945 1.536533 -0.665701 1.477403 -0.493656 0.180831 -0.787248 0.737001 -0.271384 0.002500 0.880376 -2.179984 -0.219562 0.762268 -0.557773 0.602830 -0.631273 -0.417417 0.898991 -0.698831 1.270548 -0.175724 -0.204243 1.781357 -0.313377 0.416590 -0.315207 0.710316 1.764414 0.785772 -0.152505 -0.426091 -0.297523 1.926181 -0.660830 0.010823 -0.348765 2.298257 1.890472 2.787661 0.610079 0.421312 -0.377355 -0.069654 -1.377056 -1.993846 0.130697 1.487786 0.790694 17.315171 1.000000
24 1.799631 -1.124256 -1.289196 1.254915 -1.776031 -1.617737 -1.253150 -0.829367 -0.954278 -1.321945 -0.612021 0.730523 0.958115 -1.449263 0.047634 0.762116 0.320250 -0.715020 -0.603320 0.623939 1.766688 -1.101194 0.403324 0.447595 -0.870630 -0.838206 -1.461437 -0.671980 -0.778703 0.887958 -1.379173 -0.691754 1.117956 -1.792800 -0.547581 0.202727 -0.300045 -1.156227 2.485715 2.937480 -0.481126 -1.360119 -0.703885 -0.264459 0.369973 1.584374 0.410403 -1.512680 0.703753 -1.021275 -0.284345 -1.693181 -0.027741 -1.686965 -0.837119 0.003445 0.104487 -0.617691 -0.265298 -0.821357 0.287557 -1.402261 -0.133075 -0.601456 0.340930 0.653792 0.240986 -0.091293 -1.370684 1.198299 0.140548 -0.836222 -0.445745 -0.451534 -2.942789 2.335319 2.085792 1.425516 0.841222 -2.483149 0.991925 1.000000
25 -1.640824 1.766685 0.869141 -2.859050 -1.061260 -0.975483 -1.010769 -1.572013 0.589247 -1.658540 0.436524 -1.676402 -1.501702 0.084534 1.892971 -0.052951 0.877926 -1.666110 0.310709 0.325319 -1.106516 1.769468 -0.488710 -0.783857 1.298079 -0.137716 0.774150 -1.150704 0.116177 -1.216826 -0.110937 -0.819588 -1.111762 -0.077923 -0.701874 -0.852346 0.536026 0.393528 1.226211 0.770657 0.881610 2.216004 -0.479400 -0.010163 -0.121302 0.211856 -0.347523 -1.404060 0.449173 0.130600 -0.033259 1.661098 1.394651 -0.215716 -0.933347 1.697064 0.743946 0.926214 1.217087 -0.243404 -0.155885 -0.208723 -0.186443 -0.561031 1.574378 0.365725 2.710604 1.597741 -0.094682 -2.352858 -1.883491 -1.034314 0.490652 0.413053 -0.149972 -1.071085 -0.341009 0.566683 -1.070964 -1.628736 32.222635 1.000000
26 -0.744890 0.505267 2.728464 0.052720 0.579151 0.359234 -1.442937 -0.991713 0.041902 1.974787 0.223206 1.043512 0.040776 -1.037825 -0.101957 1.882422 -0.354505 -0.140753 -0.191014 1.199117 1.403080 -1.392427 0.051986 0.589719 0.379039 -1.544583 0.578836 -0.435295 1.527986 -1.300155 -0.532381 0.519382 -1.431932 -0.423781 -0.683837 -0.176322 -1.459690 -0.425805 -0.819303 -0.603210 1.518824 0.473064 -0.085051 -0.230903 -0.166234 -1.042048 1.063751 2.305173 0.588200 0.741637 0.249043 0.998075 -0.187450 1.175160 -1.118867 0.863746 0.511311 -0.137619 2.129025 0.004243 -1.085091 0.253411 -0.739477 0.613277 1.688908 1.927683 0.715805 0.120632 1.644019 0.532319 0.679867 1.536218 1.207595 -1.834264 1.207774 -2.573415 0.614394 -0.503562 0.137674 -1.015514 12.394689 1.000000
27 -0.162713 0.726344 -0.709213 0.528003 0.096527 -0.186270 0.999507 0.366258 -1.169604 -0.517508 -1.155008 0.168347 1.438733 0.152553 0.825749 -0.123746 0.486601 0.222837 -0.104387 0.265936 -1.633782 0.324394 -1.551439 -0.300874 0.323098 1.172776 0.568708 0.605049 1.302274 1.687430 1.141839 -1.246969 -1.865741 -1.308553 -0.971098 2.519386 -0.196925 -1.188718 -0.760126 -0.357202 0.631439 0.232520 0.864532 -2.328216 0.302955 -1.065930 1.483180 -1.597705 0.333786 0.259358 1.202684 1.869164 1.164334 0.313858 -0.667684 0.710027 0.544687 0.525035 -0.899926 -0.291219 0.698708 1.245430 -0.183944 0.186242 -1.557548 1.144078 1.237166 0.741090 1.464920 -0.855645 0.626286 0.349929 -0.289698 -0.332225 -0.402734 -0.345248 0.929058 0.700198 0.666241 -0.546647 30.209147 1.000000
28 0.070248 -1.146723 -0.159437 -0.791825 -0.489754 1.629895 0.352965 0.036874 -1.341891 0.001684 -0.353363 0.110128 0.612793 1.125202 0.686886 0.167094 -0.864027 -0.453150 -0.187595 -0.899002 0.463708 -2.060030 1.502996 -1.117052 -1.190700 -2.244039 -0.861946 -0.351012 -1.088440 -0.422358 0.899671 -1.267969 -0.229005 0.860151 0.426846 -0.319999 -1.982166 0.668071 0.284525 -1.116258 -0.481866 -1.640037 0.215449 -0.229740 -0.669400 -0.077943 0.186017 1.945619 0.558484 0.301172 -0.303412 0.379199 -1.420150 -1.207271 -0.285200 -0.520981 0.980643 1.172281 1.295212 -0.465635 2.359622 -1.184040 0.282811 -1.059313 0.948377 -0.011532 0.127213 -1.008864 -0.367477 -0.494575 -2.053180 -0.559848 -0.280632 0.287102 -0.811557 -0.761813 -0.577755 -0.155807 0.946490 0.603441 0.488481 1.000000
29 -1.039170 0.811472 -0.129493 -1.005822 -0.545820 1.090011 -1.098076 -1.966024 0.033938 -0.082224 -0.471253 0.097652 -0.648965 0.529759 0.289011 0.187553 -0.642479 -0.792346 0.671402 -0.019211 -0.441635 0.220219 -1.279026 1.000971 0.686875 0.667750 0.724985 2.127743 0.302072 -0.015517 -1.135206 -0.201754 1.818454 -0.242472 0.887359 0.622683 0.584043 0.649328 0.938724 0.464353 -1.392874 0.827094 1.135845 0.450417 0.513875 0.717107 1.462179 -2.341702 0.487968 -1.002261 -0.194393 -0.142269 -0.922646 0.112808 -0.040476 1.101114 0.153882 -0.158197 1.807236 0.815505 -0.335430 0.107911 0.280164 1.360153 0.062392 2.214514 0.568010 0.062071 0.140619 0.778894 0.765339 -0.224982 -1.834757 0.254822 -0.045894 -1.143402 -0.712236 0.377718 1.282379 -1.514111 8.822537 1.000000
30 0.947866 0.512035 0.723267 0.719004 0.459421 -0.316203 -0.355074 0.030118 1.140236 0.840515 -0.510076 0.406190 0.762132 -0.183901 0.053426 -0.308701 -0.035593 0.127113 -0.597805 1.609603 -0.540252 -0.013529 1.062576 1.277707 -0.191352 1.105988 -0.449028 -0.177350 0.926534 -0.369574 0.050556 -0.990270 -0.594421 0.358328 -0.840764 1.161849 1.043304 1.160841 -0.534155 0.275273 0.489502 -0.276155 -0.235484 -0.891493 1.542751 0.868191 -1.083505 -0.477454 -1.308462 0.443273 -0.802558 -0.389552 1.082065 -1.086954 0.151180 -0.636914 -0.861147 -1.889165 -0.247135 -0.135738 0.424407 0.714940 -2.642314 -1.062992 -0.996135 0.603210 0.450274 -0.438268 1.119856 0.324168 0.614054 0.665874 0.757280 0.284209 0.370009 1.350916 -0.560422 -0.186944 0.227074 0.586057 0.204135 1.000000
31 -2.291840 2.216329 -1.034964 0.140172 0.577233 1.638643 -2.497537 -0.562941 -0.606768 -0.947135 -0.169668 1.178748 1.300310 -0.703734 0.765080 -1.588584 -0.465571 3.211556 0.097802 -1.451397 0.316516 0.781609 0.549709 1.001534 0.211201 1.034983 -2.155945 1.600023 -0.157104 -0.717146 1.969204 1.517604 0.675026 -0.543871 0.615922 0.750040 -0.556514 -1.861434 -0.154240 1.597701 -0.130462 1.218771 1.545867 0.120971 -0.853853 -0.719827 -0.488369 -1.069656 -0.923531 0.223487 0.484200 -1.136135 0.497751 0.425990 1.099120 -1.305601 -2.176015 -2.205495 -0.654964 0.038025 2.119552 -0.003980 -0.372406 0.979503 1.617278 0.674151 -1.011779 -0.805163 -0.738987 0.354920 0.411014 1.358850 -2.199493 -0.044076 2.699378 -0.484350 1.666109 -0.047159 1.204839 0.732404 8.487519 1.000000
32 0.698200 -0.925932 -0.431145 -0.673041 -1.223424 1.829223 -0.117486 0.548391 0.535728 -1.826081 -0.886252 -1.198869 -1.471485 0.119614 -1.833639 0.484763 -0.116564 1.125955 0.785459 -0.727507 0.487162 0.263797 0.080527 0.605191 1.078878 0.613476 -0.941017 0.537645 -1.759873 -1.571779 -0.844653 0.485176 0.045393 1.535904 1.416616 0.723994 -0.483883 -0.534809 1.057598 0.153841 -0.978890 0.284545 1.250477 1.234837 -0.877565 -0.843844 -1.380207 -1.029297 0.289014 -0.986898 -1.317281 1.247618 -0.723539 0.852441 -0.247622 1.361684 -1.002792 1.108179 0.980812 0.362921 -0.886501 0.433452 0.226970 -1.790494 0.484110 0.205269 0.810723 0.644649 -1.672343 0.066451 -0.268145 0.965258 -1.603650 0.878409 -1.211836 -0.341150 0.449200 -0.642057 2.190214 -0.496287 1.548251 1.000000
33 1.026423 0.668753 -0.610188 0.607495 -0.991623 0.028354 2.239532 1.337193 1.207845 -2.128963 -0.043248 -0.361025 -0.488723 0.161421 1.364606 -1.543547 -0.137056 0.057297 -0.305020 -2.388816 0.351261 0.424452 0.016297 -1.375842 -1.105563 0.930754 -1.703554 -1.853408 -1.523028 -1.878628 -2.372604 -1.985290 0.195586 0.520440 -0.712889 -1.486863 0.562459 -0.634652 -1.013719 1.733805 -0.269367 0.072813 0.186680 0.069706 0.632262 -1.133698 -1.819555 -0.087832 -0.680974 0.488443 -0.231248 -0.432616 0.072851 -0.670937 0.607483 -1.048317 -0.574260 -0.400863 0.162580 -0.600461 -0.300201 -0.246511 -0.915197 -0.297101 1.175970 0.279057 -0.444454 1.234410 -0.602347 -0.491704 -0.400985 0.329058 -0.390131 1.223499 -0.092542 -0.651378 0.663189 -0.286209 0.429764 -0.947906 3.869367 1.000000
34 -0.955231 -0.231622 -0.370237 -0.083394 -0.978186 0.111502 -1.200407 -0.776209 -0.934793 0.075913 0.564738 -0.098213 -1.569413 -0.525830 0.583790 1.336058 -0.648968 0.725510 -1.453034 -0.835620 0.925119 -0.150740 0.602425 -0.653637 1.142466 0.726357 -0.838225 2.127640 0.007872 -0.154206 -1.841102 -0.734804 1.030591 0.218866 0.823639 -0.121001 1.174348 0.144464 -0.898444 0.502940 -1.066574 0.138475 -0.485584 -0.518206 -0.555881 -1.184884 1.558529 0.171226 -1.059463 0.195188 0.473277 0.366930 -1.096714 0.115591 0.772114 1.073602 -2.039859 0.382908 -0.688071 -0.042327 -0.669739 0.210944 -0.865233 0.911978 1.875524 -0.278973 0.760806 0.490356 -0.565796 -0.597857 -1.101680 -1.880035 2.829225 -0.807069 -0.392227 -0.519162 0.506392 0.355815 -0.384142 0.739403 4.471800 1.000000
35 -0.991199 -0.075065 -1.247773 -0.623664 -0.336146 -2.792785 0.628653 0.888222 -0.522013 0.699557 0.555086 0.286192 -0.959567 1.374437 0.140732 -1.460917 0.867593 0.134324 -0.887685 -0.847787 0.601482 -1.397978 1.409633 0.908392 0.189460 -0.124816 -0.177552 0.306583 1.940738 -0.775607 0.808881 1.031572 -1.792241 -0.546803 0.479418 1.190826 0.540443 -0.798947 -1.556783 -2.494123 0.615574 1.447449 2.057898 1.087883 1.018795 0.763935 0.528341 0.761665 -1.119722 0.168655 -0.542880 2.115809 -1.515594 -0.783651 -0.925081 -0.835991 -2.297749 -0.239381 -0.552300 -1.731686 -0.290057 0.064549 1.815406 0.723606 -0.108381 -0.847932 1.109862 -2.469004 1.953816 0.362865 -0.098271 0.057552 0.675243 0.418997 -0.308252 0.189543 -0.751624 0.104732 -0.651755 -0.169613 0.804990 1.000000
36 1.204535 0.268849 1.280335 1.538630 -0.003907 -1.138148 0.543619 -1.441159 -1.464935 1.005651 0.275656 -2.764593 -0.833121 0.838363 -1.971217 -0.940915 0.682781 -0.477890 -0.853809 0.757428 -0.003553 -1.458179 -0.227981 -1.331573 1.857245 2.756416 -0.418684 -0.954622 -1.578978 0.991413 -0.547385 1.440693 -0.550967 0.353376 -0.458041 0.755387 -1.377515 1.917238 0.438627 0.494880 0.712684 -0.726850 -0.285717 0.244507 -0.134651 -0.987241 1.799159 1.928493 -0.154948 0.465872 -2.167978 0.121718 -0.767870 2.409094 -0.822188 -0.470358 0.467285 -0.185850 0.752186 2.184408 0.625919 0.079148 1.268407 0.752234 -0.890734 -0.180909 -1.305920 1.049582 1.329840 0.869675 -0.366989 0.096839 1.306971 0.383907 1.889261 1.136123 0.446930 0.611749 -0.069322 0.332851 1.304884 1.000000
37 -0.982803 0.506004 1.613513 -0.508925 1.495045 0.864205 1.059001 -0.801158 1.144297 -1.425256 0.026674 1.679657 -0.184388 -0.969046 0.211119 -0.587933 -1.094292 -0.894816 -1.415341 -1.062629 -0.046561 0.580321 -1.728499 0.642583 -0.052095 -0.844790 -0.397701 0.626410 -1.503024 -0.092594 -0.507215 -0.410733 0.372366 0.214946 -1.383590 -0.868989 -0.765883 1.416779 0.262895 1.499395 0.402421 0.066951 0.687803 -0.149661 -0.355240 2.009271 0.185283 -1.091097 0.842159 -1.150401 -1.213150 1.951436 1.216649 0.645012 -1.420108 1.057738 0.188210 -1.458479 1.065016 -2.017594 -1.593862 1.226056 -0.036598 0.117475 0.553517 0.034212 0.813344 0.309317 -0.922312 -0.374166 -0.841005 -2.225999 -0.568105 -1.318345 -0.750468 -0.543597 -0.852324 0.153587 -0.191331 0.323325 13.177303 1.000000
38 0.657530 -1.325897 -0.487335 -0.551111 -1.160455 0.786214 -1.137037 -1.061011 -0.492017 -0.257200 -0.062597 1.210888 0.409536 -0.389032 1.193765 0.973290 0.949104 -1.514313 -0.064855 0.710032 0.589850 0.171392 1.136541 1.069204 1.336839 0.234685 0.253835 -0.714009 -0.485715 0.017538 -0.560561 -0.403659 0.418184 -1.150350 0.060054 0.665060 2.789528 0.459670 -0.229740 0.027235 -0.560329 1.090884 0.117284 -1.109347 0.330250 -1.400871 1.171775 1.212502 0.533018 -0.955169 -0.147777 1.147969 0.379575 -1.103894 0.102310 0.793181 -0.389251 0.295330 -0.093265 0.862867 -1.131318 0.764319 0.174284 1.415673 0.546220 0.714114 1.940622 0.370690 -0.453919 1.439757 -0.477109 2.282342 1.041923 0.735742 0.725804 2.206594 -0.677042 -2.131112 -0.472292 -0.101491 0.811605 1.000000
39 0.794526 0.104133 -2.360385 1.008903 -0.050004 -0.306516 0.225269 0.729727 0.615119 1.673049 0.472618 0.903191 -1.931794 -0.548590 -1.377608 0.224584 -0.980266 -1.500723 -0.881206 0.310072 0.315702 -0.473110 0.394687 -0.217344 -0.277076 -1.087031 0.146223 -0.771150 1.012155 -0.583769 -1.688112 -0.332880 0.220355 -1.744931 1.645796 0.966244 -0.640263 -1.287807 0.257325 -0.847804 -0.208333 0.032626 0.039586 -0.075670 2.129060 -1.435838 0.667526 -1.780813 0.756035 -0.175019 -0.788138 0.326368 2.147124 -1.173206 -0.790530 -0.618442 -2.101312 2.656452 -0.282185 0.618311 -0.834210 0.249012 -0.461282 -1.253430 -1.072691 0.014745 1.600637 -1.981024 0.506154 -0.150198 -0.836628 -1.288006 -2.321557 0.115970 0.234158 -0.280503 1.189111 0.389487 -0.504053 0.433223 0.403646 1.000000
40 -1.152592 -1.779422 0.846396 -0.518573 -0.598310 -1.256272 1.107504 1.088436 0.069959 0.736434 2.627771 0.821623 -2.099585 -0.197802 0.119202 0.795634 0.304899 0.151726 0.211908 -0.770032 0.920688 -1.337104 0.366163 1.641079 -2.138451 0.162301 0.045164 0.442848 0.635537 0.288340 -1.295226 -0.482806 -0.537815 0.511610 -0.613917 0.743717 0.830514 0.742530 -0.689176 0.081032 -0.012967 1.404583 0.795936 0.107092 -0.203277 1.422418 0.117925 2.479051 -0.622075 -0.748203 -0.987171 -0.503721 0.062756 -0.067548 -0.411617 -1.157987 -0.295621 1.668697 0.039277 -0.910262 -1.821846 -0.974910 0.474564 -0.489775 -1.033950 -0.851238 -0.693293 0.077184 0.035015 0.879992 -0.039176 0.678816 -0.569651 -0.323632 -0.176280 1.184882 0.749638 -1.312213 1.741658 -0.926633 3.821775 1.000000
41 1.222852 -1.063724 -0.894193 -0.395557 1.359602 0.399992 -1.969340 0.489624 1.720685 0.601453 2.617769 0.409555 -0.022416 0.845352 -1.051981 1.599031 0.064332 -0.788658 -1.386761 0.783287 -0.207912 1.202200 0.767032 1.255143 -0.308790 -1.090640 0.356392 -0.200026 0.505620 -2.042803 0.974354 -1.434472 0.159619 0.649323 -1.050182 0.121726 0.175389 1.224810 0.769718 -0.106337 1.165609 -0.952979 -0.567538 2.348610 -0.693135 -0.208844 1.719315 0.184062 1.283188 -1.258658 0.328714 0.423045 -0.125474 0.929784 -0.828833 -0.911401 0.047060 -1.020339 -1.246495 -0.316397 -0.554735 0.068688 2.113286 1.082948 -0.686184 0.791105 -0.226897 -0.440088 -0.700489 0.797930 -0.139556 -0.907148 0.907700 -1.985677 0.476017 0.176265 -1.618578 0.606026 0.662625 -0.115281 0.560840 1.000000
42 -1.151126 0.048955 -1.083065 -1.765482 -0.070526 -0.910201 -1.488067 1.519689 -1.275961 0.091189 0.425774 -0.113034 -0.013234 0.864060 0.144186 -1.627474 0.434184 -1.997968 -1.050611 -1.135687 1.277334 -0.187239 -0.175357 2.213425 0.338527 -1.154826 -1.496206 0.610336 2.065776 0.698798 -0.356308 -0.217017 -0.245680 1.177153 -0.326620 -0.218111 -0.125082 0.394027 -0.654729 -0.572301 1.350803 0.179876 -1.603099 0.859791 -0.886009 -1.680076 -0.459575 -1.230770 1.148080 0.885169 -0.080645 -0.435470 0.987439 -0.227916 1.171189 -2.044448 -0.085129 1.107127 0.061714 -1.424963 -0.795476 -2.350347 -0.280920 0.251153 0.243978 -1.625816 0.849209 1.139431 1.174694 -0.743441 0.710976 -0.926494 0.772915 1.156622 0.530414 0.980844 1.682588 0.364581 0.382123 0.568811 16.876100 1.000000
43 -0.004221 1.318762 0.463045 0.670903 0.628579 -0.265767 0.533326 0.252497 -0.310000 0.464202 -0.109568 0.292306 0.677884 -1.557885 0.011476 0.693236 -0.805556 -0.044210 -2.171738 -0.346246 -0.103502 1.126525 0.863767 -0.230895 0.246967 0.152279 -0.167323 0.095121 1.331080 -0.864887 0.576883 -1.306211 0.429069 -0.465514 0.490965 -1.288023 0.733038 -0.972651 0.594145 0.351447 -0.729851 1.773504 -0.368240 -1.952634 0.050661 -0.886086 -1.649942 0.565432 -2.227181 -2.611398 -1.230505 0.580151 0.403647 0.224713 0.094736 1.594548 1.442712 -1.657334 -0.869966 -0.064183 -1.015384 -0.222185 0.161792 -1.001426 0.481933 -1.950318 -0.572897 0.799882 0.776215 1.064131 -0.492410 -0.456258 1.370023 1.040713 -0.551133 0.012165 -0.618711 -1.704276 0.161619 1.330230 4.182140 1.000000
44 -0.956379 -0.007552 0.260744 0.409976 -0.127243 -1.886016 0.744529 -1.060248 0.136395 -0.666897 1.714707 0.857126 -0.054861 0.836669 -0.468070 0.973109 0.366151 2.473023 -0.415098 -0.684584 -1.262785 0.151200 1.492549 -0.340562 0.599424 0.325480 1.072348 -0.223757 0.921066 0.867281 0.257504 0.755677 -0.083236 0.909455 -0.486491 0.676666 -0.291838 0.768886 0.011288 -1.796401 -0.220355 1.349692 -0.695878 -0.445812 0.142008 0.289811 -0.806284 -1.433101 -0.798962 -0.533422 -0.187309 0.593639 0.022498 1.098553 0.749998 -0.092352 0.088561 -1.535250 -1.319848 -1.211999 1.322766 0.648407 1.346621 -1.008841 -0.271950 -2.627501 -0.388582 -0.511275 0.488261 0.840151 -0.554718 -0.771138 0.086985 -1.400150 1.387724 -0.587296 -0.023180 -1.096889 -0.057499 0.599420 2.512411 1.000000
45 0.013611 2.228236 1.665570 -0.776896 0.256815 -0.427179 -1.480087 0.028249 0.002613 0.370075 -0.331859 -1.524532 0.002909 -0.928698 0.882515 0.098484 -0.139403 -0.879337 0.837455 1.175135 -1.133815 0.797629 0.788880 -0.723128 -0.123310 1.703240 1.349279 -0.468598 -0.239336 1.201274 -0.080607 -0.126599 2.368803 -0.365833 0.698061 -0.478867 -0.823759 -0.128266 1.433637 -1.469061 1.007011 0.017479 1.329217 0.130675 -0.727301 0.734400 -1.462837 0.521149 -0.796083 0.085390 1.278948 -0.544648 -0.307039 0.650903 -0.233679 -1.700582 0.262654 -1.758598 0.258936 0.831303 1.535435 0.390659 -0.499461 -0.155865 0.170467 0.792714 -0.827553 -0.508957 -0.390844 0.592920 -0.730976 0.544771 -0.810090 1.096936 -0.351822 1.310919 -0.304892 -0.157051 1.052171 0.187026 0.685184 1.000000
46 -0.751548 -0.339535 -0.858393 -0.766824 -2.476401 0.279055 -0.942162 1.197869 -0.758669 1.311962 0.503507 0.478453 -0.460106 -0.004837 1.576422 0.380084 0.673218 1.237232 -0.346410 -0.158526 -1.133489 -0.783704 1.445326 -0.970706 2.406218 -0.072853 1.340174 -0.410682 0.698980 0.300438 0.654905 -0.595899 0.556694 -0.342209 1.061354 -2.079571 0.034619 -0.974937 -1.810569 0.149942 -1.255236 -1.930995 0.732474 0.448745 0.590187 1.347623 0.232533 -0.002858 1.062847 -1.978443 -0.378623 -1.696393 0.434536 0.291658 1.060563 -0.254890 0.583356 -0.515143 -0.956345 -0.148969 -2.276505 1.789102 -0.250189 -0.904200 -0.544828 0.238326 0.644951 0.853244 1.383100 0.395101 -0.216312 1.430865 0.250798 -0.697950 0.794818 -1.581160 -0.629952 0.742379 -1.137729 0.720111 1.212644 1.000000
47 0.445297 -0.519733 0.279816 0.984555 -1.057816 -0.998067 0.821684 -0.442284 -0.161477 0.091694 -1.841182 -0.978411 0.544571 0.572842 -0.047390 1.274788 -0.436627 -0.076339 -0.333263 -1.249436 2.124914 -0.666662 0.095193 -0.210060 -2.271287 -1.233265 -0.828878 -0.013518 -0.763406 -0.247301 1.227713 0.522832 -0.670419 -0.134064 0.831716 -0.061468 1.091339 0.482905 0.152996 1.705673 0.222454 -1.177035 0.100819 -0.499563 -0.124979 1.172072 0.662074 0.978122 0.538161 -0.978144 -1.471894 -2.583975 -0.443226 0.185141 0.115475 -1.282745 -0.454064 -0.370503 0.409472 0.365525 -0.069556 1.194038 0.019582 -2.567715 -1.686075 -0.683191 -0.228816 -0.306766 0.298112 -0.163050 0.436667 0.381616 0.661402 0.475305 -0.801601 0.517550 0.106903 -0.167045 -0.551121 -0.730757 0.562101 1.000000
48 1.343381 -0.933980 -0.423688 -0.740045 1.596584 -1.286531 1.124342 -0.074024 -0.593005 -0.988974 -0.031692 -0.874625 -0.036876 -0.391572 1.185691 0.158650 -1.030623 0.181878 -2.464614 0.994580 2.015351 -0.070311 1.515207 -0.560094 -1.766379 1.837787 0.395114 -0.693856 -0.589178 1.080728 -0.907953 0.790625 -1.215504 -1.744564 0.279499 0.201220 -0.464486 -0.796048 0.450972 -0.875283 -1.220334 0.729427 0.376702 -0.736911 -0.113059 1.636526 -0.497035 -0.142412 -0.071463 0.289378 2.869617 1.697975 0.978821 1.151560 -1.104616 -0.537735 -0.132482 0.587910 -0.088921 0.965257 -0.564566 -0.682340 1.399616 0.704183 -0.375630 -1.557182 1.052529 0.218985 0.596088 0.452839 -1.586709 -0.519276 -2.170376 0.617402 -0.924783 0.276460 0.070461 -0.614177 1.784365 -1.172030 2.184432 1.000000
49 -1.475822 2.151079 -0.226782 0.586232 0.560524 -0.042494 1.491148 -0.557171 0.514963 -0.173730 -1.856743 -1.152026 1.323692 0.923985 0.617957 -1.521448 -0.299128 -0.226141 1.828868 1.001442 -0.343862 -1.606383 0.340983 -0.912085 -0.020142 -0.208925 0.349481 -1.904205 -1.079898 0.114292 0.092443 -1.323756 1.167599 0.786817 1.466114 -1.952257 -0.166315 0.230101 0.199684 0.217557 -0.922204 0.205450 -0.357357 0.268397 0.921738 0.780673 0.223378 0.218636 1.050315 -0.873897 -0.288998 0.186717 -0.801812 -0.663866 0.220445 -0.541931 -1.234080 -1.285145 1.561267 -0.165664 -0.172871 0.406494 -0.338958 -1.502940 0.752811 0.104992 -2.473271 0.994851 -0.844163 -0.007629 0.670845 -0.038894 -0.271960 -0.769758 3.100188 -0.457588 -0.489341 0.170331 -0.919577 -0.651584 15.221049 1.000000
50 -0.822109 0.217397 -0.248176 -1.117389 -0.865842 -1.590017 -0.526918 0.675490 -0.227953 0.874205 0.297606 -0.137195 1.560075 0.311013 0.615001 0.988579 0.039760 -0.978977 -0.181234 0.108598 -0.615625 -0.770116 -0.829132 0.509722 1.109603 -0.463918 2.418038 2.171062 -0.835433 -0.746245 1.380722 0.755658 0.909434 -0.325249 1.691451 0.897926 -0.375797 0.002620 0.413780 -0.299721 1.015241 -0.282893 -1.016801 1.246393 -0.395849 1.657179 0.054266 1.338953 -1.374596 0.517387 -0.389169 -0.544251 -0.289800 1.568408 0.575486 -0.162899 -1.665948 0.905564 0.174747 -1.145190 -0.314908 0.949185 0.614514 -0.408610 -0.803045 0.631632 -0.122422 0.919547 -0.641992 -0.458482 0.434470 1.998446 0.562005 1.882315 2.197299 -0.286393 -0.361620 -0.764837 1.126555 -0.067910 3.144139 1.000000
51 -0.422598 0.441208 -0.527345 -1.093862 -0.849575 0.257777 1.727613 -0.594823 -0.789325 2.330804 0.299851 0.544042 0.043282 1.170119 -2.233505 -0.735104 -1.439458 0.559549 -0.912272 -0.968204 -0.047258 1.343252 -0.734893 -1.147483 0.331379 1.416491 -0.673100 0.926809 0.556200 0.356218 0.345843 -0.404420 -0.265862 -0.294250 -1.031665 0.359983 0.510000 -1.991520 1.027299 0.843477 0.040733 0.194546 -0.203964 -1.521046 1.564098 1.679845 2.412104 -1.581641 0.739276 -0.631699 0.465726 -0.329830 0.614264 -0.033428 -0.065442 -2.186284 0.939388 1.907397 -0.655858 -0.987519 0.075444 0.047809 -0.570908 0.684916 0.952994 -0.189933 -0.600566 -1.665143 -1.279931 0.497889 -0.564512 0.184002 0.281724 -1.358893 1.597679 -0.894937 -0.146979 -0.133494 -0.725736 -0.174884 0.404320 1.000000
52 1.622252 0.615097 1.411570 1.442968 0.418311 -0.597869 1.204030 0.203873 -1.652969 -0.831652 -0.638783 0.909234 0.173923 -0.810671 -0.201016 -1.413276 0.532521 -0.489453 -2.021120 -0.355178 0.518214 -0.446001 -0.192950 -0.473238 -0.058961 0.712770 -0.226466 0.577782 1.943494 0.723941 0.454303 -0.143470 1.055663 -0.411038 -0.503592 -0.744294 0.747475 0.119605 -0.192377 -0.207512 1.663456 -0.809250 0.138999 0.163832 -0.972463 -0.452763 1.110356 -0.062341 -0.439754 -0.725416 -1.323024 -0.536101 0.552254 1.927229 0.516037 -1.374285 1.349664 1.350912 -0.310931 -0.283553 0.150166 0.664500 0.010709 -0.333106 0.046749 -2.217379 -0.471828 0.720396 0.804602 0.438055 -1.651075 -0.741129 -0.047701 0.187238 -0.706625 -1.063745 -0.066830 -0.097805 0.018571 1.700830 3.912455 1.000000
53 -0.249525 -2.395031 0.562128 0.221302 0.395170 -1.946010 -0.581650 0.707231 -1.292673 -2.083695 -0.106503 1.066971 -2.122840 -0.216471 0.944203 -0.751409 0.411359 0.063075 -0.773890 -1.160543 0.787967 -0.099788 0.699302 -1.275422 0.023435 -0.739879 -2.045183 -1.266691 0.875726 -1.156010 0.050831 -0.974315 -0.894872 -0.388536 -1.245221 0.013295 0.665118 -0.144523 2.158677 -0.333578 -2.487248 -0.497987 -0.530472 -1.544727 0.252512 -0.027024 -0.033688 0.556266 -0.752032 -1.191733 1.235166 -0.845958 -1.585691 -1.508467 2.238339 -0.104108 -1.668173 -0.533310 -0.212743 -0.957219 -3.227557 0.486009 -0.358686 -0.144091 3.497317 -1.066666 1.944377 0.395424 1.848297 0.876729 -0.819763 -0.588836 -0.787816 1.874413 0.233968 0.796824 1.131150 -1.885402 0.771596 0.440037 13.875497 1.000000
54 0.674150 1.632659 0.786352 -2.638996 0.495664 -1.123333 -0.782940 0.615668 0.054673 0.860536 -1.162415 -3.041261 -0.211791 0.834627 -0.686110 1.117804 2.018866 1.372199 -0.130410 0.467040 0.230825 -0.504766 0.680946 -1.011171 -1.071655 1.046946 -3.431186 -0.813766 -0.547517 1.298655 -0.319192 1.350353 1.535189 -1.616801 0.604389 -1.232678 -0.426443 -0.744883 0.063791 -0.664528 0.399786 0.060605 0.126575 -0.168805 -0.006038 -1.296310 0.355887 1.243301 0.415511 -0.430020 -0.361957 1.787952 1.438100 -0.417932 0.551475 1.773325 -2.243849 -0.158323 -0.028687 1.017632 -0.475601 0.075896 0.547379 0.177200 -0.265384 -0.747882 -0.197389 -0.372885 -1.006019 -0.936361 1.753197 -0.395869 -0.973498 -0.569578 -0.543127 -0.128848 -0.209503 -0.727329 0.904924 1.279903 0.695401 1.000000
55 0.643596 -0.462524 -0.230460 0.634571 0.131023 1.862410 0.519112 1.794475 -0.656323 0.813535 1.538151 1.119208 0.980139 1.426767 0.386989 0.555142 -1.218829 0.781067 1.924664 -1.319815 -0.718652 -0.853138 0.281592 -0.260713 1.041827 0.498212 0.771224 1.337696 -1.365782 0.231186 -0.909026 -1.421432 0.657469 -0.657925 -0.841893 -2.319984 -0.324521 0.013610 0.195112 -0.592372 -0.464439 -0.105042 0.824244 1.986748 -0.865224 0.144767 -1.080724 -0.981264 0.581495 -0.864745 0.552735 -0.619952 -0.332370 -2.142711 0.623400 -1.050381 -0.703513 -1.430042 -1.256148 0.534336 -0.494665 -0.764786 0.278137 -0.186649 -0.374452 -0.224503 0.157168 -0.675888 0.049383 -0.698600 -1.295924 0.521312 -0.512721 2.189911 0.232016 1.091967 0.108210 0.391957 0.171484 -0.210330 1.896032 1.000000
56 -1.160067 0.531116 -0.904897 -1.834661 0.618552 0.528344 0.473868 -0.059758 1.420577 -0.959730 -0.264018 -0.390312 0.541262 0.226170 0.214582 -0.315372 -1.113213 0.797198 -1.457151 1.075354 -0.521985 -1.721559 0.068956 -0.490181 -0.653906 -0.377439 0.730212 0.189738 1.630600 -2.117707 0.337269 1.054738 0.543924 1.455896 0.545651 0.722987 0.458744 -1.494320 1.200405 1.254669 -0.724978 -0.672030 0.322623 -1.934274 0.137372 0.968944 0.454277 1.033341 -0.759254 -0.472333 1.993565 1.011154 -0.398739 -1.290172 0.773087 -1.298781 -0.104253 -0.236138 -0.145404 0.013360 -0.717148 -1.728494 0.803404 0.370264 0.707462 0.622359 0.567069 -0.063075 1.048124 0.389506 -0.714250 0.209911 -0.596794 0.409287 0.134646 0.301067 0.442102 0.320456 -0.831966 0.349286 0.993851 1.000000
57 1.474022 -0.243817 -0.328993 1.276644 0.026416 -0.183988 0.436894 1.199775 0.080519 0.676233 -0.017818 -0.030248 0.021760 0.081072 1.072599 0.545534 -1.267063 -1.694638 1.301850 -0.635035 -0.063061 0.747446 -0.414872 -0.204593 0.394504 0.669557 -1.336238 0.985109 0.080211 -0.565092 -1.317443 1.295853 0.727308 0.132002 -2.370662 0.064417 0.152158 -0.351109 0.107144 -0.363091 -0.196089 -0.794876 -0.646316 0.120860 0.233126 -1.724034 0.395971 -0.865504 -0.781550 -0.411606 -0.602685 1.054798 0.102698 0.182010 0.719627 -1.055965 -0.248665 -0.435661 1.043871 -1.215359 -1.057977 0.260627 0.822412 -0.006174 -0.489588 1.073109 1.236107 -0.162452 -1.298703 -0.065963 -0.539082 -2.776192 1.387874 -0.362981 -1.031690 0.756340 -0.479729 0.123518 -0.128514 -2.587223 3.656317 1.000000
58 1.464090 -0.588642 -2.291933 -0.917922 1.325793 1.370196 1.281585 -0.694016 -1.591654 0.962776 -1.051934 0.507819 -0.726969 -0.873181 -0.057904 -1.256239 -0.711315 1.132428 -1.702041 0.012258 -0.312674 0.888237 0.866179 0.338997 -1.086100 1.488966 -0.656113 -0.310555 -0.254773 0.544856 0.268867 -1.659876 0.738303 -0.248646 -0.089371 -1.505032 -1.127765 0.688456 -0.227126 0.164446 -0.450755 0.156181 0.933713 1.275832 0.055811 1.206145 0.312832 -0.764548 -0.261812 1.055831 1.909316 0.457893 -1.735853 -0.950123 -1.509892 0.871978 1.405711 -0.006379 -0.571110 0.497536 -1.411804 -0.253577 -0.856585 -0.635488 1.570932 0.479127 1.653706 -1.112835 -1.360546 1.194866 1.265581 0.170908 0.847090 0.776790 -1.706020 -0.085765 0.797889 -0.123992 0.381467 1.760507 6.687268 1.000000
59 0.808582 0.446850 0.303326 0.047687 -0.295219 -0.531794 -0.569378 0.372900 -0.237654 -1.085092 0.996301 -1.053086 -0.651562 0.334767 -0.461904 -0.601321 -1.018431 -1.028767 1.782636 -0.777065 -0.393934 -0.123126 -0.791241 -1.877259 0.527766 -0.265411 1.255806 -2.746982 0.012289 -0.458291 0.412609 1.099261 0.536655 -0.994903 0.147093 0.028882 1.216196 -0.861232 1.604909 0.171008 1.893532 0.454660 1.104527 0.875753 -0.551787 -1.049275 -0.437271 -1.162109 -0.757937 0.981192 0.423053 1.246111 -0.249148 -0.198539 0.705715 2.349545 -0.189126 -0.279005 -0.271952 -0.117867 -1.037258 0.536584 -0.475660 1.812628 1.833004 -0.268803 0.724987 0.576745 -0.265373 1.626399 0.463040 -0.167185 -0.966548 -0.474436 0.996086 0.092948 0.185900 -1.440675 -0.767141 0.866386 0.115679 1.000000
60 1.386709 -0.521171 -0.262063 0.987122 -2.270578 1.069331 -1.098519 0.910581 -0.245418 0.208317 1.961729 0.046961 1.171696 -1.107867 2.061808 1.708496 0.927375 1.559658 0.171869 -1.118168 -0.195245 0.680262 0.003739 1.478797 -0.193842 1.150651 0.442223 -0.861799 -0.166437 1.724623 -1.150667 0.798698 0.491544 1.129908 -0.625929 1.567252 0.941875 1.123648 1.076461 -0.503857 0.539704 -1.292921 0.081578 -0.382703 0.218936 -0.405574 1.179554 -0.395619 0.454416 1.285668 -0.668383 -0.062305 -1.370823 0.023126 -0.180704 -1.866393 -1.311745 -0.445561 1.473241 -0.120155 -2.852215 1.040583 1.505082 0.053385 1.420441 -1.077691 0.064546 0.604017 0.842861 0.252797 0.635491 0.447278 -1.090395 -1.313654 -0.455057 -0.309084 -0.037624 -0.791391 2.394768 -1.108709 0.518227 1.000000
61 1.038250 -1.099549 -0.720366 0.723889 0.474807 0.708283 -0.722216 0.860457 -2.731370 -1.456912 -2.355566 0.486624 -0.234486 0.411743 1.447192 -0.212510 0.668150 -0.147717 1.383381 0.312791 0.214891 -1.352455 -1.606620 -0.713218 1.266332 1.578153 0.327760 -1.583815 -0.234719 0.654828 -1.365848 -1.920774 0.358532 0.122817 0.272850 -0.651593 -0.023231 -0.047608 -1.583363 -1.274074 -0.387897 0.200654 0.817002 2.758500 0.232593 1.110337 -1.160604 0.116227 -0.191847 -0.224601 -0.244524 0.810716 -0.878196 -1.022050 1.713810 -0.170353 -0.032625 1.837874 1.355900 -0.428829 -0.224040 1.768713 0.100588 0.015244 0.618687 -0.847752 -0.143209 0.557842 -0.732380 1.307298 -0.921557 -0.161302 -0.775371 1.496453 -0.606466 -0.379891 -1.345289 1.013143 0.569025 0.021120 0.082723 1.000000
62 -1.363136 -1.186011 1.805531 0.887890 -1.240803 1.642632 -0.009529 -0.284598 -0.253085 1.837278 -0.342393 1.049348 0.711990 0.667456 -1.363176 -1.020694 1.722742 0.248935 0.425298 0.832923 0.448513 0.834666 1.210568 1.022846 -0.504615 -0.080294 0.112406 1.144814 -1.696164 0.968999 -0.088121 -0.930084 0.107072 -1.972899 -0.948948 -0.116832 -0.337090 1.748401 0.214841 -0.685205 0.165978 0.660263 -0.561209 0.529183 -0.423557 -1.156636 -1.154770 0.632319 1.409134 0.447694 -2.282442 0.003730 1.247991 1.273808 0.643122 -0.573972 -0.187732 1.193639 1.744386 -1.534244 -0.274725 1.563024 0.718125 -0.557694 -0.044354 1.249667 1.538953 1.221835 -3.141605 1.299844 2.337827 0.579579 0.059824 -0.026800 0.032226 1.202648 -0.811727 0.670852 0.770269 -0.147734 10.034991 1.000000
63 -1.329825 0.326247 0.022192 0.906442 0.801123 2.458613 -0.171016 0.032800 0.929251 -1.815149 -0.120327 -0.532538 0.878439 -0.395059 0.713550 0.267069 -0.139400 -1.012145 -1.533765 -0.209668 -1.087358 0.150459 1.902920 0.658514 0.838204 -1.749909 0.837230 0.539346 -0.076670 -0.399051 0.105565 -1.047443 1.602341 1.116546 1.104205 0.602592 -0.119292 0.688952 1.859047 0.912946 0.202516 -1.190660 -1.307219 -0.028653 0.690327 -0.216053 -0.465965 -0.248565 -0.605588 0.784085 0.369135 -1.324315 -0.685844 1.007561 0.898066 0.422587 0.271903 0.215326 0.837397 0.382538 0.323176 -1.801396 0.446052 0.197840 1.335770 1.233303 -0.380540 0.709610 -0.984454 0.744948 -0.186336 -1.500177 0.074072 0.751217 1.130685 -1.687165 -1.008471 -0.084583 -0.554105 -0.828163 1.009870 1.000000
64 0.280157 0.625958 0.221050 1.670077 0.615366 0.229936 0.383639 -0.742652 -0.009339 1.189006 -1.388906 -1.846257 -2.246549 0.318190 -0.041913 1.099471 -0.566649 0.468059 -0.766138 1.122720 0.087577 0.810740 -0.651087 -3.294046 -0.054524 -1.638586 -0.223620 0.334466 -1.296338 -0.634575 -0.866134 0.321296 -0.043742 0.268923 0.502233 -0.350432 0.501392 -0.831264 0.219019 0.684569 -0.670653 -0.261885 1.443065 -0.269326 0.931799 -0.743959 0.278579 0.329824 1.062164 0.714432 1.351549 -0.694256 1.179449 0.776438 -2.240217 2.109428 0.669554 -0.378801 1.075661 0.904925 0.522515 1.277996 -1.678241 1.488866 0.778738 0.740113 -0.113858 0.413335 -0.766873 0.553358 1.845511 0.403781 0.675489 -0.720704 -0.933418 -1.758348 -1.195993 -1.155349 0.504225 0.724765 7.919997 1.000000
65 -1.600905 0.444936 -0.620735 1.159199 -1.397803 -0.565306 1.595364 0.000763 -1.239805 0.406131 0.231663 -0.797940 -0.386248 1.247868 -0.571789 -2.195880 -0.575204 0.082988 -0.527811 -0.480802 -0.253293 -0.254035 -0.167237 1.247069 -1.986118 -0.159041 0.439765 1.216948 -1.059361 0.447697 -0.376048 0.241212 0.690014 0.824206 0.992258 -1.329881 -1.171645 0.156524 0.397835 -0.624852 0.525405 -0.616813 -1.881980 -1.024002 1.205165 1.375581 -0.029518 -0.309842 1.066795 -0.363257 0.383072 -0.328512 -0.873819 0.672474 -1.683277 -0.180877 0.897048 -0.005388 0.994630 -0.171567 1.765094 -0.871199 0.473445 -1.003430 0.336789 -1.260770 -1.056681 -2.176006 0.485946 0.007599 -1.534992 -0.686593 0.487199 0.808051 -0.496833 0.095668 -0.302378 -1.463582 -0.938905 -2.430952 10.213160 1.000000
66 -2.167077 1.536584 -2.209157 -0.468567 -1.133134 -0.744058 0.411678 0.598857 -0.915425 0.014151 0.011439 -0.823006 -1.807789 0.356271 0.957872 -0.637104 0.325323 -1.276367 1.449778 -0.761666 -1.066319 -0.449280 0.171136 2.060100 0.515529 -1.462018 0.241643 0.422335 0.241082 0.308319 1.582408 0.153071 1.356223 -0.662963 -0.036359 -0.715269 -0.594552 -0.986847 -0.614608 0.568226 -0.700486 -1.409903 0.527900 -2.002914 -0.161755 -1.453257 0.600453 0.851807 -0.755667 -1.471613 -0.069888 -0.858154 -0.825559 1.615680 -0.645169 -0.942293 -0.302119 -1.730446 0.256438 -0.447465 -0.525948 0.429743 -2.038949 -0.605507 0.226924 1.488629 -0.703156 -0.246978 0.293726 0.641250 -1.100962 -1.327096 -1.787728 1.146296 1.407415 -0.062687 -0.402016 0.029489 -0.904926 0.811512 9.777682 1.000000
67 0.410373 0.792805 0.557795 1.544997 -0.283863 0.483080 0.854313 0.616361 0.938601 -0.092458 -0.993101 -0.056186 -0.226917 -1.041311 -1.350422 0.444965 -0.524610 -0.099977 -0.887454 -0.304013 0.425300 0.006068 -1.320576 0.471655 0.635566 -0.159392 0.104244 1.406009 0.071174 -0.326645 0.844196 -0.905948 0.989841 -0.383373 0.744186 -0.346988 -1.626416 -0.321385 0.199452 -0.421724 1.406392 -0.474028 0.596796 0.214857 1.247811 -0.019376 -1.323327 0.037933 -0.399828 0.918060 -0.506656 -1.576593 -1.234055 -0.513352 0.162641 -1.260010 -1.595119 0.910105 -1.047046 0.444613 0.000754 -1.642142 0.088540 0.007205 -0.355767 -0.883881 0.629585 -0.738852 -0.193892 -0.882458 0.153544 0.238145 -1.195434 -0.079005 -0.218153 -0.362675 -0.555820 0.361132 0.587510 0.169312 4.560191 1.000000
68 -0.665637 -0.477798 1.543100 -0.632132 -1.080325 0.823874 1.197825 0.215173 1.896938 0.630721 -2.771438 -0.772773 1.847410 0.601939 -0.085650 -0.821871 0.167359 -0.614203 -0.526194 -1.990299 0.038112 -0.267230 0.995341 -1.048844 0.111222 0.415923 0.656231 -0.486245 -0.096785 -0.725997 -0.413668 -1.029840 1.604635 1.069881 -0.533124 0.700648 -0.465223 0.231374 -0.659863 1.011440 0.600910 1.909599 -1.846445 -0.795382 -0.865839 0.012580 -0.066293 -1.312586 0.917186 0.885794 -0.807819 -0.787684 1.256920 -0.732270 0.255937 1.119377 1.006190 0.391280 -0.665840 0.724250 0.619847 -1.673863 -1.297379 0.070013 -0.811840 0.252888 -1.656146 -2.168980 0.746412 0.490108 0.924743 0.263580 -0.676657 -0.227371 -0.139253 0.605896 -0.801721 -0.416122 -0.237252 0.663425 3.640996 1.000000
69 -0.153580 0.406671 -0.884812 -0.501260 1.894841 0.876008 -0.116022 0.518032 -1.581143 0.360843 0.041848 0.178262 -0.714019 1.621103 0.109716 -1.573286 -2.069346 0.789080 1.284115 0.921986 -1.200486 1.981942 1.350985 0.323566 0.647827 1.113275 -1.250799 0.648479 0.360532 -0.702691 -0.650811 -0.350617 0.214858 -0.762299 -0.348104 -1.708489 0.414005 -2.341899 -0.771884 -1.375548 -0.167212 1.956270 1.407640 -1.820391 0.633553 -1.217014 -0.329739 0.403252 1.518638 0.784846 -0.148928 0.124169 0.603210 0.837677 0.655696 0.831852 -0.362600 0.694025 -0.190820 1.319825 0.845306 -0.223923 0.090538 1.510536 1.307344 -0.486002 1.429353 0.973660 0.724681 -0.487771 0.890283 0.374236 0.820235 0.227263 -0.966562 -0.058335 -1.583582 -0.662474 -0.873279 0.183486 4.866784 1.000000
70 0.998291 -0.457777 -0.565511 2.219237 0.963480 -0.548997 -0.698488 -0.389755 -0.670974 -0.666970 0.025751 1.006878 0.442000 0.225298 0.103465 -0.262626 0.539084 -0.054084 0.582484 -1.164948 0.274627 -0.326291 -0.655606 -2.071947 0.071186 0.586698 -0.241049 0.085257 -0.889244 -0.562088 0.664070 -0.363874 -0.429024 1.128418 0.605668 0.510230 -2.120730 0.331403 -0.719624 -0.809700 1.034035 0.981286 -0.217165 -0.854380 0.297565 -1.159895 -1.397722 0.027355 -1.850167 0.144651 0.494707 -0.004620 -0.478589 -0.364350 1.818660 -0.284509 -1.307018 -0.965818 0.127793 1.091060 -1.140981 0.859453 1.858944 -0.283215 1.718871 0.006382 -0.993530 -0.352528 -0.887688 0.416963 0.167263 -2.099602 -1.130225 -1.244079 -1.141269 0.555422 0.255009 -0.438388 2.893140 -0.058650 3.284264 1.000000
71 1.015953 0.355167 -1.043331 -0.279360 0.198342 0.615429 1.695138 1.516043 0.652734 0.161008 0.520435 -0.419399 -0.686806 -0.733976 0.639547 1.337927 -2.258721 0.547403 -1.011398 -1.854053 0.047346 -0.341538 -0.753113 -0.162327 0.341571 1.052077 -0.836984 0.081765 -0.220021 -0.253586 0.316782 -0.201649 0.219817 -0.015355 -1.973365 -0.396808 1.758936 1.306613 0.227485 0.679819 -0.190953 -0.526724 -0.038661 0.714519 -0.469080 0.112104 0.379409 -0.889064 0.836427 -0.582079 -1.914681 -0.011054 0.534140 0.315887 -1.287991 -0.305115 -1.169642 -0.254184 1.215473 0.428855 0.267552 -0.825896 0.281626 -1.050297 -0.147570 2.122259 1.150149 -0.466557 -0.030296 -0.277140 0.174978 -1.027763 -0.579736 0.001692 -1.777856 0.815572 -0.694147 0.439743 -0.436170 -0.087935 0.569966 1.000000
72 -0.118963 0.268009 -0.392484 0.279283 1.201363 1.063498 -1.250477 -0.380576 0.425673 2.152793 0.588603 -0.783096 -1.631334 2.445040 -0.089084 -0.902658 -0.754176 0.191447 -0.491800 -0.671458 1.175307 0.237219 -0.609423 0.355191 0.195500 -0.946091 -1.348103 0.863900 -1.281340 0.030152 -0.290012 0.383991 -1.380067 -0.188938 0.030398 -0.172494 -0.178601 0.908628 0.300959 -0.822878 0.550626 1.596014 -0.802610 -0.175260 -1.047743 -0.014467 1.016488 -0.945674 -1.822696 0.098751 -0.556749 -1.593414 -0.411857 -1.294886 -0.181352 0.379368 1.022727 0.564363 0.148828 -1.352244 1.159918 0.901435 0.400315 1.898891 1.624946 0.304187 0.231738 -0.521172 -0.371869 0.728692 -0.723431 -0.895656 -0.355703 0.628066 -1.114164 -0.510609 1.026913 0.663140 -1.989580 0.079628 6.602059 1.000000
73 -0.617848 -0.986685 3.408144 -1.518474 -0.679264 0.406206 1.925002 0.829967 -0.259797 1.359074 -0.516848 -1.011152 -0.211638 0.337041 1.354328 -1.014322 -1.874340 0.190725 0.256362 0.679618 0.130113 -1.485865 2.061910 -0.271018 1.071805 0.048404 2.203386 0.297501 1.168732 -0.623086 0.898127 -1.035463 -0.651706 1.327961 0.736031 0.298474 -1.016601 0.298921 0.542783 -2.126785 0.390554 -0.174315 -1.403450 -0.284490 -0.270183 0.269195 1.143648 -1.495411 -2.012654 -0.417201 0.060667 0.111061 0.679527 -0.453694 -0.016615 -0.605568 0.453716 0.216183 0.898310 0.066594 -0.390307 1.246811 1.150981 -0.668281 -1.355193 -0.904538 1.181200 0.602656 1.282492 -0.997676 -0.692374 -0.505451 0.235187 -0.181815 -0.425381 -1.394443 -1.601469 -0.504859 1.830468 0.592970 0.880902 1.000000
74 0.520245 0.658546 1.502468 0.851026 1.024562 2.028054 1.392799 2.259463 1.239674 1.295504 -1.550814 -0.412711 0.344878 0.301412 0.535906 0.978323 -0.072698 0.034731 -0.254157 -0.672728 -0.224006 -2.264688 1.096100 -1.056233 0.305463 0.753179 -0.391797 -1.227706 -0.551136 0.113382 -1.112386 1.596486 1.359756 -0.248951 -0.126376 0.335703 0.211501 -0.372562 0.455543 0.123407 -1.137876 0.813540 0.309018 0.611072 -0.619978 0.748990 -0.442969 0.844770 0.637732 0.495734 -0.082732 -0.038629 -1.683514 -1.186859 -0.790495 -0.423943 -0.872789 0.435292 -0.737785 -1.252810 1.442895 -0.146291 -0.811840 0.341592 0.139339 -0.422012 -1.254251 -0.629607 -0.879640 1.136970 0.311349 -1.436507 -0.400139 0.761441 -0.313075 -0.264519 0.230596 -0.347264 0.950825 0.233106 2.396412 1.000000
75 0.062767 1.621787 0.973174 -0.547202 1.578737 -0.121751 0.072166 0.673890 1.638124 0.934149 -0.530381 0.282364 -0.664946 -1.866510 -1.454399 -0.330006 -0.925703 -0.612223 0.562209 -0.355741 -0.519034 1.664875 1.159784 0.843961 -2.433196 -0.522720 -0.769792 -0.534362 0.157751 1.354149 0.072845 0.154348 0.751819 1.231852 -0.447908 0.161632 -0.583176 1.716567 0.366168 0.504702 -0.006468 1.686648 0.315859 1.235732 0.389844 0.976897 -3.353940 -0.469265 -0.815651 0.603957 -1.204661 1.541792 -1.845979 0.239367 0.124068 -0.655076 -1.485176 -0.948639 0.848265 -1.120681 0.290067 -1.886986 -0.853352 0.257430 -0.154141 1.333376 0.422253 -0.586519 1.203866 -1.232066 -0.855312 -0.584028 0.353922 -1.067376 0.143397 0.186258 0.959667 0.610639 1.063763 -2.045386 7.014731 1.000000
76 -0.852705 -0.181831 0.410327 1.629344 0.476822 0.332418 0.911773 2.131051 0.093415 -0.601640 0.307511 -0.456698 -0.420158 0.668262 -1.699926 -1.242588 0.419590 0.461528 0.337284 -2.060879 -1.041305 -0.080688 0.115654 0.841306 1.343448 -0.992481 -1.583350 0.827748 0.195159 0.606698 -0.113446 1.694324 -0.144587 -0.185818 1.941070 0.396997 0.435135 -0.168966 0.531362 -0.519687 -0.009200 0.748570 -0.296448 -0.986546 -0.150582 -0.478652 0.726186 0.846836 -0.173878 -1.087676 0.009895 -0.730564 0.519794 -1.058937 -0.974108 0.802491 0.033919 0.463638 -0.296181 0.009281 -0.782195 0.489155 -1.680548 -1.094149 -0.236292 -1.492669 0.655862 0.140179 -0.083115 1.830508 0.306976 -0.281797 0.645776 -0.596558 -0.893326 -0.228014 -0.685305 2.135909 0.436865 0.112623 2.282846 1.000000
77 -0.394544 1.041430 1.350669 -0.307808 -0.415333 -0.064068 2.276525 -0.648567 -2.023502 -0.463202 -0.741307 1.325032 -0.894044 1.173804 1.176079 -1.541091 -1.326387 -1.804782 -0.606271 -0.127549 -0.045391 -1.006746 1.207290 -1.648920 1.333388 0.075882 0.332049 -0.377434 0.475029 0.795654 -0.829948 -1.637476 1.019947 0.634269 -0.453445 -1.914830 -1.036986 -0.189358 0.198750 -0.988129 -0.700169 0.014527 1.036289 1.464497 0.494081 -1.027198 0.230093 0.416000 -0.316310 1.676368 0.291174 -0.087371 0.727497 -0.170655 1.016041 0.782158 -0.132226 -1.970802 -2.005561 -2.132718 -0.519227 0.212893 0.583218 0.633323 2.023123 -1.351413 0.063320 1.300588 0.639169 -2.018197 2.957343 0.237969 -1.126201 0.192341 0.848164 0.561502 -0.310063 0.208579 -0.910770 -0.477562 7.737737 1.000000
78 0.050373 0.411579 2.115726 -0.968687 -0.817756 0.006964 -3.826533 1.344507 0.436262 0.153214 -0.893397 -0.405007 0.280750 1.594054 0.560543 -0.383301 0.716871 -0.893169 -1.291221 2.488753 0.116113 -0.235592 -1.817914 0.329092 -0.153188 1.939347 -0.429004 1.274553 1.319250 -0.525375 1.801394 -0.370674 -3.590688 -0.842191 -0.830922 -0.834760 -0.716449 2.238238 -0.693470 -1.080896 1.017973 -0.563613 -0.089688 2.056467 -0.584450 -0.873976 -1.355357 -0.329710 0.459524 -0.044932 1.193364 1.513686 0.013682 -1.397822 -0.664369 -0.214484 0.382864 1.548102 -0.604701 -1.197298 -0.083266 1.335511 0.324130 0.887925 0.195764 -1.925310 -1.388082 -2.364956 0.962191 0.827803 -1.785013 -0.297625 -0.004804 -1.487262 -0.920280 0.346479 0.269056 -0.471953 -1.203718 1.204120 5.292338 1.000000
79 -0.758890 0.872746 0.495277 -1.002300 -0.035745 -1.377801 -0.235483 -0.706891 1.366845 -0.521386 -0.433660 1.275820 2.543102 -1.034481 1.118758 -1.503125 0.035491 -0.113846 -0.523585 0.359040 0.598306 1.543249 -1.687294 -0.595902 -0.410488 0.025382 -0.546868 -0.408928 -1.116643 -0.767798 1.294494 -0.966288 -1.156948 0.776284 -1.328140 0.176768 -2.353469 0.301189 -0.211655 0.587437 2.514912 0.328478 -0.136653 -0.203970 -0.123537 -0.290039 0.048484 1.292739 -1.754642 1.750369 0.462938 0.763998 -1.179351 -1.884675 -0.080867 -0.372923 -0.522272 -0.870414 -0.550877 0.005705 -0.516540 1.072353 0.984319 1.027044 -0.584662 -0.433863 -1.841514 -0.792364 0.165040 0.364343 -0.104502 0.006492 -1.980613 -0.412279 -0.227831 -1.137520 -0.154987 -0.611178 -0.732899 0.227046 21.937347 1.000000
80 1.456742 -0.646343 0.318257 1.864107 -0.221397 -0.092147 -0.065569 0.206500 0.841164 1.175031 -0.604100 0.520599 -0.356453 1.591210 -0.290110 -1.266619 0.459883 -0.641763 0.124276 0.734369 0.967734 1.398493 0.789314 1.307974 0.375307 -1.326670 -2.220004 0.124864 0.247480 -1.312147 0.929907 -0.379932 -0.185631 0.104605 0.085409 -0.171654 -1.923020 0.215957 -2.580594 1.196988 0.193646 0.630671 0.493918 -0.076763 1.265169 0.675046 0.492774 -0.735976 -0.126934 -0.727011 0.024653 -1.239261 0.185029 -0.478607 -0.266166 1.072036 -0.487193 -0.211702 -0.135727 1.273145 -0.836559 -0.317631 0.350236 0.366439 -0.907998 1.338098 -0.576983 -0.075028 0.278210 -0.364437 0.814360 0.169665 -0.220243 -2.993146 1.209889 0.059561 0.512234 -1.347892 1.549581 -0.214389 3.554155 1.000000
81 -0.528988 -0.554473 0.320586 0.310439 -0.812616 -0.795097 -0.238844 -0.595418 2.160260 -0.754415 -1.308096 -0.348560 -2.428412 0.298575 0.256250 -0.634725 -0.646698 -0.256039 0.052014 0.310885 -0.138697 -0.497853 -0.909239 -0.514746 2.528650 -0.487947 0.326334 -0.015142 -0.241002 0.880730 -0.829587 0.826592 -0.496984 0.783571 -0.712231 1.306681 0.029379 1.916852 0.422429 1.371666 0.033411 -0.078857 -0.816619 1.083001 1.001959 -1.246208 -0.833283 0.827561 0.011434 -0.175019 -0.453826 2.215502 1.199099 -0.502033 -0.338546 0.414222 -0.542830 -1.206932 -1.118642 -0.280418 2.506757 2.772042 -0.163075 -0.730257 0.364262 -1.202092 1.131862 -1.213162 1.048913 -0.742000 -0.108522 1.514162 1.866096 0.453756 0.628997 -0.739645 -0.215183 0.700310 -1.248741 -1.036036 0.157821 1.000000
82 0.017440 -0.029745 -0.744982 0.054977 0.334247 0.028654 1.565095 -0.255736 -1.511355 -0.074689 2.007069 1.138937 0.499438 -0.333596 -0.471577 -0.395482 -0.129997 0.573646 -0.217120 -1.281746 0.450675 0.894178 -0.663222 0.671540 -0.030155 1.623937 -0.102079 -0.387056 0.010376 -0.683435 -0.621135 -1.574077 -0.639639 0.505869 0.528306 1.460795 -0.546872 -0.350829 0.890596 0.824457 -0.227442 -1.882590 2.087495 -1.221451 -1.300097 -0.652286 -0.500985 0.965226 -0.725749 0.667718 1.363016 -0.545472 0.980420 -0.120205 -0.890376 1.672292 0.795781 -0.831785 1.282219 0.509639 0.463869 -0.016038 -0.734928 -0.492120 -1.186211 -0.879266 1.563913 0.352561 1.001469 -0.489718 0.983291 -1.483642 0.213409 0.223691 -0.525638 1.276595 -1.798640 -0.503126 -1.288420 -0.435853 0.120681 1.000000
83 0.635288 -0.117480 0.905814 0.510685 1.462812 0.388032 -0.376177 1.123176 0.478185 -0.353835 0.053819 -0.259317 -0.068607 -0.710656 -0.171672 -0.545983 -1.755934 -0.940714 -0.093080 1.821910 -0.435068 0.173050 0.580403 -1.271673 -0.212864 0.297790 -0.527418 -0.359041 0.340601 -2.225912 -1.011875 -0.712002 0.539374 0.372542 -1.243817 1.093732 -1.099911 0.134258 0.429589 0.161790 -0.401315 -0.318176 0.582763 0.252646 1.763278 -0.462361 -0.697239 1.043123 -0.031341 0.777633 0.573705 0.687423 0.456984 0.502529 0.326371 -0.494184 -0.223383 -0.026730 0.023933 1.115361 0.998763 -0.217328 -0.541212 -0.916611 1.089042 -1.273849 0.788658 -0.154581 1.765626 -0.352098 -0.407840 1.054528 -0.763403 -0.537712 -0.336818 0.484709 0.547482 -0.349774 0.270343 1.405283 0.231421 1.000000
84 -0.731857 -0.024244 -1.627201 -0.470379 -0.579848 -2.604077 -3.727714 -0.820709 -1.224030 1.198944 -0.402584 -2.050298 -0.308528 0.171032 0.340676 0.300648 -0.158206 -0.602262 -0.912366 -0.356885 1.321161 0.975399 0.250637 1.348038 -0.437789 1.139685 -1.310973 0.802686 -0.897243 0.090632 -2.725526 0.337918 -0.591707 0.083982 0.117773 0.812617 1.245535 1.138375 1.837397 -0.327562 -0.314608 0.518338 -0.413882 -0.459814 -1.228231 -0.199801 -1.672196 0.421774 -2.257819 -0.651418 -0.950262 1.856010 -1.323222 -1.803137 -1.593209 0.968422 -0.084459 -1.230829 -1.812165 -0.411295 -0.341191 0.501531 0.457866 -0.274574 0.260119 1.019501 -0.880650 0.833303 0.692115 -0.907045 -1.744691 0.638218 1.256327 0.015262 -1.006185 0.667605 0.684485 -0.169194 1.331335 1.484946 4.025063 1.000000
85 2.013671 0.150772 0.074245 2.967268 2.542468 0.293184 -1.144605 0.544008 1.125222 0.604126 -0.536658 1.895106 -0.332633 0.730016 0.241008 1.785622 0.636646 -1.230305 -0.363117 -0.457997 0.551743 -0.236588 0.848585 0.416473 0.067284 1.424848 0.519381 -0.323921 -0.212900 0.284899 -0.165776 -1.109343 0.348022 -1.334150 0.234558 0.305533 -0.356152 -0.263371 -0.706470 0.017869 -0.415985 0.884174 0.289447 -0.880716 -0.394535 1.561373 -2.134753 0.739690 0.443858 -0.643127 0.869461 0.143870 0.441210 2.174070 0.262067 0.953075 0.546364 -1.534321 -0.025150 -1.216011 -0.665072 0.845728 -0.090221 0.352615 -0.182351 0.071569 -0.736607 0.303045 0.349503 0.590733 0.130792 -0.492095 0.142098 0.465303 -0.326008 0.150020 -0.847602 0.205344 1.147859 -0.797238 0.066600 1.000000
86 1.436272 1.121002 -0.893336 0.652739 0.281325 3.343110 0.025205 1.274527 1.135423 -0.824353 -1.501541 -1.914789 -1.073657 -0.017448 0.500034 1.295218 -0.349841 -0.250642 1.146786 -0.595428 1.655479 2.163034 0.922135 2.569384 -0.592614 -0.301125 -0.073272 -1.465836 -0.272409 -0.245810 0.026686 0.703985 -0.814999 -0.615805 0.150217 -0.468012 1.411187 -1.464427 1.052243 0.519627 1.185992 -1.066596 0.389655 1.021463 1.083238 -1.215409 -0.883244 -0.237908 -0.651806 1.376127 0.452780 0.322498 0.829847 0.726742 -1.154172 0.888450 0.225575 -1.126300 -0.533651 -0.118890 0.230670 0.144470 0.230467 0.120124 -0.088400 1.060769 -0.779884 -0.464213 -0.741757 0.629541 0.437614 -0.863242 -0.024895 2.463074 -0.040939 -0.179876 0.654733 0.619939 -1.245699 -0.448871 2.881823 1.000000
87 0.428032 0.124043 0.931990 -0.169220 -0.461793 1.931521 -2.030913 -0.858873 1.176518 3.144634 0.629928 0.908196 -0.642012 -0.837322 -0.609470 -1.399807 -2.364160 0.565619 0.586898 0.902086 0.121844 -1.703543 0.152532 2.110167 -1.549447 0.496282 -0.319748 3.245225 0.175793 0.562385 0.404605 0.097352 0.183107 -1.477182 -1.585253 -1.764127 1.088046 0.105015 1.207555 0.648806 0.211045 -0.012257 0.837586 -0.245632 -0.163445 0.788867 0.716443 0.673927 -0.408862 -0.309840 -0.125950 0.845970 2.265817 1.748924 0.219292 -0.675593 0.127755 -0.580276 -1.776296 2.442108 0.153390 0.336722 1.388821 -0.104787 0.760956 0.495993 -0.152325 2.041424 1.199237 0.689170 1.855019 0.725763 0.062386 -1.794081 -0.700263 -0.465716 0.041978 0.820806 0.512908 -1.247774 1.154460 1.000000
88 -0.714910 -2.201653 0.477215 0.757720 -0.176763 1.407639 -0.417757 0.469305 -0.278870 -1.108387 -0.252515 -0.449285 -0.523870 1.548835 -0.175031 -0.851916 -0.994389 1.005687 -1.001145 -1.083787 -1.267939 1.141358 -0.677621 -1.379038 0.402111 0.749958 0.339029 -0.250952 1.830955 0.729967 0.898810 -0.259696 -1.310711 -1.324815 0.114828 0.540338 -2.030637 -1.555483 0.173005 -0.822727 -1.068699 -1.115503 0.381396 -1.107926 1.353877 1.281609 -0.189890 0.977228 -0.274046 1.438558 -0.007969 -1.347646 0.380323 -0.075583 0.570104 -0.975323 0.086505 2.401802 0.540619 -0.108367 0.475172 0.008194 -1.110489 -0.121983 -1.291510 0.992466 1.143969 -0.735047 -1.626769 0.257163 -0.314167 1.913080 0.247922 0.395827 -0.559730 -0.778772 0.333299 -0.632944 1.932772 -0.238139 13.392008 1.000000
89 -1.200197 0.632895 -1.351822 0.227434 -1.385793 -0.648107 -0.952956 0.578417 -1.495257 1.138667 -1.163694 -0.679442 0.549355 -0.239026 -0.159629 1.254581 1.970385 -0.729458 0.753055 1.207373 -0.195433 -1.746567 -0.544752 -0.350828 1.035832 -0.441649 0.077798 -1.309819 -0.362678 0.725443 0.465918 0.347587 -1.318153 0.811755 1.700308 -0.358281 0.703739 2.593023 0.074893 -0.185387 -0.144044 -0.563967 -0.571851 -1.039698 -0.245032 -0.832698 -0.120054 -0.879236 -0.560039 -0.774997 -1.840800 -0.607071 1.600667 0.829724 0.624395 -0.175694 -0.822034 -1.031063 -0.238718 -1.633040 -0.552550 -0.274860 0.028588 0.415968 -0.418537 -0.563824 0.335259 0.448993 0.251456 0.745238 -1.454473 0.785371 -0.493795 -0.203572 -1.776907 0.718308 -0.488700 0.169647 -0.928604 0.714818 12.411134 1.000000
90 -1.055145 0.081000 -1.325666 1.613986 -0.706941 0.752724 -1.436011 -1.356791 -1.170766 -0.667418 -0.820313 -0.234284 -1.110848 -0.594269 0.597829 0.877861 -0.916662 -0.119313 -0.640526 1.962516 0.209832 0.688544 -0.377949 0.985696 1.166163 -0.309511 0.970358 1.714808 -0.309158 0.247942 1.025713 -0.559135 -1.154922 -1.767411 -0.846341 0.374322 -0.177691 -1.641936 0.807651 -0.549724 -0.027325 1.022933 -0.585862 0.990698 -0.227287 0.537303 1.968082 1.943638 1.319457 -0.009015 0.920961 0.797487 1.081596 -0.613708 1.392093 -1.902412 0.330549 -0.348773 0.493520 0.566270 -1.363109 1.077739 1.594087 -0.017736 1.112733 -0.623341 0.319936 0.264524 -0.360806 1.294929 -0.452646 -0.174569 0.563138 0.800285 -0.103968 -1.280648 1.186575 -1.881628 -1.442879 0.361650 5.453525 1.000000
91 -0.750174 0.915071 -0.884257 3.165573 -1.225552 -0.145777 1.299500 -0.402663 -0.688918 -0.306686 -0.130050 0.063341 0.813883 0.385917 1.521312 0.003877 -0.118842 1.063326 -2.357943 -0.266195 0.969659 0.176311 -0.477483 -0.227322 -0.735914 0.151978 0.828165 -0.675292 0.072254 -0.082085 -0.021717 0.651639 -0.120726 -0.561070 0.130320 -0.225766 -1.848765 0.249303 -1.337752 -0.377115 1.001814 1.378133 0.420307 -2.272757 0.131965 0.438510 1.131796 -0.105540 -1.317776 1.074230 0.550122 -0.022576 -1.212341 0.490617 0.360827 -0.788450 0.317345 0.273237 0.322575 -0.485013 -0.725687 -0.046986 -0.352058 -0.609277 0.936642 -0.706819 -0.357729 0.313492 -0.037397 0.302846 0.826707 1.593333 0.800986 -0.911705 0.143156 0.034156 -0.296641 -1.349126 0.677001 -1.528838 6.921595 1.000000
92 1.340943 -0.312906 -2.404974 -1.730706 0.815300 -2.281212 1.891075 0.322165 1.296904 -0.409318 0.019677 0.623919 -0.102454 -0.151303 -1.186407 -1.455876 0.177539 1.378025 0.769182 -1.171514 1.828070 -0.455138 -0.835442 0.234309 1.513680 0.095012 0.256618 -0.199132 0.266227 -0.741509 1.830914 -0.881249 0.522897 0.605064 0.793538 -0.165722 1.287194 -0.439255 -0.387986 -1.346831 1.477752 0.137753 0.588191 -0.747701 -0.962434 -0.068416 -1.281983 -1.717391 2.047039 -0.487778 1.298480 0.703271 2.433456 0.021404 -0.058217 2.208700 0.618285 -0.201512 0.263219 -0.654879 -0.458872 1.006167 -0.284138 -2.078106 0.004020 1.364682 0.653068 0.269994 -0.238125 0.429359 -0.311469 -0.229966 -1.803307 0.477864 0.778495 0.165314 2.187859 -0.764207 -2.099133 1.176512 1.002699 1.000000
93 -0.508335 -0.164772 -1.150925 2.112651 -1.027942 1.953870 0.450830 -0.134357 -0.660611 0.698669 1.731893 -0.478101 -0.198520 -0.250439 -0.412375 0.761997 0.875905 -0.582824 0.185791 1.549971 0.272494 0.232139 1.756344 -0.736726 -0.962454 0.599465 -0.013324 -0.010156 0.447684 -0.625345 -1.881317 2.059859 -1.425317 1.293374 -0.994202 0.533688 -0.421223 0.433104 -0.881382 -0.185591 1.053858 1.213626 0.322074 -1.285605 1.240371 1.863827 0.021452 -0.736473 0.730364 -0.289713 -3.317440 -0.453484 1.412197 -0.423608 0.830085 2.287276 2.329864 1.080151 -1.768203 1.277808 -0.445635 -0.341794 -1.836950 2.226741 0.852712 -0.128343 -1.641958 0.876712 0.149112 0.284995 0.008270 -0.404616 -1.577700 -0.918549 0.251120 0.024036 -0.868555 0.715034 -1.140188 1.209624 4.349424 1.000000
94 1.603832 -0.779265 0.592568 1.065719 0.379153 -1.352535 -0.394302 -0.204804 -0.051049 0.525683 -0.948313 1.939575 -0.369340 0.531655 0.107892 -0.868979 -0.104486 0.223121 -0.077222 -0.000685 -2.152297 1.606930 -0.260020 -0.266740 1.091555 -0.209024 -1.022092 0.485496 0.405193 2.440175 -0.527228 -2.268934 -0.664298 -0.953888 -0.763895 -1.089421 -0.693402 -0.077591 -0.343376 2.297936 0.171397 0.457209 -1.271650 -0.602582 -0.341422 1.669375 0.430774 0.066625 0.652750 1.140811 0.064495 -1.127478 0.434378 0.714555 -0.677353 1.175646 1.420051 0.950158 0.986504 1.123738 -1.438527 0.818168 -0.375039 0.572530 -0.898259 -2.712778 0.789347 0.416760 0.015721 0.767666 0.345078 -1.398443 1.179687 -0.152423 -0.086109 0.464482 -0.576436 -0.464933 -0.498632 -0.874372 0.910340 1.000000
95 -0.584730 -0.256409 0.393261 1.353454 0.513517 -0.322217 1.346855 1.450589 0.788681 -0.822802 -0.532809 -0.108267 0.744722 -0.877460 0.873027 1.161781 0.273663 1.046563 -0.181474 -0.882421 -0.517189 0.595499 -0.209094 0.035314 -0.298720 0.555863 -0.476916 -1.087178 -0.455058 -0.794167 -0.066913 1.250936 0.548598 -0.835694 -0.689011 -0.187278 0.978838 1.111340 0.399886 0.774225 -1.471739 0.307411 -0.517553 0.772514 -1.281818 -0.310954 1.276602 0.864813 -0.079284 1.615622 -1.107621 0.883950 0.921640 1.032654 -0.701693 0.653538 -0.635083 0.132573 0.325921 0.038503 -0.179529 1.755004 -1.464225 -0.972682 0.551163 -0.791841 -0.334227 -0.805197 -1.942295 -0.202579 1.371712 0.251644 -2.705433 1.137969 -0.273268 -1.344828 0.073935 -0.189665 0.326189 0.559514 1.226618 1.000000
96 -0.159456 0.095580 0.987328 0.631765 -1.913730 0.838755 1.397673 -0.423292 -0.546040 0.649208 -0.601845 -0.145524 -0.151862 0.871592 0.473009 0.711910 -0.523609 0.356438 0.743224 0.081068 0.094351 -0.548715 0.018416 -0.654142 0.846064 1.820582 0.126707 0.291202 0.236302 0.021331 -0.127793 -0.186028 -0.051092 -0.476485 0.344306 -1.190540 -1.078133 -1.465078 -0.990400 -0.667054 -0.957892 -0.753605 -1.446101 0.151326 -1.300389 1.425934 -1.216380 -0.251122 1.108200 0.163011 -0.412561 0.274983 -1.227315 0.600996 0.757263 0.083441 0.445403 -0.150874 0.118429 -0.560110 -0.220916 0.556484 -0.447730 1.223204 -0.529050 -0.969886 0.910129 -1.898527 1.209767 -2.040720 -0.807122 2.741935 -0.108121 -0.557729 0.126582 -0.627564 -0.823894 2.082942 0.591466 1.421250 2.503040 1.000000
97 1.064737 -0.364817 -1.081593 1.948023 -0.760754 0.059326 -1.307738 -1.084894 0.534420 0.314398 -0.352498 -0.527192 -1.415059 -0.937442 0.372230 1.262435 0.351734 -0.132661 0.114437 -0.314905 -0.392089 -0.366277 -0.125641 0.236241 0.753485 0.265734 -1.397819 -1.214794 -1.271188 -0.022444 0.113957 -0.631456 -1.055189 1.919324 0.260689 0.828626 -0.537220 -1.802679 0.125562 -0.622398 -0.644319 -1.077781 1.946706 -0.209496 0.821421 -0.150053 -0.127442 -1.730159 1.047028 -0.065968 1.586388 0.797414 -1.361434 -1.373289 -0.290108 0.668378 0.810230 -0.581942 0.550801 0.127017 1.103125 -1.197215 0.035741 -0.392960 0.021804 1.122331 1.411010 -1.053276 2.049157 -1.480356 0.042875 1.128633 -0.888092 -0.129647 -0.340320 0.690542 1.276644 -0.424889 0.474434 2.402501 3.327476 1.000000
98 0.840772 -0.988437 0.658284 1.609405 1.215817 -0.210890 0.788974 0.283489 -0.035530 0.759829 -0.263966 -0.597568 -1.194349 -0.147977 0.843729 1.404242 0.640961 1.859412 0.293030 -1.205428 -1.670541 1.072545 1.577498 -0.633304 2.005402 0.793263 -1.366101 -0.181183 0.299311 0.381043 0.214714 -1.032451 0.684015 1.398926 -0.710951 -0.081766 -0.898421 0.880206 -1.663047 -1.351512 -1.252716 -0.954633 0.628010 -0.535918 -0.666436 -0.215427 0.584575 1.360915 -0.598384 -0.482995 0.364404 -0.724105 0.280951 -0.072110 -0.458996 0.276165 0.625139 -0.304427 1.772411 -0.333775 -0.740539 1.884315 -0.369645 0.061801 -1.127978 0.493190 -0.921167 0.059278 0.231822 2.147938 0.492968 -0.678671 0.176713 -1.445260 1.363638 -1.230991 0.458958 0.467610 0.628139 -0.478581 0.298675 1.000000
99 0.370289 0.124175 0.732566 -0.339894 0.016475 0.197031 -0.696823 -0.267073 0.266164 -0.182659 0.409399 -0.866367 -0.755142 0.731049 -0.684121 -0.090229 -0.086401 0.592094 0.321336 1.204419 0.846864 0.274267 -1.595585 0.166358 0.577123 -0.448195 0.351801 -1.200731 -0.646992 1.253293 -1.456916 -0.793489 0.504121 1.457040 2.202914 -0.890909 -1.251820 0.923201 1.087640 -0.404018 1.374635 1.719939 0.303663 -0.160749 1.309334 0.766563 -0.807667 0.695006 -2.589472 0.175883 -0.491484 0.789826 -0.058872 -0.614541 -0.758744 -0.816876 -0.083981 1.231644 -0.548752 2.086749 -0.544857 0.559407 0.565746 0.138175 1.685780 -1.307597 0.482327 -1.946195 0.847487 0.497625 -1.320375 1.560776 1.261063 1.536835 -0.357449 0.537746 0.410730 -0.235104 0.307561 0.539257 2.213695 1.000000
100 -0.500054 0.148967 -0.544980 -0.612117 1.392296 0.537132 -0.673329 0.069768 1.796965 -0.330186 0.672053 0.642556 -0.978249 -0.180179 0.727951 -0.170735 0.778824 0.029631 -0.966955 1.081994 2.044931 -0.468784 -0.709934 -0.163941 0.101679 0.824798 1.056830 0.059154 0.946514 -1.006018 -2.225063 -0.013208 0.122020 1.482910 0.784258 0.417112 0.092301 -2.142976 -0.766310 0.736435 -0.394230 0.625051 0.061873 -0.279186 0.818163 -0.119210 -0.508309 1.266940 0.779003 -0.264609 -0.264766 -1.550798 0.470527 0.247220 -0.697913 -0.656830 -1.340372 -0.356384 -0.776891 -0.543490 0.584659 1.803454 -0.636265 -0.521168 -0.990049 0.577698 -0.100639 0.673390 1.180384 0.696588 0.284087 -0.473313 -0.079904 0.223081 -0.928227 -0.011933 -1.109309 -0.115699 -0.897432 -1.890513 9.654014 1.000000
uncorrelated Gaussian covariates
missing covariate fraction: 0.000000
no latent classes
   lambda(t|risk 1)=C, <t>=4.000000 for zero covariates
   risk 1: beta[1]=0.500000
   risk 1: beta[2]=0.000000
   risk 1: beta[3]=0.000000
   risk 1: beta[4]=0.000000
   risk 1: beta[5]=0.000000
   risk 1: beta[6]=0.000000
   risk 1: beta[7]=0.000000
   risk 1: beta[8]=0.000000
   risk 1: beta[9]=0.000000
   risk 1: beta[10]=0.000000
   risk 1: beta[11]=0.000000
   risk 1: beta[12]=0.000000
   risk 1: beta[13]=0.000000
   risk 1: beta[14]=0.000000
   risk 1: beta[15]=0.000000
   risk 1: beta[16]=0.000000
   risk 1: beta[17]=0.000000
   risk 1: beta[18]=0.000000
   risk 1: beta[19]=0.000000
   risk 1: beta[20]=0.000000
   risk 1: beta[21]=0.000000
   risk 1: beta[22]=0.000000
   risk 1: beta[23]=0.000000
   risk 1: beta[24]=0.000000
   risk 1: beta[25]=0.000000
   risk 1: beta[26]=0.000000
   risk 1: beta[27]=0.000000
   risk 1: beta[28]=0.000000
   risk 1: beta[29]=0.000000
   risk 1: beta[30]=0.000000
   risk 1: beta[31]=0.000000
   risk 1: beta[32]=0.000000
   risk 1: beta[33]=0.000000
   risk 1: beta[34]=0.000000
   risk 1: beta[35]=0.000000
   risk 1: beta[36]=0.000000
   risk 1: beta[37]=0.000000
   risk 1: beta[38]=0.000000
   risk 1: beta[39]=0.000000
   risk 1: beta[40]=0.000000
   risk 1: beta[41]=0.000000
   risk 1: beta[42]=0.000000
   risk 1: beta[43]=0.000000
   risk 1: beta[44]=0.000000
   risk 1: beta[45]=0.000000
   risk 1: beta[46]=0.000000
   risk 1: beta[47]=0.000000
   risk 1: beta[48]=0.000000
   risk 1: beta[49]=0.000000
   risk 1: beta[50]=0.000000
   risk 1: beta[51]=0.000000
   risk 1: beta[52]=0.000000
   risk 1: beta[53]=0.000000
   risk 1: beta[54]=0.000000
   risk 1: beta[55]=0.000000
   risk 1: beta[56]=0.000000
   risk 1: beta[57]=0.000000
   risk 1: beta[58]=0.000000
   risk 1: beta[59]=0.000000
   risk 1: beta[60]=0.000000
   risk 1: beta[61]=0.000000
   risk 1: beta[62]=0.000000
   risk 1: beta[63]=0.000000
   risk 1: beta[64]=0.000000
   risk 1: beta[65]=0.000000
   risk 1: beta[66]=0.000000
   risk 1: beta[67]=0.000000
   risk 1: beta[68]=0.000000
   risk 1: beta[69]=0.000000
   risk 1: beta[70]=0.000000
   risk 1: beta[71]=0.000000
   risk 1: beta[72]=0.000000
   risk 1: beta[73]=0.000000
   risk 1: beta[74]=0.000000
   risk 1: beta[75]=0.000000
   risk 1: beta[76]=0.000000
   risk 1: beta[77]=0.000000
   risk 1: beta[78]=0.000000
   risk 1: beta[79]=0.000000
   risk 1: beta[80]=0.000000
