0.000000 0.500000
1.000000 0.604167
2.000000 0.763571
3.000000 0.757976
4.000000 0.757857
5.000000 0.747024
6.000000 0.754643
7.000000 0.784762
8.000000 0.790952
9.000000 0.793452
10.000000 0.801429
11.000000 0.806071
12.000000 0.800000
13.000000 0.805119
14.000000 0.804524
15.000000 0.793095
16.000000 0.803452
17.000000 0.789286
18.000000 0.788929
19.000000 0.786905
20.000000 0.792381
21.000000 0.788929
22.000000 0.787143
23.000000 0.783810
24.000000 0.774048
25.000000 0.772143
26.000000 0.778571
27.000000 0.776190
28.000000 0.762619
29.000000 0.756310
30.000000 0.752024
