1 0.203483720000 0.897285494051
2 0.030603571429 1.050723081357
3 0.071724319149 1.044362116796
4 -0.061667066667 1.116084605557
5 -0.215914042553 1.001006187222
6 -0.156765872340 1.069078813593
7 0.011908377778 0.813342043127
8 -0.075675673913 1.066382320367
9 0.035937063830 0.890548260459
10 0.259102347826 0.884992562340
11 0.030209580000 1.060015258126
12 -0.129800918367 0.980778009343
13 0.116223125000 0.942386848592
14 0.004950500000 1.053294410109
15 0.099499617021 0.935600638213
16 -0.020049750000 1.120916662889
17 0.146616446809 1.052238413055
18 -0.019046760000 0.993883155213
19 0.157141377778 0.904063161168
20 -0.127231265306 1.069011350399
