0.000000 0.500000
1.000000 0.626667
2.000000 0.655000
3.000000 0.756458
4.000000 0.786875
5.000000 0.797292
6.000000 0.848125
7.000000 0.870833
8.000000 0.895000
9.000000 0.913958
10.000000 0.932917
11.000000 0.926875
12.000000 0.930417
13.000000 0.946667
14.000000 0.948750
15.000000 0.968958
16.000000 0.969167
17.000000 0.968542
18.000000 0.961042
19.000000 0.961458
20.000000 0.967083
21.000000 0.972917
22.000000 0.974375
23.000000 0.982917
24.000000 0.978750
25.000000 0.975208
26.000000 0.977292
27.000000 0.975833
28.000000 0.980833
29.000000 0.977292
30.000000 0.981250
31.000000 0.981875
32.000000 0.984792
33.000000 0.986250
34.000000 0.983333
35.000000 0.985000
36.000000 0.986042
37.000000 0.982500
38.000000 0.985417
39.000000 0.990625
40.000000 0.988750
41.000000 0.992292
42.000000 0.990417
43.000000 0.990625
44.000000 0.991458
45.000000 0.992708
46.000000 0.991042
47.000000 0.994375
48.000000 0.994583
49.000000 0.995208
50.000000 0.996875
51.000000 0.998333
52.000000 0.998125
53.000000 0.998333
54.000000 0.998958
55.000000 0.999792
56.000000 0.999583
57.000000 0.999583
58.000000 1.000000
59.000000 1.000000
60.000000 1.000000
61.000000 1.000000
62.000000 1.000000
63.000000 1.000000
64.000000 1.000000
65.000000 1.000000
66.000000 1.000000
67.000000 1.000000
68.000000 1.000000
69.000000 1.000000
70.000000 1.000000
71.000000 1.000000
72.000000 1.000000
73.000000 1.000000
74.000000 1.000000
75.000000 1.000000
76.000000 1.000000
77.000000 1.000000
78.000000 1.000000
79.000000 1.000000
80.000000 1.000000
81.000000 1.000000
82.000000 1.000000
83.000000 1.000000
84.000000 1.000000
85.000000 1.000000
86.000000 1.000000
87.000000 1.000000
88.000000 1.000000
89.000000 1.000000
90.000000 1.000000
91.000000 1.000000
92.000000 1.000000
93.000000 1.000000
94.000000 1.000000
95.000000 1.000000
96.000000 1.000000
97.000000 1.000000
98.000000 1.000000
99.000000 1.000000
100.000000 1.000000
