1 -0.177713080000 0.878106483799
2 -0.181511940000 0.878723720641
3 -0.228248260000 0.817406418178
4 -0.145438780000 0.950401340723
5 0.024402740000 0.995400828775
6 -0.001398840000 1.105505907149
7 0.179089300000 0.955053481693
8 -0.085104440000 1.079880572569
9 -0.087727460000 0.911624441845
10 0.135461880000 1.037231750688
11 0.278789340000 0.944718865831
12 -0.067420980000 0.898910247119
13 0.080610500000 1.148644321467
14 0.094824040000 1.009790765109
15 -0.034518940000 0.977538401662
16 0.063330740000 1.044635909961
17 -0.082570960000 1.118500102008
18 -0.022868660000 0.771755219060
19 0.170748860000 1.066564740223
20 0.019621680000 0.919344836515
21 0.031605360000 0.869367454013
22 -0.001764280000 0.919766991568
23 0.037992860000 0.910184769292
24 0.017818300000 1.243424384616
25 0.103506080000 0.899596803987
26 0.018556380000 0.889767635623
27 -0.081067940000 0.780082323857
28 -0.389305240000 1.091364519483
29 0.018453580000 1.105030850413
30 0.149702060000 0.960194322223
31 0.066996960000 0.954323766992
32 0.106034620000 0.797475744002
33 0.113717060000 1.050000035530
34 -0.138249400000 0.990115603204
35 -0.055720220000 0.808426639518
36 -0.093547240000 0.815198419722
37 -0.046326340000 1.053273699530
38 0.037698700000 0.959063639379
39 0.128537460000 0.902453987414
40 0.077527100000 0.941063595205
