N=50
P=40
R=2
1 0.034911 -0.707405 -0.300905 -2.295743 1.238183 -1.158639 0.621188 -0.174663 0.306581 -1.123947 -0.297933 -0.447056 -0.182092 -0.579320 0.131680 -0.462789 -1.939852 -1.210409 0.955420 0.472984 0.597361 -1.211920 -1.000684 1.196235 1.205460 -1.367429 0.630498 -3.854815 0.568822 0.712854 -0.209378 1.176530 2.217734 0.105251 0.728750 0.111268 1.691922 -0.670355 -0.212949 1.096596 0.593551 1.000000
2 -0.368730 1.080055 -1.074578 0.020434 0.701273 3.344217 -0.154584 0.676057 -0.179017 3.722501 -0.208674 -0.453205 0.375205 0.220617 -0.865560 0.920098 -1.884828 -0.434744 -0.717624 0.555120 1.829130 0.747794 -0.945008 -0.914432 0.745937 0.814489 0.374375 -0.945561 -0.973135 -1.368860 0.149392 0.037470 0.075957 0.418283 -0.693658 -0.519074 0.020857 0.622834 -0.725658 -0.341317 56.981429 1.000000
3 1.116474 -1.625743 1.133788 1.166202 1.203329 -1.041916 2.926996 0.000225 -0.502250 -1.343784 0.301468 1.222365 0.167297 -1.201796 0.371885 1.456639 -1.275125 0.405524 1.395414 0.109655 0.682314 0.051785 -0.021049 -1.757788 0.569725 0.629252 -0.774937 -2.099822 -0.017911 1.123409 -0.769474 0.125041 0.032717 -1.334919 0.400597 -0.022129 -0.167662 -1.001945 0.451500 -0.754979 2.894859 1.000000
4 0.838923 -0.063998 0.873918 0.543762 0.289565 1.185900 0.157521 -0.396265 0.008378 1.092959 -1.035448 -0.560588 1.943070 0.579670 1.179452 0.527346 -1.274130 -1.133148 1.019405 -0.477487 1.408063 -0.242211 0.290853 1.181211 0.471855 -1.083491 -0.255169 0.349825 1.059435 1.876961 -0.948937 0.129216 0.291120 -0.635658 -0.535314 -0.316451 1.260002 -1.278332 0.149912 0.094852 7.613483 1.000000
5 0.369785 1.151301 1.689473 0.150499 -0.961493 0.962731 -0.420200 -0.618919 -0.630896 -0.188983 -0.547480 0.492004 1.848693 1.526164 -0.618319 -0.615226 0.413286 -0.561363 -0.178693 -0.854342 0.200057 -0.390347 0.628439 -2.099227 0.717987 -0.990796 0.296621 -0.371646 -0.447516 -0.565886 -2.243870 0.334196 0.996898 0.184878 0.375909 2.320153 -1.740745 0.564228 -1.316758 -0.327674 0.853518 1.000000
6 -0.102669 -0.319529 -0.443833 -0.584291 1.516289 0.542802 1.427994 0.770262 0.577970 -1.679451 0.220421 1.955559 -0.733194 -0.358445 0.213426 -0.643900 -0.516142 -0.320469 0.504349 0.178433 -0.088878 0.398655 1.755617 -0.314461 1.170070 -0.229906 0.041992 0.185559 1.563242 0.213404 -0.594432 1.587099 -2.354408 0.261758 0.031141 -0.413039 0.477471 -0.684473 0.313288 1.371211 2.293974 1.000000
7 0.134391 0.858584 0.500661 0.300402 -0.310794 -1.556640 0.091044 0.116311 0.709210 0.717113 -0.322350 -0.037207 -0.193337 1.010721 -1.198306 -0.024719 1.215864 0.355652 1.387189 -0.344914 1.156796 0.031845 -1.974149 -0.346637 -1.455159 -0.446038 1.703100 -0.386189 0.755416 0.111568 -0.842648 0.197066 1.121443 0.249127 1.013955 -1.274507 0.453654 -2.997884 0.446668 -1.031229 5.154298 1.000000
8 -0.673897 -0.142027 -0.255437 -0.846786 -0.118855 -0.306697 -0.789349 -0.888102 -0.638324 -0.637827 -0.331306 0.316115 -0.454898 -0.750372 -1.777064 -0.805489 0.842094 -0.952777 -1.743993 0.703841 -0.751780 1.678957 -0.700353 -1.990428 -0.117551 -0.572679 -0.475270 0.163834 1.243260 1.154965 1.920793 0.884962 -0.798377 -0.930310 0.272996 1.039280 1.792458 -0.193485 0.643315 0.225320 0.231090 1.000000
9 1.320848 -0.256790 -0.679163 0.246362 -0.374765 -0.598283 0.154392 0.422990 -0.400571 -0.212230 1.818786 0.078814 -0.013075 1.834966 0.723978 0.777037 -0.723227 0.327598 1.625552 0.857080 -1.107163 0.745667 0.009532 -0.162988 1.111283 -0.346016 0.166781 -1.774568 -0.095623 0.538573 -1.422035 0.079795 -0.259696 1.262183 -0.609670 0.030392 -0.752919 0.387696 -0.429030 1.339045 1.152572 1.000000
10 0.736124 0.229253 0.174308 -0.894087 -0.578436 -1.031195 -0.404092 -1.031187 1.945283 -0.049632 1.721027 1.614560 -0.311581 -0.303587 1.490725 -0.537912 1.205687 0.393550 1.065625 -0.136401 1.589237 1.358379 -0.413134 -0.565808 0.794378 0.387224 -1.671929 -1.046648 -0.952127 -0.809076 -0.899813 -0.365872 -1.499798 -1.912328 -1.208507 1.006371 0.653483 0.747799 -0.746209 -1.264534 1.196437 1.000000
11 -0.152481 -0.539143 0.032249 0.756058 -0.083037 0.794698 0.038333 0.386164 -0.082923 0.459001 0.300161 1.030197 0.243173 -1.895751 0.443334 0.603859 -0.122690 0.244228 0.260230 1.015296 0.068884 0.324239 -0.797407 -0.065927 0.481600 -0.636110 0.398128 -1.184741 -0.913887 1.087278 -0.872812 0.683156 -1.919057 -0.645758 0.061755 0.725857 -0.593811 -0.864079 0.713178 -0.680105 13.737687 1.000000
12 -1.545039 -1.000241 -1.779189 -0.881819 1.002765 -1.584394 1.337405 1.060861 1.206951 -0.090552 -2.163718 -0.838510 0.739237 0.288340 0.651082 -1.494349 0.374690 0.802384 0.642928 -0.595774 -0.255262 0.448152 0.401015 0.117448 0.028299 0.145345 0.522233 -0.227261 -0.408499 0.219739 0.473418 -2.459787 1.299296 0.258480 -0.442788 -0.365823 -1.046071 -0.681525 -0.962111 1.790112 117.789347 1.000000
13 1.201207 -0.590396 -0.364650 -0.554467 1.453063 2.557650 1.453138 0.360766 0.442234 -1.056686 0.858177 -1.888807 1.242498 -0.308154 0.991225 -0.040325 -0.488846 1.176201 0.181710 -0.785229 -0.305927 0.325561 0.427915 -1.339072 -0.283172 0.590445 -0.952938 0.735539 2.045488 0.636137 1.781134 0.143507 -1.170130 -0.510523 -0.573640 -0.348682 -0.328949 -0.761681 -0.663214 0.829785 0.292115 1.000000
14 0.152139 0.786931 0.427488 0.665595 0.873285 0.121449 0.781236 -0.731441 0.503280 1.388510 -0.116606 -0.781854 -1.328769 0.526988 -0.191547 1.076468 0.970538 -0.020825 0.748501 1.314112 0.334312 0.244817 -0.609518 1.692787 0.233724 0.899561 -0.550532 -0.559137 -0.809380 0.701330 0.504506 -0.506558 -0.308040 0.419284 -0.439962 -0.880742 -0.842687 0.449872 -0.380736 -0.895029 4.964066 1.000000
15 -0.384149 -0.416512 0.108616 -0.249878 1.846281 -1.612662 -0.359314 -0.539871 -1.164283 0.224361 -0.309280 -0.633021 0.302895 1.670739 0.057887 0.092749 -0.815582 -0.432954 0.814963 0.771910 0.580162 0.028288 -1.139647 0.968418 1.060415 -0.470452 1.125483 -1.485946 1.870618 0.534535 -0.047190 0.576785 -0.176513 -0.140975 -0.708002 -0.452615 0.797285 0.996278 -0.063021 -0.059367 0.300362 1.000000
16 0.078547 0.432721 0.596611 -0.194054 0.118576 1.023408 2.396541 1.457437 0.188425 -1.150347 -1.041213 -0.917760 3.053935 -0.088963 -1.673123 -1.027304 0.592301 0.298778 -1.088367 1.118498 0.371817 0.378319 -0.381394 -0.422610 1.792958 -0.696264 -0.539208 0.081494 -0.071761 -1.086958 -1.170226 -0.033213 -0.204953 -1.030508 1.338588 -0.071065 0.247994 1.608222 0.300364 1.232142 23.326093 1.000000
17 -0.645099 -2.503580 -1.088624 0.127518 -1.642403 -0.754138 -0.149304 -1.007401 1.331500 0.473840 0.750951 -2.109615 1.204986 0.610961 0.278010 1.199915 0.952843 -1.050829 -0.375124 -0.653607 0.914406 1.179207 0.005550 -2.071853 0.718872 -0.434355 -1.103058 -0.551454 0.575608 -0.279421 0.346385 0.606489 1.564605 -1.973301 0.445161 0.668529 -0.402329 1.885523 0.626448 -0.244994 25.551175 1.000000
18 -1.477347 0.237694 0.745460 -0.452677 -0.868234 -0.375106 0.261875 -0.850740 1.888421 0.033795 2.324784 1.221314 -0.683427 -0.769229 -0.955477 1.052068 1.958470 -0.680328 -1.782721 0.379771 -0.981012 0.155540 0.166204 1.986246 -0.675097 0.383110 0.337405 0.680872 -0.381662 -0.415546 0.491549 -0.880021 -1.748792 -0.252085 -1.948513 0.197490 0.622694 1.365758 0.288783 -0.310143 16.968876 1.000000
19 -0.449739 -0.320172 -0.582126 -0.347590 -0.996836 0.540377 -0.259203 0.623470 -0.110665 0.270763 0.675458 1.070243 0.451846 0.863002 -0.694027 0.877822 -0.399672 0.423669 -0.212386 -0.893741 -0.132230 -1.844165 -0.771347 0.508867 0.450627 -1.327013 -0.772346 1.049666 -1.582813 -0.717451 1.329977 -1.140817 0.828071 -0.420980 0.491749 -0.065416 0.758867 1.365240 -1.486329 -0.176131 30.959491 1.000000
20 0.513535 -0.082143 -1.611393 -2.239358 0.520246 -1.502187 0.592312 1.303181 -0.361020 1.761636 0.104478 0.147060 -1.563445 0.631962 -0.248932 -1.696908 0.967955 -1.425800 0.451275 0.743975 0.154460 0.092501 0.249803 -0.492697 1.255809 0.358989 0.509598 -1.123255 1.595923 -1.246547 -1.079143 1.274033 1.887455 0.327400 -0.884652 0.288455 -2.005388 -1.122400 -0.540802 -0.017414 5.938706 1.000000
21 -2.076952 0.300985 -0.171874 1.363321 0.482679 0.398835 -0.143365 0.132690 1.202056 -0.644402 -0.341039 -0.822003 -1.021885 -0.421163 1.465642 -0.274429 0.763128 0.432437 -0.618023 0.212618 0.189180 -0.990520 1.435739 -0.618360 -0.405064 -0.112824 0.347188 -1.675761 1.063560 1.050451 -0.136310 -0.639565 -1.223171 0.709875 0.554891 0.436098 -1.932804 1.617809 -0.311854 -0.611722 2.040378 1.000000
22 0.134323 -1.055126 0.041967 -0.087692 -0.476067 1.269375 -0.424480 -1.211620 1.116294 -0.417351 -0.578223 -0.025994 -0.138150 1.146277 -0.307013 0.500258 1.722859 1.254043 0.993188 1.072480 0.111544 0.050303 1.873613 0.171277 -0.789478 1.008169 -1.730686 1.056906 -0.480852 1.303217 -1.055722 0.578822 -1.147164 -0.339502 -0.984340 -0.037456 -0.255903 -0.367254 -0.478877 -1.068458 1.985261 1.000000
23 -0.686432 0.091343 0.703959 -0.379746 -0.423963 -0.785682 -0.369341 0.114587 0.707955 0.210837 0.213789 -0.220743 -0.886708 0.241923 -0.449402 -1.061344 1.625468 -0.038697 1.306020 -0.148346 0.571019 -1.006388 -0.869161 1.188807 -2.914209 0.971968 0.581360 -0.135731 -1.903126 -0.387695 1.179300 -0.444030 0.457229 -0.163068 -1.234329 0.273864 0.043439 0.711722 -0.745341 0.580733 0.366117 1.000000
24 -1.188159 0.165212 -0.392517 -0.664615 2.205115 0.603328 -0.559040 -0.091458 -0.313741 0.853993 -0.237234 -0.188066 -0.515103 0.498009 -1.365711 1.477420 -0.514937 -0.869056 1.550709 0.741837 -1.010091 0.271727 -0.717452 0.963823 1.090624 1.221287 -1.069148 -0.168147 1.168712 0.544873 -1.816303 -0.380224 -0.020700 -2.117903 0.653387 -0.733036 -1.934571 0.058027 1.414877 -0.927947 3.147571 1.000000
25 -1.286435 -0.109119 -1.368850 -1.720159 -1.173038 0.189762 -0.429547 -0.546076 -0.572993 -0.743714 0.196926 -0.791976 -1.123077 0.764741 -0.900553 -1.405415 -2.082286 0.584047 -0.685083 2.418923 -1.677859 -0.129186 -0.309790 0.566380 -0.188796 0.876651 1.306935 0.509433 -0.213668 -0.905066 0.493599 -0.643489 1.352928 -0.180095 1.086606 0.368833 0.409275 0.742623 0.568531 -0.174513 12.003216 1.000000
26 0.282233 -0.998734 -0.057671 1.429829 -1.014485 0.483841 -0.784348 0.502958 -1.156107 1.202565 1.003981 -1.735383 0.149173 0.166487 -1.064937 -1.240540 -0.352715 -0.137210 -0.174354 0.145106 0.299911 0.849923 2.277861 0.656400 -0.009971 0.126667 0.874760 -0.091396 1.183272 0.741202 -0.542124 1.482101 0.615702 -0.129445 0.043029 -0.230991 -0.993238 -0.543691 0.562535 -2.285455 2.653380 1.000000
27 -0.372918 0.003570 -0.600383 0.354463 0.200577 -0.960952 1.279034 0.976203 0.859918 0.766608 0.582068 -0.273221 1.426925 -0.438975 -0.741652 -0.120547 0.228627 -0.524144 1.986883 -0.535847 -1.249352 -1.981681 -1.903987 1.476658 1.046909 -0.051388 0.316333 -1.979469 -0.353471 -0.135919 0.475947 0.242474 -0.821799 -1.815735 0.557698 0.443510 -1.629190 -0.703642 0.474784 -1.335342 48.670513 1.000000
28 0.168529 0.744571 0.605184 -1.620397 0.637627 -0.116502 0.394635 -2.327024 -1.724913 1.268663 -0.168073 -0.532746 -0.154393 -0.078572 0.567137 0.320084 -1.717343 0.913053 0.354643 0.221682 0.051637 -0.491043 0.107229 -0.492624 -0.837138 1.091564 -0.163226 -1.386900 0.229392 -1.565151 -0.923802 -0.441422 0.565080 -0.217917 -1.084751 0.621030 0.558474 -0.210194 -0.834149 0.496555 0.410668 1.000000
29 -0.695174 -0.699277 0.282386 0.797858 -1.372229 -1.018929 -0.280140 -2.052056 -0.843372 1.662621 0.028632 0.575715 -0.106322 -0.340540 -0.195301 0.903282 -0.613064 -2.143818 0.717020 0.652797 -0.871924 0.870863 1.135620 -0.776764 -1.484671 0.528398 -0.605603 0.797513 -1.248180 0.235281 0.509100 -0.243581 0.028320 1.394422 -0.330307 0.685268 -0.874569 -0.487870 -0.178471 0.125330 0.436022 1.000000
30 0.052319 0.596211 -1.136028 0.863289 -1.240340 -0.217208 0.390453 0.136621 0.186948 -0.716657 0.361927 0.261939 2.107603 0.741145 -0.865857 1.433152 0.762340 0.370115 -1.920242 0.456090 0.069307 -0.274732 -0.029628 -2.915664 0.975802 -2.143320 -0.544890 -0.437766 0.686412 0.957764 1.320126 0.660241 -0.672360 -0.499497 1.379422 0.054184 1.755200 -0.222422 -1.044289 0.842755 2.289791 1.000000
31 -0.088840 0.864715 -0.082143 1.075571 0.114649 -1.308229 -1.038670 0.440247 1.487815 -0.357201 0.029668 -0.366097 0.300203 0.569131 -0.123857 0.394280 -0.774200 0.592379 0.070556 -1.508495 0.471517 -1.252602 0.765905 0.316532 0.443794 -0.961155 0.239581 -0.101771 0.491854 -0.420029 0.178925 0.570276 -1.539074 -1.114251 0.263208 -0.212345 0.624041 -0.998833 0.307805 0.155806 0.068742 1.000000
32 -1.083641 1.347407 -1.268940 -1.435528 -0.893447 -0.841806 1.678078 0.560159 0.186278 0.108725 -0.232343 -1.306465 -1.492759 0.514887 -0.545919 -2.077449 0.390435 -0.201717 -0.644860 -0.781351 -1.476233 -1.026414 0.778640 -2.563306 -0.057924 0.173824 -0.985411 -1.562749 -1.122770 -0.035300 -0.066923 1.131285 -0.296386 -1.888340 -0.183676 1.083973 0.547060 0.327478 0.002100 -1.320136 81.475813 1.000000
33 0.129325 -0.961119 0.058229 -1.125575 0.520538 -0.092083 1.238732 2.311414 0.427834 0.322090 1.492313 1.292182 0.849941 -0.070481 0.533703 1.500501 -0.277294 -0.215815 1.133105 0.971184 -0.116552 0.669857 0.870167 -1.240299 -0.139918 0.980548 -0.535191 -0.260638 0.307651 1.204536 2.080624 0.374529 1.490129 0.905621 -1.068239 0.323636 0.017449 -1.547591 -1.386434 -0.546455 192.648019 1.000000
34 -0.190750 0.392916 0.448215 -0.187745 0.015137 1.504482 0.881757 -0.711270 -1.685432 0.580770 2.538200 0.162703 -0.412691 -1.425943 -0.164314 -1.139442 1.481632 0.297280 -0.997255 -0.474513 0.838268 -0.586420 -0.079465 0.217729 -0.170937 -0.206729 0.396466 -1.151524 0.297368 1.263231 -0.230390 -0.419491 -0.420817 -0.041673 0.859540 0.069496 -2.321310 -0.206514 -1.371879 -0.450549 0.750975 1.000000
35 -0.251863 -0.752189 -0.800814 -0.377827 -0.414921 -0.465409 1.274373 -2.950388 -1.357077 1.266127 0.302383 0.816019 -2.444556 1.679481 -1.284638 -0.084692 -0.067941 -0.913087 -1.731347 -0.906271 -1.043414 1.284440 -0.918595 -2.184471 -0.476611 0.184187 -0.354955 -0.935152 -1.034762 1.238477 0.357193 -1.020028 0.576797 2.384956 0.786094 -1.036087 -0.689398 0.727746 0.384945 1.281305 2.536326 1.000000
36 -1.611231 -0.507200 0.734894 -0.587812 -2.121793 -0.027360 -0.892946 -0.542156 0.785250 -0.081113 -0.398237 -0.493126 0.219906 -2.609606 1.924649 -0.297161 -2.444218 -0.174919 2.128140 -0.666765 0.430142 -2.391669 -0.127229 -0.734290 -1.211184 -1.207482 -0.077806 -0.898116 -1.184965 -1.272343 0.399371 0.161248 0.887800 -0.100657 0.854645 -0.685367 -0.618403 -0.035276 2.363188 0.405929 24.951125 1.000000
37 -0.977267 1.088440 0.134228 0.887523 -1.042148 -0.873930 -0.603641 -0.488858 -1.733826 -0.180044 0.639303 -0.308957 -0.831932 0.492360 1.069029 0.872909 0.542912 0.744291 1.027784 -1.713076 0.984105 -0.145092 -0.033332 0.500478 0.296724 0.688245 -0.256746 -0.270945 -1.408719 -0.271219 0.058602 1.380388 0.674673 -1.414382 0.663156 -1.526283 -0.025785 -0.038345 -0.319299 0.536426 1.197611 1.000000
38 -0.266684 0.729365 0.006913 0.758927 -0.463713 -1.035048 0.469511 0.412525 -0.533110 0.668538 -0.943465 0.568173 0.877494 -1.273491 -1.665999 1.011390 -1.286428 1.276354 0.362859 1.822617 -0.829737 1.066524 -0.056593 1.050011 0.037688 0.327987 0.114590 -2.398787 -0.885151 1.091050 -0.867764 0.453854 -0.622008 -0.614601 -0.031465 1.679552 -0.183529 0.967538 0.550934 1.266996 5.290190 1.000000
39 1.922456 -1.366807 -1.228855 -0.607800 -0.105564 -0.119020 0.186800 0.041127 -1.193668 -0.107513 -0.410423 0.616049 1.603689 -0.286355 0.135424 1.269079 1.404331 0.248838 0.932343 -0.307046 0.249389 -0.559893 -1.029681 0.344459 0.614804 -1.210099 0.121375 0.215914 -1.013304 1.361948 -0.213250 0.498508 1.325414 1.242640 -0.693788 -0.051244 0.644410 -0.955381 1.583271 0.275986 0.924263 1.000000
40 -1.163147 0.622466 0.003390 0.801409 0.861742 -0.019660 -0.442414 1.899221 -0.184377 1.778973 0.669394 -0.152369 0.819974 0.107228 1.318425 1.619413 0.652863 1.060191 -1.723691 -0.940923 0.093912 0.002444 0.123263 1.006297 -1.635676 -1.448862 -0.588213 0.949577 0.534375 -2.261563 0.743053 -1.024609 0.628169 0.167664 -1.392987 -0.489000 0.131097 -0.526762 -1.042607 0.702476 4.496425 1.000000
41 -0.174708 -1.670426 -0.962706 -0.778751 -0.745198 0.811792 -1.660276 -1.894612 -0.291413 -1.272186 0.507269 -0.446046 -0.188949 1.069778 -0.266220 -1.353490 0.134526 1.082973 -1.427018 0.602727 -0.169471 0.791286 0.015471 -0.175763 -0.081565 0.775226 2.026094 -0.921748 -0.082809 0.606940 -0.084945 1.455865 0.313076 0.801038 0.799546 -1.593499 1.297877 -0.530639 0.679030 0.221659 0.109263 1.000000
42 0.745492 0.177082 -1.342011 -0.745455 0.305398 0.823474 0.221856 -1.435417 -0.407131 0.070230 -0.154518 1.035021 -1.119288 2.093438 0.047893 -2.664447 0.969015 -0.104828 0.625974 -0.841507 1.175266 -0.595766 1.156771 0.025590 -0.146348 1.844989 -1.163780 0.376329 -1.729494 0.645160 0.537765 -0.429055 1.155723 -0.386481 -1.616917 -0.961675 -0.439326 0.190961 1.131511 2.699105 4.393148 1.000000
43 -1.598002 -2.044802 -0.032919 -1.086251 0.296641 0.294718 0.682643 1.617695 -0.827130 0.496603 2.847565 -0.481793 -1.742261 -2.655537 1.069551 -0.713148 -0.001539 -0.163530 -0.042169 -0.110731 0.046184 -0.951149 0.349535 0.781880 -0.918139 -0.194787 -0.231188 0.503093 1.659502 1.659472 1.686368 -1.507910 1.169248 1.476414 0.204088 -2.210716 -0.925151 0.033295 0.721719 -0.585622 61.013651 1.000000
44 -0.549813 0.013685 -1.848073 -1.298856 0.184288 -0.275569 0.611152 0.440873 -1.005366 -1.013674 1.375980 0.779952 0.445705 -0.808802 2.186114 0.022573 -1.519432 1.006559 1.433570 -1.617675 0.907874 -1.541317 0.493432 0.996377 0.641318 -1.337929 -0.206278 -0.207939 0.360399 -1.652899 0.749197 0.042354 0.584288 -0.585321 0.538337 0.332931 -0.107730 0.278014 1.152151 -0.124987 3.701776 1.000000
45 -0.892574 0.010272 -0.520338 0.221743 -1.263444 -1.033894 -1.653090 0.759804 -1.366422 -0.965283 0.242596 0.107592 -0.565020 -0.107827 0.289940 0.036208 -0.954108 -1.433976 0.220325 -0.104983 0.249074 -0.314817 0.192982 -0.580226 0.000372 0.242668 -0.156263 -0.734565 1.920465 1.037353 0.166387 0.025188 -1.726360 1.942210 1.062787 -0.219335 -0.565724 0.266317 1.415944 1.166057 6.352936 1.000000
46 1.190972 -0.568138 0.076979 0.532433 1.287557 -0.439279 -0.110676 1.518856 -0.989456 -1.673068 0.915734 -0.826056 1.188699 0.127952 -0.054612 0.534441 -1.124472 0.408155 -2.035524 -0.777135 -0.906834 1.357278 0.900615 1.539630 -0.788084 0.316485 0.640706 -1.155711 1.093985 0.159220 0.208311 0.666666 0.847451 -0.656434 0.321201 -0.515928 0.402960 0.115866 2.092911 0.276150 0.125572 1.000000
47 1.359565 -0.720454 0.881613 0.636360 1.238323 -0.243158 -0.153647 -1.726008 -0.481528 0.701368 1.583540 -1.943887 0.418072 0.090182 0.399599 -0.319082 -1.590268 -0.387576 0.135848 -0.543773 -0.040053 0.591602 -1.383301 2.487892 0.021120 0.272436 -0.680862 0.457209 0.300630 0.503631 1.079095 -0.315687 0.406181 -0.148763 -0.702992 -0.138196 0.387433 0.172636 -0.391567 -1.028786 0.782211 1.000000
48 -1.206835 -0.026549 0.448487 -0.726646 -1.026165 1.225333 -0.445919 -0.556252 0.177079 -0.251701 -0.570918 0.182449 -2.265668 -0.385400 1.391376 1.456486 1.510784 -0.504436 -0.011189 0.560043 -0.525295 1.349016 1.507954 0.856804 1.408961 -0.552621 -0.582015 1.965998 0.892026 -0.692176 1.384045 0.259170 0.186685 1.088245 -0.889611 -0.387781 2.226399 0.396976 0.232262 0.222529 4.216959 1.000000
49 0.083823 0.972784 -0.202057 2.311380 1.988221 2.855846 -1.574576 -0.158723 -0.287088 1.467174 0.195022 0.528427 0.389612 1.249767 -1.953141 1.314419 -0.024200 -0.401785 0.243733 1.490364 -2.501755 -0.333383 0.476833 1.955094 -0.213829 1.473410 -0.892445 0.593306 -2.842893 -0.105447 -0.358538 0.033037 0.266132 -0.547704 -0.207598 -1.546817 1.904473 0.484431 1.249923 -0.139216 0.158322 1.000000
50 0.709000 -1.925541 -1.925352 -0.311272 -0.169842 -0.208385 1.507628 -0.367419 0.392066 -0.839924 -0.454053 0.137050 2.133274 0.582595 -0.485632 0.016748 -1.026657 0.596508 0.371845 -1.888127 0.995762 0.827532 -0.285011 0.963280 0.788710 1.642440 0.795094 1.948529 -0.386258 -0.834904 0.141715 0.345739 0.769135 0.236915 -0.108541 -0.132233 -0.665399 2.430619 1.236580 1.343599 41.374553 1.000000
uncorrelated Gaussian covariates
missing covariate fraction: 0.000000
no latent classes
   lambda(t|risk 1)=C, <t>=4.000000 for zero covariates
   risk 1: beta[1]=0.500000
   risk 1: beta[2]=0.500000
   risk 1: beta[3]=0.500000
   risk 1: beta[4]=0.500000
   risk 1: beta[5]=0.500000
   risk 1: beta[6]=-0.500000
   risk 1: beta[7]=-0.500000
   risk 1: beta[8]=-0.500000
   risk 1: beta[9]=-0.500000
   risk 1: beta[10]=-0.500000
   risk 1: beta[11]=0.000000
   risk 1: beta[12]=0.000000
   risk 1: beta[13]=0.000000
   risk 1: beta[14]=0.000000
   risk 1: beta[15]=0.000000
   risk 1: beta[16]=0.000000
   risk 1: beta[17]=0.000000
   risk 1: beta[18]=0.000000
   risk 1: beta[19]=0.000000
   risk 1: beta[20]=0.000000
   risk 1: beta[21]=0.000000
   risk 1: beta[22]=0.000000
   risk 1: beta[23]=0.000000
   risk 1: beta[24]=0.000000
   risk 1: beta[25]=0.000000
   risk 1: beta[26]=0.000000
   risk 1: beta[27]=0.000000
   risk 1: beta[28]=0.000000
   risk 1: beta[29]=0.000000
   risk 1: beta[30]=0.000000
   risk 1: beta[31]=0.000000
   risk 1: beta[32]=0.000000
   risk 1: beta[33]=0.000000
   risk 1: beta[34]=0.000000
   risk 1: beta[35]=0.000000
   risk 1: beta[36]=0.000000
   risk 1: beta[37]=0.000000
   risk 1: beta[38]=0.000000
   risk 1: beta[39]=0.000000
   risk 1: beta[40]=0.000000
