N=100
P=100
R=2
1 0.933625 -1.721084 NA 0.088767 NA NA NA NA NA -1.010298 -2.173122 -0.509988 NA -1.084086 NA NA -0.666412 0.869702 -0.360052 0.134408 -0.043921 NA NA 0.240239 NA -0.187178 -0.971196 -0.404804 NA 1.744698 1.401989 NA NA NA -0.403090 NA 0.344226 0.555711 NA -0.358858 -1.419876 1.201393 -0.166190 NA 0.649237 0.670695 1.207427 NA -0.800103 -1.176707 NA NA NA -1.975292 -0.776849 1.276023 NA NA NA NA 0.960218 1.841414 0.554800 0.145673 0.969085 NA 0.004579 NA -0.803309 -0.823545 NA -1.198534 -0.508157 0.562428 NA 0.543256 -1.885561 NA NA -1.054159 NA -0.312335 -1.997602 -1.330527 -0.783785 NA NA -0.147990 NA NA NA 0.643156 -2.057854 0.592861 NA NA -0.493964 NA -0.607723 NA 26.884808 1.000000
2 -0.051405 0.978785 NA NA 0.648507 0.865455 0.448703 -1.130141 -0.253656 -0.472378 2.373965 1.901601 1.298563 -0.913172 0.784037 NA 0.196022 -0.147926 0.191613 -0.431540 NA 0.366133 NA -0.029579 NA -0.304018 NA NA -0.655536 1.207981 NA -0.212470 NA 2.182662 0.633448 NA 2.051583 -0.383928 0.129247 2.276463 1.241375 0.508492 NA 0.260698 -0.172391 -0.459209 2.397293 NA 0.791451 0.858003 NA 0.190198 NA NA -3.252719 NA NA -0.020552 -0.998699 NA NA NA 0.968186 NA 1.744906 0.550260 1.295911 NA NA NA -1.522968 0.911140 NA -0.313342 -0.137088 -0.625376 NA 1.336794 -1.261423 1.333680 1.041477 -1.178932 -0.361691 -1.667463 -1.937758 NA 0.223819 NA 1.209983 -0.964570 1.252672 1.337008 0.325327 -2.291709 NA NA -0.684071 NA NA NA 0.619369 1.000000
3 0.897364 0.557225 NA 0.600108 0.461711 0.067118 -1.305051 -0.019938 0.771930 -1.269052 NA 1.457934 NA -0.592433 -0.328697 -2.879930 0.850879 0.270136 0.229882 0.708093 -0.093148 NA NA NA -0.123706 1.227513 0.835323 1.057009 -0.847843 NA NA NA 0.144572 NA -0.518140 0.559834 NA 0.751096 1.149439 -1.647540 2.622827 NA -0.244487 -1.308554 NA NA NA 1.726139 NA -1.067798 -1.542541 1.613017 1.750465 NA -1.243165 NA -1.136533 1.467711 -0.259909 NA NA NA 0.374433 NA NA NA NA NA NA NA -0.361315 NA -1.227840 NA NA 1.322876 -0.011929 NA NA NA 1.110281 -1.669520 -0.410456 -0.090530 0.044872 NA -0.444956 -0.184613 1.005539 0.363933 1.096179 NA NA 0.307565 NA -0.441529 -0.292285 NA -0.077374 -1.865780 0.662575 1.000000
4 NA NA NA -1.007396 -0.965240 1.190506 NA -0.201066 NA -0.481977 -0.616829 NA 0.431097 NA 1.378180 NA -0.819416 NA -0.706914 1.017735 -0.328017 0.026043 0.935458 -0.965650 NA NA 1.677671 0.123897 -1.573268 NA 0.287784 NA 0.188029 -0.879747 0.665681 0.555941 0.062367 NA -0.356828 2.069890 NA NA 1.092842 NA NA 1.001307 -1.048415 0.546415 -1.638700 NA -0.547871 0.824301 -0.324387 NA NA NA -1.292281 2.850454 NA NA NA 0.904600 NA 0.778582 NA 0.737981 -1.594432 2.354869 NA NA -0.028435 NA 0.186242 -0.150764 0.574870 -0.915568 NA NA 0.163573 1.664548 0.702826 -0.119851 0.114285 -1.685842 NA -1.681074 -0.518334 NA NA NA -0.103527 -0.128647 NA -0.275366 -0.165575 -0.742729 0.538148 NA -1.380577 -1.693282 4.755362 1.000000
5 NA NA NA 0.020257 1.404957 -1.079677 -0.522147 NA 0.960480 -0.205054 NA 0.963309 NA NA NA NA -1.105942 -0.599748 1.902595 0.243874 0.184535 NA NA -0.270135 NA -0.646635 NA -0.938610 -1.281367 -0.395368 0.073012 -0.843038 -1.980715 1.547754 NA NA 0.187011 NA NA NA -0.492694 NA -0.540996 0.686364 NA 0.584701 -0.481285 -0.065500 0.013510 NA -0.140634 -1.962704 NA -1.388476 0.409505 NA -0.116108 NA 0.152301 0.528536 NA NA NA -1.203069 -0.327816 NA 0.984660 NA 0.452232 -0.878233 0.161205 -2.724810 NA NA 0.576301 NA NA NA 1.496516 0.978878 NA NA NA NA NA 0.282418 0.234244 0.038819 NA NA NA 0.157884 NA -0.616594 -1.794347 NA NA NA NA 0.015190 0.972082 1.000000
6 -0.612169 NA -0.641002 0.385248 NA -0.842956 -0.885726 NA 0.000701 NA -0.586658 -0.151232 NA NA NA -1.575854 -0.400868 -1.034006 NA 0.448395 1.246380 0.830696 -1.018867 NA NA -0.097025 NA -0.525239 NA NA -1.159319 NA -1.162279 0.021748 NA NA NA -0.661244 0.140203 NA 0.870015 NA -0.070071 NA -0.631138 0.543883 -0.884495 NA NA 1.221134 NA 0.557594 NA 2.730044 -0.236227 1.198675 1.186252 -0.245577 NA -0.003430 0.776560 -0.261856 NA NA NA NA 1.401963 -1.011416 0.351035 -0.300074 NA 2.111743 NA NA 0.934153 NA 1.003769 -0.220967 NA 0.778282 -0.323740 -0.877323 NA NA -1.834715 NA -0.777406 NA -1.028826 NA 2.071736 NA 0.078760 NA 0.408791 NA -1.402926 NA -1.271441 NA 1.645789 1.000000
7 NA 0.646937 NA -1.656356 -2.239820 0.433687 NA NA NA -0.136716 -1.196999 NA -0.429381 NA NA NA -0.481505 NA 0.198376 NA -0.629614 NA 0.544567 0.079359 -0.867374 2.648765 -1.439488 -1.300624 NA NA 0.877190 -0.860713 -0.077005 -0.486231 NA -1.205807 1.127735 -0.857268 -1.392225 NA -0.149898 1.547110 1.121797 -1.457236 -0.116490 NA 1.781408 NA -1.337061 NA -0.597787 1.504382 1.099222 NA NA 0.040119 -0.165429 0.115748 NA NA NA -0.421208 NA 0.484905 -0.111030 0.894981 0.317407 NA -1.535353 0.532265 1.875238 0.854231 0.083812 NA NA 0.142061 -0.048346 NA -0.010264 0.120247 2.038513 -1.165190 -0.289888 NA 1.014982 NA NA -0.647190 -0.734008 -0.299611 NA NA NA NA 2.431389 -0.323230 NA 0.960303 NA NA 45.206478 1.000000
8 -0.647663 NA -0.543316 -1.465106 0.288085 NA NA -2.100389 NA NA 0.376779 NA NA -0.943861 NA -0.738825 NA 1.365221 NA NA -0.837185 -0.049442 -1.662248 0.392327 NA 0.094399 NA -0.368322 -0.293862 NA NA NA 0.354943 NA NA 0.000033 -0.338782 -1.524061 -0.487354 NA NA 0.606182 -0.184982 0.570951 -1.212985 NA -0.745058 0.609431 NA NA 0.667972 0.239716 0.311386 NA 1.341303 -0.200463 0.046869 NA -0.712633 NA 0.335801 NA -1.249710 NA NA NA -3.360197 -1.315572 -0.345031 -0.006191 NA 1.443963 -0.728930 NA NA -0.794519 0.951377 -0.588978 1.331107 -0.518460 -0.040647 0.291727 -0.259497 0.402121 -0.373051 -0.292602 -0.383467 -1.141448 NA NA 1.095202 0.929390 0.066371 NA -0.415665 NA 1.140655 NA NA 0.354055 3.298470 1.000000
9 NA 2.006057 -1.207483 0.653520 NA NA -0.784872 NA NA -0.019639 NA 0.519843 0.347657 -0.914993 NA 1.558229 NA 0.057028 NA -0.386092 1.211004 0.573721 NA NA 0.539908 -0.948841 NA -0.663246 0.138644 -0.257320 NA 0.576376 -1.141909 1.024137 NA -1.348829 -0.509403 NA NA NA 0.831577 -0.151602 NA -0.460827 -2.599093 NA 0.641936 -0.033957 -0.674674 NA NA NA NA 0.099953 -1.824052 -0.140240 NA -1.107098 NA NA -0.582145 -1.300267 NA -1.040077 0.234876 NA 0.900778 NA -1.648906 NA NA -0.413915 0.264528 NA -0.039926 -0.552216 0.030887 0.231202 NA -0.693019 1.684359 NA NA -0.950397 -1.655567 NA -0.135990 -0.396557 0.235156 NA NA -0.123733 NA NA NA NA NA NA NA NA 2.226502 1.000000
10 1.293391 -0.751633 -0.239097 NA -0.356483 NA -0.558520 -0.577979 -0.350627 1.470207 NA NA 1.483670 -1.237810 NA -0.671767 -1.707395 NA 0.767916 NA NA NA NA 0.867611 -1.599293 NA -0.788980 -0.948605 NA 0.853131 -0.516292 1.100582 0.416752 0.001079 NA NA -1.266037 NA 0.597221 -0.306323 0.618312 -1.060697 NA NA NA -0.410959 NA NA NA 0.059153 NA NA -1.299453 1.446416 -0.845165 -0.483086 1.073531 1.318214 -0.707799 1.210007 NA 1.149570 -2.955840 -0.630663 0.346213 0.157784 NA NA 0.396012 NA 0.155846 NA -0.134627 -0.721036 NA 0.682820 NA -1.274107 NA NA 0.096407 -1.921506 NA -1.284528 NA NA NA -0.156174 NA 0.510377 -0.891286 -2.575488 -0.879824 -1.440942 0.377933 1.415437 0.543388 -1.371046 -2.175731 NA 5.298202 1.000000
11 -0.502836 -0.345762 NA -1.298833 NA NA NA NA -0.438194 NA -0.708320 NA -0.607231 -1.301620 -1.490507 0.045018 NA -0.111291 0.626655 3.336315 0.712528 0.470104 0.188246 -0.356228 -0.356988 NA -1.423127 -0.191540 -1.069189 NA -0.040764 NA NA -0.591034 -0.196401 0.425635 0.101417 NA NA NA NA 0.413075 0.296953 NA -1.028657 NA -1.671945 0.054163 NA -0.141516 -0.357337 -1.411657 NA -1.637738 0.108858 0.994764 1.729615 NA NA 0.160902 NA NA NA NA NA NA NA -0.664712 NA 1.778669 -0.754662 NA 0.249615 NA -1.883573 NA 0.832419 -0.588106 0.557085 0.347253 -0.864817 -0.384552 0.526967 0.871397 -1.930082 1.701487 -0.948222 1.437854 -0.798361 -1.698746 -0.536439 NA -0.457556 -1.183894 NA 0.376288 0.069818 -0.773379 NA -0.212239 3.252363 1.000000
12 -0.472780 0.785110 NA NA NA 1.064437 -0.251234 NA 0.846667 NA 2.035838 -1.020007 -0.691230 NA 0.464791 NA NA 0.336801 1.750760 NA NA 0.694316 0.008927 -0.438119 NA 0.075061 NA NA 0.815325 -0.794947 NA -0.514689 NA -1.270194 1.112809 -0.837788 1.607203 -0.147269 NA -0.313078 -0.032831 NA NA -0.148287 0.735828 NA 0.221031 NA NA NA 0.521692 0.999929 1.135223 NA NA 1.384425 0.435994 -0.492171 NA 0.977788 0.030719 NA NA -0.348482 -0.411653 -0.327296 0.126680 NA 1.342595 -1.392382 NA 0.963628 NA NA NA -0.452149 -0.971473 NA NA NA NA -1.609083 NA NA -1.137014 -0.253675 -0.392457 NA -0.451684 NA NA -0.547117 -1.385193 NA 0.106044 -0.800387 -0.254679 0.633783 NA NA 1.705154 1.000000
13 0.387369 NA 0.165463 NA NA 1.071546 -0.638251 0.118536 -0.794629 0.473286 NA 1.695082 0.103485 0.781767 0.827338 NA -1.990708 NA 0.676388 NA -2.159618 -0.354857 0.906598 -0.396182 -0.278841 NA NA NA NA -0.399537 NA -0.688611 -0.215344 -0.264406 NA NA -0.389125 NA 0.976632 NA NA -0.401835 -0.328668 -0.407816 -1.024358 NA -2.115633 NA -0.697705 -0.708322 2.171830 0.599370 -0.759096 NA 0.418273 -1.073729 -0.208048 NA NA NA 0.283922 NA NA NA NA 0.893068 NA NA 2.303297 NA -0.868760 NA -0.897371 1.820613 -1.571186 NA NA 0.198716 -0.157741 0.622189 NA NA NA NA 0.678615 0.374822 0.520212 NA 0.382154 -0.807418 NA NA 0.682786 NA 0.306034 NA NA 0.096924 0.424146 NA 3.896382 1.000000
14 NA 1.589566 -1.942560 -0.167647 NA -0.538871 NA 1.039526 NA -0.069220 NA 1.320468 -0.478779 1.018464 -0.629302 0.740145 -0.607328 -1.655611 1.104195 NA -1.520109 NA NA 1.153171 NA -1.008466 1.170808 -0.041580 0.601782 NA NA 0.531318 NA -0.661230 NA 1.616065 1.453866 0.608960 NA NA 1.256541 0.085256 0.596310 -0.545316 -0.577194 -0.288390 NA NA 1.193077 NA NA 0.152001 NA -0.431495 -0.354529 0.566399 -0.255507 0.929399 0.186126 0.465966 -0.505351 -1.627228 -0.148858 NA -0.130019 -1.134424 NA 1.020439 0.305994 0.684306 -0.012733 NA NA NA -1.228103 -0.946459 NA 1.133947 0.112391 0.341417 NA NA 0.151314 -0.868779 NA 0.129652 NA NA NA -1.232019 0.023727 -1.267997 NA NA 0.906849 NA 0.130030 NA 0.935511 NA 7.713450 1.000000
15 1.462433 NA 0.441512 NA NA NA NA NA NA NA NA NA NA NA NA NA -0.010258 NA NA NA NA -0.599598 NA 0.393392 NA NA NA NA NA -1.451057 -1.594147 0.058266 NA NA -0.888088 -0.549043 -0.415105 0.147663 0.572286 NA NA -0.527302 NA NA NA 0.135556 NA -1.683472 NA -0.521090 NA 0.876535 NA NA 0.501063 -0.165307 -0.921757 0.267431 -0.141882 -0.922800 -0.360460 -0.269118 NA NA NA NA NA NA -1.331575 NA 0.489981 0.470553 -1.686370 NA NA -0.934237 -0.110609 NA 0.179092 NA NA 0.008442 1.252614 0.606662 NA NA -0.089500 NA -0.347157 NA NA 0.378577 -2.195240 0.885279 NA NA NA 0.627955 0.081414 1.623276 0.717377 1.000000
16 NA 0.340748 0.764039 -0.561308 -0.509304 -1.149604 0.431116 -0.544308 NA NA NA -1.374553 -0.615765 -1.788738 NA NA 1.193703 1.720370 0.636572 NA NA 0.461529 NA NA 1.172545 0.594169 NA NA 0.034306 -0.412337 0.654595 NA NA -0.069551 NA NA -0.040333 NA 1.257379 -0.336623 -0.438239 NA NA -0.608741 0.933210 1.561789 NA 1.272714 -0.947004 NA -0.606528 NA NA NA 1.331962 NA -1.207847 -0.951894 -1.747795 NA 0.409361 -0.500660 0.919857 NA 0.391022 NA 0.687015 NA 0.938910 NA -1.147119 NA 0.728780 1.031950 NA NA NA NA NA 1.600010 NA NA NA NA 0.417499 NA NA NA NA 0.599236 -0.533324 NA 2.244105 NA NA -0.370304 NA 0.463797 NA -2.020094 1.871679 1.000000
17 0.089914 NA NA 0.985859 -0.342745 1.438384 -1.155950 -0.927438 -1.137491 -0.086635 -0.871017 1.383696 -0.021589 0.475691 NA 0.247902 NA -0.597667 NA NA 0.895168 -0.511637 NA NA 0.909414 -0.625396 0.241165 0.259694 0.566638 -0.740940 1.678655 NA 1.332382 0.302742 NA 0.448294 NA NA -1.129148 NA 0.689756 -0.173737 NA NA NA NA NA NA 0.974209 NA -1.123387 0.031701 -0.338561 1.037704 -0.679043 NA -1.066114 0.528490 1.991437 -0.275248 NA -0.713493 0.807889 NA NA 0.538973 1.159480 0.743472 -0.289512 NA 0.435739 NA -0.506521 -0.386852 NA NA NA 0.038414 NA NA -0.956682 NA NA NA -1.306033 1.299414 2.181792 0.093251 0.365446 0.352382 3.017281 0.884670 -0.967027 0.302244 -1.385101 0.546864 NA NA 1.332066 NA 0.677433 1.000000
18 -1.178807 0.738069 0.746102 -1.344364 1.597648 -0.273881 -3.039797 NA NA NA 0.303706 -0.071075 0.770059 NA -1.119675 0.740935 NA NA 1.725533 1.241613 -0.834645 1.757424 NA 1.518632 -1.524148 NA NA 0.037636 NA 0.068162 -0.951643 -0.990130 -0.546778 NA NA 0.495436 NA -0.207455 0.137751 0.546881 0.771066 NA 0.583277 NA 0.205319 NA NA NA NA 0.586711 NA -0.221405 0.955860 -0.847834 -0.790226 0.919443 -1.390173 0.394513 -0.266445 NA NA 0.784876 -0.021051 NA 0.504372 -0.017567 NA -0.995214 NA NA 0.960762 NA NA NA NA 0.064453 2.495279 NA NA 1.541974 NA NA NA NA 0.947726 NA NA NA 1.295034 -0.353892 NA NA 0.811856 -1.642025 NA 0.045139 NA 0.242462 -1.979292 NA 2.955897 1.000000
19 1.111145 NA NA -0.010365 0.471730 1.002112 -0.111584 1.259013 -0.733532 1.129350 -0.268248 -1.550510 NA 0.274684 0.616881 -0.567385 NA -0.450589 NA NA NA NA -0.436044 NA 1.248167 1.073363 NA NA -0.085428 NA NA NA 0.263307 0.280690 NA -0.321487 NA NA NA -0.019261 NA -0.526167 NA -0.829465 NA 0.099047 NA 0.751128 0.348370 -0.309611 -0.248675 0.497761 NA -0.742169 -0.020064 NA NA -0.320379 -1.081740 -0.930827 -0.657377 NA -0.601542 0.097806 NA NA 0.250821 0.624818 -0.110531 1.460766 0.126671 0.617813 NA NA -0.479773 -1.158878 NA NA NA NA NA -0.576859 -1.394270 0.263550 NA 0.746875 1.857826 NA NA 0.317190 -0.439307 NA -0.729770 NA 0.088710 0.135269 NA 1.174164 0.286393 0.080911 3.327009 1.000000
20 0.852978 NA NA 0.268152 0.760369 -0.708399 NA -1.506813 NA NA 0.993562 NA NA 1.516477 NA 0.537270 -0.282594 NA 0.466116 -0.676277 0.364210 0.889654 NA 1.252803 NA -1.569357 -1.562747 -0.097970 0.334331 -0.375928 NA -0.347709 NA NA 0.470694 NA -0.668650 NA NA 2.016407 NA NA NA NA NA 1.700924 -1.066608 0.221104 NA -0.250553 NA -0.733702 1.270357 -1.014945 -0.329240 0.429155 0.342719 NA NA 1.389994 NA NA NA -0.540916 -0.860090 1.265031 1.071640 -2.044609 0.277131 -0.529750 0.091670 0.356325 NA 1.925813 0.493301 -1.248960 -0.636357 NA NA 0.910464 0.318853 NA 0.541465 NA -0.566461 NA NA NA NA -1.883505 NA -0.101965 1.889038 -0.828134 0.363283 -0.682354 0.164257 -1.811076 0.843879 NA 0.687742 1.000000
21 -2.041655 -1.790524 -0.240651 1.441692 0.768281 0.852061 NA 0.314875 NA NA NA -0.945850 -0.920205 NA NA -0.204081 -1.158099 0.803912 NA NA -0.360784 NA NA 0.599951 0.051684 NA 0.221570 0.088780 1.489189 NA -0.368064 NA -1.945916 0.272416 NA NA 0.928093 NA 0.156845 NA -0.105860 0.054591 NA -0.430607 1.042617 0.290520 0.460398 NA NA 0.076025 -0.704312 NA NA NA 0.097331 0.549506 -0.356025 NA NA -0.564326 0.051218 NA -0.549951 NA -1.027986 -1.174885 NA -0.305816 0.418263 -0.904430 NA 0.672617 NA -0.958398 0.427393 2.103743 NA NA 0.446802 0.189115 NA -0.727867 -0.833080 -0.844775 NA 0.338349 0.103614 -1.303637 NA -0.712391 -1.641978 NA 0.400423 -1.232325 NA NA -0.017514 -0.690055 NA NA 62.907312 1.000000
22 0.640683 NA NA NA 1.113041 0.079038 0.364386 -0.208978 -0.280303 -0.936951 NA NA -0.908173 0.566893 NA 1.072960 NA NA NA NA NA 0.797455 NA -0.107750 -1.612977 -0.319900 NA 0.606747 NA 1.034238 NA 0.466779 NA NA 1.618879 1.265351 0.277606 NA -0.471107 -0.275596 NA NA -2.002772 NA 0.605500 -0.274562 1.065702 NA -0.954046 NA NA 0.039923 -0.085719 0.143680 0.768122 NA 0.138212 NA 0.016623 2.471390 -0.003203 NA 1.988867 NA 0.622387 -0.178356 0.520069 NA -0.893103 NA NA NA 0.598453 0.571792 0.622118 -0.154384 NA 0.714381 -1.428996 0.049185 -1.472713 NA 0.678512 NA -0.887812 NA -0.393676 NA 1.059912 0.109032 0.486230 -0.128396 NA NA -0.674150 NA 0.120089 -0.907674 NA NA 0.315705 1.000000
23 -0.497047 0.496691 NA NA 0.807452 0.567258 NA NA -0.639266 -0.076969 1.777670 -0.633701 0.627555 0.775674 1.004893 NA NA -0.198177 1.463136 -1.390260 -0.056839 NA NA -0.756435 NA NA 0.051158 NA NA NA NA 0.799100 NA NA -2.109561 NA -1.334784 -0.531005 0.237546 0.399306 NA NA -0.071306 0.032223 -1.702304 -0.629837 0.097619 NA NA NA NA NA -2.178418 NA 0.856468 -1.248033 -0.219677 NA NA -0.765442 NA NA 0.053022 NA -0.618511 NA NA 0.035326 NA NA -1.323028 -0.592533 1.191966 -0.499878 NA NA 0.436149 0.705719 NA NA 1.627912 0.683273 NA 0.140318 NA NA NA NA -0.050055 -0.703022 -0.809327 1.412852 -0.192107 NA -0.822863 NA -1.537196 NA 0.374348 NA 1.730891 1.000000
24 -0.318290 0.735478 NA 1.323760 -0.068051 0.831767 NA -1.507527 NA 0.474397 -0.099622 -0.470515 NA -0.547018 0.217498 NA NA -0.268774 -2.107773 NA 0.517419 NA NA 0.291903 -1.711278 NA -0.332714 0.239201 NA 0.908772 NA NA 0.971611 -1.362418 1.661305 NA -1.430586 0.509945 NA 1.049086 0.215897 -1.597287 -1.098290 0.356088 NA 1.269496 1.830223 NA 0.713754 NA -0.307187 NA NA -1.684304 NA -1.583215 0.530420 -0.062064 NA NA NA 1.335517 NA -0.782948 NA NA NA 0.193252 0.196746 NA -0.569851 NA NA NA -0.506409 0.019832 NA -0.531527 0.423729 1.696804 0.648357 NA -1.194865 1.313186 0.040014 NA -2.050091 NA NA NA NA -0.309288 -0.879701 NA -1.087747 0.679349 0.718927 NA 0.291670 -2.037887 8.023949 1.000000
25 NA -0.199114 1.674558 -1.194909 1.356651 -0.061036 -0.847594 NA NA 0.578496 -0.325911 NA NA NA NA -1.134213 -0.505073 NA 0.152454 -1.044435 0.489664 NA -0.296545 NA 2.268684 0.007533 0.442910 -0.880255 1.549261 NA NA 1.320022 -1.034499 -0.536354 NA NA -0.840696 -1.423824 0.311491 NA 2.221153 0.038553 -1.256355 -0.866086 NA NA 1.616404 0.374247 2.023464 0.467080 -0.558136 NA -0.773878 0.629339 0.797130 0.292670 NA NA -0.736532 1.255190 -0.378081 NA 1.791379 0.888192 -1.920768 NA 0.867741 -2.086869 -1.006727 NA -0.925337 NA -1.582749 -0.329744 1.031839 -0.217944 NA NA 1.686865 NA -0.700263 0.822482 -1.084971 -1.694212 NA NA NA -2.357987 NA 0.181143 0.512640 NA -1.807663 NA -0.365763 NA 0.139166 NA -1.604907 2.621140 0.002256 1.000000
26 0.227343 0.584315 NA NA NA NA NA 1.062648 0.753124 NA NA 0.314241 -0.783508 -0.295283 NA 0.718743 NA NA NA NA NA -1.323195 0.729761 NA -0.842161 0.039379 -0.883182 NA 0.508202 -0.192814 -0.992642 NA 0.095715 NA -1.091731 -0.129983 0.625945 -0.003239 2.241588 1.841092 1.391972 0.083480 NA 0.467617 -0.214411 0.234226 1.396322 -0.991301 -0.482845 0.034664 -0.481338 -0.467436 -0.558584 NA -1.119518 NA NA NA 0.550475 NA -0.270860 -0.900419 0.388139 0.477158 -0.254309 NA NA NA -0.880318 NA 1.378733 -0.849706 1.441650 0.136218 0.717303 0.640977 NA 2.113834 -0.192354 NA 1.671954 -0.340390 1.391320 NA NA NA -0.004795 -0.088528 -0.814122 -0.204435 -0.631823 -0.810940 -0.165852 NA -0.296281 NA NA -0.592107 -0.871075 NA 7.298112 1.000000
27 0.176335 NA NA 0.536155 NA -0.612576 0.537685 NA -2.541886 1.017387 -1.017310 NA NA -1.167734 -0.896629 -1.523774 0.922830 NA -0.075883 NA -0.518893 0.914539 -1.826326 NA -0.718570 -0.543945 -0.518716 1.672851 NA -0.095365 -1.512527 -0.589357 1.515163 0.239112 -1.102316 NA -0.509247 NA NA 1.751196 NA 0.603146 NA -1.249710 0.370401 -2.013315 NA -0.695358 -0.161848 NA -0.088876 0.521020 0.208163 0.542860 0.446902 NA -0.934206 NA NA NA NA -0.169570 NA NA NA NA NA -0.545592 NA 0.709349 0.161752 NA -0.777558 -0.865857 NA NA -1.932499 1.146857 -0.124454 NA NA NA -2.311393 0.172356 NA 0.239526 2.174654 NA -1.675351 0.032981 -0.445936 -1.172374 -2.709277 -0.855501 -1.265207 0.052853 -0.073808 NA NA NA 7.450117 1.000000
28 NA NA -0.620302 0.898515 0.712614 0.867127 0.349821 -0.910027 NA NA 0.719565 0.114960 NA 0.237962 NA 0.118794 NA NA 1.632307 NA NA -0.090635 -1.866378 -0.790367 2.717596 0.350262 0.090045 NA -0.886178 -1.055265 1.422924 NA -1.468706 0.223397 -0.066694 0.349376 -0.647881 NA 0.135035 0.970257 -0.218799 NA 0.282419 -1.875900 NA NA NA 0.644397 -1.017581 0.850168 -0.364449 -0.289833 -2.154545 0.611637 -0.606188 NA -1.638967 NA -0.506365 NA -1.934121 0.253061 2.245082 0.742356 0.676458 NA -0.515312 -0.198216 NA NA NA NA 1.975125 NA -1.500288 -1.404595 NA NA NA 0.641451 0.225850 NA -0.181800 1.175046 0.775009 -2.258426 NA NA -0.472839 NA 0.058465 NA 1.342796 1.615452 1.623993 -3.900113 0.462123 0.375227 0.641382 2.684330 2.123968 1.000000
29 -0.451414 NA 0.585704 -1.263565 -0.131382 NA NA NA -0.665381 0.359600 -0.851525 -0.475680 0.186030 -1.376636 NA -1.743779 1.002390 NA -0.396486 NA 0.843150 NA 0.775027 -0.860469 NA 1.516386 NA NA 0.921351 1.255818 1.367073 NA -1.281538 NA 1.050830 NA -0.995474 0.236399 NA NA NA NA NA -0.350526 -0.318978 1.024142 NA NA 0.367134 0.866788 NA 2.066915 NA NA -0.846040 -0.282479 0.478612 -0.058811 0.672189 0.212180 NA NA NA NA 0.487857 2.032379 2.105486 0.585731 0.164714 0.019965 NA -0.147329 -0.301900 NA NA 0.365964 0.266208 0.239027 -1.300090 NA NA -1.481645 -1.769102 -2.377821 NA -1.064440 NA NA 1.532093 NA 1.174467 NA -1.488528 0.915314 -1.240598 1.516016 -0.192803 NA -0.408923 -0.890962 2.434992 1.000000
30 0.451813 0.363481 1.087555 NA -0.908369 NA 0.410463 NA NA NA 1.505890 -0.602084 -0.395256 -0.475364 -1.108354 NA NA NA NA NA 0.480245 NA -0.101453 -0.733267 -0.611904 -1.009968 NA NA -0.583608 1.258267 NA 1.045146 -2.042552 0.998013 -0.260899 1.317048 NA NA NA NA 0.712252 0.961673 -0.164637 -0.544422 NA NA -1.284219 0.225073 NA NA 1.311232 -2.110290 -0.279547 -0.335706 -1.969232 NA NA 0.575315 -1.710188 NA -2.290542 -1.043736 NA 0.199575 0.527246 NA -2.217114 NA NA -2.429273 1.714914 NA NA -0.188206 NA NA -0.383699 -0.273790 NA NA NA NA 0.323637 1.412911 0.428228 0.170703 1.629409 -0.748438 -1.858057 -3.311212 -1.677330 -1.850690 -0.217857 1.180608 0.404033 NA NA 1.044241 NA NA 0.755802 1.000000
31 -0.659214 -0.893989 0.934009 -0.729540 NA 0.463676 NA NA -0.359360 0.196489 -2.094948 -1.627840 1.709637 NA 0.236267 NA -1.368730 0.408550 1.180239 -0.991373 -1.266276 NA NA 1.312966 -2.199020 NA -0.584300 -1.412167 -0.768820 -0.644407 NA 0.717020 NA -2.045019 0.143734 NA -1.347995 NA -0.012246 0.476694 -0.899085 0.677901 0.810488 NA 0.159655 -0.093389 0.528870 NA -0.762988 NA 0.356024 1.215394 NA NA NA 0.993312 NA 0.525077 -0.291620 0.525242 NA NA NA NA NA 0.531359 NA 0.317118 -0.407022 NA -0.143215 NA 0.123347 NA -0.413067 0.650532 -0.885649 0.554696 0.167010 NA NA -0.783850 -0.735312 -0.161067 -0.135108 -0.048482 -1.607038 NA -2.044211 NA NA 0.752686 -0.258941 -0.986203 NA NA NA 1.685282 NA -0.286235 0.204765 1.000000
32 -1.169206 -0.517923 NA -0.221534 NA 0.159304 NA NA -0.107195 NA -0.294797 NA NA 1.065153 1.131118 NA -0.715464 -0.599166 1.345088 NA 0.029984 0.472304 NA NA -0.811204 0.621496 NA NA NA NA -1.024870 1.098461 NA 0.061671 -0.929443 0.640535 -0.114254 0.760245 NA -0.434044 NA 0.283463 NA 0.751890 0.151376 -0.195393 0.269082 -0.272946 0.306562 -0.773423 NA NA NA NA -0.694995 1.071875 NA 0.211352 NA NA 0.077347 0.227075 NA 0.847130 0.844097 0.304707 -0.175894 0.412693 NA NA -0.931334 NA 0.771907 0.965297 NA NA NA -0.980464 NA NA 0.128659 NA 1.411930 NA 0.210028 NA 0.607198 -0.135868 -0.981577 0.745257 NA 1.028630 -1.683837 -0.037004 NA NA -1.392903 0.264469 -1.017103 NA 9.662070 1.000000
33 NA -1.159623 NA 0.800102 0.392039 -0.058919 NA NA -0.307507 1.441782 NA 1.591773 NA NA NA -0.860267 NA NA 0.005513 1.197915 NA -0.023753 NA -0.333907 0.158201 NA 1.176592 NA -0.151737 NA -1.188030 NA NA NA -0.002621 2.075698 NA -0.977399 NA NA 1.114450 NA 0.445197 0.255703 2.271139 0.246851 -0.526950 -0.869520 NA NA -0.369283 -0.998885 -1.399943 NA -0.205052 NA NA NA 0.260503 NA -0.215528 -0.169101 NA -0.583473 1.460075 NA 1.360389 NA -1.159474 1.645172 -0.673227 1.651441 NA 0.541785 NA 1.203484 NA -0.833467 NA -0.428813 -0.422915 1.765041 NA NA 1.171070 NA -1.134539 0.374605 NA 0.120419 -0.205240 0.910275 NA 0.172144 NA NA 0.346071 NA 0.162329 NA 6.176951 1.000000
34 NA -0.522178 NA 0.150061 NA -0.097929 NA 1.075529 -0.679034 -1.042968 NA -1.199682 0.733942 NA 0.149293 0.653042 -1.141144 0.526846 1.014078 -0.263522 NA 1.164743 0.857068 NA -1.301057 -1.475896 -1.026407 0.711334 -0.106453 NA NA -0.039938 0.958178 -1.364475 0.009348 NA 0.968084 -0.311421 0.636160 0.496552 NA NA NA -0.950937 1.029097 NA 1.429614 -1.235890 2.150193 NA 2.989687 NA 1.361609 NA NA NA -1.526903 NA NA NA NA NA -0.131087 0.988988 NA NA 3.598426 NA -0.214798 NA NA 1.245761 -0.167003 NA 1.002026 0.464905 0.034154 NA NA NA NA NA -0.012389 NA NA 0.229516 -1.085176 NA 0.225181 NA -0.262377 -0.844196 NA NA 1.139689 NA NA -0.025950 1.007727 -0.859764 67.175420 1.000000
35 NA NA 0.575882 0.115328 NA 0.364527 0.292756 -0.426131 NA NA NA 0.435598 -0.658844 0.013551 0.164272 -1.144666 NA 0.976730 -0.191322 -1.214347 -0.561461 -1.793692 NA NA NA NA NA NA NA -0.033428 NA NA 1.186155 -1.668244 -0.489921 NA 0.999415 -0.536216 -1.491186 -0.352904 0.199080 NA 0.318682 -0.273901 2.198846 NA 0.407976 NA NA 1.583465 NA NA 0.469811 1.094039 0.595193 1.913268 NA 0.336710 -0.244410 NA -1.123479 -0.022980 NA NA NA NA -0.017525 -0.043939 NA -0.989878 NA NA 0.906558 NA -0.098671 1.497218 1.288831 2.024396 -1.203452 NA 0.352354 NA NA -0.742571 1.528527 0.732549 NA -0.054477 0.847509 0.541537 0.318710 NA -1.107419 NA 0.223639 0.764687 1.296756 NA NA NA 3.599368 1.000000
36 0.269468 0.434237 -1.775785 0.062461 0.494243 NA NA NA -0.921143 -0.597781 1.017296 -0.647565 NA NA 1.118107 -1.786434 0.392206 NA -1.423079 -0.210324 -1.039152 NA -0.158626 -2.076346 NA 1.346569 -0.006882 0.637725 NA 0.425210 0.865582 0.412050 NA -1.124808 NA NA -1.175865 NA NA NA -0.600199 NA NA NA NA -0.830838 NA -0.603805 -0.644298 NA NA 0.075695 -1.855855 -0.165769 0.099709 0.339194 0.399079 0.098109 -0.265387 -0.476429 NA 1.269920 -1.314962 NA NA 2.675798 0.539763 -0.444840 1.336721 -0.034325 NA -0.612373 NA NA NA 0.532626 NA NA NA NA -0.718864 -0.295149 NA 1.251172 -0.608441 0.792467 1.520569 1.449733 -0.192916 0.466660 0.784809 NA -1.812239 1.980556 -1.738848 0.485483 NA NA NA -0.299789 1.240329 1.000000
37 0.943321 NA 0.279415 -0.360228 0.677657 0.216125 1.577516 NA NA NA NA 0.617234 NA -0.136911 NA -0.830385 0.777854 NA -1.556730 NA NA 1.595057 -0.746699 NA NA NA NA NA -2.065364 0.003873 NA 0.299534 NA NA NA NA 0.722161 0.933613 1.959693 1.445719 NA -0.120146 NA NA -1.905690 NA -0.094460 NA NA -0.523294 1.269989 0.457060 NA 0.904283 0.399453 -0.881202 -1.944733 NA 0.484575 NA NA NA 0.878948 -0.791673 -0.132741 -1.880525 NA -1.302641 NA NA 0.584622 NA NA 0.193402 0.451273 -0.625375 NA -0.084642 -0.903975 -0.307989 -1.092696 0.029240 0.292042 -0.081247 0.690095 1.155714 NA 0.355995 0.301188 0.211161 NA 0.513557 NA 0.924247 NA 0.533974 -0.021569 -0.502989 -1.554340 NA 0.014290 1.000000
38 2.519213 -0.231229 0.337996 NA NA -0.075753 NA -0.509641 NA -0.449253 0.239248 NA -0.731996 NA -1.714944 NA NA 0.507733 1.204148 1.027130 NA 0.234531 NA NA NA -0.695788 -1.548185 0.961786 0.629658 NA NA 0.003251 0.207540 -1.153414 NA -1.332453 NA 1.020038 -0.713909 NA -0.468224 NA NA -1.400589 0.203900 0.147335 0.692797 NA NA NA NA 1.438143 NA 2.344615 -1.090953 NA 0.058864 0.658430 NA 2.966629 -1.358547 -1.396847 0.965002 NA NA NA 0.775367 NA -0.544690 -0.193394 -0.508181 0.538959 0.395597 NA 0.710491 0.353658 -0.157739 -0.113701 NA NA NA NA 0.440563 -0.358677 NA NA 1.304010 0.030532 -0.561904 0.332839 -0.663318 0.220260 0.793503 NA NA 1.339239 2.778256 NA 0.510571 NA 0.543354 1.000000
39 -0.059514 NA 1.459123 NA NA -0.139900 2.573013 -0.110126 NA -0.966585 0.917535 1.442841 0.050363 0.076640 NA -0.803004 NA -0.155898 -0.611706 NA 2.032490 -1.269090 NA -0.758523 -0.858987 -0.201156 NA NA NA -2.271290 -1.001346 NA NA 0.983541 -0.007243 NA -0.335028 NA -0.050443 2.003781 NA NA 1.188122 1.017605 NA NA -0.303501 NA 0.127842 -1.302399 -0.803106 NA NA NA 0.847278 0.372424 NA NA 0.857334 -0.237735 NA 0.191424 0.797023 0.392271 NA 1.005284 NA NA NA 0.513907 NA -0.278761 NA NA -1.833931 NA NA NA -0.973268 0.610189 1.190129 -0.295438 0.739654 NA -0.127657 1.291417 NA NA 1.610282 NA NA NA -0.423898 0.575040 NA 2.065006 0.842912 -0.351720 0.073822 0.811901 0.987648 1.000000
40 NA 0.248106 NA 1.429618 0.490414 -0.345853 0.392776 NA NA 2.069309 0.704769 0.091687 -0.535657 2.508751 0.307447 0.888565 -1.314611 0.498998 1.883412 0.451260 -1.226814 NA -0.144786 -0.198488 -0.327636 0.305461 0.159984 1.121750 NA 0.835708 -0.808618 NA -0.050873 NA 1.282025 0.110850 NA 0.572616 NA -1.250596 1.092760 0.245249 -0.785518 1.689068 0.497071 0.072948 -0.915445 NA NA -0.450395 NA -1.912126 -2.713906 NA NA 1.129560 -0.095539 NA NA NA 0.222390 NA 0.528541 NA NA -2.024532 0.643576 1.180358 NA NA 0.136497 0.296934 -1.363658 NA -0.904149 NA -1.383624 NA NA 2.107525 NA NA NA NA NA NA 0.430297 -1.343570 -0.590445 0.747676 -2.081869 0.358015 0.474303 NA 0.051475 NA NA 0.374828 -0.204061 -1.708738 0.887475 1.000000
41 NA 0.739480 NA NA NA 1.435457 NA NA NA NA NA NA -0.852406 -0.947298 NA 0.653639 -0.348913 1.454244 NA NA -0.021505 NA NA -0.623185 NA -0.363818 0.774986 NA -1.283500 0.844951 -0.150804 NA NA NA -0.403545 NA 0.133758 -2.192386 NA NA 1.202401 0.338900 NA -0.029091 1.870155 -1.032529 1.038809 -0.914029 NA -1.260114 -1.438393 0.405705 0.028746 NA 0.343888 2.395188 NA -0.509574 1.420347 NA NA 0.685671 NA 0.659776 -0.629303 0.857112 0.533038 -0.400115 NA NA NA -0.097803 0.592291 -0.467551 -0.207970 -2.504635 NA NA NA 2.840748 -0.752240 -0.422625 -1.079013 -2.382615 NA NA NA 2.944157 0.441510 NA NA -0.875046 1.289025 0.728682 NA 0.268792 NA NA 0.653637 1.466216 34.906221 1.000000
42 -1.682670 0.173997 -2.569519 -1.156857 -0.371571 -0.203718 1.788218 NA 0.116589 NA 0.357238 -1.364893 NA 0.286710 -1.384550 1.796571 NA 1.922257 0.998146 0.141637 NA -0.442436 -1.198573 NA NA -0.158390 -1.393657 -0.334690 0.623224 NA 0.268764 -0.231431 NA 1.020606 0.248666 NA 0.396479 -1.773102 -0.511143 0.700495 NA 0.078057 1.527779 0.445276 -0.461594 NA -0.108689 NA 0.319921 -0.185593 NA NA NA -1.582841 NA -0.484680 -3.276312 NA -0.187929 0.118252 NA 1.704040 NA NA NA -1.493151 0.874728 NA -0.551900 -0.753229 0.698853 -1.278516 -0.042412 NA 0.395504 NA 1.432014 0.176304 -0.217716 0.069509 NA -1.549554 NA NA NA 0.347783 0.255300 -1.087656 NA -0.029496 -0.247793 NA NA NA NA NA -1.399384 -0.218798 NA 0.977660 181.703825 1.000000
43 -0.715531 -0.606116 -0.131119 NA NA -0.276984 NA NA 1.007301 0.443671 -2.061251 -0.688709 -1.781465 -0.055074 NA -1.327193 NA NA NA NA NA -0.171062 NA -1.543771 0.472050 -0.330189 0.480614 0.713553 NA -0.935210 NA NA NA NA 0.488939 0.420198 0.588271 NA 0.087664 NA 1.651217 NA 0.019748 NA 1.918857 -1.104268 NA NA 0.112677 0.610256 -1.314720 -0.223328 0.737159 NA -0.473794 0.673858 -0.817690 NA NA 0.111339 NA -0.096418 NA -0.399829 1.502290 NA 1.063264 -1.263974 NA 0.282625 0.944239 -0.676230 0.373513 -0.428754 -0.099025 -0.564703 NA -1.088859 NA -0.873714 2.297953 -0.918503 -0.597034 1.515335 0.169598 NA 1.199471 -0.228148 -1.134392 -0.683766 NA 1.035950 NA NA -0.344983 0.582508 1.803323 NA 0.407704 NA 9.051457 1.000000
44 NA NA -0.470208 -0.811690 0.260421 NA -0.609491 0.651739 -1.781157 NA -0.884962 NA -0.315750 NA NA 1.533715 1.023028 NA NA NA NA NA NA NA NA 0.185215 0.507473 -0.652200 0.310889 NA -0.522829 0.233643 NA NA NA -1.714080 -0.488109 -0.503419 NA NA -0.522603 1.223897 -1.689866 NA -0.203719 -0.682614 -0.299660 -1.285558 NA NA -1.927377 NA 1.714580 -0.942980 -0.369367 0.086294 NA -0.465518 NA 1.089950 NA NA 0.111535 0.914465 -1.150512 1.778476 -0.841668 NA NA 1.479718 NA 1.725897 NA NA 0.564936 -0.206037 0.440514 -0.386668 0.492757 NA -0.710069 NA NA NA -1.954354 -0.489895 1.361537 -0.176168 0.987846 NA 1.194233 1.006756 -0.216003 -0.152092 0.537501 0.261499 -1.277207 -1.636974 0.316705 1.364825 0.610265 1.000000
45 NA -1.127225 NA 0.971564 0.819440 1.277369 0.548764 -2.478299 0.581126 -1.454433 NA -0.809969 NA NA 1.153600 -0.989761 -0.129182 NA 0.395871 -0.056666 NA NA NA NA 1.014046 NA -0.738384 NA 1.665953 -0.328806 -0.118528 NA 0.154403 0.957221 0.882952 1.371560 -1.069474 NA -1.669761 NA -0.627085 0.072917 -0.369970 0.283510 NA 0.105804 NA NA -1.529185 -0.268998 NA -0.591512 -1.057919 1.092921 -0.439213 -0.907616 NA NA -0.178659 0.420061 -0.758657 -0.161719 0.238669 0.012942 -0.686988 0.473119 -0.197449 NA -0.752282 NA 0.088236 NA NA 0.083509 NA -1.268254 -0.034194 -1.103760 NA -0.700005 -0.916568 NA -1.288118 -0.040454 NA 0.009781 NA NA NA NA -1.286209 -1.601988 0.007415 NA 0.644644 -0.841291 NA -0.804408 -1.374160 0.818160 0.095863 1.000000
46 NA 0.709982 -2.071606 NA -1.389578 NA 2.336921 -0.744335 -0.305333 -1.687110 -0.806037 NA NA -0.177353 NA 0.697680 2.670045 -2.870873 NA NA 0.588191 -0.353005 -1.412042 NA NA 2.263755 -1.520676 NA NA NA -0.469843 0.049046 0.967051 0.498438 NA -0.109086 0.128159 0.752904 -0.353385 NA -0.756773 0.707895 -0.469903 -0.215636 -0.076371 0.584480 0.559540 NA NA 0.249270 NA -0.002697 0.344158 NA -0.924176 -0.044509 1.345188 NA -0.587670 NA NA NA NA NA NA 1.493944 NA 0.684812 -1.321542 -0.312970 NA -0.471592 1.774114 NA NA -1.197236 -0.753794 -0.178535 -0.804306 1.209919 1.605947 NA 0.700018 NA -0.252675 1.788748 NA -0.048954 -0.333431 NA -0.222998 0.233639 NA NA NA -0.626530 NA -0.230014 0.230386 NA 2.958580 1.000000
47 1.528719 NA 0.866306 0.004937 NA 1.045386 NA -1.180393 0.630488 NA NA NA NA -0.005768 NA 0.333466 -1.173235 -0.900920 NA NA 1.037778 -0.487496 -1.458049 0.227706 2.125990 NA NA -0.671684 NA NA NA NA NA 0.248227 -0.168120 0.255070 0.344300 NA 1.553976 0.144379 -1.265223 0.447842 0.065742 -0.189962 1.334666 -1.874973 1.353770 0.835130 1.051291 -0.337976 -0.314515 NA NA -0.117052 NA NA NA NA -1.351069 0.578280 0.005674 NA -0.572858 -0.049621 NA 0.336599 -0.369156 1.385027 -2.135136 -1.089921 NA NA NA NA -0.146235 0.922298 0.533241 NA NA NA -0.039451 -1.263823 NA 1.689580 NA -0.983219 -0.376263 0.431192 NA 0.168495 -0.919892 NA NA NA -0.560006 -0.243102 NA -1.060180 NA NA 12.746386 1.000000
48 -0.712033 -2.259698 -0.500448 NA 0.173982 -1.153771 NA NA NA NA -0.083295 -0.567044 -1.321603 NA 2.651226 1.932662 NA -0.791360 -0.323185 NA -0.405761 NA 0.148308 0.259231 0.345150 -0.971523 0.798530 NA NA -1.066608 NA NA 1.648653 NA 0.672088 NA NA -0.419853 NA -0.058856 0.532169 0.343724 -1.020761 -0.643024 -0.487657 -0.162855 NA NA NA NA NA NA NA NA 0.031088 NA 0.577262 0.625436 -0.115333 0.868360 -1.513771 NA NA 0.736824 0.413513 0.845405 1.265637 -0.011098 0.865394 NA -0.449524 2.322258 NA -0.656750 NA NA 1.496399 -0.737066 -1.608378 1.215833 0.680170 NA NA -0.514326 NA 0.226906 -0.066556 NA -0.031564 -0.134755 NA NA -0.385767 0.045035 -0.730573 1.045691 -1.020920 NA 0.768194 NA 14.359723 1.000000
49 -0.531162 0.231353 NA -0.993450 NA NA -0.254755 -1.547442 NA -0.027655 -0.233984 -0.864531 -0.269881 NA NA NA -0.399115 -0.257222 1.722178 -0.200302 NA -1.257097 0.864898 NA -0.314869 0.717290 1.355647 NA NA 2.378427 NA NA NA NA -0.863960 NA NA NA NA -1.123256 NA NA NA 0.431307 -0.063973 1.048717 NA NA NA NA NA -1.977948 -2.442476 NA 0.330654 NA -0.570630 NA -1.091042 NA NA -1.070998 1.543552 0.263217 0.719428 NA NA NA -0.827676 -0.081983 0.813833 2.330473 NA -0.814004 NA -0.001664 NA -0.277671 0.856780 NA -0.270214 NA -1.385072 NA 0.738951 -0.899665 1.275219 -0.267765 NA -0.306461 0.731652 0.400441 -0.117703 NA 0.394090 -1.101977 0.148921 0.747840 NA 0.233893 1.076723 1.000000
50 NA -0.899048 0.479998 -1.135201 NA NA -0.020675 0.883403 NA NA -0.690947 NA -0.840747 NA NA NA NA NA 0.583087 NA 1.572212 -0.578958 0.652961 -0.914183 0.523802 NA -0.964442 -0.655721 NA NA -0.982864 0.848847 -0.948245 NA -1.295405 0.358442 NA NA -0.877466 -1.459557 NA NA 0.003032 NA NA NA 0.524262 0.318856 -1.551557 NA -0.262840 -0.697079 0.127967 NA 0.940155 0.763593 NA -1.517682 1.054754 -0.190375 -2.003204 -0.682545 0.045588 -0.049509 -0.398978 -1.320541 NA -0.014814 NA -0.415907 NA -0.412713 -0.788868 NA 1.039279 -0.154434 -1.146617 -0.811946 -0.214279 -0.838330 NA NA 0.265810 0.801029 0.831016 NA 0.134011 -0.317157 NA -0.606616 -0.384425 0.501207 NA NA 0.671626 0.765371 0.242447 0.263480 1.406264 NA 6.907280 1.000000
51 -0.006626 NA 0.232099 NA NA -0.273591 -0.203739 1.109314 -1.630853 -0.952181 NA NA NA 0.460161 -0.174759 NA -0.533505 -0.453428 NA NA -1.265054 -0.843602 -0.425318 -0.714047 NA NA 1.703960 NA NA NA NA NA 0.574980 NA NA NA 0.460081 NA NA NA -1.597545 NA -0.143472 NA -0.247491 0.433776 NA NA -0.179584 NA -1.209881 0.615490 NA 0.594690 NA NA 0.034171 -0.799794 NA -1.148172 -1.022818 NA -1.201904 NA NA 1.801974 -0.383165 NA -0.773763 -1.139700 NA 0.190440 1.368751 0.143522 0.882051 NA -0.106508 -0.903529 1.247730 -1.873560 1.370929 NA NA 0.099214 -1.175054 -1.773194 NA NA -1.539558 -2.844790 1.399830 0.035686 0.995702 NA 0.159079 NA -0.583562 0.938896 1.994880 0.037180 0.562506 1.000000
52 NA NA NA -0.781920 -0.169917 NA -1.647553 -0.915373 -0.691392 NA NA NA -0.852736 0.261369 NA -2.085224 -1.259287 -0.441007 NA NA NA 0.515529 -0.146218 NA NA NA NA -0.284206 NA NA -0.257502 1.453293 NA -0.679650 -1.026782 NA NA -0.597071 NA 0.400960 0.731235 1.087408 -0.135869 NA NA NA NA NA 0.512678 0.295569 -0.204533 0.485011 -1.386671 NA -0.903817 -0.366654 NA -0.247871 NA 0.592477 NA -0.573273 -0.449479 NA NA 0.090252 -0.237991 1.969072 NA NA 1.726446 0.431435 0.188902 1.036768 -0.340756 NA -0.023804 NA NA 2.121412 NA NA 0.410801 1.328009 NA -1.010835 NA 1.012039 NA NA 2.116310 -0.048904 NA -0.021905 -0.061936 NA NA NA 1.040619 -0.045153 1.288628 1.000000
53 NA 1.235993 0.394570 NA -0.641719 -0.663477 NA NA NA NA NA NA -1.025022 -0.231731 0.698705 NA -0.600755 1.372867 0.398909 NA 1.066384 NA 0.074379 0.086135 NA NA 1.826618 NA NA 1.698342 NA -2.216334 0.656273 NA 0.548025 -1.437966 0.736050 NA -0.476854 1.100963 0.841164 0.387886 NA -1.908315 -2.467298 0.144992 NA -0.026053 -0.938600 -0.986062 NA -1.236137 1.059553 NA 0.000305 -0.632683 1.462740 -0.035118 -0.004590 0.957945 1.549454 NA -1.773284 -0.469061 NA 2.998577 NA 0.569366 NA NA NA NA -0.059339 0.093215 NA -0.377978 2.702399 0.371052 NA -0.038513 NA NA -1.372804 0.805463 NA NA NA NA NA NA -2.176254 NA -1.083200 NA 0.372498 0.367981 0.051422 -1.698887 -0.311629 0.769646 0.225102 1.000000
54 NA 0.482994 1.686703 NA -0.248602 0.089933 0.563143 NA 1.010372 NA NA -0.837793 -0.803412 -1.499889 0.545498 0.611165 NA NA NA NA -0.613145 -0.188066 0.668436 NA NA -0.362276 -0.456820 0.797075 NA NA 1.654956 NA -0.179656 0.018585 1.623073 -2.920608 0.866163 NA NA 2.346832 NA NA NA 0.049522 NA NA 1.080974 -2.127088 NA -0.144122 NA NA -0.788605 -0.762562 0.574812 1.469302 0.630783 -0.707829 -0.070720 0.067961 NA 1.451224 NA 0.175996 -0.538293 -0.495326 NA -0.408713 NA 0.008877 0.851554 NA NA NA NA -0.875269 NA -0.066694 NA -2.730326 0.210024 -2.389856 1.941382 NA NA -0.547538 NA 1.221592 -0.788714 0.173715 1.552584 NA NA NA -0.082582 -1.113529 NA NA 0.627062 -0.545433 1.615891 1.000000
55 NA -0.647718 0.534151 NA -0.174927 NA NA -0.114690 -0.829665 -1.184933 1.412402 0.303995 1.780332 NA 0.232921 0.025394 0.453715 0.740802 -0.240932 0.331582 -2.431526 NA NA NA -0.528170 NA -0.159334 1.969392 NA 0.513734 NA 0.617319 NA -0.816527 NA NA 1.112115 -0.730734 -1.873368 NA -0.813005 0.930928 NA -0.929850 NA NA NA 0.757285 1.644562 1.573793 NA 1.974387 -0.142171 -1.391089 0.409518 -1.103937 1.358701 -1.086788 NA 0.090547 1.108373 NA -0.841056 -0.382136 -1.460749 -1.933069 -1.087806 NA 0.227437 NA -1.372465 -0.060520 1.310162 NA 1.148626 -0.229691 -0.687680 NA 0.015806 NA -1.782565 0.317546 0.291950 -1.175871 NA -1.154064 1.934539 0.072657 NA -0.590729 -2.427009 -0.650924 -0.099251 NA -0.721670 NA -0.881298 0.430807 NA NA 0.326774 1.000000
56 0.534757 0.644461 -0.495620 -1.159981 0.102527 1.355786 NA NA 0.005606 -0.004411 0.334002 0.342728 0.084723 -0.575234 NA -1.298558 NA 0.083410 NA NA NA 1.166155 0.655926 0.717533 NA 0.504080 -0.501551 NA 1.394146 -0.642342 0.728442 1.820170 0.936798 NA NA NA NA 1.508992 1.094277 NA 0.738264 -0.601927 0.085666 -1.595095 NA -0.450293 -0.581952 NA NA 1.281666 NA -0.127009 NA NA NA -1.740171 -1.161711 0.525239 NA -0.932566 -0.522385 NA 0.865505 NA -1.837660 0.084369 NA -0.648485 NA 0.894856 -0.322385 NA 0.064607 1.176415 -1.327444 0.568202 0.748897 0.307297 -1.270423 -0.296907 NA NA NA -1.395019 NA 0.832107 -1.010176 2.590799 1.251524 0.388071 -0.313613 NA 1.938116 NA 1.497367 -1.676514 NA NA -1.189439 1.543868 2.465100 1.000000
57 NA 0.562334 -0.761257 NA -1.345784 -0.439645 NA 1.155864 -2.040467 -0.271481 -0.100748 -1.925137 NA 0.980944 -1.664196 0.225739 -0.594080 -0.568674 -1.448220 -0.129419 0.230783 -1.026439 NA -1.180118 NA 1.637306 -0.859175 NA NA 1.848751 NA 0.575535 -0.507838 -1.577064 NA NA NA NA NA -0.820013 -1.954694 NA NA -2.889800 -0.143027 0.599421 NA -1.738324 -1.993879 -0.859016 1.586098 -0.210861 NA 2.108453 NA NA -0.697098 1.633089 NA NA 0.276380 NA -0.682892 NA -1.857303 NA 2.302636 NA 0.308454 0.106733 0.890801 NA -0.422865 0.442658 0.627920 -0.304807 0.522210 NA 1.014164 NA 0.037594 NA NA -0.684360 NA NA -0.099762 0.569430 NA 0.304051 -0.059831 NA NA NA -0.036526 0.442129 0.283517 0.273090 NA NA 8.697457 1.000000
58 NA -0.226156 NA -0.969527 NA NA -0.369646 NA 0.078699 NA -0.080114 NA 0.905028 NA 0.884748 -0.646884 0.455643 NA 0.662521 -0.346503 2.645294 NA 0.477659 -0.041044 -0.374128 0.916124 0.374227 NA NA -0.415292 NA -0.917454 0.602148 NA NA NA 1.186293 NA NA -0.359860 NA NA NA 1.436180 NA 0.106686 NA 1.034672 1.258837 1.053964 -1.531140 NA NA -0.281821 NA -1.130453 NA NA NA 1.475398 -0.272643 NA NA -0.769719 NA -0.088223 NA -0.001855 -2.266981 NA NA NA 0.456736 -0.097636 0.981236 NA 2.088382 NA -0.416994 NA NA -0.330406 1.018072 NA -0.981584 0.755457 NA 0.907818 NA -0.020586 NA -1.090810 -0.221883 1.832383 -1.149786 -0.391158 0.317292 -1.345894 0.321161 0.978459 13.539765 1.000000
59 -1.223650 NA NA 0.281835 2.765934 -0.703704 -0.047915 -1.370168 -1.804889 0.514861 -0.559963 2.823949 -0.222909 -0.564252 -0.383472 1.010346 0.211368 NA NA NA -1.377313 -0.065326 NA 1.219125 0.245114 NA NA NA 2.281056 NA 0.579646 -0.093887 NA NA -0.163411 1.241323 0.477963 NA -0.545648 NA 0.214195 -1.027117 NA NA 0.107858 NA -0.027904 0.157336 -0.925060 NA 1.138536 0.161045 0.501720 -0.737224 0.266700 1.016004 -0.044928 NA 0.327687 NA 1.245222 NA -0.392881 1.020687 1.477764 -0.681499 NA 0.020704 1.158611 1.400648 0.628651 NA 0.694108 NA -0.653831 -0.683597 NA 0.896549 -0.124232 0.629776 -1.168987 NA NA 0.904151 NA -0.587926 NA -2.106822 NA NA NA -1.604096 -1.523354 -0.130435 1.018438 -0.123004 NA NA 1.107563 NA 1.070759 1.000000
60 NA 0.942119 -1.084872 2.124326 -0.737036 -1.726697 NA NA NA NA -1.412550 0.185727 0.237159 -1.220307 NA 1.690739 -0.045564 -0.159232 1.248613 NA NA NA NA NA -0.886246 NA 1.258425 -0.161647 NA 0.472255 NA 0.099816 NA 0.873571 NA -0.001596 -0.114679 -0.260814 0.427508 2.291307 -1.787514 0.477603 NA NA 0.429696 NA -1.804435 NA -0.688089 -0.271915 0.932563 NA -0.502826 0.380806 NA NA NA -0.743482 -0.973432 NA 1.193565 -0.411762 0.022633 -1.443014 NA NA -1.115655 -0.330367 0.722823 0.534782 NA NA -0.464593 NA 0.610854 NA NA 1.072179 NA -1.107124 -0.751331 NA NA NA NA 0.935492 NA 0.225099 NA 0.252133 NA NA 0.097767 -0.545887 2.600689 -0.975406 -0.450850 NA 0.258495 -1.155755 1.220579 1.000000
61 NA NA NA NA 0.501418 0.289948 NA -0.616147 -0.391750 0.789733 -0.487956 0.548824 -0.480161 -0.741497 -0.339887 1.055359 NA NA NA 1.363996 -1.119308 1.046249 NA 2.066164 1.450264 NA NA 0.179888 -1.074250 NA 0.677314 NA NA 0.512177 0.095568 NA 0.522419 NA 0.203854 NA NA 0.866171 NA NA NA 0.697325 NA 0.924064 1.084425 NA NA NA 0.566727 NA 0.678926 0.511698 1.063997 -2.079078 -1.434408 0.673204 NA 0.320458 NA 0.258760 NA NA -0.577940 NA 0.966787 NA -0.016248 NA NA 0.825437 -1.033077 1.836513 -1.497759 1.609862 -0.306049 -0.246227 NA 0.463487 0.930542 -0.405956 NA NA NA 1.483169 NA 0.481397 NA NA -0.521033 NA NA NA 0.224778 NA -1.730906 0.549879 7.623174 1.000000
62 0.339255 NA -1.060650 -0.233136 NA -0.849022 NA 0.224199 NA -1.179985 0.052940 NA -1.271713 NA NA 0.617703 NA 0.430829 NA NA 1.324318 -0.320895 NA NA NA 0.682947 NA -0.628702 -0.875304 1.108606 NA 0.505515 1.211269 NA NA -2.002972 -1.612260 -0.386661 1.012227 NA -1.171942 NA 0.255925 2.402453 1.139957 0.421236 -0.817590 NA NA 2.587798 -0.077975 -2.367461 NA NA NA 0.159581 1.345906 0.845933 -1.240894 NA -0.698961 -0.657058 -0.927087 NA NA -1.162338 1.009338 0.741057 NA -0.584615 NA -1.290323 1.172979 -0.879592 -0.779734 1.393607 NA NA 0.541270 NA 0.260334 -1.413502 0.570161 0.665299 NA NA 0.046375 NA NA 0.680369 NA NA NA NA -0.491734 -0.091603 NA NA -0.412295 NA 2.470615 1.000000
63 0.780088 0.062624 -0.343206 -1.214425 0.067832 NA NA 0.155262 0.610548 -0.255759 0.939497 -0.499591 -0.554935 0.364012 NA -2.074419 0.460556 -0.060569 NA NA NA -0.310530 NA NA 0.047590 -1.188513 NA 0.074688 -1.007419 NA 0.210002 NA NA -0.292056 0.451073 NA 2.985633 NA 0.966564 0.502858 -0.847350 1.692516 NA 1.128362 NA NA 1.025195 0.733948 -0.068412 NA NA NA 0.076474 NA -1.234496 0.756575 NA 0.716890 NA 0.020121 0.810858 -0.269850 NA -0.039009 NA 0.445619 NA NA -1.247403 0.845876 0.088981 0.088880 NA 2.104392 -0.154094 -1.447810 NA NA 0.653283 0.183857 0.255383 -0.735811 0.324925 1.700278 1.312625 -0.042142 -0.008280 0.420887 -0.486774 NA NA -0.582711 -0.875545 1.240623 -1.123891 0.132413 -1.456464 NA -0.117129 1.022700 21.101856 1.000000
64 NA -0.306528 -0.469449 0.914233 -0.202575 0.118660 0.159867 -0.921653 0.983194 NA -0.754371 NA NA NA -0.363796 NA NA 0.960623 -1.100940 0.455473 0.762458 1.001649 NA NA -0.429509 0.129094 1.558747 -0.293498 NA NA NA -0.486034 0.377322 0.636559 NA 0.111938 NA -0.244452 NA NA NA NA NA -0.336984 -0.483859 -0.101944 NA -2.283315 0.398840 NA NA 0.290509 NA -0.125947 NA 0.185461 1.235540 NA NA NA 0.502209 NA 0.531861 NA -0.619015 -0.680352 -1.431999 -0.244405 0.211890 NA NA 0.590961 NA NA -0.521188 NA -0.178709 -0.754705 -0.550443 -0.638160 NA 0.264651 NA NA -1.117097 NA NA NA -0.480292 1.591958 -0.723468 0.881327 NA NA NA NA 0.708346 0.596997 NA NA 0.106691 1.000000
65 0.206161 -0.110659 -0.551390 NA 1.290875 0.403985 NA -0.152920 NA -1.171938 NA NA NA 1.523232 1.387986 0.018897 0.468529 NA NA -1.674737 0.963706 1.412907 -0.083496 NA NA NA -0.165600 0.021481 -1.540582 -2.837188 NA 0.580967 NA NA NA -0.724367 NA 0.905511 -0.394552 -0.694542 NA 0.029473 1.818712 NA 0.372760 -0.879227 NA 0.003363 -0.446420 -0.202480 0.415941 -2.222890 NA NA NA -0.459818 NA NA NA -3.314730 0.346306 -1.168513 NA 0.047216 NA 0.701094 0.654956 NA -0.891635 -0.480790 -0.177438 NA NA NA -0.474382 0.663550 -1.222486 NA NA 0.380131 -0.488923 NA -0.394830 -1.335334 NA NA -1.245314 -0.152067 0.113526 -0.653412 -1.315630 0.893595 -0.558733 -0.501816 NA NA 0.452826 -1.516070 -0.608401 NA 7.782678 1.000000
66 NA NA 1.727719 1.932243 NA -0.495373 NA -0.392321 NA 0.170901 NA 2.221915 NA -0.040894 NA 0.136167 NA NA NA NA 0.323526 -0.380539 -0.102170 1.360592 -2.026461 0.089309 2.622772 -1.597101 NA 0.460522 1.164048 NA -0.140586 NA NA 1.046648 1.206907 NA 0.739892 0.355605 NA -1.130581 0.467789 0.015890 0.952720 NA 0.228942 NA NA -2.111861 NA 0.233296 -0.462835 2.512697 0.967813 0.065527 NA NA NA -2.123673 -0.556349 NA NA 0.094302 0.897141 -0.241287 0.761557 0.238911 0.448243 NA NA 0.338902 NA -1.288033 NA -1.396103 1.143014 0.548304 -0.531777 -1.236741 NA -0.554378 NA 0.021354 0.843256 NA 0.178294 NA -0.434964 NA 1.246341 -0.719434 NA NA NA NA NA 0.864143 NA 0.202102 0.720116 1.000000
67 -1.398079 NA NA NA NA -0.086490 1.454618 NA NA NA 1.744650 1.330720 -0.815852 1.356560 -0.666416 NA -1.323983 -0.485540 NA 0.456838 3.768059 NA -0.892053 -0.614847 1.088682 NA -0.293343 NA 0.524904 NA NA NA NA 0.021954 -0.917092 NA -0.758184 NA 1.230028 -1.663239 0.090995 NA -1.328230 -1.230500 0.829480 0.343020 NA 2.233394 -0.481320 NA 0.265676 NA NA -0.055979 1.057511 NA -0.095869 0.687349 NA -0.548762 NA NA 0.969051 -2.072746 -0.235764 0.318949 NA -1.653089 NA NA -0.420260 NA NA NA NA NA NA -0.896154 NA 0.483947 0.033228 NA 0.064937 -0.504420 NA NA -0.094055 0.529070 -0.850824 NA NA -0.145237 NA NA -0.926193 NA NA 0.649535 0.463194 0.909290 56.189380 1.000000
68 -2.105506 -0.520357 -0.685207 NA -0.899485 NA 2.347717 NA -0.930828 -0.786461 0.636488 -0.547413 -0.973651 NA -0.401007 -0.730658 NA NA -0.597709 NA -0.500194 0.100313 NA 1.300464 -0.650308 NA -0.324008 NA -0.778507 -0.517706 -0.125066 0.393879 0.573755 -0.352461 NA -0.571308 -1.800948 -0.550583 NA -0.431325 NA -0.114557 NA -0.812437 0.623574 -0.003607 0.345045 NA NA 2.141159 1.729044 NA NA 0.115271 -0.506654 0.271739 -0.412071 NA 0.660535 0.407860 NA 1.831857 NA NA 0.758521 1.043979 NA NA -1.349189 1.047224 NA 0.763764 1.027611 -0.744785 -0.401222 1.248961 NA NA NA NA NA 0.116757 NA 0.796325 0.600698 -0.428897 0.789925 NA 0.879521 NA 0.566489 -0.463106 -0.417555 -0.441873 NA NA 0.204645 -0.030615 -1.750637 -1.078688 16.729956 1.000000
69 -0.795287 0.893518 NA NA -0.691390 -0.264431 -0.840574 1.011533 NA -0.254657 NA 0.517744 NA 0.744013 -0.282167 0.277361 0.927668 -0.514713 NA NA NA -0.740563 NA -0.368785 NA -1.366523 0.382680 -0.577890 NA NA 0.579513 0.572559 -0.484378 -0.193049 NA -1.851343 0.787755 NA NA NA 0.332485 NA NA 0.470949 -0.682061 1.012679 NA NA 0.917162 1.076893 1.035525 -0.573013 NA -0.074595 NA NA -0.484385 1.408088 -1.059332 -2.129648 NA 0.295203 1.021597 NA -0.833681 -0.134831 NA 0.024921 -0.268247 0.886809 NA 1.358318 NA NA 0.410834 NA 1.336234 0.633336 NA -0.275039 NA NA -0.097201 0.549353 2.354078 NA 1.422355 -0.232144 2.062787 NA -0.226826 -1.666365 -0.271890 NA -1.423223 NA -1.056286 NA 0.645016 0.864119 1.785875 1.000000
70 -0.091105 1.002187 NA 0.812682 1.658255 1.021881 NA 1.054599 1.148949 NA NA NA -1.598042 -2.055909 NA 0.149265 -0.000753 NA 0.529014 -0.952989 NA NA NA NA 1.466663 0.981430 0.080729 -0.256913 0.247837 NA NA NA -0.300079 NA 0.032423 0.973795 0.799654 NA -0.373104 -1.516856 NA 0.096649 NA 0.142074 NA NA -0.717070 -0.876744 NA 0.532263 -1.363400 NA NA -2.515919 NA 1.665583 -0.620058 1.349611 -0.973270 -0.899427 0.964785 0.450619 NA 1.085406 NA -0.498520 NA NA 2.936374 0.603213 -1.170788 -0.352022 NA 0.380309 -1.173690 -1.559124 -0.737277 -0.626380 -0.357238 NA -0.946324 -0.986894 -1.094879 0.185666 0.216494 -0.141871 NA 0.533122 2.564416 -0.541612 -1.344482 -1.597012 -0.857899 0.544218 0.242413 1.107710 -0.457885 -0.451144 1.566119 -2.503465 0.792037 1.000000
71 0.142488 NA 1.891770 NA NA -0.603537 NA -0.937724 NA 1.096507 0.239702 -1.176901 NA 0.098242 0.120533 NA NA 0.750429 NA 1.848118 NA -0.345559 -0.318203 NA NA NA 0.844060 1.648798 -0.495779 -0.062553 NA NA NA NA 0.884547 NA 1.033110 NA NA NA NA -0.326758 -0.574520 1.022292 1.376310 NA NA -1.280057 NA 0.291689 1.256414 -0.882346 1.530972 -1.116841 NA NA NA 1.116862 1.663694 -0.210089 NA NA 0.094908 -0.360791 1.884454 -0.325660 NA 1.503202 NA 2.051579 NA -0.059323 NA -0.810290 -2.569430 3.088823 1.237722 0.068512 -0.764632 NA NA NA NA -0.360418 0.144336 NA 0.939329 -1.312684 0.218260 -1.000274 NA -1.540907 NA 0.178691 NA 1.660717 1.176031 0.085510 -1.113669 -0.702971 8.479148 1.000000
72 -0.531316 NA -0.176738 NA NA 0.843553 NA 0.790681 NA 0.069758 NA 0.335649 -0.257911 0.141217 NA 0.317410 NA -1.549222 1.296642 NA NA NA -0.120710 NA -0.902390 -1.280346 NA 0.789904 -0.275583 -1.363957 1.566076 -0.018525 1.730641 -0.157710 0.639913 -2.032822 NA 0.478647 -2.335162 NA NA 0.829407 -0.837893 -0.146726 -0.584465 -1.257162 NA -0.479200 1.174375 0.065373 NA 0.106558 -1.397678 0.770271 NA -0.515890 -0.188947 1.842005 0.056913 0.212552 NA NA NA NA 0.809242 NA 2.047410 -0.595277 0.200630 NA NA NA 1.924067 NA -0.820899 NA -0.209681 -0.568699 1.534668 1.955782 NA -0.382241 NA -0.830062 1.755694 NA NA 1.224479 NA NA NA -0.393161 NA NA 1.038541 1.060827 -0.273310 0.694483 -1.127494 -0.121679 3.330223 1.000000
73 NA NA 1.917562 1.469637 NA 0.621308 0.257821 -0.780737 NA NA -0.800103 -0.588731 -0.290435 NA NA 0.082951 NA NA NA -0.069770 1.947787 1.063480 -0.300845 NA NA -0.027154 NA -0.688435 0.287824 NA 0.702439 0.373279 0.765069 -0.770151 NA 0.783713 0.305822 1.367833 0.895760 NA 1.052409 NA 0.227701 NA -1.243494 0.552284 -0.130840 -0.823624 -0.817290 0.384381 -0.911227 -0.283436 NA 0.257200 NA -1.041853 0.834900 NA NA -1.638668 -0.209445 NA 0.133121 -0.530092 NA NA -0.221958 NA 0.842983 -0.310149 -1.756113 NA NA NA NA NA 1.583845 0.085844 NA -0.390025 NA NA 1.446096 NA NA NA -1.144640 0.520463 0.795550 NA NA -1.236036 -0.416803 NA -0.742570 -0.298225 NA NA NA NA 0.222756 1.000000
74 NA NA 0.282640 -0.337900 0.219400 0.170198 NA NA NA -1.166893 -1.038774 0.047737 NA NA -1.849817 NA NA -0.475187 NA -0.322252 NA NA NA 1.016770 -0.862438 NA -1.911578 1.415907 -0.700862 -0.142606 -1.205482 NA NA NA -0.240071 NA 0.303018 NA -1.802918 -0.201611 NA NA -1.191492 NA 0.170627 -0.365816 NA -1.042327 0.191249 0.294177 NA NA -0.757955 NA NA -1.090821 NA -0.496436 -0.566718 0.679103 -0.729357 -2.214517 0.692087 NA 1.705000 0.915289 -0.202531 NA 0.518293 0.225542 NA -0.274781 -0.339178 0.712260 NA 0.480656 1.438374 -1.887814 NA 0.191066 NA -1.590752 -0.058159 0.898325 NA NA -0.214445 0.159981 -0.064483 -0.378856 2.051434 0.364404 -1.348568 -1.063595 0.793494 0.758171 0.556900 -0.594988 0.503047 -1.195338 0.282648 1.000000
75 -0.507769 NA NA NA -1.111095 NA NA -0.843134 NA NA 0.563509 NA 2.409397 NA 1.226116 NA NA NA NA 0.197190 NA 0.289050 NA 0.405003 NA 1.597627 NA -0.149596 NA NA 0.353638 NA -0.386566 0.492138 -1.149261 1.037871 NA 0.279992 NA NA NA 1.320605 -0.729974 NA 1.646220 -0.559979 NA NA NA NA NA 0.001707 -0.344114 -0.173596 NA -0.411490 -1.172663 0.860903 -0.012332 0.814378 NA 0.185469 -0.265119 NA NA NA 0.018200 0.227068 -0.280297 -0.950469 -0.462236 -1.524565 0.832632 NA NA NA NA 1.127513 -0.726483 0.800245 NA -1.508440 NA 0.521617 -0.971885 NA 0.831524 -0.902630 -0.615942 NA NA 1.599621 NA NA NA NA -0.566644 -0.810047 0.929402 NA 0.276208 1.000000
76 1.452562 0.257470 -0.577916 0.548060 NA 1.598259 0.186467 -0.141914 -1.986050 NA NA -0.552928 2.093104 NA -0.963418 -0.251741 NA -0.101260 1.095041 NA NA NA NA NA -1.151550 NA NA -1.048322 NA -0.483505 1.728128 -1.260626 -0.429367 -0.361171 NA NA -1.618265 0.194331 NA NA 0.496316 NA 0.321283 -2.118746 NA 0.423760 NA NA 1.404457 NA 0.921674 NA -0.224733 -0.252506 -0.369917 NA -0.686151 NA -0.867856 0.158660 -1.639561 -1.161904 1.807186 1.593345 NA NA NA NA NA -0.220656 NA NA 0.017434 -0.470909 NA NA 1.148526 NA NA NA NA 0.297678 NA NA NA -0.059185 -0.471842 NA NA NA -1.495005 -0.855022 2.184821 0.299320 NA 1.907921 NA NA -0.345298 2.365992 1.683786 1.000000
77 NA NA -0.040658 NA NA -0.588835 -1.367841 NA -0.759154 NA NA 0.091013 NA NA NA NA NA NA 0.406286 0.562770 -0.986562 NA -0.040013 NA -0.611400 NA NA 1.442015 NA NA NA NA 0.665201 NA NA 0.922650 0.995250 0.284753 -2.870493 NA NA -0.449623 -0.025257 0.447460 NA 0.970836 -1.168375 0.369180 NA -0.899958 -1.121559 NA 0.280672 NA -0.586794 1.547529 0.323213 -2.218056 -2.388333 -0.984984 NA NA NA NA -1.105882 NA 0.687903 NA 1.216282 0.945235 NA -2.228086 NA -0.918667 -0.824179 -1.366250 NA -1.186037 -1.516431 -1.812240 0.172466 NA 0.429911 1.536014 NA NA NA -0.195003 NA NA 0.444972 0.182909 NA 0.692090 0.265971 1.693480 -1.922231 -1.092281 0.372884 1.501773 0.126653 1.000000
78 NA NA 0.078950 0.707262 NA NA 0.131632 NA NA 0.040523 0.365674 NA 0.060155 0.565720 NA -1.617314 0.465324 0.273690 NA NA -0.815314 NA NA NA NA NA -0.854190 2.564338 NA 0.126586 NA 2.005676 NA 1.085914 -1.477767 0.307506 -0.570487 1.174588 NA 0.425141 NA NA NA 2.462648 0.217178 -1.766493 NA -2.240841 -1.655784 -1.490163 0.845707 NA NA -0.118495 -1.360475 NA 0.459751 -1.064143 -0.205967 0.509823 0.074298 2.334441 -0.179075 0.051943 1.925744 0.610678 NA -0.943491 0.059800 -1.446699 NA 0.912184 NA -0.861124 -0.930695 NA NA -0.563915 0.197235 -0.553027 -0.344985 0.656832 1.907813 1.461928 -1.868508 0.187075 NA 0.772119 -0.628313 NA -0.614554 -0.994710 1.552965 0.387427 NA NA -0.340972 NA NA NA 12.707277 1.000000
79 NA NA 0.208542 0.587189 NA -1.905472 NA NA -1.420517 NA NA NA NA 0.691930 2.512213 -0.951090 NA NA 0.286419 NA 0.495993 -0.539264 -0.147781 NA NA -0.338716 1.498298 0.302801 -0.269782 -1.165127 -0.389287 NA NA 1.172160 -1.786214 NA -0.808787 -0.094178 NA NA NA -0.735406 -1.568852 NA -1.593863 -2.292701 0.806221 NA NA NA 0.096791 NA 1.350969 1.798640 NA NA NA -0.421512 NA -0.325809 NA -0.127146 NA 1.106055 -0.307818 -0.134287 -0.805864 -1.483924 2.258057 0.223748 NA 1.175672 0.135460 0.194415 -0.172201 -1.288735 NA -0.263095 -1.003487 NA 0.536792 2.093165 0.003089 0.791303 0.737407 -0.638495 -1.677717 0.859082 1.016751 NA -0.826413 -1.169984 0.609916 NA 1.299448 NA NA NA 0.667514 0.491232 1.425785 1.000000
80 -0.626140 0.469728 NA NA -0.327293 0.159212 NA 0.462051 -0.273054 NA NA 0.067346 NA 0.340571 0.369513 NA NA NA -1.216574 NA NA NA NA 0.923435 NA 0.878294 -0.350205 -0.800905 -2.033971 -0.310573 NA 1.562821 -0.454089 0.625697 -0.042800 -0.301299 -2.051371 -1.067385 NA NA -0.782342 -0.700637 0.177290 -1.089912 0.339372 NA 0.430811 -0.131825 -0.286955 0.771379 -0.495368 0.388413 1.364338 NA 0.886098 NA -0.564203 -0.572967 NA 0.582168 -1.625912 -0.029953 -1.007845 -1.585650 2.531688 -1.411928 NA 0.706670 NA NA 0.855326 -0.211530 NA NA 0.695872 0.520623 -0.653348 NA NA NA 1.564903 NA NA 1.794176 NA 1.185230 NA NA NA NA -0.470522 -0.106249 -1.541201 NA NA NA -0.449601 0.493066 1.531067 -1.581094 4.382799 1.000000
81 -0.121248 NA NA -0.812813 1.689797 1.934897 NA 2.051637 0.686054 0.933079 NA 0.243588 0.642806 0.118587 NA -0.936326 -0.076626 NA -1.156457 -0.282004 NA NA NA NA -0.148796 0.167443 NA -1.011161 NA NA 1.789512 NA NA -0.252451 NA -1.507670 -1.476050 -0.489122 0.803303 NA NA 0.868790 0.666491 0.462235 NA 1.112514 -0.751873 NA -0.548949 -0.471449 -0.327892 1.302318 -0.079251 0.560400 0.124787 -0.457484 NA 0.010082 NA NA 0.787062 0.369594 NA -1.233301 -0.337170 -0.656589 NA 0.914000 0.171825 0.754431 NA -0.441210 0.225237 1.191045 -1.904314 -0.361201 0.825272 -0.595751 0.199297 NA NA -0.810625 -1.095249 -0.255383 -0.893371 NA -1.776557 0.672165 NA 0.840019 0.798143 -1.185189 1.151691 0.210233 NA -0.187318 -1.322263 NA -0.216966 1.034826 1634.062578 1.000000
82 0.967794 NA 1.570032 0.095228 -0.141867 NA -0.388618 -0.342273 -0.064845 1.236080 0.485756 2.171521 -0.744209 0.133632 -0.323642 0.859360 -1.052543 NA 0.593494 0.764060 -0.507224 NA NA NA NA NA 0.401835 1.078689 NA -1.159881 NA -1.290960 -0.811037 -0.476249 -0.421456 -1.208154 NA NA NA 0.254817 NA 0.343536 NA NA NA NA -0.918548 -0.269360 0.099823 NA NA NA NA NA -0.438322 -0.142103 -1.223213 NA -0.614373 -0.401142 NA NA -0.529196 -0.390466 1.011485 -1.698695 NA NA 0.984135 1.360019 -0.732545 NA 0.106344 0.619399 0.197812 -1.470384 NA 0.306360 -1.215244 NA 0.596699 NA -0.975213 NA 0.055687 0.913989 NA -0.621331 NA -2.026299 1.084089 2.116414 0.230553 -0.740217 NA -0.941456 NA 0.595730 0.415717 -0.635184 13.751204 1.000000
83 NA NA NA -0.825374 0.721814 NA -1.011571 -1.304176 0.838168 -0.703632 -0.059313 NA NA NA NA NA 0.652871 NA -1.112233 -0.198277 -2.131327 2.323881 NA -0.450833 NA 1.554361 NA -0.095696 -0.845079 -0.975275 -0.828487 -0.106434 NA -0.134453 -1.770576 NA 0.188785 -0.865789 NA -0.787986 NA 2.434604 -0.322765 1.092479 NA 2.244009 -1.449993 NA NA -0.409111 -0.037082 0.923019 -0.457848 NA 0.431768 1.423024 0.172628 -0.165410 NA NA NA NA NA NA 0.916740 1.349575 NA 1.360594 -0.929039 NA -1.017933 -1.109872 NA 1.131151 0.878484 0.965913 -0.450073 NA 0.046823 -2.668833 -0.079955 -0.737625 0.131733 -1.530314 NA 0.623946 NA NA 0.641322 0.716077 NA NA 1.021520 -0.003052 -1.269977 0.123126 1.154650 0.051187 1.142553 NA 2.288426 1.000000
84 NA 0.248984 NA -1.174914 NA -0.241519 0.097127 NA 0.252825 NA -1.183301 0.654113 2.054910 1.929057 NA -1.365537 -0.358209 -0.903379 NA NA NA NA NA 0.916005 NA NA NA -0.206480 -1.372547 NA NA -0.319562 NA 0.479918 NA 0.547070 NA -0.854838 0.376728 0.373621 -1.460554 -0.757658 NA 1.376119 NA -0.441231 NA -0.085289 -0.259715 -0.216941 -0.393076 NA NA -0.016503 NA 0.658150 1.201345 -0.680935 NA NA 1.878194 0.397320 1.287719 NA -1.378116 2.920803 1.036822 -0.384213 0.842727 NA -1.466662 0.548614 NA NA -0.482565 NA NA 0.631911 0.552592 -3.137821 1.211758 0.426345 NA -0.163231 -0.500153 NA 0.377944 -0.494239 NA NA NA -0.385608 NA 0.068772 -1.215808 NA -1.295884 -1.539284 NA -1.533436 9.360697 1.000000
85 -0.734484 0.181027 NA 2.475585 NA -0.468915 -0.217150 0.753183 -0.380800 1.856745 0.308534 0.163970 NA NA 0.728623 NA 0.381077 NA NA NA 0.133166 1.226629 0.083027 -0.671019 -0.402133 NA NA -0.731745 -1.087597 NA -0.728304 0.477743 0.205980 -1.057565 1.075914 0.514395 0.486833 NA -0.065868 -0.865592 0.362900 -1.958405 NA 0.037796 -0.075503 -0.034595 -0.322096 0.728235 -0.499705 0.614537 -0.008543 NA NA NA -0.603598 NA 0.257965 0.520538 NA NA NA 0.056716 NA NA NA -0.014945 NA -0.548159 NA NA NA 1.050559 NA 0.331640 -0.150453 NA -0.572467 -0.136186 NA NA NA 1.001186 0.852165 0.198752 -0.286060 1.019806 NA -0.535614 -0.004601 -0.480090 -0.027638 NA -1.212825 NA NA 0.282182 -0.454570 0.599662 NA 0.838340 2.265470 1.000000
86 0.310969 NA 0.468890 0.934620 1.033260 NA -2.069323 -1.332115 NA -0.103248 -0.007576 NA NA NA -0.409129 NA -0.834172 2.402648 -0.884709 -0.507013 NA -1.815311 NA -0.231548 0.315615 NA NA 0.893399 -1.876463 -0.270323 0.489514 NA NA 0.959693 NA 0.041365 -1.807049 NA 0.387561 0.359053 NA -1.244647 -0.877252 0.155075 0.497483 NA -0.013143 NA -0.185586 NA -0.953514 NA NA 1.190576 -0.400477 -0.593789 -2.478578 1.276045 -0.588894 -0.819177 2.378572 -0.105033 1.522257 0.570326 NA NA -1.195542 NA NA 0.844581 NA -1.889425 NA 1.776561 NA NA -1.060255 NA NA -0.265487 NA -1.090211 NA NA 0.170267 NA NA -0.486831 -1.431908 -1.334846 -2.793505 NA -0.290625 0.547937 NA 0.196420 NA 0.390476 -0.484165 0.477636 0.011231 1.000000
87 -0.415659 0.763070 -0.795777 -0.524269 0.882975 1.803093 0.189304 0.015394 NA -0.646842 0.145425 NA NA -0.790831 0.626273 NA 0.150259 NA NA NA NA NA -0.297012 -0.245777 NA 0.293808 1.194918 NA -0.294854 NA NA 1.321906 NA -1.082722 NA NA NA 1.077658 NA 0.357551 -1.228664 NA NA NA -1.210861 -0.585868 0.702134 NA -1.046423 0.099426 NA NA -0.658857 1.436775 -1.102970 NA -0.079794 NA -0.408176 0.218206 0.641959 NA 0.215838 -0.475833 0.152722 NA 0.909742 -0.539369 -1.466838 NA 0.359498 NA NA 1.038469 NA 1.389352 -0.013011 1.337227 -0.084907 NA 1.648743 NA -0.542800 NA NA 0.320796 -0.734102 0.781963 1.036197 NA -0.119629 NA NA NA -0.564514 NA NA 0.110057 NA -0.993405 66.777291 1.000000
88 NA NA NA 1.858787 NA 1.470455 NA -1.441499 0.105435 -0.217540 NA NA -1.364150 NA -0.312188 -1.496266 NA -0.454367 -0.340505 -0.810211 NA 0.382032 -1.359457 0.190571 -0.741899 1.174897 NA 0.146768 NA NA 1.247119 -0.292732 NA NA -1.789711 NA -0.762438 0.708703 NA 0.580466 1.498753 NA 0.088407 NA NA -1.088951 0.641961 NA NA NA NA 0.112127 0.791109 NA NA NA 1.487597 NA 0.583726 -0.696080 NA 2.322439 NA -0.724607 NA -0.112552 0.982505 -1.184605 NA NA 2.076975 -0.745618 0.515434 NA -0.229112 -0.790561 NA NA 1.849714 -1.458547 -0.097423 NA 0.098148 NA 0.665824 1.050390 -0.388347 -0.280051 1.133567 0.262732 -0.900240 -2.421333 NA NA NA -0.608837 1.148994 -0.609894 0.661302 0.296245 1.007788 1.000000
89 -0.007490 1.014508 0.893456 -0.307547 -0.102713 0.856381 0.872912 NA NA -1.913056 0.032851 NA NA 0.746531 0.363567 NA -0.134236 -1.015140 NA -0.387802 NA 1.714483 NA -1.319823 NA 0.684419 0.577248 NA -0.263968 0.222871 1.710339 0.721512 -0.437902 0.565491 -0.072005 0.162632 NA NA -0.276513 -0.134316 NA 0.586376 0.120863 0.744429 -0.831142 0.063443 0.486780 0.271269 NA NA -0.419760 1.057289 -0.445688 NA -0.839914 0.557910 -0.417792 NA 0.771745 NA -0.234986 -1.602132 -1.205286 -0.468157 1.077659 -1.571389 -0.655453 0.024796 NA 0.399857 NA NA 0.554561 -0.245483 0.060749 1.494592 NA 0.902538 NA NA NA 2.194799 -1.042571 -0.493386 0.042748 NA -1.846447 NA -1.707251 NA -0.517608 NA NA -0.395215 NA 0.428895 NA -0.189379 0.180823 NA 0.464073 1.000000
90 -0.968055 -1.252707 NA 0.182927 0.530664 NA NA 2.244362 0.158932 NA NA 0.472123 0.166280 -2.019541 NA 0.181515 0.087341 NA 0.076463 0.437288 0.413528 NA -0.689779 -0.344250 NA 0.907074 0.634489 NA 0.412572 0.875089 NA NA -0.155735 NA NA 1.821684 NA 0.278798 -0.531203 0.592220 -1.636843 -0.182317 NA 1.204187 NA -1.687064 -1.492291 NA NA 1.446582 NA NA -0.361097 NA NA NA 0.408164 NA 1.635671 NA NA NA 0.954890 -0.258467 0.848629 -1.188629 NA 1.216294 NA -0.190599 NA NA NA NA NA 1.042845 -1.914349 -0.611976 0.903843 NA NA -0.520802 0.476059 0.583889 NA -0.129434 -1.081332 0.501212 -0.075647 -1.038656 0.616890 NA 0.219802 0.332793 0.394712 NA -0.111372 NA -0.623832 1.563921 4.259174 1.000000
91 0.063135 NA 0.040540 NA -0.106145 0.338465 0.373386 0.737790 -0.771576 NA NA -0.384582 -1.061541 -0.159326 0.294120 -0.103838 0.150443 0.060063 0.070523 NA -1.038798 NA NA 0.673241 -0.351178 0.679697 -1.212690 -0.689836 0.421316 0.321743 NA -0.455276 1.247445 0.309626 -0.375366 -0.993099 NA 0.469608 2.663771 -0.348168 NA -0.407520 NA -0.851887 -1.213980 NA NA -0.565849 NA NA -2.174152 -1.278814 1.471080 NA 0.481310 NA -0.865909 NA 2.229621 NA -0.025680 -0.067470 NA -2.036131 -0.354114 -0.328795 NA -0.585632 0.415570 -2.152642 -0.603965 NA NA 0.370540 0.136434 NA NA -0.561839 -0.236663 -2.137678 NA 0.023360 1.183892 NA NA -0.356081 -0.067019 NA -0.751823 -1.290916 NA NA NA NA 1.097818 NA NA 0.290147 NA 0.160528 0.709469 1.000000
92 NA NA -0.349305 2.179839 0.168254 1.618883 NA 2.763091 1.989683 0.192577 NA -0.152460 -0.586624 0.712351 NA NA NA -0.011125 0.788337 -0.446412 -0.116284 -0.241205 0.895562 NA -0.831990 NA -1.838148 -1.574411 0.846307 -0.844434 NA 1.806360 NA -0.123912 NA 0.599749 0.609932 0.084796 NA 0.234640 -1.436755 2.845880 1.534300 1.678306 NA -0.123192 NA NA 1.167439 -0.477465 1.553568 NA -1.130611 -0.609210 NA NA NA 2.024785 NA -1.336281 0.645174 0.857853 NA NA 0.443419 -0.921994 NA -0.727537 0.569248 -0.834690 NA NA 1.631864 NA NA -0.327349 -1.037279 -0.715932 -0.164721 NA NA 1.814372 0.025675 0.469221 -1.896403 0.105730 -0.423727 1.355173 0.870272 -0.284593 0.549364 NA NA -0.017471 0.506371 -1.852124 1.342730 NA -2.052770 -0.083773 142.013473 1.000000
93 0.775222 0.238770 NA -1.728685 NA -1.446035 -0.107358 -0.097833 0.305652 1.454749 0.264586 NA -0.204747 NA NA 0.329038 NA -0.277227 NA -1.750369 0.260728 -0.349827 NA NA -1.154097 NA NA NA 1.766443 1.358262 NA NA -0.618427 NA -0.815161 NA NA NA -0.441394 -0.558764 NA NA 1.277103 NA -0.431138 0.565617 1.239338 NA -0.065772 1.100918 1.709051 0.362431 -1.190489 NA -1.245744 -0.201360 NA NA NA NA -2.610703 NA NA -1.218393 NA -0.688149 -1.459659 NA 1.274341 0.281708 -0.396419 NA 0.075685 0.371820 -1.270814 0.172807 NA NA 1.007317 NA NA NA NA 0.388832 NA -0.015930 2.082388 -1.259276 -0.505348 0.684404 1.008046 0.098784 -0.270457 -0.329541 0.262910 NA NA -0.270093 NA -0.081447 5.623965 1.000000
94 -2.239351 0.683232 NA -0.964677 NA 0.247627 0.190701 NA -0.815112 0.771330 -0.372949 NA NA 0.026697 -0.342648 0.389802 -1.338081 0.045303 0.173229 NA -0.638055 -0.878413 NA NA -0.623714 NA -0.103502 NA 0.331046 0.680585 NA NA NA NA 2.148869 NA 0.203833 -0.352430 -1.148655 1.358212 NA NA 1.080764 -0.556081 NA -0.464058 -1.062128 NA NA -0.269788 NA -0.749443 -0.433809 -0.209935 -0.560877 0.504684 NA NA 0.356215 NA -2.430477 NA NA 0.811434 NA 0.084225 NA NA NA 1.873856 2.619472 NA NA NA NA -1.404211 NA 0.701172 0.858722 NA 0.556340 -0.765515 0.341032 NA 1.096233 NA -0.243969 0.708670 1.659568 -0.091096 -2.572963 -0.028878 NA NA 0.285914 -1.202771 -0.058078 -1.791812 0.222620 0.790652 11.042805 1.000000
95 1.309452 NA 0.928822 -1.088159 0.196469 -1.330657 0.433075 1.614013 1.833275 -1.189254 -0.974905 -0.209806 0.617759 NA -1.455403 NA -0.437242 NA 0.840396 NA -0.320766 0.025924 -1.496402 1.279506 -0.061877 -0.369223 0.715569 1.395784 -0.231525 -0.458548 NA 0.552301 -1.792744 NA NA NA NA NA -1.757669 -0.539590 NA -0.755607 1.500573 -1.238754 NA NA 0.792109 -0.318673 NA NA NA NA NA NA 0.989230 NA 0.043490 NA 0.543167 NA NA NA -0.979639 NA NA NA -0.406692 NA 0.401417 NA NA -1.078550 -1.014586 0.289940 NA NA NA 0.989935 NA -0.920876 NA NA NA NA -0.359673 -1.631521 0.995654 2.568904 0.498856 NA 1.284905 NA 0.373244 NA 1.147838 -0.523156 1.178992 NA NA 0.851351 7.122210 1.000000
96 -1.999176 NA NA -0.243148 NA NA NA NA -2.143963 -0.580380 0.105340 1.633054 0.837189 NA -0.796158 -1.181037 -1.737917 1.109517 0.890265 -0.240830 -2.069936 -0.333965 0.181130 NA NA NA NA NA 0.548204 0.566993 NA NA NA NA NA NA 0.183838 -0.439166 -0.335920 -1.294651 NA NA NA NA 0.495326 NA 0.383429 NA NA 0.196148 NA NA NA 1.214786 1.272374 0.492249 NA -0.418168 -0.254502 -0.517964 NA NA -1.756234 -0.456654 -0.065813 NA 0.592688 -1.485493 1.216757 0.768191 NA NA NA NA -0.800281 NA NA NA -1.461059 -1.995484 0.871982 NA -1.237574 0.860863 0.339145 -0.382209 0.010467 NA 0.038555 NA NA NA NA 0.429157 0.754184 0.675557 0.357385 NA 0.288610 NA 0.166674 1.000000
97 NA -0.277282 -1.842852 -0.861449 0.426056 NA -0.354714 -1.410220 -0.541765 -0.940257 NA 0.870999 NA NA 0.165704 NA NA 0.786493 0.996897 -1.377827 NA -0.068060 0.623678 -0.272630 0.390418 1.624881 -0.099760 -1.158449 -1.174126 NA 1.024274 0.715859 NA 0.320418 -0.672226 NA NA -1.156257 NA -0.911237 NA -1.579146 NA NA -0.788017 0.998091 NA NA NA NA NA NA 0.936583 NA NA -0.973261 NA NA NA -0.008962 NA -0.484089 NA NA 0.510525 NA -0.261209 1.493067 -0.024750 1.025483 0.577335 NA 1.612203 -0.167690 -0.269566 NA NA -1.802066 0.590110 NA NA NA 0.799239 NA NA NA NA -0.151618 NA 0.015420 -0.782661 NA NA NA -0.046066 NA -0.834847 0.228410 -0.054272 0.158708 1.013622 1.000000
98 -0.476057 -0.320268 0.980446 NA NA NA NA -0.205359 0.785477 NA NA NA NA -0.780449 -0.268345 -1.195611 0.087867 NA NA NA -0.797739 -0.494480 NA -0.785933 -0.031762 NA NA NA NA NA 1.459161 1.011779 -0.388886 NA -0.575667 1.467667 -1.265965 NA NA NA NA NA -0.276330 -0.301075 -0.241053 0.763734 -1.008843 NA 1.866612 -1.208304 NA NA 0.113665 NA NA 0.284857 1.781003 -0.682576 NA 0.816393 NA NA NA -0.565280 2.006267 1.451106 -0.160058 NA 1.801903 NA NA 1.070066 NA 0.181986 2.614133 0.257279 NA -1.234101 NA 0.293353 NA -1.158427 0.836032 -1.176677 NA -1.417588 NA NA NA 1.251720 NA -0.814548 NA NA NA 1.589817 -0.664675 NA 1.821309 NA 4.904648 1.000000
99 -0.447306 NA NA NA -0.076610 -0.324981 NA 0.108344 0.543616 -0.663430 -0.063629 0.143863 NA NA 0.155655 -0.299764 0.690151 NA NA NA NA -0.814540 -0.884654 0.790713 NA NA 0.229702 NA -0.577471 1.515236 0.418890 NA -0.389975 -0.399403 NA -0.867179 0.637646 0.516012 NA 1.007930 -0.807300 2.115844 0.888351 NA -0.077417 1.746965 NA 1.389688 0.712328 NA NA 0.266529 NA 0.648763 -0.840945 -0.863152 NA 0.038676 NA NA NA -0.137366 -1.040970 NA NA -1.888304 0.503594 NA 0.027842 NA NA NA NA NA NA NA NA NA -0.112694 2.933398 0.071628 NA NA -0.802973 NA -1.056990 -1.194368 -0.684848 NA NA 0.817991 1.269201 NA NA 0.321100 NA 0.897547 1.002137 NA 0.741401 1.061754 1.000000
100 NA 0.070826 -0.205520 NA NA NA -1.105574 0.158648 NA 1.547860 NA NA NA -0.894692 NA 0.707992 NA -0.565545 0.808676 NA NA NA -0.335232 -0.488412 0.582742 NA -1.602736 -1.602681 1.705365 -1.582371 -0.013017 1.185806 -0.747019 NA -1.001323 1.703746 -1.343066 NA NA -0.273040 0.189469 1.121056 NA 0.239267 NA 1.165055 1.873630 -0.943528 NA NA NA 1.462503 0.624812 NA NA 0.955384 NA 0.125956 -0.718040 -1.282989 -0.940499 -0.487008 NA NA NA NA NA NA NA 0.070293 0.263085 -0.115528 1.032750 -0.791165 -1.030057 NA NA -1.456520 NA 0.385375 NA NA NA NA 0.266059 -1.918882 NA 0.812187 NA 0.427069 -1.855977 1.072756 0.043652 1.082214 -0.451557 NA 0.307395 0.053037 NA NA 10.962337 1.000000
uncorrelated Gaussian covariates
missing covariate fraction: 0.400000
no latent classes
   lambda(t|risk 1)=C, <t>=4.000000 for zero covariates
   risk 1: beta[1]=0.500000
   risk 1: beta[2]=0.500000
   risk 1: beta[3]=0.500000
   risk 1: beta[4]=0.500000
   risk 1: beta[5]=0.500000
   risk 1: beta[6]=-0.500000
   risk 1: beta[7]=-0.500000
   risk 1: beta[8]=-0.500000
   risk 1: beta[9]=-0.500000
   risk 1: beta[10]=-0.500000
   risk 1: beta[11]=0.000000
   risk 1: beta[12]=0.000000
   risk 1: beta[13]=0.000000
   risk 1: beta[14]=0.000000
   risk 1: beta[15]=0.000000
   risk 1: beta[16]=0.000000
   risk 1: beta[17]=0.000000
   risk 1: beta[18]=0.000000
   risk 1: beta[19]=0.000000
   risk 1: beta[20]=0.000000
   risk 1: beta[21]=0.000000
   risk 1: beta[22]=0.000000
   risk 1: beta[23]=0.000000
   risk 1: beta[24]=0.000000
   risk 1: beta[25]=0.000000
   risk 1: beta[26]=0.000000
   risk 1: beta[27]=0.000000
   risk 1: beta[28]=0.000000
   risk 1: beta[29]=0.000000
   risk 1: beta[30]=0.000000
   risk 1: beta[31]=0.000000
   risk 1: beta[32]=0.000000
   risk 1: beta[33]=0.000000
   risk 1: beta[34]=0.000000
   risk 1: beta[35]=0.000000
   risk 1: beta[36]=0.000000
   risk 1: beta[37]=0.000000
   risk 1: beta[38]=0.000000
   risk 1: beta[39]=0.000000
   risk 1: beta[40]=0.000000
   risk 1: beta[41]=0.000000
   risk 1: beta[42]=0.000000
   risk 1: beta[43]=0.000000
   risk 1: beta[44]=0.000000
   risk 1: beta[45]=0.000000
   risk 1: beta[46]=0.000000
   risk 1: beta[47]=0.000000
   risk 1: beta[48]=0.000000
   risk 1: beta[49]=0.000000
   risk 1: beta[50]=0.000000
   risk 1: beta[51]=0.000000
   risk 1: beta[52]=0.000000
   risk 1: beta[53]=0.000000
   risk 1: beta[54]=0.000000
   risk 1: beta[55]=0.000000
   risk 1: beta[56]=0.000000
   risk 1: beta[57]=0.000000
   risk 1: beta[58]=0.000000
   risk 1: beta[59]=0.000000
   risk 1: beta[60]=0.000000
   risk 1: beta[61]=0.000000
   risk 1: beta[62]=0.000000
   risk 1: beta[63]=0.000000
   risk 1: beta[64]=0.000000
   risk 1: beta[65]=0.000000
   risk 1: beta[66]=0.000000
   risk 1: beta[67]=0.000000
   risk 1: beta[68]=0.000000
   risk 1: beta[69]=0.000000
   risk 1: beta[70]=0.000000
   risk 1: beta[71]=0.000000
   risk 1: beta[72]=0.000000
   risk 1: beta[73]=0.000000
   risk 1: beta[74]=0.000000
   risk 1: beta[75]=0.000000
   risk 1: beta[76]=0.000000
   risk 1: beta[77]=0.000000
   risk 1: beta[78]=0.000000
   risk 1: beta[79]=0.000000
   risk 1: beta[80]=0.000000
   risk 1: beta[81]=0.000000
   risk 1: beta[82]=0.000000
   risk 1: beta[83]=0.000000
   risk 1: beta[84]=0.000000
   risk 1: beta[85]=0.000000
   risk 1: beta[86]=0.000000
   risk 1: beta[87]=0.000000
   risk 1: beta[88]=0.000000
   risk 1: beta[89]=0.000000
   risk 1: beta[90]=0.000000
   risk 1: beta[91]=0.000000
   risk 1: beta[92]=0.000000
   risk 1: beta[93]=0.000000
   risk 1: beta[94]=0.000000
   risk 1: beta[95]=0.000000
   risk 1: beta[96]=0.000000
   risk 1: beta[97]=0.000000
   risk 1: beta[98]=0.000000
   risk 1: beta[99]=0.000000
   risk 1: beta[100]=0.000000
