1 -0.102108112903 0.964885609146
2 0.095204228070 0.828578968771
3 0.031742086207 1.008006405742
4 -0.011601757576 1.031604821681
5 0.198221542373 0.858957899944
6 0.143699380282 0.866942619756
7 -0.026553113208 1.035863754728
8 -0.116983491803 1.066042371645
9 -0.216398016949 0.968245124948
10 -0.079480901639 0.916764197838
11 -0.046026508197 0.948635009479
12 0.104286904762 1.024495412897
13 -0.112485016949 0.944843707356
14 -0.076491306452 0.941260245322
15 0.051782127273 0.962124378878
16 -0.182727969697 1.054234569435
17 -0.206572000000 0.867219974774
18 0.036146649123 0.910136582323
19 0.314206131148 0.942339505630
20 0.000089934783 0.943239805611
21 -0.034288508197 1.160550586043
22 0.073016278689 0.872447890692
23 -0.201965895833 0.781781095439
24 0.028015220339 0.849971454175
25 -0.170100596491 1.032681029609
26 0.192744258621 0.938580245905
27 -0.008822096774 1.028732434381
28 -0.010984777778 0.922235853841
29 -0.126644898305 1.002654526143
30 -0.001558283333 1.022574219623
31 0.192890461538 0.970423222585
32 0.265572385965 0.842858620236
33 -0.038737642857 0.927147627397
34 -0.053546950820 0.842960425875
35 -0.116723929825 0.946099876517
36 0.028730527273 1.108008349074
37 -0.010688861111 0.998341578325
38 -0.079330127273 0.801798655642
39 -0.029191105263 1.088573290241
40 0.189884866667 1.032320039182
41 0.041111054545 1.058430702607
42 0.197161459016 0.939192120424
43 0.006788210526 0.847026901203
44 -0.104130925373 1.035558058321
45 0.004121296875 1.021764305650
46 0.052724656716 0.915996933203
47 0.092638838710 1.019974167823
48 -0.154044040000 0.999338760869
49 -0.023463724138 0.983133842473
50 0.067356067797 0.913462966516
51 -0.045596071429 1.068431990514
52 0.008616333333 1.031437407381
53 -0.115324491525 1.068289555248
54 0.093547094340 1.144850290943
55 -0.165872352941 0.869057814623
56 0.164546523077 0.897879634907
57 -0.119535424242 1.016480507916
58 0.132982017241 0.967948131302
59 -0.156712155172 0.914666290695
60 -0.000981216667 1.048140770088
61 -0.183694092593 1.067703267287
62 0.016638618182 0.986326766094
63 0.082570163636 1.041661624935
64 -0.113235736842 0.803271330779
65 0.186357637931 1.027217835336
66 0.091747793651 1.174026022646
67 0.243449152542 1.133613380311
68 -0.066662310345 0.970992711921
69 0.043552212121 1.048188578105
70 0.117479120690 0.970755695292
71 0.028960160714 0.949163708842
72 0.107224781818 1.086599247841
73 0.247100000000 0.873283094685
74 0.151634055556 0.812005688500
75 -0.165274781250 0.923034312486
76 -0.048865646154 1.056851177854
77 0.100176226415 1.096862533982
78 -0.042215140625 0.889764032426
79 -0.036515379310 0.867173637772
80 0.034414542373 1.308487079014
81 0.219970962963 0.944998463944
82 -0.369794283019 0.997190737883
83 -0.034651555556 0.944812602333
84 -0.000223692308 1.041100389854
85 -0.095518545455 1.025653713320
86 -0.026359196429 0.925265218479
87 0.040184048387 1.046078384511
88 0.114011307692 0.987063029185
89 0.029228435484 0.998802000042
90 -0.210653616667 0.905711808589
91 -0.092430373134 1.198423133623
92 -0.169038109375 1.009529530790
93 -0.203565412698 1.079836839400
94 0.047716102041 0.880656342419
95 0.023734892308 0.925043382379
96 0.092073052632 1.037022605082
97 -0.021435138462 0.890607490105
98 -0.095163271186 0.833443119012
99 0.012404352941 0.980205352215
100 0.121893344828 1.176800586665
