0.000000 0.500000
1.000000 0.551400
2.000000 0.632500
3.000000 0.646700
4.000000 0.664800
5.000000 0.669400
6.000000 0.684400
7.000000 0.687600
8.000000 0.706800
9.000000 0.718900
10.000000 0.723700
11.000000 0.726700
12.000000 0.732900
13.000000 0.735700
14.000000 0.752100
15.000000 0.761700
16.000000 0.767900
17.000000 0.779500
18.000000 0.790000
19.000000 0.798300
20.000000 0.816000
21.000000 0.811300
22.000000 0.816800
23.000000 0.814500
24.000000 0.818700
25.000000 0.832400
26.000000 0.832100
27.000000 0.832600
28.000000 0.827900
29.000000 0.832100
30.000000 0.828100
31.000000 0.833300
32.000000 0.831700
33.000000 0.830000
34.000000 0.850100
35.000000 0.845000
36.000000 0.844200
37.000000 0.847900
38.000000 0.849500
39.000000 0.861900
40.000000 0.861000
41.000000 0.858400
42.000000 0.869300
43.000000 0.870800
44.000000 0.868700
45.000000 0.876900
46.000000 0.878400
47.000000 0.878800
48.000000 0.886800
49.000000 0.883500
50.000000 0.888100
51.000000 0.893300
52.000000 0.896200
53.000000 0.898100
54.000000 0.905600
55.000000 0.900400
56.000000 0.908800
57.000000 0.917000
58.000000 0.914500
59.000000 0.916900
60.000000 0.923100
