1 -0.048978143262 0.718585103929
2 0.575794411339 0.635388511630
3 0.549552721035 0.657779082504
4 0.238909261243 0.894746348155
5 0.290197843655 1.019458980829
6 -0.032589461993 0.706786630618
7 -0.269017777328 1.118691218645
8 -0.235678198925 0.737640993077
9 -0.241465722140 1.111042403975
10 -0.114003192333 0.997151656797
11 -0.275133974966 0.879422806766
12 0.220843040833 0.757699603988
13 0.247063860370 0.804178314615
14 -0.121034074771 0.528344489713
15 -0.032618908082 0.712376856469
16 -0.349599100523 0.825182313668
17 -0.233260043512 0.977165406845
18 -0.482964326790 0.915710045981
19 0.403662416335 1.096343650083
20 -0.109452774652 0.619429429641
21 -0.481849185114 0.792346099901
22 0.443347796883 0.825129409859
23 0.107120508805 1.203560540210
24 0.351708922040 0.812697233228
25 -0.461052491512 1.368487158372
26 0.797346716166 0.959371509388
27 -0.662933020899 0.965503484162
28 -0.319961960833 1.043913230376
29 -0.026956639924 0.686397672849
30 0.307012534392 1.236896995969
31 0.437879882096 1.015429565296
32 -0.210958613134 0.933782876952
33 0.320140338553 1.029174131404
34 0.349479482111 1.093385399644
35 -0.274449065278 0.550230467993
36 -0.223884198974 0.888934691416
37 -0.112056098306 1.094090421600
38 -0.057119738785 1.096040077735
39 0.413177516787 1.104037885804
40 0.226156820836 1.111188975929
41 0.320267841039 0.853317747277
42 0.438683931596 1.164135655097
43 0.356585190734 0.898096887448
44 0.137833653861 0.936352933902
45 0.153002000145 1.518765129247
46 -0.163164334545 0.800341616141
47 -0.226083030524 0.826798971474
48 -0.232712206116 0.931830017456
49 -0.239804633127 1.150914042372
50 -0.084287790668 0.583670660373
51 0.090225738828 0.621890146298
52 0.160685575726 0.792139658388
53 0.158613200642 0.992983112879
54 -0.503679449823 0.538918528004
55 -0.077154863294 0.522369469376
56 -0.368249778294 0.762716594813
57 -0.142619902605 0.972406126212
58 0.343268905770 0.986997545644
59 0.950115036235 0.718803451529
60 0.001611729651 0.944643490724
