0.000000 0.510900
1.000000 0.558300
2.000000 0.581200
3.000000 0.627900
4.000000 0.634000
5.000000 0.693500
6.000000 0.701900
7.000000 0.711700
8.000000 0.708200
9.000000 0.735500
10.000000 0.739900
11.000000 0.751800
12.000000 0.756200
13.000000 0.784900
14.000000 0.789600
15.000000 0.799500
16.000000 0.800200
17.000000 0.813400
18.000000 0.824400
19.000000 0.837300
20.000000 0.830400
21.000000 0.842000
22.000000 0.856100
23.000000 0.847400
24.000000 0.857000
25.000000 0.862300
26.000000 0.860200
27.000000 0.862400
28.000000 0.873200
29.000000 0.873500
30.000000 0.883000
31.000000 0.882100
32.000000 0.887000
33.000000 0.894000
34.000000 0.891700
35.000000 0.893000
36.000000 0.893000
37.000000 0.898900
38.000000 0.898200
39.000000 0.896800
40.000000 0.895400
41.000000 0.911300
42.000000 0.909200
43.000000 0.909200
44.000000 0.911600
45.000000 0.915500
46.000000 0.917500
47.000000 0.917800
48.000000 0.911500
49.000000 0.923200
50.000000 0.920900
51.000000 0.925800
52.000000 0.925100
53.000000 0.930900
54.000000 0.930300
55.000000 0.932200
56.000000 0.936400
57.000000 0.938500
58.000000 0.933200
59.000000 0.940100
60.000000 0.939200
61.000000 0.940400
62.000000 0.939700
63.000000 0.941100
64.000000 0.944200
65.000000 0.944500
66.000000 0.946400
67.000000 0.948900
68.000000 0.950400
69.000000 0.948600
70.000000 0.949700
71.000000 0.949000
72.000000 0.953900
73.000000 0.953700
74.000000 0.953600
75.000000 0.954500
76.000000 0.954500
77.000000 0.955500
78.000000 0.956800
79.000000 0.956100
80.000000 0.955900
81.000000 0.955500
82.000000 0.958800
83.000000 0.955700
84.000000 0.960500
85.000000 0.958000
86.000000 0.958100
87.000000 0.961200
88.000000 0.963300
89.000000 0.962400
90.000000 0.963100
91.000000 0.962200
92.000000 0.965800
93.000000 0.964600
94.000000 0.964500
95.000000 0.966000
96.000000 0.966600
97.000000 0.968300
98.000000 0.966800
99.000000 0.968500
100.000000 0.967800
