N=100
P=20
R=2
1 1.523780 0.572549 -1.066942 -1.850641 0.862202 1.078844 0.312400 -0.089538 -0.545048 -0.678105 -1.026354 0.310355 -0.546481 -1.103161 -1.209521 -0.467002 1.406744 0.016823 -0.375926 0.335137 2.882240 1.000000
2 -1.437200 -0.081397 -0.956447 2.040995 0.255379 -1.475510 0.357158 -0.101932 -0.158103 -0.785650 1.751698 0.590470 0.641638 -2.248327 0.708495 0.684571 0.046178 0.509032 2.382663 -0.808954 5.729419 1.000000
3 -0.302715 0.416887 -0.733629 0.167255 -0.087295 -0.275672 1.506692 -0.168101 0.471716 0.312423 -0.392692 -0.298629 2.880405 0.538229 -1.990455 -1.951309 -0.875441 0.434215 0.369315 0.392329 0.862178 1.000000
4 -0.346558 -0.664649 0.099724 -0.217240 -0.419638 0.574006 1.584726 -0.009944 -1.867576 -0.053252 0.967633 1.042916 -0.895890 -0.520963 0.995043 0.587767 0.572717 -0.366812 -1.552639 2.259665 2.482468 1.000000
5 1.134394 -0.469586 -0.212209 -1.701316 -1.281141 0.954146 -0.293709 -0.897862 -1.187686 -0.172123 -0.696667 -0.803471 -0.778254 -0.238691 -0.810147 -0.619989 -2.116593 -0.707750 0.146450 -0.777724 8.368646 1.000000
6 0.694571 2.558556 -1.259605 -0.020811 0.796762 1.507265 2.441140 1.786659 -0.663432 0.588531 0.709709 0.996740 1.334116 1.999955 1.254754 -0.437824 -0.187765 -1.265283 -0.061023 1.082320 24.270739 1.000000
7 -1.810763 0.465821 0.766424 -1.002161 -0.130739 0.841823 1.708979 -0.951063 -0.415196 -0.567380 0.167443 0.117974 0.018951 -0.858584 0.371627 -2.447576 -0.651326 1.820410 0.521657 -0.214885 8.221794 1.000000
8 -0.004800 -0.775275 0.651087 -0.671877 1.430404 0.529940 -0.865051 0.107394 -0.532185 -0.229503 0.307863 2.499380 1.099048 -1.262044 -0.650813 -1.001574 1.630606 0.077753 0.743308 1.146359 2.009769 1.000000
9 -2.027618 0.166843 0.423381 0.725296 1.301794 -0.052861 0.894279 1.185065 0.549036 0.885033 -0.948527 1.696980 -0.190437 1.357958 -1.387142 -0.353699 -1.562556 1.729228 0.014480 0.954205 3.222353 1.000000
10 2.195890 -0.240551 0.001197 -0.193965 0.325179 -0.520396 0.385424 -1.313132 0.728366 0.988587 0.038138 -0.471432 0.675678 -0.576576 0.423686 0.432803 0.182929 -1.985219 2.154873 2.065271 1.878905 1.000000
11 1.916823 0.125380 -0.404642 0.305116 -0.310870 -1.340125 0.020191 0.462157 -0.734524 -0.496478 -1.284517 -0.682348 0.800300 0.821377 0.548932 -1.227912 -0.907096 0.812868 -0.223021 0.532388 0.703760 1.000000
12 2.738528 0.256077 0.878365 0.594670 0.607259 -0.510230 0.285695 -0.384575 0.272069 0.860211 -0.661031 -1.862322 -1.419115 -1.936349 0.017741 -0.896825 -0.004143 -0.664352 -0.139054 0.783169 2.018827 1.000000
13 -0.864102 -0.286568 0.043111 -0.634064 -0.274583 0.810744 -1.637116 1.354557 0.983180 -0.539939 2.474168 -1.320634 -0.384374 -0.621357 0.757088 1.345123 -0.265262 -0.534162 0.065773 0.191518 26.841539 1.000000
14 -0.511495 -0.396545 -0.660633 0.305422 -1.247144 2.469533 -1.090369 0.169710 -2.092252 -1.292745 -1.140266 -0.352590 -0.988358 -0.247453 -0.137567 -0.192411 0.401105 1.282994 0.083608 -1.183402 4.826894 1.000000
15 -0.820395 0.766477 -0.548067 0.820011 0.369895 -1.880959 -0.198404 -0.297041 0.511559 1.186746 0.612359 1.083928 0.717779 0.597406 -0.544615 0.746497 -0.218667 0.910918 -0.655734 0.681104 7.158383 1.000000
16 0.102343 -0.682593 0.642108 -0.962766 -1.070964 0.398372 0.961646 -0.720331 -1.365622 0.954312 -0.661858 1.392805 0.350802 1.077550 1.917539 0.419825 0.850871 -0.259227 -0.487468 0.266323 10.480180 1.000000
17 -0.876667 0.552584 0.327241 1.000007 -0.541342 2.193497 0.940061 -0.081155 0.690833 0.937931 -0.749701 1.273468 0.207052 2.884214 0.335855 1.252838 0.387436 -2.031248 -0.356652 -0.980230 3.416116 1.000000
18 0.144456 0.056588 -1.667152 -0.045737 1.993730 1.223480 0.872986 1.239912 -0.743111 -0.969258 -1.651819 -1.343314 1.114264 -1.378549 -1.009620 0.434239 -0.104556 -0.291474 -0.926376 -0.542230 3.243279 1.000000
19 1.566422 0.201289 -0.317683 -0.323368 -0.254470 -0.747368 2.033384 0.203925 -0.323998 0.131278 1.758725 0.025535 -0.237604 1.140150 -1.088990 -1.522118 -0.424170 -1.893379 0.648092 -0.668855 4.637125 1.000000
20 1.401536 0.459927 0.648784 -0.666497 0.011737 1.113107 -0.149789 2.187612 1.609706 -0.684476 2.398784 0.791735 0.373136 1.198900 1.039847 -0.001973 -1.195853 -0.452598 -1.236063 0.861594 0.961075 1.000000
21 -0.617415 -0.581241 0.691723 0.924646 1.352870 -2.435102 0.792108 0.012260 1.308155 -0.093398 -0.331315 -1.213083 0.341698 -0.197387 0.785034 1.669077 0.272647 -0.874860 0.275660 0.549598 1.468789 1.000000
22 0.696681 1.694501 -1.216141 -0.680093 -1.184912 -0.077605 1.257825 0.305383 1.034390 0.015079 -1.194630 -0.152080 -0.761525 1.143289 0.584013 0.574975 -1.733980 0.160246 0.441509 0.884959 13.340912 1.000000
23 -0.737592 0.066511 -1.661193 -0.051268 -2.740464 0.131025 -0.961704 -0.125869 -1.176841 -0.634269 0.397337 -0.189909 -0.471854 0.536285 -1.439470 0.400174 0.339091 0.773247 -0.975790 -0.629581 2.937711 1.000000
24 0.133114 -0.020233 1.349125 1.191553 0.260745 -0.500136 0.734520 -0.409575 -1.564499 0.009513 -1.403716 -0.785993 1.190812 1.058478 -0.120855 1.141169 -0.246889 -1.401415 0.072180 -1.678390 0.584785 1.000000
25 -1.118713 0.004091 0.418586 1.216948 -0.315957 1.052240 -1.206591 0.256470 0.124808 -0.308967 1.815777 1.496313 2.805211 -1.029958 -1.694075 0.951869 -0.486624 -0.243626 0.477207 -1.243087 1.883523 1.000000
26 1.109610 0.429259 0.238054 -0.394296 -0.269272 1.995096 0.123488 -0.087070 -0.646090 0.625220 -0.512204 -1.405354 0.899705 1.375182 -0.981585 -0.929285 2.000379 0.165979 0.387995 1.491114 16.221980 1.000000
27 -0.522216 1.608025 -1.081467 0.519886 -0.478430 0.207409 2.011212 -0.563230 -0.717128 0.704009 -1.319001 -0.422866 0.856445 3.529561 -0.237601 0.985188 0.129468 -0.099565 -0.132975 -1.493561 1.978665 1.000000
28 0.234907 -0.095513 0.268375 0.286934 1.090939 -1.341910 0.356112 1.027938 -0.398710 -1.523333 1.747365 0.105298 1.031159 -1.056141 -1.042537 0.215787 -1.548153 0.472028 1.295937 -0.792800 0.870875 1.000000
29 1.924916 -1.004129 -0.930700 -0.801890 -1.091831 -0.589974 -2.550254 0.489809 0.752651 -0.541614 -0.150408 0.708363 1.576737 -0.469354 0.730623 -1.236297 0.463900 0.871479 -1.027205 -0.286964 0.467483 1.000000
30 2.108453 0.672905 0.436823 -0.693883 -0.945404 0.908570 -1.527910 2.070521 -1.679627 1.018989 0.456671 -1.729748 -0.814457 0.092444 1.333115 1.440637 0.708213 -0.995226 0.676555 -0.574579 0.270551 1.000000
31 0.729120 0.798353 -0.060609 1.168215 0.645179 -0.771678 -0.360742 1.244625 -0.898941 0.724706 1.024428 0.552574 1.037170 -0.006882 1.779106 1.367622 0.140787 -0.412150 -0.852881 2.194988 1.448844 1.000000
32 -0.269461 -1.623652 -1.355931 -1.349532 1.188869 -0.333579 -0.056617 -0.388717 1.650075 -0.227796 2.382713 0.150075 -0.216102 -0.710766 -0.857044 0.425647 0.440035 -0.087129 0.404599 -2.243736 4.510793 1.000000
33 -0.374597 -0.323268 0.386708 0.435233 0.436868 0.115845 -2.249443 0.165599 -0.269781 -1.237562 -0.165747 0.751416 -0.845469 0.786976 -1.327516 1.460161 0.226291 1.222708 -0.649055 -1.115221 0.218881 1.000000
34 -0.640939 0.040262 0.269764 -0.321550 1.841969 0.325999 -0.025403 0.198555 -1.273972 1.353362 0.056472 0.865550 -0.390607 1.229351 1.181507 -1.437173 -0.280741 0.958167 -0.520129 -2.442417 5.084542 1.000000
35 1.246772 -1.758728 -0.013883 2.224455 0.168005 -0.350563 1.059342 -0.551712 -0.660998 1.267768 -0.150355 0.142945 -1.389931 -0.452961 0.117270 -2.100001 2.400273 -0.609173 1.650443 -0.570265 4.149088 1.000000
36 -0.972495 0.110546 0.711744 -0.382074 -0.503092 -1.006754 0.996985 0.180430 1.804850 -0.226456 -0.327371 0.665286 -1.614016 -0.677868 -0.913614 -0.496605 1.048119 0.824366 -0.479323 -1.105372 2.657483 1.000000
37 -0.003853 0.817807 -0.572977 -0.669881 -1.205051 -1.927317 0.731422 0.309263 0.240017 -0.353306 -1.595023 -0.932588 -0.227890 1.210579 -0.227468 -0.376112 -0.019667 -0.116372 -1.297665 0.071751 8.820562 1.000000
38 -0.012432 0.759775 2.495103 1.559496 -1.407251 -1.290433 0.248115 2.132888 0.316906 -0.074264 -0.370395 -0.826110 -1.367282 -0.402638 0.595521 -0.172796 -0.752739 -0.161711 -1.533667 0.452361 3.475682 1.000000
39 -1.299772 -0.029349 -1.337550 0.606250 1.144540 -0.482170 -0.902969 -1.416679 -0.307298 0.639671 0.107856 0.547866 0.083572 -1.618826 1.124758 1.834509 0.633573 0.511131 -1.238099 -1.003946 2.416597 1.000000
40 0.798176 -0.057190 0.872087 0.469019 1.087326 1.012249 -1.410700 0.260255 0.133763 0.145373 -0.732661 -1.624060 0.642321 1.033255 -0.064876 0.709116 -1.057084 -0.177679 -0.850067 0.729597 0.553929 1.000000
41 -0.104920 0.043281 -0.654524 1.036026 -0.339991 -0.288673 0.501923 0.083295 1.654109 0.368702 0.595180 0.636161 0.789608 -0.175503 -2.195413 -1.050002 0.489388 0.008150 -0.126789 -0.261413 13.754027 1.000000
42 -0.829322 -0.075323 -0.601699 1.683050 0.224121 1.584230 -0.940020 0.188340 0.400381 1.109242 0.496372 0.930178 -0.236406 3.361502 -1.858462 -1.081046 -2.173013 -1.453757 -0.119242 0.523742 4.332550 1.000000
43 0.704668 0.101775 1.333567 -0.197460 -0.902694 -0.254583 1.494582 0.513505 1.362350 0.484931 1.243253 2.155644 -0.088508 0.361724 0.208983 -0.202875 2.375920 0.375934 0.303156 0.519301 5.595899 1.000000
44 0.541000 -1.590731 1.208679 -1.228169 -0.535888 0.992593 -0.605740 0.116361 -1.468032 -1.766674 0.599297 1.604539 0.202286 -0.004834 -0.885422 0.619028 -0.153771 -0.918500 -0.832779 1.763385 1.579890 1.000000
45 0.357883 1.012337 -0.827568 0.260741 -0.230257 0.738798 -0.175270 -2.146013 -0.574950 -0.786592 -1.379210 1.394368 -0.001319 -0.586292 0.664559 1.387177 -0.149638 0.341656 1.587174 -0.574977 0.037562 1.000000
46 2.251990 1.927870 -0.327818 0.284968 1.482851 -0.543008 -0.369623 0.102186 -1.490899 0.721425 -0.933498 0.178789 -0.057534 0.167534 -1.065426 0.097426 0.007478 0.778803 0.044735 0.463103 0.068327 1.000000
47 -0.235109 -0.040296 -0.218441 -0.941643 -1.310158 -0.084903 1.323546 0.098827 -1.098899 0.165427 -0.121845 -0.350842 0.551607 1.518449 -1.718508 -0.966060 0.105552 0.691372 -0.947632 0.022512 41.601988 1.000000
48 0.208624 -0.416850 -0.349349 -1.555145 -0.466074 -1.446914 -1.245273 0.124592 -0.323290 -0.292370 0.019826 -1.302133 1.162251 0.172995 0.733147 -1.024946 0.056441 1.475454 0.359631 -0.185629 1.443723 1.000000
49 1.004115 -0.313237 -2.037242 -0.576806 -0.953855 -0.504889 -0.088798 0.041452 0.484837 -0.323630 0.401161 -1.592266 -0.199927 -1.308847 1.033265 1.229556 -0.202053 -0.195277 1.961666 -0.634845 9.519367 1.000000
50 -0.089376 2.250377 -1.176925 -1.099925 -0.547648 0.984432 -1.245369 0.493429 0.377926 1.121655 2.297207 -0.386929 0.470533 1.261662 0.713632 -0.336618 -0.559480 -0.471127 -1.098004 -1.153733 6.855560 1.000000
51 -0.933688 1.307212 -2.501427 -0.544307 0.681879 0.882408 -0.008363 0.483442 -0.309525 0.876916 -1.229817 0.437522 -1.119791 -1.400061 0.240120 -0.487114 1.050165 -1.286739 1.811713 0.417028 4.293093 1.000000
52 0.846938 -1.936293 0.578899 0.342040 1.235847 0.501599 0.587899 2.086861 1.052338 -1.653436 -1.207993 0.689727 1.564681 0.894447 1.090744 -1.084597 -0.519600 -0.539077 -0.814256 -1.791973 7.532076 1.000000
53 -0.035889 -1.151080 0.747277 -0.146486 -1.677172 0.834999 -2.630104 -0.326224 -1.875212 1.246457 0.157790 -0.990432 1.180457 -0.201262 1.266327 -1.288486 -1.693410 -1.102188 0.785693 0.322885 1.063404 1.000000
54 -0.550810 -0.799469 0.290202 1.323425 2.014740 0.599159 0.583826 -0.391420 -0.842480 0.405225 1.443014 0.846211 0.309165 0.073387 0.790387 -2.462698 0.790333 -2.134920 -0.833802 0.760305 0.139712 1.000000
55 0.336993 -0.292056 -1.203698 -0.557642 0.450081 -0.959774 -1.308097 -0.067939 -0.500809 -0.085161 1.694387 -1.187503 0.554827 -0.496760 0.550896 1.347391 0.120424 0.822641 0.102763 0.143366 1.339209 1.000000
56 0.106559 0.424227 -1.594264 1.585095 1.425249 -0.024260 -1.057216 -1.197354 -0.406129 0.990153 -0.990540 -1.536504 1.164619 1.261103 1.388588 0.400027 -0.673847 -1.734363 0.513995 0.302369 0.298008 1.000000
57 0.586858 -1.314630 0.047417 -0.492817 1.490004 0.060008 0.324635 1.246129 -1.711184 -1.236713 0.064990 1.632979 0.101747 -0.745696 0.435809 0.935814 1.467672 0.860906 0.622687 -1.426287 1.812896 1.000000
58 -1.173627 -1.055661 0.319321 -0.868653 -0.005118 0.717971 -0.140359 1.056181 0.202145 0.555169 0.933645 0.191620 0.385240 0.893706 -1.071505 1.646560 0.845960 0.981890 -0.405469 0.372656 14.692456 1.000000
59 -0.073504 -0.793217 -1.692698 -0.183840 0.741037 -0.374382 -1.351874 -0.822275 0.760773 0.204980 -0.271134 -0.539784 -1.265306 1.975742 -0.543290 0.535336 0.597080 -1.367881 -1.228227 0.535448 2.443208 1.000000
60 0.542559 0.756460 0.396911 0.505051 0.815554 0.448125 0.110204 0.287244 -1.023534 -2.028649 1.132614 -0.090902 -0.974324 -1.007926 -1.903800 1.726808 -0.976376 -0.139782 -0.698723 -1.379522 0.253811 1.000000
61 -0.649911 -0.836353 0.917562 -0.705558 0.448527 1.323458 -0.755614 -0.408198 0.408879 -0.358506 0.540878 0.426254 -0.002378 -1.339058 -0.037141 2.001674 1.501416 0.383178 -0.309503 -0.434824 21.842644 1.000000
62 0.100556 1.298969 0.787768 -0.780418 -0.336321 0.529027 -0.363019 -0.888065 0.567041 0.895829 -0.803145 -0.405418 -0.197312 1.043657 1.409541 0.191122 -1.857575 0.074981 0.349091 0.644681 2.793150 1.000000
63 -0.250124 0.615221 0.390680 0.057698 -1.645830 -0.286936 -2.317649 -0.089170 1.391682 0.441108 -1.418917 -0.566075 -0.437637 -1.637872 -0.284720 -0.872147 -0.800561 0.976603 0.422069 0.572400 11.466967 1.000000
64 -0.726768 -1.346591 1.060634 -1.369682 -1.728459 0.344144 0.628761 -0.584810 -1.013945 -0.661523 1.550991 1.298652 0.481208 -1.526009 0.275575 0.255700 1.364799 0.071823 -0.501150 -1.531457 20.165548 1.000000
65 0.069566 1.214336 -0.693205 0.184519 -0.641665 1.372062 1.726811 0.154463 0.899691 -0.860552 0.810148 0.204457 1.815232 1.044059 0.385417 0.051565 1.199621 0.050928 0.087494 0.211277 0.638513 1.000000
66 0.735258 -1.405677 -1.481903 0.429015 0.803930 -1.050809 -0.427655 -1.262855 0.191039 -0.142250 -0.229355 -0.192568 -0.301090 0.822739 0.459109 1.879351 -0.964936 0.579417 1.741682 -2.747748 0.686305 1.000000
67 -0.714617 -1.550409 1.288994 -0.517986 0.112575 1.313083 0.467576 0.396346 0.506535 -1.179869 -0.355297 -1.676352 0.287659 -0.291873 1.434661 0.723422 0.017797 0.270770 0.936877 -1.372129 18.792740 1.000000
68 -0.030034 -0.436088 0.333408 -1.022264 -1.305859 1.661544 0.767001 -0.342722 0.726366 -0.655795 -0.619450 -1.046742 0.739497 0.735922 0.221214 -0.920498 1.711534 -1.187900 -0.457276 0.292003 13.111768 1.000000
69 0.425374 0.003860 -1.640348 -2.117141 0.516440 -0.761262 0.545635 0.129313 0.629673 1.186508 -1.715000 -0.141338 0.417969 -1.157966 0.519970 0.016054 -0.788153 -0.623257 0.226394 0.976822 28.796105 1.000000
70 -0.778432 0.860486 1.407083 -0.908794 0.563129 0.632368 -1.509912 1.004879 0.325308 -1.186766 0.137213 -0.553813 -0.563658 -1.001234 -1.037860 -0.727334 1.343665 -1.788118 0.637674 -1.448474 1.086957 1.000000
71 -1.109090 0.717618 -0.450831 2.552009 -1.674446 -0.882871 1.437509 0.513784 1.646047 -0.630019 0.850657 0.139082 1.459165 1.431337 1.472546 -0.010813 -0.641656 0.364871 -1.074475 -1.304543 13.342504 1.000000
72 0.273342 -0.328328 -0.628484 0.776898 1.935815 1.352571 0.582518 1.392290 -0.300424 -0.148794 0.579305 0.849284 0.537626 -0.177989 1.095011 0.650061 -1.134565 -1.333645 0.583548 0.634487 7.613351 1.000000
73 0.568321 -1.055874 -1.927973 -0.842604 0.866277 0.208569 -0.401453 -0.316099 0.106995 0.817222 -0.270373 -1.826033 -0.134134 2.280932 -0.504148 0.763356 -1.769249 1.783606 -0.834406 -1.865363 33.306529 1.000000
74 -0.057726 0.232632 -0.656504 -0.714284 -1.239397 -0.279652 1.138265 1.235345 0.599897 0.476742 1.903179 -0.991251 0.598004 1.984919 -0.316513 0.512323 -1.666531 0.554492 0.267443 -1.138340 15.086944 1.000000
75 0.656475 0.748053 0.629766 1.744127 0.681872 -1.589737 1.587514 -0.524280 0.170796 -0.158317 1.187032 -1.192112 0.035288 0.855884 -0.655996 -0.892270 -0.635049 -0.751000 -1.065907 -1.063077 0.911569 1.000000
76 -0.082825 -0.661571 -1.789427 -0.883122 -2.049449 -0.480549 -1.520830 0.058541 -1.636075 -0.218107 -0.653620 -0.364528 0.503062 0.272298 1.415069 0.890491 -0.507887 1.258574 -0.251157 0.445813 0.748534 1.000000
77 -0.608845 0.954423 -0.414063 0.864902 -1.466385 0.442484 1.234569 -0.681318 0.912098 0.285355 0.134324 -0.587063 -0.406790 -0.117344 0.927214 0.301694 2.675762 -0.180280 1.208651 -0.895343 3.696663 1.000000
78 1.550582 -0.483120 -0.165772 0.182495 -1.959390 0.941032 -0.131303 -1.269261 1.404196 0.267892 0.609637 0.314443 0.516117 -0.935101 -0.554380 0.381520 1.025329 0.718995 1.779094 -0.030032 1.388050 1.000000
79 1.411896 -1.243691 0.830948 0.239748 1.469720 -1.080745 0.448944 1.117650 0.676371 -1.777680 -1.148905 -1.290599 -0.943772 0.114053 0.651864 1.774714 1.056241 -0.565399 2.252225 -0.025981 0.207986 1.000000
80 0.225489 0.983552 0.270994 1.595147 -0.117933 -0.349565 1.860439 -0.036049 -0.815692 0.099736 0.857236 1.128789 -1.177127 -0.658368 -1.137788 -0.938528 -1.529599 -0.352228 2.226820 -0.029825 0.069008 1.000000
81 -1.057832 0.180998 -1.438325 -1.804067 -0.095468 -0.117938 1.417753 0.180619 -0.787184 0.321251 0.766616 -1.120762 -0.596741 0.488881 -0.013436 -0.382473 -1.660898 0.708099 1.389998 1.058742 18.209964 1.000000
82 -0.913508 0.843493 0.036320 0.014815 0.908579 0.909824 0.084474 -0.171076 0.403063 -1.657827 -0.616362 0.706999 -1.018779 -0.894484 -0.630682 1.213645 0.675415 0.314481 -1.256100 -0.195892 6.560766 1.000000
83 -1.164271 -0.680393 0.152334 -0.893298 -1.330446 0.630305 0.127971 0.365284 0.172428 -0.043550 0.167646 -0.683146 0.661599 -0.955969 1.058631 1.183184 -0.423351 0.242676 0.816247 0.025363 23.084148 1.000000
84 -0.623138 -0.299328 0.054473 0.045309 -0.399313 0.265364 -0.096640 -1.440745 0.308483 -0.604382 0.173599 -0.533468 0.764194 -0.983570 0.640350 -1.035254 0.035604 -0.348220 1.339521 -0.515211 2.785661 1.000000
85 0.596649 0.120655 1.029187 -2.683177 -0.002224 1.347267 0.987606 0.356412 -0.284982 -0.035317 1.885844 -0.313898 0.549417 -0.134379 -0.192777 1.624039 0.943227 0.026591 -0.326068 1.654067 3.013639 1.000000
86 -0.748805 1.198529 0.499401 0.415378 -0.325820 0.046505 -3.137858 0.542062 -0.076061 1.653208 0.348421 -0.339446 -0.180500 0.373406 -1.730994 -0.416561 0.061115 0.878743 0.151916 -0.688767 0.507940 1.000000
87 2.434406 -0.463705 -0.162192 0.165126 0.965509 2.103022 -0.082333 1.196604 -1.844633 0.641712 1.362283 -0.600833 -1.381066 -0.885697 0.869748 -0.067094 -0.104588 0.330972 2.489341 -0.536084 0.539199 1.000000
88 -1.173507 -0.570439 0.823689 0.209345 0.323768 1.349934 -0.591792 -0.563856 -0.711588 1.052874 -0.013461 1.130326 0.035373 0.585364 -0.041105 -0.448300 0.455626 -0.356718 1.645033 -1.479153 6.311534 1.000000
89 0.622066 0.327534 -0.352482 0.844125 0.543812 0.561611 0.080217 -2.112616 -0.566642 0.574803 0.617188 -0.753318 -0.298167 -1.765273 -0.734691 0.137727 0.011525 -0.493861 0.727782 -0.192615 1.111909 1.000000
90 -1.151075 1.743786 -0.188407 -0.465191 0.763539 -0.784801 0.052229 -0.888068 0.463660 -0.115263 -1.867071 -1.111463 0.526133 0.076820 1.125234 -1.664937 0.932729 0.131623 2.380518 -0.579136 1.015644 1.000000
91 1.460905 -0.041396 1.082066 -1.654932 0.714799 -0.669451 -0.991756 1.388563 -0.610723 -0.549308 -2.307616 0.525067 -0.150802 1.097259 -0.655256 0.111636 -0.397204 -0.883740 -0.024404 -1.649844 0.588234 1.000000
92 -2.310043 -0.095699 0.392738 -1.292229 -2.090388 -1.437611 2.300135 -0.657171 0.948838 -1.248351 0.797926 -1.912486 0.357573 -1.185749 0.924907 -0.935519 0.089470 -0.422740 0.750306 1.364164 41.732936 1.000000
93 0.955441 -0.598463 1.582547 1.428573 -0.299052 1.151320 1.229916 -0.171060 1.220155 0.222688 -0.489140 0.708136 -0.192300 -0.771625 -1.946546 1.439544 -2.307991 -0.957296 -0.067723 0.989637 2.630882 1.000000
94 1.168425 0.476255 -0.953284 0.115804 -0.992513 0.197843 -1.186370 -0.719988 0.680109 0.308494 2.269349 -0.206361 -0.684569 1.250193 0.582802 0.622520 0.939834 0.408351 -0.332694 -1.378917 0.801612 1.000000
95 0.395926 0.564207 -0.044222 0.484056 0.894722 0.400587 -1.017519 1.318716 0.261333 -0.543332 -0.177998 -0.007835 0.885021 1.442537 0.111962 -0.627434 1.198754 0.796369 -1.586271 0.443112 2.296598 1.000000
96 1.038644 -1.054053 2.388598 -1.486947 -0.270529 -0.063932 1.914912 0.292660 0.173881 -0.831070 -2.553636 1.518261 -1.401453 -3.097303 -1.032911 -0.241238 0.149544 -0.222169 0.610746 0.411832 17.825971 1.000000
97 -0.029157 -0.455247 -0.684727 0.687424 0.778414 -0.356263 0.952428 -0.846163 -1.210942 -1.452092 -0.533778 0.806206 1.749649 -2.294231 0.596182 -0.351880 1.985642 -1.225196 -0.672868 0.436342 0.503895 1.000000
98 -0.575408 1.631011 0.393642 -0.899444 -1.434288 -2.339679 -1.554831 0.857994 -0.886241 -2.757699 1.416062 0.929414 0.642284 0.425592 -0.817006 0.594254 1.584355 1.523140 -2.206382 0.178247 0.027616 1.000000
99 1.768429 -0.573808 -1.032022 -1.035318 0.109704 0.784405 -0.443943 -0.686260 0.008121 0.257330 1.007364 0.950590 -1.505652 0.507512 1.491243 0.115377 -0.929956 1.673160 -1.561086 0.904778 4.681356 1.000000
100 -0.943200 0.228030 -0.965351 -0.216578 -0.282613 -0.114133 -0.341716 -0.018563 -0.733094 0.849101 0.943302 0.152656 0.866653 0.444159 0.935978 -1.259599 -1.104175 0.636539 0.107785 0.280675 36.696848 1.000000
uncorrelated Gaussian covariates
missing covariate fraction: 0.000000
no latent classes
   lambda(t|risk 1)=C, <t>=4.000000 for zero covariates
   risk 1: beta[1]=0.500000
   risk 1: beta[2]=0.500000
   risk 1: beta[3]=0.500000
   risk 1: beta[4]=0.500000
   risk 1: beta[5]=0.500000
   risk 1: beta[6]=-0.500000
   risk 1: beta[7]=-0.500000
   risk 1: beta[8]=-0.500000
   risk 1: beta[9]=-0.500000
   risk 1: beta[10]=-0.500000
   risk 1: beta[11]=0.000000
   risk 1: beta[12]=0.000000
   risk 1: beta[13]=0.000000
   risk 1: beta[14]=0.000000
   risk 1: beta[15]=0.000000
   risk 1: beta[16]=0.000000
   risk 1: beta[17]=0.000000
   risk 1: beta[18]=0.000000
   risk 1: beta[19]=0.000000
   risk 1: beta[20]=0.000000
