N=50
P=80
R=2
1 0.034911 -0.707405 -0.300905 -2.295743 1.238183 -1.158639 0.621188 -0.174663 0.306581 -1.123947 -0.297933 -0.447056 -0.182092 -0.579320 0.131680 -0.462789 -1.939852 -1.210409 0.955420 0.472984 0.597361 -1.211920 -1.000684 1.196235 1.205460 -1.367429 0.630498 -3.854815 0.568822 0.712854 -0.209378 1.176530 2.217734 0.105251 0.728750 0.111268 1.691922 -0.670355 -0.212949 1.096596 1.231538 0.020281 0.520519 -0.420719 -0.923155 1.862620 -1.246956 -0.104500 -0.632688 0.847609 -1.421594 -0.817969 0.862207 -1.923262 -1.727442 0.011324 0.538240 -0.350111 -0.400287 -1.440019 2.017679 0.941466 -0.966314 -2.140154 -0.681314 0.848312 0.619761 -0.126364 -0.840141 -1.235751 0.222059 1.166471 0.859050 1.314113 0.140385 -0.781264 0.486026 -1.707450 -0.483917 -1.801940 0.050688 1.000000
2 -0.368730 1.080055 -1.074578 0.020434 0.701273 3.344217 -0.154584 0.676057 -0.179017 3.722501 -0.208674 -0.453205 0.375205 0.220617 -0.865560 0.920098 -1.884828 -0.434744 -0.717624 0.555120 1.829130 0.747794 -0.945008 -0.914432 0.745937 0.814489 0.374375 -0.945561 -0.973135 -1.368860 0.149392 0.037470 0.075957 0.418283 -0.693658 -0.519074 0.020857 0.622834 -0.725658 -0.341317 0.405488 0.066523 1.362343 -0.506273 0.821881 0.285773 0.560667 0.832657 -0.620512 1.438632 -0.031164 0.878763 1.890927 0.277891 0.292676 1.381224 0.840582 2.757434 0.751958 -0.150953 1.968786 -0.702210 0.337544 -0.378370 0.402840 -0.380197 0.879839 0.826776 0.132913 0.842627 1.495628 0.830545 -0.675213 0.751646 -0.277703 -1.221094 0.792559 1.521314 0.564264 -0.597691 135.049837 1.000000
3 1.116474 -1.625743 1.133788 1.166202 1.203329 -1.041916 2.926996 0.000225 -0.502250 -1.343784 0.301468 1.222365 0.167297 -1.201796 0.371885 1.456639 -1.275125 0.405524 1.395414 0.109655 0.682314 0.051785 -0.021049 -1.757788 0.569725 0.629252 -0.774937 -2.099822 -0.017911 1.123409 -0.769474 0.125041 0.032717 -1.334919 0.400597 -0.022129 -0.167662 -1.001945 0.451500 -0.754979 -1.728338 0.647366 -0.795473 0.718674 -0.356687 -0.539642 -1.026316 -0.702654 0.122820 0.659500 0.208539 -0.160424 -0.120646 -0.665090 -0.086915 0.475062 0.598318 -1.381212 -0.061142 0.318573 0.875708 1.572023 -0.676366 0.401352 1.058404 -0.673927 -0.349776 -0.690957 -0.167202 1.603092 0.846930 -0.349511 -0.893168 0.084649 0.344431 -0.832812 -0.750317 0.790081 0.781198 -0.069659 0.540355 1.000000
4 0.838923 -0.063998 0.873918 0.543762 0.289565 1.185900 0.157521 -0.396265 0.008378 1.092959 -1.035448 -0.560588 1.943070 0.579670 1.179452 0.527346 -1.274130 -1.133148 1.019405 -0.477487 1.408063 -0.242211 0.290853 1.181211 0.471855 -1.083491 -0.255169 0.349825 1.059435 1.876961 -0.948937 0.129216 0.291120 -0.635658 -0.535314 -0.316451 1.260002 -1.278332 0.149912 0.094852 -1.316405 0.786132 1.598812 0.347071 0.052638 1.689437 1.067751 1.153577 -0.816666 -1.184975 -0.459705 -1.041781 0.120444 -2.503963 0.434127 -0.099816 1.485655 1.599162 0.796797 -0.219385 0.133934 -0.741997 -0.156775 -0.325820 -0.149634 -0.696738 -2.336262 2.059745 -1.080657 0.823556 -2.580633 1.928584 -0.723002 -0.668998 1.505682 0.036106 0.233828 -0.658374 -0.439178 0.281306 4.809103 1.000000
5 0.369785 1.151301 1.689473 0.150499 -0.961493 0.962731 -0.420200 -0.618919 -0.630896 -0.188983 -0.547480 0.492004 1.848693 1.526164 -0.618319 -0.615226 0.413286 -0.561363 -0.178693 -0.854342 0.200057 -0.390347 0.628439 -2.099227 0.717987 -0.990796 0.296621 -0.371646 -0.447516 -0.565886 -2.243870 0.334196 0.996898 0.184878 0.375909 2.320153 -1.740745 0.564228 -1.316758 -0.327674 -0.439993 1.932868 -0.651434 3.422423 -0.116431 0.704949 0.837797 0.698148 0.199399 -0.298156 -0.150808 -1.033746 0.764831 -0.894530 -0.587380 -0.613189 0.064476 0.984253 1.114021 0.608268 -1.037611 1.743031 0.307920 1.201700 -1.025326 -0.697792 -0.124027 -0.570382 -0.720614 0.742452 0.944639 -1.698307 -0.486877 -0.593985 1.487283 0.437717 0.566593 -1.251092 -0.373652 0.914066 0.445003 1.000000
6 -0.102669 -0.319529 -0.443833 -0.584291 1.516289 0.542802 1.427994 0.770262 0.577970 -1.679451 0.220421 1.955559 -0.733194 -0.358445 0.213426 -0.643900 -0.516142 -0.320469 0.504349 0.178433 -0.088878 0.398655 1.755617 -0.314461 1.170070 -0.229906 0.041992 0.185559 1.563242 0.213404 -0.594432 1.587099 -2.354408 0.261758 0.031141 -0.413039 0.477471 -0.684473 0.313288 1.371211 0.739493 0.521614 0.288372 0.103420 -0.639806 0.246990 -0.323391 -0.148134 1.884779 -0.219432 -0.384926 0.671156 0.752162 0.366480 -0.035284 0.624127 -0.639257 -0.340866 -1.519796 -1.467173 -0.376440 0.678180 1.385951 0.220820 0.781721 -0.162481 0.022925 0.664124 -1.125209 0.335799 -0.284191 0.270401 -0.638292 1.956199 -1.329460 1.620745 0.057975 1.271161 0.114432 0.294173 5.680043 1.000000
7 0.134391 0.858584 0.500661 0.300402 -0.310794 -1.556640 0.091044 0.116311 0.709210 0.717113 -0.322350 -0.037207 -0.193337 1.010721 -1.198306 -0.024719 1.215864 0.355652 1.387189 -0.344914 1.156796 0.031845 -1.974149 -0.346637 -1.455159 -0.446038 1.703100 -0.386189 0.755416 0.111568 -0.842648 0.197066 1.121443 0.249127 1.013955 -1.274507 0.453654 -2.997884 0.446668 -1.031229 -1.446233 0.266361 -0.238807 0.112431 -0.278322 -0.547557 -2.411782 3.069017 0.332707 0.806554 -1.283470 -1.911693 0.219568 -0.745106 -1.173328 -0.440455 -2.099823 -0.354917 -0.515132 -0.057792 -1.184956 -0.732843 -0.483940 -2.212736 -0.135828 -0.143621 0.387386 -0.126723 0.335359 -1.464636 -0.666903 -0.800856 -1.534558 0.519043 -0.519538 -1.486246 0.104380 0.672028 -0.750298 -1.649069 1.366979 1.000000
8 -0.673897 -0.142027 -0.255437 -0.846786 -0.118855 -0.306697 -0.789349 -0.888102 -0.638324 -0.637827 -0.331306 0.316115 -0.454898 -0.750372 -1.777064 -0.805489 0.842094 -0.952777 -1.743993 0.703841 -0.751780 1.678957 -0.700353 -1.990428 -0.117551 -0.572679 -0.475270 0.163834 1.243260 1.154965 1.920793 0.884962 -0.798377 -0.930310 0.272996 1.039280 1.792458 -0.193485 0.643315 0.225320 1.275724 -0.820128 1.381357 0.347221 0.742016 -0.580602 1.092214 0.589187 1.152067 -2.347293 -0.350016 -0.846333 -0.869873 -2.016535 1.112256 0.123135 -1.466334 2.557470 -0.709834 0.070092 -1.307795 -0.129666 1.044763 -0.954639 -0.615689 0.826919 -0.467766 0.457607 0.258182 -0.090466 -0.858058 1.727266 -1.168990 -0.588235 -0.447326 -0.956182 1.434176 -0.321354 -0.751193 -0.028051 5.929846 1.000000
9 1.320848 -0.256790 -0.679163 0.246362 -0.374765 -0.598283 0.154392 0.422990 -0.400571 -0.212230 1.818786 0.078814 -0.013075 1.834966 0.723978 0.777037 -0.723227 0.327598 1.625552 0.857080 -1.107163 0.745667 0.009532 -0.162988 1.111283 -0.346016 0.166781 -1.774568 -0.095623 0.538573 -1.422035 0.079795 -0.259696 1.262183 -0.609670 0.030392 -0.752919 0.387696 -0.429030 1.339045 0.352657 0.010977 0.774849 0.351069 0.580946 1.129207 2.372795 1.373652 -0.337217 0.718518 -0.578764 0.894106 2.166046 1.283431 0.616219 -1.766504 -0.831859 0.895004 0.158620 -1.131936 -0.821945 -0.189804 1.146984 0.012826 0.734259 -1.219207 0.752751 -0.951372 -0.463115 -0.170026 0.712608 -1.386619 -0.255977 0.880385 1.207884 -0.326530 0.896915 -0.419031 1.700457 0.635390 2.957773 1.000000
10 0.736124 0.229253 0.174308 -0.894087 -0.578436 -1.031195 -0.404092 -1.031187 1.945283 -0.049632 1.721027 1.614560 -0.311581 -0.303587 1.490725 -0.537912 1.205687 0.393550 1.065625 -0.136401 1.589237 1.358379 -0.413134 -0.565808 0.794378 0.387224 -1.671929 -1.046648 -0.952127 -0.809076 -0.899813 -0.365872 -1.499798 -1.912328 -1.208507 1.006371 0.653483 0.747799 -0.746209 -1.264534 0.565039 -2.016780 1.864570 0.812145 -0.690425 -0.100142 0.766273 -0.090648 0.281078 0.162119 1.368049 0.230898 1.820248 -1.099345 2.383375 -1.649103 -1.703593 -0.667336 -1.919893 1.427952 -1.175461 0.167263 0.138205 0.632821 0.560306 0.137291 1.738972 0.019787 -0.378235 -0.712816 -1.394766 -2.470971 -1.719053 0.386360 0.930869 1.672624 -0.645404 1.965571 0.613111 0.518867 4.439734 1.000000
11 -0.152481 -0.539143 0.032249 0.756058 -0.083037 0.794698 0.038333 0.386164 -0.082923 0.459001 0.300161 1.030197 0.243173 -1.895751 0.443334 0.603859 -0.122690 0.244228 0.260230 1.015296 0.068884 0.324239 -0.797407 -0.065927 0.481600 -0.636110 0.398128 -1.184741 -0.913887 1.087278 -0.872812 0.683156 -1.919057 -0.645758 0.061755 0.725857 -0.593811 -0.864079 0.713178 -0.680105 -0.804072 0.404876 0.241063 0.952655 1.047439 -1.123540 -1.124063 -0.869771 0.555577 -0.583495 -0.440121 1.456343 -2.196602 -0.088010 -0.321191 1.623520 0.977469 1.834744 -1.369644 -1.973356 -0.855281 1.210995 -1.733396 -1.068069 -0.614382 -0.356662 0.380538 1.083723 1.396198 1.032943 0.365258 0.484501 -0.713245 0.165149 -1.478786 -1.216301 0.828122 -0.406436 0.704744 -2.404720 4.321767 1.000000
12 -1.545039 -1.000241 -1.779189 -0.881819 1.002765 -1.584394 1.337405 1.060861 1.206951 -0.090552 -2.163718 -0.838510 0.739237 0.288340 0.651082 -1.494349 0.374690 0.802384 0.642928 -0.595774 -0.255262 0.448152 0.401015 0.117448 0.028299 0.145345 0.522233 -0.227261 -0.408499 0.219739 0.473418 -2.459787 1.299296 0.258480 -0.442788 -0.365823 -1.046071 -0.681525 -0.962111 1.790112 -0.662595 1.495381 0.105886 -1.622124 0.634138 -0.480748 -0.396715 0.403529 0.279218 -0.652584 -0.590092 -1.297701 0.578602 -1.529516 0.201085 -0.152725 -0.193387 1.721957 -0.313799 -2.190511 -1.745577 1.052631 0.421004 -0.625500 0.871639 0.630916 -0.795363 0.063679 0.293854 0.115072 -0.200805 1.353426 1.595177 0.142779 0.248279 0.065174 0.950967 -0.740443 0.619213 0.734831 4.175309 1.000000
13 1.201207 -0.590396 -0.364650 -0.554467 1.453063 2.557650 1.453138 0.360766 0.442234 -1.056686 0.858177 -1.888807 1.242498 -0.308154 0.991225 -0.040325 -0.488846 1.176201 0.181710 -0.785229 -0.305927 0.325561 0.427915 -1.339072 -0.283172 0.590445 -0.952938 0.735539 2.045488 0.636137 1.781134 0.143507 -1.170130 -0.510523 -0.573640 -0.348682 -0.328949 -0.761681 -0.663214 0.829785 2.062379 -1.352391 -1.222441 -0.078210 1.600763 -1.208787 -0.215842 1.511896 0.833171 0.729264 -1.899781 0.237119 -1.157297 1.246739 -2.733726 -0.226464 1.631332 -1.580565 -0.647071 -0.257643 -0.657615 0.043523 -1.101803 -0.638244 0.882409 -1.957640 0.370067 -1.004470 -1.769489 0.201837 -2.097009 0.286010 1.409057 1.438712 0.969431 -0.107758 0.033354 0.384544 1.760718 0.511509 38.368689 1.000000
14 0.152139 0.786931 0.427488 0.665595 0.873285 0.121449 0.781236 -0.731441 0.503280 1.388510 -0.116606 -0.781854 -1.328769 0.526988 -0.191547 1.076468 0.970538 -0.020825 0.748501 1.314112 0.334312 0.244817 -0.609518 1.692787 0.233724 0.899561 -0.550532 -0.559137 -0.809380 0.701330 0.504506 -0.506558 -0.308040 0.419284 -0.439962 -0.880742 -0.842687 0.449872 -0.380736 -0.895029 -1.032525 2.310357 0.731137 0.153357 0.998226 0.141393 -0.664080 -0.454883 0.819847 1.811246 0.925858 -1.035470 0.522994 -1.315571 0.870899 -0.308541 0.986728 -0.115829 -0.240761 1.082521 -1.574236 -0.934663 1.168347 -0.218479 -0.853926 2.141136 0.191052 0.067561 -1.411974 0.955251 -0.815170 -0.115376 -0.742937 -0.121767 0.514260 -1.387823 -0.651354 -2.060803 -0.669422 0.169085 0.261176 1.000000
15 -0.384149 -0.416512 0.108616 -0.249878 1.846281 -1.612662 -0.359314 -0.539871 -1.164283 0.224361 -0.309280 -0.633021 0.302895 1.670739 0.057887 0.092749 -0.815582 -0.432954 0.814963 0.771910 0.580162 0.028288 -1.139647 0.968418 1.060415 -0.470452 1.125483 -1.485946 1.870618 0.534535 -0.047190 0.576785 -0.176513 -0.140975 -0.708002 -0.452615 0.797285 0.996278 -0.063021 -0.059367 0.038383 0.645169 -0.312574 1.210101 -0.425382 -0.793614 0.010480 0.014372 -0.651044 0.147663 0.286112 -0.499242 1.604131 -0.224015 1.471669 -0.479028 0.245745 2.544144 -2.640330 0.454142 1.658478 -1.666080 -0.000459 0.585416 -1.067134 1.326609 0.731631 -1.655666 0.308214 0.059403 -0.965101 0.863955 -1.686714 -0.092013 -0.422901 0.874446 -2.677406 -0.152373 -1.907529 1.172250 0.269598 1.000000
16 0.078547 0.432721 0.596611 -0.194054 0.118576 1.023408 2.396541 1.457437 0.188425 -1.150347 -1.041213 -0.917760 3.053935 -0.088963 -1.673123 -1.027304 0.592301 0.298778 -1.088367 1.118498 0.371817 0.378319 -0.381394 -0.422610 1.792958 -0.696264 -0.539208 0.081494 -0.071761 -1.086958 -1.170226 -0.033213 -0.204953 -1.030508 1.338588 -0.071065 0.247994 1.608222 0.300364 1.232142 -0.669164 1.049008 0.783984 0.028881 0.684684 -1.836795 -0.533965 0.917584 -1.255447 0.005609 0.540257 -0.269844 -0.603093 0.139243 1.423647 -0.179679 0.021686 0.544555 0.466484 0.220529 -0.926675 0.208232 1.247870 0.316136 0.911332 0.818690 -0.767087 0.666024 -0.964965 -0.044075 0.597958 -1.489842 0.323079 -0.495979 0.154610 -0.132457 1.303668 -0.958677 1.348986 0.708670 14.615285 1.000000
17 -0.645099 -2.503580 -1.088624 0.127518 -1.642403 -0.754138 -0.149304 -1.007401 1.331500 0.473840 0.750951 -2.109615 1.204986 0.610961 0.278010 1.199915 0.952843 -1.050829 -0.375124 -0.653607 0.914406 1.179207 0.005550 -2.071853 0.718872 -0.434355 -1.103058 -0.551454 0.575608 -0.279421 0.346385 0.606489 1.564605 -1.973301 0.445161 0.668529 -0.402329 1.885523 0.626448 -0.244994 0.479524 0.422185 1.422059 -2.350632 0.593190 -1.779185 0.549958 -1.132725 -1.311739 -1.531357 1.093410 -0.830546 0.333765 -0.162029 0.046724 0.760118 -0.930943 -1.955068 -0.106054 1.911973 0.091705 0.041888 0.177087 -0.551240 -0.336592 0.882357 -0.322366 -1.590152 -1.266661 1.452802 -0.216753 1.080018 -0.195594 -0.389139 -0.157958 -1.886096 0.227506 0.813655 0.061966 0.024321 10.197267 1.000000
18 -1.477347 0.237694 0.745460 -0.452677 -0.868234 -0.375106 0.261875 -0.850740 1.888421 0.033795 2.324784 1.221314 -0.683427 -0.769229 -0.955477 1.052068 1.958470 -0.680328 -1.782721 0.379771 -0.981012 0.155540 0.166204 1.986246 -0.675097 0.383110 0.337405 0.680872 -0.381662 -0.415546 0.491549 -0.880021 -1.748792 -0.252085 -1.948513 0.197490 0.622694 1.365758 0.288783 -0.310143 -0.395050 -0.708749 -2.052568 0.545986 1.122627 -0.534134 -1.006293 -1.319909 0.054813 -1.194199 -1.049616 0.734465 -0.593985 0.728610 -0.457564 -1.286951 0.735671 -2.435438 0.782619 -0.867356 -0.639511 -0.067347 -0.546980 -0.124223 1.002458 -0.574009 1.207144 1.694491 -0.274704 -1.007086 -0.215880 0.366073 -0.148853 0.501256 -0.574269 0.744802 0.060009 0.674560 -1.080908 1.651538 12.414015 1.000000
19 -0.449739 -0.320172 -0.582126 -0.347590 -0.996836 0.540377 -0.259203 0.623470 -0.110665 0.270763 0.675458 1.070243 0.451846 0.863002 -0.694027 0.877822 -0.399672 0.423669 -0.212386 -0.893741 -0.132230 -1.844165 -0.771347 0.508867 0.450627 -1.327013 -0.772346 1.049666 -1.582813 -0.717451 1.329977 -1.140817 0.828071 -0.420980 0.491749 -0.065416 0.758867 1.365240 -1.486329 -0.176131 -0.503856 -1.119956 0.075428 -1.971665 -1.235327 -0.079008 0.610048 0.803996 1.002066 2.037320 -0.155981 0.090350 -1.935624 2.041373 1.015827 -0.207888 0.021145 0.152793 0.201158 0.882611 1.358066 2.070724 -0.854861 -1.033078 -0.813130 -0.391640 -1.458163 0.531977 -1.056761 1.684021 -1.337120 1.039873 0.442308 -0.289353 0.079530 0.993280 -0.833410 0.272132 0.822819 0.121728 18.443824 1.000000
20 0.513535 -0.082143 -1.611393 -2.239358 0.520246 -1.502187 0.592312 1.303181 -0.361020 1.761636 0.104478 0.147060 -1.563445 0.631962 -0.248932 -1.696908 0.967955 -1.425800 0.451275 0.743975 0.154460 0.092501 0.249803 -0.492697 1.255809 0.358989 0.509598 -1.123255 1.595923 -1.246547 -1.079143 1.274033 1.887455 0.327400 -0.884652 0.288455 -2.005388 -1.122400 -0.540802 -0.017414 1.114867 0.651942 0.501508 1.027709 -1.729712 0.528298 0.113230 0.037726 -0.696429 -0.029731 0.584805 -0.120638 0.578131 0.607713 -1.202084 0.897149 0.410437 0.644504 0.439957 0.534395 -0.024300 -0.377361 0.327717 -0.951962 0.955813 -1.253074 -0.095132 -0.262169 0.695142 1.064514 -1.469781 -0.224626 0.872979 0.136607 -0.299388 1.530539 1.242127 0.721450 -0.245737 -0.536811 45.797853 1.000000
21 -2.076952 0.300985 -0.171874 1.363321 0.482679 0.398835 -0.143365 0.132690 1.202056 -0.644402 -0.341039 -0.822003 -1.021885 -0.421163 1.465642 -0.274429 0.763128 0.432437 -0.618023 0.212618 0.189180 -0.990520 1.435739 -0.618360 -0.405064 -0.112824 0.347188 -1.675761 1.063560 1.050451 -0.136310 -0.639565 -1.223171 0.709875 0.554891 0.436098 -1.932804 1.617809 -0.311854 -0.611722 0.641071 -0.882481 2.478249 0.729842 -0.191888 -0.423388 -1.022570 -0.900888 -0.505171 1.155726 0.396945 -2.438133 -0.266989 0.362932 0.529577 -0.045412 1.426591 1.148741 0.900767 0.689723 2.524416 -1.626642 0.908458 -0.657836 -0.101359 1.141963 0.419288 1.106042 1.833843 0.679797 1.118487 0.061892 -2.276278 -1.917377 -0.651200 1.429500 -0.089271 0.177623 -0.298102 -0.478284 1.157956 1.000000
22 0.134323 -1.055126 0.041967 -0.087692 -0.476067 1.269375 -0.424480 -1.211620 1.116294 -0.417351 -0.578223 -0.025994 -0.138150 1.146277 -0.307013 0.500258 1.722859 1.254043 0.993188 1.072480 0.111544 0.050303 1.873613 0.171277 -0.789478 1.008169 -1.730686 1.056906 -0.480852 1.303217 -1.055722 0.578822 -1.147164 -0.339502 -0.984340 -0.037456 -0.255903 -0.367254 -0.478877 -1.068458 0.897155 1.438029 -1.199269 -0.716115 0.924708 -0.351467 1.835725 -2.331773 -0.158558 -0.792812 0.810506 -2.166027 -0.180706 -0.650888 -1.327938 -2.080043 0.242539 0.598357 1.620731 -0.964216 -0.322543 0.392470 0.635173 1.586135 0.140210 -0.360845 -0.213191 0.299466 -1.163738 -0.315821 -0.482794 -0.589334 -0.076758 -0.003918 1.372689 -1.288306 0.553570 0.783669 -0.790655 -0.508678 3.275566 1.000000
23 -0.686432 0.091343 0.703959 -0.379746 -0.423963 -0.785682 -0.369341 0.114587 0.707955 0.210837 0.213789 -0.220743 -0.886708 0.241923 -0.449402 -1.061344 1.625468 -0.038697 1.306020 -0.148346 0.571019 -1.006388 -0.869161 1.188807 -2.914209 0.971968 0.581360 -0.135731 -1.903126 -0.387695 1.179300 -0.444030 0.457229 -0.163068 -1.234329 0.273864 0.043439 0.711722 -0.745341 0.580733 1.503048 -0.004385 1.069252 2.662428 0.410190 1.551149 0.585999 0.827592 1.075835 -0.356934 1.156110 1.533175 -2.003222 0.266519 -1.273769 -0.151529 0.860082 -0.712637 -0.352015 1.310955 0.588910 1.033980 -0.373329 -0.664940 -0.310394 -0.399013 0.783348 -1.173567 -0.589160 0.923583 1.430608 0.044355 -0.099891 1.152277 -0.341710 0.356880 1.149245 0.999778 0.977248 -1.401802 6.279559 1.000000
24 -1.188159 0.165212 -0.392517 -0.664615 2.205115 0.603328 -0.559040 -0.091458 -0.313741 0.853993 -0.237234 -0.188066 -0.515103 0.498009 -1.365711 1.477420 -0.514937 -0.869056 1.550709 0.741837 -1.010091 0.271727 -0.717452 0.963823 1.090624 1.221287 -1.069148 -0.168147 1.168712 0.544873 -1.816303 -0.380224 -0.020700 -2.117903 0.653387 -0.733036 -1.934571 0.058027 1.414877 -0.927947 0.049237 -1.729083 -0.454980 -0.396514 1.853038 0.328137 1.325831 0.063883 0.470654 -0.596396 0.116522 -0.525455 -1.320636 1.549654 -1.700033 0.312544 0.887606 -0.467097 -0.808538 0.864114 0.237385 0.656886 0.403828 0.351537 1.218614 0.257154 0.270167 -0.759871 0.513444 -1.429258 2.591599 -0.954293 0.165054 -0.983967 0.775906 -0.678201 -1.129254 -0.101429 -0.036117 -0.185277 0.231154 1.000000
25 -1.286435 -0.109119 -1.368850 -1.720159 -1.173038 0.189762 -0.429547 -0.546076 -0.572993 -0.743714 0.196926 -0.791976 -1.123077 0.764741 -0.900553 -1.405415 -2.082286 0.584047 -0.685083 2.418923 -1.677859 -0.129186 -0.309790 0.566380 -0.188796 0.876651 1.306935 0.509433 -0.213668 -0.905066 0.493599 -0.643489 1.352928 -0.180095 1.086606 0.368833 0.409275 0.742623 0.568531 -0.174513 0.258823 -0.359914 -1.704631 -0.371822 0.439895 -1.453095 0.240805 -1.361425 -0.669532 -0.147401 -0.226082 0.035033 0.375285 0.499222 0.485296 0.279705 -1.224477 -0.535565 -0.263966 0.240645 0.598594 0.422143 -0.892699 0.285230 1.423619 -1.902562 -0.324454 -2.245033 -0.855342 0.380577 -0.617095 -0.868638 0.269667 1.299225 2.969183 -0.974120 -0.672814 1.032307 -0.124496 -0.339370 28.055921 1.000000
26 0.282233 -0.998734 -0.057671 1.429829 -1.014485 0.483841 -0.784348 0.502958 -1.156107 1.202565 1.003981 -1.735383 0.149173 0.166487 -1.064937 -1.240540 -0.352715 -0.137210 -0.174354 0.145106 0.299911 0.849923 2.277861 0.656400 -0.009971 0.126667 0.874760 -0.091396 1.183272 0.741202 -0.542124 1.482101 0.615702 -0.129445 0.043029 -0.230991 -0.993238 -0.543691 0.562535 -2.285455 0.286938 -0.796941 -0.596852 0.487551 1.924099 0.883218 0.314734 -0.369776 1.381020 -0.300634 -0.283141 1.011289 -1.790352 0.790174 -1.933989 0.790569 0.473805 1.447088 -1.277535 -0.315641 0.769847 0.683744 -0.202507 -0.086325 0.250383 -1.238674 -1.532184 1.110828 -0.487995 -0.968570 0.911784 -1.465179 -0.598043 -0.714217 0.350385 -1.051853 -1.091224 0.071560 1.065954 -1.238368 0.300132 1.000000
27 -0.372918 0.003570 -0.600383 0.354463 0.200577 -0.960952 1.279034 0.976203 0.859918 0.766608 0.582068 -0.273221 1.426925 -0.438975 -0.741652 -0.120547 0.228627 -0.524144 1.986883 -0.535847 -1.249352 -1.981681 -1.903987 1.476658 1.046909 -0.051388 0.316333 -1.979469 -0.353471 -0.135919 0.475947 0.242474 -0.821799 -1.815735 0.557698 0.443510 -1.629190 -0.703642 0.474784 -1.335342 -1.277612 -1.447494 0.558118 -0.381591 1.156673 0.069537 -0.805561 0.599755 -0.097962 0.500948 0.335425 -0.372120 0.159009 -0.933417 0.814042 -0.228907 -0.542972 0.030615 -0.675825 -0.460754 -0.363641 -0.172573 -0.244968 -1.395565 -1.349542 -0.508436 2.639955 -0.951037 -0.899842 -0.927929 0.188063 1.657276 -1.328933 1.519472 1.097086 0.560997 1.137273 1.438145 -3.184111 0.650578 6.036794 1.000000
28 0.168529 0.744571 0.605184 -1.620397 0.637627 -0.116502 0.394635 -2.327024 -1.724913 1.268663 -0.168073 -0.532746 -0.154393 -0.078572 0.567137 0.320084 -1.717343 0.913053 0.354643 0.221682 0.051637 -0.491043 0.107229 -0.492624 -0.837138 1.091564 -0.163226 -1.386900 0.229392 -1.565151 -0.923802 -0.441422 0.565080 -0.217917 -1.084751 0.621030 0.558474 -0.210194 -0.834149 0.496555 0.319354 -1.038658 0.133704 -0.766159 -0.062377 0.538067 -1.389216 1.016897 0.224947 0.646387 -1.777945 0.605045 -0.280755 -2.133639 1.531511 0.361474 0.021218 1.080411 -0.123591 1.637513 -0.380490 -0.017561 -0.223132 2.100822 0.887213 -1.102384 -0.425590 0.852385 2.061227 -0.042693 0.904811 1.650894 -0.574396 -0.811751 1.567241 1.044546 -1.674984 0.304492 0.027638 -0.755366 0.136105 1.000000
29 -0.695174 -0.699277 0.282386 0.797858 -1.372229 -1.018929 -0.280140 -2.052056 -0.843372 1.662621 0.028632 0.575715 -0.106322 -0.340540 -0.195301 0.903282 -0.613064 -2.143818 0.717020 0.652797 -0.871924 0.870863 1.135620 -0.776764 -1.484671 0.528398 -0.605603 0.797513 -1.248180 0.235281 0.509100 -0.243581 0.028320 1.394422 -0.330307 0.685268 -0.874569 -0.487870 -0.178471 0.125330 1.022578 0.116220 0.787529 -0.454118 1.238354 -0.811697 0.952855 -1.036028 1.611305 -0.529400 0.975693 -0.264356 0.054721 1.327282 0.414957 0.754370 -1.298939 1.962009 -0.118463 -0.047906 0.402962 0.343756 -1.157940 0.744028 -0.038103 0.374143 -1.032910 -0.461348 2.260096 1.440140 -0.677998 1.649707 1.066030 -0.555466 -0.735440 -1.216520 0.086128 -1.978344 -1.252063 0.428718 0.378518 1.000000
30 0.052319 0.596211 -1.136028 0.863289 -1.240340 -0.217208 0.390453 0.136621 0.186948 -0.716657 0.361927 0.261939 2.107603 0.741145 -0.865857 1.433152 0.762340 0.370115 -1.920242 0.456090 0.069307 -0.274732 -0.029628 -2.915664 0.975802 -2.143320 -0.544890 -0.437766 0.686412 0.957764 1.320126 0.660241 -0.672360 -0.499497 1.379422 0.054184 1.755200 -0.222422 -1.044289 0.842755 0.413923 1.299325 0.661915 0.007386 -1.317334 -1.457773 0.524111 -1.019307 -1.193077 0.987990 -1.333026 0.416914 0.643191 -2.718474 -0.822972 1.669986 -0.388508 0.655055 -0.732773 -0.454489 -0.700556 1.944907 0.663268 0.249791 0.952015 -0.031945 0.048657 0.321548 1.185716 0.162877 -0.643009 0.417960 1.482383 0.335863 0.882396 -1.634822 0.363496 -0.378934 -0.514408 0.973203 0.941018 1.000000
31 -0.088840 0.864715 -0.082143 1.075571 0.114649 -1.308229 -1.038670 0.440247 1.487815 -0.357201 0.029668 -0.366097 0.300203 0.569131 -0.123857 0.394280 -0.774200 0.592379 0.070556 -1.508495 0.471517 -1.252602 0.765905 0.316532 0.443794 -0.961155 0.239581 -0.101771 0.491854 -0.420029 0.178925 0.570276 -1.539074 -1.114251 0.263208 -0.212345 0.624041 -0.998833 0.307805 0.155806 1.530772 -2.413459 0.867313 0.614460 -0.533963 0.470023 0.854202 0.317564 0.599117 -1.143935 -0.576369 -0.356919 -0.652111 0.872730 0.426024 0.515086 0.730737 -0.465310 0.312931 0.315343 -0.649152 0.119291 -0.154223 -0.237068 -2.061547 -1.011224 -0.108074 0.287561 -0.721320 -0.702233 1.365569 0.272683 -2.366039 0.193640 1.520869 0.172221 0.265967 -0.283569 -0.518696 0.867665 0.529223 1.000000
32 -1.083641 1.347407 -1.268940 -1.435528 -0.893447 -0.841806 1.678078 0.560159 0.186278 0.108725 -0.232343 -1.306465 -1.492759 0.514887 -0.545919 -2.077449 0.390435 -0.201717 -0.644860 -0.781351 -1.476233 -1.026414 0.778640 -2.563306 -0.057924 0.173824 -0.985411 -1.562749 -1.122770 -0.035300 -0.066923 1.131285 -0.296386 -1.888340 -0.183676 1.083973 0.547060 0.327478 0.002100 -1.320136 -0.870884 1.251487 -1.004935 -1.433687 0.202971 0.241826 0.426391 -0.029793 1.037772 -0.121807 -0.443692 -0.169595 -0.983353 0.103702 -0.500628 -0.696079 -0.417403 -0.527721 -0.602838 0.587709 -0.748709 1.338590 0.200767 -0.727825 0.886674 -0.545448 2.186156 -0.469177 0.173641 0.583268 2.081193 0.296684 0.954419 0.891792 0.275043 0.507814 0.800748 -0.004219 0.520193 0.029872 19.231041 1.000000
33 0.129325 -0.961119 0.058229 -1.125575 0.520538 -0.092083 1.238732 2.311414 0.427834 0.322090 1.492313 1.292182 0.849941 -0.070481 0.533703 1.500501 -0.277294 -0.215815 1.133105 0.971184 -0.116552 0.669857 0.870167 -1.240299 -0.139918 0.980548 -0.535191 -0.260638 0.307651 1.204536 2.080624 0.374529 1.490129 0.905621 -1.068239 0.323636 0.017449 -1.547591 -1.386434 -0.546455 -1.621815 -1.170541 -0.335309 1.378334 0.006090 0.265108 0.563820 -0.965455 -0.056625 0.935400 -0.101413 -0.760965 0.651317 -0.027276 -0.567136 1.273179 -0.155070 0.506813 -0.533036 -0.462144 0.654745 1.454236 0.302038 1.320102 -0.794105 0.527668 -0.355929 -0.976148 -0.046743 0.120267 0.585866 0.626292 0.129795 -0.069803 -0.462077 0.174998 -1.789518 0.551551 0.423805 0.750794 6.187743 1.000000
34 -0.190750 0.392916 0.448215 -0.187745 0.015137 1.504482 0.881757 -0.711270 -1.685432 0.580770 2.538200 0.162703 -0.412691 -1.425943 -0.164314 -1.139442 1.481632 0.297280 -0.997255 -0.474513 0.838268 -0.586420 -0.079465 0.217729 -0.170937 -0.206729 0.396466 -1.151524 0.297368 1.263231 -0.230390 -0.419491 -0.420817 -0.041673 0.859540 0.069496 -2.321310 -0.206514 -1.371879 -0.450549 0.977715 0.934151 0.195200 2.450549 -1.405685 -0.171051 -0.175765 -0.343045 0.098972 -0.300103 -0.295221 -0.693210 -0.176085 -0.289732 1.381059 0.282840 0.614199 1.013978 1.622796 0.074021 -0.355813 -1.340179 -1.408280 -0.287488 -1.561477 1.477305 0.487001 0.366300 1.875628 0.674844 1.009126 -0.699406 1.326701 -0.818941 -0.087219 -0.588089 1.047479 0.148413 -0.542183 -0.234753 4.059297 1.000000
35 -0.251863 -0.752189 -0.800814 -0.377827 -0.414921 -0.465409 1.274373 -2.950388 -1.357077 1.266127 0.302383 0.816019 -2.444556 1.679481 -1.284638 -0.084692 -0.067941 -0.913087 -1.731347 -0.906271 -1.043414 1.284440 -0.918595 -2.184471 -0.476611 0.184187 -0.354955 -0.935152 -1.034762 1.238477 0.357193 -1.020028 0.576797 2.384956 0.786094 -1.036087 -0.689398 0.727746 0.384945 1.281305 0.226618 -2.714469 -0.501991 1.381059 0.386387 1.789828 1.571428 0.019268 -0.142662 0.980740 0.021300 -0.978513 0.378862 -0.597714 0.329858 -0.651069 -1.191608 -0.299992 0.408059 -0.814704 -1.133315 -0.372558 1.495394 0.262873 -0.442279 -0.078330 0.990483 0.408775 0.545892 -1.839128 1.419696 0.186885 -0.191250 -0.344343 0.155824 0.522341 -0.659324 -0.525346 0.234891 -0.537703 7.223951 1.000000
36 -1.611231 -0.507200 0.734894 -0.587812 -2.121793 -0.027360 -0.892946 -0.542156 0.785250 -0.081113 -0.398237 -0.493126 0.219906 -2.609606 1.924649 -0.297161 -2.444218 -0.174919 2.128140 -0.666765 0.430142 -2.391669 -0.127229 -0.734290 -1.211184 -1.207482 -0.077806 -0.898116 -1.184965 -1.272343 0.399371 0.161248 0.887800 -0.100657 0.854645 -0.685367 -0.618403 -0.035276 2.363188 0.405929 -0.501209 -2.612463 -0.085990 0.689439 2.485945 2.082152 -0.426034 -1.050331 -2.179944 -0.079191 1.031132 -0.896518 0.363824 -0.862899 -0.742438 -0.753258 -0.602486 0.878150 1.589425 0.275646 0.210361 -0.242039 1.197036 -0.942784 0.248186 -0.571964 1.578316 1.487674 2.819297 0.494576 0.918575 -2.890601 0.420083 -0.120050 2.028210 -0.227876 0.640815 -0.317712 0.402272 0.083336 3.328623 1.000000
37 -0.977267 1.088440 0.134228 0.887523 -1.042148 -0.873930 -0.603641 -0.488858 -1.733826 -0.180044 0.639303 -0.308957 -0.831932 0.492360 1.069029 0.872909 0.542912 0.744291 1.027784 -1.713076 0.984105 -0.145092 -0.033332 0.500478 0.296724 0.688245 -0.256746 -0.270945 -1.408719 -0.271219 0.058602 1.380388 0.674673 -1.414382 0.663156 -1.526283 -0.025785 -0.038345 -0.319299 0.536426 -1.210828 -1.260283 0.785266 0.491981 -1.123816 -0.082691 -0.911610 0.613928 0.497240 -1.383655 -0.194748 0.627746 -0.498435 -0.615951 0.095814 1.269655 -0.539997 -0.579271 -1.750065 1.150188 -0.084717 0.552388 0.753330 -0.473573 -0.196426 0.796869 0.380975 0.946377 -0.579679 2.288583 0.530586 -0.335227 0.513088 1.311647 2.051955 -1.031025 -0.911924 -1.086409 0.094037 -2.744232 0.454035 1.000000
38 -0.266684 0.729365 0.006913 0.758927 -0.463713 -1.035048 0.469511 0.412525 -0.533110 0.668538 -0.943465 0.568173 0.877494 -1.273491 -1.665999 1.011390 -1.286428 1.276354 0.362859 1.822617 -0.829737 1.066524 -0.056593 1.050011 0.037688 0.327987 0.114590 -2.398787 -0.885151 1.091050 -0.867764 0.453854 -0.622008 -0.614601 -0.031465 1.679552 -0.183529 0.967538 0.550934 1.266996 -1.073768 -1.531235 -0.376590 0.869651 -1.439285 1.609159 -0.382037 -0.282018 -0.323099 0.031272 -2.811080 -0.497590 0.059764 0.381059 0.470566 1.319361 -1.551334 2.156791 -0.556348 -0.159811 -0.630229 0.173074 -1.660639 -0.823328 0.553462 -0.739839 -1.148517 0.970152 -1.368891 0.388250 -0.411435 -0.622083 0.014234 -1.281016 0.757786 -0.708177 -0.490047 -2.117592 -0.106082 -1.298775 0.381941 1.000000
39 1.922456 -1.366807 -1.228855 -0.607800 -0.105564 -0.119020 0.186800 0.041127 -1.193668 -0.107513 -0.410423 0.616049 1.603689 -0.286355 0.135424 1.269079 1.404331 0.248838 0.932343 -0.307046 0.249389 -0.559893 -1.029681 0.344459 0.614804 -1.210099 0.121375 0.215914 -1.013304 1.361948 -0.213250 0.498508 1.325414 1.242640 -0.693788 -0.051244 0.644410 -0.955381 1.583271 0.275986 0.881027 -1.308800 -0.131765 0.497274 0.405892 1.108601 1.460405 1.436050 -1.235763 2.068942 0.737022 -1.438769 -0.528917 -2.080476 -0.109089 0.254409 -2.189234 0.630864 0.996771 -0.605129 0.197071 -0.486965 0.228256 -0.362048 -0.693768 -1.029916 -0.984642 0.353055 -2.016208 -0.135869 0.209230 -1.782312 -0.854840 -0.139943 1.127461 0.402077 -0.599179 -0.219541 0.077195 -0.216255 0.687023 1.000000
40 -1.163147 0.622466 0.003390 0.801409 0.861742 -0.019660 -0.442414 1.899221 -0.184377 1.778973 0.669394 -0.152369 0.819974 0.107228 1.318425 1.619413 0.652863 1.060191 -1.723691 -0.940923 0.093912 0.002444 0.123263 1.006297 -1.635676 -1.448862 -0.588213 0.949577 0.534375 -2.261563 0.743053 -1.024609 0.628169 0.167664 -1.392987 -0.489000 0.131097 -0.526762 -1.042607 0.702476 0.380631 0.633287 -0.772720 0.828537 -0.981629 0.298332 0.430479 -1.168132 -0.245517 1.563571 -1.120974 -1.201098 1.230190 -1.327122 -0.379146 -0.839681 0.670876 -0.228221 0.531681 -1.467542 -1.872433 0.115725 -0.098474 -0.499982 0.788288 0.089419 -0.683112 -1.330183 -0.021643 -0.755390 -0.501862 1.053828 1.620545 -1.204439 0.855484 -1.202409 0.825503 -1.365912 -0.283642 0.962568 1.396158 1.000000
41 -0.174708 -1.670426 -0.962706 -0.778751 -0.745198 0.811792 -1.660276 -1.894612 -0.291413 -1.272186 0.507269 -0.446046 -0.188949 1.069778 -0.266220 -1.353490 0.134526 1.082973 -1.427018 0.602727 -0.169471 0.791286 0.015471 -0.175763 -0.081565 0.775226 2.026094 -0.921748 -0.082809 0.606940 -0.084945 1.455865 0.313076 0.801038 0.799546 -1.593499 1.297877 -0.530639 0.679030 0.221659 1.933055 0.370667 -1.391749 -0.109592 -1.862685 1.705344 -0.605240 -0.819057 -1.625962 1.662465 0.267732 0.373591 0.136449 -0.819103 0.455049 -0.119340 -1.647712 -0.680362 -0.379121 1.910377 -1.460646 -1.501592 0.970474 0.236865 0.858470 0.795355 1.341282 1.209962 0.949998 -1.470355 -0.596713 1.761323 0.200509 -0.483977 -2.170698 1.636090 0.914932 1.617361 1.039211 -1.051317 1.599561 1.000000
42 0.745492 0.177082 -1.342011 -0.745455 0.305398 0.823474 0.221856 -1.435417 -0.407131 0.070230 -0.154518 1.035021 -1.119288 2.093438 0.047893 -2.664447 0.969015 -0.104828 0.625974 -0.841507 1.175266 -0.595766 1.156771 0.025590 -0.146348 1.844989 -1.163780 0.376329 -1.729494 0.645160 0.537765 -0.429055 1.155723 -0.386481 -1.616917 -0.961675 -0.439326 0.190961 1.131511 2.699105 -0.364440 1.144252 -1.380435 -1.429787 0.913200 0.969777 -0.496101 -1.355970 -0.811594 0.187307 1.524313 0.396489 -0.103826 0.106000 1.601171 -0.153226 -1.131789 -0.561692 -0.004691 1.024413 0.289032 2.461949 -0.208390 -0.457085 -0.060287 -1.084112 1.286840 0.505724 -0.160483 -1.154641 0.187607 -1.560655 1.460272 -2.639553 0.311494 -0.813001 0.324813 -0.174129 3.030658 0.219255 2.613072 1.000000
43 -1.598002 -2.044802 -0.032919 -1.086251 0.296641 0.294718 0.682643 1.617695 -0.827130 0.496603 2.847565 -0.481793 -1.742261 -2.655537 1.069551 -0.713148 -0.001539 -0.163530 -0.042169 -0.110731 0.046184 -0.951149 0.349535 0.781880 -0.918139 -0.194787 -0.231188 0.503093 1.659502 1.659472 1.686368 -1.507910 1.169248 1.476414 0.204088 -2.210716 -0.925151 0.033295 0.721719 -0.585622 0.228163 -2.322719 0.082292 -0.442910 0.522676 0.270265 -0.781942 0.155830 0.118390 -0.268599 -1.443431 -0.084138 -0.574160 0.111613 0.853380 -0.633002 -0.258422 -0.000773 -0.241002 -0.055902 0.059533 -0.572579 -0.325532 1.268046 2.757646 -0.352146 -1.005613 -0.194867 0.492182 -1.118834 0.152218 -0.026131 0.243206 -1.177375 0.172301 1.522015 -1.785245 0.538287 -0.764078 1.336553 58.731909 1.000000
44 -0.549813 0.013685 -1.848073 -1.298856 0.184288 -0.275569 0.611152 0.440873 -1.005366 -1.013674 1.375980 0.779952 0.445705 -0.808802 2.186114 0.022573 -1.519432 1.006559 1.433570 -1.617675 0.907874 -1.541317 0.493432 0.996377 0.641318 -1.337929 -0.206278 -0.207939 0.360399 -1.652899 0.749197 0.042354 0.584288 -0.585321 0.538337 0.332931 -0.107730 0.278014 1.152151 -0.124987 0.646969 -1.490337 -0.244794 0.252385 0.381708 1.708574 -0.464561 -0.220185 0.471690 0.305829 -0.643149 -0.474823 -0.367305 0.176681 1.305129 0.362165 1.564526 -0.601018 -1.506890 -1.093459 0.779781 -0.754878 0.480895 -0.202614 0.070850 -1.085616 0.494207 0.725099 1.182314 -0.972354 -0.318239 -0.947350 -0.743179 0.363785 -1.537950 1.499807 0.716897 0.024676 -2.319968 -0.722262 31.200022 1.000000
45 -0.892574 0.010272 -0.520338 0.221743 -1.263444 -1.033894 -1.653090 0.759804 -1.366422 -0.965283 0.242596 0.107592 -0.565020 -0.107827 0.289940 0.036208 -0.954108 -1.433976 0.220325 -0.104983 0.249074 -0.314817 0.192982 -0.580226 0.000372 0.242668 -0.156263 -0.734565 1.920465 1.037353 0.166387 0.025188 -1.726360 1.942210 1.062787 -0.219335 -0.565724 0.266317 1.415944 1.166057 -2.063197 -0.101686 0.653641 -0.119127 -0.325499 0.942905 -0.090313 -0.043247 0.895190 0.067541 -0.562920 -1.156356 0.583192 -0.677593 -0.278181 1.128285 -0.590605 1.146383 0.236798 1.623050 -1.426176 2.026961 0.606423 -0.822289 1.031774 1.349866 1.141305 -0.301223 -1.150021 0.642368 -0.367329 0.783069 1.005219 1.404046 1.065837 1.176432 0.385778 -0.755527 0.533541 -1.460196 0.016756 1.000000
46 1.190972 -0.568138 0.076979 0.532433 1.287557 -0.439279 -0.110676 1.518856 -0.989456 -1.673068 0.915734 -0.826056 1.188699 0.127952 -0.054612 0.534441 -1.124472 0.408155 -2.035524 -0.777135 -0.906834 1.357278 0.900615 1.539630 -0.788084 0.316485 0.640706 -1.155711 1.093985 0.159220 0.208311 0.666666 0.847451 -0.656434 0.321201 -0.515928 0.402960 0.115866 2.092911 0.276150 0.747199 -1.658600 0.073625 1.015386 0.342269 0.436145 2.295021 -0.635187 0.736768 0.986414 -0.991934 0.228555 -0.781186 -0.533895 -1.204156 0.403480 1.065541 -0.455133 -0.522459 -0.897110 0.249303 -0.203399 -0.441960 1.228921 -1.776003 -0.136847 -0.328657 -0.546452 0.721140 -0.118403 0.693849 2.811053 -0.021308 -1.398232 -0.255611 1.379679 -0.709439 -1.792787 0.620474 0.113437 0.407521 1.000000
47 1.359565 -0.720454 0.881613 0.636360 1.238323 -0.243158 -0.153647 -1.726008 -0.481528 0.701368 1.583540 -1.943887 0.418072 0.090182 0.399599 -0.319082 -1.590268 -0.387576 0.135848 -0.543773 -0.040053 0.591602 -1.383301 2.487892 0.021120 0.272436 -0.680862 0.457209 0.300630 0.503631 1.079095 -0.315687 0.406181 -0.148763 -0.702992 -0.138196 0.387433 0.172636 -0.391567 -1.028786 -1.530577 1.078139 -2.138982 -1.355649 -0.209005 1.174309 -1.211462 0.034755 -0.743614 1.027645 0.518968 3.062114 0.335964 1.051883 -0.148849 0.013916 0.342419 1.230934 1.437764 0.235437 -1.149665 0.720184 0.354823 -0.976462 1.604284 -1.121576 -0.369523 0.774359 -0.213169 0.290026 -0.840229 -1.582935 0.250985 -1.621119 0.352761 2.117188 -0.430720 0.792782 0.240697 1.393679 0.360954 1.000000
48 -1.206835 -0.026549 0.448487 -0.726646 -1.026165 1.225333 -0.445919 -0.556252 0.177079 -0.251701 -0.570918 0.182449 -2.265668 -0.385400 1.391376 1.456486 1.510784 -0.504436 -0.011189 0.560043 -0.525295 1.349016 1.507954 0.856804 1.408961 -0.552621 -0.582015 1.965998 0.892026 -0.692176 1.384045 0.259170 0.186685 1.088245 -0.889611 -0.387781 2.226399 0.396976 0.232262 0.222529 0.704470 0.121477 0.483234 -0.889267 -0.356177 -1.469830 0.521440 0.500550 1.179298 -0.607784 1.026783 0.754802 -0.323490 -0.402815 -0.000319 -0.913122 -0.123786 -1.419854 -0.552506 0.249568 1.194655 0.770046 0.322953 0.627951 -2.361338 -0.264703 0.693111 1.503424 0.602469 0.285161 -1.096719 -0.277951 1.432691 -0.167442 -0.416765 -0.468881 0.865442 0.195517 -0.774843 0.827080 0.685475 1.000000
49 0.083823 0.972784 -0.202057 2.311380 1.988221 2.855846 -1.574576 -0.158723 -0.287088 1.467174 0.195022 0.528427 0.389612 1.249767 -1.953141 1.314419 -0.024200 -0.401785 0.243733 1.490364 -2.501755 -0.333383 0.476833 1.955094 -0.213829 1.473410 -0.892445 0.593306 -2.842893 -0.105447 -0.358538 0.033037 0.266132 -0.547704 -0.207598 -1.546817 1.904473 0.484431 1.249923 -0.139216 1.028542 -0.300971 -1.978499 -1.661611 1.473078 0.190554 -0.355552 -0.724324 -0.989188 -0.706244 -0.807936 0.662238 0.443177 0.427541 1.194474 -0.541947 0.077782 0.371919 1.165102 -0.073172 -0.222871 -1.181507 -1.760614 -1.457868 -0.007528 -0.000771 0.725826 0.459429 0.175415 -0.728290 1.263812 -0.905391 0.164772 -0.452041 0.367787 1.264819 0.475080 1.367371 -1.559983 0.366505 0.070223 1.000000
50 0.709000 -1.925541 -1.925352 -0.311272 -0.169842 -0.208385 1.507628 -0.367419 0.392066 -0.839924 -0.454053 0.137050 2.133274 0.582595 -0.485632 0.016748 -1.026657 0.596508 0.371845 -1.888127 0.995762 0.827532 -0.285011 0.963280 0.788710 1.642440 0.795094 1.948529 -0.386258 -0.834904 0.141715 0.345739 0.769135 0.236915 -0.108541 -0.132233 -0.665399 2.430619 1.236580 1.343599 -0.627139 0.866181 -0.899475 -1.586946 -0.050760 0.153406 -0.828771 -1.235919 0.167188 -0.169223 -1.087579 -0.144168 -1.359026 1.512768 -0.763919 0.266401 -0.884476 -0.381736 0.750340 -0.780814 -0.960483 -0.456606 0.148198 -0.636335 0.270473 0.646981 1.031011 -2.486543 -1.484446 1.735656 1.409282 -0.567312 0.020809 0.266461 -0.574330 0.554314 0.651697 -1.166801 -0.336655 0.241408 64.592644 1.000000
uncorrelated Gaussian covariates
missing covariate fraction: 0.000000
no latent classes
   lambda(t|risk 1)=C, <t>=4.000000 for zero covariates
   risk 1: beta[1]=0.500000
   risk 1: beta[2]=0.500000
   risk 1: beta[3]=0.500000
   risk 1: beta[4]=0.500000
   risk 1: beta[5]=0.500000
   risk 1: beta[6]=-0.500000
   risk 1: beta[7]=-0.500000
   risk 1: beta[8]=-0.500000
   risk 1: beta[9]=-0.500000
   risk 1: beta[10]=-0.500000
   risk 1: beta[11]=0.000000
   risk 1: beta[12]=0.000000
   risk 1: beta[13]=0.000000
   risk 1: beta[14]=0.000000
   risk 1: beta[15]=0.000000
   risk 1: beta[16]=0.000000
   risk 1: beta[17]=0.000000
   risk 1: beta[18]=0.000000
   risk 1: beta[19]=0.000000
   risk 1: beta[20]=0.000000
   risk 1: beta[21]=0.000000
   risk 1: beta[22]=0.000000
   risk 1: beta[23]=0.000000
   risk 1: beta[24]=0.000000
   risk 1: beta[25]=0.000000
   risk 1: beta[26]=0.000000
   risk 1: beta[27]=0.000000
   risk 1: beta[28]=0.000000
   risk 1: beta[29]=0.000000
   risk 1: beta[30]=0.000000
   risk 1: beta[31]=0.000000
   risk 1: beta[32]=0.000000
   risk 1: beta[33]=0.000000
   risk 1: beta[34]=0.000000
   risk 1: beta[35]=0.000000
   risk 1: beta[36]=0.000000
   risk 1: beta[37]=0.000000
   risk 1: beta[38]=0.000000
   risk 1: beta[39]=0.000000
   risk 1: beta[40]=0.000000
   risk 1: beta[41]=0.000000
   risk 1: beta[42]=0.000000
   risk 1: beta[43]=0.000000
   risk 1: beta[44]=0.000000
   risk 1: beta[45]=0.000000
   risk 1: beta[46]=0.000000
   risk 1: beta[47]=0.000000
   risk 1: beta[48]=0.000000
   risk 1: beta[49]=0.000000
   risk 1: beta[50]=0.000000
   risk 1: beta[51]=0.000000
   risk 1: beta[52]=0.000000
   risk 1: beta[53]=0.000000
   risk 1: beta[54]=0.000000
   risk 1: beta[55]=0.000000
   risk 1: beta[56]=0.000000
   risk 1: beta[57]=0.000000
   risk 1: beta[58]=0.000000
   risk 1: beta[59]=0.000000
   risk 1: beta[60]=0.000000
   risk 1: beta[61]=0.000000
   risk 1: beta[62]=0.000000
   risk 1: beta[63]=0.000000
   risk 1: beta[64]=0.000000
   risk 1: beta[65]=0.000000
   risk 1: beta[66]=0.000000
   risk 1: beta[67]=0.000000
   risk 1: beta[68]=0.000000
   risk 1: beta[69]=0.000000
   risk 1: beta[70]=0.000000
   risk 1: beta[71]=0.000000
   risk 1: beta[72]=0.000000
   risk 1: beta[73]=0.000000
   risk 1: beta[74]=0.000000
   risk 1: beta[75]=0.000000
   risk 1: beta[76]=0.000000
   risk 1: beta[77]=0.000000
   risk 1: beta[78]=0.000000
   risk 1: beta[79]=0.000000
   risk 1: beta[80]=0.000000
