0.000000 0.480000 0.520000
1.000000 0.588000 0.605600
2.000000 0.672000 0.696400
3.000000 0.626000 0.677400
4.000000 0.680000 0.741200
5.000000 0.713400 0.765800
6.000000 0.728800 0.803200
7.000000 0.709200 0.806200
8.000000 0.732000 0.823600
9.000000 0.741400 0.840600
10.000000 0.747400 0.854400
11.000000 0.753800 0.878600
12.000000 0.792400 0.902000
13.000000 0.809600 0.910200
14.000000 0.793400 0.916200
15.000000 0.796800 0.936200
16.000000 0.784000 0.930800
17.000000 0.765600 0.935000
18.000000 0.783800 0.939800
19.000000 0.781000 0.941600
20.000000 0.795400 0.952800
21.000000 0.784600 0.956400
22.000000 0.798800 0.959000
23.000000 0.799200 0.960600
24.000000 0.808000 0.962800
25.000000 0.795200 0.961800
26.000000 0.781400 0.961600
27.000000 0.781800 0.964600
28.000000 0.776800 0.966000
29.000000 0.776400 0.968200
30.000000 0.779600 0.969400
31.000000 0.771400 0.972000
32.000000 0.774000 0.974400
33.000000 0.766200 0.977800
34.000000 0.773800 0.975800
35.000000 0.764000 0.978400
36.000000 0.772400 0.980800
37.000000 0.762600 0.976200
38.000000 0.759400 0.977000
39.000000 0.760000 0.982200
40.000000 0.748600 0.981000
41.000000 0.750800 0.982200
42.000000 0.730000 0.980200
43.000000 0.739200 0.982200
44.000000 0.724000 0.983000
45.000000 0.725800 0.983400
46.000000 0.714400 0.984600
47.000000 0.710200 0.984400
48.000000 0.709800 0.986400
49.000000 0.721800 0.987200
50.000000 0.699800 0.986800
51.000000 0.693400 0.989200
52.000000 0.685200 0.991200
53.000000 0.689400 0.989800
54.000000 0.689200 0.990800
55.000000 0.689400 0.991000
56.000000 0.682800 0.993400
57.000000 0.674800 0.992600
58.000000 0.676200 0.994000
59.000000 0.662600 0.996800
60.000000 0.664400 0.995800
