active=80: 1 2 3 4 5 6 7 8 9 10 11 12 13 14 15 16 17 18 19 20 21 22 23 24 25 26 27 28 29 30 31 32 33 34 35 36 37 38 39 40 41 42 43 44 45 46 47 48 49 50 51 52 53 54 55 56 57 58 59 60 61 62 63 64 65 66 67 68 69 70 71 72 73 74 75 76 77 78 79 80 
active=79: 1 2 3 4 5 6 7 8 9 10 11 12 13 14 15 16 17 18 19 20 21 22 23 24 25 26 27 28 29 30 31 32 33 34 35 36 37 38 39 40 41 43 44 45 46 47 48 49 50 51 52 53 54 55 56 57 58 59 60 61 62 63 64 65 66 67 68 69 70 71 72 73 74 75 76 77 78 79 80 
active=78: 1 2 3 4 5 6 7 8 9 10 11 12 13 14 15 16 17 18 19 20 21 22 23 24 25 26 27 28 29 30 31 32 33 34 35 36 37 38 39 40 41 43 44 45 46 47 48 49 50 51 52 53 54 55 56 57 58 59 60 61 62 63 64 65 66 68 69 70 71 72 73 74 75 76 77 78 79 80 
active=77: 1 2 3 4 5 6 7 8 9 10 11 12 13 14 15 16 17 18 19 20 21 22 23 24 25 26 27 28 29 30 31 32 33 34 35 36 37 38 39 40 41 43 44 45 46 47 48 49 50 51 52 53 54 55 56 57 58 59 60 61 62 63 64 65 66 69 70 71 72 73 74 75 76 77 78 79 80 
active=76: 1 2 3 4 5 6 7 8 9 10 11 12 13 14 15 16 17 18 19 20 21 22 23 24 25 26 27 28 29 30 31 32 33 34 35 36 37 38 39 40 41 43 44 45 46 47 48 49 50 51 52 53 54 56 57 58 59 60 61 62 63 64 65 66 69 70 71 72 73 74 75 76 77 78 79 80 
active=75: 1 2 3 4 5 6 7 8 9 10 11 12 13 14 15 16 17 18 19 20 21 22 23 24 25 26 27 28 29 30 31 32 33 34 35 36 37 39 40 41 43 44 45 46 47 48 49 50 51 52 53 54 56 57 58 59 60 61 62 63 64 65 66 69 70 71 72 73 74 75 76 77 78 79 80 
active=74: 1 2 3 4 5 6 7 8 9 10 11 12 13 14 15 16 17 18 19 20 21 22 23 24 25 26 27 28 29 30 31 32 33 34 35 36 37 39 40 41 43 44 45 46 47 48 49 50 51 52 53 54 56 57 58 59 60 61 62 64 65 66 69 70 71 72 73 74 75 76 77 78 79 80 
active=73: 1 2 3 4 5 6 7 8 9 10 11 12 13 14 15 16 17 18 19 20 21 22 23 24 25 26 27 28 29 30 31 32 33 34 35 36 37 39 40 41 43 44 45 47 48 49 50 51 52 53 54 56 57 58 59 60 61 62 64 65 66 69 70 71 72 73 74 75 76 77 78 79 80 
active=72: 1 2 3 4 5 6 7 8 9 10 11 13 14 15 16 17 18 19 20 21 22 23 24 25 26 27 28 29 30 31 32 33 34 35 36 37 39 40 41 43 44 45 47 48 49 50 51 52 53 54 56 57 58 59 60 61 62 64 65 66 69 70 71 72 73 74 75 76 77 78 79 80 
active=71: 1 2 3 4 5 6 7 8 9 10 11 13 14 15 16 17 18 19 20 21 22 23 24 25 26 27 28 29 30 31 32 33 34 35 36 37 39 40 41 43 44 45 47 48 49 50 51 52 53 54 56 57 58 59 61 62 64 65 66 69 70 71 72 73 74 75 76 77 78 79 80 
active=70: 1 2 3 4 5 6 7 8 9 10 11 13 14 15 16 17 18 19 20 21 22 23 24 25 26 27 28 29 30 31 32 33 34 35 36 37 39 40 43 44 45 47 48 49 50 51 52 53 54 56 57 58 59 61 62 64 65 66 69 70 71 72 73 74 75 76 77 78 79 80 
active=69: 1 2 3 4 5 6 7 8 9 10 11 13 14 15 16 17 18 19 20 21 22 23 24 25 26 27 28 29 30 31 32 33 34 35 36 37 39 40 43 44 45 47 48 49 50 51 52 53 54 56 57 58 59 61 62 64 65 69 70 71 72 73 74 75 76 77 78 79 80 
active=68: 2 3 4 5 6 7 8 9 10 11 13 14 15 16 17 18 19 20 21 22 23 24 25 26 27 28 29 30 31 32 33 34 35 36 37 39 40 43 44 45 47 48 49 50 51 52 53 54 56 57 58 59 61 62 64 65 69 70 71 72 73 74 75 76 77 78 79 80 
active=67: 2 3 4 5 6 7 8 9 10 11 13 14 15 16 17 18 19 20 21 22 23 24 25 26 27 28 29 30 31 32 33 34 35 36 37 39 43 44 45 47 48 49 50 51 52 53 54 56 57 58 59 61 62 64 65 69 70 71 72 73 74 75 76 77 78 79 80 
active=66: 2 3 4 5 6 7 8 9 10 11 13 14 15 16 17 18 19 20 21 22 23 24 25 26 27 28 29 30 31 32 33 34 35 36 37 39 43 44 45 47 48 49 50 51 52 53 54 56 57 58 59 61 62 64 65 69 70 71 72 73 74 76 77 78 79 80 
active=65: 2 3 4 5 6 7 8 9 10 11 13 14 15 16 17 18 19 20 21 22 23 24 25 26 27 28 29 30 31 32 33 34 35 36 37 39 43 44 45 47 48 49 50 51 52 53 54 56 57 58 59 62 64 65 69 70 71 72 73 74 76 77 78 79 80 
active=64: 2 3 4 5 6 7 8 9 10 11 13 14 15 16 17 18 19 20 21 22 23 24 25 26 27 28 29 30 31 32 33 34 35 36 37 43 44 45 47 48 49 50 51 52 53 54 56 57 58 59 62 64 65 69 70 71 72 73 74 76 77 78 79 80 
active=63: 2 3 4 5 6 7 8 9 10 11 13 14 15 16 17 18 19 20 21 22 23 24 25 26 27 28 29 30 31 32 33 34 35 36 37 43 44 45 47 48 49 50 51 52 53 54 57 58 59 62 64 65 69 70 71 72 73 74 76 77 78 79 80 
active=62: 2 3 4 5 6 7 8 9 10 11 13 14 15 16 17 18 19 20 21 22 23 24 25 26 27 28 29 30 31 32 33 34 35 36 37 43 44 45 47 48 49 50 51 52 53 54 57 58 59 62 64 69 70 71 72 73 74 76 77 78 79 80 
active=61: 2 3 4 5 6 7 8 9 10 11 13 14 15 16 17 18 19 20 21 22 23 24 25 26 27 28 29 30 31 32 33 34 35 36 37 43 44 45 47 48 49 50 51 53 54 57 58 59 62 64 69 70 71 72 73 74 76 77 78 79 80 
active=60: 2 3 4 5 6 7 8 9 10 11 13 14 15 16 17 18 19 20 21 22 23 24 25 26 27 28 29 30 31 32 33 34 35 36 37 43 44 45 47 48 49 50 51 53 54 57 58 62 64 69 70 71 72 73 74 76 77 78 79 80 
active=59: 2 3 4 5 6 7 8 9 10 11 13 14 15 16 17 18 19 20 21 22 23 24 25 26 27 29 30 31 32 33 34 35 36 37 43 44 45 47 48 49 50 51 53 54 57 58 62 64 69 70 71 72 73 74 76 77 78 79 80 
active=58: 2 3 4 5 6 7 8 9 10 11 13 14 15 16 17 18 19 20 21 22 23 24 25 26 27 29 30 31 32 33 34 35 36 37 43 44 45 47 48 49 50 51 53 54 57 58 62 64 69 70 71 72 73 74 76 77 79 80 
active=57: 2 3 4 5 6 7 8 9 10 11 13 14 15 16 17 18 19 20 21 22 23 24 25 26 27 29 30 31 32 33 34 35 36 37 43 44 45 47 48 50 51 53 54 57 58 62 64 69 70 71 72 73 74 76 77 79 80 
active=56: 2 3 4 5 6 7 8 9 10 11 13 14 15 16 17 18 19 20 21 22 23 24 25 26 27 29 30 31 32 33 34 35 36 37 43 44 45 47 48 50 53 54 57 58 62 64 69 70 71 72 73 74 76 77 79 80 
active=55: 2 3 4 5 6 7 8 9 10 11 13 14 15 16 17 18 19 20 21 22 23 24 25 26 27 29 30 31 32 33 34 35 36 37 43 44 45 47 48 50 53 54 57 62 64 69 70 71 72 73 74 76 77 79 80 
active=54: 2 3 4 5 6 7 8 9 10 11 13 14 15 16 17 18 19 20 21 22 23 24 25 26 27 29 30 31 32 33 34 35 36 37 43 44 45 47 48 50 53 54 57 64 69 70 71 72 73 74 76 77 79 80 
active=53: 2 3 4 5 6 7 8 9 10 11 13 14 15 16 17 18 19 20 21 22 23 24 25 26 27 29 30 31 32 33 34 35 36 37 43 44 45 47 48 50 53 54 57 64 69 70 71 72 73 76 77 79 80 
active=52: 2 3 4 5 6 7 8 9 10 11 13 14 15 16 17 18 19 20 21 22 23 24 25 26 27 29 30 31 32 33 34 35 36 37 43 45 47 48 50 53 54 57 64 69 70 71 72 73 76 77 79 80 
active=51: 2 3 4 5 6 7 8 9 10 11 13 14 15 16 17 18 19 20 22 23 24 25 26 27 29 30 31 32 33 34 35 36 37 43 45 47 48 50 53 54 57 64 69 70 71 72 73 76 77 79 80 
active=50: 2 3 4 5 6 7 8 9 10 11 13 14 15 16 17 18 19 20 22 23 24 25 26 27 29 30 31 32 33 34 35 36 37 43 45 47 48 50 53 54 57 69 70 71 72 73 76 77 79 80 
active=49: 2 3 4 5 6 7 8 9 10 11 13 14 15 16 17 18 19 20 22 23 24 25 26 27 29 30 31 32 33 34 35 36 37 43 45 47 48 50 53 54 57 70 71 72 73 76 77 79 80 
active=48: 2 3 4 5 6 7 8 9 10 11 13 14 15 16 17 18 19 20 22 23 24 25 26 27 29 30 31 32 33 34 35 36 37 43 45 47 48 50 53 54 57 70 71 73 76 77 79 80 
active=47: 2 3 4 5 6 7 8 9 10 11 14 15 16 17 18 19 20 22 23 24 25 26 27 29 30 31 32 33 34 35 36 37 43 45 47 48 50 53 54 57 70 71 73 76 77 79 80 
active=46: 2 3 4 5 6 7 8 9 10 11 14 15 16 17 18 20 22 23 24 25 26 27 29 30 31 32 33 34 35 36 37 43 45 47 48 50 53 54 57 70 71 73 76 77 79 80 
active=45: 2 3 4 5 6 7 8 9 10 11 14 15 16 17 18 20 22 23 24 25 26 27 29 30 31 32 33 34 35 36 37 43 45 47 48 50 53 54 57 70 71 73 77 79 80 
active=44: 2 3 4 5 6 7 8 9 10 11 14 15 16 17 18 20 22 23 24 25 26 27 29 30 31 32 33 34 35 36 43 45 47 48 50 53 54 57 70 71 73 77 79 80 
active=43: 2 3 4 5 6 7 8 9 10 11 14 15 16 17 18 20 22 23 24 25 26 27 29 30 31 32 34 35 36 43 45 47 48 50 53 54 57 70 71 73 77 79 80 
active=42: 2 3 4 5 6 7 8 9 10 11 14 15 16 17 18 20 23 24 25 26 27 29 30 31 32 34 35 36 43 45 47 48 50 53 54 57 70 71 73 77 79 80 
active=41: 2 3 4 5 6 7 8 9 11 14 15 16 17 18 20 23 24 25 26 27 29 30 31 32 34 35 36 43 45 47 48 50 53 54 57 70 71 73 77 79 80 
active=40: 2 3 4 5 6 7 8 9 14 15 16 17 18 20 23 24 25 26 27 29 30 31 32 34 35 36 43 45 47 48 50 53 54 57 70 71 73 77 79 80 
active=39: 2 3 4 5 6 7 8 9 14 15 16 17 18 20 23 25 26 27 29 30 31 32 34 35 36 43 45 47 48 50 53 54 57 70 71 73 77 79 80 
active=38: 2 3 4 5 6 7 8 9 14 15 16 17 18 20 23 25 26 27 29 30 31 32 34 35 36 43 45 47 48 50 54 57 70 71 73 77 79 80 
active=37: 2 3 4 5 6 7 8 9 14 15 16 17 18 20 23 25 26 27 29 30 32 34 35 36 43 45 47 48 50 54 57 70 71 73 77 79 80 
active=36: 2 3 4 5 6 7 8 9 14 15 16 17 18 20 23 25 26 27 29 30 32 34 35 36 43 45 47 48 54 57 70 71 73 77 79 80 
active=35: 2 3 4 5 6 7 8 9 14 15 16 17 18 20 23 25 26 27 29 30 32 34 35 36 43 47 48 54 57 70 71 73 77 79 80 
active=34: 2 3 4 5 6 7 8 9 14 15 16 17 18 20 23 25 26 27 29 30 32 34 35 36 43 47 48 54 57 70 71 73 79 80 
active=33: 2 3 4 5 6 7 8 9 14 15 16 17 18 20 23 25 26 27 29 32 34 35 36 43 47 48 54 57 70 71 73 79 80 
active=32: 3 4 5 6 7 8 9 14 15 16 17 18 20 23 25 26 27 29 32 34 35 36 43 47 48 54 57 70 71 73 79 80 
active=31: 3 4 5 6 7 8 9 14 15 16 17 18 20 23 25 26 27 29 32 34 35 36 43 47 48 57 70 71 73 79 80 
active=30: 3 4 5 6 7 8 9 14 15 16 17 18 20 23 25 26 27 29 32 34 35 36 43 47 48 57 70 73 79 80 
active=29: 3 4 5 6 7 8 9 14 15 17 18 20 23 25 26 27 29 32 34 35 36 43 47 48 57 70 73 79 80 
active=28: 3 4 5 6 7 8 9 14 15 17 18 23 25 26 27 29 32 34 35 36 43 47 48 57 70 73 79 80 
active=27: 4 5 6 7 8 9 14 15 17 18 23 25 26 27 29 32 34 35 36 43 47 48 57 70 73 79 80 
active=26: 4 5 6 7 8 9 14 15 17 18 23 25 26 27 29 32 34 35 36 47 48 57 70 73 79 80 
active=25: 4 5 6 7 8 9 14 15 17 18 23 25 26 27 29 32 34 35 36 47 57 70 73 79 80 
active=24: 4 5 6 7 8 9 14 15 17 18 23 25 26 27 29 32 34 35 36 47 57 70 73 79 
active=23: 4 5 6 7 8 9 14 15 17 18 23 25 26 27 29 32 34 35 36 47 70 73 79 
active=22: 4 5 6 7 8 9 14 15 17 18 23 25 26 27 29 32 34 35 36 47 70 79 
active=21: 4 5 6 7 8 9 14 15 17 18 23 25 26 27 29 32 34 35 36 70 79 
active=20: 4 5 6 8 9 14 15 17 18 23 25 26 27 29 32 34 35 36 70 79 
active=19: 4 5 6 8 9 15 17 18 23 25 26 27 29 32 34 35 36 70 79 
active=18: 4 5 6 8 9 15 17 18 23 25 26 27 29 32 34 35 36 70 
active=17: 4 5 6 8 9 15 17 18 23 25 26 27 29 32 34 35 36 
active=16: 4 5 6 8 15 17 18 23 25 26 27 29 32 34 35 36 
active=15: 4 5 6 8 15 17 18 23 25 26 29 32 34 35 36 
active=14: 4 5 6 8 15 17 18 23 25 26 29 34 35 36 
active=13: 4 6 8 15 17 18 23 25 26 29 34 35 36 
active=12: 6 8 15 17 18 23 25 26 29 34 35 36 
active=11: 6 8 15 17 18 23 26 29 34 35 36 
active=10: 6 8 15 17 18 23 26 29 34 36 
active=9: 6 8 15 18 23 26 29 34 36 
active=8: 6 15 18 23 26 29 34 36 
active=7: 6 15 18 23 26 29 36 
active=6: 6 15 23 26 29 36 
active=5: 6 15 26 29 36 
active=4: 6 15 26 36 
active=3: 15 26 36 
active=2: 26 36 
active=1: 26 
