0.000000 0.609700
1.000000 0.700800
2.000000 0.710800
3.000000 0.721600
4.000000 0.744800
5.000000 0.763900
6.000000 0.762000
7.000000 0.732800
8.000000 0.764400
9.000000 0.773400
10.000000 0.756500
11.000000 0.774000
12.000000 0.798700
13.000000 0.790900
14.000000 0.804200
15.000000 0.791600
16.000000 0.806000
17.000000 0.815800
18.000000 0.810300
19.000000 0.814800
20.000000 0.825700
21.000000 0.820700
22.000000 0.808200
23.000000 0.813500
24.000000 0.817600
25.000000 0.818500
26.000000 0.821800
27.000000 0.817600
28.000000 0.823600
29.000000 0.813600
30.000000 0.810300
31.000000 0.815300
32.000000 0.823200
33.000000 0.817800
34.000000 0.815200
35.000000 0.819100
36.000000 0.810100
37.000000 0.810800
38.000000 0.797400
39.000000 0.802200
40.000000 0.792800
41.000000 0.787500
42.000000 0.783500
43.000000 0.786300
44.000000 0.785000
45.000000 0.777800
46.000000 0.781300
47.000000 0.775200
48.000000 0.772500
49.000000 0.773500
50.000000 0.778100
51.000000 0.773500
52.000000 0.768300
53.000000 0.769300
54.000000 0.757900
55.000000 0.762400
56.000000 0.752800
57.000000 0.760700
58.000000 0.758100
59.000000 0.759100
60.000000 0.754200
61.000000 0.748000
62.000000 0.751500
63.000000 0.746700
64.000000 0.741700
65.000000 0.750400
66.000000 0.744800
67.000000 0.734400
68.000000 0.728800
69.000000 0.728500
70.000000 0.725400
71.000000 0.728800
72.000000 0.724800
73.000000 0.716500
74.000000 0.707500
75.000000 0.707800
76.000000 0.704900
77.000000 0.713200
78.000000 0.703400
79.000000 0.698200
80.000000 0.692900
