active=20: 1 2 3 4 5 6 7 8 9 10 11 12 13 14 15 16 17 18 19 20 
active=19: 1 2 3 4 6 7 8 9 10 11 12 13 14 15 16 17 18 19 20 
active=18: 2 3 4 6 7 8 9 10 11 12 13 14 15 16 17 18 19 20 
active=17: 2 3 4 6 7 8 9 10 11 12 13 14 16 17 18 19 20 
active=16: 2 3 4 6 7 8 9 10 11 12 14 16 17 18 19 20 
active=15: 2 3 4 6 7 8 9 10 11 12 16 17 18 19 20 
active=14: 2 3 4 6 7 9 10 11 12 16 17 18 19 20 
active=13: 2 3 4 6 7 9 10 11 12 16 17 19 20 
active=12: 2 3 4 6 7 9 10 11 12 16 19 20 
active=11: 3 4 6 7 9 10 11 12 16 19 20 
active=10: 3 4 6 7 9 10 11 16 19 20 
active=9: 3 4 6 7 9 10 16 19 20 
active=8: 3 4 6 7 9 16 19 20 
active=7: 3 4 6 7 9 16 20 
active=6: 3 4 6 7 9 16 
active=5: 4 6 7 9 16 
active=4: 4 7 9 16 
active=3: 4 7 9 
active=2: 4 9 
active=1: 9 
