0.000000 0.500000 0.500000
1.000000 0.578100 0.576000
2.000000 0.565200 0.577300
3.000000 0.563200 0.606000
4.000000 0.570400 0.610400
5.000000 0.575100 0.635500
6.000000 0.562900 0.637800
7.000000 0.565200 0.645100
8.000000 0.564700 0.649500
9.000000 0.567400 0.653900
10.000000 0.553700 0.672600
11.000000 0.546700 0.667100
12.000000 0.558400 0.681900
13.000000 0.547300 0.683900
14.000000 0.534900 0.686700
15.000000 0.526800 0.695900
16.000000 0.530100 0.694700
17.000000 0.512300 0.704100
18.000000 0.512400 0.705800
19.000000 0.503900 0.714700
20.000000 0.508500 0.720100
