1 -0.278031144895 0.991837538528
2 0.210713829024 0.841351171555
3 -0.128153341060 1.112950059592
4 -0.183275898502 0.946588008314
5 -0.153848254142 0.953366908306
6 -0.011406773098 1.044757699679
7 0.024518142018 0.981477311638
8 -0.050737621620 1.056847211400
9 -0.028745444171 0.926177369949
10 0.161857559745 0.922200807113
11 0.158868803673 0.882720962852
12 0.108264765782 1.059210425005
13 -0.081030946194 1.030563765236
14 0.102941983398 0.985857920116
15 0.088990488796 0.964340779552
16 0.174251946244 0.846385244845
17 0.152190931493 1.039250001573
18 0.055475246686 0.898304044318
19 -0.016383372605 1.054219364611
20 0.025666688715 0.910238205412
21 -0.023848622751 1.005347615593
22 0.186541761577 0.990616937118
23 0.076464482037 0.954190911005
24 0.096244441535 0.941563957342
25 0.001251987114 0.929949591194
26 -0.101674314865 1.045938975865
27 0.080976191622 1.039055731434
28 0.015011165028 0.932156105147
29 -0.036795051833 1.000014242551
30 0.185978943879 0.783840135459
31 -0.111620695287 0.939928627706
32 0.103688013417 1.048260159580
33 -0.162647435782 1.075419442090
34 0.165027347353 1.004053970915
35 0.196269435877 1.046293458034
36 -0.204871773604 1.021554998187
37 -0.060432108316 0.973769864905
38 -0.162816507490 1.035339683260
39 -0.159970900085 0.876396187386
40 0.257210980026 1.147536653782
41 -0.214412187527 1.188061512771
42 0.227257477896 0.948572175166
43 0.092402133001 1.105729465823
44 0.007803967281 0.963754929230
45 0.128634627678 1.008037662842
46 -0.032529551700 0.937842974073
47 0.126905287022 1.050613590900
48 -0.178758521138 0.911007690767
49 0.150043410507 0.901462715855
50 0.087675764905 1.228237556024
51 -0.214418789534 0.795171641035
52 -0.105412488647 0.799576640694
53 -0.082295397586 0.835436549040
54 0.035345001088 0.989445706613
55 -0.049453833353 0.911583959350
56 0.159265378757 0.940995310990
57 0.043373245076 0.951226547701
58 -0.027760377951 0.900118261515
59 -0.000715711034 1.074795708456
60 0.099257505761 1.018714513907
61 0.034998822630 0.891419418863
62 0.218053271925 1.029471561820
63 -0.289925983146 0.942210718651
64 0.223070104754 0.869778485276
65 -0.066145572694 1.210999241080
66 -0.031076970980 1.224857000332
67 -0.048074408333 1.030274305287
68 0.125585444299 0.726923498187
69 0.163733860389 1.022519095448
70 0.147460453186 1.046530042991
71 0.156179290416 1.028703258421
72 -0.099344049236 0.864749783047
73 0.033677498009 0.942445647628
74 0.014463563117 1.121550239495
75 -0.249888357315 0.931299723073
76 0.199683825421 0.806148940020
77 0.048579885416 0.901447769337
78 0.037203933943 0.972981328890
79 0.127339376776 1.017450939554
80 0.056329190383 0.995548235540
81 0.130662942599 1.127104585692
82 -0.076528859831 1.019223851148
83 0.194299117277 1.022652209215
84 -0.037295876799 0.976926513830
85 0.038679837809 0.976388189957
86 -0.330530657783 1.200789004942
87 0.073710474608 1.273294272179
88 0.070718456665 0.982146485361
89 -0.074543737505 1.064555865937
90 0.103894290673 1.051708100046
91 -0.106787541998 1.036622578366
92 -0.035421817940 0.920491102536
93 -0.100131284630 0.951584733543
94 0.010146297138 0.884839220230
95 -0.085215928983 1.056755910760
96 -0.291120305797 0.975433773915
97 -0.155936993378 0.882483300271
98 -0.001217353466 0.996694522912
99 0.009375508322 0.848521405268
100 0.202644747755 1.141962308261
