0.000000 0.500000 0.500000
1.000000 0.727500 0.727045
2.000000 0.681818 0.706818
3.000000 0.724318 0.776818
4.000000 0.756818 0.843409
5.000000 0.755000 0.829091
6.000000 0.762955 0.849545
7.000000 0.758636 0.852955
8.000000 0.790000 0.879773
9.000000 0.780455 0.895000
10.000000 0.774091 0.905000
11.000000 0.786136 0.927955
12.000000 0.788182 0.949545
13.000000 0.782955 0.945455
14.000000 0.777500 0.946136
15.000000 0.770909 0.947727
16.000000 0.786818 0.962273
17.000000 0.753636 0.961364
18.000000 0.747045 0.960682
19.000000 0.730227 0.967045
20.000000 0.732273 0.964318
21.000000 0.734545 0.964091
22.000000 0.723864 0.966136
23.000000 0.727500 0.971136
24.000000 0.734091 0.977273
25.000000 0.729773 0.975682
26.000000 0.699318 0.979773
27.000000 0.713636 0.979091
28.000000 0.705909 0.978864
29.000000 0.698409 0.978864
30.000000 0.697500 0.983636
31.000000 0.709545 0.980682
32.000000 0.713182 0.978636
33.000000 0.697727 0.983864
34.000000 0.690455 0.982727
35.000000 0.683636 0.983864
36.000000 0.677955 0.982727
37.000000 0.675682 0.987955
38.000000 0.655682 0.986818
39.000000 0.657045 0.989318
40.000000 0.651591 0.984773
41.000000 0.646818 0.986818
42.000000 0.645000 0.986818
43.000000 0.635227 0.989545
44.000000 0.632273 0.990455
45.000000 0.626364 0.993409
46.000000 0.615682 0.990682
47.000000 0.608409 0.992273
48.000000 0.611364 0.993182
49.000000 0.596591 0.995000
50.000000 0.601364 0.995227
51.000000 0.586591 0.995682
52.000000 0.595000 0.995682
53.000000 0.574773 0.997727
54.000000 0.579318 0.997045
55.000000 0.571364 0.996591
56.000000 0.569091 0.997500
57.000000 0.549545 0.998636
58.000000 0.555227 0.998636
59.000000 0.555227 0.997727
60.000000 0.543409 0.999545
