N=50
P=30
R=2
1 0.470847 0.694996 1.240498 0.561372 0.749920 -0.690549 2.011768 1.275845 0.025363 0.821090 1.737288 1.705517 1.222967 1.266117 -0.274174 0.127284 -1.940511 0.262577 1.871067 -1.077025 -0.173620 0.220750 0.341740 0.742862 -0.166604 1.462261 0.611419 0.266907 -0.841498 0.021062 0.233767 1.000000
2 -0.674778 NA -1.350729 -0.265959 -0.410129 -0.272248 -0.013604 1.153079 -0.780215 0.492192 0.887144 0.192652 0.242363 -1.308976 NA -1.985094 -1.367798 0.660088 0.209718 -0.675910 1.402650 -0.443128 0.838369 2.309302 0.067445 1.332913 -0.270235 2.298392 -1.121542 -0.223908 4.286757 0.000000
3 0.572812 -0.511141 0.831016 -0.745933 -0.048486 -0.447039 0.703851 -1.532637 -0.028102 -0.616298 -0.213582 -0.819827 -0.457633 -0.564163 0.142910 0.715691 -0.117071 -0.114520 0.522096 -0.958197 -0.794562 0.977918 -0.937834 1.657726 0.969754 -0.445361 1.085740 -1.803150 1.895274 -1.412692 3.045476 0.000000
4 -1.769798 -1.296182 -1.077795 -0.008682 -1.577233 NA -0.129981 -1.598725 -0.647711 0.604047 -0.250391 -1.461096 0.659361 -0.740720 2.539859 0.129262 -1.451478 -0.984424 0.232118 1.139632 0.730678 0.889688 1.240374 -0.578231 1.739389 0.690614 0.422159 0.955782 0.648358 0.219374 10.515257 0.000000
5 1.037095 0.127604 -0.873815 0.673300 0.067229 1.631583 -1.072662 1.419897 -1.822522 0.805420 0.941606 -0.558615 0.236063 NA -1.073446 0.831168 0.225307 -0.139296 -0.129585 -0.777185 0.143896 -0.256273 0.852253 0.722541 -0.942141 0.782020 -1.818403 0.036571 1.553309 -0.097099 4.398368 0.000000
6 0.491038 0.339603 0.933826 -0.972425 NA -0.455423 -0.892954 0.025512 -0.723406 0.304751 0.492965 -0.408098 1.545734 0.671396 -0.193562 -0.922819 -0.169380 0.343631 -0.227823 0.206689 -0.884918 NA 0.154546 0.047014 -1.263027 1.441752 1.888171 -0.014286 -1.295312 0.207518 0.112337 1.000000
7 -0.971214 -0.917350 -1.287602 0.495728 1.176480 0.008184 0.525073 0.779310 -0.217108 -1.920437 0.181635 0.758427 -0.201164 0.579936 -1.869134 0.041131 0.740870 -0.941374 0.458515 -0.156780 -1.620373 0.283891 NA 0.664822 -0.430494 -0.193439 -0.666882 -0.159768 0.839333 1.962201 2.903235 0.000000
8 -1.229653 -2.072699 NA 0.845519 -1.144211 -0.763954 2.145194 -0.749398 -0.748293 -1.838008 -0.363598 -0.950935 1.000415 1.076119 0.935173 -1.723133 NA 0.654029 -0.508583 -0.267466 0.487943 2.271598 1.181505 0.436005 0.088026 0.081492 0.563835 -0.166190 -1.142438 1.131719 0.230710 1.000000
9 NA -0.153731 0.335920 NA -0.917386 0.133389 -1.309321 -0.284520 -1.775495 0.192227 -0.478974 0.528107 -0.274090 -0.311479 -1.082395 -0.096288 -0.559777 0.643280 -0.182424 -1.121223 -0.217259 -0.175984 NA 1.179154 -1.648987 NA -0.973210 -1.458076 0.299783 0.303065 1.378886 0.000000
10 1.253590 1.725809 -0.419536 0.274647 -0.191853 1.433666 1.583023 NA 1.146647 0.928075 -1.780420 -0.271292 -0.200947 0.264707 0.389045 0.462685 2.401555 1.298409 -0.769885 0.712637 0.607092 0.257115 0.472159 -1.170332 0.038865 0.018867 0.872745 -0.785818 1.137876 -0.375945 10.156316 0.000000
11 NA NA 0.808349 1.916265 NA 0.103920 -0.525610 -1.441602 0.839506 0.381574 0.409580 -0.558735 1.521968 2.983587 0.589006 NA -0.518043 0.158756 -0.237666 0.545380 -0.474364 NA NA -0.231095 -0.101619 0.094374 0.528355 -0.228369 -1.075701 0.097578 0.016195 1.000000
12 0.200006 0.048856 0.717533 0.111975 -1.265368 0.042102 -2.090149 -1.474001 0.525610 -0.684438 0.490214 -0.109557 -1.355934 NA 0.844486 -0.086906 1.057083 0.620395 0.611631 0.913084 -0.490106 -0.814319 -0.070444 -2.156313 -0.639892 0.095048 -1.023670 NA -1.381060 -1.342548 4.552439 0.000000
13 -0.842779 -0.820957 -1.410480 0.249137 1.054278 -0.191357 1.623419 0.696467 -1.417450 1.472939 0.537130 -0.800807 -1.427656 -1.208806 -0.287734 -0.417687 -0.680120 -0.980770 -0.022483 -1.159111 -0.047581 0.012961 1.141436 -1.591414 -1.268935 -0.569270 -0.261515 1.184880 1.634119 0.291596 8.361573 1.000000
14 0.360510 0.397299 0.732981 0.882872 -1.030745 -0.378233 NA 0.333947 -0.540907 1.040035 -3.103171 -0.390036 1.518538 1.733646 -0.002406 -2.303853 -0.789739 -0.078329 NA -2.060670 -0.379583 -0.961886 -0.114560 0.167151 1.082846 0.967154 -1.146770 0.263861 -0.049597 -1.106349 0.011180 1.000000
15 0.729475 0.698643 0.863899 -1.655011 -0.254795 2.132561 -1.193727 -0.295527 0.095436 -1.140014 0.720244 -1.034313 0.349481 2.420817 1.944938 0.583344 1.119318 -0.106668 1.832664 -0.276419 -0.525141 -1.228121 -1.130641 1.548344 -0.971070 -0.970840 0.781901 1.572464 -0.260828 0.850310 1.762517 1.000000
16 0.259075 1.466719 0.373830 1.033821 -0.024506 -2.204459 0.887268 1.832545 0.954018 NA NA 1.507266 -0.685583 -0.028149 1.762055 -0.565098 -0.139376 0.858712 -0.448570 0.472489 -0.796650 -0.354178 0.257863 2.385849 -2.152721 -0.576345 NA 3.075021 0.609910 0.457892 0.596769 1.000000
17 0.647047 0.645549 1.438864 -0.320915 1.201822 0.823049 -0.136209 -0.683664 -0.521960 -1.028451 1.103980 0.460084 NA -0.362063 0.114836 0.395123 -0.610055 0.674018 -0.267991 -0.757883 1.135971 -0.041618 NA NA 1.280592 1.562128 -1.238425 3.381580 0.181934 1.267795 0.069276 1.000000
18 0.604005 -0.525738 1.288433 -0.330903 -1.248354 -0.176984 0.500983 1.109947 NA -0.303159 -0.719343 -0.360794 1.732297 1.297291 0.229801 -0.856803 -0.309757 0.341086 0.010049 NA -0.500858 -0.366861 2.450959 0.705786 1.184443 -1.582177 0.053955 1.175879 1.219775 0.535551 0.304262 1.000000
19 -0.155049 -1.628962 -1.932284 1.253944 -0.585882 -0.545968 0.564386 1.083026 0.083139 NA -0.443628 -1.287071 1.744162 0.167481 NA NA 0.142679 0.524300 1.540650 1.340281 -0.532899 0.284608 NA -0.485229 -0.971917 -0.343865 -1.190341 -0.303185 -0.966745 0.526913 11.808522 0.000000
20 1.129586 0.250618 -0.735356 NA 0.056694 1.878308 -0.865303 -0.028484 -0.122273 0.263387 2.128089 1.243865 1.406164 -0.821836 -0.579016 0.068603 -0.917332 -0.819731 1.874988 NA 0.804225 0.439195 NA 0.389816 0.052472 -0.031555 0.302743 0.987725 -0.705970 1.488389 0.540581 1.000000
21 -0.277405 -0.040490 0.832901 -0.559772 -0.802489 -0.885412 -0.557245 -0.340442 0.214693 0.425840 0.449149 0.199089 -0.261976 -0.687030 0.676398 0.453862 0.618663 -0.557630 -0.748323 0.482690 -1.763960 -0.068582 NA 1.416626 0.063164 -0.000005 -1.870897 -1.155476 0.888407 -0.187497 8.548607 1.000000
22 0.202460 0.281511 0.852631 0.713059 0.769345 0.386200 -0.914529 0.324029 -0.692986 0.261874 -0.885603 0.403409 -0.452660 0.574381 -0.902062 -0.277952 -1.047676 -1.680940 -0.420319 -0.746031 0.962971 0.026764 2.569818 -0.456385 -0.592273 0.851774 0.772718 -0.975947 -0.376056 -1.281786 0.009347 1.000000
23 -1.138647 1.158407 0.034092 NA -0.915928 -0.530751 -0.573717 1.659042 -1.407299 -0.647887 -0.410467 -0.887683 -1.736624 0.550623 0.679758 1.185018 0.629305 1.404035 NA -1.394938 0.687959 -0.177568 NA 0.041609 1.161488 1.445396 0.264067 0.040913 -0.312747 0.084836 3.802237 0.000000
24 1.195783 1.286706 -0.171876 0.821638 -0.190811 0.505993 NA 0.733173 -1.462274 0.213672 -0.941879 0.409359 -0.541546 0.135185 -0.002891 0.360991 1.879842 0.502066 -0.947785 -1.209125 0.217383 -0.412085 0.206912 -0.538693 -2.081439 -0.996372 -0.032971 0.017934 0.460607 0.590387 0.575124 1.000000
25 -0.404864 NA 0.542726 0.045971 0.479664 -0.589745 2.406763 -0.540456 2.024109 0.404668 0.371969 -1.920710 -2.660923 -1.997273 0.891276 0.614771 0.002979 0.191474 -0.716463 0.949703 1.524157 -0.834463 -1.798951 -0.736362 -0.779567 0.234647 0.699482 -2.204985 0.353977 0.617967 2.597845 0.000000
26 0.064867 1.869360 -0.265115 -0.247103 1.616081 0.909357 0.505494 -0.219529 -1.040174 1.260682 1.046731 -1.299107 2.123712 -0.520381 -1.577236 NA 0.225869 2.212369 0.540264 2.006224 0.724768 0.553480 0.449801 1.017658 -0.266785 0.296203 -1.245312 -1.734109 2.453136 -0.249661 8.653065 0.000000
27 1.652345 -0.595978 0.892073 0.189665 -0.578596 -0.121286 1.232337 -1.187390 -1.088207 1.965296 -0.885832 2.091500 -0.431457 -1.761520 -0.993120 -0.200351 1.531062 0.504318 -0.392921 -0.961523 -2.186478 2.676166 -0.422004 -1.710370 -0.024715 1.633371 1.568580 0.657198 -0.864803 -0.599065 11.643236 0.000000
28 0.711101 -1.881252 0.631333 -2.118617 -0.688595 0.869395 1.034312 -0.744990 0.503974 -0.378376 1.068650 -0.616636 -0.145426 0.884531 0.566870 -0.840741 0.873011 0.183945 -0.445251 0.588464 -0.484530 1.563884 0.092752 -1.023001 0.144832 -1.164146 -0.636328 0.751176 0.754395 0.807864 9.594637 0.000000
29 0.565182 -0.430708 0.552778 0.473707 -0.620215 -0.060897 0.130357 -0.439925 0.625217 -0.576550 0.699229 1.199921 -1.509751 -0.971035 NA 0.529544 -1.627483 0.063528 -0.694316 1.675628 0.141085 NA 0.093321 0.903771 -1.165101 -0.719884 -1.150187 1.915130 0.169577 -0.785310 0.265761 1.000000
30 2.124164 0.552994 -0.555137 0.102755 0.909052 -0.358821 -1.330116 -0.045697 -1.557077 -0.361672 1.854383 -0.514529 -1.350246 -0.659210 0.252411 0.346613 -0.530456 1.111160 -0.969970 0.398799 0.360512 2.200747 0.360062 0.043289 -1.138454 NA 0.311422 -0.632366 1.379445 -1.588164 0.038830 1.000000
31 NA -0.395111 NA 0.540296 0.055464 -0.141603 -1.184105 1.348757 3.107641 -1.166390 -0.455923 -1.429113 0.458403 -0.630659 -0.611009 0.102868 1.710627 -0.211903 -0.496359 -0.619532 1.439586 -1.019640 -0.627860 1.451325 0.030489 NA -0.347684 0.439849 -0.699593 -2.101724 4.005278 0.000000
32 -1.662536 1.488328 0.604321 -2.234244 -0.128325 -1.563362 -0.081050 0.424172 1.228633 -1.252350 0.298217 -2.119231 -1.078913 -0.065206 -0.792877 -1.185583 -0.274837 -0.864453 -0.285949 1.670947 -0.047795 -1.944033 -1.200474 0.434198 0.021376 1.724228 -0.721705 0.019110 0.299805 -0.460860 6.679325 0.000000
33 -1.472606 -0.460500 -0.257402 0.037200 0.984606 NA NA -0.096658 -0.877046 -1.191939 -1.791617 -1.010621 NA -1.518302 0.446153 -0.665226 1.355877 -1.485599 -1.056601 -0.852484 -0.501851 1.194465 -1.624162 0.401892 -1.261421 0.402376 1.716425 -0.878370 -1.011460 -1.012648 5.979571 1.000000
34 0.517263 0.694182 2.646067 -1.272567 -0.648852 -0.403223 0.081376 0.976296 -0.111122 1.345512 -0.691524 -0.345891 -0.088990 -0.097484 0.036071 0.625038 0.553235 -1.041203 -0.511093 -0.045694 -0.755450 1.691651 0.013991 -0.211517 -0.520262 0.290970 -0.183509 1.334905 -1.282417 -0.793135 2.195340 0.000000
35 NA -0.085525 1.400454 -0.475919 0.010814 -0.591911 -1.552387 -2.119296 0.474332 -0.224678 0.523985 0.467661 -0.338615 -1.341414 0.082334 -0.632259 -0.430696 0.627483 -0.098720 -0.103516 -0.419682 1.434438 -2.265207 -0.732345 -1.574077 0.227214 0.230467 -0.797500 -1.162366 -0.312698 0.228540 1.000000
36 1.239097 -0.794829 0.209326 NA 0.260171 NA -0.188111 -1.665113 -0.803399 0.681454 -0.166912 1.116250 2.287817 -0.057881 -0.092046 0.860428 0.485116 -0.759007 0.485904 -0.024016 1.703402 0.574771 0.473382 -0.676006 NA 1.948119 0.909717 0.364273 0.218156 -1.026273 0.467515 1.000000
37 -0.950023 1.004235 1.047081 -1.132024 -1.000182 -1.963001 -1.219994 0.555634 0.217534 1.759799 -0.251251 -0.238854 1.557634 -1.927726 -1.358012 NA 1.124876 -0.744233 0.532004 -0.630288 -0.071226 1.973297 -1.024541 -1.561360 0.165426 -0.758953 0.153045 -0.376506 0.147776 -2.733338 11.242357 0.000000
38 0.375183 -0.212131 0.136694 0.220058 -0.349100 -0.037702 0.331835 -1.393852 -0.965238 -0.414121 -1.196836 0.491157 -0.770376 NA 0.164748 0.416947 -1.773016 -0.141727 NA -1.147054 1.014572 -1.081071 -0.177762 -0.035611 0.825854 -0.611870 0.076672 -0.377499 0.552362 -2.021568 0.161393 1.000000
39 1.302213 NA 1.645218 1.616133 0.530580 -0.598668 -0.748432 -1.042314 -0.531532 -0.443729 -1.051749 -1.315784 0.607006 -0.069520 -0.032436 0.821144 1.105502 -0.666887 -0.906571 1.362818 -0.907640 -1.198873 0.936689 0.167092 -0.672964 -1.100180 0.960503 NA 0.029918 -0.531823 0.211935 1.000000
40 -1.217981 0.441835 0.916079 -1.476378 0.941758 -0.023645 -0.089298 -1.318191 -0.888745 0.189783 1.848344 0.724845 -0.167474 1.168404 -1.131497 -0.684576 0.911684 0.071736 -0.232802 0.768716 -0.687291 1.973072 -0.460629 -2.048207 -0.784721 0.757229 0.153932 0.233177 -0.041268 NA 1.804782 1.000000
41 -1.092112 -1.029464 -0.557915 -0.810711 -0.149932 0.870088 0.149692 -0.921860 NA -1.563197 1.210773 0.694921 -0.181181 0.332578 1.484859 0.876817 0.086111 1.524860 0.952471 -0.094837 0.301292 -0.069359 0.650648 1.697269 -0.386166 0.596750 1.110093 0.911084 -1.475864 0.492401 0.295287 1.000000
42 -2.414652 1.133583 1.564629 -0.044859 -1.997943 0.609341 -0.431604 -0.691122 0.502379 -0.823120 0.597204 -1.731480 -0.132689 -1.779175 -0.160947 1.234293 -0.006358 -0.718584 0.595840 -0.013971 1.706231 -1.201660 2.117539 -0.271638 -0.925556 0.022288 0.531390 0.469490 -0.088989 1.057571 11.271558 0.000000
43 0.988507 0.239336 -0.281040 0.410539 -0.501216 -1.468655 0.742832 0.736844 0.122003 -0.301150 -2.299553 -2.128433 NA 0.396235 -1.048618 -0.861575 -1.254044 -0.417523 0.013407 1.620011 0.948757 -0.729600 0.659049 -1.196770 -0.466999 -0.176164 -1.022146 -1.037792 -0.892487 -2.374908 10.596595 0.000000
44 1.282354 -0.511121 0.549999 -0.018996 -0.190747 0.619829 -1.396639 0.638610 0.516626 0.506227 -0.398084 -0.664354 -0.938628 NA -0.874223 1.747391 0.291678 0.410674 -0.574486 0.896360 -1.154421 0.030822 -1.209078 -0.938954 -1.690905 0.716219 0.041796 2.469912 -0.690253 0.202554 1.710024 0.000000
45 0.225248 0.325937 1.141390 0.081228 1.074882 0.355452 -0.834898 NA 0.021868 0.055632 1.292584 -0.282395 -0.334353 -0.887271 -1.135552 -0.115846 0.037295 0.076487 -0.520201 0.590629 NA 0.749721 -1.077449 -0.251203 -0.012314 0.571916 0.658414 -0.158020 0.769996 -1.572601 0.335269 1.000000
46 -0.961305 0.066603 -0.389204 0.066112 -0.177367 0.806710 0.325647 1.494321 1.507368 -1.063379 1.131546 -0.737752 -0.173700 0.556215 -0.133847 0.102159 0.418784 -0.030276 0.251346 0.257871 0.331861 -1.238700 -0.056581 -0.206228 NA 0.117724 NA 0.530090 -0.086746 1.881254 8.040913 0.000000
47 -1.183225 -1.120623 -0.364032 0.353798 -0.517919 0.597958 -0.136353 -0.301364 -0.973811 -0.166783 1.100707 0.094033 -3.316131 0.637701 -0.565302 0.135958 -1.010918 0.195803 0.362549 0.366065 0.643857 0.066440 0.467811 -0.084579 0.039294 -0.669741 1.309133 -0.892329 -0.514635 1.481334 2.531245 0.000000
48 -1.124699 1.535310 -0.982974 0.240379 -0.722616 0.291173 0.910749 -2.754983 0.517391 1.798525 -0.811557 -0.380263 0.590537 -0.934044 -1.014435 0.015617 -0.756998 NA -0.967974 -0.274003 -0.354880 -0.028857 0.387635 NA -1.298829 NA 1.582515 0.375086 -0.069681 -0.091541 4.661767 1.000000
49 1.038274 0.792403 0.248929 -0.876031 0.871118 -1.050775 0.644462 0.795435 0.706113 -1.748921 -1.658490 -0.473579 -0.676582 -1.031884 0.550122 -0.099548 -0.104145 -1.764656 -0.195524 -0.115685 1.168535 1.419707 -0.059489 1.187888 1.706628 -0.118921 -2.562423 0.007374 -0.372069 0.033384 0.434821 1.000000
50 0.094112 0.305200 NA -0.073430 0.215749 -1.746444 1.602527 0.802155 1.630775 0.285672 0.439345 0.859504 -0.238704 -1.493466 -1.125938 -0.250674 1.100941 0.071112 0.934557 NA 1.715933 -1.879809 -1.283174 -0.538662 -2.511491 1.168142 0.278803 0.534247 -0.140073 -0.310938 8.153345 0.000000
uncorrelated Gaussian covariates
missing covariate fraction: 0.050000
no latent classes
   lambda(t|risk 1)=C, <t>=4.000000 for zero covariates
   risk 1: beta[1]=0.500000
   risk 1: beta[2]=0.500000
   risk 1: beta[3]=0.500000
   risk 1: beta[4]=0.500000
   risk 1: beta[5]=0.500000
   risk 1: beta[6]=-0.500000
   risk 1: beta[7]=-0.500000
   risk 1: beta[8]=-0.500000
   risk 1: beta[9]=-0.500000
   risk 1: beta[10]=-0.500000
   risk 1: beta[11]=0.500000
   risk 1: beta[12]=0.500000
   risk 1: beta[13]=0.500000
   risk 1: beta[14]=0.500000
   risk 1: beta[15]=0.500000
   risk 1: beta[16]=-0.500000
   risk 1: beta[17]=-0.500000
   risk 1: beta[18]=-0.500000
   risk 1: beta[19]=-0.500000
   risk 1: beta[20]=-0.500000
   risk 1: beta[21]=0.000000
   risk 1: beta[22]=0.000000
   risk 1: beta[23]=0.000000
   risk 1: beta[24]=0.000000
   risk 1: beta[25]=0.000000
   risk 1: beta[26]=0.000000
   risk 1: beta[27]=0.000000
   risk 1: beta[28]=0.000000
   risk 1: beta[29]=0.000000
   risk 1: beta[30]=0.000000
uniform censoring on time interval [1.000000,12.000000]
