1 -0.021957230000 0.926258553437
2 -0.031897020000 1.133548045097
3 -0.057734440000 0.894766947892
4 -0.138125570000 1.095639889609
5 -0.042673870000 1.066449666239
6 0.054565680000 1.004444276256
7 -0.038689740000 1.070707473015
8 0.104171010000 0.952734223046
9 -0.177453330000 1.069948823044
10 0.145820650000 1.054556651053
11 0.116884010000 1.092711518756
12 0.085150670000 1.035508246218
13 -0.001366730000 0.990677041964
14 -0.009332810000 1.083036045358
15 0.009627190000 0.984941307420
16 0.140746730000 0.930962219366
17 0.130724300000 0.938690547877
18 -0.044525130000 0.903389394136
19 0.029987950000 0.909771713950
20 0.097344790000 0.896765822856
21 -0.186352190000 1.104380381373
22 -0.046161350000 0.991211800684
23 -0.095589320000 1.003397901604
24 0.038752830000 0.914614344300
25 0.007427430000 1.048585246356
26 0.315255930000 0.783429288658
27 0.102503060000 1.079437234507
28 -0.152556640000 0.947966929395
29 0.041941580000 0.979416098371
30 -0.055290650000 1.064260222129
31 0.038241670000 0.889266867128
32 0.248590580000 1.146508744864
33 -0.042108140000 1.039203407340
34 0.086733180000 0.949408505980
35 -0.056019060000 0.864525802351
36 -0.047551030000 0.981383498940
37 -0.020554870000 0.912152340184
38 0.113907210000 0.961949301893
39 -0.011411980000 0.900152893887
40 -0.073241860000 1.071715584916
41 0.081980760000 0.914107499259
42 0.193010800000 1.016497713921
43 -0.182444720000 1.065046191390
44 -0.115040930000 1.063651538342
45 -0.139487110000 1.033680919150
46 0.121285100000 0.990640784353
47 -0.038271480000 0.986601578133
48 -0.051391130000 0.993322645930
49 -0.024008200000 1.050373876708
50 0.043169740000 0.938042123512
51 0.109843610000 0.892671869197
52 0.030266520000 0.921736901724
53 0.108273160000 1.093903008199
54 0.028532170000 0.986665504614
55 -0.222427320000 1.073957666244
56 0.025042790000 0.894951230612
57 0.016870040000 1.014330044407
58 -0.000282270000 1.089705352244
59 -0.052325430000 0.974628565881
60 -0.003690050000 0.944738560923
61 -0.058331460000 0.997462745511
62 0.237559390000 0.876182187368
63 -0.212010860000 0.931303352711
64 -0.091670720000 0.902354946514
65 0.062880100000 0.911932336564
66 0.023097590000 1.106038867921
67 0.087145060000 0.898461746322
68 0.193728390000 1.023318339761
69 0.078362920000 0.970643689607
70 0.134288440000 1.058728964857
71 0.018180460000 1.131275438892
72 -0.089115710000 1.011909975080
73 -0.175796200000 0.992632875180
74 -0.030888330000 1.151811285643
75 -0.039311010000 0.950513952209
76 0.029199410000 0.998755845672
77 0.107292070000 1.070923678787
78 0.116331140000 1.020077843151
79 0.113753200000 1.064297884166
80 0.102957220000 0.985937828417
81 0.054826100000 1.010299416220
82 0.166313330000 0.927338435001
83 -0.112807980000 1.091584141388
84 0.013752050000 0.905382009299
85 0.131991340000 0.987456472409
86 -0.130959690000 0.901792514824
87 0.039047350000 1.058935953182
88 -0.101764620000 0.926895405053
89 0.034692860000 0.910245488330
90 -0.077815290000 1.114214454133
91 0.008555630000 1.096830612930
92 0.041198000000 1.113801506431
93 -0.142309950000 1.115293796184
94 0.071377730000 1.056320691873
95 0.002782770000 0.967786962989
96 -0.074603530000 0.936669558437
97 -0.025001740000 0.907212582365
98 0.020603810000 1.070988187381
99 -0.023364040000 1.175224777641
100 0.220376160000 1.006709123871
