1 0.074347279570 1.025952030071
2 -0.094686705882 1.027623462967
3 0.041109544041 0.968947767589
4 0.018929654450 1.011205239180
5 -0.005896365079 1.032726497694
6 -0.057830326203 1.019768915353
7 0.016011030769 1.083855276660
8 0.196809187500 1.023246033773
9 0.045218566138 0.988251613172
10 -0.000177259259 0.977519983411
11 -0.042290120419 1.076374030160
12 -0.087353121053 1.011548758721
13 0.032144352941 0.896404085946
14 -0.068351904762 1.075192745797
15 -0.002213441489 0.954739108941
16 0.020185000000 1.013960438758
17 0.011739182796 1.052602676004
18 0.015633214286 1.023268534465
19 -0.125196270833 0.970893421704
20 0.008619187500 1.003293009915
21 -0.021291000000 1.059587381668
22 0.026836735450 1.076422384918
23 -0.017937296296 0.959551780814
24 -0.038521989899 0.967314617288
25 -0.076712460733 1.017318248996
26 -0.076773632124 1.017350295085
27 -0.021856284946 1.025523109504
28 -0.150077898936 0.937164514016
29 0.089142312500 1.006685158289
30 0.012784695652 0.973802797659
31 -0.023112526882 0.962170627081
32 0.048338204301 1.002909170488
33 -0.008045000000 1.052875342806
34 0.039160937500 1.091141014616
35 -0.051798968750 1.000098105549
36 0.163097687179 1.003638992097
37 -0.070826807487 0.974620812899
38 0.034267816754 0.972416468242
39 -0.012689710526 0.947185505282
40 0.056190379487 1.035011431976
41 -0.010077761905 1.006929318206
42 -0.165486829787 1.076313316830
43 -0.027681777778 0.921140239243
44 -0.122103911458 0.970085001381
45 -0.058393870270 0.986118743370
46 -0.009112392670 0.956472751853
47 -0.032623940860 0.989316958161
48 -0.079904571429 1.000040190995
49 0.003744176166 1.069117411396
50 0.006492816754 0.976574284945
51 -0.028182822917 0.981317838620
52 0.041855397959 0.924755684951
53 0.017781866310 1.075956046160
54 -0.047258794737 1.012985878324
55 0.048510569149 1.053614266980
56 -0.021641531579 0.921939408404
57 -0.057737126984 0.964765140270
58 -0.051323595855 1.013935355681
59 -0.079121873684 0.999331418923
60 -0.077932211957 0.872739937262
