0.000000 0.500000 0.500000
1.000000 0.718100 0.720300
2.000000 0.637800 0.655800
3.000000 0.634500 0.651400
4.000000 0.649500 0.672300
5.000000 0.658600 0.701800
6.000000 0.677700 0.705400
7.000000 0.697100 0.742900
8.000000 0.686400 0.738200
9.000000 0.729800 0.785200
10.000000 0.763200 0.812100
11.000000 0.752900 0.811000
12.000000 0.766000 0.821000
13.000000 0.763800 0.830200
14.000000 0.764800 0.825600
15.000000 0.760400 0.817100
16.000000 0.752600 0.823700
17.000000 0.745400 0.823500
18.000000 0.733300 0.825600
19.000000 0.732400 0.826100
20.000000 0.729100 0.827000
21.000000 0.728800 0.832100
22.000000 0.714000 0.838100
23.000000 0.711200 0.838500
24.000000 0.702800 0.843900
25.000000 0.703700 0.845600
26.000000 0.699600 0.852000
27.000000 0.695600 0.852000
28.000000 0.676900 0.858000
29.000000 0.679300 0.858100
30.000000 0.679300 0.857800
31.000000 0.672900 0.854900
32.000000 0.674900 0.857300
33.000000 0.669000 0.866300
34.000000 0.669800 0.861200
35.000000 0.656100 0.871900
36.000000 0.654400 0.871600
37.000000 0.651100 0.875000
38.000000 0.649700 0.876600
39.000000 0.645100 0.882100
40.000000 0.637400 0.879000
