active=20: 1 2 3 4 5 6 7 8 9 10 11 12 13 14 15 16 17 18 19 20 
active=19: 1 2 3 4 5 6 7 8 9 10 11 12 13 14 15 16 17 19 20 
active=18: 1 2 3 4 5 6 7 8 9 10 11 12 13 14 15 17 19 20 
active=17: 1 2 3 4 5 6 7 8 9 10 11 12 14 15 17 19 20 
active=16: 1 2 3 4 5 6 7 8 9 10 11 12 14 17 19 20 
active=15: 1 2 3 4 5 6 7 9 10 11 12 14 17 19 20 
active=14: 1 2 3 4 5 6 7 9 10 11 12 17 19 20 
active=13: 1 2 3 4 5 6 9 10 11 12 17 19 20 
active=12: 2 3 4 5 6 9 10 11 12 17 19 20 
active=11: 2 3 4 5 9 10 11 12 17 19 20 
active=10: 2 3 4 5 9 10 11 12 19 20 
active=9: 2 3 4 5 9 10 11 12 20 
active=8: 2 3 4 5 9 10 11 12 
active=7: 2 3 4 5 9 10 11 
active=6: 2 4 5 9 10 11 
active=5: 2 4 5 9 10 
active=4: 4 5 9 10 
active=3: 4 5 9 
active=2: 4 9 
active=1: 4 
