1 0.051736792238 0.864501789257
2 -0.010755592357 1.053520763141
3 0.221533261516 1.005490624425
4 -0.041953950739 0.934189474276
5 0.192991379356 0.988415467007
6 0.107603416975 1.025017494145
7 -0.086228299986 1.115742759866
8 0.130782727241 0.995890225940
9 -0.078354085623 1.161699082201
10 0.124549739076 0.875751547267
11 0.109549904065 0.844663348874
12 0.063040040136 0.943018343856
13 0.158775394736 0.899866625632
14 -0.006620338151 0.882451009533
15 -0.077070806878 0.986743075118
16 -0.013628532978 0.952922874027
17 -0.150505811241 0.916409657042
18 0.022345224803 1.132082284223
19 -0.090137263338 1.032872646429
20 -0.069633704766 0.902469550499
21 -0.293066727431 1.033474993458
22 0.068194397564 0.948566254852
23 0.029535652169 1.022259770915
24 -0.025976817154 1.059653671093
25 -0.130066702482 0.984705562970
26 -0.055451627178 0.962923648642
27 0.033650916886 0.911096717388
28 0.124337970851 0.979135167163
29 -0.029792993696 1.006655769648
30 0.139637888515 1.079392265745
31 -0.173956373526 0.990376841466
32 -0.054090967637 1.054133806662
33 -0.031243612590 0.935617842167
34 0.031254509758 0.962891579098
35 -0.018966087168 0.974152094178
36 -0.017039605025 0.988762476182
37 -0.055127323521 0.957396043653
38 -0.159409580742 0.998412279272
39 0.010276722445 0.958446340766
40 0.093459750566 1.042946569391
41 0.007320349379 0.831248216336
42 0.173090349248 1.055428545021
43 0.116721193043 0.992818486611
44 0.024358475177 1.075888693794
45 -0.086581708961 1.042647188970
46 -0.044936963763 0.854176804022
47 0.006971630961 0.940110426693
48 0.146628043464 0.988660061906
49 0.036005966558 1.003044845724
50 -0.058573950483 0.938062828715
51 -0.140800693515 0.959299954124
52 -0.032278698368 1.075440598015
53 0.068102027416 0.956576960664
54 -0.008380015542 1.068354662409
55 -0.010681478048 1.045267802125
56 0.116966836540 1.061366241132
57 0.191934004466 1.081584938648
58 0.055138156503 0.925749065846
59 -0.088130716415 0.867481384066
60 -0.146396567866 0.991189367780
61 0.100611564735 0.983720448747
62 0.034247187516 0.935876389577
63 -0.094729091410 0.965692814898
64 0.122497076427 0.931070101059
65 -0.056598511007 0.948511330484
66 0.077130184282 0.997192372188
67 0.030837787562 1.059069672378
68 0.064226252896 0.898491223613
69 0.021657526193 1.087412387692
70 -0.070783945246 0.939964879529
71 -0.168714382089 1.006270296374
72 0.088019387465 0.939072186989
73 -0.081488727098 0.919662810415
74 -0.021958111223 1.019152492103
75 0.115540822750 1.080561589556
76 -0.082920343072 1.175400682719
77 -0.000557301797 0.969950108158
78 -0.057937186055 1.015745114597
79 -0.018609526980 0.966951048490
80 0.018715274491 0.917355817185
81 0.078266642321 1.052858302681
82 0.113552813946 1.004621176636
83 -0.104281160906 1.073552532257
84 0.024591364657 1.021012751248
85 -0.078560576455 0.924665118245
86 -0.023881535692 1.054846483507
87 -0.017264988274 0.992444619942
88 -0.015080453977 0.983903293276
89 0.235338109494 1.018259123371
90 0.042206965057 1.043546576630
91 -0.002478320433 0.921094946138
92 -0.057069343875 1.055359250030
93 -0.028305258227 0.999522646971
94 0.059544088358 0.907188495617
95 -0.119827884436 0.914544644926
96 0.008154433616 1.032379651214
97 0.040613652723 0.897796646516
98 0.149101805963 1.025982680280
99 -0.006169357887 0.982398092962
100 -0.045894487040 1.022928238553
