N=50
P=40
R=2
1 0.933625 -0.006626 -1.721084 -0.159829 1.220614 0.232099 0.088767 2.072706 1.171225 0.367077 -0.060945 -0.273591 0.380598 -0.203739 1.308201 1.109314 1.745528 -1.630853 -1.010298 -0.952181 -2.173122 -1.143931 -0.509988 0.657138 -0.641912 1.299545 -1.084086 0.460161 -1.158241 -0.174759 0.857391 -1.039924 -0.666412 -0.533505 0.869702 -0.453428 -0.360052 -0.262052 0.134408 0.443427 9.608677 1.000000
2 -0.051405 -1.317918 0.978785 -0.163422 -1.203068 -1.158881 -0.596636 -0.781920 0.648507 -0.169917 0.865455 1.070944 0.448703 -1.647553 -1.130141 -0.915373 -0.253656 -0.691392 -0.472378 -0.367872 2.373965 -0.228988 1.901601 1.184822 1.298563 -0.852736 -0.913172 0.261369 0.784037 2.021358 0.786180 -2.085224 0.196022 -1.259287 -0.147926 -0.441007 0.191613 0.976203 -0.431540 0.484228 9.010604 1.000000
3 0.897364 -0.475348 0.557225 1.235993 0.003830 0.394570 0.600108 0.623049 0.461711 -0.641719 0.067118 -0.663477 -1.305051 0.142188 -0.019938 -1.043106 0.771930 -0.971127 -1.269052 -1.064787 -0.323115 -0.378596 1.457934 0.133329 0.216709 -1.025022 -0.592433 -0.231731 -0.328697 0.698705 -2.879930 -0.375570 0.850879 -0.600755 0.270136 1.372867 0.229882 0.398909 0.708093 0.303430 1.968630 1.000000
4 0.096330 -0.810238 -1.851600 0.482994 1.345416 1.686703 -1.007396 -1.274957 -0.965240 -0.248602 1.190506 0.089933 -1.304464 0.563143 -0.201066 -1.204787 -0.297871 1.010372 -0.481977 1.676321 -0.616829 -0.468887 0.429071 -0.837793 0.431097 -0.803412 0.812323 -1.499889 1.378180 0.545498 1.880926 0.611165 -0.819416 -0.949570 -1.611246 0.891296 -0.706914 0.507351 1.017735 0.209741 1.340290 1.000000
5 0.626180 1.028844 -0.012844 -0.647718 -0.927346 0.534151 0.020257 -0.893678 1.404957 -0.174927 -1.079677 0.735132 -0.522147 -0.521823 0.259549 -0.114690 0.960480 -0.829665 -0.205054 -1.184933 1.435220 1.412402 0.963309 0.303995 1.600423 1.780332 -0.099376 0.092057 0.843570 0.232921 2.389798 0.025394 -1.105942 0.453715 -0.599748 0.740802 1.902595 -0.240932 0.243874 0.331582 4.582946 1.000000
6 -0.612169 0.534757 0.423214 0.644461 -0.641002 -0.495620 0.385248 -1.159981 -0.143451 0.102527 -0.842956 1.355786 -0.885726 -0.774900 -1.472082 0.981244 0.000701 0.005606 0.195021 -0.004411 -0.586658 0.334002 -0.151232 0.342728 0.704373 0.084723 0.453058 -0.575234 -1.154505 -0.667002 -1.575854 -1.298558 -0.400868 -2.159321 -1.034006 0.083410 0.036981 -0.128940 0.448395 -1.287446 0.290541 1.000000
7 0.323681 -1.088560 0.646937 0.562334 0.761234 -0.761257 -1.656356 -0.032087 -2.239820 -1.345784 0.433687 -0.439645 -0.548578 0.554964 1.247269 1.155864 -1.379236 -2.040467 -0.136716 -0.271481 -1.196999 -0.100748 1.499190 -1.925137 -0.429381 -0.058087 2.805267 0.980944 -0.537844 -1.664196 1.877855 0.225739 -0.481505 -0.594080 -0.356099 -0.568674 0.198376 -1.448220 0.531602 -0.129419 0.395088 1.000000
8 -0.647663 0.632771 -1.176937 -0.226156 -0.543316 -0.262025 -1.465106 -0.969527 0.288085 -0.475730 -1.713159 -1.508121 1.031881 -0.369646 -2.100389 0.340115 0.883312 0.078699 0.166058 1.682146 0.376779 -0.080114 -0.725251 0.886921 0.876251 0.905028 -0.943861 0.172058 -0.163060 0.884748 -0.738825 -0.646884 -0.620161 0.455643 1.365221 1.314270 0.618694 0.662521 -0.830093 -0.346503 5.924050 1.000000
9 -0.129652 -1.223650 2.006057 -1.120780 -1.207483 -0.866521 0.653520 0.281835 -1.238242 2.765934 1.352888 -0.703704 -0.784872 -0.047915 -0.526457 -1.370168 -0.412975 -1.804889 -0.019639 0.514861 2.165782 -0.559963 0.519843 2.823949 0.347657 -0.222909 -0.914993 -0.564252 2.028661 -0.383472 1.558229 1.010346 0.679001 0.211368 0.057028 -0.779255 -1.250059 0.898999 -0.386092 0.622796 2.688514 1.000000
10 1.293391 -1.135006 -0.751633 0.942119 -0.239097 -1.084872 -1.996213 2.124326 -0.356483 -0.737036 0.205245 -1.726697 -0.558520 0.607083 -0.577979 -1.969519 -0.350627 0.393718 1.470207 -1.063526 0.410114 -1.412550 -0.191399 0.185727 1.483670 0.237159 -1.237810 -1.220307 -0.855379 1.493187 -0.671767 1.690739 -1.707395 -0.045564 -0.068005 -0.159232 0.767916 1.248613 -0.783567 -0.916783 3.289231 1.000000
11 -0.502836 -0.143440 -0.345762 -1.475415 1.787513 0.387276 -1.298833 -0.551531 0.926791 0.501418 0.611168 0.289948 1.626734 -0.689606 0.369511 -0.616147 -0.438194 -0.391750 0.752649 0.789733 -0.708320 -0.487956 -1.453815 0.548824 -0.607231 -0.480161 -1.301620 -0.741497 -1.490507 -0.339887 0.045018 1.055359 -0.230812 0.157529 -0.111291 -0.727826 0.626655 -0.113082 3.336315 1.363996 1.218972 1.000000
12 -0.472780 0.339255 0.785110 -0.432758 1.874307 -1.060650 0.389111 -0.233136 0.046966 1.020964 1.064437 -0.849022 -0.251234 0.342737 -0.491855 0.224199 0.846667 -1.368704 -0.053499 -1.179985 2.035838 0.052940 -1.020007 -0.349393 -0.691230 -1.271713 -0.277810 0.368745 0.464791 -0.667693 0.441537 0.617703 0.055188 1.192411 0.336801 0.430829 1.750760 0.504061 0.544757 1.056713 3.170969 1.000000
13 0.387369 0.780088 -0.707762 0.062624 0.165463 -0.343206 0.208185 -1.214425 0.795807 0.067832 1.071546 0.250687 -0.638251 1.053644 0.118536 0.155262 -0.794629 0.610548 0.473286 -0.255759 1.445629 0.939497 1.695082 -0.499591 0.103485 -0.554935 0.781767 0.364012 0.827338 -1.095881 -0.954385 -2.074419 -1.990708 0.460556 -0.741918 -0.060569 0.676388 -0.096468 1.801965 -1.187820 15.180712 1.000000
14 0.212902 2.224988 1.589566 -0.306528 -1.942560 -0.469449 -0.167647 0.914233 -1.769652 -0.202575 -0.538871 0.118660 1.332850 0.159867 1.039526 -0.921653 -1.294642 0.983194 -0.069220 0.028640 0.375318 -0.754371 1.320468 -0.986733 -0.478779 -0.412864 1.018464 -0.892152 -0.629302 -0.363796 0.740145 -1.138150 -0.607328 0.404591 -1.655611 0.960623 1.104195 -1.100940 -0.567466 0.455473 6.899808 1.000000
15 1.462433 0.206161 0.261161 -0.110659 0.441512 -0.551390 0.312897 -0.913734 -1.829058 1.290875 0.748154 0.403985 -0.228529 1.486829 -1.388237 -0.152920 -0.659561 -0.255445 -0.168939 -1.171938 0.456782 -0.273778 -0.867342 1.010630 -0.760771 0.625131 -0.126896 1.523232 0.452285 1.387986 -0.477118 0.018897 -0.010258 0.468529 1.418904 0.115133 1.358175 -1.531925 -0.342505 -1.674737 1.486686 1.000000
16 -0.016330 -0.639281 0.340748 0.826341 0.764039 1.727719 -0.561308 1.932243 -0.509304 -0.080609 -1.149604 -0.495373 0.431116 2.169394 -0.544308 -0.392321 -0.607494 0.786511 -0.329380 0.170901 -0.810580 0.252907 -1.374553 2.221915 -0.615765 0.492923 -1.788738 -0.040894 -0.082009 2.168785 1.684963 0.136167 1.193703 -1.354587 1.720370 -0.042677 0.636572 1.246239 0.440556 -0.142712 1.600644 1.000000
17 0.089914 -1.398079 1.044598 0.029048 0.637920 0.054459 0.985859 0.190188 -0.342745 -0.733263 1.438384 -0.086490 -1.155950 1.454618 -0.927438 0.871533 -1.137491 1.731345 -0.086635 0.868017 -0.871017 1.744650 1.383696 1.330720 -0.021589 -0.815852 0.475691 1.356560 -1.540155 -0.666416 0.247902 0.197713 -1.266441 -1.323983 -0.597667 -0.485540 -0.595064 0.123755 -2.085710 0.456838 0.442256 1.000000
18 -1.178807 -2.105506 0.738069 -0.520357 0.746102 -0.685207 -1.344364 -0.321349 1.597648 -0.899485 -0.273881 0.353894 -3.039797 2.347717 -0.587730 0.857673 1.747604 -0.930828 0.054537 -0.786461 0.303706 0.636488 -0.071075 -0.547413 0.770059 -0.973651 0.932277 0.477999 -1.119675 -0.401007 0.740935 -0.730658 -0.338849 -0.929158 0.219851 -0.197688 1.725533 -0.597709 1.241613 -0.172047 5.837349 1.000000
19 1.111145 -0.795287 -1.390756 0.893518 -0.536927 -0.451565 -0.010365 0.250926 0.471730 -0.691390 1.002112 -0.264431 -0.111584 -0.840574 1.259013 1.011533 -0.733532 -0.309949 1.129350 -0.254657 -0.268248 2.334194 -1.550510 0.517744 0.658767 0.889752 0.274684 0.744013 0.616881 -0.282167 -0.567385 0.277361 0.353227 0.927668 -0.450589 -0.514713 1.365943 -0.801761 -0.423941 0.869792 0.160115 1.000000
20 0.852978 -0.091105 0.148112 1.002187 0.064532 0.389178 0.268152 0.812682 0.760369 1.658255 -0.708399 1.021881 0.082830 -0.203585 -1.506813 1.054599 -0.299558 1.148949 -0.297161 -0.286804 0.993562 -0.085391 1.037209 -0.263317 1.254292 -1.598042 1.516477 -2.055909 -0.466142 1.496499 0.537270 0.149265 -0.282594 -0.000753 0.356279 1.405003 0.466116 0.529014 -0.676277 -0.952989 4.467986 1.000000
21 -2.041655 0.142488 -1.790524 0.035179 -0.240651 1.891770 1.441692 0.790301 0.768281 -1.225458 0.852061 -0.603537 0.315168 2.176406 0.314875 -0.937724 -0.618347 0.090234 -0.024503 1.096507 -0.268113 0.239702 -0.945850 -1.176901 -0.920205 0.162299 -0.020491 0.098242 -1.053536 0.120533 -0.204081 -0.458230 -1.158099 0.717127 0.803912 0.750429 0.520863 -0.952108 -1.615798 1.848118 13.990052 1.000000
22 0.640683 -0.531316 0.719319 0.994357 -1.092967 -0.176738 0.482145 -0.154566 1.113041 0.830369 0.079038 0.843553 0.364386 -0.021974 -0.208978 0.790681 -0.280303 1.623200 -0.936951 0.069758 -0.650841 0.597952 -1.345125 0.335649 -0.908173 -0.257911 0.566893 0.141217 0.510006 -1.508046 1.072960 0.317410 -0.094286 -0.460818 0.145256 -1.549222 -0.488060 1.296642 -0.433232 0.721863 37.860998 1.000000
23 -0.497047 0.921419 0.496691 -0.921924 -0.036020 1.917562 1.086905 1.469637 0.807452 0.496247 0.567258 0.621308 -0.625891 0.257821 0.966824 -0.780737 -0.639266 -0.666904 -0.076969 -1.841454 1.777670 -0.800103 -0.633701 -0.588731 0.627555 -0.290435 0.775674 -0.597190 1.004893 0.043353 0.780188 0.082951 1.037788 -2.005453 -0.198177 -0.883428 1.463136 -3.429001 -1.390260 -0.069770 13.583884 1.000000
24 -0.318290 1.405903 0.735478 1.269318 -0.565172 0.282640 1.323760 -0.337900 -0.068051 0.219400 0.831767 0.170198 -0.147250 1.796901 -1.507527 -1.375446 -0.579599 -1.561595 0.474397 -1.166893 -0.099622 -1.038774 -0.470515 0.047737 0.768345 0.112363 -0.547018 -0.641877 0.217498 -1.849817 0.470242 1.982676 1.030975 1.249412 -0.268774 -0.475187 -2.107773 -0.863473 -0.200112 -0.322252 0.945599 1.000000
25 1.869202 -0.507769 -0.199114 -1.163245 1.674558 1.505928 -1.194909 0.318135 1.356651 -1.111095 -0.061036 1.024283 -0.847594 -1.206937 0.036960 -0.843134 1.251600 -0.437715 0.578496 -0.797194 -0.325911 0.563509 -0.990580 -1.249578 -1.099898 2.409397 1.377709 -0.649521 1.261929 1.226116 -1.134213 0.138992 -0.505073 -1.329131 0.501332 -0.484363 0.152454 -0.574564 -1.044435 0.197190 0.999978 1.000000
26 0.227343 1.452562 0.584315 0.257470 -0.254495 -0.577916 0.511113 0.548060 -1.709785 -0.395324 -0.514087 1.598259 0.253085 0.186467 1.062648 -0.141914 0.753124 -1.986050 -0.780253 -1.108879 1.137669 2.166596 0.314241 -0.552928 -0.783508 2.093104 -0.295283 1.219801 0.692342 -0.963418 0.718743 -0.251741 0.660989 -2.065277 -0.461690 -0.101260 -0.850496 1.095041 0.984167 -0.339329 0.344822 1.000000
27 0.176335 -0.197122 0.218004 1.137133 -0.416704 -0.040658 0.536155 1.662309 0.708640 0.270538 -0.612576 -0.588835 0.537685 -1.367841 3.151568 -0.616497 -2.541886 -0.759154 1.017387 -1.867648 -1.017310 1.311057 0.832701 0.091013 -1.688584 -1.892429 -1.167734 -0.506557 -0.896629 1.532856 -1.523774 0.011875 0.922830 -0.883661 0.570978 0.365531 -0.075883 0.406286 -1.071081 0.562770 9.945164 1.000000
28 -0.092516 -1.277709 0.804834 -2.586590 -0.620302 0.078950 0.898515 0.707262 0.712614 -0.283328 0.867127 -0.919562 0.349821 0.131632 -0.910027 0.579996 0.972415 -0.208335 1.534168 0.040523 0.719565 0.365674 0.114960 -1.537671 0.282499 0.060155 0.237962 0.565720 -0.360427 -1.101997 0.118794 -1.617314 -0.448822 0.465324 1.864785 0.273690 1.632307 -0.724957 -1.016462 -0.002106 62.079305 1.000000
29 -0.451414 0.067502 -0.188487 0.026052 0.585704 0.208542 -1.263565 0.587189 -0.131382 -1.724553 -0.134035 -1.905472 -0.622554 -1.077761 -0.354639 0.283211 -0.665381 -1.420517 0.359600 0.162057 -0.851525 0.098514 -0.475680 0.523135 0.186030 0.901617 -1.376636 0.691930 -0.100607 2.512213 -1.743779 -0.951090 1.002390 -0.939485 0.305233 0.314577 -0.396486 0.286419 0.247148 0.809196 0.272079 1.000000
30 0.451813 -0.626140 0.363481 0.469728 1.087555 0.366243 -0.571047 2.458958 -0.908369 -0.327293 1.503440 0.159212 0.410463 2.036157 -1.714387 0.462051 0.522380 -0.273054 0.685496 -0.771198 1.505890 0.647775 -0.602084 0.067346 -0.395256 0.258343 -0.475364 0.340571 -1.108354 0.369513 0.963664 -1.861955 -0.802911 -0.549471 1.566085 -0.999840 0.839174 -1.216574 0.278609 -1.652929 0.809609 1.000000
31 -0.659214 -0.121248 -0.893989 -2.435283 0.934009 -0.929539 -0.729540 -0.812813 0.511854 1.689797 0.463676 1.934897 0.394407 1.223122 0.468007 2.051637 -0.359360 0.686054 0.196489 0.933079 -2.094948 -0.221130 -1.627840 0.243588 1.709637 0.642806 2.153080 0.118587 0.236267 0.546394 -0.849256 -0.936326 -1.368730 -0.076626 0.408550 -1.782143 1.180239 -1.156457 -0.991373 -0.282004 38.132579 1.000000
32 -1.169206 0.967794 -0.517923 -0.931695 0.198831 1.570032 -0.221534 0.095228 -0.416792 -0.141867 0.159304 -0.826300 -0.178794 -0.388618 -1.492122 -0.342273 -0.107195 -0.064845 0.406836 1.236080 -0.294797 0.485756 0.442487 2.171521 0.602881 -0.744209 1.065153 0.133632 1.131118 -0.323642 0.545624 0.859360 -0.715464 -1.052543 -0.599166 0.879261 1.345088 0.593494 -0.114324 0.764060 3.458030 1.000000
33 -0.408843 -0.378305 -1.159623 0.407969 1.233060 -1.443588 0.800102 -0.825374 0.392039 0.721814 -0.058919 0.166848 1.782136 -1.011571 -0.664839 -1.304176 -0.307507 0.838168 1.441782 -0.703632 0.078603 -0.059313 1.591773 0.120946 -0.186278 -0.843707 -0.401880 -0.502229 0.629394 -2.383298 -0.860267 0.534337 -0.520166 0.652871 -1.009316 0.677576 0.005513 -1.112233 1.197915 -0.198277 1.906293 1.000000
34 -1.414011 -0.850012 -0.522178 0.248984 -1.254243 0.206945 0.150061 -1.174914 -0.356529 -0.781731 -0.097929 -0.241519 0.643699 0.097127 1.075529 -0.420710 -0.679034 0.252825 -1.042968 -0.008384 1.311946 -1.183301 -1.199682 0.654113 0.733942 2.054910 0.548940 1.929057 0.149293 0.069302 0.653042 -1.365537 -1.141144 -0.358209 0.526846 -0.903379 1.014078 -0.121174 -0.263522 -0.207077 3.575644 1.000000
35 -0.181905 -0.734484 1.286415 0.181027 0.575882 -0.803370 0.115328 2.475585 -0.953966 -0.025370 0.364527 -0.468915 0.292756 -0.217150 -0.426131 0.753183 -0.392472 -0.380800 0.300852 1.856745 2.073168 0.308534 0.435598 0.163970 -0.658844 -1.869588 0.013551 -1.352748 0.164272 0.728623 -1.144666 2.014536 0.312249 0.381077 0.976730 0.547481 -0.191322 -0.400670 -1.214347 0.512964 3.733420 1.000000
36 0.269468 0.310969 0.434237 1.049686 -1.775785 0.468890 0.062461 0.934620 0.494243 1.033260 -1.292847 -0.048584 0.183207 -2.069323 0.196645 -1.332115 -0.921143 -0.600409 -0.597781 -0.103248 1.017296 -0.007576 -0.647565 0.491270 -0.381235 1.056351 -0.387358 -0.411091 1.118107 -0.409129 -1.786434 -0.084687 0.392206 -0.834172 0.984618 2.402648 -1.423079 -0.884709 -0.210324 -0.507013 27.981933 1.000000
37 0.943321 -0.415659 0.237537 0.763070 0.279415 -0.795777 -0.360228 -0.524269 0.677657 0.882975 0.216125 1.803093 1.577516 0.189304 0.847352 0.015394 -1.025099 0.606977 0.813916 -0.646842 1.824031 0.145425 0.617234 -0.352452 -0.141233 -0.157980 -0.136911 -0.790831 0.697247 0.626273 -0.830385 0.491087 0.777854 0.150259 1.386525 0.836915 -1.556730 -0.127867 0.704214 -0.420559 0.959832 1.000000
38 2.519213 -0.373553 -0.231229 0.654173 0.337996 0.181083 0.361125 1.858787 -0.969343 -0.729815 -0.075753 1.470455 0.405774 -0.255601 -0.509641 -1.441499 2.941149 0.105435 -0.449253 -0.217540 0.239248 -0.507185 0.175587 0.780309 -0.731996 -1.364150 -0.375498 -1.003829 -1.714944 -0.312188 -0.712153 -1.496266 -0.172229 0.370145 0.507733 -0.454367 1.204148 -0.340505 1.027130 -0.810211 2.164563 1.000000
39 -0.059514 -0.007490 0.239506 1.014508 1.459123 0.893456 1.740944 -0.307547 -1.363776 -0.102713 -0.139900 0.856381 2.573013 0.872912 -0.110126 -0.202660 -1.390322 1.033729 -0.966585 -1.913056 0.917535 0.032851 1.442841 -0.609103 0.050363 -1.819069 0.076640 0.746531 -0.528230 0.363567 -0.803004 -0.720537 0.227891 -0.134236 -0.155898 -1.015140 -0.611706 0.778818 -1.367138 -0.387802 0.019936 1.000000
40 -0.096751 -0.968055 0.248106 -1.252707 0.821252 0.705247 1.429618 0.182927 0.490414 0.530664 -0.345853 -0.434124 0.392776 0.332309 -1.170347 2.244362 0.006438 0.158932 2.069309 -1.641113 0.704769 -0.302615 0.091687 0.472123 -0.535657 0.166280 2.508751 -2.019541 0.307447 0.202638 0.888565 0.181515 -1.314611 0.087341 0.498998 -0.378125 1.883412 0.076463 0.451260 0.437288 26.322117 1.000000
41 -0.466596 0.063135 0.739480 -1.009551 -1.201226 0.040540 1.004898 1.639862 -0.102669 -0.106145 1.435457 0.338465 -0.367093 0.373386 1.004406 0.737790 1.795898 -0.771576 0.872881 -0.081089 -0.621879 1.205613 0.202414 -0.384582 -0.852406 -1.061541 -0.947298 -0.159326 -0.586585 0.294120 0.653639 -0.103838 -0.348913 0.150443 1.454244 0.060063 0.570885 0.070523 -0.955532 0.645201 11.750745 1.000000
42 -1.682670 0.876490 0.173997 -0.546176 -2.569519 -0.349305 -1.156857 2.179839 -0.371571 0.168254 -0.203718 1.618883 1.788218 1.665626 -0.533870 2.763091 0.116589 1.989683 -0.819255 0.192577 0.357238 -0.744935 -1.364893 -0.152460 0.209273 -0.586624 0.286710 0.712351 -1.384550 -0.219915 1.796571 1.890678 -0.465028 0.267009 1.922257 -0.011125 0.998146 0.788337 0.141637 -0.446412 46.877389 1.000000
43 -0.715531 0.775222 -0.606116 0.238770 -0.131119 -0.505723 -1.432616 -1.728685 -0.562080 1.415417 -0.276984 -1.446035 -0.065962 -0.107358 0.007877 -0.097833 1.007301 0.305652 0.443671 1.454749 -2.061251 0.264586 -0.688709 1.135940 -1.781465 -0.204747 -0.055074 0.207217 -0.185580 0.396874 -1.327193 0.329038 -0.178280 0.275200 -0.472682 -0.277227 -0.225588 0.452063 -1.867247 -1.750369 4.214112 1.000000
44 0.340168 -2.239351 1.539338 0.683232 -0.470208 -0.593849 -0.811690 -0.964677 0.260421 -1.103283 -0.773048 0.247627 -0.609491 0.190701 0.651739 0.258421 -1.781157 -0.815112 -0.084834 0.771330 -0.884962 -0.372949 0.420452 0.073546 -0.315750 -0.087677 -1.286411 0.026697 -0.121191 -0.342648 1.533715 0.389802 1.023028 -1.338081 0.868442 0.045303 -0.061236 0.173229 0.081617 1.375381 0.488025 1.000000
45 -0.329008 1.309452 -1.127225 -1.379035 0.525101 0.928822 0.971564 -1.088159 0.819440 0.196469 1.277369 -1.330657 0.548764 0.433075 -2.478299 1.614013 0.581126 1.833275 -1.454433 -1.189254 0.401790 -0.974905 -0.809969 -0.209806 0.007137 0.617759 -1.445165 -0.113512 1.153600 -1.455403 -0.989761 -0.026352 -0.129182 -0.437242 0.660469 1.389157 0.395871 0.840396 -0.056666 0.542874 10.273149 1.000000
46 -0.089143 -1.999176 0.709982 1.477408 -2.071606 0.481655 0.958206 -0.243148 -1.389578 0.418688 1.448312 -1.155801 2.336921 1.105556 -0.744335 -1.580698 -0.305333 -2.143963 -1.687110 -0.580380 -0.806037 0.105340 0.829977 1.633054 -0.960586 0.837189 -0.177353 0.293926 0.648688 -0.796158 0.697680 -1.181037 2.670045 -1.737917 -2.870873 1.109517 -0.802286 0.890265 -0.857125 -0.240830 2.067700 1.000000
47 1.528719 -0.756631 -1.178385 -0.277282 0.866306 -1.842852 0.004937 -0.861449 -0.859370 0.426056 1.045386 0.485913 0.472095 -0.354714 -1.180393 -1.410220 0.630488 -0.541765 0.018457 -0.940257 0.289979 -0.182188 1.812138 0.870999 0.537561 -0.851879 -0.005768 -0.418905 1.400715 0.165704 0.333466 -0.174481 -1.173235 -0.528724 -0.900920 0.786493 0.169446 0.996897 0.531677 -1.377827 0.376943 1.000000
48 -0.712033 -0.476057 -2.259698 -0.320268 -0.500448 0.980446 -0.255115 0.548321 0.173982 0.524977 -1.153771 0.928104 0.338791 0.024767 -0.275634 -0.205359 -0.915594 0.785477 1.535534 0.124987 -0.083295 1.127264 -0.567044 0.602159 -1.321603 -0.018335 -1.142121 -0.780449 2.651226 -0.268345 1.932662 -1.195611 0.772913 0.087867 -0.791360 -3.123629 -0.323185 -0.782971 -0.662917 0.405113 25.070812 1.000000
49 -0.531162 -0.447306 0.231353 0.899377 0.840837 -0.291993 -0.993450 0.211307 -0.659463 -0.076610 0.410517 -0.324981 -0.254755 -1.005319 -1.547442 0.108344 0.545563 0.543616 -0.027655 -0.663430 -0.233984 -0.063629 -0.864531 0.143863 -0.269881 -0.294768 0.123673 0.999190 0.290117 0.155655 -0.714111 -0.299764 -0.399115 0.690151 -0.257222 -0.016645 1.722178 -0.867652 -0.200302 1.688721 1.830572 1.000000
50 1.612961 -0.140208 -0.899048 0.070826 0.479998 -0.205520 -1.135201 -1.144579 -1.312892 -0.132156 -0.599912 1.687608 -0.020675 -1.105574 0.883403 0.158648 -0.944624 0.512668 0.671341 1.547860 -0.690947 0.443267 0.104144 1.397196 -0.840747 0.052707 -0.391418 -0.894692 0.522025 0.547548 -0.498890 0.707992 0.655099 -0.178518 -2.373246 -0.565545 0.583087 0.808676 1.776486 -1.225333 0.064169 1.000000
uncorrelated Gaussian covariates
missing covariate fraction: 0.000000
no latent classes
   lambda(t|risk 1)=C, <t>=4.000000 for zero covariates
   risk 1: beta[1]=0.100000
   risk 1: beta[2]=0.200000
   risk 1: beta[3]=0.300000
   risk 1: beta[4]=0.400000
   risk 1: beta[5]=0.500000
   risk 1: beta[6]=-0.100000
   risk 1: beta[7]=-0.200000
   risk 1: beta[8]=-0.300000
   risk 1: beta[9]=-0.400000
   risk 1: beta[10]=-0.500000
   risk 1: beta[11]=0.000000
   risk 1: beta[12]=0.000000
   risk 1: beta[13]=0.000000
   risk 1: beta[14]=0.000000
   risk 1: beta[15]=0.000000
   risk 1: beta[16]=0.000000
   risk 1: beta[17]=0.000000
   risk 1: beta[18]=0.000000
   risk 1: beta[19]=0.000000
   risk 1: beta[20]=0.000000
   risk 1: beta[21]=0.000000
   risk 1: beta[22]=0.000000
   risk 1: beta[23]=0.000000
   risk 1: beta[24]=0.000000
   risk 1: beta[25]=0.000000
   risk 1: beta[26]=0.000000
   risk 1: beta[27]=0.000000
   risk 1: beta[28]=0.000000
   risk 1: beta[29]=0.000000
   risk 1: beta[30]=0.000000
   risk 1: beta[31]=0.000000
   risk 1: beta[32]=0.000000
   risk 1: beta[33]=0.000000
   risk 1: beta[34]=0.000000
   risk 1: beta[35]=0.000000
   risk 1: beta[36]=0.000000
   risk 1: beta[37]=0.000000
   risk 1: beta[38]=0.000000
   risk 1: beta[39]=0.000000
   risk 1: beta[40]=0.000000
