N=50
P=60
R=2
1 1.120256 1.628877 0.521951 -0.909978 -1.111750 -0.223462 -0.151159 1.587489 0.207509 -0.552080 NA NA -0.570664 1.346563 0.052604 -0.469395 -1.322961 -0.864487 NA -0.596027 -2.006186 -1.036232 -1.542503 -0.674798 -0.212646 0.210932 -0.398796 -1.213482 -0.419036 0.255131 -0.044692 -1.176358 0.576406 -1.185195 0.329864 -0.147019 0.170495 -0.250866 -1.699960 -1.374052 -0.619826 0.368871 -0.476091 -0.810729 0.366872 -0.749483 1.646684 -0.382024 -0.900315 NA 0.789503 -0.125669 0.826523 -0.437638 -1.179236 -0.941227 0.770970 1.365295 -1.802336 0.115442 1.876392 1.000000
2 -0.137442 0.007415 0.131192 0.867774 -0.714213 -1.342815 -0.025629 -1.828482 0.097695 -0.879182 -0.713395 -0.553001 NA -1.232114 -0.622116 -1.573294 0.119727 0.232780 -0.096560 2.220072 -1.815024 -1.982368 -1.176263 1.080098 -1.117627 -1.015527 0.295500 -1.241621 0.293486 0.102648 -0.182957 0.384750 NA 0.324374 -0.563956 -0.310301 -0.861881 0.036090 0.015822 2.571369 0.409008 0.782066 -0.203588 -1.124426 0.007937 1.244409 1.018165 -0.578543 -0.209548 1.881961 -0.142645 -1.159038 0.021992 0.902282 -0.046304 -0.091227 -0.510993 0.946060 -1.382775 -0.994792 0.048848 1.000000
3 -0.761779 -0.578430 -0.912000 -0.972275 -1.408813 -0.563243 0.671024 -1.073066 NA 0.150489 -1.193918 1.232042 0.056613 -0.440722 1.949101 -1.808038 0.576330 0.138930 -0.939993 0.504898 -0.807300 -1.569885 0.497306 0.529892 0.275824 -1.112803 1.162909 0.232051 0.407782 0.156280 -0.334347 NA -1.560995 0.238723 0.051223 -0.235316 NA -0.599317 1.351335 0.873752 -0.843340 -1.562148 -0.949912 0.094461 1.755653 0.498009 0.143377 0.119079 NA -0.388365 -0.180281 -0.659971 -1.018739 -0.792311 -1.797158 0.714881 -1.940705 -0.237417 0.593477 -0.573037 3.408551 1.000000
4 0.206611 -0.014716 1.422140 -1.043896 -0.175851 0.954841 -0.852824 -0.943255 -0.442718 0.240826 NA -0.074420 -0.496954 0.534583 -1.203817 0.220095 1.153692 -0.397347 1.203014 0.169525 1.165426 NA -2.486811 NA -1.075369 0.978640 -0.054175 0.913159 -2.013642 2.880901 -1.186544 0.103051 -0.020445 0.028404 0.328994 -0.440636 -1.333478 2.111490 1.019955 1.355096 0.271385 NA NA 0.144267 -0.364792 -1.094159 -0.101743 0.247896 -1.662782 NA 0.928872 1.972983 1.357409 0.331801 NA 0.278370 -0.585139 0.924573 0.407807 -0.417027 1.479440 1.000000
5 -1.070469 0.128244 1.560229 -0.046564 -0.145558 NA 0.143811 NA -1.491934 0.496476 -0.320354 NA -0.296052 -0.883198 -0.888022 -1.905698 0.335440 -1.584678 -0.251543 -0.736349 -0.587831 0.450253 0.005859 1.419487 0.716312 -1.198900 NA 1.055780 0.328702 0.327106 -0.823594 0.122652 1.273027 1.048788 -1.159928 -1.094252 -0.385363 0.290375 0.599239 -0.434520 3.050882 0.169427 -0.216667 -0.138046 -1.066012 0.437315 -0.165999 -0.129237 1.129205 -1.029962 NA -1.215271 -0.075401 1.156563 -0.702850 NA NA -0.449602 0.480030 -0.279563 0.980630 1.000000
6 -0.879230 0.073297 -3.159467 -1.676212 -1.402670 1.110376 0.444220 1.948612 1.762805 -0.238225 0.743213 -0.514797 NA 0.591148 -0.199353 1.021180 1.018304 0.601101 -0.318978 0.308756 -0.829397 -1.349367 -0.585890 0.973092 0.125852 -0.668387 -0.122515 -1.990821 -0.139192 1.413159 0.453795 -1.198760 -0.175157 -0.033333 -2.112521 0.310138 1.872931 -0.518758 -2.299610 NA 0.278791 -0.136694 -0.337210 -0.778821 0.573521 0.675993 0.861533 0.944747 0.295442 0.248964 -1.011178 1.014483 1.318293 -0.766352 0.594247 1.309612 -0.037922 0.342320 -1.228699 -0.408760 50.210043 1.000000
7 -0.657404 0.587980 0.945244 -0.307346 1.952765 -2.352227 0.512340 -1.108682 -0.831180 NA 0.474706 -1.565459 0.153943 -0.748373 0.015394 -1.629366 NA -0.882950 1.127275 -0.870954 -0.569575 -0.338674 NA 1.528341 -0.551660 2.247154 -0.466112 0.492905 -0.820585 -0.917765 -0.474838 1.075271 0.242501 NA 0.035621 -0.369182 -0.227454 1.649819 0.012779 1.863173 -1.294739 -0.475610 -0.128158 -0.787094 0.709555 0.351899 -0.130507 -1.411391 1.456150 -0.113897 0.894528 -0.491830 0.465459 1.212837 -1.595269 -0.285014 0.039860 0.286313 -0.690791 -1.428001 0.087188 1.000000
8 0.058500 3.220006 -0.304586 0.777302 -0.628654 0.458216 0.916536 -1.130119 2.031210 0.423347 0.586790 -1.348364 0.727497 0.962545 -0.042708 -1.159648 -0.436327 0.421036 2.178931 -0.541455 1.190756 -0.335254 1.890683 1.584692 1.499673 -0.669775 0.438355 0.930582 1.194957 NA 1.479009 -0.550459 -1.204159 -0.524612 -0.125669 -2.910970 -1.427175 -0.492334 -0.631258 1.900872 -0.738130 -1.135169 1.839136 -0.621408 -1.832285 -1.087303 -1.811607 -1.504292 -0.907577 1.721042 -0.404629 1.327640 -1.500600 0.636886 1.782240 -0.537363 -0.906070 -0.535892 -0.251291 0.020698 3.200449 1.000000
9 0.375595 0.269734 0.685309 0.898355 1.581407 0.841929 -0.491083 -0.617605 -0.863824 0.035749 -0.472737 -0.044492 2.030657 0.333575 -0.041423 -1.189521 -1.983841 2.888597 -0.139583 -0.648499 0.593581 1.556487 0.097871 2.091655 0.618891 -0.692556 0.688301 0.585302 0.340419 -0.736240 1.649623 0.358183 -1.171369 0.793298 0.562788 -0.830775 -1.056165 0.263879 1.161596 -0.936393 0.184522 -0.388271 1.058821 1.540058 0.563491 NA -0.367395 -1.328476 -0.536498 -0.511138 0.609217 0.648122 NA 0.077526 1.391044 -1.223513 -0.947012 0.109098 1.082584 -0.765012 0.063772 1.000000
10 -0.293372 -0.470915 -0.316548 0.522110 1.138613 0.299124 -0.093507 -0.881238 0.797110 -1.709820 -0.941629 1.738180 -0.300930 0.217314 NA 0.843123 -0.850531 -1.022746 -1.587510 -1.198782 0.414204 -0.333154 0.180763 -0.446798 -0.900241 2.514097 -0.090398 -1.670855 0.646636 NA 1.115532 0.674105 0.009265 0.065658 -1.270494 -0.752081 -1.335992 0.270273 1.618118 -0.485406 -1.075572 NA -0.559914 0.966098 0.440862 -0.175855 1.070772 -0.777806 -1.390205 0.071757 0.692504 0.446004 -1.029802 0.600782 2.208350 -1.217581 1.109353 0.212691 1.345732 0.021605 0.640301 1.000000
11 NA 0.530468 -1.250372 -1.365476 0.959537 -0.220011 -0.345136 -0.989540 -0.135702 0.577943 -0.190266 -0.828300 0.161553 1.143642 0.244768 1.840696 1.124759 1.353996 0.931943 -0.913824 -0.721754 0.715052 0.948978 -0.333988 0.122914 0.408821 -1.176699 -0.192478 -0.328026 -2.974137 -1.344135 -0.576288 NA 1.008865 0.214878 -1.633562 0.794246 -0.985859 -0.214441 -0.444517 1.988551 -0.096631 -1.400500 -0.274289 0.223288 0.174710 -0.631265 1.081488 -0.681743 0.871578 -0.392250 0.544151 -0.155614 -0.437870 0.029039 NA 1.469480 -0.852556 0.176134 -0.523144 0.048033 1.000000
12 0.732159 1.782071 0.993051 -0.428904 -0.867784 -1.662552 1.643032 1.146401 0.320029 0.039199 0.948333 0.503784 0.011375 -0.201302 -1.580471 0.676767 -1.451779 0.265767 -2.022306 -0.399268 2.504302 0.691394 0.063911 0.815244 -0.588198 -1.610340 -1.279203 0.132914 0.049137 1.380400 -1.034111 0.673783 -0.371512 1.155316 -0.986459 -0.104845 1.182167 1.908743 -0.252404 -0.215668 1.808912 -0.350340 0.334299 -0.888193 0.240516 0.996820 0.856563 0.575061 1.453357 0.313275 -0.767024 NA 1.497714 1.466385 0.488931 1.743023 -0.882670 0.250447 -0.183580 NA 4.287649 1.000000
13 -0.023695 1.377681 -1.841126 -0.159070 -0.167132 0.722335 -0.739930 1.532457 0.643596 -0.859482 1.660071 -1.306920 -1.007496 -0.163108 -1.797604 0.518083 0.100581 -0.087809 0.316850 -0.775036 0.335592 0.450662 1.765877 1.562340 0.872072 -1.858168 -1.255091 0.439823 -0.756605 0.213820 0.082501 0.195397 -1.268832 -0.441324 NA -0.945589 0.425428 -0.308473 0.547036 0.464405 -0.449243 -0.107754 -0.524803 -0.077120 -0.400487 -0.237534 -0.060226 0.107181 1.454956 -0.426693 1.524659 0.084353 1.854170 1.097838 -0.536276 -0.710723 -0.252061 -1.394038 2.587909 -0.412531 5.540494 1.000000
14 -0.315969 1.000824 -0.909707 2.207619 1.318248 -0.959323 0.182142 1.026774 -1.064722 0.122192 0.043733 0.318279 0.222448 -0.459130 1.025322 -0.716055 NA -0.870698 -0.854161 -1.463802 -0.941720 0.936081 -0.616119 0.061130 -0.433211 -0.652913 -1.501129 0.699462 0.283423 -0.234690 0.400895 -1.515703 -0.428345 1.268486 -1.580408 -0.110945 0.075138 0.506426 1.397191 0.084115 -0.983964 0.399679 -1.460278 NA -0.128263 -1.848891 0.566682 0.291090 -1.647144 0.610471 -0.022820 0.685044 0.505943 -0.198008 0.426778 1.251411 -1.870029 0.016263 0.511124 -1.060369 0.258532 1.000000
15 1.548584 -0.652066 1.723630 -1.630501 -0.251181 1.705114 0.210383 -0.737029 -0.308393 -0.844697 -0.796828 -1.307261 0.817475 1.250651 -1.541703 -0.618191 0.985109 -2.148066 NA NA 0.255463 -0.167203 -1.573655 0.284444 1.113151 -0.805105 -0.090381 -0.114855 -0.231378 -0.548190 -0.586736 1.222837 0.282817 0.237623 1.110112 -0.909434 0.337987 -0.835051 -0.188022 -0.536945 0.861553 -0.696445 0.238584 2.078016 1.159337 -0.996469 -0.980614 -0.380851 0.045369 -0.522479 -0.853342 0.204210 2.171141 1.947234 0.068805 1.017891 -0.051626 -0.178193 1.594189 -0.454405 4.025069 1.000000
16 -0.183240 0.127421 1.937253 -0.849530 -0.174465 -0.247405 -1.602346 0.854346 -0.429672 0.907426 NA 0.098072 0.976931 1.257453 1.935753 0.493405 0.618228 -1.432052 0.070721 0.105525 1.602564 -0.623198 -1.186567 -0.317730 0.134953 0.580400 -1.370582 0.380779 1.752850 -0.785124 -0.986946 -0.945858 -0.851392 1.985495 0.102297 0.683221 0.620594 0.848366 0.711303 0.411429 -0.198790 2.080153 -0.697188 0.923838 -0.983451 1.696933 -1.772846 -0.453141 0.629542 1.474457 -0.656213 -1.825274 0.181709 0.040390 0.492452 -1.030639 0.747074 1.214491 -0.687489 0.974949 0.030060 1.000000
17 -2.064067 -0.095106 1.040443 1.581146 0.502120 0.807451 -1.837443 0.145591 0.429878 -0.865673 -0.152491 -0.675432 0.101120 -0.603369 -0.955290 -0.191316 0.383078 -1.132707 -0.990562 0.741819 -0.404046 0.245818 -1.070244 0.566562 0.720883 -0.709436 0.362720 -0.671892 0.423716 0.030442 0.779416 -0.477028 -1.101545 0.561204 0.956198 -0.514790 -1.005971 0.156966 -2.156424 1.302564 -0.544899 -0.416416 1.924873 0.318823 -0.631288 -0.135285 -0.510109 0.038834 0.214155 -2.321701 -0.768686 0.208529 0.783302 NA 0.671753 -0.007258 0.404377 -0.302257 0.952809 1.308926 1.068571 1.000000
18 0.541064 0.703311 0.039727 -0.645083 0.794109 NA 1.555888 0.475758 1.282587 -1.237488 -1.305771 -0.843332 -1.470520 -1.356374 -0.777058 -0.777450 -0.903347 0.124805 0.304167 1.745454 -0.208606 0.826415 0.865384 -1.314962 -0.110268 -0.473300 0.415041 0.161280 -0.008651 0.262536 1.368366 -0.501906 -0.151074 -0.570242 -1.480774 0.378678 1.039469 -0.235757 -1.119878 0.756348 -0.844549 1.472967 -1.245428 0.664485 2.696768 0.295747 0.120191 0.917311 -0.637114 -0.657426 1.533407 -0.483423 -0.038624 1.503280 -0.385530 0.442378 1.508284 -0.421057 -0.441734 -0.015332 5.759296 1.000000
19 0.156722 -0.911062 2.183211 1.044826 0.786027 1.348470 0.433254 0.289187 -1.432053 0.282102 0.005173 0.982962 -0.459901 1.228796 0.093527 0.395772 -1.828686 1.165817 1.381182 0.059143 0.846084 1.379020 -1.866827 -0.117798 0.303942 0.934046 -1.778197 1.169718 -0.986625 -1.012968 -0.859770 1.677017 1.086125 0.451760 1.571166 0.690065 -1.013127 -0.045496 -1.612567 1.862917 -0.311268 -0.400215 0.468818 -0.416558 -0.070906 -0.292770 0.112328 0.248484 -0.721458 1.295556 0.238322 -0.529589 2.365126 0.178593 -2.349491 0.819284 -0.275073 -1.045933 0.420824 1.792711 0.111757 1.000000
20 -0.705236 NA -0.866190 -0.544174 -0.761167 0.453787 NA 1.018999 0.696697 0.480668 1.755350 0.255414 1.091913 -1.202072 2.020206 -0.611186 0.234343 -2.038074 -0.321173 1.804088 0.942343 -0.407161 0.101428 0.112971 0.370917 0.077657 0.269216 0.938670 2.018384 0.329304 -0.871267 -0.787577 -0.329846 0.061749 0.463384 1.709769 -1.410903 -0.124587 0.442332 -1.250955 -0.681732 -0.195467 -0.597036 -1.959561 NA 0.735709 -2.457985 -0.800557 -0.081837 -0.126014 -0.255624 0.707094 1.311662 0.492811 0.904084 -0.202793 0.959599 -0.389416 0.840037 2.118232 151.521470 1.000000
21 -0.602111 1.633259 -1.308872 0.163076 1.366882 -0.602875 -0.614816 0.502310 0.233938 0.249862 -0.477333 -0.276017 -0.853658 1.126256 0.226837 NA -0.312868 0.141105 -1.132890 -1.267469 0.946490 -1.260202 1.060324 -1.228382 -1.072428 -0.656102 2.323165 NA 0.394023 -2.204689 1.138385 0.473814 NA -0.621067 -0.183742 1.717434 0.318670 0.883154 0.628563 NA -0.863610 1.580393 0.108486 -0.991981 -0.188774 -0.864361 -0.746901 -0.350562 1.253114 -0.172450 0.308191 -0.795662 1.441762 NA 2.519642 0.050928 -0.852804 0.922627 -1.194238 -0.036378 0.018613 1.000000
22 -0.484186 -1.526413 0.515179 -0.009835 0.182840 1.084265 NA 0.701965 -1.195558 -0.386869 -0.775924 1.013677 -0.032002 0.179213 0.623161 -0.842593 -1.054785 0.100046 0.025366 -0.126835 -0.656917 -0.429385 0.837753 2.429650 -1.154715 -0.333562 1.237764 0.084447 1.077587 -0.387186 1.061502 -0.100841 -1.627516 2.531740 0.672826 0.907656 -0.222918 -0.363911 1.085460 0.262624 -1.149663 1.476917 -0.090996 0.050488 1.029455 -0.362987 -0.481404 0.310575 0.337196 1.175072 1.255651 NA -0.276583 -2.052039 -1.335841 -1.143136 0.003383 0.868157 0.462203 0.507873 0.403570 1.000000
23 -0.200734 0.178090 -0.468842 0.316436 -0.005395 NA 2.662961 -0.384259 -1.326009 -1.141780 1.575086 0.108178 -0.247334 -0.351823 1.877234 0.241972 -1.557307 1.020084 1.730667 0.172117 -0.270901 0.144811 0.350359 -0.773010 NA -1.278864 1.219664 -0.059585 NA 0.883753 -0.358503 -0.276696 -1.015489 NA 0.580025 0.537525 -0.259912 1.391021 0.942616 -0.554084 -0.179178 0.144206 -1.096509 1.086575 NA 1.314228 1.062743 0.021068 0.918405 -2.361892 0.024337 -0.824625 0.362716 -0.253146 -0.066603 -0.238473 0.494804 -0.613112 -0.875436 1.225290 4.270672 1.000000
24 -0.450458 0.101743 0.696179 NA 0.879577 1.334664 0.645524 1.644765 1.231310 -0.106092 -0.046475 0.901556 -0.902620 0.500633 -0.581273 -0.373245 2.419628 -0.450811 0.620169 0.629186 2.431927 0.249735 -0.092187 -0.770186 0.339466 0.502221 -0.512571 -0.105093 0.186443 -0.382410 NA 0.173863 -0.066623 0.465623 -1.838949 1.839156 0.004467 0.299821 0.111479 0.577590 0.702933 0.678934 1.533471 -0.741647 -2.104359 -2.102297 NA NA -0.181933 0.849029 0.467548 -0.132233 0.261928 1.498327 0.143267 -0.860725 -0.119054 -1.257517 0.341921 0.146309 37.681523 1.000000
25 0.648912 -0.547548 0.020866 -2.264368 -0.994302 0.884143 -0.722206 1.709670 NA -0.083928 0.116772 1.693631 -0.476991 1.660817 0.237052 0.409532 -0.924496 -0.255987 0.821580 -1.290370 1.571554 0.459171 -0.581448 -0.551947 -1.130316 -1.545436 NA -0.015929 -0.028943 NA -1.049993 -1.460485 -0.005910 -0.665742 1.255603 -0.716320 -0.282823 0.462610 -0.238218 0.217685 0.985412 0.263237 -1.250772 -1.502525 -0.300545 1.850412 0.911020 0.400930 -1.915446 1.446347 0.425515 1.636415 1.805473 0.187482 0.175801 0.368448 0.358488 1.388132 -0.488104 -0.663193 29.999027 1.000000
26 0.851767 0.740799 -0.262146 -0.559097 -0.447594 0.932663 0.784134 -0.720529 NA -0.246023 -0.356181 -1.936043 0.442569 -1.355093 0.261220 0.080045 -0.011042 0.789728 -1.313135 -1.072102 -1.492885 NA 2.145745 2.615932 2.010080 2.221353 0.357619 1.188728 0.789604 -1.214181 0.218094 -0.763001 -2.024138 -2.083491 2.072397 -1.655202 0.714929 -1.223253 NA NA 0.073588 -0.225002 0.059326 -0.220403 0.405478 0.079819 -0.390741 1.608277 1.606776 1.438392 2.265415 NA 0.536929 -1.233102 NA 0.076452 -0.787035 -0.334654 0.638827 1.708990 1.630904 1.000000
27 1.615504 -1.843336 1.187929 NA -0.210519 -0.565393 -1.216071 -1.014284 -0.903607 0.141149 -0.728441 NA -0.461951 -1.004670 0.244960 0.518974 -0.045325 0.228868 -0.341840 0.903742 -0.706982 -0.850958 0.367317 -1.298786 -0.295555 2.374225 -0.020585 -0.523402 1.152132 -0.532191 2.058948 -0.397799 -0.251857 -0.106800 -0.065472 NA 0.528619 -1.092444 -0.135126 -1.623251 -0.242850 -1.506147 0.703322 1.447486 0.150226 -1.004346 0.846285 0.731363 -0.404722 -0.573532 -0.121743 0.360444 -0.399132 -0.927010 2.142608 -0.445050 -1.279594 -1.309499 -1.380107 -0.267032 0.098078 1.000000
28 -0.578265 1.448948 0.380375 -0.948944 -0.863401 0.433508 -1.286005 0.928215 -2.025495 -0.006860 -0.802212 -0.070134 -0.727493 0.520936 -0.680306 -0.298514 0.582581 0.565529 1.758176 -0.276879 0.496561 0.588619 0.128505 1.156121 -1.414186 0.472184 0.310934 -1.481150 -0.115007 0.047725 0.506883 0.911352 1.276795 0.368115 -0.949508 -0.281110 0.288087 -0.215135 -1.462768 1.370630 0.475565 -1.564211 NA 0.199522 0.009411 -1.158658 -0.135433 -0.649034 -0.099864 1.083358 -0.894345 0.085220 -0.547208 -2.269754 -1.568979 1.097614 -1.142948 1.113367 0.283515 1.046519 1.719721 1.000000
29 -0.772203 0.755975 0.253017 -0.596528 -1.379276 -1.388879 -0.380379 0.521169 1.185715 -0.839209 -1.382530 -1.459636 -0.169356 2.562184 0.011081 -0.667635 0.592165 1.519742 1.442119 0.004180 -0.107835 -0.471185 -1.303121 0.103340 -0.106749 0.044099 0.690875 -0.126520 0.951566 1.604929 -1.053773 -0.634026 0.441343 0.307001 0.141388 1.259301 0.297793 1.213584 1.239121 -0.798031 0.580972 -0.871715 -0.420182 -0.019257 -1.366179 -0.389063 0.211329 -0.243131 0.086839 -0.593857 NA 0.170813 2.003761 0.603876 0.501246 0.244276 0.226486 -1.144937 -0.202184 -0.693850 13.142070 1.000000
30 -0.143849 -0.797476 -0.549851 -0.096718 1.486436 -0.543315 -1.079725 -0.641021 2.597391 1.070716 0.510740 -0.696263 -1.318516 0.237576 0.076858 0.665943 0.889721 -0.121871 -1.975447 -0.942002 1.253682 1.050968 -0.258606 -0.136474 0.644632 1.161241 0.278993 -0.983514 -1.654663 0.169401 NA -1.858486 0.362740 -2.292514 -0.720959 -0.601966 -0.620587 -1.361416 0.432863 -0.723554 1.983881 -0.273713 -0.719759 1.213163 -0.386328 0.335573 -0.984865 2.376097 -1.755437 -0.177871 0.738828 0.915157 NA 0.651897 1.038717 0.425979 -0.999173 -2.508298 0.870035 1.901472 10.713551 1.000000
31 -1.089985 -1.397702 1.579238 -2.112671 -0.486034 NA -1.132512 0.384607 -1.843013 -0.693622 0.583824 -0.518328 -0.087194 -0.141231 NA 0.129252 0.266601 -0.504477 1.372009 1.296970 1.068507 0.525281 0.076927 -1.671948 0.538720 2.330258 0.429633 1.651929 0.458729 0.268258 0.823499 0.605116 0.323726 -1.563293 0.011019 0.318349 NA 0.885897 0.267659 -0.422498 0.365262 -0.798968 1.774103 -0.501413 0.390100 -2.055946 -1.380432 -0.616054 -2.079442 -0.021838 -1.224625 0.458871 0.910091 0.903756 -1.612352 -0.807816 -2.181517 0.260990 -1.154759 0.417617 5.937736 1.000000
32 NA 1.621457 0.391536 -1.275538 -0.623308 0.643438 -0.086345 2.114547 -0.929402 0.047953 0.973294 -1.060753 0.154328 -0.025204 NA -0.066072 -0.340313 0.910758 NA -1.460045 1.504772 1.131474 -0.749660 0.523902 -0.978724 -1.115658 -0.462751 0.433911 -0.211114 1.444333 -0.340166 0.493720 -0.735146 -1.277860 -2.433500 -0.069998 -0.625795 -0.278736 1.142529 -0.062919 0.923206 -0.595040 -1.287487 -0.020288 1.240827 -0.198683 -1.162173 0.628159 NA -0.291165 1.557019 0.109759 0.186600 0.271503 -0.791536 0.491375 -1.055088 0.857180 0.508328 0.190446 43.061571 1.000000
33 0.593611 0.454387 -0.942774 0.964749 -0.744732 -0.269240 NA 0.957342 0.330555 0.017923 -0.918942 0.609667 -0.017074 0.260633 -0.788114 -1.121498 -0.361083 0.588337 -0.613877 0.531056 0.432559 0.674637 -0.904147 0.174745 -1.061734 0.971537 1.455494 1.288688 -0.160982 -0.760669 0.172665 -1.607387 0.519287 -1.210911 1.478746 1.854003 -0.693919 -2.353582 0.094215 NA -0.408218 -0.429169 -0.828391 -0.333426 1.105937 -0.137690 0.727812 -0.374209 1.778642 -1.012711 -1.117616 -0.140780 0.309077 0.710234 -1.318206 1.623497 0.501519 0.209811 -2.471835 -0.280683 18.239388 1.000000
34 -0.759634 1.288111 -0.254967 1.285373 -0.245993 -0.084504 0.304652 -0.983269 1.350479 0.988242 -1.919121 -1.152811 0.497158 1.022552 1.041863 0.535942 NA 0.176160 1.172558 0.878114 0.998700 -1.355970 0.665177 0.734756 -0.366067 -0.091718 -1.610890 0.546977 0.549282 0.336261 -1.418266 -0.263414 0.704168 -1.061009 0.046701 -0.439314 0.860573 -2.306383 1.557847 0.198455 -1.465686 -1.328090 1.304173 0.010463 0.922917 0.400858 -0.023186 -0.344214 -0.462898 -2.512264 0.051696 -0.885636 -0.211463 -0.669951 0.645341 0.202429 0.613208 -2.550892 -0.788124 1.348605 2.173552 1.000000
35 1.969035 0.645517 NA -0.823333 0.332169 0.046356 1.464420 2.032193 0.895448 -0.591913 -0.167976 -0.021351 0.464795 -0.772019 NA 0.159759 1.163180 NA 0.324403 1.009799 NA -1.115540 -1.965480 -1.899109 1.263585 -1.393378 0.698508 -0.892020 0.810701 -1.669316 -0.055658 -0.201092 0.540711 0.834925 -0.186900 -0.899129 -0.032280 -1.251727 0.444307 -0.414898 -0.649384 0.037246 -0.491685 1.010640 -0.526928 0.773141 NA -0.518413 0.654332 -0.734534 -1.391907 -1.528750 -0.300818 0.559490 -0.734956 -0.156501 0.630419 1.773204 -0.160712 0.018606 0.276451 1.000000
36 0.928221 -0.933702 -0.701665 0.276356 0.932877 -0.627181 -0.336942 -0.660320 NA 0.042699 -0.213574 NA 0.832998 -1.695106 -0.287553 0.957449 -0.054824 -3.413108 -0.566901 0.176684 1.333486 -1.270165 -0.935262 0.637578 0.735780 0.388828 1.224886 -1.208646 -0.173496 0.707967 -0.112515 -1.694210 -0.325713 0.677349 1.264852 -1.683427 0.654048 0.431792 -0.222920 NA -0.327716 -0.584326 0.205045 0.754610 0.562186 0.882307 -0.786671 -0.341531 -0.407033 -0.264171 -0.613554 NA 0.655541 1.225914 -1.129312 -1.315878 -2.035690 -0.212923 -0.931573 0.728907 0.422973 1.000000
37 -0.031257 -0.192607 1.370526 NA 0.432818 0.003974 0.025968 0.070999 -0.697693 2.081437 0.170199 0.640809 2.243043 -1.144986 -0.116000 1.991024 1.503168 1.291856 -0.861552 -0.289698 -0.149123 -0.643576 1.339404 -0.565598 NA -1.115652 -1.917907 0.390196 -0.142911 0.961076 -0.272025 0.804365 0.219828 1.290928 1.826938 0.975314 0.868208 1.210015 0.474423 -0.861208 -1.043807 -0.345247 1.978225 0.331054 -1.047183 -0.033736 1.600603 0.201651 0.870150 -0.671758 -0.127848 -0.236158 0.190540 0.553824 -0.492695 1.971871 -0.559465 -1.521722 0.874788 -0.373434 0.243810 1.000000
38 -0.545138 1.185396 -0.015701 -0.890742 1.449315 NA 0.921511 0.020698 0.488217 -1.399156 2.315537 0.136279 -1.076099 -0.953699 0.691638 2.020539 -0.462123 -0.965851 0.063559 -0.848700 NA 1.002497 -0.047296 0.408608 -0.716216 1.212148 0.731288 -0.956676 -0.554340 -1.898292 0.170461 NA 0.582202 0.843523 -1.589639 -0.063797 -0.155577 0.126029 -1.337837 -2.650946 0.626979 0.485258 -0.637827 0.307000 1.408009 0.967634 0.614955 -1.027353 -0.511901 -0.728591 0.425330 -0.309360 0.675970 -0.842159 -1.304739 -0.844806 1.385292 -0.894567 1.214516 1.090405 0.271864 1.000000
39 NA 1.832446 1.585148 NA -0.000421 -0.133421 1.190179 -0.281582 0.785247 NA 0.320506 1.490263 -0.436265 NA 0.789764 0.209671 1.109004 -1.764616 0.726299 0.419806 -0.809054 -0.234174 -1.884174 -1.102757 1.290594 -1.050353 3.273286 0.251592 -0.526438 NA -0.377309 NA 0.788421 -0.972412 -0.589336 -0.420490 0.518380 0.262206 0.214997 0.371084 0.749168 0.947437 -0.005544 1.423930 0.324799 0.419196 -0.019186 -1.084400 1.024708 -2.032520 0.875184 1.552335 -0.831424 -0.145859 0.594817 NA NA -0.521973 -1.547932 1.229423 0.876647 1.000000
40 0.859062 NA 0.729202 1.335919 0.753447 -0.746039 -0.090494 -1.150752 0.372436 2.728319 0.505332 1.249390 0.400985 NA -0.685543 -0.501311 0.960815 0.847197 -0.324260 -1.371156 1.271472 0.443494 -2.180496 0.383525 -0.062456 NA 2.696846 -1.230505 -0.752069 0.189223 1.203935 -0.508086 -0.761975 0.610369 -0.651443 0.448498 NA 0.482406 -0.402161 -2.258132 NA -0.592372 -0.606736 -0.026934 0.471093 -0.401635 0.649999 -1.725193 0.167680 0.891726 1.968034 -1.664609 -0.022389 1.106144 -1.990168 -1.406229 0.427050 1.028189 0.571044 0.255814 0.792617 1.000000
41 -1.138577 -0.355152 -0.455720 -0.529105 1.382912 -1.821553 -0.731627 0.878643 0.222831 0.957625 -1.421200 -0.971141 -0.031928 0.061314 NA 1.782981 -0.909054 -0.386750 0.991877 0.036327 -0.748656 -0.490965 NA -0.099596 1.936821 0.075372 -2.337550 0.355425 -0.127466 1.398296 2.021469 -1.086919 1.339420 0.411508 1.407726 0.237042 1.220864 -0.911199 0.389451 0.020458 1.270150 -1.838284 -0.505445 1.707783 0.027156 -0.622483 0.015559 0.525115 0.777489 -0.434762 -0.935427 0.487825 -0.925685 -0.846705 -1.076934 0.337894 -0.158389 0.357558 0.217362 -0.609616 5.924411 1.000000
42 -1.941790 0.608172 NA 0.399674 -0.178772 -0.362761 0.154654 0.944263 0.326876 -1.104300 1.202876 -0.337017 0.435681 1.281910 1.325789 -0.721244 0.818941 -0.295147 -0.576032 -0.722739 1.861251 0.371890 -0.117229 0.898420 0.953119 0.185067 -0.071898 -0.091625 -1.014150 0.992956 1.387412 -1.372625 -0.386811 -0.516534 0.963303 -0.471592 2.159417 -0.251926 0.691838 1.323233 2.603069 -0.776702 -0.648078 NA 0.340338 0.078335 1.544034 NA -0.473635 0.131822 NA -1.104276 1.419066 0.363650 -0.357849 0.359052 -1.734342 1.655272 0.627086 -0.480962 8.385210 1.000000
43 -0.507652 -1.217546 1.262301 0.363242 -0.246986 -2.166701 -0.274282 -0.813982 -0.170795 -1.430866 0.198874 -1.025680 -0.734224 -0.672868 0.339439 -1.272744 1.594723 -0.141238 -0.672381 -2.918542 -0.261698 0.287372 0.881533 -1.910654 -1.760369 -0.222226 1.034661 NA -2.434700 -1.107053 0.969575 0.290925 0.365034 -1.690089 1.074069 -0.521427 -0.470312 1.709568 -0.008206 -1.166473 0.321845 -0.278891 -2.520873 NA -1.041413 0.089321 -0.557280 -1.114241 NA -0.248369 0.355632 -0.341129 -0.285748 -0.916895 -0.876239 NA 0.868645 NA 0.056306 1.434143 0.022282 1.000000
44 NA -0.253336 0.749973 0.386328 -1.152303 0.933904 0.117567 -1.785210 0.337495 -1.285996 0.680887 -1.961515 -1.480589 -0.783541 0.906533 NA 2.341514 1.017383 0.425529 0.848001 0.976917 1.113705 1.112463 -0.038116 -0.024026 -0.330189 0.102095 -0.940742 0.308364 0.440617 -0.755385 -1.091619 0.907746 -0.642865 -0.032674 -0.463586 -0.649749 -0.682446 1.495003 -0.051058 -0.261099 NA 0.133372 -0.068322 0.607109 1.072656 0.400152 -0.580906 0.444628 -0.260111 0.310554 -1.654460 -1.818079 0.034950 0.318618 -0.511877 -1.524915 0.681783 0.003229 -1.419360 1.133191 1.000000
45 -0.860046 1.062758 -0.441183 -0.833468 2.578835 0.002791 1.733355 0.744365 0.081389 -1.679137 0.468411 -0.518457 0.517486 0.791977 -0.864958 -0.830050 1.482418 -0.596050 0.448011 -0.611674 -0.652273 0.821859 0.899453 1.310334 0.018978 -0.774829 -0.886336 0.242891 -0.110425 -0.798580 0.531665 -0.829153 0.412248 1.703469 -0.518418 -0.523451 -1.663648 0.359265 1.645425 -1.012209 0.908026 1.958311 0.623756 -1.219065 -1.521068 -0.031292 -1.193101 -0.307596 -1.047961 -1.102875 -0.867995 0.713894 -1.161693 -0.222096 1.133709 0.007464 1.189833 1.008653 0.618501 -0.737120 1.443919 1.000000
46 0.618229 -1.522145 0.424644 0.947152 0.600244 -1.591239 0.635403 -0.066352 0.507985 -0.710362 0.284476 -0.729010 0.463519 1.379632 0.810016 0.455386 0.903778 0.363313 0.991799 -0.279747 -0.646827 1.243785 0.032116 1.842717 -0.422778 0.264392 0.352964 -0.060056 0.770416 -1.281686 -1.528302 0.046505 -1.361217 1.375152 1.341858 -1.267861 -0.908193 0.077706 -0.467827 -1.665077 -0.297560 1.849863 0.174496 0.794301 -1.238342 -1.025663 1.661539 1.196601 -1.489080 1.290422 -0.159878 NA -0.535614 -1.005941 -1.238425 -2.189953 -1.122011 0.331137 NA 1.236200 1.406899 1.000000
47 -0.053888 -0.112011 -0.230447 -0.572108 -1.004977 -1.112511 NA -0.802750 0.628202 0.003375 -0.869270 -0.405881 1.821400 -0.507276 1.478073 -0.490341 NA 1.620470 -0.187341 0.565019 1.001413 -0.224779 -2.406762 -0.727104 -0.530750 0.610585 0.480904 2.582689 1.611349 -0.402467 -0.051030 0.066060 1.475777 0.124013 0.211342 -1.137069 1.412801 NA 0.185261 -0.086033 -0.054617 -0.155917 -1.390166 NA 1.866268 0.605522 0.454230 -0.175596 -0.513043 -0.499286 -1.719856 -1.233661 -0.017183 0.055130 -0.960144 NA 1.650615 0.743887 0.707580 1.014934 12.654494 1.000000
48 1.706605 NA -0.372242 -0.330424 0.959443 -0.016413 -0.599491 -0.146044 -0.476298 1.950434 0.239829 0.714256 1.868553 0.099731 1.880609 -0.587669 -1.230139 0.301675 0.557521 0.038322 -2.354744 0.835114 NA 0.228550 -0.265911 -0.393626 -1.237541 -0.275580 -0.482278 0.402586 -0.461292 -0.628441 -1.075817 1.789090 -2.240043 1.234815 0.838955 NA -0.222543 0.767126 -0.351090 1.149401 -0.118731 0.761104 1.314249 -1.121308 0.476243 1.192531 NA -1.201669 0.588728 -0.872229 0.716608 -0.114149 0.312418 2.631942 1.035090 0.533615 -1.101094 1.802795 0.456085 1.000000
49 -1.102628 -0.152294 1.235516 0.711423 -0.024229 -0.487625 0.226875 0.228724 0.750120 -0.971815 0.132594 0.831648 0.548207 -1.186395 0.313272 -0.999617 -0.420624 0.231191 -1.633591 0.166996 1.079458 -0.999606 0.219392 0.193045 -0.370175 -0.178168 -0.897594 -1.674525 0.481624 -0.694890 0.058675 -1.023945 0.358079 0.164181 -0.345695 -0.674268 1.497099 0.201252 1.001148 -0.395111 0.363410 0.817547 -0.689992 -0.033672 -1.335332 0.707068 -1.757343 3.444177 NA 0.661162 0.620756 0.447676 -1.375312 NA 1.590734 2.080527 0.424386 -1.052922 -0.152049 NA 1.041251 1.000000
50 -2.018907 -0.190932 -0.101820 -1.733623 1.150676 -0.952032 0.575709 0.591431 0.301044 -1.128277 0.483727 0.395663 0.334790 0.279052 -0.904843 0.416920 0.546563 -1.054929 -0.911552 0.078010 -0.832217 -0.118639 0.879253 0.916293 1.455032 0.051997 0.200704 -0.510098 0.880976 -0.402395 0.321132 -0.050682 -0.907652 0.361984 1.957813 -0.664637 0.094532 1.533912 -0.425627 -0.807075 0.322303 -0.235066 -0.122505 -0.465387 -0.115630 0.081083 -1.082461 -0.952972 -0.168115 -0.763812 -1.050325 0.509752 -1.571681 -2.199778 0.895368 -0.409541 -0.561152 NA -1.254132 0.757429 5.335092 1.000000
uncorrelated Gaussian covariates
missing covariate fraction: 0.050000
no latent classes
   lambda(t|risk 1)=C, <t>=4.000000 for zero covariates
   risk 1: beta[1]=0.500000
   risk 1: beta[2]=0.500000
   risk 1: beta[3]=0.500000
   risk 1: beta[4]=0.500000
   risk 1: beta[5]=0.500000
   risk 1: beta[6]=-0.500000
   risk 1: beta[7]=-0.500000
   risk 1: beta[8]=-0.500000
   risk 1: beta[9]=-0.500000
   risk 1: beta[10]=-0.500000
   risk 1: beta[11]=0.000000
   risk 1: beta[12]=0.000000
   risk 1: beta[13]=0.000000
   risk 1: beta[14]=0.000000
   risk 1: beta[15]=0.000000
   risk 1: beta[16]=0.000000
   risk 1: beta[17]=0.000000
   risk 1: beta[18]=0.000000
   risk 1: beta[19]=0.000000
   risk 1: beta[20]=0.000000
   risk 1: beta[21]=0.000000
   risk 1: beta[22]=0.000000
   risk 1: beta[23]=0.000000
   risk 1: beta[24]=0.000000
   risk 1: beta[25]=0.000000
   risk 1: beta[26]=0.000000
   risk 1: beta[27]=0.000000
   risk 1: beta[28]=0.000000
   risk 1: beta[29]=0.000000
   risk 1: beta[30]=0.000000
   risk 1: beta[31]=0.000000
   risk 1: beta[32]=0.000000
   risk 1: beta[33]=0.000000
   risk 1: beta[34]=0.000000
   risk 1: beta[35]=0.000000
   risk 1: beta[36]=0.000000
   risk 1: beta[37]=0.000000
   risk 1: beta[38]=0.000000
   risk 1: beta[39]=0.000000
   risk 1: beta[40]=0.000000
   risk 1: beta[41]=0.000000
   risk 1: beta[42]=0.000000
   risk 1: beta[43]=0.000000
   risk 1: beta[44]=0.000000
   risk 1: beta[45]=0.000000
   risk 1: beta[46]=0.000000
   risk 1: beta[47]=0.000000
   risk 1: beta[48]=0.000000
   risk 1: beta[49]=0.000000
   risk 1: beta[50]=0.000000
   risk 1: beta[51]=0.000000
   risk 1: beta[52]=0.000000
   risk 1: beta[53]=0.000000
   risk 1: beta[54]=0.000000
   risk 1: beta[55]=0.000000
   risk 1: beta[56]=0.000000
   risk 1: beta[57]=0.000000
   risk 1: beta[58]=0.000000
   risk 1: beta[59]=0.000000
   risk 1: beta[60]=0.000000
