0.000000 0.500000 0.500000
1.000000 0.689100 0.683300
2.000000 0.688300 0.691300
3.000000 0.687300 0.709300
4.000000 0.687100 0.719100
5.000000 0.729000 0.766000
6.000000 0.770800 0.807500
7.000000 0.765600 0.792200
8.000000 0.770000 0.799400
9.000000 0.773700 0.812800
10.000000 0.755900 0.807200
11.000000 0.763200 0.808100
12.000000 0.759600 0.815200
13.000000 0.756400 0.821300
14.000000 0.765300 0.829700
15.000000 0.757300 0.835100
16.000000 0.758000 0.832500
17.000000 0.747200 0.837600
18.000000 0.746700 0.841000
19.000000 0.742200 0.836800
20.000000 0.746800 0.856800
21.000000 0.746600 0.856700
22.000000 0.751900 0.872900
23.000000 0.748500 0.868100
24.000000 0.741700 0.867500
25.000000 0.730500 0.871400
26.000000 0.737200 0.868500
27.000000 0.725600 0.870800
28.000000 0.725300 0.869500
29.000000 0.712300 0.869900
30.000000 0.722500 0.867700
31.000000 0.722600 0.873800
32.000000 0.708800 0.882300
33.000000 0.715500 0.886100
34.000000 0.705100 0.897500
35.000000 0.703900 0.888400
36.000000 0.705100 0.896600
37.000000 0.693200 0.895400
38.000000 0.697600 0.898500
39.000000 0.701600 0.906300
40.000000 0.697100 0.910200
41.000000 0.692500 0.907200
42.000000 0.684300 0.913900
43.000000 0.683600 0.913300
44.000000 0.690400 0.919200
45.000000 0.676400 0.922000
46.000000 0.685300 0.925400
47.000000 0.673800 0.922300
48.000000 0.676500 0.923800
49.000000 0.660000 0.926100
50.000000 0.672600 0.930900
51.000000 0.663100 0.933500
52.000000 0.668600 0.928700
53.000000 0.653000 0.929700
54.000000 0.648900 0.935300
55.000000 0.651500 0.936600
56.000000 0.638500 0.937300
57.000000 0.631600 0.936800
58.000000 0.643500 0.939600
59.000000 0.629700 0.940600
60.000000 0.637300 0.945500
61.000000 0.633100 0.945100
62.000000 0.627700 0.947900
63.000000 0.618500 0.947000
64.000000 0.615100 0.947700
65.000000 0.612900 0.948200
66.000000 0.612500 0.949400
67.000000 0.611100 0.950700
68.000000 0.611300 0.951100
69.000000 0.608300 0.954600
70.000000 0.600300 0.954300
71.000000 0.591200 0.957300
72.000000 0.596000 0.955100
73.000000 0.595800 0.959900
74.000000 0.588400 0.959000
75.000000 0.579400 0.961300
76.000000 0.578600 0.962800
77.000000 0.570600 0.960900
78.000000 0.576600 0.960900
79.000000 0.573500 0.961200
80.000000 0.567600 0.962600
