active=50: 1 2 3 4 5 6 7 8 9 10 11 12 13 14 15 16 17 18 19 20 21 22 23 24 25 26 27 28 29 30 31 32 33 34 35 36 37 38 39 40 41 42 43 44 45 46 47 48 49 50 
active=49: 1 3 4 5 6 7 8 9 10 11 12 13 14 15 16 17 18 19 20 21 22 23 24 25 26 27 28 29 30 31 32 33 34 35 36 37 38 39 40 41 42 43 44 45 46 47 48 49 50 
active=48: 1 3 4 5 6 7 8 9 10 11 12 13 14 15 16 17 18 19 20 21 22 23 24 25 26 27 28 29 30 31 32 33 34 35 36 37 38 39 40 41 42 43 44 45 46 47 49 50 
active=47: 1 3 4 5 6 7 8 9 10 11 12 13 14 15 16 17 18 19 20 21 22 23 24 25 26 27 28 29 30 31 32 33 34 35 36 37 38 39 40 41 43 44 45 46 47 49 50 
active=46: 1 3 4 5 6 7 8 9 10 11 12 13 14 15 16 17 18 19 20 21 22 23 24 25 26 27 29 30 31 32 33 34 35 36 37 38 39 40 41 43 44 45 46 47 49 50 
active=45: 1 3 4 5 6 7 8 9 10 11 12 13 14 15 16 17 18 19 20 21 22 23 24 25 26 27 29 30 31 32 33 34 35 36 37 38 39 40 43 44 45 46 47 49 50 
active=44: 1 3 4 5 6 7 8 9 10 11 12 13 14 15 16 17 18 19 20 21 22 23 24 25 26 27 29 30 31 32 33 34 35 36 37 38 39 40 43 44 45 46 47 49 
active=43: 1 3 4 5 6 7 8 9 10 11 12 13 14 15 16 17 18 19 21 22 23 24 25 26 27 29 30 31 32 33 34 35 36 37 38 39 40 43 44 45 46 47 49 
active=42: 1 3 4 5 6 7 8 9 10 11 12 13 14 15 16 17 18 19 22 23 24 25 26 27 29 30 31 32 33 34 35 36 37 38 39 40 43 44 45 46 47 49 
active=41: 1 3 4 5 6 7 8 9 10 11 12 13 14 15 16 17 18 22 23 24 25 26 27 29 30 31 32 33 34 35 36 37 38 39 40 43 44 45 46 47 49 
active=40: 3 4 5 6 7 8 9 10 11 12 13 14 15 16 17 18 22 23 24 25 26 27 29 30 31 32 33 34 35 36 37 38 39 40 43 44 45 46 47 49 
active=39: 3 4 5 6 7 8 9 10 11 12 13 14 15 16 17 18 22 23 24 25 26 27 29 30 31 32 33 34 35 36 37 38 39 40 44 45 46 47 49 
active=38: 3 4 5 6 7 8 9 10 11 12 13 14 15 16 17 18 22 23 24 25 26 27 29 30 31 32 33 34 35 36 37 39 40 44 45 46 47 49 
active=37: 3 4 5 6 7 8 9 10 11 12 13 14 15 16 17 18 22 23 24 25 26 27 29 30 31 32 33 34 35 36 37 39 40 44 45 46 49 
active=36: 3 4 5 6 7 8 9 10 11 12 13 14 15 16 17 18 22 23 24 25 26 27 29 30 31 32 33 34 35 36 37 39 44 45 46 49 
active=35: 3 4 5 6 7 8 9 10 11 12 13 14 15 16 17 18 22 23 24 25 26 27 29 30 31 32 33 34 35 36 37 39 44 45 49 
active=34: 3 4 5 6 7 8 9 10 11 12 13 14 15 16 17 18 22 23 24 25 26 27 29 30 31 32 33 34 35 36 37 39 44 49 
active=33: 3 4 5 6 7 8 9 10 11 12 13 14 15 16 17 18 22 23 24 25 26 27 29 31 32 33 34 35 36 37 39 44 49 
active=32: 3 4 5 6 7 8 9 10 11 12 13 14 15 16 17 18 22 23 24 25 26 27 29 31 32 33 34 35 36 37 44 49 
active=31: 3 5 6 7 8 9 10 11 12 13 14 15 16 17 18 22 23 24 25 26 27 29 31 32 33 34 35 36 37 44 49 
active=30: 3 5 6 7 8 9 10 11 12 13 14 15 16 17 18 22 23 24 25 26 27 29 31 32 33 34 35 36 37 49 
active=29: 5 6 7 8 9 10 11 12 13 14 15 16 17 18 22 23 24 25 26 27 29 31 32 33 34 35 36 37 49 
active=28: 5 6 7 8 9 11 12 13 14 15 16 17 18 22 23 24 25 26 27 29 31 32 33 34 35 36 37 49 
active=27: 5 6 7 8 9 11 12 13 14 15 16 17 18 22 23 24 25 26 27 29 31 32 33 34 35 36 49 
active=26: 5 6 7 8 9 11 12 13 14 15 16 17 18 22 23 24 25 26 27 29 31 32 33 34 35 36 
active=25: 5 6 7 8 9 11 12 13 14 15 16 17 18 22 23 24 25 26 27 29 31 33 34 35 36 
active=24: 5 6 7 8 9 11 12 13 15 16 17 18 22 23 24 25 26 27 29 31 33 34 35 36 
active=23: 5 6 7 8 9 11 12 13 15 16 17 18 22 23 25 26 27 29 31 33 34 35 36 
active=22: 5 6 7 8 9 11 12 13 15 17 18 22 23 25 26 27 29 31 33 34 35 36 
active=21: 5 6 7 8 9 12 13 15 17 18 22 23 25 26 27 29 31 33 34 35 36 
active=20: 5 7 8 9 12 13 15 17 18 22 23 25 26 27 29 31 33 34 35 36 
active=19: 5 7 8 9 12 13 15 17 18 22 23 25 26 27 29 33 34 35 36 
active=18: 5 7 8 9 12 13 15 17 18 22 25 26 27 29 33 34 35 36 
active=17: 5 7 8 9 13 15 17 18 22 25 26 27 29 33 34 35 36 
active=16: 5 7 8 9 15 17 18 22 25 26 27 29 33 34 35 36 
active=15: 7 8 9 15 17 18 22 25 26 27 29 33 34 35 36 
active=14: 7 9 15 17 18 22 25 26 27 29 33 34 35 36 
active=13: 7 9 15 17 18 22 25 26 27 33 34 35 36 
active=12: 9 15 17 18 22 25 26 27 33 34 35 36 
active=11: 9 15 17 22 25 26 27 33 34 35 36 
active=10: 9 15 22 25 26 27 33 34 35 36 
active=9: 9 15 25 26 27 33 34 35 36 
active=8: 9 25 26 27 33 34 35 36 
active=7: 9 25 26 27 34 35 36 
active=6: 9 25 26 27 34 35 
active=5: 9 25 26 27 35 
active=4: 9 25 26 35 
active=3: 9 25 26 
active=2: 25 26 
active=1: 25 
