0.000000 0.740000 0.740000
1.000000 0.742500 0.746000
2.000000 0.740700 0.745000
3.000000 0.756400 0.762100
4.000000 0.776200 0.788000
5.000000 0.739800 0.761800
6.000000 0.756800 0.776200
7.000000 0.789900 0.809700
8.000000 0.793100 0.823400
9.000000 0.798800 0.834400
10.000000 0.809100 0.836700
11.000000 0.820200 0.844800
12.000000 0.820600 0.850000
13.000000 0.819800 0.863600
14.000000 0.835800 0.893900
15.000000 0.845600 0.900600
16.000000 0.843900 0.901800
17.000000 0.825900 0.895000
18.000000 0.835700 0.905300
19.000000 0.836700 0.905300
20.000000 0.830500 0.919900
21.000000 0.854600 0.917000
22.000000 0.871100 0.929400
23.000000 0.868800 0.932100
24.000000 0.867600 0.932100
25.000000 0.863400 0.932500
26.000000 0.873700 0.934800
27.000000 0.872700 0.937700
28.000000 0.873700 0.936300
29.000000 0.876700 0.940900
30.000000 0.880100 0.943600
31.000000 0.871100 0.948400
32.000000 0.867100 0.947500
33.000000 0.868000 0.950000
34.000000 0.864200 0.943100
35.000000 0.865900 0.953100
36.000000 0.865900 0.955400
37.000000 0.857900 0.956000
38.000000 0.864600 0.954900
39.000000 0.857500 0.960500
40.000000 0.858100 0.962300
41.000000 0.854200 0.959600
42.000000 0.852900 0.962200
43.000000 0.856400 0.964700
44.000000 0.851500 0.962500
45.000000 0.849100 0.961900
46.000000 0.843800 0.965000
47.000000 0.840700 0.958800
48.000000 0.836500 0.966200
49.000000 0.828700 0.966900
50.000000 0.832200 0.963700
