0.000000 0.400000
1.000000 0.619000
2.000000 0.679000
3.000000 0.837000
4.000000 0.800000
5.000000 0.845000
6.000000 0.840000
7.000000 0.829000
8.000000 0.826000
9.000000 0.781000
10.000000 0.836000
11.000000 0.851000
12.000000 0.837000
13.000000 0.870000
14.000000 0.855000
15.000000 0.857000
16.000000 0.856000
17.000000 0.844000
18.000000 0.875000
19.000000 0.835000
20.000000 0.807000
21.000000 0.796000
22.000000 0.778000
23.000000 0.806000
24.000000 0.798000
25.000000 0.768000
26.000000 0.754000
27.000000 0.731000
28.000000 0.704000
29.000000 0.715000
30.000000 0.733000
31.000000 0.712000
32.000000 0.691000
33.000000 0.692000
34.000000 0.658000
35.000000 0.658000
36.000000 0.666000
37.000000 0.658000
38.000000 0.642000
39.000000 0.630000
40.000000 0.595000
41.000000 0.619000
42.000000 0.611000
43.000000 0.631000
44.000000 0.601000
45.000000 0.588000
46.000000 0.574000
47.000000 0.582000
48.000000 0.565000
49.000000 0.568000
50.000000 0.571000
51.000000 0.595000
52.000000 0.558000
53.000000 0.546000
54.000000 0.512000
55.000000 0.516000
56.000000 0.531000
57.000000 0.501000
58.000000 0.513000
59.000000 0.523000
60.000000 0.486000
