0.000000 0.530400
1.000000 0.622100
2.000000 0.711300
3.000000 0.669000
4.000000 0.699400
5.000000 0.712000
6.000000 0.749100
7.000000 0.763800
8.000000 0.770000
9.000000 0.780700
10.000000 0.778400
11.000000 0.787300
12.000000 0.770500
13.000000 0.759000
14.000000 0.757700
15.000000 0.749700
16.000000 0.782700
17.000000 0.781200
18.000000 0.780000
19.000000 0.781100
20.000000 0.794400
21.000000 0.799700
22.000000 0.809400
23.000000 0.810500
24.000000 0.815600
25.000000 0.822500
26.000000 0.820300
27.000000 0.822200
28.000000 0.826000
29.000000 0.826100
30.000000 0.823200
31.000000 0.825300
32.000000 0.821700
33.000000 0.814500
34.000000 0.817900
35.000000 0.805400
36.000000 0.808400
37.000000 0.810300
38.000000 0.806500
39.000000 0.797400
40.000000 0.790900
