active=40: 1 2 3 4 5 6 7 8 9 10 11 12 13 14 15 16 17 18 19 20 21 22 23 24 25 26 27 28 29 30 31 32 33 34 35 36 37 38 39 40 
active=39: 1 2 3 4 5 6 7 8 9 11 12 13 14 15 16 17 18 19 20 21 22 23 24 25 26 27 28 29 30 31 32 33 34 35 36 37 38 39 40 
active=38: 1 2 3 4 5 6 7 8 9 11 12 13 14 15 16 17 18 19 20 22 23 24 25 26 27 28 29 30 31 32 33 34 35 36 37 38 39 40 
active=37: 1 2 3 4 5 6 7 8 9 11 12 13 14 15 16 18 19 20 22 23 24 25 26 27 28 29 30 31 32 33 34 35 36 37 38 39 40 
active=36: 1 2 3 4 5 6 7 8 9 11 12 13 14 15 16 18 19 20 23 24 25 26 27 28 29 30 31 32 33 34 35 36 37 38 39 40 
active=35: 1 3 4 5 6 7 8 9 11 12 13 14 15 16 18 19 20 23 24 25 26 27 28 29 30 31 32 33 34 35 36 37 38 39 40 
active=34: 1 3 4 5 6 7 8 9 11 12 13 14 15 16 18 19 20 23 24 25 26 27 28 29 30 31 32 33 34 35 36 37 38 40 
active=33: 1 3 4 5 6 7 8 9 11 12 13 14 15 16 18 19 20 23 24 25 27 28 29 30 31 32 33 34 35 36 37 38 40 
active=32: 1 3 5 6 7 8 9 11 12 13 14 15 16 18 19 20 23 24 25 27 28 29 30 31 32 33 34 35 36 37 38 40 
active=31: 1 3 5 6 7 8 9 11 12 13 14 15 16 18 19 20 23 24 25 27 28 29 30 31 33 34 35 36 37 38 40 
active=30: 1 3 6 7 8 9 11 12 13 14 15 16 18 19 20 23 24 25 27 28 29 30 31 33 34 35 36 37 38 40 
active=29: 1 3 6 7 8 9 11 12 13 14 15 16 18 19 20 24 25 27 28 29 30 31 33 34 35 36 37 38 40 
active=28: 1 3 6 7 8 9 11 12 13 14 15 16 18 19 20 24 27 28 29 30 31 33 34 35 36 37 38 40 
active=27: 1 3 6 7 8 9 11 12 13 14 15 16 18 19 20 24 27 28 29 30 31 33 35 36 37 38 40 
active=26: 1 3 7 8 9 11 12 13 14 15 16 18 19 20 24 27 28 29 30 31 33 35 36 37 38 40 
active=25: 1 3 7 8 9 11 12 13 14 15 16 18 19 20 24 27 28 29 30 31 35 36 37 38 40 
active=24: 1 3 7 8 9 11 12 13 14 15 16 18 19 20 24 27 28 29 30 31 35 36 37 40 
active=23: 1 3 7 8 9 11 12 13 14 15 16 18 19 20 27 28 29 30 31 35 36 37 40 
active=22: 1 3 7 8 9 11 12 13 14 15 16 18 19 20 27 28 29 31 35 36 37 40 
active=21: 1 3 7 8 9 11 12 13 14 15 16 18 19 20 28 29 31 35 36 37 40 
active=20: 1 3 7 8 9 11 12 13 14 15 16 18 19 20 28 29 35 36 37 40 
active=19: 1 3 7 8 9 11 12 13 15 16 18 19 20 28 29 35 36 37 40 
active=18: 1 3 7 9 11 12 13 15 16 18 19 20 28 29 35 36 37 40 
active=17: 1 3 7 9 12 13 15 16 18 19 20 28 29 35 36 37 40 
active=16: 1 3 7 9 12 13 15 16 18 19 20 28 29 35 37 40 
active=15: 1 3 7 9 12 15 16 18 19 20 28 29 35 37 40 
active=14: 1 3 7 9 12 15 16 18 20 28 29 35 37 40 
active=13: 1 3 7 9 12 15 18 20 28 29 35 37 40 
active=12: 1 3 7 9 15 18 20 28 29 35 37 40 
active=11: 1 3 7 9 15 20 28 29 35 37 40 
active=10: 1 3 7 9 15 20 28 35 37 40 
active=9: 1 3 7 9 15 20 35 37 40 
active=8: 1 3 9 15 20 35 37 40 
active=7: 1 9 15 20 35 37 40 
active=6: 1 15 20 35 37 40 
active=5: 1 20 35 37 40 
active=4: 1 20 35 40 
active=3: 1 20 40 
active=2: 1 40 
active=1: 1 
