0.000000 0.500000 0.500000
1.000000 0.659600 0.666600
2.000000 0.687600 0.700200
3.000000 0.702800 0.717500
4.000000 0.706400 0.736600
5.000000 0.705000 0.740400
6.000000 0.713100 0.757200
7.000000 0.718800 0.768200
8.000000 0.722600 0.767900
9.000000 0.715900 0.759900
10.000000 0.705600 0.763800
11.000000 0.686900 0.757800
12.000000 0.686100 0.761900
13.000000 0.685400 0.768700
14.000000 0.677900 0.781300
15.000000 0.684700 0.780100
16.000000 0.683200 0.782900
17.000000 0.674200 0.782500
18.000000 0.678900 0.788700
19.000000 0.666900 0.797500
20.000000 0.668300 0.790400
21.000000 0.659600 0.792400
22.000000 0.657800 0.794900
23.000000 0.655000 0.805200
24.000000 0.646300 0.803600
25.000000 0.648900 0.806700
26.000000 0.643000 0.815000
27.000000 0.642500 0.812700
28.000000 0.635300 0.808700
29.000000 0.630600 0.816500
30.000000 0.630300 0.820700
31.000000 0.627300 0.824200
32.000000 0.622800 0.835400
33.000000 0.615700 0.833900
34.000000 0.618200 0.836600
35.000000 0.614100 0.840800
36.000000 0.604100 0.841500
37.000000 0.598700 0.849100
38.000000 0.600000 0.850700
39.000000 0.602000 0.853700
40.000000 0.588600 0.857700
