1 -0.266350425532 0.988068862731
2 0.189188600000 0.831128592011
3 -0.101764468085 1.139619477759
4 -0.191221102041 0.969182058276
5 -0.138062145833 0.940591502204
6 -0.043050714286 0.984319847579
7 -0.011700291667 0.956219327681
8 0.048131583333 1.097312187360
9 -0.025978395833 0.921209886637
10 0.186751229167 0.922280741863
11 0.152719244898 0.880852613492
12 0.020520212766 0.955063153022
13 -0.067784565217 1.044504875230
14 0.187780063830 0.966640552814
15 0.044743021739 1.000870760138
16 0.188205591837 0.832479924312
17 0.223354937500 0.992319200416
18 0.034584265306 0.899884235978
19 -0.047274395833 1.057106551099
20 0.033418200000 0.902413135679
21 -0.009550183673 1.010558740260
22 0.193355187500 0.997736883768
23 0.133959833333 1.003642308269
24 0.074573733333 0.954921029963
25 -0.024876413043 0.947822884958
26 -0.070953958333 1.002866396808
27 0.005064020833 1.016218417352
28 0.050239040816 0.860979775306
29 -0.027513085106 1.011741184431
30 0.183311255319 0.738535486455
31 -0.111131458333 0.952068759416
32 0.103083979167 1.010706141308
33 -0.178593291667 1.069617929787
34 0.097131590909 0.958952230963
35 0.104241551020 1.062362462671
36 -0.148712829787 0.968821709375
37 -0.091452891304 1.029586438015
38 -0.072380934783 1.018288154163
39 -0.136679479167 0.901541240122
40 0.167430166667 1.058308182586
