0.000000 0.500510 0.509500
1.000000 0.647041 0.651800
2.000000 0.676735 0.692600
3.000000 0.679694 0.705700
4.000000 0.690714 0.718000
5.000000 0.692347 0.735000
6.000000 0.689592 0.732000
7.000000 0.706735 0.765400
8.000000 0.735306 0.797300
9.000000 0.757245 0.811100
10.000000 0.749082 0.802900
11.000000 0.735306 0.805900
12.000000 0.751735 0.819700
13.000000 0.748980 0.822100
14.000000 0.739388 0.816700
15.000000 0.743673 0.825100
16.000000 0.751531 0.828900
17.000000 0.747551 0.844300
18.000000 0.758673 0.849500
19.000000 0.749082 0.849200
20.000000 0.746327 0.852200
21.000000 0.754490 0.856900
22.000000 0.756327 0.871100
23.000000 0.761224 0.878600
24.000000 0.763061 0.885900
25.000000 0.761837 0.891800
26.000000 0.756939 0.894000
27.000000 0.750204 0.892700
28.000000 0.753878 0.897600
29.000000 0.749184 0.900700
30.000000 0.755306 0.898400
31.000000 0.754286 0.902300
32.000000 0.745102 0.910500
33.000000 0.741939 0.909700
34.000000 0.737551 0.916700
35.000000 0.737449 0.919100
36.000000 0.747959 0.928900
37.000000 0.745918 0.927200
38.000000 0.752041 0.929400
39.000000 0.753776 0.935000
40.000000 0.751327 0.934600
41.000000 0.739898 0.941600
42.000000 0.740306 0.942600
43.000000 0.735102 0.940600
44.000000 0.729388 0.943200
45.000000 0.727143 0.945400
46.000000 0.723776 0.946700
47.000000 0.710816 0.947800
48.000000 0.710816 0.946200
49.000000 0.703673 0.948400
50.000000 0.710918 0.949200
51.000000 0.699592 0.951700
52.000000 0.688673 0.951600
53.000000 0.695918 0.952300
54.000000 0.690510 0.950900
55.000000 0.691122 0.954700
56.000000 0.691020 0.956300
57.000000 0.680204 0.957100
58.000000 0.678980 0.957100
59.000000 0.681327 0.958800
60.000000 0.677143 0.959300
61.000000 0.668061 0.962400
62.000000 0.672551 0.957800
63.000000 0.671224 0.959500
64.000000 0.662551 0.963200
65.000000 0.657959 0.960600
66.000000 0.655918 0.959000
67.000000 0.651939 0.963900
68.000000 0.642347 0.965000
69.000000 0.647653 0.964400
70.000000 0.639388 0.966400
71.000000 0.640612 0.966100
72.000000 0.635204 0.967200
73.000000 0.637959 0.966500
74.000000 0.635918 0.966200
75.000000 0.626939 0.968000
76.000000 0.633571 0.967500
77.000000 0.621735 0.969200
78.000000 0.623571 0.968800
79.000000 0.626020 0.971600
80.000000 0.621020 0.970500
81.000000 0.614796 0.971600
82.000000 0.615612 0.970600
83.000000 0.614184 0.972100
84.000000 0.603469 0.971900
85.000000 0.610816 0.971800
86.000000 0.603673 0.972600
87.000000 0.603265 0.972700
88.000000 0.605102 0.973000
89.000000 0.598265 0.973000
90.000000 0.592347 0.973000
91.000000 0.588061 0.973300
92.000000 0.596327 0.972400
93.000000 0.583776 0.974500
94.000000 0.585714 0.974700
95.000000 0.578673 0.975600
96.000000 0.581429 0.974700
97.000000 0.571939 0.975300
98.000000 0.570306 0.975900
99.000000 0.567347 0.975600
100.000000 0.573980 0.974500
