active=60: 1 2 3 4 5 6 7 8 9 10 11 12 13 14 15 16 17 18 19 20 21 22 23 24 25 26 27 28 29 30 31 32 33 34 35 36 37 38 39 40 41 42 43 44 45 46 47 48 49 50 51 52 53 54 55 56 57 58 59 60 
active=59: 1 2 3 4 5 6 7 8 9 10 11 12 13 14 15 16 17 18 19 20 21 22 23 24 25 26 27 28 29 30 31 32 33 34 35 36 37 38 39 40 41 42 43 44 45 46 47 48 49 50 51 52 53 54 55 57 58 59 60 
active=58: 1 2 3 4 5 6 7 8 9 10 11 12 13 14 15 16 17 18 19 20 21 22 23 24 25 26 27 28 29 30 31 32 33 34 35 36 37 38 39 40 41 42 43 44 45 46 47 48 49 50 51 52 53 54 55 57 58 59 
active=57: 1 2 3 4 5 6 7 8 9 10 11 12 13 14 15 16 17 18 19 20 21 22 23 24 25 26 27 28 29 30 31 32 33 34 35 36 37 38 39 40 41 42 43 44 45 46 48 49 50 51 52 53 54 55 57 58 59 
active=56: 1 2 3 4 5 6 7 8 9 10 11 12 13 14 15 16 17 18 19 20 21 22 23 24 25 26 28 29 30 31 32 33 34 35 36 37 38 39 40 41 42 43 44 45 46 48 49 50 51 52 53 54 55 57 58 59 
active=55: 1 2 3 4 5 6 7 8 9 10 11 12 13 14 16 17 18 19 20 21 22 23 24 25 26 28 29 30 31 32 33 34 35 36 37 38 39 40 41 42 43 44 45 46 48 49 50 51 52 53 54 55 57 58 59 
active=54: 1 2 3 4 6 7 8 9 10 11 12 13 14 16 17 18 19 20 21 22 23 24 25 26 28 29 30 31 32 33 34 35 36 37 38 39 40 41 42 43 44 45 46 48 49 50 51 52 53 54 55 57 58 59 
active=53: 1 2 3 4 6 7 8 9 10 11 12 13 14 16 17 18 19 20 21 22 23 24 25 26 29 30 31 32 33 34 35 36 37 38 39 40 41 42 43 44 45 46 48 49 50 51 52 53 54 55 57 58 59 
active=52: 1 2 3 4 6 7 8 9 10 11 12 13 14 16 17 18 19 20 21 22 23 24 25 26 29 30 31 32 33 34 35 36 37 38 39 40 41 42 43 44 45 46 48 49 50 51 52 53 55 57 58 59 
active=51: 1 2 3 4 6 7 8 9 10 11 12 13 14 16 17 18 19 20 21 22 23 24 25 26 29 30 32 33 34 35 36 37 38 39 40 41 42 43 44 45 46 48 49 50 51 52 53 55 57 58 59 
active=50: 1 2 3 4 6 7 8 9 10 11 12 13 14 16 17 18 19 20 21 22 23 24 25 26 29 30 32 33 34 35 36 37 38 39 40 41 42 43 44 46 48 49 50 51 52 53 55 57 58 59 
active=49: 1 2 3 4 6 7 8 9 11 12 13 14 16 17 18 19 20 21 22 23 24 25 26 29 30 32 33 34 35 36 37 38 39 40 41 42 43 44 46 48 49 50 51 52 53 55 57 58 59 
active=48: 1 2 3 4 6 7 8 9 11 12 13 14 16 17 18 19 20 21 22 23 24 25 26 29 30 32 33 34 35 36 37 38 39 40 41 42 43 44 46 48 49 50 51 52 53 55 57 59 
active=47: 2 3 4 6 7 8 9 11 12 13 14 16 17 18 19 20 21 22 23 24 25 26 29 30 32 33 34 35 36 37 38 39 40 41 42 43 44 46 48 49 50 51 52 53 55 57 59 
active=46: 2 3 4 6 7 8 9 11 12 13 14 16 17 18 19 20 21 22 23 24 25 26 29 30 32 33 34 35 36 37 38 39 40 41 42 43 44 48 49 50 51 52 53 55 57 59 
active=45: 2 3 4 6 7 8 9 11 12 13 16 17 18 19 20 21 22 23 24 25 26 29 30 32 33 34 35 36 37 38 39 40 41 42 43 44 48 49 50 51 52 53 55 57 59 
active=44: 2 3 4 6 7 8 9 11 12 13 16 17 18 19 20 21 22 23 24 25 26 29 30 32 33 34 36 37 38 39 40 41 42 43 44 48 49 50 51 52 53 55 57 59 
active=43: 2 3 4 6 7 8 11 12 13 16 17 18 19 20 21 22 23 24 25 26 29 30 32 33 34 36 37 38 39 40 41 42 43 44 48 49 50 51 52 53 55 57 59 
active=42: 2 3 4 6 7 11 12 13 16 17 18 19 20 21 22 23 24 25 26 29 30 32 33 34 36 37 38 39 40 41 42 43 44 48 49 50 51 52 53 55 57 59 
active=41: 2 3 4 6 7 11 12 16 17 18 19 20 21 22 23 24 25 26 29 30 32 33 34 36 37 38 39 40 41 42 43 44 48 49 50 51 52 53 55 57 59 
active=40: 2 3 4 6 7 11 12 16 17 18 19 20 21 22 23 24 25 26 29 30 32 33 34 37 38 39 40 41 42 43 44 48 49 50 51 52 53 55 57 59 
active=39: 3 4 6 7 11 12 16 17 18 19 20 21 22 23 24 25 26 29 30 32 33 34 37 38 39 40 41 42 43 44 48 49 50 51 52 53 55 57 59 
active=38: 3 4 6 7 11 12 16 17 18 19 20 21 22 23 24 25 26 29 30 33 34 37 38 39 40 41 42 43 44 48 49 50 51 52 53 55 57 59 
active=37: 3 4 6 11 12 16 17 18 19 20 21 22 23 24 25 26 29 30 33 34 37 38 39 40 41 42 43 44 48 49 50 51 52 53 55 57 59 
active=36: 3 4 6 11 12 16 17 18 19 21 22 23 24 25 26 29 30 33 34 37 38 39 40 41 42 43 44 48 49 50 51 52 53 55 57 59 
active=35: 3 4 6 11 12 16 17 18 19 21 22 23 24 25 26 29 30 33 34 37 38 39 40 41 42 43 48 49 50 51 52 53 55 57 59 
active=34: 3 4 6 11 12 16 17 18 19 21 22 23 24 25 26 29 30 33 34 37 39 40 41 42 43 48 49 50 51 52 53 55 57 59 
active=33: 3 4 6 11 12 16 17 18 19 21 22 23 24 25 26 29 30 33 34 37 39 40 41 42 43 48 49 51 52 53 55 57 59 
active=32: 3 4 6 11 12 16 17 18 19 21 22 23 25 26 29 30 33 34 37 39 40 41 42 43 48 49 51 52 53 55 57 59 
active=31: 3 4 6 11 12 16 17 18 19 21 22 23 25 26 30 33 34 37 39 40 41 42 43 48 49 51 52 53 55 57 59 
active=30: 3 4 6 11 12 16 17 18 19 21 22 23 25 26 30 34 37 39 40 41 42 43 48 49 51 52 53 55 57 59 
active=29: 3 4 6 11 12 16 17 18 21 22 23 25 26 30 34 37 39 40 41 42 43 48 49 51 52 53 55 57 59 
active=28: 3 4 11 12 16 17 18 21 22 23 25 26 30 34 37 39 40 41 42 43 48 49 51 52 53 55 57 59 
active=27: 3 4 11 12 16 17 18 21 22 23 25 26 30 34 37 40 41 42 43 48 49 51 52 53 55 57 59 
active=26: 4 11 12 16 17 18 21 22 23 25 26 30 34 37 40 41 42 43 48 49 51 52 53 55 57 59 
active=25: 4 11 12 16 17 18 21 22 23 26 30 34 37 40 41 42 43 48 49 51 52 53 55 57 59 
active=24: 4 11 12 16 17 18 21 22 23 26 30 34 37 40 41 42 43 48 49 51 53 55 57 59 
active=23: 4 11 12 16 17 18 21 22 26 30 34 37 40 41 42 43 48 49 51 53 55 57 59 
active=22: 11 12 16 17 18 21 22 26 30 34 37 40 41 42 43 48 49 51 53 55 57 59 
active=21: 11 12 16 17 18 21 22 26 30 34 37 41 42 43 48 49 51 53 55 57 59 
active=20: 11 12 16 17 18 21 22 26 30 34 37 41 42 43 49 51 53 55 57 59 
active=19: 11 12 16 17 18 21 22 26 30 34 37 41 43 49 51 53 55 57 59 
active=18: 11 12 16 17 18 22 26 30 34 37 41 43 49 51 53 55 57 59 
active=17: 11 12 16 18 22 26 30 34 37 41 43 49 51 53 55 57 59 
active=16: 11 12 16 18 22 26 30 34 37 41 43 49 51 55 57 59 
active=15: 11 12 16 18 22 26 30 34 37 41 43 49 51 57 59 
active=14: 11 12 16 18 22 26 30 34 37 41 43 49 51 57 
active=13: 11 12 16 18 22 26 30 34 37 41 43 49 57 
active=12: 11 12 16 22 26 30 34 37 41 43 49 57 
active=11: 11 12 16 22 26 30 34 37 41 43 49 
active=10: 11 12 22 26 30 34 37 41 43 49 
active=9: 11 12 22 26 30 34 37 41 43 
active=8: 11 12 22 30 34 37 41 43 
active=7: 11 12 22 30 34 37 41 
active=6: 12 22 30 34 37 41 
active=5: 12 22 30 34 41 
active=4: 22 30 34 41 
active=3: 30 34 41 
active=2: 34 41 
active=1: 41 
