0.000000 0.500000
1.000000 0.706250
2.000000 0.716250
3.000000 0.813750
4.000000 0.803750
5.000000 0.826250
6.000000 0.755000
7.000000 0.713750
8.000000 0.731250
9.000000 0.743750
10.000000 0.783750
11.000000 0.787500
12.000000 0.808750
13.000000 0.800000
14.000000 0.813750
15.000000 0.798750
16.000000 0.810000
17.000000 0.775000
18.000000 0.793750
19.000000 0.782500
20.000000 0.791250
21.000000 0.812500
22.000000 0.797500
23.000000 0.826250
24.000000 0.808750
25.000000 0.762500
26.000000 0.785000
27.000000 0.777500
28.000000 0.766250
29.000000 0.766250
30.000000 0.735000
31.000000 0.753750
32.000000 0.721250
33.000000 0.723750
34.000000 0.715000
35.000000 0.686250
36.000000 0.677500
37.000000 0.640000
38.000000 0.630000
39.000000 0.642500
40.000000 0.600000
41.000000 0.553750
42.000000 0.531250
43.000000 0.537500
44.000000 0.511250
45.000000 0.507500
46.000000 0.515000
47.000000 0.496250
48.000000 0.493750
49.000000 0.500000
50.000000 0.500000
51.000000 0.500000
52.000000 0.500000
53.000000 0.500000
54.000000 0.500000
55.000000 0.500000
56.000000 0.500000
57.000000 0.500000
58.000000 0.500000
59.000000 0.500000
60.000000 0.500000
