active=60: 1 2 3 4 5 6 7 8 9 10 11 12 13 14 15 16 17 18 19 20 21 22 23 24 25 26 27 28 29 30 31 32 33 34 35 36 37 38 39 40 41 42 43 44 45 46 47 48 49 50 51 52 53 54 55 56 57 58 59 60 
active=59: 1 2 3 4 5 6 7 8 9 10 11 12 13 14 15 16 17 18 19 20 21 22 23 24 25 26 27 28 29 30 31 32 33 34 35 36 37 38 39 40 41 43 44 45 46 47 48 49 50 51 52 53 54 55 56 57 58 59 60 
active=58: 1 3 4 5 6 7 8 9 10 11 12 13 14 15 16 17 18 19 20 21 22 23 24 25 26 27 28 29 30 31 32 33 34 35 36 37 38 39 40 41 43 44 45 46 47 48 49 50 51 52 53 54 55 56 57 58 59 60 
active=57: 1 3 4 5 6 7 8 9 10 11 12 13 14 15 17 18 19 20 21 22 23 24 25 26 27 28 29 30 31 32 33 34 35 36 37 38 39 40 41 43 44 45 46 47 48 49 50 51 52 53 54 55 56 57 58 59 60 
active=56: 1 3 4 5 6 7 8 9 10 11 12 13 15 17 18 19 20 21 22 23 24 25 26 27 28 29 30 31 32 33 34 35 36 37 38 39 40 41 43 44 45 46 47 48 49 50 51 52 53 54 55 56 57 58 59 60 
active=55: 1 3 4 5 6 7 8 9 10 11 12 13 15 17 18 19 20 21 22 23 24 25 26 27 28 29 30 31 32 33 34 35 36 37 39 40 41 43 44 45 46 47 48 49 50 51 52 53 54 55 56 57 58 59 60 
active=54: 1 3 4 5 6 7 8 9 10 11 12 13 15 17 18 19 20 21 22 23 24 25 26 27 28 29 30 31 32 33 34 35 36 37 39 40 41 43 44 45 46 47 48 49 50 51 52 53 54 55 56 58 59 60 
active=53: 1 3 4 5 6 7 8 9 10 11 12 13 15 17 18 19 20 21 22 23 24 25 26 27 29 30 31 32 33 34 35 36 37 39 40 41 43 44 45 46 47 48 49 50 51 52 53 54 55 56 58 59 60 
active=52: 1 3 4 5 6 7 8 9 10 11 12 13 15 17 18 19 20 21 22 23 24 25 26 27 29 30 31 32 33 34 35 36 37 39 40 41 43 44 45 46 47 48 49 50 52 53 54 55 56 58 59 60 
active=51: 1 3 4 5 6 7 8 9 10 11 12 13 15 17 18 19 20 21 22 23 24 25 26 27 29 30 31 32 33 34 35 36 37 39 40 41 43 44 45 46 47 48 49 50 52 53 54 55 56 58 59 
active=50: 1 3 4 5 6 7 8 9 10 12 13 15 17 18 19 20 21 22 23 24 25 26 27 29 30 31 32 33 34 35 36 37 39 40 41 43 44 45 46 47 48 49 50 52 53 54 55 56 58 59 
active=49: 1 3 4 5 6 7 8 9 10 12 13 15 17 18 19 20 21 22 23 24 25 26 27 29 30 31 32 34 35 36 37 39 40 41 43 44 45 46 47 48 49 50 52 53 54 55 56 58 59 
active=48: 1 3 4 5 6 7 8 9 10 12 13 15 17 19 20 21 22 23 24 25 26 27 29 30 31 32 34 35 36 37 39 40 41 43 44 45 46 47 48 49 50 52 53 54 55 56 58 59 
active=47: 1 3 4 5 6 7 8 9 10 12 13 15 17 19 20 21 22 23 24 25 26 27 29 30 32 34 35 36 37 39 40 41 43 44 45 46 47 48 49 50 52 53 54 55 56 58 59 
active=46: 1 3 4 5 6 7 8 9 10 12 13 15 17 19 20 21 22 23 24 25 26 27 29 30 32 34 35 36 37 39 40 41 43 44 45 46 47 48 49 52 53 54 55 56 58 59 
active=45: 1 3 4 5 6 7 8 9 10 12 13 15 17 19 20 21 22 23 24 25 26 27 29 30 32 34 35 37 39 40 41 43 44 45 46 47 48 49 52 53 54 55 56 58 59 
active=44: 1 3 4 5 6 7 8 9 10 12 13 15 17 19 20 21 22 23 25 26 27 29 30 32 34 35 37 39 40 41 43 44 45 46 47 48 49 52 53 54 55 56 58 59 
active=43: 1 3 4 5 6 7 8 9 10 12 13 15 17 19 20 21 22 23 25 26 27 29 30 32 34 35 37 39 40 41 43 44 45 46 47 48 49 52 53 55 56 58 59 
active=42: 1 3 4 5 6 7 8 9 10 12 13 15 17 19 20 21 22 23 25 26 27 29 30 32 34 35 37 39 40 41 43 44 45 46 47 48 49 52 53 55 56 59 
active=41: 1 3 4 5 6 7 8 9 10 12 13 15 17 19 20 21 22 23 25 26 27 29 30 32 34 35 37 39 40 41 43 44 45 46 47 49 52 53 55 56 59 
active=40: 1 3 4 5 6 7 8 9 10 12 13 15 17 19 20 21 22 23 25 26 27 29 30 32 34 35 37 39 40 41 43 44 45 46 47 52 53 55 56 59 
active=39: 1 3 4 5 6 7 8 9 10 12 13 15 17 19 20 21 22 23 26 27 29 30 32 34 35 37 39 40 41 43 44 45 46 47 52 53 55 56 59 
active=38: 1 3 4 5 6 7 8 9 10 12 13 15 17 20 21 22 23 26 27 29 30 32 34 35 37 39 40 41 43 44 45 46 47 52 53 55 56 59 
active=37: 1 3 4 5 6 7 8 9 10 12 13 15 17 20 21 22 23 26 27 29 30 32 34 35 37 39 40 41 43 44 46 47 52 53 55 56 59 
active=36: 1 3 4 5 6 7 8 9 10 12 13 15 17 20 21 22 23 26 27 29 30 34 35 37 39 40 41 43 44 46 47 52 53 55 56 59 
active=35: 1 3 4 5 6 8 9 10 12 13 15 17 20 21 22 23 26 27 29 30 34 35 37 39 40 41 43 44 46 47 52 53 55 56 59 
active=34: 1 3 4 5 6 8 9 10 12 13 15 17 20 21 22 23 26 27 29 30 35 37 39 40 41 43 44 46 47 52 53 55 56 59 
active=33: 1 3 4 5 6 8 9 10 12 13 17 20 21 22 23 26 27 29 30 35 37 39 40 41 43 44 46 47 52 53 55 56 59 
active=32: 1 3 4 5 6 8 9 10 12 13 17 20 21 22 23 26 27 29 30 35 39 40 41 43 44 46 47 52 53 55 56 59 
active=31: 1 3 4 5 6 8 9 10 12 13 17 20 21 22 23 26 27 29 35 39 40 41 43 44 46 47 52 53 55 56 59 
active=30: 1 3 4 5 6 8 9 10 13 17 20 21 22 23 26 27 29 35 39 40 41 43 44 46 47 52 53 55 56 59 
active=29: 1 3 4 5 6 8 9 10 13 17 20 22 23 26 27 29 35 39 40 41 43 44 46 47 52 53 55 56 59 
active=28: 1 3 4 5 6 8 9 10 13 17 20 22 23 26 27 29 35 39 40 41 43 44 46 47 52 53 56 59 
active=27: 1 3 4 5 6 8 9 10 13 17 20 23 26 27 29 35 39 40 41 43 44 46 47 52 53 56 59 
active=26: 1 3 4 5 6 8 9 10 13 17 20 23 27 29 35 39 40 41 43 44 46 47 52 53 56 59 
active=25: 1 3 4 5 6 8 9 10 13 17 20 23 27 29 35 39 40 41 43 46 47 52 53 56 59 
active=24: 1 3 4 5 6 8 9 10 13 17 20 23 27 29 35 39 40 41 43 46 47 52 53 59 
active=23: 1 3 4 5 6 8 9 10 13 17 20 23 27 29 35 39 40 41 43 46 47 52 53 
active=22: 1 3 4 5 6 8 9 10 13 17 20 27 29 35 39 40 41 43 46 47 52 53 
active=21: 1 3 4 5 6 8 10 13 17 20 27 29 35 39 40 41 43 46 47 52 53 
active=20: 1 3 4 5 6 8 10 13 17 20 27 29 35 39 40 43 46 47 52 53 
active=19: 1 3 4 5 6 8 10 13 17 27 29 35 39 40 43 46 47 52 53 
active=18: 1 3 4 6 8 10 13 17 27 29 35 39 40 43 46 47 52 53 
active=17: 1 3 4 8 10 13 17 27 29 35 39 40 43 46 47 52 53 
active=16: 1 3 4 8 10 13 17 27 29 35 39 43 46 47 52 53 
active=15: 1 3 4 8 10 13 17 27 35 39 43 46 47 52 53 
active=14: 1 3 4 8 10 13 17 27 35 39 46 47 52 53 
active=13: 1 3 4 8 10 13 17 27 35 39 47 52 53 
active=12: 3 4 8 10 13 17 27 35 39 47 52 53 
active=11: 3 4 8 10 13 17 27 39 47 52 53 
active=10: 3 4 10 13 17 27 39 47 52 53 
active=9: 3 4 10 13 17 27 47 52 53 
active=8: 3 10 13 17 27 47 52 53 
active=7: 3 13 17 27 47 52 53 
active=6: 3 13 17 27 52 53 
active=5: 3 13 27 52 53 
active=4: 3 13 27 53 
active=3: 3 13 53 
active=2: 3 53 
active=1: 3 
