0.000000 0.480000
1.000000 0.695800
2.000000 0.700800
3.000000 0.685000
4.000000 0.670000
5.000000 0.674000
6.000000 0.673200
7.000000 0.685200
8.000000 0.707000
9.000000 0.680000
10.000000 0.694000
11.000000 0.718000
12.000000 0.737800
13.000000 0.750000
14.000000 0.733000
15.000000 0.740600
16.000000 0.757000
17.000000 0.749400
18.000000 0.743200
19.000000 0.734000
20.000000 0.739400
21.000000 0.728800
22.000000 0.717200
23.000000 0.719200
24.000000 0.714200
25.000000 0.705800
26.000000 0.708200
27.000000 0.700800
28.000000 0.701800
29.000000 0.686600
30.000000 0.672600
31.000000 0.674600
32.000000 0.666600
33.000000 0.654800
34.000000 0.662000
35.000000 0.668800
36.000000 0.654800
37.000000 0.650200
38.000000 0.660400
39.000000 0.652400
40.000000 0.657200
41.000000 0.642400
42.000000 0.656200
43.000000 0.644200
44.000000 0.642000
45.000000 0.627000
46.000000 0.629000
47.000000 0.630800
48.000000 0.618400
49.000000 0.615600
50.000000 0.625600
51.000000 0.611800
52.000000 0.599800
53.000000 0.596800
54.000000 0.591800
55.000000 0.599800
56.000000 0.576000
57.000000 0.577400
58.000000 0.575600
59.000000 0.569200
60.000000 0.571400
