0.000000 0.520000
1.000000 0.677400
2.000000 0.709600
3.000000 0.702000
4.000000 0.709400
5.000000 0.767200
6.000000 0.804800
7.000000 0.820600
8.000000 0.843400
9.000000 0.832600
10.000000 0.821400
11.000000 0.827400
12.000000 0.850000
13.000000 0.874800
14.000000 0.888400
15.000000 0.880000
16.000000 0.892200
17.000000 0.903000
18.000000 0.907200
19.000000 0.917400
20.000000 0.919800
21.000000 0.923200
22.000000 0.933000
23.000000 0.940600
24.000000 0.937800
25.000000 0.943400
26.000000 0.946800
27.000000 0.948400
28.000000 0.950600
29.000000 0.950000
30.000000 0.956000
31.000000 0.959000
32.000000 0.960000
33.000000 0.958800
34.000000 0.960600
35.000000 0.960600
36.000000 0.964600
37.000000 0.965800
38.000000 0.966800
39.000000 0.964400
40.000000 0.965200
41.000000 0.967000
42.000000 0.967200
43.000000 0.971000
44.000000 0.969200
45.000000 0.970400
46.000000 0.970000
47.000000 0.970400
48.000000 0.971600
49.000000 0.971000
50.000000 0.972800
