0.000000 0.500000 0.500000
1.000000 0.551630 0.555435
2.000000 0.696087 0.706522
3.000000 0.678587 0.699783
4.000000 0.637826 0.686413
5.000000 0.674565 0.725652
6.000000 0.682065 0.732065
7.000000 0.683043 0.746739
8.000000 0.692065 0.753587
9.000000 0.697609 0.757391
10.000000 0.700000 0.767500
11.000000 0.692500 0.775761
12.000000 0.703043 0.790543
13.000000 0.712609 0.812826
14.000000 0.702826 0.822391
15.000000 0.711630 0.831087
16.000000 0.716522 0.845978
17.000000 0.700870 0.852500
18.000000 0.712174 0.854457
19.000000 0.703587 0.854022
20.000000 0.691630 0.846196
21.000000 0.696522 0.861957
22.000000 0.695326 0.866848
23.000000 0.692717 0.864130
24.000000 0.679348 0.875109
25.000000 0.671087 0.876739
26.000000 0.673587 0.872609
27.000000 0.669457 0.883587
28.000000 0.669239 0.879348
29.000000 0.660978 0.883370
30.000000 0.648913 0.888913
31.000000 0.652391 0.894565
32.000000 0.640000 0.897500
33.000000 0.651196 0.904457
34.000000 0.637717 0.906957
35.000000 0.640217 0.904457
36.000000 0.631848 0.910543
37.000000 0.634783 0.912826
38.000000 0.630109 0.912609
39.000000 0.627717 0.915435
40.000000 0.623587 0.918152
