1 -0.115194731359 1.012020558861
2 -0.008075095508 0.941724087829
3 0.020530231910 0.954704145058
4 -0.086311955000 0.984096520159
5 -0.107697222957 0.984677638476
6 0.027132965760 1.060410047835
7 -0.158265999561 0.985398207815
8 0.015977254731 1.059600444069
9 0.003116553722 1.064370582000
10 0.031834640251 0.882623392632
11 0.063813616030 1.019413857615
12 -0.093849240068 0.907321496495
13 0.054866170778 1.013973891880
14 0.001623457477 1.004328025663
15 0.082629511687 0.925045659546
16 0.133756763051 0.948516571165
17 -0.111066297458 1.041516101249
18 -0.064366324218 1.055281058986
19 0.215910585132 0.875165805704
20 -0.172929951377 0.974844377144
21 0.006259908944 1.038865765611
22 0.050046555691 1.008021356234
23 -0.027246490787 1.020699678304
24 -0.027071081627 0.987752078987
25 0.014769288427 0.982273916050
26 0.031161407772 0.988037243361
27 0.000678654685 0.983197114681
28 -0.022972055780 1.005332370052
29 -0.071370489717 1.036738903575
30 -0.096104658501 0.911742964660
31 -0.003339951971 1.046821710909
32 -0.164786578858 0.973368862545
33 -0.266212882418 1.004070913010
34 -0.067169052530 0.884245182403
35 -0.003656737459 1.014422218206
36 -0.008419748675 0.975378349906
37 -0.157119601437 0.937950059538
38 0.160228522847 1.081446788013
39 0.114253320593 1.134880345837
40 0.004014208758 1.001894991330
