0.000000 0.500000 0.500000
1.000000 0.579200 0.593700
2.000000 0.659300 0.660000
3.000000 0.701200 0.705700
4.000000 0.723500 0.735300
5.000000 0.763600 0.784800
6.000000 0.783500 0.816000
7.000000 0.803700 0.840600
8.000000 0.810900 0.841100
9.000000 0.816700 0.850400
10.000000 0.818400 0.850100
11.000000 0.787100 0.844700
12.000000 0.795600 0.842100
13.000000 0.790600 0.848600
14.000000 0.788100 0.857300
15.000000 0.784500 0.867200
16.000000 0.790100 0.869000
17.000000 0.792100 0.874500
18.000000 0.788500 0.873900
19.000000 0.780900 0.880100
20.000000 0.775900 0.875400
