0.000000 0.500000
1.000000 0.678600
2.000000 0.714500
3.000000 0.745000
4.000000 0.746000
5.000000 0.760800
6.000000 0.768900
7.000000 0.773500
8.000000 0.785700
9.000000 0.801200
10.000000 0.789600
11.000000 0.786700
12.000000 0.792900
13.000000 0.793200
14.000000 0.788200
15.000000 0.801200
16.000000 0.812800
17.000000 0.813500
18.000000 0.809400
19.000000 0.811400
20.000000 0.815600
21.000000 0.822900
22.000000 0.829000
23.000000 0.825000
24.000000 0.827200
25.000000 0.825300
26.000000 0.828700
27.000000 0.832700
28.000000 0.840200
29.000000 0.844300
30.000000 0.837400
