0.000000 0.500000
1.000000 0.674700
2.000000 0.703200
3.000000 0.738600
4.000000 0.726200
5.000000 0.743900
6.000000 0.736800
7.000000 0.732500
8.000000 0.732200
9.000000 0.736700
10.000000 0.732700
11.000000 0.734300
12.000000 0.720100
13.000000 0.720900
14.000000 0.711100
15.000000 0.708000
16.000000 0.703100
17.000000 0.704400
18.000000 0.695600
19.000000 0.694800
20.000000 0.685800
21.000000 0.684000
22.000000 0.676900
23.000000 0.675100
24.000000 0.669500
25.000000 0.665700
26.000000 0.666600
27.000000 0.654400
28.000000 0.645900
29.000000 0.644800
30.000000 0.637500
