0.000000 0.480000 0.520000
1.000000 0.612000 0.633000
2.000000 0.740600 0.768000
3.000000 0.765600 0.829600
4.000000 0.776600 0.835000
5.000000 0.775800 0.830600
6.000000 0.797400 0.860000
7.000000 0.801600 0.870800
8.000000 0.835800 0.896000
9.000000 0.850400 0.906800
10.000000 0.839000 0.897400
11.000000 0.835400 0.919600
12.000000 0.856200 0.939800
13.000000 0.856000 0.939200
14.000000 0.839600 0.935000
15.000000 0.844600 0.939400
16.000000 0.837600 0.945000
17.000000 0.816400 0.948200
18.000000 0.831600 0.949200
19.000000 0.813600 0.956400
20.000000 0.837000 0.957800
21.000000 0.819800 0.960800
22.000000 0.837400 0.968200
23.000000 0.841000 0.971200
24.000000 0.833200 0.965600
25.000000 0.832200 0.970200
26.000000 0.830200 0.973200
27.000000 0.840600 0.975600
28.000000 0.833800 0.974600
29.000000 0.823600 0.973200
30.000000 0.821400 0.974800
31.000000 0.807800 0.973800
32.000000 0.807400 0.976800
33.000000 0.806200 0.978600
34.000000 0.811400 0.979600
35.000000 0.813000 0.975000
36.000000 0.800400 0.978200
37.000000 0.800400 0.976000
38.000000 0.810200 0.976800
39.000000 0.811800 0.977800
40.000000 0.811200 0.977800
41.000000 0.790800 0.977600
42.000000 0.787200 0.977200
43.000000 0.788200 0.979000
44.000000 0.779800 0.980000
45.000000 0.779000 0.983400
46.000000 0.780000 0.980400
47.000000 0.783800 0.983600
48.000000 0.785600 0.982000
49.000000 0.765800 0.985800
50.000000 0.781600 0.984000
51.000000 0.776000 0.986000
52.000000 0.770400 0.990000
53.000000 0.770600 0.990400
54.000000 0.769800 0.992400
55.000000 0.770200 0.992200
56.000000 0.760000 0.995000
57.000000 0.758400 0.995200
58.000000 0.752600 0.994400
59.000000 0.751800 0.996600
60.000000 0.752200 0.998400
61.000000 0.752200 0.997600
62.000000 0.738200 0.997600
63.000000 0.740800 0.999400
64.000000 0.738000 0.999800
65.000000 0.734200 0.999600
66.000000 0.733800 0.999600
67.000000 0.725200 0.999600
68.000000 0.717800 1.000000
69.000000 0.717600 0.999800
70.000000 0.708200 0.999800
71.000000 0.719200 1.000000
72.000000 0.708200 1.000000
73.000000 0.711600 1.000000
74.000000 0.707400 1.000000
75.000000 0.701600 1.000000
76.000000 0.706000 1.000000
77.000000 0.697800 1.000000
78.000000 0.695400 1.000000
79.000000 0.697200 1.000000
80.000000 0.692400 1.000000
81.000000 0.668400 1.000000
82.000000 0.686200 1.000000
83.000000 0.682800 1.000000
84.000000 0.677400 1.000000
85.000000 0.675800 1.000000
86.000000 0.670800 1.000000
87.000000 0.667200 1.000000
88.000000 0.659000 1.000000
89.000000 0.661400 1.000000
90.000000 0.653400 1.000000
91.000000 0.658000 1.000000
92.000000 0.659400 1.000000
93.000000 0.647400 1.000000
94.000000 0.638800 1.000000
95.000000 0.630200 1.000000
96.000000 0.639400 1.000000
97.000000 0.640200 1.000000
98.000000 0.640400 1.000000
99.000000 0.615400 1.000000
100.000000 0.621400 1.000000
