N=100
P=80
R=2
1 0.774914 -0.289530 0.370903 0.333995 -0.929565 NA -2.244979 -0.558596 0.939188 -1.366294 -2.439543 0.122086 -1.252859 1.500866 1.335666 -1.142637 0.797151 2.205438 -1.031647 -1.535334 0.516596 0.851426 -0.215388 -0.707377 0.145586 -1.502914 0.089617 0.167392 -1.085149 1.191219 -0.606255 -0.202080 -0.542325 -0.083164 -0.403895 0.531188 -0.170065 1.551356 0.201375 -1.880775 -0.936684 -0.763981 -0.590450 -1.419017 0.673817 -0.399314 -1.128324 -0.414490 1.797802 -0.442253 -0.119781 0.501130 -0.102854 1.179089 0.575182 NA 1.630395 -0.666379 0.691843 1.444829 0.499632 0.374284 2.098410 NA -1.042327 -0.825575 0.562885 NA 0.643989 -0.441758 NA -0.366627 -0.942367 -0.740259 -0.183587 -0.565885 -1.225483 0.439038 0.729856 2.235706 1.256420 1.000000
2 0.034253 -1.174359 2.382511 -1.546649 NA -0.317557 0.321404 2.386015 -0.667862 -0.934127 1.622405 0.926981 0.451104 0.658708 1.660145 -1.076633 -0.013283 0.243030 1.723242 -0.995429 0.668201 1.109516 0.501654 -1.123076 -0.749845 -0.473780 0.364113 -1.247585 -0.815320 0.494656 0.586352 -1.702257 -0.578767 1.470744 -0.974370 0.277915 -0.833872 1.409783 1.773238 0.018936 -0.054965 0.948728 0.165901 0.068665 0.653092 -0.533637 1.573910 -1.987442 0.491112 -0.740986 1.882233 -0.560628 0.754722 -0.076827 0.195686 1.516216 -0.848255 -2.457136 -0.584323 1.152922 -0.167888 -0.629537 NA -0.445240 -2.268584 0.974654 2.405246 -0.452139 -0.530994 -0.490439 -0.599032 -1.312103 1.663403 0.292508 0.045168 0.287013 -0.085237 0.215702 1.522703 0.407206 0.424586 1.000000
3 -0.234291 -0.700710 1.429788 0.532090 0.772746 1.532151 0.437987 -2.336440 1.002878 -1.868991 0.092530 -0.975614 0.158343 0.456527 -1.378000 0.344909 0.115312 0.503002 -1.511648 0.277774 0.601561 -1.108888 NA 0.463175 0.311924 -0.380184 -0.145138 0.449147 -0.330851 -1.101800 -1.033685 -0.882274 -0.444735 -1.211353 0.779557 -0.335981 NA -0.581309 -0.024264 0.963522 0.587337 0.650565 -0.639142 0.811995 0.350267 1.628392 -0.795413 -0.557531 1.488300 0.681245 1.406553 -0.276490 0.175185 -1.111344 0.189138 -0.942506 -0.242967 -0.417009 1.846993 -1.763126 0.650247 0.606287 0.068467 -1.166309 -0.452132 0.528694 3.093211 -0.637120 1.151716 -0.948228 -0.138722 0.372812 -0.705697 -0.945883 -1.442508 -0.476918 -0.110406 0.451699 NA -0.166432 1.312809 1.000000
4 -0.012788 -1.073265 -0.275923 -1.190800 -2.546540 1.038988 1.187399 0.601711 1.227137 0.656683 0.410475 -0.451865 -0.868729 -1.253587 0.877265 0.924220 1.409826 -0.054656 -0.283407 1.015521 -1.098715 0.742405 -0.545182 1.149082 -1.486506 -0.591090 2.507143 0.696212 0.979889 -0.592010 0.700825 1.211041 0.994424 -1.150742 1.509969 -0.753837 0.043429 2.268324 NA 1.004327 -0.611944 0.273818 0.290980 -1.464290 -1.885085 1.144610 0.936569 -0.690927 1.308813 0.259339 -1.012978 -1.997732 -0.722691 0.907286 0.336239 -0.083024 -0.141939 0.959715 -0.657051 0.057593 0.403142 -0.323954 -0.794207 0.352391 0.254203 -0.604205 -0.073965 -0.136056 0.316217 1.318780 -1.225730 -1.284978 -1.103164 -0.380430 -0.459336 2.335396 -0.847047 -0.530383 0.059292 -0.366348 7.576757 0.000000
5 -0.449324 -1.653593 1.350745 -0.102988 NA 1.316137 -0.779058 -2.107811 -1.854515 -0.159005 NA -0.985169 -1.138794 2.138794 1.915427 0.765648 -0.331176 NA 0.235069 -0.082365 -1.047011 -1.156704 0.096209 -0.377295 1.685473 0.191443 -0.478006 -1.243423 0.240318 -2.401032 0.292880 -0.158777 -0.002007 -0.428172 0.071338 NA -1.187975 -1.221439 -1.364746 -1.480892 0.669385 -0.650965 -1.679792 -0.534846 1.067858 -1.200946 0.249409 0.998701 0.872621 0.995415 0.121433 NA -0.132012 1.057897 0.223817 0.473077 -0.379322 -0.439753 -0.988803 NA -1.686751 -0.699045 -0.698795 -0.199652 -1.800585 -0.165878 0.338679 0.167617 1.880265 3.194538 -0.678697 0.216419 -0.001597 NA -1.106445 0.922565 -0.005764 -1.659228 0.916932 -0.164905 0.064379 1.000000
6 -0.383195 -0.448017 -0.148019 0.327588 1.438830 0.326374 0.036601 0.582858 -1.015952 0.771356 -0.374560 0.255465 NA 1.271630 0.854709 -0.150848 -0.649402 -0.571553 -1.554447 -0.425060 -0.924635 -0.752501 0.231178 -0.976603 -1.003742 0.728156 -0.320454 1.153222 NA 0.769481 -0.595084 -2.161489 0.765449 -0.644896 -2.356067 -0.628374 -0.359225 -0.075111 -0.678777 0.170753 0.153171 -0.173317 1.187935 NA -0.864304 -0.547660 -0.802512 0.195445 -0.821343 -0.521504 0.504382 -1.526347 0.912155 0.549510 -0.975375 -2.258093 0.787607 2.161448 -0.300047 -0.527806 -0.521968 -0.612983 -0.599032 1.167482 0.297290 -0.639127 0.261069 -1.628418 0.257048 NA -1.442825 -0.029443 -0.407561 -0.242531 0.557046 2.261797 -1.368783 -0.271780 0.763711 -0.948946 0.112695 1.000000
7 2.940229 0.397753 0.199097 -0.248545 0.923653 0.393385 -2.011761 -0.578213 -0.702978 -2.032168 1.614807 0.233989 -0.313225 0.452109 -0.293045 0.311126 -1.820338 -0.814920 NA 1.280984 -0.173212 -0.038349 0.393267 0.292821 -0.104433 -0.925161 -0.073224 -1.089072 -0.421781 -0.744644 1.032899 1.303814 1.464564 0.395565 0.008608 -0.368446 -0.109084 0.335103 0.348573 -0.975441 0.831495 -0.223740 -0.950292 -0.812347 0.485705 1.926019 0.459375 -0.924601 2.119444 0.426348 -0.946326 0.181538 0.155258 NA -0.491123 -0.088251 -0.893848 -2.130588 0.996067 NA -1.513723 0.268762 -1.202711 1.676958 -0.492572 -0.325216 0.951299 0.515702 -0.841741 0.396309 -0.484184 1.515241 -1.339249 0.478916 0.909726 -0.708583 -0.211722 -1.669040 2.078763 NA 0.058420 1.000000
8 2.505059 1.075300 -0.461767 -0.460483 -0.681317 -0.344179 1.485792 0.132555 -0.548623 -1.051315 -0.226164 -0.005937 0.484419 0.456000 2.212176 0.074219 -0.199622 -0.311213 -0.286841 -1.068932 -0.945231 2.484559 -1.529999 -0.612330 -0.686326 NA 1.092820 0.674452 0.218330 -0.081609 -1.221480 0.054375 0.648981 -1.066409 -0.934936 -0.082831 1.526573 -0.597761 0.338921 0.367907 NA -1.610041 0.110220 2.561079 1.102351 -1.809532 -0.303085 -0.472985 -0.551167 0.257848 -1.556777 -1.048305 NA -0.253264 -1.685610 -0.120216 -0.784955 -0.384901 1.265416 0.918678 0.212033 0.332994 2.535528 -0.082795 -0.888218 0.216220 -0.735487 0.326598 -1.080600 1.272903 0.784319 0.247429 0.500347 1.614255 0.379793 -1.815489 -2.105194 0.952820 -1.798326 0.513190 0.028920 1.000000
9 -0.673071 -0.835478 -0.570590 -0.934997 -2.018223 0.014309 -0.116386 -1.199887 0.401539 0.100022 -0.686914 1.070684 0.100172 0.268459 -0.455771 1.478261 -0.299872 -0.433662 -1.507575 0.923506 -0.838383 0.198528 NA -1.451558 -1.200709 0.289477 -1.307850 0.225691 1.541907 NA -1.811866 0.648505 0.674485 0.581400 -1.737423 -2.122432 -0.774572 0.557197 0.776509 -0.537489 -0.115518 -0.012484 -0.358652 1.001541 0.451145 -0.142009 0.018675 -0.619509 0.507590 NA 0.594816 -0.889821 -0.255437 0.101597 0.066841 -1.298121 1.503128 0.885642 -1.436811 NA -0.386370 0.267705 -0.483881 -0.216229 -0.401814 -0.190927 -0.560989 0.313037 0.739751 0.317868 -0.904592 0.618500 0.876442 -0.387110 -0.760049 -1.580875 -0.964725 -0.391277 -0.314888 -3.468330 9.231553 0.000000
10 -0.203159 NA 1.541995 0.209985 1.507605 2.305391 -0.860503 -0.202555 0.071132 0.849850 0.406031 -0.593301 0.462414 0.680168 NA 0.342581 0.212272 1.010314 -0.083600 -0.034817 0.016520 -0.422159 -0.493673 0.695179 -1.918525 0.237813 -0.587088 -0.368014 -0.109572 0.511809 2.113358 -0.459783 0.001154 0.851999 -1.370146 1.801507 0.667714 0.172264 1.342095 0.652352 0.531398 -0.957342 -0.874584 0.856885 -0.650052 0.047326 0.495932 -0.716778 -1.412182 0.680608 -0.118682 1.233095 -2.035474 0.095355 0.646777 0.100022 2.315525 0.235951 -0.777032 -0.087040 0.021618 -0.153353 -1.567213 -0.930271 -1.199771 0.459542 0.129398 1.438650 0.311129 2.106597 -0.813887 -0.128708 -2.320081 0.399975 -0.656006 -0.391184 NA -0.655813 -1.011904 0.075543 6.646070 0.000000
11 -1.770741 0.315845 -1.311825 0.950241 -0.841847 -1.820243 -0.434300 0.500309 0.811956 0.594832 -0.695013 -0.475224 2.561226 -1.451010 0.721324 1.611409 -0.021165 NA 0.475096 0.212264 0.118685 -0.579763 0.153433 NA -0.066726 0.247853 0.572566 -0.421981 -0.369611 -0.003220 2.065016 -0.935813 -0.924769 0.457824 -1.738447 0.320845 -0.640451 0.198415 -0.420277 NA 0.078032 -0.727559 0.862284 -0.854215 0.447326 -2.292359 -0.669520 0.291978 0.370715 1.137657 0.210224 -1.110486 0.184466 -1.239183 0.878621 -0.740170 -0.680994 -0.980663 0.733776 NA 1.957985 -0.577352 NA 1.003904 0.076480 0.536253 -0.625220 -0.481863 NA 0.196679 -0.507411 -0.724475 0.879899 -0.434918 -0.555845 0.226618 0.248069 0.076592 -0.680449 1.147355 2.939863 0.000000
12 1.118887 0.606636 0.663065 -0.377251 NA 1.197013 NA 0.165748 0.074108 1.520141 1.803792 0.779799 -0.802190 0.469785 0.987594 -0.875564 0.492689 -1.271479 -1.767378 -2.205347 0.036201 1.182987 -0.222179 1.067572 -0.994964 0.987497 -0.821877 0.926827 -0.262660 3.275650 -1.379276 -0.168925 -0.214659 -0.534216 1.453160 -0.426316 -0.864469 0.569454 1.184503 -0.679650 0.130197 -0.209657 -1.049388 -1.197923 -0.317906 -1.174720 0.103244 1.449003 -1.613632 0.419846 0.012438 -0.643601 0.185669 0.986515 0.190937 NA 0.651924 -1.489178 -0.370361 -0.511569 -0.488271 -1.287032 0.492741 0.829490 -1.192711 1.475480 1.089899 0.193224 -0.430111 2.032287 -1.054088 -0.068437 -0.430937 1.587925 -0.986838 0.334847 -0.637083 -1.095209 -1.364726 0.133102 0.308277 1.000000
13 0.881473 -0.135037 0.518047 1.516032 0.969188 0.720937 -0.341238 -1.569743 1.209533 0.642327 -0.771153 1.631887 NA -0.098102 -0.338983 0.866940 1.591599 -0.457563 0.980045 -0.770080 0.536444 -0.194642 -0.550520 -0.785831 1.050291 0.021251 -0.970228 0.150090 -0.583175 0.508150 1.194460 0.132179 0.275611 0.203900 1.251651 -1.797484 -0.386427 0.707879 -2.022486 -1.165315 1.603184 -0.114664 1.302923 -0.524670 -0.758059 -0.875940 1.191007 0.285589 0.397630 1.147190 0.862306 -1.158096 -0.440416 -0.934036 0.402700 -0.600266 0.544848 -0.544000 2.504078 NA -0.556185 0.972473 0.884975 1.813311 -0.095530 0.939192 -0.302482 -1.187248 0.541849 1.703011 0.169004 0.787027 -0.094019 -1.798554 NA -1.599858 -0.726130 0.490901 -0.564939 0.849161 3.377334 0.000000
14 0.815419 0.543418 -1.054707 -0.540006 1.500706 -1.457171 -0.740819 1.053942 -0.288708 0.669170 -1.177953 0.111558 -0.525365 0.318328 1.388961 1.200548 -0.808389 -1.741546 NA 0.389578 1.823905 0.757178 -1.128155 -1.791273 2.724539 0.924295 NA -0.519793 -0.196931 1.774469 0.589469 -2.295014 -0.157455 0.168490 2.530966 1.298156 1.696176 -0.945233 -0.040820 -0.140678 -0.983783 0.221812 0.898918 0.036982 0.876086 1.873601 -0.197013 -0.714500 0.320057 -1.825745 -0.879069 0.674513 0.963350 -0.478205 -0.939050 -0.609940 0.756156 1.596260 0.999754 -1.047902 -0.477915 -0.039728 -0.946551 -1.212348 1.372650 1.026511 1.419727 -0.076406 -0.835143 0.661557 0.983078 0.770309 0.657650 0.748040 -0.038206 -0.996464 1.347609 0.729515 -0.398400 -0.609698 2.695514 1.000000
15 1.385946 -0.679473 1.557473 0.418817 0.491601 -0.432036 -1.942086 -1.261902 0.444947 NA 0.678761 NA 0.200911 -0.163582 1.558356 -0.372964 -0.304237 2.005559 -0.865878 -0.505677 NA 1.690024 0.364148 -1.068808 0.618555 -0.117340 -0.814623 -1.761393 1.292298 -0.833751 1.142337 -0.731437 -0.416020 0.955585 0.514033 -1.446160 -1.433016 -0.203685 -0.077368 0.119036 NA 1.173283 -0.539463 NA 0.000130 -0.528456 -0.927946 0.656673 -0.707146 -0.035162 -1.027392 -1.528129 0.374870 1.004153 -0.116314 -1.996700 -0.349960 0.942561 NA 0.071157 0.102243 1.001802 0.451800 0.132611 -2.671472 -0.160574 -1.961156 NA 0.602576 0.511768 -1.237519 -0.225546 0.694844 1.038426 -0.522127 0.970759 -3.016105 0.342767 -0.456359 1.337126 0.008679 1.000000
16 0.150124 -0.544457 -1.153238 0.050274 -0.592309 0.430790 -0.005220 NA 0.884311 -0.793723 -0.069936 -1.629810 2.153855 2.270268 1.950696 0.662485 0.176706 -0.321554 0.652714 0.199114 0.677380 -1.212092 0.620287 -0.895051 NA -0.871439 -2.330312 0.564510 -0.659223 -0.165679 0.005280 -0.143920 0.773011 0.783878 1.075655 0.082063 -0.726525 0.012069 -0.227731 -0.471405 -0.708389 -1.328735 -2.225493 1.347195 -0.609749 1.247165 0.129623 0.377621 -0.000014 NA -0.291150 -1.003811 NA -1.287747 0.739300 -2.063991 1.012306 0.272731 -0.647608 0.307270 -0.171919 -1.328476 -1.605124 0.566679 0.807989 -1.780442 NA 0.949125 -2.442304 0.002580 0.998458 0.577011 1.252222 -0.895056 1.242456 -1.309279 -0.438448 -0.153593 -0.627135 -1.631098 2.106245 1.000000
17 -1.624463 1.048770 0.786680 0.365753 -1.510701 -0.226838 0.545890 NA 0.269335 0.738885 -1.743132 0.499521 -0.778061 0.595102 -0.101923 NA -1.475600 0.581501 -0.267385 -2.024105 -0.422332 0.347861 0.699547 -0.602234 -1.624998 -0.493948 -0.234502 -0.111095 0.745474 0.329400 -0.065492 0.998528 0.561867 -0.879515 -1.525831 -0.771926 0.728483 -0.676765 -0.894937 0.779366 1.537715 0.298709 NA -0.285394 0.916914 -1.475614 -1.148359 0.698496 1.358753 0.380718 0.170978 -0.503187 0.963851 -0.269772 -1.135015 0.268929 NA NA 1.329920 1.144637 0.628318 -1.033238 2.210515 0.005603 -0.732041 -0.729876 1.119876 -1.297111 -0.446960 NA 0.883493 2.369809 -0.519758 -0.590827 -1.351885 NA 0.926729 0.042682 1.987807 1.143567 0.154853 1.000000
18 0.082076 -1.983014 0.699756 -0.710497 2.315133 0.491210 1.488245 -0.417513 0.631970 NA 0.920217 -1.095031 -1.266670 2.252744 0.726728 0.323565 -0.539518 -1.255330 -1.515193 0.396788 -0.824822 0.895228 -0.305641 -0.458460 1.105121 0.170597 0.209777 0.467977 -0.614544 0.597766 -1.410474 -0.277880 -0.661351 -0.599214 0.770991 1.728556 -1.057016 -0.172067 -3.161678 -0.792812 0.585855 -0.271835 -1.091317 1.661062 0.693769 1.153618 -0.794263 -0.973604 1.051980 NA -0.726167 0.224639 -0.836525 -1.532668 -0.708716 -1.238246 -1.685282 1.569525 -0.236250 -1.554677 0.433113 0.084545 0.820300 -1.489068 0.165971 0.104649 -1.787769 -0.002090 NA -1.198855 1.194919 1.008384 0.375969 -0.736817 0.207008 -0.883978 -0.710327 0.784969 -0.482352 -1.581973 1.255602 1.000000
19 -0.949330 -0.919911 0.867786 -0.456138 -0.562710 -0.909106 NA -0.659720 -0.177620 0.934052 2.234088 -1.340408 1.128951 -0.920119 -0.522177 -0.317334 -0.215232 0.554431 0.446947 0.300730 0.152616 -1.148285 -0.873966 0.016644 0.132527 -1.161558 -0.253951 -0.396680 0.101167 -0.865635 0.357733 -1.039972 -0.989361 NA 0.324571 -0.310488 -1.089218 1.192761 1.511533 0.053864 NA 0.728989 1.082231 0.198216 0.384946 0.404577 -0.079976 2.743745 -0.999989 NA 0.152114 0.626248 0.895237 -0.375325 -0.455450 -1.216639 0.576361 -0.564336 -0.285366 -0.438206 -0.291199 1.216554 -1.096273 0.706664 -0.826259 0.704987 -0.052666 0.578334 0.356099 -0.057309 -0.765438 NA 0.031890 -1.771300 -0.679328 NA -0.334716 0.288663 -0.636092 2.149823 3.578635 0.000000
20 -0.342475 1.436379 0.946976 -0.492220 0.827284 0.045880 -0.829364 -1.021369 -0.946787 -0.273320 1.047530 -0.994594 -1.055432 -0.629586 0.420362 -0.781976 -0.235965 0.253122 -0.583641 0.946249 -1.791653 -0.382334 1.336181 0.781469 -0.113966 0.575266 -0.796299 -1.253944 -0.175105 1.324997 -1.069999 -1.427326 -1.023378 0.977149 -0.487078 0.851978 -0.059530 -0.890492 0.516465 -0.766938 1.969485 -0.090525 0.011505 0.075187 0.319816 1.225526 0.586935 -0.855393 2.347283 -0.119468 0.541908 -1.655132 1.403444 0.121616 -0.850914 1.736121 -0.346242 -0.955018 NA 1.855168 1.615810 -0.714346 -0.745948 1.098236 -3.120449 0.579901 0.470209 0.462035 -0.630417 0.006143 0.214605 0.980998 0.901515 -0.545541 0.163894 0.629529 NA -0.851439 -0.194432 -0.881209 0.192365 1.000000
21 0.731082 2.015633 1.257186 0.205150 1.814453 -0.555556 -1.637926 0.405428 -0.997932 NA 1.757246 -0.028270 -0.786791 2.496961 0.355459 1.821973 0.256061 -1.030258 0.747192 -0.329324 0.061100 -0.282165 -0.432544 -0.759089 -1.052428 -1.185481 -0.674376 -1.428203 0.430760 -0.096441 0.590433 0.409273 0.789133 -0.115920 -0.418787 0.992949 -1.025832 0.882877 -1.075744 0.552060 0.334211 -0.803736 -0.527637 -0.162329 -0.350481 -0.552377 -1.026578 0.604673 -0.764006 -1.350870 0.353376 -2.129495 NA 0.981141 -0.693299 0.739870 0.101112 0.504758 -0.053610 -0.905722 -0.155813 0.484250 -2.100660 0.966427 1.386020 -0.803188 0.592354 -0.221092 0.600683 -1.636379 -0.062382 0.780571 -1.449670 -1.439642 -0.862310 -0.300829 -1.000293 -0.713171 -0.042207 0.166138 0.026581 1.000000
22 -0.977567 0.959195 0.529787 NA 0.301215 1.011454 0.831645 -1.275564 0.341093 0.988986 -0.644789 -0.306348 -0.707322 NA NA 1.084561 1.141017 -0.342412 -0.793623 0.854931 1.356095 -1.220882 -0.919157 0.250964 -0.063374 1.052283 2.142225 -0.344645 0.853833 -2.034643 0.449473 0.774206 0.264120 -1.439156 0.008814 1.163772 NA -2.314273 -2.694532 0.206835 0.371044 0.590951 -0.941118 0.551836 -1.283201 1.229657 0.453907 -0.248472 -0.307413 -0.325083 -0.034971 1.479321 1.106396 0.811568 -0.441458 0.028737 -0.888309 0.255699 0.037775 -1.116614 0.671635 -0.943112 1.108423 0.615266 -0.203490 -0.597279 -1.076698 1.257030 1.007681 -2.121566 0.724064 0.059965 NA -0.153432 0.213621 -0.226486 -1.228310 0.649307 NA -0.748873 6.137774 0.000000
23 -0.846265 -1.546419 -0.066678 0.603145 -0.029643 -0.032393 -1.130839 0.514678 -0.093001 2.062168 0.078559 1.222871 NA 0.449196 -0.962091 -0.824822 0.114792 -1.155928 NA -0.419601 0.064651 -1.057714 -0.242159 NA -0.215028 1.979663 -0.255395 -1.335806 -2.086969 0.473243 -0.029640 0.073706 -0.647050 NA 1.930038 -1.037991 -0.715510 0.433619 -1.369385 NA 1.412132 0.659874 NA -0.727164 -0.536196 -0.434732 0.425437 0.485680 0.560091 1.804875 -0.890460 0.602486 2.019411 0.143794 -1.666880 -0.628692 -1.233368 -0.347888 -0.442413 -0.548526 0.630943 2.053041 0.841626 NA 1.001349 0.361532 0.618938 -0.545194 2.035541 -1.416809 -0.188292 -1.065510 1.112363 -0.729562 -0.552335 0.053170 -0.097682 -0.923376 -0.104257 0.443544 6.025032 1.000000
24 -0.191480 NA 0.711139 -1.448697 NA -1.210761 0.523166 1.041367 0.176255 0.338101 1.462176 NA 1.438453 -0.582128 0.248763 0.125603 -0.758732 0.690761 0.083489 -0.533016 0.348279 0.532682 0.229847 -0.313102 0.410314 -0.715254 -1.098291 0.337395 NA -2.777985 0.288770 -0.046641 1.469120 0.663352 0.011427 0.934663 1.494715 -1.306420 -0.250462 -0.100202 -0.742939 1.590397 -0.178320 -0.364896 0.380297 0.936475 0.542842 NA 0.685926 -0.225264 0.263126 0.679763 0.074767 -0.137435 0.672860 0.529623 0.392735 -0.535852 0.359787 1.563017 -0.084058 2.280419 -1.245522 -0.929717 1.768432 -0.739861 -1.758794 -0.642576 -0.847758 0.721136 1.013466 0.593056 -1.327059 0.908362 -0.117477 1.073259 -0.828721 1.031474 -0.140142 1.275829 3.986283 1.000000
25 -0.853818 -0.429306 0.661771 2.752028 NA -0.240810 -1.405207 -0.161648 0.283675 0.365762 0.850651 -1.734424 -1.070466 0.373951 -0.511300 -1.227355 -1.195911 -0.028850 0.620438 1.228809 0.094991 -0.809164 -0.292550 -0.379073 1.635182 -0.409078 -0.311609 0.874020 -0.710586 1.799612 -0.630546 -1.055595 0.004824 -0.913453 -1.249258 -0.223082 -0.225445 0.494294 1.906662 0.814404 NA -0.163774 -0.009456 -0.148817 2.985759 -0.311990 NA -0.095850 0.595045 -0.462478 -0.694196 -0.041300 0.193019 -0.715637 -1.448526 -0.339176 0.316411 -0.430526 -0.607577 -1.178804 2.397187 -2.300402 -0.646909 1.569043 0.803492 -0.533294 1.534771 0.887701 -0.223084 0.248816 1.801347 0.883467 -0.756324 0.776153 0.538936 0.393590 -0.324752 -0.260457 -0.049334 0.147226 0.441729 1.000000
26 -0.313331 -1.701898 -0.070520 0.272050 NA -0.686056 0.072344 -1.231759 NA -0.410627 0.459347 NA -0.111676 -1.135456 0.601232 1.566454 -0.075515 0.421809 0.338153 -0.332239 3.217603 0.418247 1.160251 -0.186736 -0.116194 -1.715187 0.447647 -0.211308 -0.942150 -1.234155 0.654023 1.092872 0.370246 0.041346 -0.140196 0.245940 0.468654 -0.704132 -3.618954 -1.978003 1.841259 0.672878 0.850190 -1.172995 -1.491172 0.124838 0.655534 -0.047655 0.398195 -1.831899 1.329104 -0.309974 0.448296 -2.218051 0.079917 -0.393763 -0.917772 -0.171990 1.161306 -1.297863 1.180932 0.123037 -1.464079 0.290686 0.133085 -0.661413 -1.337530 0.870463 -1.180300 -0.853377 0.401450 0.439311 NA -0.010667 0.547204 -0.572529 -0.371509 -0.549086 0.229049 -1.478137 0.182711 1.000000
27 -0.866638 -0.553372 -0.642533 -0.535449 -0.416969 -0.504414 -1.358536 -0.249157 0.073012 -0.454332 -1.481648 1.661346 0.546137 0.678037 -0.013661 -1.048020 -0.695637 1.728893 -0.712600 0.985769 -0.842426 1.177460 0.020291 1.113405 -1.128450 -1.103391 -0.646243 1.416707 -1.449875 0.995479 NA 2.783685 NA 0.830517 -0.769470 0.629578 -0.171491 -0.367713 -0.955412 -0.579169 0.787067 0.123596 -1.035826 0.984625 -0.941277 -0.354816 2.116011 1.378687 2.091530 0.150381 -1.716896 -0.110826 0.278244 -1.450766 -0.537327 -0.523014 0.424680 -0.081476 -1.342046 2.193059 0.393681 1.425704 -0.518404 2.118905 NA 0.073268 0.021129 -1.864950 1.132902 -0.307140 0.997639 -0.262942 0.489397 -0.560129 0.895365 -0.039995 NA 0.671259 -1.393201 -1.063567 0.558162 1.000000
28 0.371173 1.482665 -0.409461 0.079967 0.006284 -0.245816 -1.749932 -1.202148 1.637563 1.368169 0.986095 0.101436 -1.063464 0.166237 -0.630119 -0.251587 0.688394 0.727719 -0.570926 -0.713902 0.046816 0.305874 0.146494 2.124329 NA -1.351364 0.770946 -1.366084 -0.677666 0.466847 -0.192517 -1.875824 0.302040 NA 0.280803 0.532133 0.845519 -0.444057 1.384611 NA 1.536042 0.470175 -1.086288 -0.022539 0.938753 0.346976 0.821350 NA 0.037335 NA -0.196178 -1.180533 NA -2.578656 -0.856949 NA -1.631183 -0.196909 -0.933373 0.516449 -1.142608 -1.633751 -1.107512 0.298462 -0.335133 -1.278395 0.827483 -1.407314 1.298488 0.750081 -1.599467 0.034150 -1.107593 0.651748 -0.091171 0.469133 NA -1.007009 0.186344 -0.511773 1.873494 1.000000
29 -0.172063 -0.672532 -0.363754 1.056168 -2.216156 0.877788 -1.276896 -0.777473 0.781266 -0.370545 1.533425 0.095486 0.496091 -0.218687 -1.337553 1.515714 -2.216539 0.477769 -1.441815 -0.516203 1.182444 -0.918256 NA 0.862689 -0.435799 -2.309112 -1.826073 -2.141956 -1.611417 -0.329387 0.562895 0.075832 0.058696 0.369317 -0.414749 -0.582388 -1.128394 -0.809083 1.652907 1.730343 -0.168925 0.238857 -0.213348 -0.728100 -0.597894 -0.220964 0.057839 -0.750678 -0.968626 0.227949 -1.437278 -0.593324 0.008368 0.441590 2.750111 -1.170024 0.100963 0.166784 1.667590 0.171471 -0.010217 1.474771 -0.329960 -2.775657 -1.842036 -3.357703 0.341629 0.180300 -0.415706 -0.062193 NA 0.141357 NA 0.666184 -1.479857 -0.852482 0.765176 0.649772 0.662559 -1.084604 5.358184 0.000000
30 1.315246 NA 0.812649 -0.181888 -0.336147 -0.946130 -0.755856 0.140395 NA -0.042976 1.924971 -1.040090 1.666946 -1.965938 -0.776549 1.777558 0.773632 0.377783 -0.436623 0.130747 -0.272599 -0.678411 0.175265 -0.521383 0.002529 0.106775 0.167313 0.695254 -0.251721 2.140565 0.481867 1.386607 1.523118 -0.587872 -0.687389 -1.949384 -1.344151 0.465916 -0.433257 0.505957 -1.017757 -0.848812 -1.006616 -0.862541 -1.002772 0.924823 -2.295262 0.938418 0.712130 0.012290 -0.986583 -1.061351 1.323972 1.435984 -0.455989 -0.687334 -0.467118 2.365141 -0.680109 1.059142 -1.745695 -0.617208 0.191227 1.756883 -0.896178 -1.492361 -1.533896 1.243925 -0.474863 1.573932 0.057365 1.182785 0.602123 0.666976 0.644258 0.810361 0.752706 -1.362215 -1.292575 -0.822216 0.443524 1.000000
31 -0.326830 -0.180275 -0.422776 -0.420769 -0.362249 0.349890 1.000480 0.767700 -1.204420 -0.703722 -0.919865 0.183761 -0.814403 -0.517456 0.025042 0.255551 0.110911 0.888018 -1.159193 0.570953 0.158255 1.061588 -0.068813 0.604002 -2.362006 -1.048404 0.644598 -1.256550 -0.182927 -0.265747 0.927974 -0.137632 0.147257 0.787054 -0.693446 -0.859185 -0.127911 0.658458 1.531541 -2.142691 1.425089 1.521617 -0.824238 -1.086888 -0.422587 -0.747937 0.887556 NA 1.265194 -1.366840 0.176624 -0.994234 1.086494 -0.557765 0.184590 1.715417 0.806434 2.013401 0.315919 2.095554 -1.117635 NA -0.877588 NA NA -0.162767 0.022924 -0.087709 0.327321 -0.141151 -1.654588 -1.145833 -0.672511 -1.420810 -0.920437 0.653262 0.069755 -1.486800 -0.097778 0.374325 2.125019 0.000000
32 1.297895 1.666697 1.232205 -0.360917 0.001228 -0.548210 -0.533698 -0.097647 0.120165 0.555398 0.971460 -1.199671 -0.554690 -0.275615 -0.452109 -1.666474 -0.696054 0.104429 0.140022 -1.804221 -0.834959 -0.630059 0.459554 0.101233 0.960419 0.063862 -1.073808 0.039543 1.523205 0.535717 -0.574709 -0.341854 -0.250986 -1.396012 1.095601 -0.219975 1.088098 -0.731318 0.399730 1.932332 0.536779 0.888074 -0.569054 0.533794 -1.155405 -0.259351 1.585839 NA 0.847565 0.406533 -0.589457 -1.091075 -0.142766 -0.682872 -0.559690 -0.220395 -0.566426 -0.936713 -1.048473 -0.184619 NA 0.273506 0.317104 -0.100547 -0.585450 0.559892 0.999097 1.200525 -0.219741 0.179475 0.797812 2.165640 -1.043059 0.174710 0.366870 -1.733125 NA -0.163661 0.210093 -1.311626 0.003093 1.000000
33 1.739667 -1.451618 0.136355 -0.770994 0.455043 NA -0.171070 -0.550937 -0.254800 0.204421 -0.265482 0.540592 0.547694 0.708036 -1.813792 0.919563 1.308971 -0.299112 0.708015 -0.733853 1.188376 0.763189 -0.014324 1.908151 -0.980780 0.615279 -1.083592 0.813762 -0.887528 0.957007 -0.794717 0.874046 -0.036012 0.483411 1.854449 -1.943119 NA -0.149997 0.840123 -1.436778 1.565644 -0.419013 0.834088 2.666182 0.475325 0.479506 0.699730 0.693200 1.415949 -0.746212 -0.515086 -0.689209 0.090179 0.346969 1.201798 -0.111521 0.025689 0.218503 -1.305627 0.053679 0.058220 0.669010 -1.654753 NA 0.821758 -0.146615 0.455809 NA -0.401343 0.156145 -1.210303 -0.675034 -0.884237 0.913735 -0.779446 -0.449228 0.360268 0.051363 0.252805 1.170972 6.827929 0.000000
34 1.503322 -0.833888 0.866565 -0.001005 0.877437 1.250845 0.805616 1.110462 -0.144766 NA 1.872508 NA -0.915905 -0.349515 -0.227330 -0.232142 -0.013852 1.190501 1.196201 1.044110 1.091989 1.044895 0.794742 0.763350 1.133607 0.303794 1.218255 0.780582 -0.896126 1.819770 -2.111509 0.759133 -0.049276 1.212646 -0.470259 0.323754 1.790888 -0.580229 -0.882574 -0.008659 1.046300 0.627666 0.686010 1.542858 0.475260 -1.710238 1.892591 -0.265049 0.968211 -1.299444 -0.489932 -0.154518 0.095049 1.691331 -0.816807 1.571202 -1.063386 -1.907470 -0.487107 NA -0.746648 1.387421 0.629653 0.211906 1.284742 0.312865 -0.935343 -0.282968 1.050314 0.312438 -0.437263 0.455740 0.888398 -2.188963 -1.575723 0.313123 -2.099985 -0.076507 -0.557792 -0.163924 7.067521 0.000000
35 1.175646 0.509207 0.860290 -0.980764 0.063647 1.041741 0.129024 0.447656 0.904322 0.277467 -1.977891 -0.489646 0.287632 -0.664325 -0.414507 NA 0.099180 -0.688949 -0.355390 0.133309 -0.477682 0.710786 -1.227416 -0.879570 -0.917013 0.318167 -1.380347 0.376964 -0.247108 0.093315 0.856742 -1.281237 1.367954 1.495278 0.686912 -3.571013 1.086567 NA 0.371882 NA -0.825534 0.229891 -0.773778 -0.504515 -0.270261 -0.353600 -0.919972 1.366163 -0.855063 0.494403 -1.496304 1.520710 -0.368871 -0.117866 0.818402 -0.215814 1.414010 0.833918 -0.033049 0.662949 0.372853 0.223828 1.649341 -1.563988 1.856790 -0.787346 0.097166 0.676099 0.510408 0.016550 0.085833 1.531137 0.328801 1.118739 0.961251 -0.436137 0.881215 1.699769 1.368752 -0.197072 1.158809 0.000000
36 -0.281726 -1.313899 NA 0.472524 -0.372779 0.774304 -0.391302 0.735723 1.169189 -0.629242 0.779555 -0.405814 1.505958 0.873484 -0.509081 0.302387 NA 0.765961 -0.224321 -0.197762 1.455039 -0.666892 -0.990528 0.923493 -1.241727 0.131034 -0.672702 -0.393530 0.541547 -1.021378 -0.970867 0.851422 -0.798265 0.130886 -0.396529 1.356563 0.915404 2.382383 1.167360 0.226156 -1.750618 -2.213218 -1.218745 1.397834 -0.792917 1.213212 -0.263784 0.340640 -0.993788 -0.754301 0.067580 2.081909 0.714248 0.243280 0.263391 -0.373586 NA -0.193590 0.400607 NA -0.175447 1.135997 -0.402071 -0.011566 0.098212 -0.238557 2.996946 -0.849744 -1.247087 NA -0.521721 -2.019034 -0.021035 -1.232248 0.096415 0.760747 0.628407 -0.271360 NA 0.528280 5.835583 0.000000
37 -0.966283 -0.603702 0.132353 -0.812271 -0.645424 0.262511 1.268948 -1.039118 -0.327316 -0.279736 -0.022249 0.133596 2.676033 1.096363 -1.467121 -2.210956 1.983557 1.118241 -0.489696 0.979363 -0.315796 NA -0.502274 -1.526394 -1.210637 1.127134 -0.717881 -1.055740 0.677534 -0.863487 0.795113 0.363421 1.977991 0.755337 0.458526 0.587568 0.370299 NA -0.425203 0.662426 3.658418 -0.098417 0.353211 -0.405605 0.707438 -1.903024 0.185346 -1.135743 -0.336202 -2.354352 -1.288527 -0.491723 -0.940135 -0.246174 -0.711426 NA -0.352112 -1.221057 -0.979914 0.032126 -1.786035 -0.513207 -0.522636 0.113609 2.124089 0.212589 -1.480433 0.167876 -0.121538 1.245833 -0.632884 1.576382 1.800462 -0.757673 0.918325 0.652170 0.141760 -1.118865 -0.649012 -1.456047 2.585458 0.000000
38 NA -0.458212 -0.417220 -0.099462 0.372050 1.643954 -0.937892 1.057620 0.453022 -1.136325 0.412311 0.407673 -0.747961 1.551358 0.829829 1.332757 -1.064844 -0.433292 -0.430861 0.266741 2.047216 1.429945 -0.048059 -0.416209 -0.520937 0.922476 -0.328922 0.170908 0.135934 1.049245 -0.779915 -0.103671 0.862856 -1.144862 -0.811069 NA 0.055961 1.924994 -1.185770 -0.381143 -1.885296 -0.570371 1.028987 -0.742179 1.384472 -0.771064 0.529560 1.341378 -0.710431 0.747117 2.159793 0.212087 -0.843263 2.551498 -0.084520 -1.362202 0.968814 0.213156 0.118338 -0.645767 0.264308 0.335135 -1.311824 0.700749 -1.157971 1.221685 -1.169582 -0.267211 -0.905987 -0.745106 0.091381 0.522868 0.270820 1.058587 0.753807 0.888844 -1.223689 -0.746163 -0.077062 0.506374 0.974069 1.000000
39 -0.398674 -0.687916 -0.370147 -1.808112 -0.282468 -0.634027 0.408634 -1.140006 -0.529742 0.170214 -0.171550 0.919811 -1.086681 -1.541305 -0.530023 NA -0.265027 0.248938 1.006153 0.218466 -0.897321 0.543538 0.428456 1.703812 0.108242 -1.861831 0.768955 1.468966 -0.373647 1.778147 0.366360 -1.857715 0.144218 -0.237324 -0.972209 -1.388328 -1.498834 -0.220181 0.306816 -0.856901 0.619118 NA -1.593584 2.485629 -0.369804 -0.431454 -2.389671 0.192316 0.768711 -1.852336 0.927399 2.353185 0.228373 1.976774 1.728627 2.305028 -0.175746 -0.036665 -0.148292 1.393087 1.051317 -1.766189 1.202054 1.401323 -1.450294 -1.282953 1.617000 0.137344 NA 0.770296 0.136615 -0.936702 -0.719700 NA -0.844499 0.356929 -1.034694 -0.302241 0.714484 -1.007826 8.302194 0.000000
40 -1.184654 -0.179210 0.893061 -0.297019 0.615668 -1.797651 0.384592 2.601623 -0.940581 0.223976 0.307652 -1.567976 -1.189631 2.381724 -2.157287 0.643563 1.819772 -1.151134 -0.028504 -2.618571 -0.518664 -0.054312 -0.828594 -1.278652 -0.928384 -0.629481 0.347887 0.567301 0.744222 1.178322 1.261734 0.684279 0.717616 -0.383355 1.512754 -0.303656 -0.678979 1.123284 1.257192 -1.279030 0.338654 0.003594 -0.790670 -2.971246 1.488657 0.957316 -2.434338 0.601084 1.157888 -1.655716 0.945132 -0.227631 -0.630848 -0.983240 1.029852 -0.309652 -1.716560 NA 1.074639 -0.230040 0.351729 0.480663 -0.679928 1.212451 0.981446 0.034770 -0.381972 0.524989 -0.251068 0.430590 0.701599 2.495371 -0.148251 -0.980647 0.453149 0.689036 -0.788124 0.863443 0.150925 0.068558 4.852018 0.000000
41 0.033469 -0.785470 -0.487338 -0.118449 -0.439750 0.742850 -0.751138 0.876072 0.661420 0.765123 -0.504402 -0.839307 -0.200941 -0.429495 -1.236172 0.020734 0.905395 1.504141 0.107971 0.489568 -1.373115 -0.061995 0.092432 -1.927544 -0.257347 0.103482 -0.294083 -0.896739 0.713531 -2.148802 0.115687 NA -0.561489 -0.685906 -0.866181 0.610289 0.251148 -0.626243 1.287997 0.349454 -0.627988 0.095541 0.372033 -0.013772 -0.415658 -0.008132 -0.387416 -1.406301 -0.077274 0.011406 0.319665 -1.437442 -0.413643 -1.250536 0.326339 -1.165697 0.888617 1.181408 0.351976 -0.108357 1.762278 0.050896 -1.037982 0.434656 0.890495 0.680194 -1.383132 0.534953 0.975270 -0.408279 -0.818967 -0.582307 0.224045 -0.025566 -0.992055 -0.897041 -0.015279 0.539288 -0.606233 -1.435569 7.728753 0.000000
42 -1.503480 -0.737715 0.204774 0.484200 -1.391128 1.675543 -0.650164 0.484224 NA -1.124767 -0.494602 0.579718 -0.423324 0.688161 -2.292639 -2.316906 -0.546203 NA 0.516365 -0.366080 -0.598424 -0.254108 0.246868 1.712555 -0.357115 0.152725 -0.701931 -0.311708 -0.188011 2.034791 -1.177218 -0.191182 0.310632 1.571003 0.163138 1.258420 1.191231 0.152043 -0.333513 -0.178356 0.857980 1.010426 -0.084351 1.013722 1.606542 0.640911 -0.045020 -0.237835 -1.161025 1.316645 1.054648 -0.119887 NA 1.017257 NA -1.327572 1.305132 0.145450 1.299155 0.334811 1.065014 -0.507806 -0.765316 -0.132927 -0.394845 0.315282 -0.879817 -1.571794 -1.076189 0.342253 0.171898 0.567770 1.372493 NA 0.803194 -2.510208 -0.234009 0.182630 0.444878 -0.665554 1.788350 1.000000
43 -0.960380 0.379544 -0.016991 0.706410 -1.071957 -0.831049 0.571005 -0.322797 0.648276 -1.328245 0.365155 0.467757 -1.803385 -1.245396 1.016574 -0.383772 NA 0.764904 0.006156 0.164016 1.050067 1.072810 -0.035311 0.969996 -0.135027 -1.268468 2.089611 -0.428767 -0.312620 0.943272 -1.102015 1.444401 0.410118 0.955506 NA -0.040769 -0.668942 -0.320033 0.422714 -0.272851 -0.411102 -0.377675 -0.041139 -1.446897 0.015212 NA 0.262007 -0.640268 -1.593115 1.282392 1.523376 0.446855 0.395767 -1.673695 1.503019 -1.309260 -2.073196 -0.430496 0.460113 0.122042 0.401560 1.425323 0.498293 -0.762386 0.352918 0.069502 -1.622988 -2.031656 -0.264851 -0.006165 -0.300378 -0.648036 3.072422 0.777256 -0.291975 1.273281 0.399833 NA 0.572122 0.838532 0.271825 1.000000
44 NA -1.265124 0.034118 1.127217 0.184866 0.488679 -0.068129 0.433729 -1.375491 -0.620029 0.101648 -0.103421 NA 0.406031 -0.575602 0.385027 1.153815 NA 0.505067 -1.114626 -2.123506 -1.342345 -1.394798 -0.739060 0.235701 0.062730 -0.375482 1.222709 -0.913557 0.210974 -1.064679 0.009916 0.388184 -0.172889 -2.102396 0.316195 1.376387 0.326699 -0.580354 1.728861 -0.215453 1.653953 0.251170 0.461682 -2.708303 1.144968 -0.524063 -0.166650 -0.680787 0.743244 -1.064962 -0.161709 0.532787 -0.501159 -0.454393 -1.102626 -0.996996 0.831686 -0.181156 0.718837 -0.192221 -0.144643 0.741252 1.782875 -1.439636 1.174163 -2.128609 -1.900751 1.299847 0.160866 -0.261653 -0.018037 0.497990 -1.289476 -0.572192 NA 0.731350 0.132395 NA -0.786528 1.219697 1.000000
45 0.118763 1.476587 -0.239282 0.554112 -1.597912 -1.183661 0.580588 0.914109 0.019951 -0.067984 -1.597755 0.258952 -0.004702 1.758790 -0.537968 0.304878 -0.715040 -0.881721 -0.644244 -2.593322 0.847955 0.399048 0.119064 NA 0.105753 1.632923 -0.419020 0.080182 -2.026962 -2.310689 -0.538917 -0.569847 0.162588 1.309961 1.081855 -0.155972 -1.186377 0.446317 -1.269207 1.847949 -0.574084 -0.621277 1.295630 -0.139160 0.232977 -0.315010 1.536378 0.473175 -0.043176 0.217602 -1.371911 -0.463135 0.256599 0.600257 1.615250 0.830801 0.633691 1.196881 0.564097 -0.153827 -2.010295 0.999222 0.239556 -0.475257 0.663886 0.185020 -0.222494 -1.647205 0.730914 -1.115998 NA -2.196290 -0.401369 0.408004 0.857511 1.644122 0.225431 -0.298768 0.035541 0.746017 0.686925 1.000000
46 NA 1.070634 -0.488850 1.436878 -0.074293 -0.704718 -0.518506 0.427902 1.581946 -0.667489 -0.988926 -1.400794 -3.273226 -0.767847 0.535900 -0.122116 1.314692 -1.317029 -0.704697 -1.465285 -1.549954 -1.015966 -1.643468 0.347009 -0.455922 0.100237 0.963009 0.416527 -1.601639 0.428535 -0.501984 -0.159762 0.499639 -0.301730 0.207765 -0.736313 -0.133538 1.115981 NA -1.415972 -1.347664 -1.248157 0.758711 0.639016 0.764438 -0.115268 -0.316951 -1.586479 0.224242 0.805961 1.990448 -1.916151 0.070733 -1.633359 -0.060947 -0.124946 0.762748 0.841018 -0.940897 1.016446 NA 0.255598 NA 0.292282 0.005861 0.790531 1.092366 -0.544111 0.838138 -1.031084 1.550513 -2.224799 0.660961 0.577683 -0.353126 -0.381854 1.508929 -0.288385 0.766224 0.109607 4.252492 1.000000
47 -0.265911 0.953261 NA 0.362939 0.399052 0.029597 -0.260046 -0.502841 -0.536104 0.225048 -0.288501 1.418569 -1.219518 -0.493896 1.238597 0.777494 NA 0.785574 -0.794641 0.960358 -0.764097 0.109678 -0.931378 0.012425 0.419392 1.159373 -0.031388 -0.430836 -0.108688 1.874553 0.240369 0.042645 -0.427707 -0.937482 0.391707 0.385816 -1.458254 0.107393 1.167072 NA 0.415860 0.593853 -0.344452 -1.281942 NA -0.814610 -1.673287 -0.512757 -0.715467 2.789575 0.581810 0.553130 0.373294 2.307868 -0.030105 0.363789 -0.238933 -0.123824 -0.565335 -0.506764 NA NA -1.216980 -1.036648 0.527693 1.696008 1.315363 NA -0.003359 0.177642 -1.429385 1.642661 0.785638 1.744735 2.700231 NA -0.116400 NA 0.094209 0.829419 3.278891 1.000000
48 0.051137 0.437108 0.790655 0.060726 0.919908 0.395670 -0.535722 0.888417 -0.672738 NA 1.434950 -0.199661 0.810406 -1.056103 0.459816 0.317131 -0.203374 -0.211650 1.619245 -1.307991 -0.461672 -1.212502 -0.798530 0.053902 NA 0.277520 0.886199 -2.262105 0.829131 -1.033346 -0.559929 -0.498500 0.852891 -0.890571 1.745705 -0.675519 -1.127426 0.225672 -1.462401 -0.594083 0.375679 NA 0.086375 0.195398 0.026983 1.145549 1.410633 1.011631 0.255879 0.481937 0.585566 -1.134481 0.320768 0.058033 NA 0.094206 1.748724 -0.001788 1.192359 -0.053931 -1.377098 -0.463886 1.183880 -0.409027 -2.993945 0.598643 0.190392 NA 0.760683 2.135748 0.738391 -1.528507 1.001951 -0.284445 -0.560857 -0.720035 -0.254027 1.552796 -0.256163 0.641198 0.453464 1.000000
49 -0.099899 -0.549653 -1.230655 0.615086 0.631644 0.725186 -1.336535 -0.003024 -1.421273 1.452115 1.697397 0.843295 -0.172236 1.364057 0.108775 1.662203 -1.645328 -0.170720 2.100248 3.368328 0.890897 NA 0.055228 0.587424 -0.000183 0.821028 0.644181 0.239595 -0.487899 0.108094 -0.987087 1.489875 0.624831 0.611215 1.042833 0.357513 0.947885 0.669667 1.224575 -2.516866 -0.170671 0.357743 0.189119 -1.305454 -0.685302 -0.656083 0.751121 0.660503 -0.977461 0.863526 -1.327925 -0.977248 -0.309165 -0.721543 -1.220801 0.286683 0.815535 0.027198 -0.891144 -0.592276 -0.695434 -0.892305 0.097727 -1.286458 -0.868716 -0.597355 0.028457 1.913299 2.363212 1.647610 -0.610035 0.187506 0.130713 -0.140982 1.348472 0.272401 0.785303 0.485141 0.394301 0.407489 1.678236 0.000000
50 1.133504 1.335705 NA 0.097152 0.178691 1.093235 -0.378859 -0.150445 0.350958 -0.476121 -0.562301 NA -0.066927 -1.195462 0.221150 2.404920 -0.508461 NA 1.295979 0.225378 NA NA -1.848772 -0.768494 1.829490 0.746989 -0.592339 0.516649 -0.989599 1.102626 0.447056 -1.142736 -0.904269 0.845928 -0.532221 -1.121221 NA 1.021651 1.323349 -0.411984 0.490030 -0.510162 -0.437787 -0.134765 -1.162999 NA -0.251602 -2.013485 0.607583 0.202476 -0.635333 0.784403 -0.555974 0.732728 0.053859 -0.774098 0.921198 -0.944013 -0.653882 0.802501 -0.794939 -0.597586 0.561727 0.500088 0.738219 -0.016715 -0.410010 -0.228306 -0.975677 0.511556 -1.404197 -0.455906 -0.229934 0.972233 -0.740136 -0.012867 0.197558 -1.674910 0.492453 0.714496 1.074660 1.000000
51 NA 0.500386 NA -2.096897 2.651360 0.768250 1.458277 -0.219035 1.336220 -1.510748 -1.266845 -0.709505 -0.763062 -0.699478 -0.641559 -0.920525 -0.060915 -0.811004 -0.273271 -0.650049 0.155950 NA NA -1.155336 -1.056477 0.761075 0.203907 1.115017 0.432902 1.611555 -0.807247 -0.351492 0.293050 0.203426 -2.002835 -0.375287 -0.448657 0.267732 -0.161404 0.015778 -0.395174 -0.190893 1.984658 -0.921974 0.027608 0.433912 -0.473543 -0.743355 -0.897846 0.246947 -0.004181 -0.460584 -0.563378 -1.558878 1.550610 1.053677 -0.282128 0.099164 0.625177 0.323748 -0.231561 NA -0.282380 -1.538256 0.444696 -1.611813 0.630886 0.703412 -1.368145 1.310833 -0.788665 0.733756 0.424919 0.999167 0.791981 1.154138 -0.796928 -0.462941 -1.683719 0.127549 9.949906 0.000000
52 0.480526 -1.530512 -1.007535 -0.251993 0.454941 -0.187399 2.345184 -0.518169 1.266232 0.601288 0.824455 1.304460 -0.709915 -1.287249 -0.212448 -0.286467 0.203824 -0.579749 -1.008357 -0.313788 -0.900727 -0.632897 2.342546 0.694765 0.921611 1.320667 -2.431560 -0.488504 -1.714506 0.803376 -0.322775 -0.947018 -0.393917 0.542926 0.793636 1.505913 0.760028 -0.713166 1.753959 2.306518 -0.572587 0.973674 1.664925 -0.220314 -0.983053 0.844187 -0.453354 1.024622 -0.071447 -0.395386 1.316607 0.236676 0.985977 1.663000 0.924384 0.822504 0.114915 -0.742882 1.660774 2.187088 0.586818 -0.302153 NA -0.386225 -1.230420 1.138359 0.153937 0.212795 0.326661 0.489478 -0.217132 -0.146918 -0.490504 -1.420056 -0.800328 -0.156537 -1.722430 NA 1.287219 0.541543 5.350410 0.000000
53 -0.377094 0.300447 -2.049543 -0.453409 1.765321 NA 0.783596 -0.638425 0.759548 0.237300 0.376607 -0.242593 -0.944502 -0.755427 1.676400 -0.852903 1.681464 -0.193651 -1.804725 -0.177483 0.397833 -0.329272 -0.335750 0.053284 -0.782564 1.034066 0.577364 NA NA 0.324571 0.791049 0.352740 NA -1.789475 0.314891 NA -1.241746 0.589803 -0.288048 0.462111 0.766308 1.249074 -0.061999 0.584809 0.431217 0.166358 0.354904 -0.497367 -1.176477 -1.811650 -0.837405 -0.353547 NA -0.106232 -0.089097 -2.338878 0.419511 0.142251 NA 2.016404 0.027309 0.135794 1.548077 -0.629607 -1.167220 -0.830908 0.325930 -0.405228 -0.322584 -0.136145 -0.904200 0.478529 0.114836 -1.045324 0.020851 NA 1.015251 -1.161767 0.713620 -2.671656 0.445741 1.000000
54 1.430228 -0.763331 -1.417498 -1.887460 -0.811588 0.256769 0.592169 0.361625 -0.406665 -0.415148 1.850210 0.362112 0.216281 -0.483917 -0.210673 1.390891 0.958127 -0.531629 -0.239248 -0.662507 -0.955092 -0.543276 -0.360593 -0.481572 -1.474554 0.647650 -2.100996 1.811355 -0.670408 -0.167248 1.534552 -0.542482 1.052380 0.973890 1.478009 0.529095 -1.369255 -1.360338 0.566827 -0.451170 NA 0.221171 0.687898 1.159054 -0.961445 -1.502556 0.361246 -1.470827 0.537334 1.531601 0.688663 0.811477 0.849230 -1.057053 -0.012421 0.918919 0.553802 -0.867855 1.396387 -0.204860 -0.299789 0.296939 NA 1.898357 1.971411 0.462143 -1.028745 -0.921280 0.814614 0.780145 -0.141798 -1.056223 0.518942 0.811141 1.321141 0.562711 0.234791 -0.835594 0.199402 1.362593 6.347977 1.000000
55 -1.056259 -1.802450 0.464183 -0.440843 -0.950550 -1.133654 -0.219245 1.176718 -0.384759 -2.556627 -0.960379 -0.476816 0.876773 -0.775976 0.140762 -0.071625 -0.007260 -0.242325 -0.858266 1.459891 -0.131308 0.267574 -1.580523 -0.055025 -0.136109 NA 2.762423 2.350397 -0.411083 NA 0.036784 0.001477 -0.710039 -0.406897 1.362197 -1.206393 -1.383600 2.721856 -0.987672 1.312801 -0.454670 3.339783 0.485736 NA -1.368019 -0.975471 -1.445638 -0.097818 1.309303 0.374630 -0.600932 -0.867225 -1.784105 -0.006988 -0.619745 0.172053 NA 0.720429 0.827406 -0.824899 -1.225986 -0.860935 -0.394937 -0.992053 NA 0.008542 0.600251 0.788808 0.235827 -0.752843 0.583066 1.283967 -0.195420 0.011785 -0.043870 -1.413773 -0.054795 -0.241573 NA -0.564870 10.926605 1.000000
56 1.164882 -0.166517 0.685803 -0.607597 0.456009 0.053881 0.569848 0.942816 -0.587723 -0.318021 -0.942327 -0.167595 0.898630 0.105179 0.211049 -1.413290 0.110821 -0.139057 0.241562 -1.930822 -0.011504 0.096418 0.636119 0.522529 0.601655 0.102880 -0.268259 -1.638122 -0.831727 -0.918061 2.305425 -1.610021 1.242016 -0.291054 -0.050727 -0.555108 0.178298 0.545513 1.435832 -1.583440 -0.074841 -0.228344 2.446366 -0.319459 0.320812 1.617815 -0.892810 0.308073 -0.985310 0.443585 -0.936333 0.136382 -2.149382 0.341071 -0.177468 -0.848856 0.420497 -1.417753 NA -0.002549 -1.168344 -1.772745 -0.364753 NA 1.124065 -0.019304 1.136456 -0.088889 -0.447734 0.700252 0.815673 -0.326249 -1.967863 0.413078 0.785864 -0.692858 1.209401 -0.723508 -0.900006 1.239886 1.563614 1.000000
57 0.137345 -1.676485 -0.158142 0.997004 NA 0.257120 -0.863383 0.526258 1.047963 0.238186 0.131531 -1.187952 1.824928 2.155019 1.383227 -0.468475 0.227475 -0.794055 -0.852222 1.462842 1.104630 -1.346495 -0.849654 -0.999037 -1.527461 0.219870 0.007119 -0.484594 -2.052773 1.075214 0.019531 -0.721178 0.826491 -0.694380 -0.853201 NA 1.934367 -0.049364 -0.984946 -0.170869 0.092373 -0.022518 0.732271 0.078306 -1.551180 0.286064 -0.899122 NA 0.728093 -2.951478 0.431235 -1.725936 NA 0.968842 0.502360 -0.050992 0.489908 -0.200561 -0.901497 NA 1.341510 0.040727 0.770889 1.736303 -0.781500 -0.270427 -0.478399 -0.336528 1.681096 0.674085 -0.988334 1.014869 0.717930 0.825580 -0.523955 -0.564182 0.935985 -1.514828 -0.422601 0.768404 2.180251 1.000000
58 -0.065827 -1.755697 -1.191641 -0.830708 1.885047 -1.719597 1.172662 -1.066343 -0.254403 0.288094 0.169834 0.471608 -0.297484 -0.488373 0.451036 -0.749743 -1.631173 0.875846 -0.911102 0.698680 NA -0.577577 -0.743283 1.287316 0.677421 0.620534 0.135431 1.231122 -0.895403 -0.955465 -1.111031 -0.220603 1.027493 -0.753707 -0.092654 0.647991 0.189482 3.378820 -0.519839 -0.423922 1.122722 NA 0.019349 1.049541 1.687344 1.308618 -0.698626 1.243164 -1.292259 0.399523 0.274446 1.669442 -1.856785 -0.920725 -0.337186 -0.735444 NA -0.495550 0.397593 0.411806 0.036594 0.879720 0.812522 0.094981 -0.189046 -1.413988 0.931506 1.142721 -2.012797 0.122783 -1.206176 1.875591 -0.183121 NA -2.119247 0.506661 -0.155589 -0.824777 -0.816925 NA 0.387413 1.000000
59 0.291764 -0.133549 NA 1.679900 -0.049989 3.220785 -0.436784 -1.611667 -1.453613 -1.102977 0.345926 NA 0.200134 1.043989 -0.073818 -1.666835 -0.302325 -0.729726 NA -0.547419 0.913491 -2.338228 -0.904063 0.482270 1.221252 0.391834 1.341830 -1.226782 -0.166155 0.642571 1.685848 0.796072 1.444173 -0.869305 -0.913296 -0.754429 0.401393 0.603537 -1.168494 -1.429318 -1.508187 -2.120642 -0.266478 0.721202 0.348398 0.030072 0.376470 -0.437844 0.548842 1.358353 -1.351623 -1.359215 1.169122 -0.345697 0.987162 -1.622483 0.055786 -1.830812 0.734758 0.760913 -2.283275 0.787249 -0.633890 0.198869 0.337158 -1.577727 1.489459 0.511151 1.468119 -0.253925 0.191543 NA 0.015369 -0.041525 -0.022036 0.409381 -0.285618 NA 0.277179 1.515422 0.002417 1.000000
60 1.534299 1.691875 0.413559 0.762981 -0.208419 -1.148837 1.127269 -0.679302 -1.023666 -0.945362 0.800464 0.914720 -0.865313 -0.934693 0.431460 -0.997604 -0.157354 0.378540 -0.909024 -1.689495 -0.770922 NA -0.312410 0.077413 1.023155 -1.981193 -1.508177 0.705955 1.221351 1.056530 -0.127213 0.342970 -0.562637 0.779630 -0.905584 -1.092677 NA -1.177187 -0.814432 -0.050510 0.548626 -0.693196 1.514326 -0.312159 0.367280 -0.747402 -0.832709 -0.814365 0.381010 0.292110 -2.025931 -1.750233 0.481795 -0.646917 2.161583 -0.446648 -0.746155 1.321361 0.014375 -0.938819 0.293583 -0.331215 1.273188 1.443003 -0.008106 -1.904821 0.342301 -0.334969 1.097466 0.888726 1.623255 NA -2.420288 -0.682799 0.242652 -1.692376 0.714591 0.400152 0.467742 0.622403 0.000983 1.000000
61 -0.900841 -1.606798 1.218677 -0.201714 0.427725 NA 0.297161 0.177980 0.782745 -0.279548 NA -1.667785 NA -1.815705 0.620308 -0.185220 -0.577823 -0.213305 0.667784 -0.002264 0.846988 -0.488429 -0.571961 -1.276287 -1.698207 1.262324 -1.089818 0.612955 -1.367350 0.215372 -0.027157 -0.322666 0.848653 -0.038810 -0.432960 NA 0.568916 -0.321867 1.361329 0.921633 0.153493 1.886711 -0.691787 2.385393 -0.167832 -0.632764 0.352071 -0.127062 0.983690 -0.548337 0.238419 0.680810 0.373421 -0.507510 1.448611 -0.362198 -0.196372 1.143755 -0.777247 0.792628 -0.631675 1.825545 NA -0.430912 0.341692 0.459867 0.084326 -0.037461 NA -0.404992 0.882068 0.114867 -0.311549 -0.915895 1.229064 -0.689383 0.073179 -0.639353 0.048434 -1.289372 1.058124 1.000000
62 -0.515931 -0.436619 -0.704220 1.567237 -0.926495 0.533266 1.027777 -0.184847 0.166965 1.243500 -0.562525 1.508294 -1.037235 0.627434 0.222561 0.563502 1.231225 1.151115 -0.217450 -0.539606 -0.121719 0.153686 -0.945883 -0.593145 -1.006002 -0.370295 -1.283226 0.176907 0.780763 NA 0.335707 -0.137959 -1.162145 0.069373 -0.539500 NA 1.508245 0.407941 0.046235 0.889461 0.730501 -1.139407 -0.460093 2.039637 0.737263 0.682740 1.963850 -0.620436 0.656520 1.240308 -0.887572 2.258632 NA 0.081309 1.016685 -0.310024 -0.379871 -0.170867 -0.543795 -0.565555 -0.098370 1.954943 NA NA NA -0.041567 0.548103 -0.517753 -2.108474 -0.186675 0.764525 -0.720277 -0.041347 0.949806 -1.706054 NA -0.508284 0.914489 0.029817 -0.698109 5.272889 0.000000
63 0.382114 0.287478 1.831509 -0.561318 1.076030 -1.268420 -0.604556 -0.187624 2.483046 0.199280 2.026462 0.457843 0.119012 0.290240 0.491532 -0.098969 -1.953274 0.770585 0.111243 0.141046 2.241302 -0.562482 -0.260684 -0.483507 0.533499 0.527335 -1.380453 0.918835 -0.732013 0.012956 -0.080297 -0.024876 -0.898391 0.633868 -2.347992 -0.293750 1.124540 1.089959 -2.252128 -0.131275 -0.081402 -0.810611 -0.029161 -3.023643 0.022765 0.530494 -0.325290 0.649088 NA 0.175736 -0.717213 -1.008715 0.088031 -0.191503 NA -0.093536 0.792594 1.102047 -0.110308 1.296886 0.614374 0.232045 -1.231556 0.119515 -1.206962 NA -0.571116 NA 0.422923 -1.179820 -0.741349 -0.193571 -0.111198 -0.847783 -0.128807 -0.265539 1.113398 -0.129641 -0.602182 0.098726 0.069665 1.000000
64 -1.115239 0.748226 -0.075142 0.812226 -0.550930 -0.076295 0.855791 -1.176333 -0.043808 1.656842 0.319278 0.839483 -0.194734 0.290918 -0.499295 -0.876937 -0.210768 -0.815377 0.194739 0.906685 1.275366 -1.279613 -1.020818 1.923678 1.540887 -0.387009 -0.101884 1.148087 -0.966796 -1.591377 NA 2.275767 2.211381 -0.335070 -1.246298 0.348335 1.891492 1.002554 1.203548 -0.859539 0.920914 2.488502 -1.056546 0.995422 0.650596 0.286469 -0.000025 0.104674 0.906197 0.616296 1.260816 0.761479 -1.102496 -0.311482 0.462630 0.579014 1.229550 0.053961 -0.783543 -0.050256 0.559625 1.411250 -1.506572 0.067918 0.017790 1.343365 1.523324 1.423257 -0.333460 1.728949 -0.190891 0.637709 -0.335742 -0.892904 0.122714 -0.517643 NA 0.104827 0.901885 -0.067900 7.678715 0.000000
65 1.317448 1.082068 NA -1.124955 0.264008 -0.778239 1.858780 0.279936 0.780749 -1.970425 -0.383565 -1.433612 -0.650343 -0.206963 0.108191 -1.146607 0.727959 1.341372 1.430383 NA -0.197465 1.085596 0.751905 0.611521 0.329383 -1.618503 1.249316 -0.948244 0.507599 0.467091 -0.159429 1.910866 -0.795270 0.142118 1.237910 -0.722402 -1.042062 -0.516344 -2.361892 NA -0.157508 0.334874 0.115143 -0.496588 1.398370 -2.011858 -0.410269 -1.007122 0.278655 -0.682725 0.943842 0.899977 0.471432 -0.170187 NA NA -0.927582 0.559194 0.204447 -2.388292 0.119688 1.396806 1.333970 0.020108 -0.519476 1.441427 -0.079879 -0.768092 0.795581 0.360837 -2.977675 -0.959655 -0.197982 -0.971656 -1.308658 -0.982274 -0.619061 NA NA -0.114184 3.840822 0.000000
66 1.910167 -0.269958 0.034257 -1.066375 -1.185836 -1.396548 -1.444907 -2.531140 -0.019133 0.237017 1.499153 0.249120 0.409069 -0.470317 0.686213 1.523637 -0.844862 NA 2.181871 -0.749105 -0.605394 1.181666 1.792541 0.002842 NA -1.784347 -0.062281 1.737927 1.478791 0.049279 1.084755 0.676043 0.139780 0.626637 -0.059515 0.612679 -0.311471 -2.092063 1.848958 NA 0.602414 -0.280394 -0.414250 -0.380329 0.603036 -0.607581 0.737320 NA 0.054569 1.829625 0.609932 0.470801 0.818771 -0.636718 -0.751523 -1.091900 -0.401947 0.267759 1.104920 -0.565026 -1.183433 1.978365 0.841887 -0.265890 -0.900215 -1.402508 NA -0.652770 0.030148 1.589629 0.636247 0.048856 1.256309 1.124961 0.000225 NA -0.876164 1.728718 0.192473 0.309514 0.116106 1.000000
67 0.524326 -1.404428 -0.664661 0.235166 -0.612622 0.471551 0.204691 -0.869094 0.799298 1.009838 -0.462487 -1.268977 -0.932428 0.187212 2.457386 0.994702 -0.068138 -0.456700 0.090680 -0.129265 0.415966 -1.990443 1.447857 -1.992331 0.563878 0.631016 -0.759089 -0.027714 -2.072231 -0.945336 1.632162 0.018151 0.693099 -0.084682 -0.714866 1.041589 1.570916 -0.409723 -0.778473 1.061986 -0.801933 -1.520986 0.421781 -1.733418 1.122662 0.981322 1.536346 0.427061 2.838888 0.714541 0.173306 0.220880 1.403635 0.809772 0.364157 -0.279382 0.593862 0.627404 0.462878 0.693204 NA -0.930433 2.884672 0.185730 -0.053752 -0.247519 0.877252 0.139605 1.538158 -0.046648 0.719154 -0.791803 -0.428019 -0.984836 0.761123 0.620662 0.270664 -1.541105 -0.332411 0.686527 3.532617 0.000000
68 -0.594232 -0.403261 -0.899555 -1.513552 -0.641985 -1.425124 1.246017 -0.278068 0.849798 -0.070117 0.467212 -0.025485 -2.249814 0.853415 -1.373047 -1.006360 -1.486672 -0.856890 -1.065946 -1.352418 0.488263 -0.431384 -0.808355 2.198630 -0.643222 2.131305 0.886460 0.440943 -1.284902 -1.222391 0.644395 -1.658359 1.722568 NA 1.159590 -0.222258 -0.166349 -1.114942 0.645583 -0.978706 0.077396 0.008583 -0.511385 0.310899 -0.769405 -0.477109 0.209721 -0.920788 -0.236441 -1.264554 0.418732 NA NA 1.112381 -0.435383 -1.084508 0.119821 -0.009992 0.165535 -1.000385 1.104250 -0.273861 -1.737095 -2.818630 -0.287247 NA -0.346459 -1.347575 0.851900 -0.274588 -0.952946 -0.548827 NA 1.533538 -1.951153 0.946659 -0.084921 -1.100360 0.807411 0.218101 7.626607 1.000000
69 -0.689305 0.760332 0.644383 0.213029 1.166297 1.687652 0.025472 -1.820057 1.167243 -0.596540 -1.519178 1.573939 0.847138 0.423921 0.311469 -0.627193 1.913234 1.044315 1.561824 0.376757 -0.977551 -1.172703 0.207627 -1.204657 -0.113872 1.143460 0.604282 0.737696 -0.251775 1.660392 -0.183368 0.602187 1.140036 0.417943 -1.107814 -0.088208 0.983572 -0.000115 -0.301449 NA 1.173267 -0.466131 1.360748 -1.475130 NA 0.235604 -0.039787 0.139578 -1.068015 -0.131186 -1.255567 -0.180517 -0.735366 0.228625 -0.748826 -0.065234 -1.769998 -1.550914 -1.137670 0.548917 -0.541286 NA 0.194917 0.825259 -0.960304 -0.599916 0.025550 -0.202430 -0.165604 0.288874 NA 0.723801 -0.251939 -1.203366 0.468659 -0.807852 -0.462309 NA NA -0.002859 5.744483 1.000000
70 0.582657 -0.277792 0.326156 0.636275 -0.778591 -1.326333 0.594797 NA NA 0.877422 0.227560 -0.682905 0.199551 -0.793507 NA 1.299908 -0.063258 1.193351 1.672418 -0.722088 -2.258917 0.840427 0.232649 0.017223 -0.233538 1.361824 NA -0.311795 1.024732 0.091221 0.164938 0.826436 0.378210 -0.128364 -1.205053 1.008097 0.329319 0.129490 0.924145 -0.077823 0.405361 0.750995 0.047133 0.669374 0.589852 1.013022 0.845476 NA 0.388082 0.513239 -0.933082 -1.804616 -1.185416 0.810421 2.014113 0.183114 0.217244 -1.923383 -1.695554 0.476307 0.403245 -0.703375 1.013151 1.536442 0.003604 0.387544 -0.985185 -1.028132 1.458008 0.111381 -0.960283 -0.259228 -2.299363 -1.116037 1.544728 -0.042924 -1.498986 -0.682102 0.115152 -0.343078 3.717340 0.000000
71 -0.976078 -0.092142 0.434900 1.166892 0.310079 -1.015710 NA -0.509672 0.039596 0.317714 -1.368099 -1.128364 1.140929 0.461318 -1.390419 1.806800 -0.645113 0.227426 0.074311 0.666177 0.071532 0.174010 0.142447 0.468883 -0.355830 -0.481983 0.056215 -0.304161 0.835035 -0.088771 1.323278 1.445020 -0.136255 0.277206 -0.818287 1.187669 -0.988829 1.775027 0.079087 -0.137567 0.197056 -0.336431 0.379309 0.881993 1.021413 0.485062 0.011110 -0.404063 -0.634633 1.165991 NA -0.131166 -0.043488 -1.229617 -0.576479 -0.312009 -0.154202 -1.007935 1.921983 -0.483076 0.890718 1.282618 1.575481 0.162601 -1.345029 -1.388818 -1.109716 -0.210466 0.021651 1.479759 0.720933 0.733130 -1.222309 -0.752437 1.261471 0.919816 1.159446 0.066897 0.606044 -0.659248 4.034726 0.000000
72 0.079661 -0.900697 3.045380 -1.182447 -0.692719 0.694926 -0.224064 -0.328831 -0.370226 NA -1.193658 -0.611540 -0.183711 0.198445 0.779758 0.803750 0.386953 -0.514766 -0.132528 1.446929 -2.190797 0.058607 0.114586 0.680847 -0.033011 0.528321 0.240563 -0.141025 1.968985 -0.054289 -0.892258 0.080103 1.339258 -2.749821 -1.259322 1.886794 0.350610 0.412479 -1.207631 0.014764 -0.548954 -0.223670 0.329732 0.878678 NA -0.855943 -0.825349 1.362144 -0.490445 1.789328 1.023495 -0.918723 -0.818160 1.128894 -0.066602 -1.487202 0.862769 NA -1.963604 -0.265466 0.387646 0.951724 -1.255242 -0.990457 -0.736560 0.018647 -0.544300 0.663995 0.127873 -0.566262 -1.731813 1.460386 -0.100938 1.222727 0.844334 0.565323 -0.193639 0.194885 0.195938 -1.106313 5.776784 1.000000
73 -1.457462 0.620101 0.381906 NA -0.663494 1.422297 0.998451 0.991823 0.408858 -0.006949 1.108056 -0.422628 0.442706 -1.445653 -0.762120 0.454046 -0.690901 0.446710 -1.387036 0.397813 -0.276118 1.040940 1.071010 0.257933 NA 0.750572 NA -1.369500 1.712713 -0.907911 1.387792 -0.103758 0.050743 0.113148 1.462199 -0.472150 -0.476537 0.476744 -1.220425 -0.813299 -0.556974 0.684412 0.157479 1.061551 NA 0.304920 -0.151448 -0.202937 0.494222 0.196194 -1.072415 -0.190020 0.926210 0.943906 NA -0.012558 -0.663984 -0.174114 -0.771541 0.782973 -0.191308 -0.391879 -0.658675 1.867629 -0.322839 -0.623319 0.064102 0.067784 0.467072 -0.974080 0.287202 -0.615850 -1.313358 0.794937 0.441989 0.204480 -0.113320 -1.295625 0.416444 -0.256837 8.108262 0.000000
74 -0.525184 -0.613925 -0.485840 NA 0.570724 -0.471079 -0.719347 0.894638 0.814500 0.019721 NA 0.905801 -0.260548 -1.531669 0.562938 -0.296084 -1.230643 0.433295 0.738961 NA -0.515966 -2.195682 -0.999307 NA 0.218241 -0.384666 -1.160343 0.381281 -0.307830 -0.444225 1.840406 -2.002745 2.020167 1.115110 -0.440022 -0.683966 -0.467158 -1.786719 -1.918351 -0.910412 1.044731 -0.095330 0.074402 -1.116224 0.068852 -1.167326 -1.495028 1.958786 -0.175382 0.315069 -0.530606 1.652912 0.064102 0.216168 0.852085 1.239579 1.260679 -1.207181 -1.121263 0.104843 NA NA NA -1.486155 -0.164880 -0.624167 -1.088898 -0.499321 -0.063952 0.777712 -1.071932 -1.247726 NA -0.828397 -2.077965 -0.595911 0.808557 0.167736 0.185439 -0.766547 0.165251 1.000000
75 NA -0.729152 -1.587287 -0.543826 0.841516 0.641701 -0.595270 0.644049 -0.635312 -0.448552 0.674386 1.411568 1.424856 -2.007348 -0.247373 -1.768784 1.483404 -0.276111 1.212862 0.176778 NA -0.990455 -0.086755 0.409082 -0.497957 1.561103 0.337533 -0.714844 0.716121 1.761739 1.495040 0.565501 NA -0.658360 -0.551912 -0.127776 -1.038901 0.204590 -0.639197 0.568832 0.329719 -1.754994 0.070698 -0.380746 -1.203282 -0.765498 NA 1.845716 0.862925 1.057801 -0.814333 0.601962 0.340258 -0.027862 -0.649815 -1.254973 1.971349 0.332617 -1.019220 -0.408977 NA 1.038159 0.990451 0.848629 -0.442199 0.427543 1.597786 1.397521 -0.920800 0.246643 -0.332360 -1.488939 -1.028785 -0.121752 0.769759 1.079063 -0.051507 1.153071 -0.313894 0.354067 1.424480 0.000000
76 -1.384763 1.373077 0.639706 -0.912512 -0.554051 1.096561 -1.552867 -0.371189 -0.637588 -1.147220 -0.972493 0.214091 1.992167 1.252099 -0.762105 0.198084 -2.047722 1.128295 0.294690 2.518947 -0.411117 -1.147885 -0.406332 -0.081554 -0.454687 -0.802195 NA 0.719294 0.314582 0.446727 -0.387705 -0.032553 -0.155631 0.666483 0.129173 1.314598 -0.315728 0.185234 NA 0.583101 -0.392276 -0.316309 -0.393868 NA -0.840914 -0.026003 0.943012 NA 0.677358 0.649801 0.619121 -0.194069 0.898503 1.199816 -0.197536 1.972179 2.544312 -0.089458 0.067737 -0.852712 0.573223 -0.511136 -0.864521 -0.041572 0.870036 -0.416784 -0.986178 0.947288 -1.293397 -0.350100 -1.545800 -0.410079 0.711738 2.769003 NA NA -1.194770 -0.145306 0.207463 1.080510 0.238409 1.000000
77 0.881929 -0.795408 0.472362 0.669230 0.404642 -0.745091 -2.201963 0.992225 1.068027 -0.690700 0.286533 1.968753 -1.496768 -0.489855 0.195225 0.423639 1.401081 1.578684 -0.922444 -0.320906 -0.650011 0.643624 0.879655 -1.419808 NA -2.634118 -0.625690 0.056580 -0.948641 -0.269698 1.215499 -1.068102 -0.757167 -1.770957 1.174679 0.835530 0.018280 -0.559273 0.297269 1.304283 1.109739 0.948421 0.518773 2.283777 -0.169082 -0.455083 -1.794297 -1.326002 -0.644695 -0.419189 NA 0.172896 0.378247 -0.429497 1.102777 0.004492 0.061724 -1.702304 -0.681961 -1.019603 -0.712109 0.302341 1.453534 -0.084488 -0.530694 -1.459980 0.032708 0.133178 -0.076046 0.179134 0.208402 NA 0.040393 -0.550196 -1.430679 -0.702806 -0.629049 0.303551 0.809597 -0.761454 0.315269 1.000000
78 -0.597676 0.987775 -0.265661 0.516493 -0.583846 1.204272 -0.238027 -1.594365 -1.170876 0.362170 0.159722 -0.680971 -0.341495 -0.360779 0.678998 -0.562565 0.567151 0.939893 -1.610473 NA -0.369149 1.043420 -1.694065 -0.587951 -0.399651 -0.723342 -0.301836 -1.146233 0.729482 -0.679557 NA -0.720416 -0.240136 -2.352701 NA -0.130699 -1.029224 0.204084 -0.329589 -0.265529 0.964583 -1.003490 0.985788 -0.367080 -1.137104 -0.626780 -1.982733 0.294296 -2.417700 -1.922629 -0.170962 1.515053 -0.930120 -0.222597 0.132547 -0.141229 -0.257034 -0.949333 -0.226531 1.139844 -0.375103 -0.349859 0.784862 -1.087975 1.107724 1.788330 0.202461 -1.203672 -0.889943 -0.536166 2.090288 2.861134 -0.958484 -0.147241 -0.296074 0.870616 1.118288 1.981169 1.172276 NA 2.076503 1.000000
79 -0.586857 0.659998 -1.386749 0.655875 1.194875 2.157679 -0.564105 1.892705 -0.773054 0.324108 0.705406 1.071225 -1.199575 -1.543466 -1.725075 -1.415052 0.603473 NA -0.418213 -0.334049 -0.883737 -1.296586 0.085080 1.276114 -0.794871 -0.966053 -1.085241 0.362383 0.415770 -3.777505 -1.287560 2.070779 0.496588 -0.241960 0.230444 0.556853 1.033287 -1.287554 -0.708045 0.137588 1.305189 1.594130 0.652043 1.559226 0.157271 0.414709 0.337796 1.356177 1.031454 0.722006 -0.440381 0.147835 -0.018558 1.626997 -0.045715 -1.109945 0.309409 0.079446 1.013126 0.631862 -0.368089 0.820630 0.706383 -2.152653 -0.524729 0.601615 -0.486022 -0.061798 0.266493 0.097449 -1.152753 0.926877 0.439119 -0.486081 1.891742 0.771208 0.599200 -0.140114 1.811967 0.286914 2.979194 0.000000
80 -0.471516 1.281409 2.425661 0.598693 1.203430 1.191983 -0.346801 0.275878 -0.430788 -0.620410 0.330545 0.274034 NA -1.259658 0.585801 -1.865446 0.180818 -1.708310 -1.093554 1.096983 -1.723174 0.442137 0.377995 0.393345 -0.763118 0.842588 2.130119 0.700679 -1.800526 0.788321 -0.598540 -1.329267 0.276817 0.823883 0.321314 -1.163440 0.994707 2.100358 -1.672196 0.629939 0.932084 -1.955446 0.008630 -1.505016 -0.324547 -0.175419 0.072516 0.997888 0.155680 0.386781 -1.481561 1.470510 0.152810 0.262762 0.369613 -0.957101 1.764975 -0.657981 0.421931 0.306151 1.128309 1.920098 1.288406 -0.002980 1.402705 0.858225 -1.510462 NA -1.375020 0.995007 -0.948178 -0.152516 -0.840959 -1.170273 1.411885 -0.230482 -0.035254 -0.983944 -0.535165 0.428982 0.188815 1.000000
81 0.924525 2.815599 -1.815580 0.727661 0.426076 0.371540 -0.426498 -0.231729 NA 0.663646 -1.151881 -1.057321 -0.026207 -1.063965 0.875889 0.309834 1.174634 -0.126075 -0.162819 -0.146889 -1.107617 NA 0.465653 -0.621773 -0.278208 -0.110159 -0.954339 -1.268324 NA -0.675396 -0.720332 0.324909 1.030718 -0.604463 -0.682445 -2.206478 NA 0.707463 0.985549 0.232179 -0.175333 -0.648069 -1.819835 0.225465 -2.430985 1.530784 0.150067 -0.794450 1.216145 -1.853547 -0.702313 -0.423101 -0.165779 -0.916937 0.992632 1.113309 -0.021387 -2.283455 0.506022 0.652755 1.896644 -1.842268 -0.547632 0.400510 -0.424274 1.083730 0.753222 NA -0.972856 -0.133614 -0.013885 0.934070 -1.618508 0.525165 -0.233399 2.766462 0.074691 -0.750207 -0.661046 -0.551023 0.394093 1.000000
82 0.580800 -0.673123 -1.064450 -1.321900 -0.336990 -0.630351 -0.814733 -0.648022 -1.128714 0.557574 0.004480 -0.611962 -0.455248 -0.154817 0.917394 1.409186 -0.870911 -1.042272 -1.581114 -1.403374 -0.423161 0.250033 -0.584509 1.827996 -0.309070 -0.247187 0.539406 -1.868384 1.217331 0.441507 -0.861675 0.213706 -0.369814 0.179848 0.698981 2.512744 1.065948 -0.366737 1.117439 1.602035 1.373209 0.104804 0.364943 2.158632 -0.775406 -0.108762 NA -1.997085 1.193310 1.307755 -0.163988 0.008503 0.196566 1.252607 1.457657 -1.479916 -0.242354 -1.005095 -0.163009 -0.450738 -1.087102 -1.213189 0.025907 -0.138012 -0.226619 -0.124345 0.479545 -1.004075 1.033454 0.956175 0.603458 -0.184901 -0.642212 -1.126905 0.833324 0.807271 0.914796 0.111079 1.149349 -1.059220 1.261977 1.000000
83 NA -0.040020 0.690253 0.197691 -2.005747 NA 0.550264 -1.545309 1.156280 0.770006 -0.832171 NA 0.162322 0.565873 0.819435 -0.377486 -0.323402 0.084898 -0.653425 1.603595 0.521992 0.280523 -0.317972 -0.530202 0.369690 -0.161424 1.123823 1.977439 0.896377 1.554328 -0.076323 NA 0.504470 -0.831040 -0.176308 -0.056712 -1.057443 0.257430 0.826044 -0.869429 1.135813 0.423155 0.654919 0.601966 -0.878479 -1.156688 -1.046955 1.099641 0.864881 -0.937356 -0.428929 -1.854205 NA 0.358924 -0.365101 NA 0.073214 -0.283530 -0.236410 1.409010 -1.198334 -0.622753 1.130940 -1.768278 0.633393 -1.714255 1.099393 -0.294233 1.942739 -0.322280 -0.052893 -0.381669 0.326265 -0.645569 1.918386 -2.020946 2.571779 0.894433 1.808476 -0.333873 9.487313 0.000000
84 -0.014609 -0.536063 0.517567 -1.423528 0.242721 0.480768 -0.736761 1.880300 0.331007 -0.903045 -1.040148 0.577517 -0.008394 -0.711221 -0.192723 0.758648 0.191273 -1.797759 1.242688 -0.651710 0.415491 -0.501623 -1.290895 -0.597781 -0.038590 2.216867 1.854484 -0.655085 NA 0.040856 -0.631488 1.259271 -0.717405 1.088707 -1.008594 -1.067447 0.962757 -1.342769 0.653014 -0.054276 0.596439 -0.384515 -0.048901 1.061710 0.336254 -0.895913 -0.466141 -2.081250 0.045044 1.964404 -1.607854 -0.717790 0.908958 -0.223010 -2.246175 0.818384 -0.488993 0.410882 -0.134340 -0.268489 1.177302 0.150011 -0.069764 -1.423716 0.090283 1.910900 3.477528 -0.831954 -0.062628 NA 0.215299 2.421818 NA -0.000034 -0.066240 -1.029229 -2.161005 -1.361979 -1.504875 NA 5.913000 1.000000
85 0.588644 1.542256 1.300433 -2.419768 0.532487 -1.046575 0.274214 2.175282 0.849831 -1.322815 -1.226453 -1.273221 2.049399 2.324291 -0.034498 0.089690 -0.003174 -0.733392 0.210416 -1.617219 0.230329 1.523095 -0.565433 -0.841181 -0.109824 0.374362 -0.180088 -1.934837 -0.482091 -0.257014 -0.856421 0.109873 -1.106881 0.819636 1.361971 -0.044296 -0.320865 -0.508402 -0.204148 1.135498 0.236304 -0.746799 1.356464 -0.831926 0.596644 0.148503 -0.323254 -0.314582 1.435599 -0.795461 0.170525 -0.273430 -0.638231 0.301801 -0.258729 1.212471 1.270507 -1.188334 -1.885053 -1.481552 0.760869 -0.517200 0.258174 0.324619 0.129124 -0.277735 0.072571 -0.232235 -0.963510 0.252070 0.558483 -0.423876 -0.388665 0.170637 1.035660 0.115164 -0.690250 0.935630 0.198733 -1.243496 0.099058 1.000000
86 -1.483679 NA -1.307146 -0.265035 -0.909706 1.504037 2.483121 -0.379946 0.120389 -0.391687 1.236923 0.354823 -1.572702 0.170283 1.418160 NA NA 1.534747 0.551224 -0.198697 -1.219584 -0.539655 -0.523063 -0.124305 1.044535 0.812142 0.360330 0.085955 0.371583 -2.054974 -0.871152 -3.654186 -0.161253 -0.653487 1.637565 -0.342490 0.037246 -1.362394 -0.205109 -0.831142 -1.013226 0.873045 1.185940 -0.997601 0.168181 -0.063625 0.983763 -0.299995 -1.024313 -0.865914 -0.298364 -0.946261 -0.001956 0.693814 0.606403 0.198298 -0.156085 0.115056 -0.438045 NA 0.442793 -1.097989 -0.952864 -1.690442 2.158162 1.663851 0.845038 -0.983263 0.281385 -2.098796 -0.608943 1.227885 0.729394 -0.678298 -1.104569 -0.476466 -0.764856 -0.678385 NA -0.244649 3.480333 0.000000
87 -0.661872 -0.414960 1.436543 -1.462585 0.362330 -0.879925 -1.976691 -1.805210 0.136626 -1.118340 1.061194 -0.154352 0.650101 0.762898 0.350773 0.220420 -0.779632 0.712951 -2.277085 -0.051371 -0.791338 2.003423 -0.583098 -0.752253 -1.133882 0.932420 -1.574113 0.509680 0.536131 -0.846079 0.895514 1.155972 -0.784327 -0.400378 1.053464 -1.903761 2.414237 -0.331435 0.366932 0.064118 NA NA 0.828449 0.530188 0.292064 0.511693 0.179255 1.984708 -0.553771 -1.352704 NA 2.076244 1.329529 0.927930 -0.841721 1.645272 -0.001105 -0.496775 0.499049 0.060444 NA -2.143927 0.038512 1.355612 -0.972507 -0.750802 0.143787 0.883950 0.672012 -0.120151 0.146583 0.154963 0.503606 -0.329030 -0.861843 0.375188 -0.368582 2.213661 -0.496769 0.139573 0.031393 1.000000
88 0.941077 -0.523061 -1.377500 -0.179721 -0.293369 -0.511897 0.326934 -0.949797 1.384583 0.331227 0.739101 NA -0.567320 -1.053327 0.600967 0.334076 -0.029598 -0.934592 NA -0.217766 2.138136 0.459282 -0.410784 3.093697 -0.755339 -0.301701 0.467275 1.388947 -2.042028 0.755267 -1.440497 0.916827 -0.002153 -0.476634 1.088601 -0.279853 -0.649555 0.249264 1.365565 1.176832 -1.175829 -0.401523 0.392146 -1.011328 1.557938 -1.464928 -0.649641 -0.791846 -1.258970 -0.008474 -0.235439 -0.078962 NA -0.649599 -0.816546 0.633791 0.304641 -1.514382 1.170925 -1.734153 0.881887 0.943710 2.120716 1.003763 -0.561302 0.078525 0.642036 -1.816081 1.954690 0.263584 0.492383 0.029228 NA 0.341451 0.437223 -1.972437 0.492020 2.028365 0.783555 -0.237170 0.875757 1.000000
89 -1.919410 -0.407602 -0.909828 -0.333722 -0.821214 0.457351 0.920319 -0.654598 NA -0.271367 0.302282 -0.234264 1.419497 1.601183 1.112347 -0.575602 0.606153 1.926438 1.756455 -1.612285 -0.148817 2.357200 -2.236117 -1.666568 -0.698432 0.167675 2.524765 0.281857 -0.022662 -0.565637 0.203682 0.856446 -0.621541 -0.437537 -0.184120 NA 0.895174 2.015482 -0.916729 -0.278646 -0.215044 -1.260478 -0.814035 0.328750 0.718256 -2.023836 0.331825 -0.710982 -0.759472 1.034315 -0.038320 0.312493 1.064851 0.055629 -1.317571 0.060105 1.838306 -0.478226 0.619156 -0.329955 0.467708 2.984404 0.940994 -1.433286 NA 0.517340 0.543593 -0.964554 -1.503531 2.091473 -0.441272 0.017791 -0.275914 1.030826 1.777047 -0.100625 0.674260 1.396323 -0.240732 2.061021 1.390933 0.000000
90 1.329677 -0.521239 -0.548945 -2.049076 -0.233901 0.738713 -0.057462 0.431960 -0.454539 -2.154235 -1.335310 0.564597 1.689417 1.507643 0.216089 0.987660 -0.411349 -1.848918 -0.316772 -0.450628 -1.706263 1.175289 -1.052189 0.491355 -1.501052 0.221471 0.275595 0.490222 -0.070218 -2.107851 1.582404 -0.386504 -0.361792 -0.848688 -0.589807 -0.612142 -0.040958 -0.696032 0.459999 1.364820 -0.055215 -0.836901 1.175913 1.696444 0.430880 -1.340222 -0.229456 0.539452 0.452370 0.592201 -0.417270 -0.659694 0.157490 -0.874464 0.169422 -0.591396 0.195398 -0.869528 0.309198 -0.099702 0.067861 0.285836 -1.034776 0.422714 0.786889 -1.102336 NA -0.016147 -0.903646 0.157466 0.829213 -0.207911 0.622973 3.006127 -0.435232 0.667464 0.306607 2.787314 -0.417525 0.842875 0.619499 1.000000
91 0.493309 -2.187740 2.890407 -1.348408 -1.374821 -1.285847 0.728002 0.193337 NA -0.199638 -0.099659 -0.705611 0.701176 -0.723951 -0.489213 0.768019 -0.100598 -0.115040 1.150967 1.927508 -0.625297 -0.741650 -0.723174 0.837903 -0.269981 0.900755 -1.932180 1.071461 0.486836 2.081236 -0.781923 -0.537412 -0.109301 NA -1.234481 -1.543613 1.165597 0.386387 0.413343 0.623679 0.949080 1.638197 -0.130556 1.162126 -0.399660 -1.638175 -0.104969 1.851901 -0.984533 -0.093431 1.729561 -0.269123 1.005520 0.860130 1.771316 1.803949 -0.251433 0.491449 2.002249 0.340324 0.751025 0.512781 -0.396753 1.416697 -1.550159 -2.699588 -0.882285 NA -0.961351 0.538772 0.092766 0.868735 -1.005658 1.612523 NA -1.705969 -1.133720 -0.436019 0.740845 1.621435 9.856640 1.000000
92 1.230648 1.473137 -0.335912 -1.065839 3.057711 0.066413 -2.639682 0.702751 0.174932 1.390358 0.882692 -1.527608 2.145528 -1.552641 2.205847 1.064276 1.327308 0.446869 -0.958319 0.668770 0.492340 0.202296 -1.291331 -1.422724 1.049288 1.209106 -0.191415 -0.062278 0.389517 -1.384158 -1.680956 0.235867 -2.085357 0.320121 0.840980 -0.497177 -0.804761 1.797211 0.239444 0.207751 -0.077715 1.721019 -0.430285 0.584195 0.099241 0.558875 2.344109 1.639558 1.772136 1.318082 NA 0.315510 0.117241 0.089760 1.321110 0.035847 0.895311 0.292423 0.247723 -0.373866 NA 1.351969 -0.645108 0.107527 0.243541 0.352658 0.538488 -0.055772 0.381995 0.004438 -1.321928 0.387938 -0.869403 -0.562479 0.824796 1.370665 -1.339506 2.653018 -0.080600 NA 0.314442 1.000000
93 -0.125426 0.117904 0.247973 1.155407 0.728412 NA 0.423375 0.917312 0.828441 1.047228 0.241937 0.570981 -0.187330 -0.596551 -0.936902 NA -0.948914 -0.048720 -0.272941 1.731773 0.898473 0.853021 1.273586 -0.757215 NA 1.628434 0.368999 0.835215 -1.021724 NA 0.808038 0.619601 1.498723 -0.090040 -1.441711 -1.535855 0.481661 -0.067904 0.632043 1.151231 -1.036265 1.794735 1.514525 -0.998986 0.522949 0.324458 -0.780121 -0.372936 -1.304911 -0.454625 NA -1.012677 1.858945 -0.242446 -0.708425 0.286032 0.825011 0.060036 -0.203247 0.127547 -0.495643 2.264875 0.043928 1.785164 1.695259 0.291866 NA 1.957628 0.668953 0.290918 0.794753 1.506737 -0.819708 0.645470 -1.315480 0.262076 0.801589 1.007641 0.353905 -0.860186 9.696905 0.000000
94 0.318979 1.058854 0.606142 -0.531336 -0.951473 -0.951532 1.510840 0.493836 0.175085 0.698948 1.002255 0.186135 0.149713 1.027383 -1.541409 -0.970829 1.409891 0.567056 1.226794 -0.381687 -0.943043 1.322234 -1.447652 -0.128387 -1.101102 -1.185347 -0.243977 0.129404 0.017744 -0.186647 -1.422448 NA 1.340592 1.719877 -1.631601 NA -0.156256 1.086405 0.835257 NA -1.441748 -1.466707 0.092170 -0.689793 0.340897 -0.028595 -0.815635 1.217346 -1.136158 -0.423731 0.379257 1.696728 -0.069250 -0.897164 2.055009 -0.210159 1.012104 -0.105070 NA -0.722053 -0.853008 0.833686 -1.741218 2.089224 0.181597 -0.128363 0.788488 -0.246425 0.121954 -0.722169 -0.290084 0.761183 -0.755039 0.295729 -0.642109 -1.008754 -1.382121 -1.109316 -0.783392 0.809892 2.381945 0.000000
95 1.680443 1.819649 NA 0.012164 -1.230827 1.181170 0.123707 0.496474 0.406105 1.798650 0.088312 1.467355 -0.693349 -0.485476 1.500757 0.756974 0.542248 0.087555 1.739332 -0.652424 0.750372 1.336286 0.377316 -0.201673 0.898800 1.641065 -1.207485 -0.428228 1.934559 -0.212050 2.302595 0.943654 -0.474159 0.648098 0.607476 -0.004570 -1.358187 1.324240 -0.347415 0.399267 -1.603096 -1.111573 0.168227 -0.876522 -1.370659 -1.059824 0.007588 -0.297546 0.289005 -0.951408 NA 1.776132 0.776976 -1.613440 0.166999 -3.122797 0.264505 -1.108444 1.205712 -1.313486 0.930791 0.787259 NA -0.460033 0.666662 -0.172749 -0.780051 -0.572320 1.238550 0.631324 2.512780 -0.753921 -0.439148 1.534033 0.766629 1.501865 -0.416700 -0.584670 0.962997 -0.605388 6.842665 0.000000
96 2.088041 -1.849201 -0.484061 -0.427955 -1.366977 -2.176347 0.896215 -0.155121 -0.278742 -0.946988 -0.875380 1.477487 2.470426 0.690722 -0.451086 0.579998 -0.967018 0.332831 -1.306406 0.711906 -1.471152 1.663723 2.374318 -0.597940 1.350814 0.993833 0.803974 0.646443 0.795088 0.094069 NA 0.911274 -0.312117 -0.695392 -1.345460 0.702315 1.775479 0.267797 0.797886 -1.122919 1.934713 -1.142850 -2.147742 0.479740 -1.892870 NA -1.059712 NA NA 0.103788 NA 1.260059 -1.112623 -0.722403 -1.017462 NA -2.455835 0.930188 0.286582 -1.542046 -0.495488 0.498444 -1.695991 0.017845 0.208819 -0.692311 0.807097 1.716946 -0.569786 -1.589918 -0.975125 -0.379194 -1.131897 0.254688 -0.358922 -0.073321 -1.470778 -1.136386 0.508673 1.565499 0.034481 1.000000
97 2.504185 -0.005165 1.493840 -0.923278 0.948593 -1.872681 -0.210027 1.021657 0.359919 0.340118 -0.139926 -0.298491 0.426199 0.468222 0.799294 -0.425730 -1.668084 -0.149279 0.291028 0.531710 1.192922 0.122271 0.642043 -0.372307 2.574670 0.796562 -0.257095 -0.546941 -0.078245 0.831313 -0.833950 1.818557 -1.271783 -0.261469 0.349488 0.195426 0.167146 1.161081 -0.648838 -0.768152 0.039554 -1.336384 1.303642 NA -0.160071 -1.177874 -1.725325 2.208984 -0.167748 -0.444750 0.560527 -1.916675 1.714735 -2.094825 -0.110873 0.246028 0.387281 -1.141003 0.475715 1.027628 -0.170208 1.730403 NA -0.055092 1.927958 -0.365984 0.423196 0.077728 -0.097549 -0.078007 1.697721 -0.136008 0.917325 0.454982 -1.183440 -0.189062 1.670609 -0.062950 -2.313838 1.054599 0.283495 1.000000
98 1.120287 -0.310145 NA 1.952920 -0.186662 NA -0.050057 0.148218 1.637875 0.212603 1.573480 1.091809 0.354301 -1.709371 -1.116703 1.838300 -1.243632 -1.225273 0.620152 0.090634 NA 1.012140 -0.447955 0.121704 1.079943 0.681027 1.074582 0.483259 NA -0.003035 -0.961773 1.299329 0.470002 1.783416 -0.359517 -0.716823 1.487606 -0.419350 0.348359 -0.802329 -0.028648 1.230844 1.684298 1.570064 2.026093 -0.987369 0.090081 -0.564908 0.319107 -0.593265 0.353976 0.587853 -1.134435 -0.096595 -1.123246 -0.831701 -1.161156 -0.773084 0.116052 -2.466744 -0.040440 NA -0.621211 -1.018182 -0.829518 -0.638894 1.367059 0.560168 1.412223 0.570734 -0.706080 -1.026129 1.255161 0.196201 -0.341678 0.313168 1.101889 0.021214 -1.067724 0.195396 3.485231 0.000000
99 -0.788587 1.126198 -0.107025 0.193954 0.749966 1.625756 -0.852350 1.457632 0.922542 1.561032 0.808209 0.095026 -0.415534 0.345881 1.175650 0.283039 1.595462 0.633049 0.862652 0.156921 0.106042 1.466663 0.295268 0.179366 -0.571263 0.212801 0.587330 0.390530 -0.208465 0.312324 NA 0.805806 -1.209406 -0.929883 0.604532 -0.934940 0.726467 NA -2.064391 -0.697266 0.790949 1.348812 -1.468547 -0.450571 1.220951 0.390459 1.262715 -0.084601 -0.145666 1.381296 1.519800 0.551537 -1.477728 0.912487 -1.499538 -1.875666 -0.901259 -0.966413 -0.600540 -0.195244 1.201865 0.232936 1.488623 -0.991419 0.661371 -0.791496 -1.463329 -1.227615 0.596549 1.831576 -1.927060 -0.190259 0.097824 0.377419 0.010823 -0.339806 -0.558485 0.459618 -1.180144 0.195307 4.310133 1.000000
100 -0.089844 -2.170856 0.430614 0.074011 0.723323 -0.659803 0.409772 -0.089300 -0.686854 -0.392745 1.224648 -2.110632 0.053418 -1.506571 -1.458865 -1.736248 -0.782370 -0.471725 0.368700 -2.303050 -0.097222 0.074171 NA -0.113150 -0.780856 0.635772 -1.310097 0.732059 -0.258857 -0.418034 1.605926 0.832283 -1.143493 -1.005006 -0.498823 0.081179 0.648386 -1.288197 1.414852 -0.682037 1.518282 1.233605 0.139846 -0.196904 -0.274339 1.209421 -1.223267 0.848367 0.618478 1.011205 NA 1.273463 0.791640 0.998320 0.063127 0.920145 0.650556 -0.201985 -0.890296 -0.700000 -0.508799 0.091692 -0.250729 0.969620 1.544437 -0.722560 -0.674672 -0.767124 0.438940 0.735819 -1.937283 0.448660 0.208005 0.415675 0.922709 -2.514699 -0.067506 1.557499 1.490853 1.353983 0.266347 1.000000
uncorrelated Gaussian covariates
missing covariate fraction: 0.050000
no latent classes
   lambda(t|risk 1)=C, <t>=4.000000 for zero covariates
   risk 1: beta[1]=0.500000
   risk 1: beta[2]=0.500000
   risk 1: beta[3]=0.500000
   risk 1: beta[4]=0.500000
   risk 1: beta[5]=0.500000
   risk 1: beta[6]=-0.500000
   risk 1: beta[7]=-0.500000
   risk 1: beta[8]=-0.500000
   risk 1: beta[9]=-0.500000
   risk 1: beta[10]=-0.500000
   risk 1: beta[11]=0.500000
   risk 1: beta[12]=0.500000
   risk 1: beta[13]=0.500000
   risk 1: beta[14]=0.500000
   risk 1: beta[15]=0.500000
   risk 1: beta[16]=-0.500000
   risk 1: beta[17]=-0.500000
   risk 1: beta[18]=-0.500000
   risk 1: beta[19]=-0.500000
   risk 1: beta[20]=-0.500000
   risk 1: beta[21]=0.000000
   risk 1: beta[22]=0.000000
   risk 1: beta[23]=0.000000
   risk 1: beta[24]=0.000000
   risk 1: beta[25]=0.000000
   risk 1: beta[26]=0.000000
   risk 1: beta[27]=0.000000
   risk 1: beta[28]=0.000000
   risk 1: beta[29]=0.000000
   risk 1: beta[30]=0.000000
   risk 1: beta[31]=0.000000
   risk 1: beta[32]=0.000000
   risk 1: beta[33]=0.000000
   risk 1: beta[34]=0.000000
   risk 1: beta[35]=0.000000
   risk 1: beta[36]=0.000000
   risk 1: beta[37]=0.000000
   risk 1: beta[38]=0.000000
   risk 1: beta[39]=0.000000
   risk 1: beta[40]=0.000000
   risk 1: beta[41]=0.000000
   risk 1: beta[42]=0.000000
   risk 1: beta[43]=0.000000
   risk 1: beta[44]=0.000000
   risk 1: beta[45]=0.000000
   risk 1: beta[46]=0.000000
   risk 1: beta[47]=0.000000
   risk 1: beta[48]=0.000000
   risk 1: beta[49]=0.000000
   risk 1: beta[50]=0.000000
   risk 1: beta[51]=0.000000
   risk 1: beta[52]=0.000000
   risk 1: beta[53]=0.000000
   risk 1: beta[54]=0.000000
   risk 1: beta[55]=0.000000
   risk 1: beta[56]=0.000000
   risk 1: beta[57]=0.000000
   risk 1: beta[58]=0.000000
   risk 1: beta[59]=0.000000
   risk 1: beta[60]=0.000000
   risk 1: beta[61]=0.000000
   risk 1: beta[62]=0.000000
   risk 1: beta[63]=0.000000
   risk 1: beta[64]=0.000000
   risk 1: beta[65]=0.000000
   risk 1: beta[66]=0.000000
   risk 1: beta[67]=0.000000
   risk 1: beta[68]=0.000000
   risk 1: beta[69]=0.000000
   risk 1: beta[70]=0.000000
   risk 1: beta[71]=0.000000
   risk 1: beta[72]=0.000000
   risk 1: beta[73]=0.000000
   risk 1: beta[74]=0.000000
   risk 1: beta[75]=0.000000
   risk 1: beta[76]=0.000000
   risk 1: beta[77]=0.000000
   risk 1: beta[78]=0.000000
   risk 1: beta[79]=0.000000
   risk 1: beta[80]=0.000000
uniform censoring on time interval [1.000000,12.000000]
