1 0.046005114583 0.980994826501
2 0.000920071891 1.039555955070
3 -0.005498916868 0.962285622732
4 0.056660430224 0.987618694771
5 -0.017757631248 1.005588189618
6 -0.126034557300 0.979711686823
7 0.095419653139 0.899471797610
8 0.008716877024 1.024713235634
9 0.035554366110 1.105182814963
10 -0.077051989164 0.984783069962
11 0.159494408401 0.977004968319
12 0.068708623907 1.137951383241
13 0.029119401239 0.999183724328
14 0.028325517785 1.067708824295
15 0.012723069790 0.975162976928
16 -0.102269791626 0.891612445045
17 0.029441682711 0.970777351958
18 -0.073628276062 1.059049714838
19 0.020570761734 0.900691904354
20 0.042884675094 1.044213430851
21 0.065135339972 0.964125822141
22 -0.064940261048 0.927145901008
23 -0.019484204018 0.956665756434
24 -0.034411665681 0.969310355818
25 -0.058769504337 1.028480384328
26 0.020023834722 0.930819013583
27 0.155174942315 0.994746042798
28 -0.020096584130 1.095209080611
29 -0.098422353522 1.000809669089
30 0.123595365786 0.979167325480
31 0.082293312727 1.077820637473
32 0.157070502553 0.947361851130
33 -0.238717191594 1.042508049068
34 -0.112690359993 1.070682529345
35 -0.000965556757 0.905260270457
36 -0.272936440346 0.929295156061
37 0.165890240326 1.037231349609
38 0.174329294158 0.959745719304
39 0.147208500904 1.034000763833
40 -0.063651197293 0.956787556630
41 0.125935845250 0.970160939017
42 0.085610562909 0.885981537473
43 -0.015985804840 0.932301839261
44 0.117063870426 1.111507449409
45 -0.003294682080 1.135762978528
46 0.066507863392 1.064933514764
47 0.014192341089 1.063288429020
48 0.014129209150 0.917555049474
49 -0.028036524982 0.960743530713
50 0.032082898668 1.093309930812
51 0.064414314209 0.886037306788
52 -0.073963455152 0.961175995935
53 -0.078568699254 0.971412902830
54 -0.112879458258 1.227473535066
55 -0.067629438902 1.003745386831
56 0.238625473756 1.015637849815
57 0.136119152929 1.036827337300
58 0.166668173389 0.947389533813
59 0.024365121091 1.118487467844
60 -0.018152157570 0.961774714688
61 -0.099591821840 0.878660388551
62 -0.187723130704 1.042535276360
63 -0.092775860856 0.866729035182
64 -0.003165553564 0.950259572616
65 0.027002804398 1.003791431098
66 0.160833893147 1.000169138135
67 0.013064887709 1.050838462032
68 0.035594749175 0.926864499087
69 0.020032921704 1.000275480259
70 -0.017315370243 0.941780453885
71 0.074745805421 0.918889149799
72 0.019475069334 0.950511670175
73 0.067790813397 1.141410925458
74 0.121893727005 0.946966089165
75 -0.115904088983 1.030115199215
76 0.006590661537 0.913987734655
77 0.074384443740 1.075963262520
78 0.039251444671 0.946683087974
79 -0.111619354325 0.940075810366
80 0.094300787040 0.982466188744
81 -0.093597121370 0.933787645048
82 -0.027643587881 0.927446647896
83 -0.115671751049 1.014386467369
84 0.119198946614 0.950112652270
85 0.080353516153 0.935918270429
86 0.044477967748 0.967679744686
87 0.079054164582 1.119676934954
88 0.026568601885 1.123871150358
89 0.124685441678 1.115550077224
90 0.052683467383 0.970151819883
91 0.086596960210 1.076850870383
92 -0.099363039673 0.984830520151
93 0.212170729409 0.945120886788
94 0.265678461121 0.985411504289
95 0.063647918283 0.869703989231
96 -0.136142326554 1.001008011374
97 -0.226160548109 0.971169682773
98 0.027376431240 1.041242075374
99 -0.151972626731 1.032542771460
100 0.002119374542 0.923495240183
