1 -0.278031085106 0.991837544978
2 0.210713895833 0.841351168022
3 -0.128153300000 1.112950058785
4 -0.183275956522 0.946587979763
5 -0.153848195652 0.953366951437
6 -0.011406795918 1.044757724236
7 0.024518108696 0.981477298931
8 -0.050737673469 1.056847161747
9 -0.028745437500 0.926177343660
10 0.161857595745 0.922200777862
11 0.158868851064 0.882721051161
12 0.108264729167 1.059210498288
13 -0.081030938776 1.030563721404
14 0.102941914894 0.985857966275
15 0.088990446809 0.964340778599
16 0.174251959184 0.846385238019
17 0.152190913043 1.039250081314
18 0.055475255319 0.898304051988
19 -0.016383333333 1.054219331764
20 0.025666723404 0.910238190356
21 -0.023848562500 1.005347606034
22 0.186541734694 0.990616909096
23 0.076464458333 0.954190893992
24 0.096244469388 0.941563973883
25 0.001251960000 0.929949572246
26 -0.101674333333 1.045938986916
27 0.080976191489 1.039055782390
28 0.015011127660 0.932156070271
29 -0.036795104167 1.000014240561
30 0.185978958333 0.783840140144
31 -0.111620734694 0.939928646676
32 0.103688108696 1.048260170589
33 -0.162647520833 1.075419473121
34 0.165027319149 1.004053864830
35 0.196269416667 1.046293518358
36 -0.204871739130 1.021554937287
37 -0.060432106383 0.973769805077
38 -0.162816500000 1.035339768369
39 -0.159970866667 0.876396126799
40 0.257211000000 1.147536711146
41 -0.214412127660 1.188061544387
42 0.227257531915 0.948572197035
43 0.092402187500 1.105729450482
44 0.007803979167 0.963754915284
45 0.128634680851 1.008037640470
46 -0.032529571429 0.937842965773
47 0.126905326531 1.050613524066
48 -0.178758428571 0.911007661741
49 0.150043369565 0.901462721882
50 0.087675791667 1.228237578635
51 -0.214418857143 0.795171667461
52 -0.105412456522 0.799576653420
53 -0.082295478261 0.835436547671
54 0.035345000000 0.989445642866
55 -0.049453816327 0.911583963151
56 0.159265285714 0.940995315201
57 0.043373240000 0.951226557004
58 -0.027760395833 0.900118255772
59 -0.000715714286 1.074795671091
60 0.099257477273 1.018714550981
61 0.034998808511 0.891419438099
62 0.218053276596 1.029471579110
63 -0.289925978261 0.942210699743
64 0.223070152174 0.869778521624
65 -0.066145489362 1.210999246969
66 -0.031076978261 1.224857040632
67 -0.048074458333 1.030274345445
68 0.125585425532 0.726923451224
69 0.163733895833 1.022519064700
70 0.147460437500 1.046530027291
71 0.156179382979 1.028703268734
72 -0.099344020408 0.864749748958
73 0.033677543478 0.942445600570
74 0.014463586957 1.121550319873
75 -0.249888340426 0.931299703854
76 0.199683877551 0.806148882183
77 0.048579897959 0.901447746016
78 0.037203955556 0.972981335555
79 0.127339382979 1.017450999269
80 0.056329187500 0.995548219418
81 0.130662880000 1.127104570875
82 -0.076528840909 1.019223869909
83 0.194299208333 1.022652173966
84 -0.037295872340 0.976926542417
85 0.038679854167 0.976388213974
86 -0.330530652174 1.200788998554
87 0.073710521739 1.273294291230
88 0.070718456522 0.982146480615
89 -0.074543729167 1.064555873355
90 0.103894340426 1.051708122331
91 -0.106787595745 1.036622574552
92 -0.035421833333 0.920491136170
93 -0.100131270833 0.951584739414
94 0.010146340426 0.884839200770
95 -0.085215893617 1.056755910419
96 -0.291120276596 0.975433674175
97 -0.155936979592 0.882483309458
98 -0.001217395833 0.996694583366
99 0.009375511111 0.848521407536
100 0.202644744186 1.141962318329
