1 0.011819450000 0.984925758202
2 -0.016114150000 1.019302320224
3 0.004956890000 1.046788237014
4 0.031718120000 1.029041088144
5 0.053520490000 0.981435201929
6 -0.019003750000 0.901065435726
7 0.044782810000 0.924830037593
8 -0.095668630000 0.952020763590
9 -0.047130990000 0.994459628724
10 -0.209910760000 0.929383446289
11 -0.089820870000 0.935082215620
12 0.131322050000 1.015279660174
13 0.108656880000 1.013412847232
14 0.192856020000 1.005362250955
15 0.033984830000 1.015711566780
16 0.267304350000 1.010778232209
17 -0.051008590000 1.008331990148
18 0.085872840000 1.061019516776
19 0.078180300000 1.142241191580
20 -0.127049160000 1.028268570964
21 -0.030311700000 1.017898408978
22 -0.000910980000 1.109276938150
23 0.030866560000 0.939740941464
24 0.109193610000 0.821974468324
25 0.136303260000 1.041508408732
26 -0.055592240000 0.979672684183
27 0.040402250000 1.005171675970
28 0.038774990000 0.914424247088
29 -0.033986460000 1.105820773497
30 0.053831940000 0.947626969161
31 0.014110750000 1.056027095975
32 0.018498160000 0.992451741630
33 0.032806180000 0.910291342138
34 -0.085138660000 1.032719184905
35 -0.061857010000 1.029725151129
36 0.123624910000 1.060849228752
37 0.117200980000 0.935566699115
38 0.120282680000 0.984772031642
39 -0.021135060000 0.978092737706
40 -0.074400220000 1.047287502056
41 -0.031339420000 0.937068177839
42 0.097494070000 1.050397351793
43 -0.001703200000 0.992225047907
44 0.188765110000 0.938242568334
45 0.032906640000 1.002112774812
46 0.055282020000 0.881520087007
47 -0.066463840000 0.990994895412
48 -0.024266290000 0.988184305300
49 0.039436940000 1.028575712240
50 -0.002752120000 0.873995799412
51 0.132792150000 1.128557236099
52 -0.231956500000 0.971857192400
53 -0.040757670000 1.027036632598
54 0.077559040000 0.919539737581
55 -0.017933030000 0.965894270033
56 0.131281880000 0.942631649380
57 0.091469690000 1.084121326486
58 -0.029146740000 0.993098095643
59 -0.157271660000 0.955359580377
60 -0.230759950000 1.025902204929
61 -0.125872680000 0.939041535312
62 0.003362890000 0.872907451860
63 -0.029360090000 0.971898500287
64 -0.014002460000 0.910876677901
65 -0.103703720000 1.036325283241
66 0.048330090000 1.121187684798
67 0.112020810000 1.059855338906
68 -0.114739340000 0.979897203697
69 0.053807180000 0.994861438321
70 0.224201900000 1.004380383805
71 -0.007066280000 0.933198502151
72 -0.113966830000 1.030958530566
73 -0.025889090000 0.937393712852
74 0.044755850000 1.149109632735
75 0.069997820000 1.010248484487
76 0.016307730000 1.052385864324
77 -0.002177470000 0.905202476762
78 0.107580270000 0.945844573696
79 0.056619770000 1.037549349328
80 0.196306710000 0.935576513787
81 -0.040753030000 1.034175866892
82 0.189058160000 1.073082871923
83 -0.087910240000 0.990472616710
84 -0.041148030000 1.003867840685
85 -0.013703570000 1.097458581979
86 0.010333390000 0.930204641751
87 0.121046380000 1.043271438989
88 -0.060285250000 0.954091773366
89 -0.085353380000 0.938222691246
90 -0.059637430000 0.992662391181
91 0.134636300000 1.068072658293
92 -0.186587500000 0.945263936393
93 0.035311170000 0.957919165534
94 -0.066680900000 0.929312575117
95 0.121345490000 0.991189903062
96 -0.077526210000 1.043331830513
97 0.028672390000 0.928779629838
98 -0.024655150000 0.885237555578
99 -0.174740460000 1.056370576446
100 -0.092403820000 0.917883656926
