1 0.052089425532 0.898611325481
2 0.213315148936 0.972778806035
3 -0.123757695652 0.844790239901
4 0.203692173913 0.999070552721
5 -0.249076400000 1.029152652182
6 0.262667595745 0.982764027196
7 0.086323083333 0.991476302319
8 -0.012365270833 1.128771148803
9 0.084405957447 0.987383119600
10 0.035975897959 0.868485213072
11 -0.198914586957 0.994568242722
12 0.218294369565 0.958720579681
13 0.047036617021 1.051594750989
14 0.271930061224 0.977758292555
15 0.028623937500 0.870468999041
16 -0.108360812500 0.970051154251
17 -0.059359229167 0.977022037389
18 0.004499666667 1.092166416906
19 0.120702127660 0.942738996339
20 0.058348695652 0.975810374464
21 -0.142743408163 0.928018044418
22 0.068876638298 1.014851383087
23 -0.198581510204 0.810082119969
24 0.198557106383 0.990348261050
25 -0.294109666667 0.813472120205
26 0.045402583333 1.016759655294
27 -0.238474545455 1.166613175283
28 0.242036891304 0.888662958323
29 -0.027546347826 1.097276402904
30 0.040900041667 1.015734106110
31 0.034247382979 0.878179515087
32 -0.009824333333 0.986861204544
33 0.058620413043 1.071697151593
34 -0.034344630435 1.078302541612
35 -0.085881326531 1.070631632330
36 0.217684818182 0.984408323595
37 -0.046989640000 0.867137299816
38 -0.296068312500 0.841417581691
39 0.033152897959 1.096599206093
40 0.050511816327 1.038324310685
41 -0.081159250000 0.910135094554
42 0.242288083333 0.742099253310
43 -0.006743645833 0.979863400753
44 -0.039163847826 0.929681819472
45 0.040642069767 0.901487552015
46 0.050617297872 0.958662678585
47 0.025160425532 0.950377199652
48 -0.090998081633 1.152339786180
49 -0.302730382979 0.979390807172
50 0.012854702128 0.808848335228
51 0.106018510204 0.985095374175
52 0.309508562500 1.133756232526
53 0.011956645833 0.992795503417
54 -0.019969714286 0.964231619051
55 -0.012444645833 0.930066505935
56 -0.297620133333 0.990109036937
57 0.008945630435 0.903192744586
58 -0.105974266667 1.092380395379
59 -0.119894520000 0.907664521794
60 -0.115222340909 1.186758604950
61 0.058171957447 0.813330474150
62 0.203309795918 1.146261551318
63 0.165191081633 0.978477669348
64 0.055432791667 1.043192902702
65 -0.154025717391 1.006014776347
66 0.003011702128 1.089676079082
67 0.148955787234 1.137817948667
68 -0.195628891304 1.051345139139
69 0.071343723404 1.007032143945
70 0.211638541667 0.903607810488
71 0.136919510638 0.989702030588
72 -0.009152800000 1.106559295216
73 -0.047404653061 1.123834370740
74 -0.077662872340 0.894360013300
75 0.105501177778 0.939285484691
76 -0.192259367347 0.995024418107
77 -0.085071687500 0.886894771753
78 0.041111727273 1.000611854511
79 0.155299000000 0.848479022085
80 -0.022720191489 0.992137473917
