0.000000 0.500000
1.000000 0.587700
2.000000 0.599200
3.000000 0.632900
4.000000 0.705900
5.000000 0.722000
6.000000 0.750700
7.000000 0.787900
8.000000 0.805000
9.000000 0.821400
10.000000 0.801200
11.000000 0.801300
12.000000 0.821600
13.000000 0.834800
14.000000 0.848800
15.000000 0.843000
16.000000 0.855500
17.000000 0.857800
18.000000 0.863000
19.000000 0.875200
20.000000 0.875600
21.000000 0.883600
22.000000 0.892100
23.000000 0.891700
24.000000 0.889700
25.000000 0.895100
26.000000 0.901600
27.000000 0.905200
28.000000 0.909200
29.000000 0.911900
30.000000 0.913500
31.000000 0.919100
32.000000 0.915900
33.000000 0.918300
34.000000 0.927600
35.000000 0.923400
36.000000 0.926000
37.000000 0.929200
38.000000 0.924000
39.000000 0.927000
40.000000 0.931400
41.000000 0.930300
42.000000 0.937300
43.000000 0.933000
44.000000 0.942200
45.000000 0.938000
46.000000 0.940900
47.000000 0.944100
48.000000 0.945900
49.000000 0.947100
50.000000 0.946200
51.000000 0.948400
52.000000 0.951100
53.000000 0.950800
54.000000 0.953200
55.000000 0.958000
56.000000 0.955400
57.000000 0.960400
58.000000 0.958500
59.000000 0.958600
60.000000 0.960100
