active=100: 1 2 3 4 5 6 7 8 9 10 11 12 13 14 15 16 17 18 19 20 21 22 23 24 25 26 27 28 29 30 31 32 33 34 35 36 37 38 39 40 41 42 43 44 45 46 47 48 49 50 51 52 53 54 55 56 57 58 59 60 61 62 63 64 65 66 67 68 69 70 71 72 73 74 75 76 77 78 79 80 81 82 83 84 85 86 87 88 89 90 91 92 93 94 95 96 97 98 99 100 
active=99: 1 2 3 4 5 6 7 8 9 10 11 12 13 14 15 16 17 18 19 20 21 22 23 24 25 26 27 28 29 30 31 32 33 34 35 36 37 38 39 40 41 42 43 44 45 46 47 48 49 50 51 52 53 54 55 56 57 58 60 61 62 63 64 65 66 67 68 69 70 71 72 73 74 75 76 77 78 79 80 81 82 83 84 85 86 87 88 89 90 91 92 93 94 95 96 97 98 99 100 
active=98: 1 2 3 4 5 6 7 8 9 10 11 12 13 14 15 16 17 18 19 20 21 22 23 24 25 26 27 28 29 30 31 32 33 34 35 36 37 38 39 40 41 42 43 44 46 47 48 49 50 51 52 53 54 55 56 57 58 60 61 62 63 64 65 66 67 68 69 70 71 72 73 74 75 76 77 78 79 80 81 82 83 84 85 86 87 88 89 90 91 92 93 94 95 96 97 98 99 100 
active=97: 1 2 3 4 5 6 7 8 9 10 11 12 13 14 15 16 17 18 19 20 21 22 23 24 25 26 27 28 29 30 31 32 33 34 35 36 37 38 39 40 41 42 43 44 46 47 48 49 50 51 52 53 54 55 56 57 58 60 61 62 63 64 65 66 68 69 70 71 72 73 74 75 76 77 78 79 80 81 82 83 84 85 86 87 88 89 90 91 92 93 94 95 96 97 98 99 100 
active=96: 1 2 3 4 5 6 7 8 9 10 11 12 13 14 15 16 17 18 19 20 21 22 23 24 25 26 27 28 29 30 31 32 33 34 35 36 37 38 39 40 41 42 43 44 46 47 48 49 50 51 52 53 54 55 56 57 58 60 61 62 63 64 65 66 68 69 70 71 72 73 74 75 76 77 78 79 80 81 82 83 84 86 87 88 89 90 91 92 93 94 95 96 97 98 99 100 
active=95: 1 2 3 4 5 6 7 8 9 10 11 12 13 14 15 16 17 19 20 21 22 23 24 25 26 27 28 29 30 31 32 33 34 35 36 37 38 39 40 41 42 43 44 46 47 48 49 50 51 52 53 54 55 56 57 58 60 61 62 63 64 65 66 68 69 70 71 72 73 74 75 76 77 78 79 80 81 82 83 84 86 87 88 89 90 91 92 93 94 95 96 97 98 99 100 
active=94: 1 2 3 4 5 6 7 8 9 10 11 12 13 15 16 17 19 20 21 22 23 24 25 26 27 28 29 30 31 32 33 34 35 36 37 38 39 40 41 42 43 44 46 47 48 49 50 51 52 53 54 55 56 57 58 60 61 62 63 64 65 66 68 69 70 71 72 73 74 75 76 77 78 79 80 81 82 83 84 86 87 88 89 90 91 92 93 94 95 96 97 98 99 100 
active=93: 1 2 3 4 5 6 7 8 9 10 11 12 13 15 16 17 20 21 22 23 24 25 26 27 28 29 30 31 32 33 34 35 36 37 38 39 40 41 42 43 44 46 47 48 49 50 51 52 53 54 55 56 57 58 60 61 62 63 64 65 66 68 69 70 71 72 73 74 75 76 77 78 79 80 81 82 83 84 86 87 88 89 90 91 92 93 94 95 96 97 98 99 100 
active=92: 1 2 3 4 5 6 7 8 9 10 11 12 13 15 16 17 20 21 22 23 24 25 26 27 28 29 30 31 32 33 34 35 36 37 38 39 40 41 42 43 44 46 47 48 49 50 51 52 53 54 55 56 57 58 60 61 63 64 65 66 68 69 70 71 72 73 74 75 76 77 78 79 80 81 82 83 84 86 87 88 89 90 91 92 93 94 95 96 97 98 99 100 
active=91: 1 2 3 4 5 6 7 8 9 10 11 12 13 15 16 17 20 21 22 23 24 25 26 27 28 29 30 31 32 33 34 35 36 37 39 40 41 42 43 44 46 47 48 49 50 51 52 53 54 55 56 57 58 60 61 63 64 65 66 68 69 70 71 72 73 74 75 76 77 78 79 80 81 82 83 84 86 87 88 89 90 91 92 93 94 95 96 97 98 99 100 
active=90: 1 2 3 4 5 6 7 8 9 10 11 12 13 15 16 17 20 21 22 23 24 25 26 27 28 29 30 31 32 33 34 35 36 37 39 40 41 42 43 44 46 47 48 49 50 51 52 53 54 55 56 57 58 60 61 63 64 65 66 68 69 70 71 72 73 74 75 76 77 78 79 80 81 82 83 84 86 87 88 89 90 91 92 93 94 95 97 98 99 100 
active=89: 1 2 3 4 5 6 7 8 9 10 11 12 13 15 16 17 20 21 22 23 24 25 26 27 28 29 30 31 32 33 34 35 36 37 39 40 41 42 43 44 46 47 48 49 50 51 52 53 54 55 57 58 60 61 63 64 65 66 68 69 70 71 72 73 74 75 76 77 78 79 80 81 82 83 84 86 87 88 89 90 91 92 93 94 95 97 98 99 100 
active=88: 2 3 4 5 6 7 8 9 10 11 12 13 15 16 17 20 21 22 23 24 25 26 27 28 29 30 31 32 33 34 35 36 37 39 40 41 42 43 44 46 47 48 49 50 51 52 53 54 55 57 58 60 61 63 64 65 66 68 69 70 71 72 73 74 75 76 77 78 79 80 81 82 83 84 86 87 88 89 90 91 92 93 94 95 97 98 99 100 
active=87: 2 3 4 5 6 7 8 9 10 11 12 13 15 16 17 20 21 22 23 24 25 26 27 28 29 30 31 32 33 34 35 36 37 39 40 41 42 43 44 46 47 48 49 50 51 52 53 54 55 57 58 60 61 64 65 66 68 69 70 71 72 73 74 75 76 77 78 79 80 81 82 83 84 86 87 88 89 90 91 92 93 94 95 97 98 99 100 
active=86: 2 3 4 5 6 7 8 9 10 11 12 13 15 16 20 21 22 23 24 25 26 27 28 29 30 31 32 33 34 35 36 37 39 40 41 42 43 44 46 47 48 49 50 51 52 53 54 55 57 58 60 61 64 65 66 68 69 70 71 72 73 74 75 76 77 78 79 80 81 82 83 84 86 87 88 89 90 91 92 93 94 95 97 98 99 100 
active=85: 2 3 4 5 6 7 8 9 10 11 12 13 15 16 21 22 23 24 25 26 27 28 29 30 31 32 33 34 35 36 37 39 40 41 42 43 44 46 47 48 49 50 51 52 53 54 55 57 58 60 61 64 65 66 68 69 70 71 72 73 74 75 76 77 78 79 80 81 82 83 84 86 87 88 89 90 91 92 93 94 95 97 98 99 100 
active=84: 2 3 4 6 7 8 9 10 11 12 13 15 16 21 22 23 24 25 26 27 28 29 30 31 32 33 34 35 36 37 39 40 41 42 43 44 46 47 48 49 50 51 52 53 54 55 57 58 60 61 64 65 66 68 69 70 71 72 73 74 75 76 77 78 79 80 81 82 83 84 86 87 88 89 90 91 92 93 94 95 97 98 99 100 
active=83: 2 3 4 6 7 8 9 10 11 12 13 15 16 21 22 23 24 25 26 27 28 29 30 31 32 33 34 35 36 37 39 40 41 42 43 44 46 47 48 49 50 51 52 53 54 55 57 58 60 61 64 65 66 68 69 70 71 72 73 75 76 77 78 79 80 81 82 83 84 86 87 88 89 90 91 92 93 94 95 97 98 99 100 
active=82: 2 3 4 6 7 8 9 10 11 12 13 15 16 21 22 24 25 26 27 28 29 30 31 32 33 34 35 36 37 39 40 41 42 43 44 46 47 48 49 50 51 52 53 54 55 57 58 60 61 64 65 66 68 69 70 71 72 73 75 76 77 78 79 80 81 82 83 84 86 87 88 89 90 91 92 93 94 95 97 98 99 100 
active=81: 2 3 4 6 7 8 9 10 11 12 13 15 16 21 22 24 25 26 27 28 29 30 31 32 33 34 35 36 37 39 40 41 42 43 44 46 48 49 50 51 52 53 54 55 57 58 60 61 64 65 66 68 69 70 71 72 73 75 76 77 78 79 80 81 82 83 84 86 87 88 89 90 91 92 93 94 95 97 98 99 100 
active=80: 2 3 4 6 7 8 9 10 11 12 13 15 16 21 22 24 25 26 27 28 29 30 31 32 33 34 35 36 37 39 40 41 42 43 44 46 48 49 50 51 52 54 55 57 58 60 61 64 65 66 68 69 70 71 72 73 75 76 77 78 79 80 81 82 83 84 86 87 88 89 90 91 92 93 94 95 97 98 99 100 
active=79: 2 3 4 6 7 8 9 10 11 12 13 15 16 21 22 24 25 26 27 28 29 30 31 32 33 34 35 36 37 39 40 41 42 43 44 46 48 49 50 51 52 54 55 57 58 60 61 64 65 66 68 69 70 71 72 73 75 76 77 78 79 80 81 82 83 84 86 87 89 90 91 92 93 94 95 97 98 99 100 
active=78: 2 3 4 6 7 8 9 10 11 12 13 15 16 21 22 24 25 26 27 28 29 30 31 32 33 34 35 36 37 39 40 41 42 43 44 46 48 49 50 51 52 54 55 57 58 60 61 64 65 66 68 69 71 72 73 75 76 77 78 79 80 81 82 83 84 86 87 89 90 91 92 93 94 95 97 98 99 100 
active=77: 2 3 4 6 7 8 9 10 11 12 13 15 16 21 22 24 25 26 27 28 29 30 31 32 33 34 35 36 37 39 40 41 42 43 44 46 48 49 50 51 52 54 55 57 58 60 61 64 65 66 68 69 71 72 73 75 76 77 78 79 80 81 82 83 84 86 87 89 90 91 92 93 94 95 98 99 100 
active=76: 2 3 4 6 7 8 9 10 11 12 13 15 16 21 22 24 25 26 27 28 29 30 31 32 33 34 35 36 37 39 40 41 42 43 44 46 48 49 50 51 52 54 55 57 58 60 64 65 66 68 69 71 72 73 75 76 77 78 79 80 81 82 83 84 86 87 89 90 91 92 93 94 95 98 99 100 
active=75: 2 3 4 6 7 8 10 11 12 13 15 16 21 22 24 25 26 27 28 29 30 31 32 33 34 35 36 37 39 40 41 42 43 44 46 48 49 50 51 52 54 55 57 58 60 64 65 66 68 69 71 72 73 75 76 77 78 79 80 81 82 83 84 86 87 89 90 91 92 93 94 95 98 99 100 
active=74: 2 3 4 6 7 8 11 12 13 15 16 21 22 24 25 26 27 28 29 30 31 32 33 34 35 36 37 39 40 41 42 43 44 46 48 49 50 51 52 54 55 57 58 60 64 65 66 68 69 71 72 73 75 76 77 78 79 80 81 82 83 84 86 87 89 90 91 92 93 94 95 98 99 100 
active=73: 2 3 4 6 7 8 11 12 13 15 16 21 22 24 25 26 27 29 30 31 32 33 34 35 36 37 39 40 41 42 43 44 46 48 49 50 51 52 54 55 57 58 60 64 65 66 68 69 71 72 73 75 76 77 78 79 80 81 82 83 84 86 87 89 90 91 92 93 94 95 98 99 100 
active=72: 2 3 4 6 7 8 11 12 13 15 16 21 22 24 25 26 27 29 30 31 32 33 34 35 36 37 39 41 42 43 44 46 48 49 50 51 52 54 55 57 58 60 64 65 66 68 69 71 72 73 75 76 77 78 79 80 81 82 83 84 86 87 89 90 91 92 93 94 95 98 99 100 
active=71: 2 3 4 7 8 11 12 13 15 16 21 22 24 25 26 27 29 30 31 32 33 34 35 36 37 39 41 42 43 44 46 48 49 50 51 52 54 55 57 58 60 64 65 66 68 69 71 72 73 75 76 77 78 79 80 81 82 83 84 86 87 89 90 91 92 93 94 95 98 99 100 
active=70: 2 3 4 7 8 11 12 13 15 16 21 22 24 25 26 27 29 30 31 32 33 34 35 36 37 39 41 42 43 44 46 48 49 50 51 52 54 55 57 58 60 64 65 66 68 69 72 73 75 76 77 78 79 80 81 82 83 84 86 87 89 90 91 92 93 94 95 98 99 100 
active=69: 2 3 4 7 8 11 12 13 15 16 21 22 24 25 26 27 29 30 31 32 33 34 35 36 37 39 41 42 43 44 46 49 50 51 52 54 55 57 58 60 64 65 66 68 69 72 73 75 76 77 78 79 80 81 82 83 84 86 87 89 90 91 92 93 94 95 98 99 100 
active=68: 2 3 4 7 8 11 12 13 15 16 21 22 24 25 26 27 29 30 31 32 33 34 35 36 37 39 41 42 43 44 46 49 50 52 54 55 57 58 60 64 65 66 68 69 72 73 75 76 77 78 79 80 81 82 83 84 86 87 89 90 91 92 93 94 95 98 99 100 
active=67: 2 3 4 7 8 11 12 13 15 16 21 22 24 25 26 27 29 30 31 32 33 34 35 36 37 39 41 42 43 44 46 49 50 52 54 55 57 58 60 64 65 66 68 69 72 73 75 76 78 79 80 81 82 83 84 86 87 89 90 91 92 93 94 95 98 99 100 
active=66: 2 3 4 7 8 11 12 13 15 16 21 22 24 25 26 27 29 30 31 32 33 34 35 36 37 39 41 42 43 44 46 49 50 52 54 55 57 58 60 64 65 66 68 69 72 73 76 78 79 80 81 82 83 84 86 87 89 90 91 92 93 94 95 98 99 100 
active=65: 2 3 4 7 8 11 12 13 15 16 21 24 25 26 27 29 30 31 32 33 34 35 36 37 39 41 42 43 44 46 49 50 52 54 55 57 58 60 64 65 66 68 69 72 73 76 78 79 80 81 82 83 84 86 87 89 90 91 92 93 94 95 98 99 100 
active=64: 2 3 4 7 8 11 12 13 15 16 21 24 25 26 29 30 31 32 33 34 35 36 37 39 41 42 43 44 46 49 50 52 54 55 57 58 60 64 65 66 68 69 72 73 76 78 79 80 81 82 83 84 86 87 89 90 91 92 93 94 95 98 99 100 
active=63: 3 4 7 8 11 12 13 15 16 21 24 25 26 29 30 31 32 33 34 35 36 37 39 41 42 43 44 46 49 50 52 54 55 57 58 60 64 65 66 68 69 72 73 76 78 79 80 81 82 83 84 86 87 89 90 91 92 93 94 95 98 99 100 
active=62: 3 4 7 8 11 12 13 15 16 21 24 25 26 29 30 31 32 33 34 35 36 37 39 42 43 44 46 49 50 52 54 55 57 58 60 64 65 66 68 69 72 73 76 78 79 80 81 82 83 84 86 87 89 90 91 92 93 94 95 98 99 100 
active=61: 3 4 7 8 11 12 13 15 16 21 24 25 26 29 30 31 32 33 34 35 36 37 39 42 43 44 46 49 50 52 54 55 58 60 64 65 66 68 69 72 73 76 78 79 80 81 82 83 84 86 87 89 90 91 92 93 94 95 98 99 100 
active=60: 3 4 7 8 12 13 15 16 21 24 25 26 29 30 31 32 33 34 35 36 37 39 42 43 44 46 49 50 52 54 55 58 60 64 65 66 68 69 72 73 76 78 79 80 81 82 83 84 86 87 89 90 91 92 93 94 95 98 99 100 
active=59: 3 4 7 8 12 13 15 16 21 24 25 26 29 30 31 32 33 34 35 36 37 39 42 43 44 46 49 50 52 54 55 58 60 64 65 66 68 69 72 73 76 78 79 80 81 82 84 86 87 89 90 91 92 93 94 95 98 99 100 
active=58: 3 4 7 8 12 13 15 16 21 24 25 26 29 30 31 32 33 34 35 36 37 39 42 43 44 46 49 50 52 54 55 58 60 64 65 66 68 69 72 73 76 78 79 80 81 82 84 86 87 89 90 91 92 94 95 98 99 100 
active=57: 3 4 7 8 12 13 15 16 21 24 25 26 29 30 32 33 34 35 36 37 39 42 43 44 46 49 50 52 54 55 58 60 64 65 66 68 69 72 73 76 78 79 80 81 82 84 86 87 89 90 91 92 94 95 98 99 100 
active=56: 3 4 7 8 12 13 15 16 21 24 25 26 29 30 32 33 34 35 36 37 39 42 44 46 49 50 52 54 55 58 60 64 65 66 68 69 72 73 76 78 79 80 81 82 84 86 87 89 90 91 92 94 95 98 99 100 
active=55: 3 4 7 8 12 13 15 16 21 24 25 26 29 30 32 33 34 35 36 37 39 42 44 46 49 50 52 54 55 58 60 64 65 66 68 69 72 76 78 79 80 81 82 84 86 87 89 90 91 92 94 95 98 99 100 
active=54: 3 4 7 8 12 13 15 16 21 24 25 26 29 30 32 33 34 35 36 37 39 42 44 46 49 50 52 54 55 58 60 64 65 66 68 69 72 78 79 80 81 82 84 86 87 89 90 91 92 94 95 98 99 100 
active=53: 3 4 8 12 13 15 16 21 24 25 26 29 30 32 33 34 35 36 37 39 42 44 46 49 50 52 54 55 58 60 64 65 66 68 69 72 78 79 80 81 82 84 86 87 89 90 91 92 94 95 98 99 100 
active=52: 3 4 8 12 13 15 16 21 24 25 26 29 30 32 33 34 35 36 37 39 42 44 46 50 52 54 55 58 60 64 65 66 68 69 72 78 79 80 81 82 84 86 87 89 90 91 92 94 95 98 99 100 
active=51: 3 4 8 12 13 15 16 21 24 25 26 29 30 32 33 34 35 36 37 39 42 44 46 50 52 54 58 60 64 65 66 68 69 72 78 79 80 81 82 84 86 87 89 90 91 92 94 95 98 99 100 
active=50: 3 4 8 12 13 15 16 21 24 25 26 29 30 32 33 34 35 36 37 39 42 44 46 50 52 58 60 64 65 66 68 69 72 78 79 80 81 82 84 86 87 89 90 91 92 94 95 98 99 100 
active=49: 3 4 8 12 13 15 16 21 24 25 26 29 30 32 33 34 35 36 37 39 42 44 46 50 52 58 60 64 65 66 68 69 72 78 79 80 81 82 84 86 87 89 90 91 92 94 95 98 100 
active=48: 3 4 8 12 13 15 16 21 24 25 26 29 30 32 33 34 35 36 37 39 42 44 46 50 52 58 60 64 65 66 68 69 78 79 80 81 82 84 86 87 89 90 91 92 94 95 98 100 
active=47: 3 4 8 12 13 15 16 21 24 25 26 29 30 32 33 34 35 36 37 39 42 44 46 50 52 58 60 64 65 66 68 69 78 79 80 81 82 84 86 87 89 90 91 92 95 98 100 
active=46: 3 4 8 12 13 15 16 21 24 25 26 30 32 33 34 35 36 37 39 42 44 46 50 52 58 60 64 65 66 68 69 78 79 80 81 82 84 86 87 89 90 91 92 95 98 100 
active=45: 3 4 8 12 13 15 16 21 24 25 26 30 32 33 34 35 36 37 39 42 44 46 50 52 58 60 64 65 66 68 69 78 79 80 81 82 84 86 87 90 91 92 95 98 100 
active=44: 3 4 8 12 13 15 16 21 24 25 26 30 32 33 34 35 36 37 39 42 44 46 50 52 58 60 64 65 66 68 78 79 80 81 82 84 86 87 90 91 92 95 98 100 
active=43: 3 4 8 12 13 15 16 21 24 25 26 30 32 33 34 35 36 37 39 42 44 46 50 52 58 60 64 66 68 78 79 80 81 82 84 86 87 90 91 92 95 98 100 
active=42: 3 4 8 12 13 15 16 21 24 25 26 30 32 33 34 35 36 37 39 42 44 46 50 52 58 60 64 66 78 79 80 81 82 84 86 87 90 91 92 95 98 100 
active=41: 3 4 8 12 13 15 21 24 25 26 30 32 33 34 35 36 37 39 42 44 46 50 52 58 60 64 66 78 79 80 81 82 84 86 87 90 91 92 95 98 100 
active=40: 3 4 8 12 13 15 21 24 25 26 30 32 33 34 35 36 37 39 42 44 46 50 52 58 60 64 66 78 79 80 81 84 86 87 90 91 92 95 98 100 
active=39: 3 4 8 12 13 15 21 24 25 26 30 32 33 34 35 36 37 39 42 44 46 50 52 58 60 64 66 78 79 80 81 84 86 87 90 91 92 95 98 
active=38: 3 4 8 12 13 15 21 24 25 26 30 32 33 34 35 36 37 39 42 44 46 50 52 58 60 64 66 78 80 81 84 86 87 90 91 92 95 98 
active=37: 3 4 8 12 13 15 21 24 25 26 30 32 33 34 35 36 37 39 42 44 46 50 52 58 60 64 66 78 81 84 86 87 90 91 92 95 98 
active=36: 3 4 8 12 13 15 21 25 26 30 32 33 34 35 36 37 39 42 44 46 50 52 58 60 64 66 78 81 84 86 87 90 91 92 95 98 
active=35: 3 4 8 12 13 15 21 25 26 30 32 33 34 35 36 37 39 42 44 46 52 58 60 64 66 78 81 84 86 87 90 91 92 95 98 
active=34: 3 4 8 12 13 15 21 25 26 30 32 33 34 35 36 37 39 42 44 46 52 58 60 64 66 78 81 84 86 87 90 91 95 98 
active=33: 3 4 8 12 13 15 21 25 26 32 33 34 35 36 37 39 42 44 46 52 58 60 64 66 78 81 84 86 87 90 91 95 98 
active=32: 3 8 12 13 15 21 25 26 32 33 34 35 36 37 39 42 44 46 52 58 60 64 66 78 81 84 86 87 90 91 95 98 
active=31: 3 8 12 13 21 25 26 32 33 34 35 36 37 39 42 44 46 52 58 60 64 66 78 81 84 86 87 90 91 95 98 
active=30: 3 8 12 13 21 25 26 32 33 34 35 36 37 39 42 44 46 52 60 64 66 78 81 84 86 87 90 91 95 98 
active=29: 3 8 12 13 21 25 26 33 34 35 36 37 39 42 44 46 52 60 64 66 78 81 84 86 87 90 91 95 98 
active=28: 3 8 12 13 21 25 26 33 34 35 36 39 42 44 46 52 60 64 66 78 81 84 86 87 90 91 95 98 
active=27: 3 8 12 13 21 25 26 33 34 36 39 42 44 46 52 60 64 66 78 81 84 86 87 90 91 95 98 
active=26: 3 8 12 13 25 26 33 34 36 39 42 44 46 52 60 64 66 78 81 84 86 87 90 91 95 98 
active=25: 3 8 12 13 25 26 33 34 36 39 42 44 46 52 60 64 66 78 81 84 86 87 90 91 98 
active=24: 3 8 12 13 26 33 34 36 39 42 44 46 52 60 64 66 78 81 84 86 87 90 91 98 
active=23: 3 8 12 13 26 34 36 39 42 44 46 52 60 64 66 78 81 84 86 87 90 91 98 
active=22: 3 8 12 13 26 34 39 42 44 46 52 60 64 66 78 81 84 86 87 90 91 98 
active=21: 3 8 13 26 34 39 42 44 46 52 60 64 66 78 81 84 86 87 90 91 98 
active=20: 3 8 13 26 39 42 44 46 52 60 64 66 78 81 84 86 87 90 91 98 
active=19: 3 8 13 26 39 42 44 46 52 64 66 78 81 84 86 87 90 91 98 
active=18: 3 8 13 26 39 42 44 46 52 64 66 78 81 84 87 90 91 98 
active=17: 3 8 13 26 39 44 46 52 64 66 78 81 84 87 90 91 98 
active=16: 3 8 13 26 39 44 46 52 64 66 78 81 84 90 91 98 
active=15: 3 8 13 26 39 44 46 64 66 78 81 84 90 91 98 
active=14: 3 8 13 26 39 46 64 66 78 81 84 90 91 98 
active=13: 3 8 13 26 39 46 64 66 78 81 84 91 98 
active=12: 3 8 13 26 39 64 66 78 81 84 91 98 
active=11: 8 13 26 39 64 66 78 81 84 91 98 
active=10: 8 13 26 39 64 66 78 84 91 98 
active=9: 8 13 26 39 64 66 78 84 91 
active=8: 13 26 39 64 66 78 84 91 
active=7: 13 39 64 66 78 84 91 
active=6: 13 39 66 78 84 91 
active=5: 13 39 66 78 84 
active=4: 39 66 78 84 
active=3: 39 66 78 
active=2: 66 78 
active=1: 66 
