0.000000 0.500000 0.500000
1.000000 0.632200 0.633100
2.000000 0.603300 0.624500
3.000000 0.640000 0.666500
4.000000 0.636100 0.673600
5.000000 0.668000 0.710000
6.000000 0.676100 0.713900
7.000000 0.660700 0.703400
8.000000 0.670200 0.722400
9.000000 0.689300 0.758900
10.000000 0.702200 0.771400
11.000000 0.677600 0.766000
12.000000 0.694100 0.782900
13.000000 0.685600 0.771500
14.000000 0.693300 0.793200
15.000000 0.711700 0.804900
16.000000 0.682600 0.799300
17.000000 0.697500 0.812400
18.000000 0.709300 0.810100
19.000000 0.717100 0.831000
20.000000 0.714800 0.841000
21.000000 0.715200 0.848900
22.000000 0.709800 0.844400
23.000000 0.716400 0.844700
24.000000 0.716600 0.864200
25.000000 0.713700 0.868900
26.000000 0.712800 0.870200
27.000000 0.710400 0.879400
28.000000 0.715000 0.872400
29.000000 0.723700 0.873100
30.000000 0.733700 0.887300
31.000000 0.735800 0.894200
32.000000 0.730700 0.892900
33.000000 0.727600 0.898000
34.000000 0.719800 0.903000
35.000000 0.721100 0.907300
36.000000 0.735200 0.912400
37.000000 0.732200 0.915800
38.000000 0.725000 0.917000
39.000000 0.712500 0.923200
40.000000 0.725000 0.928600
41.000000 0.722000 0.923300
42.000000 0.721500 0.931500
43.000000 0.716400 0.927800
44.000000 0.722100 0.930700
45.000000 0.711200 0.930200
46.000000 0.712000 0.933000
47.000000 0.704500 0.934600
48.000000 0.694600 0.938500
49.000000 0.709800 0.937500
50.000000 0.707300 0.940700
51.000000 0.696200 0.945000
52.000000 0.682000 0.943900
53.000000 0.684500 0.945300
54.000000 0.681200 0.951100
55.000000 0.684500 0.946000
56.000000 0.684500 0.949900
57.000000 0.672900 0.951600
58.000000 0.680600 0.950600
59.000000 0.666700 0.955900
60.000000 0.671700 0.954900
61.000000 0.664900 0.958800
62.000000 0.668000 0.958400
63.000000 0.665700 0.958400
64.000000 0.659500 0.958100
65.000000 0.655900 0.960000
66.000000 0.654200 0.960000
67.000000 0.653600 0.961600
68.000000 0.650300 0.963500
69.000000 0.631200 0.963500
70.000000 0.638700 0.962300
71.000000 0.638700 0.965300
72.000000 0.628100 0.965300
73.000000 0.632800 0.963500
74.000000 0.629200 0.967200
75.000000 0.627300 0.965700
76.000000 0.618900 0.966500
77.000000 0.614200 0.968200
78.000000 0.619400 0.970100
79.000000 0.613700 0.968400
80.000000 0.610100 0.967400
81.000000 0.617800 0.967200
82.000000 0.608900 0.968800
83.000000 0.603900 0.969000
84.000000 0.605400 0.970800
85.000000 0.590600 0.970900
86.000000 0.597300 0.971000
87.000000 0.582100 0.970000
88.000000 0.588300 0.970400
89.000000 0.587700 0.971200
90.000000 0.580100 0.971800
91.000000 0.580700 0.970600
92.000000 0.581100 0.973800
93.000000 0.578100 0.973900
94.000000 0.573500 0.974400
95.000000 0.564700 0.973900
96.000000 0.573200 0.973700
97.000000 0.570400 0.973200
98.000000 0.557400 0.974000
99.000000 0.569900 0.975500
100.000000 0.559100 0.975200
