0.000000 0.500000 0.500000
1.000000 0.720455 0.733864
2.000000 0.674318 0.708864
3.000000 0.775682 0.839773
4.000000 0.755227 0.836591
5.000000 0.765909 0.862727
6.000000 0.760227 0.885000
7.000000 0.752955 0.896364
8.000000 0.769318 0.902727
9.000000 0.737045 0.899091
10.000000 0.745682 0.918636
11.000000 0.741136 0.914545
12.000000 0.777500 0.934545
13.000000 0.762727 0.934545
14.000000 0.752500 0.937727
15.000000 0.757500 0.940455
16.000000 0.768864 0.955909
17.000000 0.777500 0.962045
18.000000 0.766136 0.957273
19.000000 0.745227 0.959091
20.000000 0.734545 0.960682
21.000000 0.727727 0.962045
22.000000 0.730682 0.966136
23.000000 0.743864 0.966591
24.000000 0.724773 0.974773
25.000000 0.712045 0.977955
26.000000 0.715000 0.980455
27.000000 0.697727 0.977727
28.000000 0.723636 0.982045
29.000000 0.715909 0.977500
30.000000 0.700909 0.979545
31.000000 0.705909 0.977955
32.000000 0.696591 0.982273
33.000000 0.695682 0.982955
34.000000 0.700227 0.982500
35.000000 0.689318 0.986818
36.000000 0.682727 0.985227
37.000000 0.661591 0.982273
38.000000 0.662955 0.985682
39.000000 0.667500 0.985682
40.000000 0.646136 0.986591
41.000000 0.644545 0.984091
42.000000 0.656136 0.986591
43.000000 0.639773 0.990227
44.000000 0.631364 0.988182
45.000000 0.627955 0.991818
46.000000 0.614545 0.992273
47.000000 0.622273 0.989545
48.000000 0.598409 0.991818
49.000000 0.602045 0.993409
50.000000 0.606818 0.992727
51.000000 0.591818 0.993864
52.000000 0.584773 0.995227
53.000000 0.579545 0.995227
54.000000 0.579545 0.995227
55.000000 0.574091 0.997273
56.000000 0.562273 0.998409
57.000000 0.563636 0.998636
58.000000 0.561136 0.998636
59.000000 0.530909 0.998864
60.000000 0.544773 0.999318
