0.000000 0.500000
1.000000 0.585900
2.000000 0.623800
3.000000 0.674000
4.000000 0.660000
5.000000 0.651500
6.000000 0.711000
7.000000 0.691500
8.000000 0.700700
9.000000 0.700200
10.000000 0.724700
11.000000 0.744800
12.000000 0.751500
13.000000 0.748100
14.000000 0.744900
15.000000 0.759700
16.000000 0.762800
17.000000 0.763700
18.000000 0.763900
19.000000 0.761200
20.000000 0.758400
21.000000 0.748000
22.000000 0.754600
23.000000 0.755400
24.000000 0.763800
25.000000 0.763200
26.000000 0.779200
27.000000 0.769100
28.000000 0.755400
29.000000 0.748100
30.000000 0.744300
31.000000 0.750300
32.000000 0.746500
33.000000 0.738900
34.000000 0.734900
35.000000 0.730600
36.000000 0.734200
37.000000 0.743800
38.000000 0.737700
39.000000 0.736500
40.000000 0.734600
41.000000 0.726000
42.000000 0.729900
43.000000 0.712100
44.000000 0.706100
45.000000 0.709900
46.000000 0.708400
47.000000 0.710000
48.000000 0.702200
49.000000 0.691200
50.000000 0.686700
51.000000 0.693600
52.000000 0.682200
53.000000 0.689100
54.000000 0.681000
55.000000 0.671700
56.000000 0.669400
57.000000 0.670000
58.000000 0.665300
59.000000 0.658900
60.000000 0.661200
61.000000 0.655900
62.000000 0.650300
63.000000 0.654100
64.000000 0.646600
65.000000 0.645700
66.000000 0.645600
67.000000 0.642000
68.000000 0.632600
69.000000 0.641800
70.000000 0.637000
71.000000 0.624800
72.000000 0.624700
73.000000 0.617200
74.000000 0.608200
75.000000 0.607000
76.000000 0.609300
77.000000 0.612200
78.000000 0.605000
79.000000 0.591300
80.000000 0.591700
