0.000000 0.500000
1.000000 0.595100
2.000000 0.633800
3.000000 0.674900
4.000000 0.716300
5.000000 0.717200
6.000000 0.773200
7.000000 0.807800
8.000000 0.828400
9.000000 0.823400
10.000000 0.835600
11.000000 0.843100
12.000000 0.834500
13.000000 0.845100
14.000000 0.873900
15.000000 0.877400
16.000000 0.885000
17.000000 0.888700
18.000000 0.906300
19.000000 0.894600
20.000000 0.895000
21.000000 0.906900
22.000000 0.902100
23.000000 0.902300
24.000000 0.898300
25.000000 0.905100
26.000000 0.903400
27.000000 0.903700
28.000000 0.902900
29.000000 0.902800
30.000000 0.912600
31.000000 0.912300
32.000000 0.917000
33.000000 0.916000
34.000000 0.917200
35.000000 0.919800
36.000000 0.921000
37.000000 0.922100
38.000000 0.919600
39.000000 0.919800
40.000000 0.926000
41.000000 0.924400
42.000000 0.925400
43.000000 0.925700
44.000000 0.924000
45.000000 0.920500
46.000000 0.923800
47.000000 0.927100
48.000000 0.926600
49.000000 0.931900
50.000000 0.930400
51.000000 0.934800
52.000000 0.934100
53.000000 0.936200
54.000000 0.933900
55.000000 0.936200
56.000000 0.938100
57.000000 0.942200
58.000000 0.944100
59.000000 0.941900
60.000000 0.941000
61.000000 0.946100
62.000000 0.942600
63.000000 0.946400
64.000000 0.946300
65.000000 0.949200
66.000000 0.948100
67.000000 0.945700
68.000000 0.949300
69.000000 0.952200
70.000000 0.948300
71.000000 0.951200
72.000000 0.956100
73.000000 0.950400
74.000000 0.954100
75.000000 0.952900
76.000000 0.955200
77.000000 0.954500
78.000000 0.954200
79.000000 0.955200
80.000000 0.957900
81.000000 0.958100
82.000000 0.961000
83.000000 0.957900
84.000000 0.959100
85.000000 0.961700
86.000000 0.961600
87.000000 0.961300
88.000000 0.961400
89.000000 0.962600
90.000000 0.961600
91.000000 0.965400
92.000000 0.963300
93.000000 0.964100
94.000000 0.966400
95.000000 0.967200
96.000000 0.964600
97.000000 0.967100
98.000000 0.967200
99.000000 0.967100
100.000000 0.968800
