1 0.066767762050 0.898682157192
2 -0.204756689292 0.935924576690
3 -0.005005261934 0.945806688810
4 0.011450085644 0.918139680938
5 0.025416908361 1.026856452073
6 0.027348723865 0.871157539385
7 -0.048766903179 0.917106402082
8 0.187122169040 1.118204945552
9 -0.073381697853 0.934434024382
10 0.058640585846 0.849357383470
11 0.177284108560 0.813364188321
12 0.086821223354 0.950914660877
13 0.124412623577 0.976209934450
14 0.169727417693 1.017799418826
15 -0.220674643560 1.059759281410
16 -0.023030440948 1.046453435641
17 -0.100655918949 1.012535662382
18 -0.114839976881 1.023485299100
19 0.082264434272 0.808633352182
20 -0.197388231522 0.970498407906
21 0.163775653265 1.103116596750
22 0.107652350834 0.807205361121
23 0.009733949383 0.999201194318
24 0.238886580004 0.926020126431
25 -0.071187856469 0.821244321862
26 -0.073491210315 0.998608950878
27 -0.022216621187 1.002684424533
28 -0.072766897619 0.844446863425
29 0.092315535856 0.955096464343
30 0.043813763139 1.018564406387
31 0.079209462940 1.159744130936
32 -0.123321183882 0.984666011925
33 -0.132993971380 0.880225153836
34 -0.287677723080 0.836775941266
35 0.096677194489 1.019088107246
36 0.006032816026 0.930859579279
37 0.346210030095 0.946522785896
38 -0.064554567321 0.913973392424
39 -0.083764315313 1.010921722277
40 0.001163974058 0.845062682584
41 -0.087091676913 0.922325522638
42 -0.017464588684 1.229938627318
43 0.140737967336 0.829746613448
44 0.114958070594 0.928298549959
45 -0.256550506671 0.930780845199
46 -0.062746270838 0.741162128203
47 -0.160936343264 0.975849148147
48 0.141815799164 0.847310878734
49 -0.067036120011 1.056181313786
50 -0.051444513842 0.710385543847
51 0.055045108416 1.004063340673
52 0.050410219276 0.925780919343
53 -0.110458777610 0.970640650053
54 0.132312748637 1.136301015303
55 0.051637630256 0.832489112153
56 0.109829763712 1.033132548317
57 -0.147899401948 0.891720103104
58 0.064773188170 1.070250494544
59 0.246468711080 0.995635257568
60 0.109243377330 1.090665219525
