N=100
P=50
R=2
1 0.633690 0.611477 -0.252296 0.601510 -0.066850 -1.032937 -0.314633 0.445001 0.503837 -2.152721 3.568212 0.813865 1.642840 0.605108 0.509955 -0.128684 -0.461939 -0.974887 1.579011 0.179536 1.353664 -1.689120 -0.522885 1.197299 -0.690863 0.544934 1.314632 0.806864 0.909940 0.866716 0.318125 -2.318078 0.626092 1.025852 NA 1.873462 -0.737867 -0.960554 2.798332 0.524837 -0.609492 0.150152 -1.170572 -0.449302 0.698810 1.562112 -0.324403 -1.354808 0.570899 NA 0.370890 1.000000
2 NA -0.242764 1.118531 1.021844 -1.048567 1.591180 0.199128 NA -1.257196 -1.853436 1.305170 0.452860 -0.137969 -0.497721 -1.176870 -0.006204 -0.223178 0.677065 -0.414707 2.211222 NA -1.341215 0.794279 0.749439 -1.119302 -0.658527 -0.810650 1.394192 -0.999286 -0.018338 -1.137132 0.447760 -0.237449 1.141504 0.235510 1.059934 -0.190501 NA -0.325525 -1.934640 -1.526843 1.784090 -0.041189 -0.120846 -1.600552 -0.611149 1.241286 0.890925 0.230101 0.396541 0.538331 1.000000
3 3.302952 0.746015 -0.396972 0.466451 1.187434 -0.391379 -0.697750 0.068791 1.305616 1.743912 0.525606 -0.248987 0.100512 -1.438064 0.830992 -0.619333 -0.555664 0.767355 0.099716 -0.104825 2.313075 NA 0.107230 -0.709301 0.820827 0.891328 -1.363456 -0.020234 0.106720 -0.409389 -0.582269 0.565418 NA 1.089388 NA -1.965448 -0.355177 0.797190 -1.249015 0.292351 -0.132277 -0.997191 -1.178475 -0.030428 -0.058575 0.356175 -2.879829 0.303710 2.123469 -0.354511 0.331738 1.000000
4 -0.122060 -0.670999 1.135193 -1.426514 1.009645 0.908200 0.436856 -1.847880 -0.260269 -0.939629 -1.646131 2.178153 0.577486 -0.206257 0.535163 0.452705 0.345484 1.297961 0.093017 1.013312 1.284079 -1.855396 0.707604 0.207955 -1.413394 0.010238 -1.817968 1.804230 0.292456 -1.364299 1.300842 1.518384 -1.251312 -1.551924 NA 0.643570 0.024507 -1.198688 -0.946226 0.535970 -0.313705 0.017071 -0.342028 0.210570 0.076318 1.316332 0.009516 0.778972 0.702334 0.842083 4.738840 1.000000
5 1.397020 0.261987 NA -0.227823 0.316616 0.444692 NA -0.169623 NA -0.113290 -0.784009 -0.019460 -0.497151 0.017867 -1.062445 0.162499 NA 0.194055 -0.791277 NA 0.588470 -0.054099 0.630693 -0.488984 -0.010579 1.242029 -0.707878 -1.753633 -1.341470 0.440088 0.528099 0.451654 1.952946 0.610898 1.167260 1.291161 0.414290 -0.854925 0.305597 0.636022 -0.894095 -1.865022 0.837139 0.990351 -1.084088 0.022929 1.184026 -0.812779 -1.217323 1.350686 0.183846 1.000000
6 -0.172906 2.334314 0.309599 0.270997 -0.235696 -1.587212 0.999873 -0.333147 0.875586 2.101289 -0.178231 0.711910 -0.922828 -1.166288 -0.042272 0.925188 -0.946998 -0.209425 0.267162 2.837575 -0.096736 0.398374 -1.900392 -0.402086 1.465014 -1.460120 -1.235515 NA 0.031711 -1.205536 -0.179878 -0.691948 NA -2.314528 0.603361 -0.494084 -0.658171 0.484258 1.567737 -0.564087 -0.484875 0.262200 -0.544432 0.607814 -1.157932 1.161035 -0.725599 1.845543 -0.254917 0.562268 0.688552 1.000000
7 -0.332357 0.171347 -0.302667 0.689952 0.336576 0.353713 0.682687 0.437898 -0.258118 0.244321 0.765436 -0.668464 -0.201159 -0.381751 -0.064854 -0.599272 0.685953 -1.605110 1.377380 -1.297082 0.248203 -2.800497 0.250509 0.520707 0.594637 -0.361344 NA -0.917545 0.664891 0.582666 1.218803 0.287160 -0.285449 2.522395 -0.823799 0.249713 -1.718512 -1.500024 -0.875455 -2.047292 -1.019919 1.194598 -0.067886 -0.401389 1.399653 0.595135 NA NA 1.152030 0.282463 2.930815 1.000000
8 0.610260 0.248560 -0.383182 0.185863 NA 0.488409 -2.204923 -1.355635 0.744783 NA NA 0.709891 0.156952 -0.919222 0.094918 0.950841 0.187078 1.001596 -1.724672 -1.392687 -1.065624 0.016909 -1.420126 1.214533 0.766651 1.454251 0.708816 -1.064021 0.800869 -3.148389 -0.049131 -0.207628 1.015076 -1.523734 -0.920409 -0.166268 0.014403 -0.034466 1.667845 0.297969 -0.913855 -0.306569 0.415586 -0.602016 0.297934 0.745918 NA 1.324574 0.145717 -0.183890 1.537420 1.000000
9 -1.621258 -0.186890 -0.113910 0.270210 1.520082 -1.284622 0.498922 1.482511 1.913598 0.221138 0.018301 -2.113592 -0.141237 -1.858396 0.439365 1.406766 -2.230910 NA -1.942730 -0.540163 0.037013 -0.149839 -0.918108 1.488098 0.061437 -1.585443 0.487080 1.439330 -0.462756 -0.064237 0.350589 0.724178 -0.323256 0.232473 0.582917 1.599142 -1.110660 -0.516883 -1.803630 -0.196518 -1.221977 0.126392 -0.339562 -0.355859 -0.403089 1.273595 -0.596691 -1.653390 -1.087910 NA 2.994987 0.000000
10 1.529650 1.452510 -0.071726 -1.065322 0.019064 -0.259705 -1.274367 0.145504 0.506573 0.454719 0.401954 -1.131733 -0.188701 -0.264470 -1.246013 -2.114880 -1.154094 -0.789999 -1.016722 0.692151 0.494025 1.083909 -1.121764 0.541332 -3.587830 0.032931 -0.406785 0.104093 0.678841 0.222426 0.419582 0.776291 -0.414236 -1.251617 0.823671 0.496873 -0.271681 -0.509526 -1.306951 -1.247285 0.448327 -0.863320 0.424437 0.585721 1.287578 0.516351 -0.545482 0.812747 -1.980845 2.059891 0.419444 1.000000
11 0.735768 1.190724 -0.750402 0.153530 0.193947 -0.414466 0.570903 0.640314 -0.666456 0.450638 -0.681828 0.155099 0.576085 -1.642397 NA NA 0.187547 -0.852597 0.333772 -0.960016 -0.432900 1.181081 0.118806 0.137389 0.217907 -0.761780 -0.369946 NA 0.174286 -0.092575 -0.056840 -1.027526 -0.534919 -1.434799 0.412419 0.219472 2.085524 -0.168566 0.251640 -0.972115 0.451360 0.865652 2.556925 -0.790195 -0.864925 1.675811 -0.110778 0.547841 0.567344 -0.521512 8.329403 1.000000
12 -0.205408 0.445724 0.058074 -1.601938 -0.509686 1.354829 -0.865530 0.916256 -0.650558 -0.271880 1.641174 -0.225929 -0.924041 1.894373 2.832278 0.555370 1.061468 0.180683 -1.189311 -0.466608 0.803907 -2.460984 -0.465984 -0.295944 0.759912 -1.050763 -0.407250 -0.277468 -3.474271 0.791328 0.046767 0.157235 -0.006613 -0.022099 2.217802 -0.078279 -0.147585 2.307702 -0.417377 -1.176913 0.296786 0.648462 0.507423 0.806037 2.085188 -0.072354 -0.013123 1.279198 -0.685210 -0.227798 10.110155 0.000000
13 1.898421 0.393531 0.953628 -0.559146 1.178096 NA -0.072079 0.174583 0.151292 0.832169 0.036998 1.574609 -2.467559 -1.084701 1.543500 -0.140631 1.104301 -0.206505 1.420942 -0.057615 -0.271647 -0.039302 0.720115 -1.365928 -0.478262 NA -0.628378 NA 0.581605 -1.707087 -2.121982 1.078628 0.850239 0.725199 -0.752449 0.659169 -0.383732 1.423364 -0.815120 -0.005465 2.018035 0.163173 -0.160622 -0.649188 -0.537148 0.345328 0.671853 -0.225483 -1.503025 0.023375 2.007305 1.000000
14 -3.131639 -0.077472 NA -1.012026 0.946981 1.036781 0.125898 NA 0.453993 -1.973737 0.234051 -0.907143 -0.573119 -0.243028 0.177850 3.413596 -1.049171 -1.842684 0.089964 -2.098007 1.115080 -1.139539 -0.075382 -0.849974 -0.074545 -0.029954 -0.673285 -1.176031 -1.187369 NA -0.604516 -0.469568 3.275887 1.172839 -0.091810 1.074973 NA NA -2.264277 1.243235 -0.177183 0.362655 1.321232 0.633305 -0.420357 0.131955 0.284574 -1.608526 NA 0.895302 6.353805 0.000000
15 1.316805 1.247115 -0.806203 0.529671 -0.403466 1.242092 0.365174 -1.153018 -1.347722 NA 0.940910 -0.092715 1.520718 -0.200489 -0.819036 -0.272716 -0.627884 -1.837607 -0.065819 NA 0.541778 0.344034 -1.963933 0.337610 0.989521 -1.394551 0.911356 -0.539082 0.287416 -0.437044 0.499353 1.565612 -0.095154 1.983123 -0.822051 1.065364 0.888339 -0.583126 -0.765809 -0.188113 NA -0.099613 -0.681281 -2.769697 0.674106 -1.713952 -0.241285 -0.144718 0.161938 0.442119 0.027140 1.000000
16 0.320875 1.672368 -0.072167 0.683334 -0.679614 -0.812593 -0.442601 1.492705 -0.380708 -1.585535 0.629353 -2.085618 0.523606 1.554607 NA 0.096245 -0.653995 0.808063 0.669027 -0.031102 1.377168 0.119819 -2.111801 -0.646412 -0.963983 0.411683 0.609173 -0.751105 2.657940 0.071156 -0.641568 -1.583116 -0.367525 -1.312872 -0.068046 0.676122 2.134608 -1.758098 1.433648 -0.615382 -1.044630 -1.084175 -0.782256 0.127517 0.575088 1.022939 0.830644 -0.264111 0.946960 0.734492 0.444778 1.000000
17 0.172442 1.052961 NA -0.131849 0.722380 1.257493 -0.550443 -0.873786 -1.374380 -1.442770 1.223546 -0.085798 1.599500 0.723690 1.067189 -0.740762 -1.782012 NA 0.033274 -1.969343 1.071962 1.846674 0.012231 NA -0.565907 -0.370548 -0.774528 -0.498428 0.952172 -1.899007 NA -1.083435 0.043029 0.706835 0.355602 0.729424 0.177360 -0.056797 -0.701797 -1.650555 -1.169727 0.855279 1.918882 -1.449751 -1.659953 0.254341 -0.519274 -0.839027 2.355513 1.943410 0.311552 1.000000
18 1.608856 -0.589980 0.654867 -0.284586 -1.819010 2.160519 1.089939 -0.258666 0.032240 -0.450320 -1.991436 0.848191 -0.186808 -1.030782 -0.250291 -0.042378 -0.764892 0.311665 -0.946529 -0.212995 -0.815078 0.436485 0.180600 0.556453 0.432077 1.189551 0.338008 1.016011 -0.158548 1.424384 2.249533 0.305611 -0.785358 1.023607 -2.096645 -0.751229 0.802586 -0.136892 -0.133782 0.583190 0.418916 -0.815971 0.138270 -0.774276 1.482033 -0.882052 0.265752 0.323859 0.549706 -1.680887 5.777051 0.000000
19 -0.060935 -0.596354 -0.470975 -1.026086 1.238272 0.053764 0.586240 0.288313 0.324987 NA NA -1.176973 2.660967 0.672257 1.127354 -0.085924 -0.872214 -1.313109 -0.173663 1.284834 -1.027575 1.027630 NA 2.244508 -0.801513 -0.287227 0.264119 0.035107 0.291385 1.733411 -2.793066 -0.325180 0.578817 0.603999 0.680058 -0.299525 0.154538 -1.777117 0.367910 0.127279 -0.492472 -0.723765 -1.265142 1.681871 -1.757974 0.754622 -1.307633 -0.771472 0.470770 -1.890916 2.794584 0.000000
20 1.467127 -0.552705 -1.123453 -2.123517 0.898128 0.831822 1.144982 -0.702608 1.768249 -0.249633 1.104736 -0.075890 -0.263466 0.236983 -2.560765 0.612115 -0.189843 0.152597 1.175128 -0.236439 -0.173729 1.221437 -0.623268 0.441604 1.628160 -0.314407 -0.340334 0.670983 -0.738641 -0.097052 2.746097 0.804537 -0.708741 -0.320583 1.599390 -0.924043 0.526331 -0.262197 1.324541 -0.087852 0.860168 NA -0.430221 0.372576 1.272980 0.931109 -0.525327 0.859034 -0.401028 0.009587 3.166131 0.000000
21 0.036801 1.401561 -0.288712 -0.715209 -1.029799 0.757433 -0.055791 0.499441 -1.643508 -0.794622 0.067273 0.860832 -0.666108 -0.010909 -1.118359 0.031076 -1.413977 0.034129 1.020623 0.492571 0.494688 -0.490852 0.794137 0.588997 0.745427 1.109324 1.355662 0.299870 -0.249271 0.343215 -1.348885 -0.562140 0.110853 NA 1.126754 -1.247934 -0.046012 0.740249 0.582025 -1.086669 0.855753 1.280310 0.064683 0.094566 1.148120 1.830328 0.324538 1.139890 0.950391 0.375718 5.048139 1.000000
22 0.225367 1.273116 -0.623322 -0.096009 -0.332927 -1.008104 1.666323 0.788770 1.161812 0.007365 -0.638760 0.440044 -0.531682 -0.359468 -0.342076 1.096309 -0.571897 -0.937327 -1.202106 -0.597798 0.863715 -0.164360 -0.400684 0.646619 1.259603 -0.432171 -0.581822 -2.824084 1.689383 -0.869089 -1.751074 1.182619 0.574242 NA -1.556713 1.072963 0.304356 1.277262 0.490943 0.746880 -1.035872 -0.080284 NA 0.577015 -0.070632 -0.281019 -0.016586 0.440351 0.223685 -0.255947 2.971024 1.000000
23 -1.354259 -0.172030 -0.097400 0.233021 -0.892529 -0.645110 2.428998 0.151066 0.424988 -0.021348 -1.279585 0.038822 -0.957688 0.165388 -0.016349 0.324216 -0.702851 0.939478 2.323462 0.234115 0.187107 -1.038901 -0.059260 1.774157 0.558976 -0.808713 -0.588740 -0.254681 -0.904546 -0.182396 0.277147 -0.610179 -0.485406 -0.468060 1.468014 0.458649 -0.296772 -1.777691 0.194214 0.797100 -0.379310 -1.352313 0.561198 1.687776 0.119282 -0.255013 0.808502 -0.402708 0.325410 -0.206723 10.203330 0.000000
24 -0.067687 0.817728 -0.715910 -0.705615 0.349984 -0.179539 1.724312 0.349005 1.075006 0.207835 -0.263754 -1.874487 -1.469596 NA 0.280274 -0.204338 0.251508 -1.194032 -1.654510 NA 0.188612 0.216240 -0.312040 -1.083092 -0.598033 NA 1.295363 0.438962 0.759645 -0.888243 -0.449631 0.639429 -1.980533 -0.236913 -1.576603 -1.313295 0.802046 -0.008887 0.529570 -1.496562 1.136147 0.966703 0.590085 -1.431970 -0.807587 0.684289 -0.134839 NA 0.658619 -1.060304 11.523146 0.000000
25 -0.191663 -0.685185 0.097644 1.165126 -0.805546 -0.428793 1.769895 -0.366914 -0.443511 0.168543 -0.729686 1.417951 NA -0.316780 0.561080 -1.332569 NA -0.567895 1.307302 0.339051 -0.284890 -0.640077 -0.288559 -1.179767 1.338498 -0.917359 -1.377015 -0.180112 0.095397 -0.554292 -0.884378 -0.293508 1.051115 -1.512943 0.154847 0.661183 0.309091 -0.519652 -0.464488 0.227293 0.259094 -0.373111 1.215758 NA -0.905541 0.592305 -0.043200 -0.589538 -0.076026 1.798611 2.417617 0.000000
26 -0.977715 -0.336416 0.111080 0.047777 0.931619 -0.881283 -0.106045 -0.353091 -0.435093 -0.091053 -0.046027 1.292375 0.508407 1.137308 0.514864 -1.180468 -0.862833 -2.598337 -1.496763 1.294340 -0.724546 -0.734414 2.220913 1.810665 0.546533 0.177915 -1.006767 -0.451603 0.390107 0.818950 -0.449707 -0.739473 0.676613 0.189739 0.677734 0.661896 0.322225 2.111666 -2.232536 -1.400162 -2.134969 1.821174 1.180241 0.153066 0.585228 0.016929 0.174298 0.845993 2.569683 0.133600 0.217894 1.000000
27 0.900811 2.496129 -0.907468 1.217355 1.378495 -0.401864 -0.076046 0.856181 -1.619310 0.856266 2.142691 -1.248835 -0.333500 -0.303395 0.856509 -0.736061 0.425337 -0.840981 -2.492775 0.084541 -1.295165 1.564967 2.103474 -0.252836 -1.996735 1.988420 -0.785288 NA NA -0.777323 0.228114 0.573405 -0.069744 3.179603 -0.505932 -0.139956 0.147290 0.016335 0.075965 NA 0.065493 -0.327697 1.323391 0.175074 0.530463 0.526376 -0.566013 0.223928 0.069757 -0.299016 0.201272 1.000000
28 0.939828 -1.458916 -0.215544 NA -0.696505 3.025953 -0.142439 -1.665545 -1.522762 1.233123 1.351984 0.087931 0.457521 0.095358 -0.956726 -0.661708 -0.907712 NA 0.303794 -0.466068 1.526850 0.760117 -1.369163 0.679851 -1.478150 0.099552 -1.988347 -1.282856 NA -0.793516 1.437532 -1.078250 -0.968400 -0.833630 0.667349 0.734802 -0.402528 1.271573 -0.582482 0.534448 -0.095223 -0.782225 0.429341 1.661400 -0.977723 -2.500088 NA 0.384429 1.152020 -0.326985 5.079862 0.000000
29 0.094244 -1.432519 2.581333 0.268689 0.199194 -0.941385 NA -1.436365 -0.488916 -1.471711 0.460970 0.702833 0.864635 0.651325 0.586145 0.953412 -0.897477 0.665955 0.854121 -2.403931 1.780987 -1.279984 -0.951673 -0.209763 -0.739054 -1.368050 0.156431 -0.922257 -0.566513 1.021344 0.030823 -1.053563 1.614621 0.823636 0.934565 -0.376945 -1.284975 0.934702 0.225854 -0.577659 0.696236 -0.580106 1.458861 -1.261412 -0.934439 2.014170 -2.649625 0.792376 0.494410 -0.323011 0.389756 1.000000
30 -1.092645 -0.403718 0.588723 0.180671 0.138098 -0.226401 0.808050 -1.487638 -0.071482 -0.798686 -2.263103 -1.964453 0.146274 0.619000 -0.514159 -1.327747 -0.385757 -0.377039 1.094221 -0.014296 -1.277637 0.690992 0.466393 -0.330787 0.618014 NA 0.947249 0.552106 0.053956 -1.462234 -0.289788 2.106420 1.043849 0.570276 -1.312047 -1.057416 0.816096 -1.769994 0.280155 -0.611622 0.117953 0.161354 1.172514 -1.308721 0.280449 -0.249363 1.419927 -1.530617 -0.374376 0.497662 2.631016 1.000000
31 -0.027783 0.443431 1.026229 -0.148212 -2.022882 0.240475 -1.887273 1.161223 1.120570 1.303040 -0.413677 NA -0.102750 0.306779 -0.185059 -2.666477 -2.773707 1.837121 -0.344248 -0.609137 -1.994711 -0.516666 1.189963 0.122517 -2.632488 -0.971458 -0.836977 -1.126552 0.342081 0.077226 -1.071294 -1.139670 -0.043481 0.121427 NA 1.041380 NA 0.338752 -0.307453 -0.388216 0.416738 -1.170936 0.301895 0.593600 -1.230937 2.395491 1.430184 -1.252450 0.180099 1.891290 3.772863 1.000000
32 0.480366 0.258966 -0.829803 NA 0.419474 -2.048353 -0.976127 1.055402 0.354000 0.717418 -0.569212 0.149285 1.046787 1.448397 0.772847 -0.283801 -0.676904 0.872896 -0.839282 0.296841 1.236052 1.023698 0.174568 -0.677058 -0.114220 -0.473142 -0.188672 0.430266 -0.436125 0.549562 -0.220409 1.119153 0.752658 0.353447 0.126715 -1.360708 -0.616053 0.490581 -2.271277 0.291207 NA -2.199809 0.438395 0.338679 0.489522 -0.324390 -0.579407 -1.705031 2.117895 -1.304610 0.183853 1.000000
33 0.193599 -1.986178 -0.781561 0.392177 0.519909 -1.465450 1.290332 -0.443782 -0.202792 -0.717096 -0.645467 -0.082992 2.325750 -0.926124 -0.428193 -0.132289 0.020010 0.275264 -2.077778 0.198091 -1.022773 -1.521041 0.872811 0.187596 0.718744 NA -0.257944 0.361951 1.514871 0.651744 -0.497644 1.402197 -1.172671 -0.143073 -0.157639 -1.468658 -1.071887 0.572716 -0.686664 -0.336374 -2.167166 0.543209 1.431506 -0.275624 -0.313333 0.741923 -0.783079 -0.469001 -1.400828 1.020060 0.027845 1.000000
34 0.801451 -1.261465 0.022419 -0.152094 -0.646343 -0.445403 0.992081 NA 0.348687 0.485721 -1.829897 1.042161 0.230655 -2.091850 -0.640794 -1.451698 1.089545 -1.511734 1.430093 -0.502973 -0.648942 0.938437 0.735360 1.409684 0.375676 -0.959200 0.317382 0.853794 1.356776 NA -0.787242 -1.489670 -1.127875 0.491677 -1.105642 -0.113392 -1.321364 -0.900151 0.357931 -0.516239 1.700691 -0.716530 2.493230 0.542656 0.042915 -0.325795 -2.096892 0.475324 0.475630 1.310792 5.031375 0.000000
35 -0.433199 -0.028726 1.241116 0.774903 1.178486 -1.553092 -0.031298 -2.304665 -0.562697 0.254232 -1.498364 1.705493 1.901371 -3.068174 -1.209365 -0.194461 -0.109431 0.399416 NA 2.497347 -0.397133 -0.034218 0.038082 -1.278230 1.267863 1.260433 -0.164366 -0.372506 0.630217 0.221581 0.565379 0.931223 1.611403 0.905971 -0.856838 -0.906869 1.182864 NA -0.765244 -0.955011 0.954831 NA 0.892904 -0.766064 0.844855 -0.996201 NA NA 0.048511 -0.162043 0.127973 1.000000
36 -0.946532 0.052508 -0.089012 0.988496 -2.056220 -0.092333 -1.160651 1.752468 0.199808 -0.661339 0.579439 -0.185940 0.041139 -0.617795 0.650938 -0.839379 -0.796060 0.579003 0.659307 -0.185231 0.538763 -1.353077 1.200021 0.319480 NA -0.865759 -2.662123 1.703414 -1.660006 0.364927 0.062642 1.603762 2.037159 1.939823 -1.000751 -1.143074 0.050646 -0.373754 1.127062 0.728774 0.862613 -0.750635 -2.160928 0.078899 0.047305 0.181261 0.031015 2.491416 -1.549464 NA 1.533202 0.000000
37 0.016697 1.666189 -0.011887 -1.577870 0.731120 0.309469 1.048860 -0.007146 0.229528 2.242220 -2.136420 -0.319119 0.122395 -0.578305 -0.291937 0.930247 -0.950133 0.912811 0.162597 1.361039 2.325388 1.184306 -0.284921 -1.162333 0.724369 0.203604 -1.499711 0.157966 NA 1.207211 -0.837393 0.428828 -0.617474 0.634167 0.253061 -0.167168 0.060039 -0.337619 0.512087 0.167292 -0.489969 -0.076734 -2.230075 0.058704 -0.019151 -1.239940 NA 1.231343 0.216172 0.577414 7.492452 0.000000
38 -0.261902 -0.712001 -1.703892 -0.583511 -1.155428 -0.176358 0.497989 -0.241408 -0.382348 1.469827 0.598796 0.664439 -0.764119 0.064060 0.126134 NA 1.059515 1.890032 0.775017 -0.351754 0.259022 -0.660228 0.709633 0.365387 0.840294 -0.252212 0.471690 -0.513553 NA 0.976487 -0.144807 -0.211796 -1.887042 -1.136393 -0.010016 1.785743 -0.746125 -1.283691 2.889624 -0.158432 0.642043 -0.601372 -0.180235 -0.312552 -0.665074 1.185564 0.379391 -0.963174 -0.903291 0.920092 8.067642 0.000000
39 -0.793091 1.263874 0.784201 -1.218928 0.499442 -1.393768 -0.461465 0.834958 0.035289 1.856128 -1.714458 0.573542 0.696986 0.234490 -0.531818 1.453912 -0.838573 0.701597 -0.213953 NA -0.277757 -0.492915 NA 0.488818 1.231983 0.364717 0.169063 -1.857640 -0.047387 1.359814 -1.137936 -0.267079 1.698794 1.961274 0.969436 -0.679610 0.722851 0.464969 0.709947 -0.217148 -0.141660 1.383362 -0.744054 NA -1.683416 0.028760 0.348079 -0.870056 -2.453557 1.846463 1.694233 0.000000
40 0.754389 -0.643966 0.969801 1.006303 0.751443 0.546113 0.376434 1.125403 1.012502 -0.854251 -0.044810 0.202814 1.538965 2.284405 -0.226940 0.432358 0.981740 0.147339 -2.453046 -0.426887 -0.014917 -1.394998 1.810543 0.771140 2.088309 1.334878 0.549072 0.152173 0.933732 1.786507 0.211081 -1.271061 -1.671689 0.233043 1.874580 -0.781488 -0.569369 -2.011517 0.827867 -1.308537 -0.247194 -0.237848 -0.795842 -1.658888 -0.942409 -1.114576 0.973873 1.994771 -1.002117 0.744015 6.157107 1.000000
41 NA 0.417888 0.028045 -1.528573 -0.838036 0.300248 -1.305890 0.760764 NA 0.665597 NA NA 0.368502 NA 1.535366 NA -0.609289 1.558093 -0.331799 -0.820709 0.462937 -1.558023 -1.646623 0.797192 -0.817222 0.596030 2.252932 0.544689 -0.189566 -0.736480 0.390817 0.142359 -0.219374 -0.346667 -1.715608 -0.113711 0.372118 0.042575 -0.191621 -1.092789 0.370825 -0.142210 0.095976 NA 0.548693 1.005200 1.027449 2.039178 -1.117170 1.312273 6.148192 0.000000
42 -1.362653 NA -1.006202 -0.680510 0.874512 -0.032879 0.131871 -1.439128 -1.625376 -1.603905 2.082203 -0.380596 -1.345843 1.258063 1.544561 -1.583000 -0.631152 -0.663406 0.134521 -1.002758 -0.216041 -0.074451 -1.407478 -0.086463 -0.300719 NA -0.250730 -0.288890 -1.187898 -1.274479 0.340245 -0.151241 NA -1.779991 NA 2.039824 -1.214320 -1.386869 -0.165890 -1.280114 0.671667 -1.008529 2.657241 -2.111967 0.175505 1.460428 0.018467 0.695350 0.305864 -0.290648 1.107139 1.000000
43 -1.283129 -1.986356 0.096915 -0.140624 2.717201 -2.168773 NA -0.694430 0.358696 0.031934 -0.626893 -1.202740 -1.826207 0.627843 -0.630277 0.276520 -2.765696 -0.714524 0.238235 -1.285274 -0.083751 -0.569360 0.397370 0.270546 -0.802830 0.970102 -0.586581 1.315594 0.418440 -0.051112 NA 1.192062 0.093532 -1.495223 0.500310 -0.511072 0.777973 -0.657884 0.815363 -0.110543 0.613857 -1.460859 -0.102179 0.900688 -1.754899 -0.171788 1.336787 0.141240 0.166905 -1.467345 1.666981 1.000000
44 -0.159985 -0.619821 0.547882 0.079958 0.110353 -1.014451 0.452604 0.234752 -1.119161 -1.482966 1.241967 -0.659753 -1.047406 -0.785329 -1.210129 -0.352231 NA -0.129864 1.346334 0.620351 -0.448824 -0.363574 0.700692 -2.116196 -1.608171 -0.058817 -2.219871 0.053729 NA -1.151930 2.210778 -0.213309 0.264502 0.951211 -2.812338 -0.824285 0.046545 1.633035 -0.028906 0.008048 0.072226 -2.245799 -1.024537 -0.764594 0.221058 0.000883 -0.778911 0.733413 0.065187 -0.561692 1.602675 1.000000
45 0.593156 0.613993 -1.223114 0.217605 -0.477986 -0.419890 0.613011 0.339119 -0.534508 1.140136 -0.115519 2.600734 -0.016543 1.024418 0.567850 -1.415950 -1.943500 0.338228 1.105448 0.080549 -0.542843 -1.196230 -0.556249 -0.452435 -0.707905 0.941543 -0.138150 1.090074 -1.337512 0.384508 NA 0.209343 0.170785 2.033896 1.336544 1.764252 -1.322234 -0.699991 -1.007347 1.393414 -0.522649 -2.552111 -0.127697 -0.589638 -1.036792 -0.804261 0.017907 1.164401 1.295650 0.766448 3.721219 1.000000
46 1.474873 1.690394 0.268381 -2.091828 1.073378 0.137674 0.289309 -1.264970 0.015747 -0.103787 -1.212878 -0.346319 0.964822 -2.227345 0.429561 -1.055947 0.897143 -0.893547 -0.613403 1.617876 -0.255018 1.622044 -2.027271 -0.055895 1.666753 -1.330731 0.254088 1.541005 0.041276 0.045106 -0.534653 NA 0.124221 -1.461455 -0.024382 -2.577699 -0.404889 1.766256 1.489646 0.130909 1.676436 -0.121926 -0.729778 -1.533701 -1.366876 -0.886473 -1.760313 -0.653237 -1.540554 2.081612 0.078080 1.000000
47 1.051452 0.100990 -1.250222 0.776862 -1.199964 -0.948122 -1.209384 -0.009640 1.062849 0.441834 -0.999074 1.169793 0.045355 -1.156782 1.103776 1.494857 0.002647 -0.294816 1.078278 1.757687 0.239126 0.753355 -0.585088 -0.202276 -0.407495 -0.542006 -0.038493 -0.212919 0.552777 -1.445485 -0.363996 1.280804 1.329758 0.676032 1.133419 0.523542 0.025271 0.396641 0.903667 -0.880223 -0.773573 0.753826 -0.826365 NA 1.555448 -0.292644 -0.907105 0.877688 0.307801 0.324002 0.814567 1.000000
48 0.850807 -0.450855 -0.635734 0.382907 -1.451511 -0.902655 1.745308 -0.724860 -0.464417 -0.278817 -0.300520 0.141857 -0.027218 -0.977264 -0.362842 -0.596280 -1.566381 0.300266 0.053486 1.531560 -0.519067 -0.144335 1.105890 -0.149156 -0.011311 -1.616664 0.981274 -0.818805 -0.613164 -1.001190 0.159779 0.171470 0.401270 -0.872216 -0.954553 1.025142 -0.593147 0.999597 -1.977701 -1.433040 0.227928 0.763276 1.373156 1.252544 0.549388 -0.488206 -1.317318 0.495221 -0.684564 0.185649 1.535507 1.000000
49 0.312767 2.368821 -0.205294 -0.520789 -0.780390 1.137690 0.778688 1.527721 -0.130917 -0.346292 0.007218 -0.234526 -0.076211 -0.588086 -0.069031 0.428754 0.690302 -0.085480 -2.467046 0.198369 -0.255065 0.926391 -0.714075 0.157554 0.314484 0.934463 0.171661 1.404629 -1.093728 -1.311929 1.351663 -0.390138 1.680160 2.004796 0.022987 -0.324358 0.756518 2.479422 -1.758949 1.180886 1.542387 -0.934858 -2.055514 0.062358 -2.082302 0.409531 -0.941933 2.450628 0.092301 NA 3.065915 0.000000
50 0.828738 0.342575 -0.515729 1.637614 -1.672532 NA -0.795916 -1.483859 -1.270491 1.200309 -0.442368 -2.679970 0.663189 1.196055 -0.060570 0.453472 1.113867 -1.427620 -1.372623 -0.785293 0.184964 1.566868 -0.463839 -0.637550 -0.729388 0.215484 -0.289206 -1.086646 -1.292431 0.658556 -0.906529 -0.122803 -0.861976 -1.983840 -0.007563 0.311264 0.100640 NA 0.316436 0.274488 3.149399 NA NA 0.357127 0.131286 1.220881 -1.273631 -0.204500 -0.263320 -0.259264 0.474023 1.000000
51 0.241481 1.613565 1.665889 -1.597272 -0.388660 -0.972253 -0.161228 1.753833 0.729205 1.754764 -1.412614 0.623607 0.106243 0.866725 -1.337528 -0.812993 0.397730 -1.327068 -0.284525 1.012663 -2.033484 -0.912259 0.131579 -2.313275 1.619673 -0.150862 -0.821193 0.567229 -1.703624 0.376506 0.739122 0.010778 0.033014 0.132348 -0.026702 -1.127619 1.984649 NA -0.383710 0.264148 0.352165 0.649954 NA 1.349357 0.304853 0.434049 -0.615158 -1.631588 1.559221 -2.539226 8.077755 1.000000
52 -0.596620 0.498111 -0.876330 0.211920 1.393796 2.480782 1.485242 -0.190796 0.125435 -1.305466 -0.912018 1.446397 -0.580307 0.240198 1.051034 0.693480 -1.575717 NA NA -1.492426 -0.294091 0.953741 0.097846 2.504775 -0.682657 0.836028 0.261126 -0.715770 -1.032767 0.262995 -0.389454 -0.210341 -2.940566 -0.976308 -0.201046 -0.662621 0.779796 -0.839790 NA -0.458927 0.838919 0.871319 -0.105196 0.023328 -0.999748 0.388762 -0.327061 -0.186502 -0.683548 -1.430146 1.919082 1.000000
53 -0.282359 -0.400500 -0.287175 1.384388 0.417825 2.023158 -2.319335 -0.319304 -0.287845 -1.705082 1.563565 -0.657943 -0.869684 -1.732200 -1.041990 -1.749589 0.340674 1.485892 -0.211886 -0.706591 -0.119672 NA -0.815427 0.020490 NA -1.050026 -0.074805 1.188092 -0.690576 -0.526658 0.686319 -0.636018 -2.165174 -0.778832 0.097898 -1.380731 -0.137848 1.516894 -0.109062 -0.021422 0.695519 -1.092019 -0.207300 -0.219454 -0.448539 0.187800 0.105336 -1.129598 -1.510671 1.328473 2.881170 1.000000
54 0.354310 0.705711 -0.833903 1.727223 -2.165011 0.431130 0.621704 -0.961203 0.996155 0.597374 0.295362 -1.394002 1.754911 0.155087 -1.146238 -1.246519 -0.022973 0.776821 -1.190793 1.436583 -1.478470 -0.988201 1.885692 0.449977 0.319137 -1.154166 0.558478 -1.068632 1.821644 -0.047100 1.433011 0.762628 -0.586817 -0.984337 1.358715 NA -0.347468 0.693287 0.794676 0.416108 -1.308024 0.831615 1.753909 -0.726333 1.164772 1.323766 -0.196936 -1.152142 0.414725 -0.172106 8.697505 0.000000
55 -0.144314 0.888599 0.396419 -0.066274 NA -0.029910 0.064118 -0.506233 -0.007389 1.240189 -0.212701 -2.195626 0.404019 1.287784 0.049786 -0.169324 -0.469869 -1.775167 2.195650 -0.752809 1.216034 0.483638 NA -0.018058 0.235384 0.123793 0.144785 -2.530152 1.025811 -0.498601 -0.057380 -0.613748 -0.739041 -0.057724 1.354570 0.275199 -0.525767 0.709644 -0.545210 -0.154234 -0.147827 -0.934175 -0.538407 0.406759 -1.079516 -0.144909 1.908387 -1.051491 1.078516 -0.385774 0.545096 1.000000
56 -1.622555 -1.138822 -0.852093 -0.200803 0.880794 -1.123776 -0.799434 0.905731 -1.602869 -0.667494 0.568683 -0.729646 -1.296563 0.845913 1.370696 -1.550402 -1.455040 -0.368720 0.650074 1.690518 -2.047637 -0.846678 0.616558 0.345713 0.807442 -0.281811 -0.048878 -1.157036 -0.032091 -1.291523 -0.799402 -1.072446 1.753017 -0.808519 0.814889 1.188566 1.766783 -0.049527 2.193561 -1.368368 -0.952119 0.114974 -0.122036 0.507315 -1.476532 0.171406 -1.330607 -1.709869 0.622088 -0.144286 5.603955 1.000000
57 1.896724 -0.303939 0.388275 -0.863117 -0.128814 1.139806 0.460403 0.063107 0.480862 0.824782 0.371238 -0.814266 -0.112664 -1.116287 0.790452 -1.643428 1.303022 -1.069712 -0.466823 -0.232753 -1.082920 -1.946447 2.011553 -0.845914 -0.338070 -0.756047 0.879955 -0.591584 -0.759654 NA 0.909186 0.684800 -0.566019 -0.176238 NA 0.787310 -0.575215 0.753080 -1.144324 0.407618 -1.661675 -0.654831 0.150247 -1.550688 0.461344 -0.000959 0.456431 -0.015089 0.025973 0.870538 7.012250 1.000000
58 -0.803105 0.436051 0.981192 -0.706311 0.314536 -2.059064 -0.244955 0.393848 -0.619418 -0.603779 0.431056 0.126555 1.633542 -1.580624 0.090821 -0.861230 -0.183566 0.562946 0.295150 -1.033155 0.617212 0.803231 0.751277 -0.472219 -1.046319 0.371573 -0.095783 0.491710 0.331643 -3.368012 -1.517085 0.374408 NA -0.940492 -1.137201 0.175919 -0.618756 0.261924 -0.085260 -0.489775 -0.020348 1.422117 -1.147280 0.777426 1.745256 NA 2.144108 1.526873 -0.523504 -0.109402 0.858649 1.000000
59 -1.180046 0.714590 2.036186 -0.535771 1.786228 0.699605 -0.910133 -2.019508 -1.223833 0.184940 2.116504 -1.890374 0.664519 -0.209015 0.228754 NA -0.920313 -0.681926 -0.709865 1.039874 0.137818 0.114093 -0.689622 -0.045677 -0.910827 0.273696 0.252863 0.278392 1.171531 -0.003618 NA -1.219062 -0.998757 -0.697274 NA 0.145482 0.327110 1.217997 1.644404 0.085893 0.117338 1.183878 0.131018 -0.354267 0.611341 0.663180 0.858035 -1.287331 -0.708173 -0.346474 0.434232 1.000000
60 0.664634 -1.389134 -0.908476 0.179804 0.264628 -0.811595 -2.248588 -0.068987 0.393129 -0.839114 -0.005856 -1.506333 0.817342 -0.710257 -0.249311 -0.348014 -0.271151 1.072388 -0.077179 1.350027 -2.122052 -0.278244 1.040495 0.487669 0.015098 0.523181 -0.720436 -1.378710 -1.734358 -1.916573 -0.929518 0.608658 2.604834 0.692113 0.582763 0.755989 -1.078197 1.002723 0.674182 1.891014 -0.305978 0.858360 0.783701 -0.502793 0.306264 1.531911 -0.333370 -0.790787 -1.634228 0.982014 0.304194 1.000000
61 1.437428 -1.773799 -1.144012 0.124413 0.356287 -0.164383 2.271288 1.137629 -0.776924 2.553375 -0.219967 NA 0.330109 0.995361 -1.293183 3.008549 -3.156779 0.247473 -1.742097 -1.375567 -0.071516 0.748659 0.360701 -0.767943 -0.982360 -0.021408 -1.733822 NA -1.878443 -0.746530 -0.747310 0.198081 -0.974220 -0.602847 -1.140802 1.160143 0.616678 -0.473093 -0.687690 0.582597 -2.910474 -1.107685 -0.582245 -0.824110 0.334730 0.737818 0.124076 -1.428194 0.892063 2.566473 0.149723 1.000000
62 1.928628 -0.440487 -0.421018 -0.062423 0.019614 -0.812626 -1.539481 -0.629074 NA 0.432506 -1.619698 0.012843 -0.849186 0.937637 1.432209 0.510909 1.271987 -1.381181 -1.103213 0.627366 2.637219 0.668201 0.985738 -1.588155 1.434805 1.733344 -0.895741 1.153494 -0.320343 1.197029 -0.135499 -0.852848 -0.363615 1.108958 0.550532 0.346897 0.896682 1.840862 -0.868386 0.210232 -0.216482 0.279532 -1.701183 1.835124 0.429416 1.002797 0.654661 2.108143 0.501982 0.806310 0.067244 1.000000
63 NA NA 0.169387 -0.094671 -0.874049 0.268067 0.500099 -0.554909 -0.650381 0.702728 -1.121581 -1.703330 0.860576 0.218017 -0.705067 1.293858 -0.323005 NA 0.323922 2.556560 0.683002 -0.857049 -0.272311 -0.840860 1.212467 -0.568867 -0.864509 -1.215700 -0.503536 -1.354645 -0.377681 NA NA -1.348735 -0.399280 NA 0.645293 0.867733 -0.873500 -0.830635 0.633273 -0.093224 -0.169449 -1.116607 0.178859 -0.641283 1.267981 0.568667 0.127822 -0.101788 0.735733 1.000000
64 -0.589423 -0.969794 0.307392 0.718046 -0.986484 NA NA -1.545548 -1.136788 -0.276650 -1.957047 -0.158795 0.014408 -1.719845 -0.644683 -0.665104 -0.930881 0.210157 -2.076113 1.748500 -2.039231 -0.361300 -0.791291 -1.028108 0.107690 NA 2.021329 -0.346465 -0.007543 0.028578 -1.612158 0.422496 NA 3.513369 0.675909 0.606317 1.031320 -0.581405 -0.707855 -0.448887 0.548947 -1.061244 -1.019295 -0.489047 -0.952389 0.725999 -0.149913 -1.459893 2.057354 -0.387969 1.121887 1.000000
65 -0.736728 -0.628511 1.753282 -1.403862 -0.505512 0.770640 -2.544496 0.776397 -0.970653 1.462360 -0.498196 -0.502154 0.776975 1.280920 -0.959209 0.655745 1.049667 -0.599650 0.787900 NA -2.288285 0.845856 -1.397288 1.395253 0.817806 0.801963 -0.373967 0.971845 -0.449443 -0.365713 -2.305450 -0.756717 1.447857 0.646227 0.680228 -0.720439 0.667696 0.800232 0.444322 NA -1.904458 NA -1.144800 -0.771001 -0.868130 1.056349 -0.138771 0.887274 1.236391 -1.439465 3.708917 1.000000
66 0.474892 NA -1.480671 -0.487593 NA 1.046700 NA 0.423291 -0.839769 0.304187 -0.623933 -0.806849 0.328001 -1.017582 0.056356 -0.472612 NA 1.584026 -1.424028 -2.306734 1.392179 NA -0.081197 -1.346387 -0.825884 0.097375 1.692239 1.092324 -0.121259 -0.353456 1.011754 0.559805 0.431831 -1.772769 -1.133108 0.272920 1.122506 NA -0.973233 -1.512180 1.439764 0.385481 3.002025 -0.851080 0.315691 -1.956576 1.630758 NA -1.312868 1.374423 1.455336 1.000000
67 -0.470768 0.381556 2.158418 0.280626 -0.500312 1.265835 -0.722238 0.193017 0.299124 1.175585 0.479630 NA -1.063300 -0.719340 0.623227 -1.271623 1.049045 -0.428234 0.057704 -0.768679 -0.460308 0.589902 0.429336 0.762123 0.164446 -0.488264 -1.528700 -0.037946 -0.417739 -0.507205 -0.553549 0.465152 1.751871 -0.192293 -0.538418 -0.977533 0.411447 0.625522 0.114637 0.422378 1.207291 0.438891 -0.723248 1.939280 1.570371 -1.758186 0.215755 -0.403129 0.468617 -0.415849 1.102077 0.000000
68 0.087173 -0.291463 -1.166281 0.694024 -0.421525 0.039691 0.829844 1.986247 -0.179962 NA NA 0.489117 1.077385 1.424828 0.936649 -1.393407 1.758840 1.878756 -2.275747 0.657410 -1.504959 -1.144361 -2.510939 -1.484662 -0.636169 0.907781 -0.669261 NA 2.068244 1.399898 -1.874290 -0.140632 -0.848426 1.526710 -0.760655 0.100982 0.962205 1.941736 0.579968 2.549693 -0.127134 0.131854 NA -1.800998 0.547862 -1.104336 0.078148 0.365029 0.101514 -0.764913 5.757284 0.000000
69 -0.590560 0.639447 -1.015720 0.175436 0.029697 0.032085 0.915473 -0.756646 -0.309192 -1.030786 -1.087036 -0.889688 0.806009 0.142889 1.060969 1.413764 -1.169645 -0.252614 0.440811 -0.035470 0.186498 -2.275576 -0.911808 1.136813 -0.736259 NA 0.860785 -0.650665 -1.926622 NA -1.100162 0.632354 -0.172124 1.284697 0.136053 1.268282 1.227028 -0.321677 1.057659 NA -1.130784 0.348360 -0.106498 -0.102913 -0.888277 -0.407373 -1.254273 -0.930753 -0.087738 -1.794183 0.180412 1.000000
70 NA 1.548912 0.264405 0.477798 -0.037975 NA -1.900528 -2.023508 0.208529 -0.730274 0.565215 -1.290068 -1.263795 -0.233757 0.100788 -0.683835 -0.126012 1.024829 NA -0.524566 -0.505342 0.487327 -2.701481 -1.017496 1.208527 2.323988 -0.776727 -0.367635 -1.300933 0.889196 -0.266858 0.221812 1.357358 1.306907 0.568788 1.043628 -0.075166 -0.471671 -0.553228 1.142215 1.367148 -2.371964 -2.167878 1.556908 0.423530 1.060703 -0.343823 -0.893984 0.006542 0.494398 0.034384 1.000000
71 0.746684 -0.220981 NA 1.902117 -1.110937 -1.790435 -0.786560 -0.160894 -0.010941 -0.290474 0.193105 -1.082349 -0.909148 0.901352 0.296124 0.268423 0.691905 -0.236801 1.219727 0.067717 -0.464140 0.749775 0.637521 0.990994 0.937327 -0.342980 -0.693022 0.880107 -0.564294 -0.115051 1.296780 -1.007577 -0.129672 -0.401236 0.256956 -1.636983 -0.066417 -0.291900 -1.241288 -1.406540 1.464749 -0.346136 -2.234244 0.757220 0.763119 -0.095561 0.291687 0.217020 -0.815869 -1.072962 0.380355 1.000000
72 0.725388 0.069675 0.170824 0.836085 0.500535 0.560286 -0.435849 1.715232 0.717566 0.479898 0.018921 1.337129 -0.110510 0.256332 -0.003270 1.684160 2.028472 0.115695 2.406378 -1.357744 0.141530 0.062668 0.356499 0.904198 0.807257 -0.517190 -0.298822 -1.266638 0.149983 1.128351 -0.174033 0.179519 1.086049 0.172862 -0.077711 1.403572 -0.542184 0.348071 -0.780930 1.934782 0.077549 -1.935720 -1.577396 -0.920140 -0.412923 -0.560170 -0.813663 0.027449 0.655546 -0.252373 0.398170 1.000000
73 -0.458199 -0.563567 -0.453618 -1.361209 NA NA -1.403648 -0.097317 -1.514582 1.770501 0.050999 -0.267490 1.709059 1.141092 1.466167 0.904557 -0.082385 -1.009312 -0.973599 0.982380 0.871200 1.018917 -0.428706 -1.043088 -1.708908 -1.572467 NA 1.441326 -0.524471 0.946528 NA -0.607281 -0.635397 1.123946 0.022168 1.051231 -2.209724 -0.120262 -0.233995 0.990116 0.594320 -1.847633 0.088026 0.508711 1.354282 0.075143 -0.172120 0.342754 -0.946413 0.014764 3.088325 1.000000
74 0.465831 0.362280 -2.149249 -0.830328 1.015150 -1.475706 0.020311 0.111836 NA 1.248672 -0.670853 -1.195624 -0.675405 1.103650 -0.267992 0.809436 -0.455948 -2.099817 -0.395789 0.480135 NA 1.319570 0.610857 0.599910 2.024396 0.847580 -0.779156 -0.317568 0.041415 -0.794063 0.916443 1.414488 0.060932 0.534324 -0.659513 0.706526 -2.027115 -0.808550 -2.067024 1.576069 -0.490159 0.602084 NA -0.483976 -0.032214 NA NA 0.846030 -0.568213 0.336100 4.150160 0.000000
75 -0.430488 -0.402811 -0.921133 1.771398 -0.083625 0.336580 -0.156208 -0.580231 -0.861692 -0.148218 0.794262 0.631662 1.052831 0.795063 1.370258 0.054316 0.739277 -0.079296 -0.019994 0.156440 -0.227448 0.548203 0.565735 NA -3.119517 1.526551 -0.990217 -1.822841 -0.893343 0.895025 -0.749092 -0.567589 0.600982 0.921548 -0.111060 -1.664648 0.595551 NA 0.142713 1.084057 -0.964055 -0.944031 0.929399 0.624588 -0.586629 -1.010083 NA 0.685406 -0.243854 -0.004337 2.430220 1.000000
76 -0.708564 -0.743201 -0.856084 0.394312 -0.728212 0.779507 0.116809 -0.622147 0.000573 -1.187326 -0.396310 1.171831 1.908199 NA -0.587815 0.694768 -2.030777 -0.579480 -0.335780 0.308236 -0.509372 -0.045454 -0.682475 0.607363 0.061656 -1.491430 -0.497568 -0.303393 -0.672228 -1.872639 0.644014 1.127855 0.106723 -1.098874 NA 1.046092 0.522693 0.176152 -0.333859 0.898154 -2.597876 -1.331137 -1.493318 -1.905392 0.570481 -0.481373 -0.657519 -0.133729 0.206789 0.176627 0.851719 1.000000
77 -0.840483 0.136071 1.172726 0.112727 0.546482 -0.922129 1.571675 -0.227213 -0.023535 -0.103335 -0.466442 -0.215318 -1.252265 -0.473289 -0.780872 0.928530 0.386321 -0.696848 0.520273 -1.810913 -0.375199 0.377438 -1.094297 -0.729372 NA -0.892899 0.878480 -1.176140 0.551957 1.243638 -0.564454 0.303216 0.529904 0.610082 0.052101 0.754333 -0.936953 1.797752 -0.733294 NA -0.270218 -0.438275 1.317448 -0.510396 -1.058285 NA 1.658960 0.102540 0.057842 -0.022544 1.280695 1.000000
78 -0.127227 0.445140 -0.646318 0.342975 -0.950767 0.234277 -0.644894 -0.274597 0.931354 0.727738 NA -0.166644 -0.810775 -2.647293 -0.338138 0.052226 0.675240 -1.696567 1.140954 0.434315 0.011458 2.253882 0.015143 -0.558227 -1.361218 -1.371407 NA -0.653034 NA 1.611084 0.481990 -0.015756 NA NA -2.142708 -0.597033 -2.070550 NA 0.807799 -1.145654 -0.653254 -0.550610 0.682035 0.584195 0.438615 -0.019686 -0.335404 -0.775743 1.834852 2.209670 8.249154 0.000000
79 -1.875080 2.061096 0.209373 0.727806 0.599440 1.560574 -0.170999 -0.439608 -0.353754 0.495209 2.057997 -2.135200 -0.217435 -0.339257 NA 2.205029 -0.582649 -1.416616 -1.529499 1.621490 0.486765 NA 0.322714 0.376124 0.472919 1.833097 -0.399282 0.423280 1.466597 1.165910 1.033722 -0.077691 0.819961 1.471171 -1.057154 -0.034790 -0.027046 0.629281 -0.230143 0.327991 -0.174305 0.407139 -0.183290 -0.206580 -1.479636 -0.493832 -0.063861 0.543581 1.202069 0.822737 1.177676 1.000000
80 -0.327458 -1.178871 -0.407525 -0.106508 -0.254727 -0.829244 0.673258 0.098874 -0.600110 -0.482591 0.044073 0.493285 -1.632086 0.187858 0.834013 -1.868961 1.045691 1.467537 -0.985182 0.462612 -0.338306 -1.534331 0.399459 -0.040554 -1.178298 0.807924 0.263054 -0.510350 -1.637142 -0.872645 1.981231 -0.697302 1.243709 1.061423 0.735875 1.094160 0.412480 0.920727 -0.425372 0.010788 -0.172047 0.873357 -0.159783 2.539159 -1.212352 -1.014682 -0.276423 -0.725394 0.633025 0.053474 3.486699 1.000000
81 -0.866749 NA 1.243346 -0.453717 -0.317372 -0.478167 0.773501 0.981597 0.377381 0.435700 NA 0.507620 NA 0.643795 1.348851 -1.485091 -0.552222 1.090754 0.664811 -0.014415 -1.310915 -0.821967 -2.367468 0.726074 -0.412477 -0.396700 -0.394882 NA -0.181364 -1.710088 0.020272 -0.058828 -0.087885 -1.057290 0.241218 1.768736 -0.402153 NA 1.208358 -0.195477 1.853475 0.551695 -0.463975 NA -1.716025 -2.450349 1.243861 -0.503686 -0.038737 0.659285 3.412238 1.000000
82 0.266826 -0.453424 -0.397963 0.380649 -0.546004 -0.456130 -1.502798 -1.032590 0.788746 0.077983 NA 0.139592 -0.200471 -0.457064 -0.618997 -1.795450 -0.714279 -0.032804 -0.278597 -0.297818 -0.341991 -1.027361 -0.811530 -1.392984 1.151420 -0.435161 0.688071 NA 1.477488 -0.778607 0.064211 -1.469380 NA 0.937619 -0.920234 1.148051 -0.551896 1.300040 -1.520049 -0.552554 -1.822018 -0.128020 0.777318 0.799304 0.651304 -0.166628 -0.519504 0.390697 -0.747123 1.446790 2.741642 1.000000
83 0.545677 -0.496629 -0.162293 1.665902 -0.582581 -0.703578 -0.637221 -1.940083 1.678769 -0.473655 1.468095 0.014239 1.472305 -1.171163 0.199036 -2.824564 -2.715302 -0.477010 -0.304264 -0.075817 -0.300776 -0.735592 0.995520 -0.613065 1.218539 1.489400 -0.192759 -0.024751 -0.174044 0.568588 0.629426 -1.894932 -2.434024 1.744098 0.922001 -0.803180 0.569349 -2.332012 -0.439451 -0.957095 1.374551 -0.425402 -1.205303 NA -0.164693 -0.643914 -0.766834 0.127380 0.347587 -2.439874 0.418740 1.000000
84 0.808799 2.489374 0.889994 NA 1.953039 1.808579 1.422647 0.260989 0.411270 1.125668 -0.915647 0.504170 -2.218901 0.009548 -0.468956 -0.085594 0.811967 1.221507 -0.428234 -1.301091 1.603846 0.552984 -0.468577 0.612264 0.594509 -0.289570 -0.449529 -1.315296 -0.693190 0.910832 -0.423448 -0.208505 1.658578 -1.758162 -1.253455 0.196614 1.738374 2.120699 0.992160 -0.492853 -0.313241 -0.059521 -1.061171 0.827507 0.137648 -1.741747 0.344066 0.179927 0.354148 NA 1.674538 1.000000
85 -0.797525 -0.509612 0.242148 -2.010648 1.376919 NA 0.848908 -0.855776 -0.665375 -0.780424 0.250414 0.352631 1.466958 1.236276 -0.821796 -1.319845 -0.387912 0.691402 0.924262 -0.228010 0.329722 2.102516 -1.766043 -1.040119 0.173207 -0.157775 0.795262 0.918602 NA 1.011724 -1.000431 -0.243248 0.486656 -0.144762 1.849067 -0.618399 -1.542296 0.583706 -0.346465 0.126865 0.113400 -0.176136 0.251545 1.228530 2.040461 0.336764 -0.324412 2.206171 0.101044 0.512289 6.745396 1.000000
86 0.039631 NA 0.026917 1.824674 0.034394 -0.287662 NA NA 0.921894 -0.717911 -0.562444 0.224705 -0.639676 0.822872 0.006601 -0.499993 -1.256541 1.191607 -0.737653 0.091435 -1.923373 0.137538 -1.694339 -0.018476 -1.405681 -0.816254 -2.141735 -0.660958 -0.644885 0.375689 0.512672 1.478328 -1.152361 0.473432 -0.765919 -0.787534 2.532264 0.427309 -0.890279 0.724666 -0.683141 0.026901 0.187025 0.696218 -0.143409 -1.037805 -0.915323 -1.161534 1.171508 -0.912552 1.811946 1.000000
87 -0.957239 1.286595 0.347977 1.009095 -0.071452 -0.215762 -0.067722 0.163407 -0.303887 -2.607936 -1.021175 0.037815 -1.673270 NA 0.099953 -0.034753 1.154673 0.599092 0.185685 0.310716 -1.084448 0.388838 -0.928405 -1.654910 0.169246 -1.833919 -0.733848 0.136910 -1.975967 0.307911 -1.555258 1.016931 1.197932 0.124176 -0.821877 1.288452 0.070994 1.179543 0.916775 -0.223782 -0.348164 0.128308 NA 0.001236 -1.191197 -1.215164 -0.296145 -0.442993 -0.171150 0.349253 0.303460 1.000000
88 -0.527376 1.068853 0.244321 1.220702 0.091591 NA 1.067614 -0.620412 -0.548031 1.017882 -0.725275 -1.880592 -0.039524 -1.105550 -1.441731 -0.861847 -0.434330 -1.956284 3.785006 0.302073 -1.114679 NA 0.238440 -0.195620 -0.768917 1.189601 -0.202283 -0.592349 -0.155771 -0.734516 -0.656026 -0.656027 0.822156 -0.142512 0.487139 -0.403977 -0.544407 -0.160871 -2.476728 -1.733112 -0.505419 0.156594 0.738274 -1.411733 -0.818401 -2.586149 0.760002 -0.682774 -1.278941 -0.007193 0.137275 1.000000
89 0.145699 0.989277 0.122428 -0.360126 1.668876 0.121809 0.969890 -1.322348 -0.074070 0.700648 0.596141 0.109386 0.877143 -1.183342 -1.327924 NA -2.366486 0.809655 -1.084676 0.699303 -0.683556 -1.963283 0.489557 -2.854778 1.050061 -0.305439 -0.611880 1.865644 0.217313 2.131085 -0.823895 1.009138 -0.829132 NA -0.298605 -0.774787 -0.397895 -0.264212 1.855080 -0.429058 1.454342 NA 1.114766 -0.035191 -0.455281 0.044367 0.184491 1.127278 0.809852 0.954270 0.426155 1.000000
90 0.384961 -0.007409 0.928290 -0.080594 -1.211313 -0.814010 -0.456528 -0.394424 -1.363885 2.071303 0.844065 0.662180 -0.404755 1.022123 0.229579 -1.255425 -1.053671 0.558653 -0.769016 2.125052 -0.182567 -1.436271 -1.669126 -2.273591 0.504775 -0.365262 -0.050099 -0.019795 -0.571057 -0.752729 1.126012 -1.216291 -0.584666 0.770138 -1.497106 NA -2.244748 1.158201 -1.581830 -1.256088 1.311381 1.959644 0.897923 -1.969343 -0.926771 -1.105933 0.676705 0.617341 -0.189803 0.050884 3.281749 0.000000
91 1.049540 1.137490 -0.050194 -0.745304 0.557635 0.166207 1.215005 -0.295971 1.769651 -0.321072 -1.817128 -1.125653 -0.325016 -1.846781 -2.364620 -1.287989 -0.358253 -0.293772 -0.764976 -0.822197 -0.299375 -0.343414 -0.776342 1.029220 -0.190529 1.178140 1.560787 -0.073035 0.554518 -0.422277 -0.722381 -0.623348 -2.073112 0.125770 1.095400 1.778649 1.082877 0.305764 -0.455129 -1.262944 1.401615 NA 0.774176 0.145083 0.194299 0.081709 1.453521 0.385892 -0.304675 0.630719 1.410007 1.000000
92 1.909910 0.168268 -0.322578 -0.521150 -0.173927 -1.249794 -1.587565 0.051791 -0.985540 -0.645737 -0.267761 0.487923 0.494041 -0.362116 0.150048 0.649926 -0.805295 1.034154 0.133628 -0.959284 1.431155 0.692273 -0.300673 -1.609685 0.008140 0.714902 NA 1.240717 0.004504 1.839737 -0.951242 -0.765808 NA 0.843161 -0.314797 1.244820 0.501275 -0.269143 1.989425 0.181011 1.092352 1.384956 0.611200 -0.031202 0.786640 1.923238 -1.021431 -0.679383 NA -0.010005 0.367248 1.000000
93 -1.178539 -0.001257 1.222915 0.553804 0.284828 1.386538 1.129829 -0.915409 1.919094 NA 0.219411 0.150914 -0.169970 1.862415 0.508758 0.406790 0.625705 0.177239 -1.223818 1.158445 -1.907657 -0.696308 0.202147 NA 0.173426 0.640800 1.155730 -1.683379 -0.397302 1.226318 -0.504939 0.466891 0.247934 -0.747618 1.570872 -1.511911 -0.418743 0.600088 -1.066155 -0.094890 0.280634 NA 1.894042 1.393690 NA 0.101027 0.107817 2.397187 0.577335 0.788663 4.829491 1.000000
94 -0.713750 1.723089 -0.918139 -0.181894 -0.818934 0.654316 -0.543042 0.760824 1.486930 0.630056 -0.442162 0.301143 0.395987 -0.896058 0.697597 0.467629 0.677618 1.348533 -0.801794 0.796745 -1.379048 0.316135 0.472296 0.082954 -2.616285 0.391813 -0.389464 0.453866 NA -1.281525 0.621255 0.866653 -1.720678 -1.470608 -1.182085 -0.261887 NA -0.357277 -0.072560 0.102270 0.073922 1.327790 -0.794893 -0.837176 -0.299966 0.401257 -0.610940 -2.485438 0.011187 -0.588495 5.316670 0.000000
95 NA 1.024691 -0.079540 1.133239 0.359821 0.442161 -0.173999 -0.166956 -0.388790 0.880685 1.313946 -0.148913 0.694953 NA 0.819687 -1.542744 -1.395819 -1.027204 -1.183190 0.869585 -0.943254 -0.500950 -0.749470 NA NA 0.108588 -0.089420 0.674098 0.096660 0.022032 0.470333 1.598415 0.250449 -0.680757 -0.336675 -0.968327 0.881698 0.350328 NA -2.155439 -0.065535 -1.734900 -0.840449 -0.603680 -0.264525 0.441520 -0.771507 -0.276551 1.653212 NA 6.157636 1.000000
96 1.558235 -1.106699 1.583690 -0.628804 0.023450 1.314423 0.720273 NA 0.720608 -1.531559 0.992077 1.351197 -0.886225 1.251736 -0.153612 -0.469686 -0.546322 -0.268021 -0.310537 -1.181846 -1.164944 0.086912 -0.226127 1.884861 -0.210446 -0.197008 0.267168 0.264685 1.104047 -0.357644 -0.768436 2.179890 0.130484 NA 0.186792 0.087736 NA 1.179364 -0.818283 NA -1.207034 -0.209559 NA -0.462488 -0.335669 0.138096 0.358396 -0.079457 -0.284486 0.012307 2.136913 1.000000
97 0.716281 0.266562 0.962526 -0.988856 NA -0.319624 -0.069628 0.289288 2.229273 -1.324375 -0.097912 1.719141 -1.112803 -2.000348 -2.323538 -0.707716 0.830247 -1.298122 -0.283552 -0.465058 0.269690 0.317181 0.660627 -0.475836 -0.417708 0.322304 -0.421108 -0.097716 0.905733 -0.603204 0.143778 -0.961859 -0.340605 -0.961873 -2.003595 -1.146026 -1.288703 0.333451 -1.932851 NA -1.955686 -1.153891 -0.097943 NA 0.405600 -0.258620 -1.434637 -1.162708 -0.130268 1.173841 0.443617 1.000000
98 -0.200892 -0.300053 0.057171 -0.703389 -1.029061 NA -0.125163 0.522053 -1.202220 NA -2.191506 2.992577 0.786458 1.125535 1.125938 0.907987 NA -0.773616 -0.680733 -0.214922 1.215559 -0.310618 1.440238 NA -0.730634 -1.847488 -1.548104 0.076372 -1.055188 -0.624838 -0.231601 1.774271 -2.227218 -0.347822 NA 0.111981 0.707533 -1.685777 0.749433 0.033832 -0.206157 -0.397265 0.041944 0.004816 0.131949 0.115497 1.373826 0.690079 -0.578888 -0.152138 8.449880 0.000000
99 -1.264495 1.433512 0.074323 0.176659 -1.423761 0.058690 NA NA 1.530935 0.326445 -1.245918 0.046415 -0.542708 -0.177854 -0.847286 0.997233 -1.105643 2.052476 -0.204763 -0.952863 1.383485 0.384955 NA NA NA 0.100396 1.045827 -0.031939 NA -0.495675 0.704931 -1.124569 1.166181 -2.425974 0.117265 NA 0.821430 -0.261328 1.488787 0.364829 -0.355040 0.993561 -0.442312 -0.029137 -0.499397 -0.401233 -0.886911 -2.172986 -1.163488 0.802587 0.414754 1.000000
100 -0.039706 0.004287 1.370072 1.497027 -1.384593 0.138617 -0.901839 -0.342953 0.828360 0.691377 -1.236810 -1.195319 0.054128 1.611318 -0.159587 -0.462127 -2.587118 -0.381890 -0.007522 1.347256 2.269241 NA -1.732963 0.246320 0.567817 0.702648 -1.099997 NA 0.993671 0.303222 -0.261372 0.560997 -1.954723 1.007311 -0.101520 -1.232322 -0.269846 0.445592 0.798263 -1.265733 -0.536174 1.364416 -0.301498 -0.676530 NA 1.256305 -0.669088 NA NA NA 0.492010 1.000000
uncorrelated Gaussian covariates
missing covariate fraction: 0.050000
no latent classes
   lambda(t|risk 1)=C, <t>=4.000000 for zero covariates
   risk 1: beta[1]=0.500000
   risk 1: beta[2]=0.500000
   risk 1: beta[3]=0.500000
   risk 1: beta[4]=0.500000
   risk 1: beta[5]=0.500000
   risk 1: beta[6]=-0.500000
   risk 1: beta[7]=-0.500000
   risk 1: beta[8]=-0.500000
   risk 1: beta[9]=-0.500000
   risk 1: beta[10]=-0.500000
   risk 1: beta[11]=0.000000
   risk 1: beta[12]=0.000000
   risk 1: beta[13]=0.000000
   risk 1: beta[14]=0.000000
   risk 1: beta[15]=0.000000
   risk 1: beta[16]=0.000000
   risk 1: beta[17]=0.000000
   risk 1: beta[18]=0.000000
   risk 1: beta[19]=0.000000
   risk 1: beta[20]=0.000000
   risk 1: beta[21]=0.000000
   risk 1: beta[22]=0.000000
   risk 1: beta[23]=0.000000
   risk 1: beta[24]=0.000000
   risk 1: beta[25]=0.000000
   risk 1: beta[26]=0.000000
   risk 1: beta[27]=0.000000
   risk 1: beta[28]=0.000000
   risk 1: beta[29]=0.000000
   risk 1: beta[30]=0.000000
   risk 1: beta[31]=0.000000
   risk 1: beta[32]=0.000000
   risk 1: beta[33]=0.000000
   risk 1: beta[34]=0.000000
   risk 1: beta[35]=0.000000
   risk 1: beta[36]=0.000000
   risk 1: beta[37]=0.000000
   risk 1: beta[38]=0.000000
   risk 1: beta[39]=0.000000
   risk 1: beta[40]=0.000000
   risk 1: beta[41]=0.000000
   risk 1: beta[42]=0.000000
   risk 1: beta[43]=0.000000
   risk 1: beta[44]=0.000000
   risk 1: beta[45]=0.000000
   risk 1: beta[46]=0.000000
   risk 1: beta[47]=0.000000
   risk 1: beta[48]=0.000000
   risk 1: beta[49]=0.000000
   risk 1: beta[50]=0.000000
uniform censoring on time interval [1.000000,12.000000]
