active=80: 1 2 3 4 5 6 7 8 9 10 11 12 13 14 15 16 17 18 19 20 21 22 23 24 25 26 27 28 29 30 31 32 33 34 35 36 37 38 39 40 41 42 43 44 45 46 47 48 49 50 51 52 53 54 55 56 57 58 59 60 61 62 63 64 65 66 67 68 69 70 71 72 73 74 75 76 77 78 79 80 
active=79: 1 2 3 4 5 6 7 8 9 10 11 12 13 14 15 16 17 18 19 20 21 22 23 24 25 26 27 28 29 30 31 32 33 34 35 37 38 39 40 41 42 43 44 45 46 47 48 49 50 51 52 53 54 55 56 57 58 59 60 61 62 63 64 65 66 67 68 69 70 71 72 73 74 75 76 77 78 79 80 
active=78: 1 2 3 4 5 6 7 9 10 11 12 13 14 15 16 17 18 19 20 21 22 23 24 25 26 27 28 29 30 31 32 33 34 35 37 38 39 40 41 42 43 44 45 46 47 48 49 50 51 52 53 54 55 56 57 58 59 60 61 62 63 64 65 66 67 68 69 70 71 72 73 74 75 76 77 78 79 80 
active=77: 1 2 3 4 5 6 7 9 10 11 12 13 14 15 16 17 18 19 20 21 22 23 24 25 26 27 28 29 30 31 32 33 34 35 38 39 40 41 42 43 44 45 46 47 48 49 50 51 52 53 54 55 56 57 58 59 60 61 62 63 64 65 66 67 68 69 70 71 72 73 74 75 76 77 78 79 80 
active=76: 1 2 3 4 5 6 7 9 10 11 12 13 14 15 16 17 18 19 20 21 22 23 24 25 26 27 28 29 30 31 32 33 34 35 38 39 40 41 43 44 45 46 47 48 49 50 51 52 53 54 55 56 57 58 59 60 61 62 63 64 65 66 67 68 69 70 71 72 73 74 75 76 77 78 79 80 
active=75: 1 2 3 4 5 6 7 9 10 11 12 13 14 15 16 17 18 19 20 21 22 23 24 25 26 27 28 29 30 31 32 33 34 35 38 39 40 41 43 44 45 46 47 48 49 50 51 52 53 54 55 56 57 58 59 60 62 63 64 65 66 67 68 69 70 71 72 73 74 75 76 77 78 79 80 
active=74: 1 2 3 4 5 6 7 9 10 11 12 13 14 15 16 17 18 19 20 21 22 23 24 25 26 27 28 29 30 31 32 33 34 35 38 39 40 41 43 44 45 46 47 48 49 50 51 52 53 54 55 56 57 58 60 62 63 64 65 66 67 68 69 70 71 72 73 74 75 76 77 78 79 80 
active=73: 1 2 3 4 5 6 7 10 11 12 13 14 15 16 17 18 19 20 21 22 23 24 25 26 27 28 29 30 31 32 33 34 35 38 39 40 41 43 44 45 46 47 48 49 50 51 52 53 54 55 56 57 58 60 62 63 64 65 66 67 68 69 70 71 72 73 74 75 76 77 78 79 80 
active=72: 1 2 3 4 5 6 7 10 11 12 13 14 15 16 17 18 19 20 21 22 23 24 25 26 27 28 29 30 31 32 34 35 38 39 40 41 43 44 45 46 47 48 49 50 51 52 53 54 55 56 57 58 60 62 63 64 65 66 67 68 69 70 71 72 73 74 75 76 77 78 79 80 
active=71: 1 2 3 4 5 6 7 10 11 12 13 14 15 16 17 18 19 20 21 22 23 24 25 26 27 28 29 30 31 32 34 35 38 39 40 41 43 44 45 46 47 48 49 50 51 52 53 54 55 56 57 58 60 62 63 64 65 66 67 68 69 70 71 72 73 74 76 77 78 79 80 
active=70: 1 2 3 4 5 6 7 10 11 12 13 14 15 16 17 18 19 20 21 22 23 24 25 26 27 28 29 30 31 32 34 35 38 39 40 41 43 44 45 46 47 48 49 50 51 52 53 54 55 56 57 58 60 62 63 64 65 67 68 69 70 71 72 73 74 76 77 78 79 80 
active=69: 1 2 3 4 5 6 7 10 11 12 13 14 15 16 17 18 19 20 21 22 23 24 25 26 27 28 29 30 32 34 35 38 39 40 41 43 44 45 46 47 48 49 50 51 52 53 54 55 56 57 58 60 62 63 64 65 67 68 69 70 71 72 73 74 76 77 78 79 80 
active=68: 1 2 3 4 5 6 7 10 11 12 13 14 15 16 17 18 19 20 21 22 23 24 25 26 27 28 29 30 32 34 35 38 39 40 41 43 44 45 46 47 48 49 50 51 52 53 54 55 56 57 58 60 62 63 64 65 67 68 69 70 71 72 73 74 76 77 78 79 
active=67: 1 2 3 4 5 6 7 10 11 12 13 14 15 16 17 18 19 20 21 22 23 24 25 26 27 28 29 30 32 34 38 39 40 41 43 44 45 46 47 48 49 50 51 52 53 54 55 56 57 58 60 62 63 64 65 67 68 69 70 71 72 73 74 76 77 78 79 
active=66: 1 2 3 4 5 6 7 10 11 12 13 14 15 16 17 18 19 20 21 22 23 24 25 26 27 28 29 30 32 34 38 39 40 41 43 44 45 46 47 48 49 50 51 52 53 54 55 57 58 60 62 63 64 65 67 68 69 70 71 72 73 74 76 77 78 79 
active=65: 1 2 3 4 5 6 7 10 12 13 14 15 16 17 18 19 20 21 22 23 24 25 26 27 28 29 30 32 34 38 39 40 41 43 44 45 46 47 48 49 50 51 52 53 54 55 57 58 60 62 63 64 65 67 68 69 70 71 72 73 74 76 77 78 79 
active=64: 1 2 3 4 5 6 7 10 12 13 14 15 16 17 18 19 20 21 22 23 24 25 26 27 28 29 30 32 34 38 39 40 41 43 44 45 46 47 48 49 50 51 52 53 54 55 57 58 60 62 63 65 67 68 69 70 71 72 73 74 76 77 78 79 
active=63: 1 2 3 4 5 6 7 10 12 13 14 15 16 17 18 19 20 21 22 23 24 25 26 27 28 29 30 32 34 38 39 40 43 44 45 46 47 48 49 50 51 52 53 54 55 57 58 60 62 63 65 67 68 69 70 71 72 73 74 76 77 78 79 
active=62: 1 2 3 4 5 6 7 10 12 13 14 15 16 17 18 19 20 21 22 23 24 25 26 27 28 29 30 32 38 39 40 43 44 45 46 47 48 49 50 51 52 53 54 55 57 58 60 62 63 65 67 68 69 70 71 72 73 74 76 77 78 79 
active=61: 1 2 3 4 5 6 7 10 12 13 14 15 16 17 19 20 21 22 23 24 25 26 27 28 29 30 32 38 39 40 43 44 45 46 47 48 49 50 51 52 53 54 55 57 58 60 62 63 65 67 68 69 70 71 72 73 74 76 77 78 79 
active=60: 1 2 3 4 5 6 7 10 12 13 14 15 17 19 20 21 22 23 24 25 26 27 28 29 30 32 38 39 40 43 44 45 46 47 48 49 50 51 52 53 54 55 57 58 60 62 63 65 67 68 69 70 71 72 73 74 76 77 78 79 
active=59: 1 2 3 4 5 6 7 10 12 13 14 15 17 19 20 21 22 23 24 25 27 28 29 30 32 38 39 40 43 44 45 46 47 48 49 50 51 52 53 54 55 57 58 60 62 63 65 67 68 69 70 71 72 73 74 76 77 78 79 
active=58: 1 2 3 4 5 6 7 10 12 13 14 15 17 19 20 21 22 23 24 25 27 28 29 30 32 38 40 43 44 45 46 47 48 49 50 51 52 53 54 55 57 58 60 62 63 65 67 68 69 70 71 72 73 74 76 77 78 79 
active=57: 1 2 3 4 5 6 7 10 12 13 14 15 17 19 20 21 22 23 24 25 27 28 29 30 32 38 40 43 44 45 46 47 48 49 50 51 52 53 54 55 57 58 60 62 63 65 67 68 69 70 71 72 73 76 77 78 79 
active=56: 1 2 3 4 5 6 7 12 13 14 15 17 19 20 21 22 23 24 25 27 28 29 30 32 38 40 43 44 45 46 47 48 49 50 51 52 53 54 55 57 58 60 62 63 65 67 68 69 70 71 72 73 76 77 78 79 
active=55: 1 2 3 4 5 6 7 12 13 14 15 17 19 20 21 22 23 24 25 27 28 29 30 32 38 40 43 44 45 46 47 48 49 50 51 52 54 55 57 58 60 62 63 65 67 68 69 70 71 72 73 76 77 78 79 
active=54: 1 2 3 4 5 6 7 12 13 14 15 17 19 20 21 22 23 24 25 27 28 29 30 32 38 40 43 44 46 47 48 49 50 51 52 54 55 57 58 60 62 63 65 67 68 69 70 71 72 73 76 77 78 79 
active=53: 1 2 3 4 5 6 7 12 13 14 15 17 19 20 21 22 23 24 25 27 28 29 30 32 38 40 43 44 46 47 48 49 50 51 52 54 55 57 58 60 62 63 65 67 68 69 70 72 73 76 77 78 79 
active=52: 1 2 3 4 5 6 7 12 13 14 15 17 19 20 21 22 23 24 25 27 28 29 30 32 38 40 43 44 46 47 48 49 50 52 54 55 57 58 60 62 63 65 67 68 69 70 72 73 76 77 78 79 
active=51: 1 2 3 5 6 7 12 13 14 15 17 19 20 21 22 23 24 25 27 28 29 30 32 38 40 43 44 46 47 48 49 50 52 54 55 57 58 60 62 63 65 67 68 69 70 72 73 76 77 78 79 
active=50: 1 2 3 5 7 12 13 14 15 17 19 20 21 22 23 24 25 27 28 29 30 32 38 40 43 44 46 47 48 49 50 52 54 55 57 58 60 62 63 65 67 68 69 70 72 73 76 77 78 79 
active=49: 1 2 3 5 7 12 13 14 15 17 19 20 21 22 23 24 25 28 29 30 32 38 40 43 44 46 47 48 49 50 52 54 55 57 58 60 62 63 65 67 68 69 70 72 73 76 77 78 79 
active=48: 1 2 3 5 7 12 13 14 15 17 19 20 21 22 23 24 25 28 29 30 32 38 40 43 44 46 47 48 49 50 52 54 55 57 58 60 62 63 67 68 69 70 72 73 76 77 78 79 
active=47: 1 2 3 5 7 12 13 14 15 17 19 20 21 22 23 24 25 28 29 30 32 38 40 43 44 46 47 48 49 52 54 55 57 58 60 62 63 67 68 69 70 72 73 76 77 78 79 
active=46: 1 2 3 5 7 12 13 14 15 17 19 20 21 22 23 24 25 28 29 30 32 38 40 43 44 46 47 48 49 52 54 55 57 58 60 62 63 67 68 69 72 73 76 77 78 79 
active=45: 1 2 3 5 7 12 13 14 15 17 19 20 21 22 23 24 25 28 29 30 32 38 40 43 44 46 47 48 49 52 54 55 57 58 60 62 67 68 69 72 73 76 77 78 79 
active=44: 1 2 3 5 7 12 13 15 17 19 20 21 22 23 24 25 28 29 30 32 38 40 43 44 46 47 48 49 52 54 55 57 58 60 62 67 68 69 72 73 76 77 78 79 
active=43: 1 2 3 7 12 13 15 17 19 20 21 22 23 24 25 28 29 30 32 38 40 43 44 46 47 48 49 52 54 55 57 58 60 62 67 68 69 72 73 76 77 78 79 
active=42: 1 2 3 7 12 13 15 17 19 20 21 22 23 24 25 28 29 30 32 38 40 43 44 46 48 49 52 54 55 57 58 60 62 67 68 69 72 73 76 77 78 79 
active=41: 1 2 3 7 12 13 15 17 19 20 21 22 23 24 25 28 29 30 32 38 40 43 44 46 48 49 52 54 55 57 58 60 62 67 68 69 72 73 77 78 79 
active=40: 1 2 3 7 12 13 15 17 19 20 21 22 23 24 25 28 29 30 32 38 40 43 44 46 48 52 54 55 57 58 60 62 67 68 69 72 73 77 78 79 
active=39: 1 2 3 7 12 13 15 17 19 20 21 22 23 24 25 28 29 30 32 38 40 43 44 46 48 52 54 55 57 60 62 67 68 69 72 73 77 78 79 
active=38: 1 2 3 7 12 13 15 17 19 20 21 22 23 24 25 28 29 30 32 38 40 43 44 46 48 52 54 55 57 60 62 67 68 69 72 73 77 79 
active=37: 1 2 3 7 12 13 15 17 19 20 21 22 24 25 28 29 30 32 38 40 43 44 46 48 52 54 55 57 60 62 67 68 69 72 73 77 79 
active=36: 1 2 3 12 13 15 17 19 20 21 22 24 25 28 29 30 32 38 40 43 44 46 48 52 54 55 57 60 62 67 68 69 72 73 77 79 
active=35: 1 3 12 13 15 17 19 20 21 22 24 25 28 29 30 32 38 40 43 44 46 48 52 54 55 57 60 62 67 68 69 72 73 77 79 
active=34: 1 3 12 13 15 17 19 20 21 22 24 25 28 29 30 32 38 40 43 44 46 48 52 54 55 57 60 62 67 68 69 73 77 79 
active=33: 1 3 12 15 17 19 20 21 22 24 25 28 29 30 32 38 40 43 44 46 48 52 54 55 57 60 62 67 68 69 73 77 79 
active=32: 1 3 12 15 17 19 20 21 22 24 25 28 29 30 32 38 40 43 44 46 48 52 55 57 60 62 67 68 69 73 77 79 
active=31: 1 3 12 15 17 19 21 22 24 25 28 29 30 32 38 40 43 44 46 48 52 55 57 60 62 67 68 69 73 77 79 
active=30: 1 3 12 15 17 19 21 22 24 25 28 29 30 32 38 40 43 44 46 48 52 55 60 62 67 68 69 73 77 79 
active=29: 1 3 12 15 17 19 21 22 24 25 28 29 30 32 40 43 44 46 48 52 55 60 62 67 68 69 73 77 79 
active=28: 1 3 12 15 17 19 21 22 24 25 28 29 30 32 40 43 44 46 48 52 55 60 62 67 68 69 77 79 
active=27: 1 3 12 15 17 19 21 22 24 25 28 29 30 32 40 43 44 46 48 52 55 60 62 67 68 77 79 
active=26: 1 3 12 15 17 19 21 22 24 25 28 29 30 32 40 43 44 46 48 52 55 60 62 67 68 79 
active=25: 1 3 12 15 17 19 21 22 24 25 29 30 32 40 43 44 46 48 52 55 60 62 67 68 79 
active=24: 1 3 12 15 17 19 21 24 25 29 30 32 40 43 44 46 48 52 55 60 62 67 68 79 
active=23: 1 3 12 15 17 19 21 24 25 29 30 32 40 43 44 46 48 52 55 60 62 67 68 
active=22: 1 3 12 15 17 19 21 24 25 29 30 32 40 43 44 46 48 52 55 62 67 68 
active=21: 1 3 12 15 17 19 21 24 25 29 30 32 40 43 44 48 52 55 62 67 68 
active=20: 1 3 12 15 17 19 21 24 29 30 32 40 43 44 48 52 55 62 67 68 
active=19: 1 3 12 15 17 19 21 24 29 30 32 40 43 44 48 52 55 62 67 
active=18: 1 3 12 15 17 19 21 24 29 32 40 43 44 48 52 55 62 67 
active=17: 1 3 12 15 19 21 24 29 32 40 43 44 48 52 55 62 67 
active=16: 1 3 12 15 19 21 29 32 40 43 44 48 52 55 62 67 
active=15: 1 3 12 15 19 21 29 32 40 43 48 52 55 62 67 
active=14: 1 3 12 15 19 21 29 32 40 43 52 55 62 67 
active=13: 1 3 12 15 19 21 29 32 40 43 52 62 67 
active=12: 1 3 12 15 19 21 29 32 40 52 62 67 
active=11: 1 3 12 15 19 21 32 40 52 62 67 
active=10: 1 3 12 15 19 21 32 40 52 62 
active=9: 1 3 12 15 19 21 32 52 62 
active=8: 1 3 15 19 21 32 52 62 
active=7: 1 3 15 19 21 32 62 
active=6: 1 15 19 21 32 62 
active=5: 1 15 19 21 62 
active=4: 1 15 21 62 
active=3: 1 21 62 
active=2: 1 62 
active=1: 1 
