0.000000 0.500000
1.000000 0.547400
2.000000 0.605300
3.000000 0.648200
4.000000 0.646400
5.000000 0.661800
6.000000 0.677100
7.000000 0.688500
8.000000 0.699000
9.000000 0.707400
10.000000 0.734300
11.000000 0.737600
12.000000 0.753900
13.000000 0.764700
14.000000 0.754900
15.000000 0.770400
16.000000 0.772000
17.000000 0.779200
18.000000 0.795300
19.000000 0.798100
20.000000 0.801600
21.000000 0.800800
22.000000 0.806000
23.000000 0.812100
24.000000 0.810900
25.000000 0.818300
26.000000 0.823100
27.000000 0.834500
28.000000 0.835600
29.000000 0.840000
30.000000 0.851700
31.000000 0.843300
32.000000 0.851200
33.000000 0.862500
34.000000 0.856300
35.000000 0.861800
36.000000 0.865000
37.000000 0.870100
38.000000 0.876600
39.000000 0.876200
40.000000 0.879600
41.000000 0.888100
42.000000 0.887500
43.000000 0.890600
44.000000 0.894000
45.000000 0.899200
46.000000 0.897800
47.000000 0.901500
48.000000 0.903500
49.000000 0.904100
50.000000 0.914100
51.000000 0.914400
52.000000 0.917200
53.000000 0.918300
54.000000 0.920400
55.000000 0.924100
56.000000 0.925900
57.000000 0.928300
58.000000 0.929200
59.000000 0.930400
60.000000 0.926400
61.000000 0.934000
62.000000 0.935000
63.000000 0.936300
64.000000 0.939900
65.000000 0.941200
66.000000 0.941300
67.000000 0.943800
68.000000 0.944700
69.000000 0.947600
70.000000 0.948200
71.000000 0.948900
72.000000 0.951700
73.000000 0.952400
74.000000 0.953100
75.000000 0.955200
76.000000 0.955800
77.000000 0.954200
78.000000 0.956400
79.000000 0.955100
80.000000 0.958000
