0.000000 0.333333
1.000000 0.760000
2.000000 0.681667
3.000000 0.755000
4.000000 0.788333
5.000000 0.731667
6.000000 0.756667
7.000000 0.746667
8.000000 0.725000
9.000000 0.775000
10.000000 0.705000
11.000000 0.808333
12.000000 0.736667
13.000000 0.770000
14.000000 0.706667
15.000000 0.663333
16.000000 0.670000
17.000000 0.586667
18.000000 0.561667
19.000000 0.640000
20.000000 0.658333
21.000000 0.590000
22.000000 0.540000
23.000000 0.483333
24.000000 0.485000
25.000000 0.473333
26.000000 0.491667
27.000000 0.476667
28.000000 0.501667
29.000000 0.435000
30.000000 0.443333
31.000000 0.430000
32.000000 0.423333
33.000000 0.403333
34.000000 0.353333
35.000000 0.395000
36.000000 0.373333
37.000000 0.361667
38.000000 0.313333
39.000000 0.330000
40.000000 0.296667
