active=30: 1 2 3 4 5 6 7 8 9 10 11 12 13 14 15 16 17 18 19 20 21 22 23 24 25 26 27 28 29 30 
active=29: 1 2 3 4 5 6 7 8 9 10 11 12 13 14 15 16 17 18 19 20 21 22 23 24 25 27 28 29 30 
active=28: 1 2 3 4 5 6 7 8 9 10 11 12 13 15 16 17 18 19 20 21 22 23 24 25 27 28 29 30 
active=27: 1 2 3 4 5 6 7 8 9 10 12 13 15 16 17 18 19 20 21 22 23 24 25 27 28 29 30 
active=26: 1 2 3 4 5 6 7 8 9 10 12 13 15 16 17 18 19 20 21 22 23 24 25 27 28 30 
active=25: 1 2 3 4 5 6 7 8 9 10 12 13 15 16 17 19 20 21 22 23 24 25 27 28 30 
active=24: 1 2 3 4 5 6 7 8 9 10 12 13 15 17 19 20 21 22 23 24 25 27 28 30 
active=23: 1 2 3 4 5 6 7 8 9 10 12 13 15 17 19 20 21 22 23 24 27 28 30 
active=22: 1 2 3 4 5 6 7 8 9 10 12 13 15 17 19 20 21 22 23 24 27 30 
active=21: 1 2 3 4 5 6 7 8 9 10 12 13 15 17 19 20 21 22 23 27 30 
active=20: 1 2 3 4 5 6 7 8 9 10 12 13 15 17 20 21 22 23 27 30 
active=19: 1 2 3 4 5 6 7 8 9 10 12 13 15 17 20 21 22 27 30 
active=18: 1 2 3 4 5 6 7 8 9 10 12 13 15 17 20 21 22 30 
active=17: 1 2 3 4 5 6 7 8 9 10 12 13 15 17 20 21 22 
active=16: 1 2 3 4 5 6 7 8 9 10 12 13 15 17 21 22 
active=15: 1 2 3 4 5 6 7 8 9 10 12 13 15 17 22 
active=14: 1 2 3 4 5 6 7 8 9 10 12 15 17 22 
active=13: 1 2 3 4 5 6 7 8 9 10 12 17 22 
active=12: 1 2 3 4 5 6 7 8 9 10 17 22 
active=11: 1 2 3 4 5 6 7 8 9 10 22 
active=10: 1 2 3 4 5 6 7 8 9 10 
active=9: 1 2 3 4 5 6 8 9 10 
active=8: 1 2 4 5 6 8 9 10 
active=7: 1 2 4 5 6 9 10 
active=6: 1 2 4 5 9 10 
active=5: 1 2 4 5 10 
active=4: 1 4 5 10 
active=3: 1 4 10 
active=2: 1 4 
active=1: 4 
