0.000000 0.494737
1.000000 0.595263
2.000000 0.624947
3.000000 0.701737
4.000000 0.726526
5.000000 0.748211
6.000000 0.741316
7.000000 0.746737
8.000000 0.772684
9.000000 0.800579
10.000000 0.825789
11.000000 0.812579
12.000000 0.813211
13.000000 0.818684
14.000000 0.818895
15.000000 0.809632
16.000000 0.807316
17.000000 0.802632
18.000000 0.796895
19.000000 0.797684
20.000000 0.793474
21.000000 0.795158
22.000000 0.789000
23.000000 0.790579
24.000000 0.787000
25.000000 0.790211
26.000000 0.778263
27.000000 0.782421
28.000000 0.781316
29.000000 0.775842
30.000000 0.771526
