active=40: 1 2 3 4 5 6 7 8 9 10 11 12 13 14 15 16 17 18 19 20 21 22 23 24 25 26 27 28 29 30 31 32 33 34 35 36 37 38 39 40 
active=39: 1 2 3 4 5 6 7 8 9 10 11 12 13 14 15 16 17 18 20 21 22 23 24 25 26 27 28 29 30 31 32 33 34 35 36 37 38 39 40 
active=38: 1 2 3 4 5 6 7 8 9 10 11 12 13 14 15 16 17 18 20 21 22 23 24 25 26 27 29 30 31 32 33 34 35 36 37 38 39 40 
active=37: 1 2 3 4 5 6 7 8 9 10 11 12 13 14 15 16 17 18 20 21 22 23 24 25 26 27 29 30 31 32 33 34 35 36 37 38 39 
active=36: 1 2 3 4 5 6 7 8 9 10 11 12 13 14 15 16 17 18 20 21 22 23 24 25 26 27 29 30 31 32 33 35 36 37 38 39 
active=35: 1 2 3 4 5 6 7 8 9 10 12 13 14 15 16 17 18 20 21 22 23 24 25 26 27 29 30 31 32 33 35 36 37 38 39 
active=34: 1 2 3 4 5 6 7 8 9 10 12 13 14 15 16 17 18 20 21 22 23 24 25 26 27 29 30 31 32 35 36 37 38 39 
active=33: 1 2 3 4 5 6 7 8 9 10 12 13 14 15 16 17 20 21 22 23 24 25 26 27 29 30 31 32 35 36 37 38 39 
active=32: 1 2 3 4 5 6 7 8 9 10 12 13 14 15 16 17 20 21 22 23 24 25 27 29 30 31 32 35 36 37 38 39 
active=31: 1 2 3 4 5 6 7 8 9 10 12 13 14 15 16 17 20 21 22 23 24 25 27 29 30 32 35 36 37 38 39 
active=30: 1 2 3 4 5 6 7 8 9 10 12 13 14 15 16 17 20 21 22 23 24 25 27 30 32 35 36 37 38 39 
active=29: 1 2 3 4 5 6 7 8 9 10 12 13 14 15 16 17 20 21 22 23 24 25 27 30 32 36 37 38 39 
active=28: 1 2 3 4 5 6 7 8 9 10 12 13 14 15 16 17 20 21 22 23 24 25 27 30 32 36 37 38 
active=27: 1 2 3 4 5 6 7 8 9 10 12 13 14 15 16 17 20 21 22 23 24 25 30 32 36 37 38 
active=26: 1 2 3 4 5 6 7 8 9 10 12 13 14 15 16 17 21 22 23 24 25 30 32 36 37 38 
active=25: 1 2 3 4 5 6 7 8 9 10 12 13 14 15 16 21 22 23 24 25 30 32 36 37 38 
active=24: 1 3 4 5 6 7 8 9 10 12 13 14 15 16 21 22 23 24 25 30 32 36 37 38 
active=23: 1 3 4 5 6 7 8 9 10 12 13 14 15 16 21 22 24 25 30 32 36 37 38 
active=22: 1 3 4 5 6 7 8 9 10 12 13 14 15 16 21 22 24 25 32 36 37 38 
active=21: 1 3 4 5 6 7 8 9 10 12 13 14 16 21 22 24 25 32 36 37 38 
active=20: 1 3 4 5 6 7 8 9 10 12 13 14 16 21 22 24 25 32 36 37 
active=19: 1 3 4 5 6 7 8 9 10 12 13 14 16 21 22 24 32 36 37 
active=18: 1 3 4 5 6 7 8 9 10 12 13 16 21 22 24 32 36 37 
active=17: 1 3 4 5 6 7 8 9 10 12 13 16 22 24 32 36 37 
active=16: 1 3 4 5 6 7 8 9 10 12 13 16 24 32 36 37 
active=15: 1 3 4 5 6 7 8 9 10 13 16 24 32 36 37 
active=14: 1 3 4 5 6 7 8 9 10 13 16 24 32 36 
active=13: 1 3 5 6 7 8 9 10 13 16 24 32 36 
active=12: 1 3 5 6 7 8 10 13 16 24 32 36 
active=11: 1 3 5 6 7 8 10 13 16 24 36 
active=10: 1 3 5 6 7 8 10 13 16 24 
active=9: 1 3 5 6 7 8 13 16 24 
active=8: 1 3 5 6 7 8 13 16 
active=7: 1 3 5 6 7 8 16 
active=6: 1 3 5 7 8 16 
active=5: 1 5 7 8 16 
active=4: 1 7 8 16 
active=3: 1 7 16 
active=2: 1 7 
active=1: 7 
