0.000000 0.520000
1.000000 0.664400
2.000000 0.648600
3.000000 0.695000
4.000000 0.770800
5.000000 0.812400
6.000000 0.839800
7.000000 0.802400
8.000000 0.829000
9.000000 0.818000
10.000000 0.843800
11.000000 0.822000
12.000000 0.867000
13.000000 0.875800
14.000000 0.872200
15.000000 0.884600
16.000000 0.894600
17.000000 0.893000
18.000000 0.896600
19.000000 0.902800
20.000000 0.918600
21.000000 0.915400
22.000000 0.929400
23.000000 0.927400
24.000000 0.931000
25.000000 0.938200
26.000000 0.937200
27.000000 0.939200
28.000000 0.941200
29.000000 0.943800
30.000000 0.951200
31.000000 0.953600
32.000000 0.955200
33.000000 0.959800
34.000000 0.962800
35.000000 0.961000
36.000000 0.964600
37.000000 0.960200
38.000000 0.969000
39.000000 0.970000
40.000000 0.970800
