1 0.079193370000 1.034777305840
2 0.267021570000 1.028695756671
3 0.017494180000 0.873200006033
4 -0.018489660000 0.922699592889
5 0.049871990000 0.987179616113
6 0.017174480000 1.042453816878
7 0.038987510000 1.084895055623
8 -0.063871910000 0.942815961385
9 -0.029613220000 0.920481108933
10 0.097577020000 1.050172188280
11 -0.089690050000 1.078563236089
12 -0.087145440000 1.083284897089
13 0.044915760000 1.000378474382
14 -0.081556000000 1.087663495802
15 -0.017487660000 0.933064793407
16 -0.169102950000 1.095274068293
17 -0.310246420000 1.087089930989
18 -0.100348330000 1.031296042230
19 -0.153460670000 1.134266932766
20 0.041503230000 1.094754761583
