active=100: 1 2 3 4 5 6 7 8 9 10 11 12 13 14 15 16 17 18 19 20 21 22 23 24 25 26 27 28 29 30 31 32 33 34 35 36 37 38 39 40 41 42 43 44 45 46 47 48 49 50 51 52 53 54 55 56 57 58 59 60 61 62 63 64 65 66 67 68 69 70 71 72 73 74 75 76 77 78 79 80 81 82 83 84 85 86 87 88 89 90 91 92 93 94 95 96 97 98 99 100 
active=99: 1 2 3 4 5 6 7 8 9 10 11 12 13 14 15 16 17 18 19 20 21 22 23 24 25 26 27 28 29 30 31 32 33 34 35 36 37 38 39 40 41 42 43 44 45 46 47 48 49 50 51 52 53 54 55 56 57 58 59 60 61 62 63 64 65 66 67 68 69 70 71 72 73 74 75 76 77 78 79 80 81 82 83 85 86 87 88 89 90 91 92 93 94 95 96 97 98 99 100 
active=98: 1 2 3 4 5 6 7 8 9 10 11 12 13 14 15 16 17 18 19 20 21 22 23 24 25 26 27 28 29 30 31 32 33 34 35 36 37 38 39 40 41 42 43 44 45 46 47 48 49 50 51 52 53 54 55 56 57 58 59 60 61 62 63 64 65 66 67 68 69 70 71 72 73 74 75 76 77 78 79 80 81 82 83 85 86 87 88 90 91 92 93 94 95 96 97 98 99 100 
active=97: 1 2 3 4 5 6 7 8 9 10 11 12 13 14 15 16 17 18 19 20 21 22 23 24 25 26 27 28 29 30 31 32 33 34 35 36 37 38 39 41 42 43 44 45 46 47 48 49 50 51 52 53 54 55 56 57 58 59 60 61 62 63 64 65 66 67 68 69 70 71 72 73 74 75 76 77 78 79 80 81 82 83 85 86 87 88 90 91 92 93 94 95 96 97 98 99 100 
active=96: 1 2 3 4 5 6 7 8 9 10 11 12 13 14 15 16 17 18 19 20 21 22 23 24 25 26 27 28 29 30 31 32 33 35 36 37 38 39 41 42 43 44 45 46 47 48 49 50 51 52 53 54 55 56 57 58 59 60 61 62 63 64 65 66 67 68 69 70 71 72 73 74 75 76 77 78 79 80 81 82 83 85 86 87 88 90 91 92 93 94 95 96 97 98 99 100 
active=95: 1 2 3 4 5 6 7 8 9 10 11 12 13 14 15 16 17 18 19 20 21 22 23 24 25 26 27 28 29 30 31 32 35 36 37 38 39 41 42 43 44 45 46 47 48 49 50 51 52 53 54 55 56 57 58 59 60 61 62 63 64 65 66 67 68 69 70 71 72 73 74 75 76 77 78 79 80 81 82 83 85 86 87 88 90 91 92 93 94 95 96 97 98 99 100 
active=94: 1 2 3 4 5 6 7 8 9 10 11 12 13 14 15 16 17 18 19 20 21 22 23 24 25 26 27 28 29 30 31 32 35 36 38 39 41 42 43 44 45 46 47 48 49 50 51 52 53 54 55 56 57 58 59 60 61 62 63 64 65 66 67 68 69 70 71 72 73 74 75 76 77 78 79 80 81 82 83 85 86 87 88 90 91 92 93 94 95 96 97 98 99 100 
active=93: 1 2 3 4 5 6 7 8 9 10 11 12 13 14 15 16 17 18 19 20 21 23 24 25 26 27 28 29 30 31 32 35 36 38 39 41 42 43 44 45 46 47 48 49 50 51 52 53 54 55 56 57 58 59 60 61 62 63 64 65 66 67 68 69 70 71 72 73 74 75 76 77 78 79 80 81 82 83 85 86 87 88 90 91 92 93 94 95 96 97 98 99 100 
active=92: 1 2 3 4 5 6 7 8 9 10 11 12 13 14 15 16 17 18 19 20 21 23 24 25 26 27 28 29 30 31 32 35 36 38 39 41 42 43 44 45 46 47 48 49 50 51 52 53 54 55 56 57 58 59 60 61 62 63 64 65 66 67 68 69 70 71 72 73 74 75 76 77 78 79 80 82 83 85 86 87 88 90 91 92 93 94 95 96 97 98 99 100 
active=91: 1 2 3 4 5 6 7 8 9 10 11 12 13 14 15 16 17 18 19 20 21 23 24 25 26 27 28 29 30 31 32 35 36 38 39 41 42 43 44 45 46 47 48 49 50 51 52 53 54 55 56 57 58 59 60 61 62 63 64 65 66 67 68 69 70 71 72 73 74 75 76 78 79 80 82 83 85 86 87 88 90 91 92 93 94 95 96 97 98 99 100 
active=90: 1 2 3 4 5 6 7 9 10 11 12 13 14 15 16 17 18 19 20 21 23 24 25 26 27 28 29 30 31 32 35 36 38 39 41 42 43 44 45 46 47 48 49 50 51 52 53 54 55 56 57 58 59 60 61 62 63 64 65 66 67 68 69 70 71 72 73 74 75 76 78 79 80 82 83 85 86 87 88 90 91 92 93 94 95 96 97 98 99 100 
active=89: 1 2 3 4 5 6 7 9 10 11 12 13 14 15 16 17 18 19 20 21 23 24 25 26 27 28 29 30 31 32 35 36 38 39 41 42 43 44 45 46 47 48 49 50 51 52 53 54 55 56 57 58 59 61 62 63 64 65 66 67 68 69 70 71 72 73 74 75 76 78 79 80 82 83 85 86 87 88 90 91 92 93 94 95 96 97 98 99 100 
active=88: 2 3 4 5 6 7 9 10 11 12 13 14 15 16 17 18 19 20 21 23 24 25 26 27 28 29 30 31 32 35 36 38 39 41 42 43 44 45 46 47 48 49 50 51 52 53 54 55 56 57 58 59 61 62 63 64 65 66 67 68 69 70 71 72 73 74 75 76 78 79 80 82 83 85 86 87 88 90 91 92 93 94 95 96 97 98 99 100 
active=87: 2 3 4 5 6 7 9 10 11 12 13 14 15 16 17 18 19 20 21 23 24 25 26 27 28 29 30 31 32 35 36 38 41 42 43 44 45 46 47 48 49 50 51 52 53 54 55 56 57 58 59 61 62 63 64 65 66 67 68 69 70 71 72 73 74 75 76 78 79 80 82 83 85 86 87 88 90 91 92 93 94 95 96 97 98 99 100 
active=86: 2 3 4 5 6 7 9 10 11 12 13 14 15 16 17 18 19 20 21 23 24 25 26 27 28 29 30 31 32 35 36 38 41 42 43 44 45 46 47 48 49 50 51 52 53 54 55 56 57 58 59 61 62 63 64 65 66 67 68 69 70 71 72 73 74 75 76 78 79 80 82 83 85 86 87 88 90 91 92 93 94 95 97 98 99 100 
active=85: 2 3 4 5 6 7 9 10 12 13 14 15 16 17 18 19 20 21 23 24 25 26 27 28 29 30 31 32 35 36 38 41 42 43 44 45 46 47 48 49 50 51 52 53 54 55 56 57 58 59 61 62 63 64 65 66 67 68 69 70 71 72 73 74 75 76 78 79 80 82 83 85 86 87 88 90 91 92 93 94 95 97 98 99 100 
active=84: 2 3 4 5 6 7 9 10 12 13 14 15 16 17 18 19 20 21 23 24 25 26 27 28 29 30 31 32 35 36 38 41 42 43 44 45 46 47 48 49 50 52 53 54 55 56 57 58 59 61 62 63 64 65 66 67 68 69 70 71 72 73 74 75 76 78 79 80 82 83 85 86 87 88 90 91 92 93 94 95 97 98 99 100 
active=83: 2 3 4 5 6 7 9 10 12 13 14 15 16 17 18 19 20 21 23 24 25 26 27 28 29 30 31 32 35 36 38 41 42 43 44 45 46 47 48 49 50 52 53 55 56 57 58 59 61 62 63 64 65 66 67 68 69 70 71 72 73 74 75 76 78 79 80 82 83 85 86 87 88 90 91 92 93 94 95 97 98 99 100 
active=82: 2 3 4 5 6 7 9 10 12 13 14 15 16 17 18 19 20 21 23 24 25 26 27 28 29 30 31 32 35 38 41 42 43 44 45 46 47 48 49 50 52 53 55 56 57 58 59 61 62 63 64 65 66 67 68 69 70 71 72 73 74 75 76 78 79 80 82 83 85 86 87 88 90 91 92 93 94 95 97 98 99 100 
active=81: 2 3 4 5 6 7 9 10 12 13 14 15 16 17 18 19 20 21 23 24 25 26 27 28 29 30 31 32 35 38 41 42 43 44 45 46 47 48 49 50 52 53 55 56 57 58 59 61 62 64 65 66 67 68 69 70 71 72 73 74 75 76 78 79 80 82 83 85 86 87 88 90 91 92 93 94 95 97 98 99 100 
active=80: 2 3 4 5 6 7 9 10 12 13 14 15 16 17 18 19 20 23 24 25 26 27 28 29 30 31 32 35 38 41 42 43 44 45 46 47 48 49 50 52 53 55 56 57 58 59 61 62 64 65 66 67 68 69 70 71 72 73 74 75 76 78 79 80 82 83 85 86 87 88 90 91 92 93 94 95 97 98 99 100 
active=79: 2 3 4 5 6 7 9 10 12 13 14 15 16 17 18 19 20 23 24 25 26 27 28 30 31 32 35 38 41 42 43 44 45 46 47 48 49 50 52 53 55 56 57 58 59 61 62 64 65 66 67 68 69 70 71 72 73 74 75 76 78 79 80 82 83 85 86 87 88 90 91 92 93 94 95 97 98 99 100 
active=78: 2 3 4 5 6 7 9 10 12 13 14 15 16 17 18 19 20 23 24 25 26 27 28 30 31 32 35 38 41 42 43 44 45 46 47 48 49 50 52 53 55 56 57 58 59 61 62 64 65 66 67 68 69 70 71 72 73 74 75 76 78 79 80 82 83 85 86 87 88 90 91 92 93 94 95 97 99 100 
active=77: 2 3 4 5 6 7 9 10 12 13 14 15 16 17 18 19 20 23 24 25 26 27 28 30 31 32 35 38 41 42 43 44 45 46 47 48 49 50 52 53 55 56 58 59 61 62 64 65 66 67 68 69 70 71 72 73 74 75 76 78 79 80 82 83 85 86 87 88 90 91 92 93 94 95 97 99 100 
active=76: 2 3 4 5 6 7 9 10 12 13 14 15 16 17 18 19 20 23 24 25 26 28 30 31 32 35 38 41 42 43 44 45 46 47 48 49 50 52 53 55 56 58 59 61 62 64 65 66 67 68 69 70 71 72 73 74 75 76 78 79 80 82 83 85 86 87 88 90 91 92 93 94 95 97 99 100 
active=75: 2 3 4 5 6 7 9 10 12 13 14 15 16 17 18 19 20 23 24 25 26 28 30 31 32 35 38 41 42 43 44 45 46 47 48 49 50 52 53 55 56 58 59 61 62 64 65 66 67 68 69 70 71 73 74 75 76 78 79 80 82 83 85 86 87 88 90 91 92 93 94 95 97 99 100 
active=74: 2 3 4 5 6 7 9 10 12 13 14 15 16 17 18 19 20 23 24 25 26 28 30 31 32 35 38 41 42 43 44 45 46 47 48 49 50 52 53 55 56 58 59 61 62 64 65 67 68 69 70 71 73 74 75 76 78 79 80 82 83 85 86 87 88 90 91 92 93 94 95 97 99 100 
active=73: 2 3 4 5 6 7 9 10 12 13 14 15 16 17 18 19 20 23 24 25 26 28 30 31 32 35 38 41 42 44 45 46 47 48 49 50 52 53 55 56 58 59 61 62 64 65 67 68 69 70 71 73 74 75 76 78 79 80 82 83 85 86 87 88 90 91 92 93 94 95 97 99 100 
active=72: 2 3 4 5 6 7 9 10 12 13 14 15 16 17 18 19 20 23 24 25 26 28 30 31 32 35 38 41 42 44 45 46 47 48 49 50 52 53 55 56 58 59 61 62 65 67 68 69 70 71 73 74 75 76 78 79 80 82 83 85 86 87 88 90 91 92 93 94 95 97 99 100 
active=71: 2 3 4 5 6 7 9 10 12 13 14 15 16 17 18 19 20 23 24 25 26 28 30 31 32 35 38 41 42 44 45 46 47 48 49 50 52 53 55 56 58 59 61 62 65 67 68 69 70 71 73 74 75 76 78 79 80 82 83 85 87 88 90 91 92 93 94 95 97 99 100 
active=70: 2 3 4 5 6 7 9 10 12 13 14 15 16 17 18 19 20 23 25 26 28 30 31 32 35 38 41 42 44 45 46 47 48 49 50 52 53 55 56 58 59 61 62 65 67 68 69 70 71 73 74 75 76 78 79 80 82 83 85 87 88 90 91 92 93 94 95 97 99 100 
active=69: 2 3 4 5 6 7 9 10 12 13 14 15 16 17 18 19 20 23 25 26 28 30 31 32 35 38 41 42 44 45 46 47 48 49 50 52 53 55 56 58 59 61 62 65 67 68 69 70 73 74 75 76 78 79 80 82 83 85 87 88 90 91 92 93 94 95 97 99 100 
active=68: 2 3 4 5 6 7 9 10 12 13 15 16 17 18 19 20 23 25 26 28 30 31 32 35 38 41 42 44 45 46 47 48 49 50 52 53 55 56 58 59 61 62 65 67 68 69 70 73 74 75 76 78 79 80 82 83 85 87 88 90 91 92 93 94 95 97 99 100 
active=67: 2 3 4 5 6 7 9 10 12 13 15 16 17 18 20 23 25 26 28 30 31 32 35 38 41 42 44 45 46 47 48 49 50 52 53 55 56 58 59 61 62 65 67 68 69 70 73 74 75 76 78 79 80 82 83 85 87 88 90 91 92 93 94 95 97 99 100 
active=66: 2 3 4 6 7 9 10 12 13 15 16 17 18 20 23 25 26 28 30 31 32 35 38 41 42 44 45 46 47 48 49 50 52 53 55 56 58 59 61 62 65 67 68 69 70 73 74 75 76 78 79 80 82 83 85 87 88 90 91 92 93 94 95 97 99 100 
active=65: 2 3 4 6 7 9 10 12 13 15 16 17 18 20 23 25 26 28 30 31 32 35 38 41 42 44 45 46 47 48 49 50 52 53 55 56 58 59 61 62 65 67 68 69 70 73 74 75 76 78 79 80 82 83 87 88 90 91 92 93 94 95 97 99 100 
active=64: 2 3 4 6 7 9 10 12 13 15 16 17 18 20 23 25 26 28 30 31 32 35 38 41 42 44 45 46 47 48 49 50 52 53 55 56 58 59 61 62 65 67 68 69 70 73 74 76 78 79 80 82 83 87 88 90 91 92 93 94 95 97 99 100 
active=63: 2 3 4 6 7 9 10 12 13 15 16 17 18 20 23 25 26 28 31 32 35 38 41 42 44 45 46 47 48 49 50 52 53 55 56 58 59 61 62 65 67 68 69 70 73 74 76 78 79 80 82 83 87 88 90 91 92 93 94 95 97 99 100 
active=62: 2 3 4 6 7 9 10 12 13 15 16 17 18 20 23 25 26 28 31 32 35 38 41 42 44 45 46 47 48 49 50 52 53 55 58 59 61 62 65 67 68 69 70 73 74 76 78 79 80 82 83 87 88 90 91 92 93 94 95 97 99 100 
active=61: 2 3 4 6 7 9 10 12 13 15 16 17 18 20 23 25 26 28 31 32 35 38 41 42 44 45 46 47 48 49 50 52 53 55 58 59 61 62 65 67 68 69 70 73 74 76 78 79 80 82 87 88 90 91 92 93 94 95 97 99 100 
active=60: 2 3 4 6 7 9 10 12 13 15 16 17 18 20 23 26 28 31 32 35 38 41 42 44 45 46 47 48 49 50 52 53 55 58 59 61 62 65 67 68 69 70 73 74 76 78 79 80 82 87 88 90 91 92 93 94 95 97 99 100 
active=59: 2 3 4 6 7 9 10 12 13 15 16 17 18 20 23 26 28 31 32 35 38 41 42 44 45 46 47 48 49 50 52 53 55 58 59 61 62 65 67 68 69 70 73 74 76 78 79 82 87 88 90 91 92 93 94 95 97 99 100 
active=58: 2 3 4 6 7 9 10 12 13 15 16 17 18 20 23 26 28 31 32 35 38 41 42 44 45 46 47 48 49 50 52 53 55 59 61 62 65 67 68 69 70 73 74 76 78 79 82 87 88 90 91 92 93 94 95 97 99 100 
active=57: 2 3 4 6 7 9 10 12 13 15 16 17 18 20 23 26 28 31 32 35 38 41 42 44 45 46 47 48 49 50 52 53 55 59 61 62 65 67 68 69 70 73 74 76 78 79 82 88 90 91 92 93 94 95 97 99 100 
active=56: 2 3 4 6 7 9 10 12 13 15 16 17 18 20 23 26 28 31 32 35 38 41 42 44 45 46 47 48 49 50 52 53 55 59 61 62 65 67 68 69 70 74 76 78 79 82 88 90 91 92 93 94 95 97 99 100 
active=55: 2 3 4 6 7 9 10 12 13 15 16 17 18 20 23 26 28 31 32 35 38 41 42 44 45 46 47 48 49 50 52 53 55 59 61 62 65 67 68 69 70 74 76 78 79 82 88 90 91 92 93 94 95 97 100 
active=54: 2 3 4 6 7 9 10 12 13 15 16 17 18 20 23 26 28 31 32 35 38 41 42 44 45 46 47 48 49 50 52 53 55 59 61 62 65 67 68 69 70 74 76 78 79 88 90 91 92 93 94 95 97 100 
active=53: 2 3 4 6 7 9 10 12 13 15 17 18 20 23 26 28 31 32 35 38 41 42 44 45 46 47 48 49 50 52 53 55 59 61 62 65 67 68 69 70 74 76 78 79 88 90 91 92 93 94 95 97 100 
active=52: 2 3 4 6 7 9 10 12 13 15 17 18 20 23 26 31 32 35 38 41 42 44 45 46 47 48 49 50 52 53 55 59 61 62 65 67 68 69 70 74 76 78 79 88 90 91 92 93 94 95 97 100 
active=51: 2 3 4 6 7 9 10 12 13 15 18 20 23 26 31 32 35 38 41 42 44 45 46 47 48 49 50 52 53 55 59 61 62 65 67 68 69 70 74 76 78 79 88 90 91 92 93 94 95 97 100 
active=50: 2 3 4 6 7 9 10 12 13 15 18 20 23 26 31 32 35 38 41 42 44 45 47 48 49 50 52 53 55 59 61 62 65 67 68 69 70 74 76 78 79 88 90 91 92 93 94 95 97 100 
active=49: 2 3 4 6 7 9 10 12 13 15 18 20 23 31 32 35 38 41 42 44 45 47 48 49 50 52 53 55 59 61 62 65 67 68 69 70 74 76 78 79 88 90 91 92 93 94 95 97 100 
active=48: 2 3 4 6 7 9 10 12 13 15 18 20 23 31 32 35 38 41 42 44 45 47 48 49 50 52 53 55 59 61 62 65 67 68 69 70 74 76 78 79 88 90 92 93 94 95 97 100 
active=47: 2 3 4 6 7 9 10 12 13 15 18 20 23 31 32 35 38 41 42 44 45 47 48 49 50 52 53 55 59 61 62 65 67 68 69 70 74 76 78 79 88 90 92 94 95 97 100 
active=46: 2 3 4 6 7 9 10 12 13 15 18 20 23 31 32 35 38 41 42 44 45 47 48 49 50 52 53 55 59 61 62 65 67 68 69 70 76 78 79 88 90 92 94 95 97 100 
active=45: 2 3 6 7 9 10 12 13 15 18 20 23 31 32 35 38 41 42 44 45 47 48 49 50 52 53 55 59 61 62 65 67 68 69 70 76 78 79 88 90 92 94 95 97 100 
active=44: 2 6 7 9 10 12 13 15 18 20 23 31 32 35 38 41 42 44 45 47 48 49 50 52 53 55 59 61 62 65 67 68 69 70 76 78 79 88 90 92 94 95 97 100 
active=43: 2 6 7 9 10 12 13 15 18 20 23 31 32 35 38 42 44 45 47 48 49 50 52 53 55 59 61 62 65 67 68 69 70 76 78 79 88 90 92 94 95 97 100 
active=42: 2 6 7 9 10 12 13 15 18 20 23 31 35 38 42 44 45 47 48 49 50 52 53 55 59 61 62 65 67 68 69 70 76 78 79 88 90 92 94 95 97 100 
active=41: 2 6 7 9 10 12 13 15 18 20 23 31 35 38 42 44 45 47 48 49 52 53 55 59 61 62 65 67 68 69 70 76 78 79 88 90 92 94 95 97 100 
active=40: 2 6 7 9 10 12 13 15 18 20 23 31 35 38 42 44 47 48 49 52 53 55 59 61 62 65 67 68 69 70 76 78 79 88 90 92 94 95 97 100 
active=39: 2 6 7 9 10 12 13 15 18 20 23 31 35 38 42 44 47 48 49 52 53 55 61 62 65 67 68 69 70 76 78 79 88 90 92 94 95 97 100 
active=38: 2 6 7 9 10 12 13 15 20 23 31 35 38 42 44 47 48 49 52 53 55 61 62 65 67 68 69 70 76 78 79 88 90 92 94 95 97 100 
active=37: 2 6 7 9 10 12 13 15 20 23 31 35 38 42 47 48 49 52 53 55 61 62 65 67 68 69 70 76 78 79 88 90 92 94 95 97 100 
active=36: 2 6 7 9 10 12 13 15 20 31 35 38 42 47 48 49 52 53 55 61 62 65 67 68 69 70 76 78 79 88 90 92 94 95 97 100 
active=35: 2 6 7 9 10 12 13 15 20 31 35 38 47 48 49 52 53 55 61 62 65 67 68 69 70 76 78 79 88 90 92 94 95 97 100 
active=34: 2 6 7 9 10 12 13 15 31 35 38 47 48 49 52 53 55 61 62 65 67 68 69 70 76 78 79 88 90 92 94 95 97 100 
active=33: 2 6 7 9 10 12 13 15 31 35 38 47 48 49 52 53 55 61 62 65 67 68 69 70 76 78 79 88 90 92 94 95 100 
active=32: 2 6 7 9 10 12 13 15 31 35 38 47 48 49 52 53 55 61 62 65 67 68 69 70 76 78 79 88 90 92 94 100 
active=31: 2 6 7 9 10 12 15 31 35 38 47 48 49 52 53 55 61 62 65 67 68 69 70 76 78 79 88 90 92 94 100 
active=30: 2 6 7 9 10 12 15 31 35 38 47 48 49 52 53 55 61 62 65 67 69 70 76 78 79 88 90 92 94 100 
active=29: 2 6 7 9 10 12 15 31 35 38 47 48 49 52 53 55 61 62 65 67 69 70 78 79 88 90 92 94 100 
active=28: 2 6 7 9 10 12 15 31 35 38 47 48 49 52 53 55 61 62 65 67 69 70 78 79 90 92 94 100 
active=27: 2 6 7 9 10 12 15 31 35 38 47 48 49 52 53 55 62 65 67 69 70 78 79 90 92 94 100 
active=26: 2 6 7 9 10 12 15 31 38 47 48 49 52 53 55 62 65 67 69 70 78 79 90 92 94 100 
active=25: 2 6 7 9 10 12 15 31 38 47 48 49 52 55 62 65 67 69 70 78 79 90 92 94 100 
active=24: 2 6 7 9 10 12 15 31 38 47 48 49 52 55 62 65 67 70 78 79 90 92 94 100 
active=23: 2 6 7 9 10 12 15 31 38 47 48 49 52 55 62 65 67 70 79 90 92 94 100 
active=22: 2 6 7 9 10 15 31 38 47 48 49 52 55 62 65 67 70 79 90 92 94 100 
active=21: 2 6 7 9 10 15 31 38 48 49 52 55 62 65 67 70 79 90 92 94 100 
active=20: 2 6 7 10 15 31 38 48 49 52 55 62 65 67 70 79 90 92 94 100 
active=19: 2 6 7 10 15 31 38 48 49 52 55 62 65 67 70 79 90 92 100 
active=18: 2 6 7 10 15 31 38 48 49 52 55 62 65 67 70 79 90 100 
active=17: 2 6 7 10 31 38 48 49 52 55 62 65 67 70 79 90 100 
active=16: 2 6 7 10 31 38 48 52 55 62 65 67 70 79 90 100 
active=15: 2 6 7 10 31 38 52 55 62 65 67 70 79 90 100 
active=14: 2 6 7 10 31 38 52 55 62 65 67 70 79 90 
active=13: 2 6 7 10 31 38 52 55 62 67 70 79 90 
active=12: 2 6 7 10 31 38 52 55 62 70 79 90 
active=11: 2 6 7 10 31 38 52 55 62 79 90 
active=10: 2 6 7 10 31 38 52 55 62 90 
active=9: 2 6 7 10 31 38 55 62 90 
active=8: 2 6 7 10 31 38 62 90 
active=7: 2 7 10 31 38 62 90 
active=6: 2 7 10 31 38 90 
active=5: 2 7 10 31 38 
active=4: 2 7 10 38 
active=3: 2 7 38 
active=2: 2 7 
active=1: 7 
