1 0.117870508463 0.815291755487
2 0.033054367758 0.880861994611
3 -0.891404923879 1.051884633828
4 -0.132035418977 0.777855474253
5 -0.829952901434 0.584935292912
6 -0.070643034404 0.789859663664
7 0.171189519526 0.788096611089
8 0.474529888491 1.002534915449
9 0.195718954534 0.447650043962
10 0.306413261987 0.966509313261
11 0.077152557106 1.094280874028
12 0.018786910959 1.033782483438
13 -0.191311717456 1.332853557857
14 -0.476846148173 1.075620260023
15 -0.144489217965 0.911577290852
16 0.416419190455 0.995562490327
17 -0.357005004090 0.828611192392
18 -0.233257933674 1.025425670204
19 -0.281812955132 0.817790534626
20 -0.608439064220 0.884697917822
21 -0.173997487264 1.087245644436
22 -0.109441629263 0.727885906668
23 -0.452280781442 0.823225355846
24 -0.144607626698 1.172106567906
25 0.210093383845 0.580314382537
26 0.156059923388 1.182538417182
27 -0.254710053069 0.693278593466
28 0.293539139340 1.064448162562
29 -0.225700850004 0.442699156833
30 -0.189306728079 1.233413223708
31 0.224580321431 0.816652116150
32 -0.239686521159 0.835601408270
33 0.097891369169 1.145989781756
34 -0.191421238362 0.986324568655
35 0.226405456160 0.910777873834
36 -0.134710740857 0.993449954054
37 1.000319507898 0.945639650518
38 -0.202204810786 0.856323017249
39 -0.905336407564 0.683538789893
40 0.206117827453 1.081951968441
