0.000000 0.480000 0.520000
1.000000 0.650600 0.656000
2.000000 0.693800 0.719400
3.000000 0.720600 0.775200
4.000000 0.739000 0.807400
5.000000 0.744800 0.814000
6.000000 0.728800 0.809200
7.000000 0.731400 0.814200
8.000000 0.748000 0.856000
9.000000 0.735000 0.843400
10.000000 0.735400 0.835000
11.000000 0.713400 0.852600
12.000000 0.710200 0.858000
13.000000 0.694200 0.856800
14.000000 0.683200 0.875800
15.000000 0.678600 0.864800
16.000000 0.666200 0.877400
17.000000 0.645800 0.883200
18.000000 0.648200 0.889200
19.000000 0.626400 0.893800
20.000000 0.636200 0.899000
