1 0.091982770000 0.981941613515
2 0.103479530000 0.903041654445
3 -0.127522720000 0.898595818961
4 -0.049026530000 1.066116036713
5 -0.074206350000 1.009243040609
6 -0.097900940000 1.050690574348
7 -0.063157850000 1.132050157798
8 -0.039357400000 0.864096911575
9 0.010647750000 0.918101348626
10 0.001975910000 0.838400127376
11 0.133466610000 1.014812843325
12 0.082869100000 1.095940591819
13 -0.049995150000 0.978158867504
14 0.124525170000 1.098998826817
15 -0.085441600000 0.995936436077
16 -0.070522460000 1.021291441883
17 0.127718480000 0.920686230109
18 -0.162243490000 0.878781257598
19 -0.084821180000 1.075343611579
20 -0.161491790000 1.060016801033
21 -0.050127250000 0.980408225980
22 -0.148237500000 1.093284988696
23 0.028028060000 1.028938506536
24 0.030432190000 0.906880954886
25 0.095560690000 1.009134609679
26 -0.032377000000 1.100520342428
27 0.128070390000 1.025286801492
28 -0.021655110000 1.020082667406
29 0.183592220000 0.932428691989
30 -0.088785480000 0.997207767645
31 -0.035174410000 0.982452529439
32 0.047457790000 0.967794578019
33 0.066417660000 0.937832578131
34 -0.203870270000 1.006127087191
35 0.021729030000 0.913171429592
36 -0.136514000000 1.015356452423
37 -0.067078270000 1.037967967967
38 -0.083906040000 0.985288444211
39 -0.143073580000 0.902217169583
40 -0.062304690000 0.858607169177
41 0.042409240000 0.965822597796
42 -0.053251860000 1.096922721110
43 -0.009452710000 1.044612126246
44 -0.057641140000 1.000140259296
45 0.219920280000 1.013715354956
46 0.231620370000 1.029800824755
47 0.056492970000 1.007714503337
48 0.054934880000 0.905502313151
49 -0.119866190000 0.943342339775
50 -0.077184670000 1.030371449438
51 0.087333550000 1.034699410847
52 -0.079769680000 0.837577141535
53 0.020731100000 1.055873563377
54 -0.075408720000 1.096701982688
55 0.011743330000 1.009682097651
56 0.034811520000 0.942604534585
57 0.129107460000 0.828089293966
58 0.024446290000 0.956643368058
59 0.040885950000 0.979443406688
60 0.042175910000 0.997733237404
61 0.044735840000 1.129055685175
62 0.115287480000 0.943503683890
63 0.048660890000 0.969529539047
64 -0.121617730000 0.850855460482
65 0.131621220000 0.874605358541
66 -0.142973010000 1.025310344272
67 0.067562220000 0.974852317058
68 -0.293796630000 1.043967881255
69 0.090089770000 0.986269413936
70 -0.198721090000 0.847231302586
71 0.065105730000 1.022210551625
72 -0.039200860000 0.979839027561
73 0.098269080000 1.015697123412
74 0.026957900000 1.034694828055
75 0.141913220000 1.040455770897
76 0.231917960000 0.966556091243
77 0.144083080000 1.144222009745
78 0.056901920000 1.000062318891
79 0.061353660000 0.933650003884
80 -0.008726260000 1.109996773154
81 0.053477990000 0.949570350606
82 0.029625070000 0.991391239396
83 0.105863620000 1.094851974567
84 0.099442670000 1.068886235384
85 -0.064605000000 0.963800834096
86 0.002664220000 0.987284066921
87 0.066806630000 0.951590167567
88 0.019184460000 1.004933473633
89 0.042209840000 0.936733302017
90 0.077533330000 1.140330285811
91 0.016038060000 0.990333220289
92 -0.030054880000 0.990863375689
93 0.168741850000 0.990543260962
94 0.083004150000 1.174100455482
95 -0.083444960000 1.012698426900
96 0.058936820000 0.987170942723
97 -0.050252030000 1.090950027876
98 0.020782570000 0.966800258209
99 0.022161410000 1.053296019720
100 -0.037304740000 0.970587941104
