active=20: 1 2 3 4 5 6 7 8 9 10 11 12 13 14 15 16 17 18 19 20 
active=19: 1 2 3 4 5 6 8 9 10 11 12 13 14 15 16 17 18 19 20 
active=18: 1 2 3 4 5 6 8 9 10 11 12 13 15 16 17 18 19 20 
active=17: 1 2 3 4 5 6 8 9 10 11 13 15 16 17 18 19 20 
active=16: 1 2 4 5 6 8 9 10 11 13 15 16 17 18 19 20 
active=15: 1 2 4 5 6 8 9 10 11 15 16 17 18 19 20 
active=14: 1 2 4 5 6 8 9 10 11 15 16 17 19 20 
active=13: 1 2 4 5 8 9 10 11 15 16 17 19 20 
active=12: 1 2 4 5 8 9 11 15 16 17 19 20 
active=11: 1 2 4 8 9 11 15 16 17 19 20 
active=10: 1 2 4 8 9 11 16 17 19 20 
active=9: 1 2 4 8 9 11 16 19 20 
active=8: 1 2 4 8 9 16 19 20 
active=7: 1 2 4 8 9 16 20 
active=6: 1 2 4 8 16 20 
active=5: 1 2 8 16 20 
active=4: 1 2 16 20 
active=3: 1 16 20 
active=2: 1 16 
active=1: 1 
