active=20: 1 2 3 4 5 6 7 8 9 10 11 12 13 14 15 16 17 18 19 20 
active=19: 1 2 3 4 6 7 8 9 10 11 12 13 14 15 16 17 18 19 20 
active=18: 1 2 3 4 6 7 8 9 10 11 12 13 15 16 17 18 19 20 
active=17: 1 2 3 4 6 7 8 9 10 11 12 13 16 17 18 19 20 
active=16: 1 3 4 6 7 8 9 10 11 12 13 16 17 18 19 20 
active=15: 1 3 4 6 7 8 9 10 11 12 13 17 18 19 20 
active=14: 1 3 4 6 7 9 10 11 12 13 17 18 19 20 
active=13: 1 3 4 6 7 9 10 11 12 17 18 19 20 
active=12: 1 3 4 6 7 9 10 11 12 17 18 20 
active=11: 3 4 6 7 9 10 11 12 17 18 20 
active=10: 3 4 7 9 10 11 12 17 18 20 
active=9: 3 4 7 9 10 11 12 18 20 
active=8: 3 4 9 10 11 12 18 20 
active=7: 3 4 9 11 12 18 20 
active=6: 4 9 11 12 18 20 
active=5: 9 11 12 18 20 
active=4: 9 12 18 20 
active=3: 9 12 20 
active=2: 9 20 
active=1: 9 
