1 0.076974919540 1.022061565119
2 -0.115984430108 0.983280561157
3 0.003203146067 1.237984470957
4 0.001663369565 1.083354102995
5 -0.059029532609 0.882034889986
6 0.079957755814 0.887813621908
7 0.115995561798 1.002133253477
8 0.025753761364 0.996508100707
9 -0.128462059524 0.736721654108
10 -0.065680034483 0.965904219722
11 -0.004802702381 1.069578146141
12 -0.027751464286 1.038009766146
13 0.028799241758 0.959351992925
14 0.192090244444 1.017999679774
15 -0.005612384615 1.025215341452
16 -0.016502820225 1.011312046853
17 0.036917065934 0.997260719579
18 0.098077829787 0.996454384524
19 0.088182219780 1.032393408843
20 -0.083475161290 0.912766065462
21 0.168549769231 0.930962520329
22 -0.140271666667 1.096798331490
23 0.034406978261 1.107339779883
24 0.012204934066 0.906738486653
25 -0.148030800000 0.969122358484
26 0.083033306818 1.023636793121
27 -0.095588808989 0.996364399443
28 0.054790418605 0.937639681883
29 0.123926211111 0.869582846620
30 0.026637488889 0.933375501874
31 0.019854550562 0.855771169756
32 0.113401744444 0.935315820632
33 -0.011767534884 1.075323497739
34 -0.131345703297 1.099060435957
35 -0.093935516484 1.174085737606
36 0.099454170455 0.861559504870
37 0.114847752688 1.085682343822
38 -0.091814057471 0.970488613969
39 0.059317820225 1.172935098031
40 -0.158412648352 1.077686440276
41 0.060585691489 0.938815070704
42 -0.114510931034 1.024811353672
43 0.048000988889 1.069124734730
44 0.010672206522 0.982788165206
45 0.151054336957 0.906740102066
46 0.153432954545 1.014904673672
47 -0.164513540230 0.987090325230
48 0.118827417582 0.955640293423
49 0.086140815217 1.038912706010
50 0.158232550562 0.955162339861
51 -0.083519597826 0.962275905179
52 -0.143640662791 1.095846645121
53 0.159669641304 1.091982041011
54 0.007290704545 0.870263913637
55 -0.192279663043 1.054428688068
56 0.018162763441 1.134248563530
57 -0.050485139785 0.834161963905
58 -0.148825322222 1.106752273985
59 0.117941764045 0.875468097679
60 -0.167964109890 1.084008650644
61 0.076852870968 0.967147970904
62 -0.087201078652 0.995525308306
63 -0.103772426966 1.109241455237
64 0.055661058140 0.893673387568
65 0.082603300000 0.934190704843
66 0.165771771739 1.124996395171
67 0.068580687500 0.962070477087
68 0.074129581395 1.037414030544
69 0.033840494382 1.026810637742
70 -0.021263629213 1.035143462094
71 -0.183507521739 1.023982521083
72 0.081969466667 0.918395649877
73 -0.011024414634 0.889956035654
74 0.035476197917 0.986204719226
75 -0.072935134831 0.994659850871
76 0.145051446809 1.094664297295
77 0.008078428571 0.952757321122
78 -0.044067425000 0.905795961847
79 0.089951460674 1.104215606122
80 0.120372043956 0.946223674054
81 -0.080835593407 0.852650817441
82 0.074676087912 0.863086649060
83 -0.036739712644 1.024012961763
84 0.121024033708 1.193342901107
85 -0.148855147727 0.981904851440
86 0.071561644444 0.961081806303
87 0.165049528090 0.989136000062
88 0.065432230769 1.109209780573
89 -0.112475494382 1.067571387402
90 0.090385644444 0.862749849543
91 0.017565054945 0.910097702018
92 -0.228825488372 0.991644719010
93 -0.098969791209 0.923954030308
94 -0.008562208791 1.078719885768
95 0.136285221053 1.067910470966
96 0.107021055556 1.049065993940
97 -0.041940593407 0.935589140216
98 0.096623931818 1.055368382797
99 0.048285074468 1.033645953761
100 0.110056829787 0.988214591395
