1 -0.005507981085 1.019345937996
2 -0.011821249080 1.073671178936
3 0.083878818346 1.116855548723
4 0.014304648545 1.082432366399
5 0.015484173317 1.093893334832
6 -0.067566396230 0.950057660699
7 0.111784129867 0.794604748500
8 -0.192652504565 1.057892178933
9 -0.108844776461 0.904930680453
10 0.046331518872 0.994504820132
11 0.005551585224 1.032277180715
12 0.105553993592 1.035710454950
13 0.187332452468 0.914178689547
14 0.000639524843 1.042162852103
15 -0.084744774053 0.922393342174
16 0.048674184029 0.913986791786
17 -0.049462593829 0.930732841944
18 -0.018591105328 0.958082868217
19 0.039514735879 0.992196030796
20 -0.194814488058 0.966029453340
21 -0.126137863878 1.078777260606
22 -0.024683255088 0.884607514604
23 0.051542211459 0.941814112463
24 0.135669024529 1.022942723789
25 0.023372217375 1.062858104613
26 0.002624799876 1.017073314211
27 0.046576855254 0.995445690709
28 -0.249749129825 1.117518590446
29 0.070503356449 1.092481832948
30 0.020311483783 0.895884633138
31 -0.032132290588 1.082174312282
32 -0.003701155850 1.005277766689
33 0.120415635713 1.082751232325
34 0.004582455196 1.100722493394
35 -0.188643207804 0.870446326967
36 0.128572216271 1.085629337998
37 -0.018655187953 1.091301562321
38 0.037345533873 0.874268755164
39 -0.136952268368 1.054359683290
40 -0.165917733040 1.097886807243
41 -0.051074357959 0.891289851097
42 -0.064291544466 1.077997568206
43 0.088833121109 1.044447073370
44 0.144352006189 1.048636204623
45 0.036742640948 0.969645776593
46 0.159453776702 0.996560643868
47 0.146251235537 1.039048333006
48 -0.062380178083 0.969763833626
49 0.092558550896 0.881792759554
50 -0.044344192280 1.066812692130
51 -0.085324327491 1.048069989021
52 0.145169772544 0.936185627783
53 0.044347222833 0.967947161924
54 0.034818742301 0.993652695728
55 -0.033715567973 0.986158164884
56 -0.271455771445 1.019859586275
57 0.022537717193 1.075380300942
58 -0.053344832381 1.189026897259
59 -0.028859256184 1.069902273464
60 0.001910956166 0.942117298998
61 -0.050365556550 0.858907591988
62 -0.046184934574 0.947756257369
63 -0.033856194143 0.966020039242
64 0.034523935446 0.986214941649
65 0.081931955123 0.948912072013
66 0.087631238160 1.117127083918
67 -0.088091645728 0.916948872411
68 -0.176408030255 1.136299897462
69 -0.003394569266 1.013679004711
70 0.065648459195 1.069798017085
71 0.017588918353 0.928955225166
72 -0.079837016891 1.107717929557
73 0.049992981100 0.971931690585
74 -0.027290095368 1.082021400438
75 0.048422062232 1.003321041272
76 0.081679572404 0.928103735206
77 0.048901285405 1.017215629121
78 -0.016285265299 1.085752398565
79 -0.119670055737 0.980901972642
80 0.110310236533 0.880275459562
