N=100
P=80
R=2
1 NA 1.090230 0.015204 0.500258 0.302753 1.608702 0.830679 -0.702732 -0.185876 -0.915018 -0.116370 NA 1.280700 -0.393124 1.005495 -0.757936 -0.295012 NA -1.470977 0.014237 0.714049 -0.737966 NA 0.014135 1.543432 -1.137289 -2.038421 -0.907273 -0.670741 1.405924 0.399546 NA -1.739060 1.451906 -1.570682 -1.456239 -0.048948 NA -0.966880 0.235831 0.415071 0.177334 0.009073 -0.020506 NA 1.119116 0.740694 -0.170975 0.970158 0.124713 0.582713 0.068981 -0.722941 -0.553318 0.693421 NA -1.518885 -0.449322 -2.416138 0.634120 -0.308282 0.115937 0.740431 -1.341913 1.318964 1.563068 -0.564130 -0.876548 2.434699 -1.237638 -0.160443 0.184506 -0.216513 -0.149152 -0.512539 1.032241 0.344291 0.829430 2.020278 0.010008 0.956203 1.000000
2 -1.047536 -0.717654 0.553600 -1.090360 0.277641 -1.247623 0.634547 0.258098 0.072748 -2.235754 -1.641788 -0.692990 -0.793934 0.525387 0.323467 -0.143674 0.496842 -0.995796 -0.033439 0.171782 0.674288 0.319221 -0.658363 0.956227 1.654618 -0.670082 -0.127563 1.314853 1.810593 0.395292 -1.174986 -0.591137 1.012663 0.758616 0.836510 1.210002 -0.090510 0.013207 2.532048 -1.073932 -0.294672 0.030965 0.114586 -0.822999 -0.762156 0.003806 -0.399863 -2.091280 -0.829295 -1.008458 -0.684654 -0.668662 1.066881 -0.166430 1.489219 1.357322 -0.480242 0.815478 0.775934 0.668340 -1.225099 0.379922 0.516790 -0.373232 NA 0.928268 -0.011471 2.777138 0.162598 -0.304122 -0.588962 0.613511 -0.162065 -0.618142 -0.826763 -1.028069 2.168922 -0.819800 -0.644999 1.237446 0.236858 1.000000
3 1.556354 -0.821323 -0.791193 0.948573 -0.908276 -0.900477 0.262455 -2.673298 -0.621767 1.361967 0.591066 -0.092897 1.296175 0.422204 0.963071 -0.365690 -0.344541 -0.025833 0.227371 1.820886 -0.093886 0.177911 1.371675 0.790320 0.576272 NA -0.011111 0.074052 -0.462616 0.018031 -0.601232 0.055319 0.599867 2.323872 1.103276 -0.673970 0.251193 0.609010 0.099122 -1.563169 0.828277 -1.192403 0.879779 -0.543842 1.583250 0.914638 NA 0.822792 -0.964233 -0.692152 0.280132 -1.130402 -1.113570 -0.601039 1.282638 0.387164 -1.764693 -0.519149 0.510382 0.083092 -0.730306 -0.435130 -2.027789 1.956321 -0.065011 -1.489926 -0.420995 2.015656 -1.850810 -1.149016 0.252032 -1.089206 -0.553743 -0.933223 0.175768 0.349984 0.121715 1.098963 -2.390190 0.058371 2.093954 1.000000
4 -0.958928 0.885139 0.294269 0.172071 0.655427 -0.003543 -0.290056 -1.429185 0.129912 -0.514111 NA 1.364046 NA 0.593714 -1.555483 0.649154 0.633176 2.000216 -0.911693 -0.598106 1.312633 -0.745375 -1.666774 0.766075 0.955155 -1.907666 0.103015 -0.620009 1.072704 0.210950 0.333645 1.376331 -1.067232 2.383561 -1.518436 0.031311 -0.091179 -0.881451 -0.495814 0.064495 0.047772 1.388915 -1.134366 1.526256 -0.199597 0.602546 0.211715 2.024835 1.234824 -0.815262 0.714879 -0.035058 -0.209321 0.933681 -0.204596 0.816489 -0.214598 -0.341071 -1.007396 -0.203128 1.175007 1.030198 -0.084991 2.005254 0.301334 -0.140636 -1.526051 0.847347 -1.946760 0.659704 -0.783617 1.334534 NA 2.271589 0.278259 -0.157546 -0.244063 -0.084827 NA -0.645119 2.261203 0.000000
5 -1.449763 0.071305 -0.460480 -0.556325 -0.055641 0.073822 1.001644 1.259897 2.270476 -0.268273 NA 0.889242 0.322914 -0.089255 -0.190093 -1.498094 -0.107717 -1.078378 0.142361 -0.216040 0.387695 -0.361206 0.183133 0.862174 1.234037 -0.443362 1.056034 -1.637562 -0.792407 -0.726643 0.138610 -0.128298 0.235084 1.949395 -0.207797 0.944515 0.507371 -1.154754 -1.727648 -1.094382 0.575991 1.092656 1.380021 -2.111963 0.975955 0.107240 0.005211 -0.639226 0.237685 1.207038 0.042346 -1.887322 -0.631500 1.233526 0.688436 0.835806 -0.724202 -0.776526 0.902137 -1.261415 1.350569 -1.341797 0.631085 0.324488 1.879261 1.460689 NA 1.641479 -0.399340 -0.982699 -0.387541 -0.796930 -0.026041 0.764529 0.594793 -0.268585 0.211484 2.987711 0.034496 -0.496203 3.997325 1.000000
6 -0.134317 0.975658 -0.999464 -0.672303 0.802659 -0.242820 1.736569 -0.063357 -0.077509 0.850842 1.777652 -1.414240 NA -0.524415 -1.562250 -1.769586 1.225688 0.103361 -0.027575 1.385470 -0.158633 -0.364772 NA 0.888540 0.322872 -0.061526 0.183311 -0.730834 -0.946115 -0.392991 0.529009 1.962969 -0.511592 -1.114372 NA 1.578447 -0.466807 1.225891 0.700710 1.602514 1.068419 -0.707749 2.208284 -1.671782 0.371987 2.142802 0.404607 -0.521676 NA 0.953394 0.554758 -0.509723 -0.163407 -0.284771 -2.039678 -0.372475 0.843582 -0.896356 -1.107005 0.999557 0.192131 -1.485057 -0.355345 0.044546 -0.498871 1.362231 1.408970 -1.385012 1.281987 0.388743 -0.880607 -2.299216 1.527589 0.483806 -0.628550 -1.516892 -1.015439 -0.152883 0.743530 -1.763940 1.351897 1.000000
7 -1.631700 -0.362068 -0.065713 0.361506 2.175837 0.295894 -0.742606 1.115460 -0.526578 1.648615 0.148599 -0.083472 -0.828399 -0.766571 0.078174 -0.527983 -1.152127 -0.800110 1.035684 0.382307 1.834583 -1.646981 0.550115 -0.596597 1.304191 0.673439 0.277410 -1.744316 -1.381057 0.360253 0.945551 NA -0.598595 -1.093148 -0.817497 0.789454 0.802606 -0.471078 0.293120 -2.580130 0.441499 0.834392 NA -0.938554 0.550891 -0.029988 -0.815947 0.890946 0.426805 0.383131 -0.839868 1.050479 -0.027702 0.574625 -0.848744 -2.197089 -0.403964 -1.165835 0.360401 -1.522920 -0.246810 NA 0.206049 NA NA -0.215769 -1.115194 0.722195 0.416002 0.321066 -0.559859 0.731373 -1.103903 -1.158457 0.993761 0.146885 0.172136 0.466552 -0.230772 0.864906 4.272753 1.000000
8 1.302242 -0.438253 -1.747636 -0.736824 -0.457341 -0.274014 0.238504 -0.770472 0.223388 0.160317 -0.263487 -1.335530 1.315707 -0.827374 -0.068298 1.828957 0.751405 -1.073794 0.143517 -0.180273 0.437531 0.175025 -0.108629 0.072126 0.542608 0.529875 0.452597 -0.270269 -0.664548 0.554306 0.064736 0.986552 0.362644 0.294548 0.058111 -0.066732 -0.120427 -1.532006 0.632042 -0.389113 -0.102220 -0.000482 -1.152175 -0.860502 0.626409 -0.333181 -0.722348 -0.178389 0.620194 0.033852 -0.454552 1.380600 0.027147 0.839842 0.396949 1.163455 0.567685 -0.849982 0.329880 0.101841 NA 0.369300 -0.444878 NA -2.039341 0.154287 -0.067472 1.124695 -1.286713 -0.300326 0.112044 -2.211278 -0.080724 2.087968 -0.510433 -0.953044 -0.174268 1.207168 -1.326477 -0.415868 2.794272 1.000000
9 NA 1.740183 0.434186 0.843037 -0.535953 0.087133 0.467085 0.501868 -0.414406 -0.569194 0.332666 -0.225964 -0.418640 1.216152 NA -0.706933 1.837089 2.613701 -0.137349 -1.093202 -1.259282 0.496543 -0.389455 0.309544 0.016740 -0.567919 -0.032404 1.123712 1.237558 -0.298503 1.927358 -0.072343 1.046488 0.050872 -1.379815 -1.201886 -0.814846 0.452738 NA 1.443315 -0.872516 0.019049 2.194362 -0.880902 -1.303372 -0.329483 0.137104 0.173649 1.497197 0.122510 -0.415575 -0.882034 -1.337757 0.933184 -0.763031 -1.128272 2.582768 -0.566716 -0.943946 0.316501 0.698312 NA -0.959139 0.803532 0.005313 -0.210085 -0.094641 -1.754948 0.366306 0.192086 0.978286 1.166737 1.860038 -0.523925 0.314098 1.242290 -0.048885 -0.814188 -1.605981 NA 0.395339 1.000000
10 -0.405173 0.793943 0.934924 -0.635113 -1.019691 0.889561 0.526810 -0.715753 -0.011080 0.257331 0.620700 -1.153057 -0.599760 1.159508 0.017799 -0.996880 0.641333 0.940892 -0.030248 NA 0.377811 0.895685 1.633699 1.155024 0.627579 1.062492 -1.576627 1.031653 -0.879471 -2.040259 0.634924 0.252112 -0.970362 -0.988824 NA -1.228446 1.126983 -0.064004 0.955558 0.446644 1.369347 0.934841 0.375290 0.567544 -0.110658 -0.954278 -1.142787 1.066780 0.166384 -0.367746 -0.053770 -1.368776 0.328145 0.431116 0.269314 0.821929 -0.668767 NA 0.135021 -0.285773 -0.739487 NA NA 0.247825 1.359151 -1.166395 -0.728399 0.833145 -0.223947 0.768759 1.895926 -1.745604 0.931755 -0.716262 1.718941 NA 0.149886 -0.679028 0.318473 NA 0.018837 1.000000
11 0.656854 -2.225678 0.362356 -1.261492 0.435898 0.656432 0.786441 0.201222 1.400436 0.142133 -0.509591 -0.701714 -0.551279 NA -1.633025 -0.543017 -0.153049 1.385097 -0.131037 -1.526010 0.513382 NA -0.975481 0.406731 -0.586333 -1.154517 1.048288 0.107602 -0.010499 0.599185 -0.967446 -0.145297 0.476681 -2.030046 -0.337414 0.576055 0.342281 0.768530 -0.353228 1.349678 -0.051017 -1.301337 -0.556778 0.026831 -0.997648 -1.433710 1.000280 -1.775602 2.036308 0.192425 0.145908 0.193374 -0.538315 0.489629 0.471009 -1.297965 NA 1.239352 0.660005 NA -0.582979 0.600507 -1.218911 1.641640 0.256478 0.610653 -0.128391 NA 0.650000 -0.409269 -0.068139 0.512518 -0.962078 1.111491 -0.923627 0.177465 -0.008339 -1.035937 -1.606163 0.065956 6.075025 1.000000
12 1.465440 1.483529 0.747008 1.362813 -2.037267 0.264402 -0.256651 -1.779647 0.440959 -0.362942 -0.368432 0.219247 -0.354216 -0.575442 0.267703 -0.270513 -0.339923 1.041900 0.356005 -0.352408 -1.399058 -2.177225 -0.844723 -1.698626 -1.101491 NA -1.925860 -0.038115 0.111715 -1.439710 -0.399233 -0.845176 -1.418240 -0.418137 -0.790864 0.860039 0.931325 -1.478920 -1.328398 1.334518 0.693437 0.202406 0.180859 0.246127 0.044674 0.016871 -1.412225 0.534956 -0.957762 -0.647713 -0.927787 -0.031269 -0.593049 -0.326749 0.994471 -0.782256 -0.576403 2.935515 0.333825 -1.579221 0.173366 -1.293639 1.085929 0.340996 1.072796 1.899621 0.739554 1.089852 -0.866827 -0.766658 -0.060899 -1.246912 0.143157 0.397789 0.907516 -0.044292 0.461315 -1.046336 0.907862 0.259379 0.920382 1.000000
13 0.580004 -0.103044 -0.105748 1.223291 1.535227 2.168694 0.713637 1.051994 -0.744968 -0.473273 NA 1.237886 1.303780 -0.351667 NA 0.419281 NA -1.277399 NA -0.248264 0.593256 0.543106 -0.280226 -0.501154 -1.669514 -0.332191 -0.169207 -0.003053 1.725137 NA -0.183172 -0.651376 -0.761676 1.478085 NA -0.160108 2.329891 0.423096 0.601169 -0.719367 0.396953 0.507227 1.508171 -0.899682 -0.038766 1.463902 -0.038166 0.409832 -1.740786 0.627280 0.035476 -1.204831 1.532426 1.200500 1.701661 0.909786 -0.963717 -0.948304 1.668931 0.708203 1.321836 -0.431502 0.079353 0.260174 0.357048 -2.258354 -0.146838 1.073331 0.850441 1.315363 1.272318 0.246394 -0.502197 -0.331443 0.007718 1.158148 1.651930 0.184056 -1.068581 1.440555 1.713937 1.000000
14 -2.146636 -0.048699 0.813712 -0.052687 0.278305 0.435273 1.934670 -0.027416 -0.388567 -0.295812 1.496730 0.103305 1.338974 0.800907 0.053205 NA -1.070513 -1.120124 0.512680 0.005662 2.129584 0.619511 0.104744 0.608124 -0.303763 0.932919 0.140414 -1.357535 0.555965 1.268855 -1.495278 -0.571682 0.286253 0.293973 -0.100492 0.197308 1.754738 0.139168 -0.709490 -0.290822 -0.682782 0.081271 0.073768 0.762841 -1.507273 -0.496931 0.957904 0.440542 1.158347 -0.232931 -1.436317 -1.348143 0.980758 -1.073285 0.702940 -1.872043 -0.099849 0.614940 1.052458 -0.888463 1.102702 0.274095 -0.507883 -1.508174 1.723786 -0.156702 -0.407588 1.467594 0.113381 -0.057143 0.258024 -0.787256 0.500570 1.518996 -0.481775 1.952506 0.989938 -1.010275 -0.692960 -0.043095 4.611469 1.000000
15 0.842892 1.126243 0.228098 2.844834 0.185559 NA 0.797081 1.348369 0.298499 -1.411582 -1.447095 0.594232 -1.298254 0.939672 0.251381 0.127814 0.392262 -0.206686 -0.098639 -0.731051 0.019696 -0.582949 1.689814 0.335547 0.312768 0.952159 -0.622771 -0.160966 0.598967 -1.211622 0.850940 0.535482 -0.636837 2.205802 -0.576948 -1.362243 -0.226540 -0.094990 -0.229707 0.501668 -0.934216 -1.020266 0.121312 0.142787 1.348036 -0.442691 2.701840 -0.294076 0.298928 0.978291 -0.213900 0.925274 0.131432 -0.468644 0.844244 -0.018275 NA 0.047524 -0.273843 0.532002 -0.256739 0.181016 0.144541 0.308954 1.322661 -0.872584 1.298381 0.684003 -0.141194 -0.521388 1.960660 0.497651 0.393318 0.466787 1.178969 1.428937 0.004022 -0.389868 -0.632819 0.811620 2.009706 0.000000
16 -0.243862 0.430553 -0.126319 -1.204127 NA 0.910737 0.684465 -2.836830 0.933246 0.836769 -0.194555 0.527096 1.124606 -0.938571 -0.814643 -0.502980 0.636693 -0.466208 1.598048 -0.541256 0.013022 -0.519260 1.022221 -0.531471 1.877650 -2.113300 -0.104966 1.093476 0.387038 0.784709 -0.791648 1.434364 2.461366 0.503895 -1.600622 0.229359 -0.266730 0.901094 -1.143712 -1.416806 0.643859 0.315015 -0.281167 0.961160 -0.168380 0.011572 1.930933 -1.956555 0.030462 0.325173 -0.433058 0.667512 0.759242 -0.100413 -0.493829 0.546734 -1.641077 -1.040406 -0.480827 -0.058995 -0.082598 0.657921 -0.551636 0.389582 NA 0.657458 1.538678 -1.993335 -0.342648 -1.939819 -0.530876 -2.033780 -0.307658 -0.922676 -0.845873 1.159948 0.435991 -0.808804 -0.705048 -1.361089 0.865796 1.000000
17 -0.869635 1.418775 NA -1.861334 -0.833656 NA 0.493002 0.060975 0.975806 -0.048246 -0.451910 0.388981 0.580453 NA -0.307479 0.341527 1.086074 1.722077 -1.201250 1.580759 -0.676275 -0.800880 NA 0.433713 0.796247 -0.391020 0.348128 -0.520048 2.491726 0.487093 0.909379 -0.379677 0.904488 -0.835536 -0.586876 NA -0.324533 0.782699 1.344277 -0.341544 0.015826 1.796623 -1.720506 -1.583635 -0.373806 -1.250253 0.168265 0.176670 -1.362664 -0.969161 0.093471 -0.773072 -1.319009 -0.899130 -1.600240 0.022425 -0.332446 -1.215396 2.946883 -0.305670 0.352906 -0.003178 0.878188 -0.414120 0.915397 -0.830288 -0.477111 -0.442354 0.678888 1.287723 1.298539 -0.060014 -0.702771 -0.511657 NA -0.039893 1.037410 NA -2.269767 -1.536023 0.609368 1.000000
18 -0.033415 -1.082816 -1.042191 -0.693620 1.196230 -0.393036 -0.966208 NA -1.657750 0.831905 0.531308 2.823920 1.353636 -1.864336 2.146726 -0.085966 -0.267719 0.440368 -0.702973 -0.174152 -0.040358 1.592040 0.178628 1.336799 1.972084 -0.663745 -0.264805 -0.773769 -2.113836 -1.701745 -1.402055 1.034696 -0.033114 -1.083034 -1.052232 -0.078480 0.741999 0.287919 -0.310573 -0.505699 0.798939 -0.438815 0.207575 -1.246578 NA -0.193912 0.810789 -0.551156 -0.623521 -0.672279 0.567389 0.075324 -0.448415 1.681877 -0.455892 0.803157 NA -0.430238 -2.014729 -0.351119 -0.223628 -0.625123 -0.155079 -0.470897 0.388545 -0.797295 -0.023393 -0.218409 -0.697476 0.723114 0.299866 2.172510 1.229190 -1.301743 0.450481 2.132463 -0.317496 -1.193719 -1.931402 0.764844 1.429661 1.000000
19 0.062591 0.633152 0.656418 -0.742430 0.573957 -0.497889 0.153721 0.509657 1.787194 -1.435377 0.045211 -0.506865 NA -0.239518 -0.104099 0.861710 0.031208 0.228632 -0.700710 0.241522 0.430475 1.040436 0.631495 0.613085 0.366276 -0.366629 1.021805 -1.327420 -0.344903 -0.472278 -1.073579 1.331167 1.397041 -0.283023 -0.058702 -0.533550 -1.486017 -0.129487 -0.236157 -1.974401 0.817505 1.649602 -0.780922 -0.231184 0.043713 -0.716258 -0.828791 0.288678 1.455207 0.110255 0.951633 0.150640 -1.414130 -0.600701 -0.774024 1.091117 NA -0.382574 NA 1.826250 -1.411370 0.315570 0.661128 1.183395 1.489799 1.326339 0.712476 -0.259013 -0.586115 -1.220153 -1.085120 0.559420 -0.927606 -0.514904 -0.424760 0.901340 0.965667 0.034721 -0.850941 -0.580608 2.549643 0.000000
20 -0.907099 -1.107581 0.293059 -1.427509 -0.271758 -1.051606 1.333615 -2.086689 0.880237 1.573573 0.677623 -1.456598 NA 0.335591 -0.795692 -0.540496 0.018029 -0.425221 1.101888 -0.271978 -1.243559 -0.752152 0.354393 1.970367 0.810225 -0.722043 -0.017333 -1.000766 -0.882807 0.257814 0.141573 -1.220906 1.167531 0.774529 NA -0.593371 -0.511639 0.716205 -0.602502 -0.775000 -0.129108 -1.703495 -0.052013 0.700480 0.990322 -0.886938 0.569169 -0.877859 NA 0.706082 -1.934364 -0.421912 -2.277469 0.976306 1.238704 0.735388 0.365743 0.639823 1.009594 NA NA -0.309806 0.922498 0.423462 -0.481015 0.355049 1.702148 -1.583424 0.195006 0.233455 0.105990 -0.744436 -1.474008 -0.263387 -3.478252 0.925825 0.921656 0.794798 1.126004 0.900366 2.735487 0.000000
21 -1.038123 1.932671 NA -0.465523 -1.944331 -0.791604 -1.197463 0.382798 -1.563373 -1.069838 -0.412184 1.201819 -0.216562 0.062573 -0.427932 -1.248805 NA NA 0.440185 -0.234327 0.542663 -0.793981 -0.427512 0.975559 -1.901787 -1.490724 -1.685969 -2.167191 0.194935 1.351035 -0.783538 -1.808509 2.616382 0.256900 0.831132 2.796364 1.158140 0.722327 -0.202432 -0.221089 -0.540486 -0.325501 2.019822 0.984669 0.216652 1.347397 -0.683551 0.647680 1.098424 -1.126084 -0.032843 0.151209 NA 0.085596 0.025462 -0.044733 -1.187596 2.104100 1.032454 0.786382 -0.394928 -1.297341 -0.510084 0.346467 0.288605 -1.490342 -0.521807 -0.235254 -2.648869 1.089492 0.057016 1.025278 1.647477 0.207382 -0.315052 -2.270578 -0.782815 2.673532 -0.363804 0.408842 2.391839 1.000000
22 -0.509516 0.256824 -1.371194 -2.162055 2.345488 -0.674142 1.082372 -1.116773 -0.212621 -0.400738 0.939826 NA -1.262056 -0.488406 1.022306 -0.185868 0.713733 0.663566 -0.729370 0.309153 1.162111 0.342121 -0.779319 0.309554 -0.621170 0.024995 -0.181369 -0.349831 0.417100 0.297081 0.059741 -1.720153 0.986014 -0.130713 1.320310 -0.581123 -0.476983 -0.033980 -0.280650 -1.542608 0.062072 -0.267461 0.663897 -0.244132 0.820258 0.367852 0.906094 0.323040 0.072571 0.242900 -0.750634 1.677930 0.550081 -0.300429 -0.937146 1.057521 2.112078 0.190685 0.167755 0.418009 -0.139193 1.105312 NA 0.550949 0.848276 0.776124 -0.112155 -0.465503 -2.402422 -2.691933 -0.316909 -0.082732 0.733682 -0.978351 -0.771171 -0.238998 1.693794 1.500702 0.568917 -0.397907 3.570458 1.000000
23 NA -0.249513 NA 0.487589 2.198213 NA -0.122827 -0.988760 -1.123811 -1.542878 -1.673149 0.141314 -0.752446 1.454954 -0.251256 1.428462 -0.631890 -1.755090 0.769886 -0.719451 0.734713 0.159728 0.863028 -0.536459 -0.364965 -0.185500 0.945237 -1.041072 -0.398314 1.435044 -0.599508 0.169466 -0.214395 -2.369662 -1.041037 -0.234906 -0.090302 -2.332501 1.452158 1.041662 -1.669203 0.389584 0.870475 1.236636 -1.554053 -0.943067 -0.754689 -1.092351 -0.410893 0.681600 -0.276939 -0.370950 0.346534 -1.636666 -0.248045 0.457254 -0.077898 -0.229582 0.202699 -0.219377 -0.688926 -0.436590 NA 0.769428 2.316239 -0.762351 -0.737396 1.204630 0.475802 0.477998 1.062827 1.725960 -1.175771 -0.412579 1.719455 1.398613 0.054495 0.124544 1.079866 -0.193954 1.635155 1.000000
24 0.634989 -0.265362 2.843533 0.682914 -0.451249 -0.752630 0.049540 -1.067303 -1.262675 -0.462880 -0.905687 -2.175302 0.203766 NA 0.361253 0.570248 0.514516 -0.878948 -0.686625 -0.734204 -0.012133 0.311160 -0.972855 0.822414 -0.584760 -0.157121 1.287492 1.285476 -0.096137 NA -2.595702 1.609703 0.541233 -0.058566 -1.567720 -0.639824 1.367376 NA 1.320440 -1.279534 -0.798034 -1.106388 0.637587 -0.978028 1.843825 1.437218 0.084196 -0.696846 0.752432 -0.081901 -1.052848 -0.989084 -1.678497 0.377330 -1.456128 NA NA 1.086393 -1.438785 0.197743 0.442385 0.407861 -0.370981 -0.839982 0.701585 -0.134418 -0.225026 -2.513463 -0.124555 -0.825183 -0.118842 -1.066584 1.709065 0.466368 NA 0.453969 0.590249 -1.171278 NA 1.749480 4.343458 0.000000
25 0.414069 1.852891 -0.508896 -0.387967 -1.852558 1.069086 -0.361259 -1.640415 NA -0.089674 0.373057 -0.267389 -0.847807 0.171531 -0.216886 0.828576 2.535662 0.099062 -0.447512 1.449981 -0.275798 -0.520733 -0.118680 -0.885726 -1.209663 0.590411 1.058144 0.343020 -1.836968 0.991550 -0.523619 -0.337271 0.901391 -0.712349 0.261020 0.317087 -0.035272 1.222602 -2.562181 -0.221848 NA -1.152683 0.003575 0.366140 2.480172 -1.106753 0.712773 -0.264497 0.095452 -0.972049 -1.104845 1.110704 -0.980024 0.137283 -1.211344 0.057538 0.959130 0.822613 0.080706 -0.983011 NA -0.960834 -0.822990 -0.808942 -0.383468 1.271256 -0.031403 -0.530880 0.245796 0.745974 0.095883 -1.603074 -0.651608 0.442686 -0.249853 -0.135558 -0.384818 -0.747832 -0.705863 -1.832369 1.299951 0.000000
26 -0.975804 -0.192217 0.612695 1.726381 -0.054524 -1.974569 -0.854764 -0.529010 0.684581 -0.422484 -0.380487 0.692664 NA 1.145016 -1.395956 -0.305318 -0.238652 1.075860 0.090213 -0.650031 -0.321358 0.086945 1.304326 0.031709 -0.004696 -0.144029 -0.937462 0.747469 1.930589 -1.511654 -0.149338 1.448011 1.247527 0.052306 0.586218 -0.474101 -0.124540 1.407253 0.693695 0.264854 1.042021 -0.960538 1.297078 0.027121 0.653850 -1.409008 -1.011634 -2.260632 0.169381 0.634579 NA 0.646782 0.725687 -0.872777 0.615635 -1.868817 -0.240586 -0.046646 NA -0.683661 -0.996011 NA 0.390009 0.540627 NA 0.142683 0.140995 -0.884937 -0.002064 -1.624445 -0.411445 2.188763 -1.452915 -1.110114 0.512660 1.469689 -0.257914 -0.386811 -1.146172 0.569770 0.467888 1.000000
27 NA 0.532096 0.040073 -1.201380 -0.239448 -1.424620 -0.894844 1.674979 -0.341519 1.336764 -0.612063 1.145297 0.011400 -1.619954 -0.628623 0.235977 0.089855 0.257809 0.561554 2.131280 NA 1.661325 0.083339 0.686547 1.668124 1.104139 1.488229 -0.808774 0.784752 0.231534 2.552328 0.612558 0.178151 1.233218 -2.076374 -0.384218 -1.538140 -1.054209 -1.824962 -0.711381 0.272659 -1.759254 -0.762389 -0.076371 -1.075591 0.154852 -1.145136 0.703691 0.509072 -1.653377 -0.087036 0.443765 -0.643640 -0.195367 -0.075541 0.402351 -1.020202 -0.465677 -0.162344 -0.123073 -1.793964 -0.046424 0.706958 NA 0.406344 -1.146926 -0.680341 -1.430795 0.666995 NA -1.187380 0.283198 0.205735 1.420693 -1.358070 -1.670922 2.937792 -1.196411 0.055884 0.491431 1.838365 1.000000
28 -0.783438 -0.490300 -1.962948 0.525936 -0.072223 -1.476978 -0.731349 1.371253 -0.088664 -0.259887 -1.325843 0.133348 1.749296 -0.395137 -1.558470 0.453235 -1.850006 0.895930 -1.096383 -1.726327 -1.253701 0.680249 0.256373 0.072268 -0.412319 0.878202 0.341493 0.731222 NA -0.199645 NA 0.326325 -0.897420 0.162890 -1.060692 NA 1.652395 -0.842208 -1.115991 -1.274718 2.242112 0.532478 -1.228660 -0.874777 -0.288667 0.498445 -0.470111 -1.627003 -0.717018 0.529245 -0.612024 -0.275952 0.769839 -1.474232 -0.728666 -0.409677 -0.631709 -1.284519 0.999446 -0.476770 1.776729 0.332684 -0.780731 0.128539 -1.601966 1.183279 NA -1.909064 1.280465 -1.433032 0.237362 NA -0.242739 1.503838 0.070516 -0.421721 -2.229700 1.055632 0.014420 NA 4.704581 0.000000
29 -0.262469 -0.726824 -0.368141 -0.530813 -1.783235 0.434249 0.159752 0.999414 NA -1.289812 -0.424578 1.148031 0.749104 -1.091030 0.455317 0.285073 -0.667712 1.774916 -0.792875 2.822355 -0.876345 -2.398288 0.726832 1.529019 -0.793556 -1.669134 0.575043 0.157514 0.814963 0.921041 1.288448 0.816657 0.881963 -0.173110 -0.231984 0.274600 0.329941 0.950791 -0.994319 -0.621808 NA -0.430860 -0.195364 -0.908355 -1.022257 -0.343950 0.453948 0.721603 -1.431514 0.447233 -2.130313 -0.765554 0.369483 -0.807416 -1.198209 -0.912351 1.647949 -0.185871 -0.437523 -0.275754 0.512705 0.028188 -0.676753 -2.437810 0.009810 1.643215 0.249352 -1.501391 0.847060 NA 0.721278 -0.366206 0.010325 1.154310 0.204476 0.266317 0.837362 -0.268616 0.369216 -0.838531 4.693232 1.000000
30 -0.557167 -0.714686 -1.914468 0.412969 0.000278 -0.665247 -0.274982 NA 0.357345 2.012247 0.060131 -2.202065 -0.496602 0.000234 0.416689 -1.010442 -0.340314 NA 0.812560 -0.437395 -0.341597 -0.041296 1.676803 -0.013237 1.204325 -1.549627 -2.038443 -0.757227 0.294159 -0.391100 0.665458 -0.055609 1.033840 0.264572 NA 0.897559 -0.781274 -0.241530 NA -1.663019 -0.142396 1.319337 0.642939 -0.003261 -2.052260 -1.279393 -1.043118 0.317613 0.389355 0.776873 -0.406215 0.149830 -0.247900 -1.721124 NA -0.509593 1.078380 -1.117180 -0.049584 0.490469 -0.444923 -0.218074 -0.051258 0.339429 0.700829 -0.039656 -0.513926 0.955043 0.444703 -0.117200 0.298072 -0.281603 1.319541 1.382506 -0.283609 -0.729047 2.327114 NA -0.724263 -0.178003 1.188693 1.000000
31 -0.300805 -1.072011 2.256460 0.862549 -2.319724 NA -1.214044 1.958689 0.503724 -0.464707 -0.143858 0.529261 0.700014 -0.228025 -0.019341 1.527489 -0.274871 -0.979685 2.074824 0.504190 -1.169731 0.222614 -2.562428 -1.047589 -0.127956 -0.280651 -1.387936 -0.888299 0.834468 -1.048916 0.567630 1.336146 0.239213 NA 0.514054 0.381974 0.071376 0.824751 -1.229448 -1.349332 -0.908236 -0.179516 -0.739910 1.938890 -1.005286 1.441843 2.041560 0.806017 0.235892 1.465777 0.415987 -0.316869 1.293828 -2.860408 1.930940 -0.084187 1.621139 -1.231692 -0.595806 0.263122 0.217153 NA 0.820470 0.702305 -0.394425 1.418666 -0.793896 -0.849317 -0.963122 -1.002123 0.307341 -0.399331 -0.298396 1.253848 NA -0.955345 -1.380283 0.206037 -0.379831 0.707460 3.091716 1.000000
32 0.533537 0.763156 0.030491 0.325170 -0.242566 -0.171883 0.093222 -1.823603 -1.173982 -0.741485 NA 0.780228 0.915304 0.333874 -0.661821 -0.284207 -2.178520 -0.222146 -0.272761 -1.314043 NA -0.928495 -1.056159 -0.750229 NA 1.579691 -0.648291 1.149233 0.378303 NA 1.981644 0.099276 -0.978380 0.137516 0.655458 -1.764167 -0.886790 0.843962 -0.287053 -0.095620 NA -0.227509 0.051437 0.603802 -0.341324 0.441483 0.809292 -0.503230 -0.136127 0.991329 1.528388 0.195161 0.463526 0.300597 -1.744587 -0.680157 0.906973 0.554904 -0.407421 -0.790062 0.973333 -0.014972 -0.006517 1.328380 -0.158305 0.165115 0.407561 -0.372400 -1.462950 -1.447452 -0.396910 0.708524 -1.094402 -1.180398 -0.344660 0.167178 1.141182 0.823431 -1.561574 1.191339 0.219910 1.000000
33 -0.781387 0.120170 1.030327 -0.212320 -1.168493 -1.061369 -0.079328 0.148362 1.044188 -0.921719 0.570723 0.732933 -0.650227 0.544644 -0.650464 0.530203 NA 0.161021 -0.342757 -0.218283 -0.477901 -1.882746 0.098107 -1.631189 -0.277381 0.640869 -0.106842 -2.595791 -1.492237 1.255178 -1.126337 -0.635669 -0.026932 -0.253300 -0.551215 1.030408 -2.590011 0.804154 -1.258526 -0.485826 -0.621112 -1.756833 0.368648 -0.586473 0.116010 2.049505 -1.253693 -0.369357 NA 1.359560 -0.368991 1.274647 -0.925586 1.238840 0.365909 -0.453858 0.458285 0.519627 -1.045610 1.625322 -0.415717 NA 0.074086 -1.360478 -1.231827 -1.568495 0.629064 0.570449 0.680289 1.987992 -0.542006 1.930963 -1.236973 -0.229992 -0.124312 -1.455381 -1.906209 0.521616 0.026034 NA 9.517362 1.000000
34 -1.113784 -0.548332 -1.027393 0.560869 NA 1.590049 -0.480081 -0.021607 -1.134563 -0.005667 -1.846816 -0.250032 -1.495520 -0.093948 0.119634 1.352905 0.326723 -0.116713 0.193927 -1.104192 0.570389 -0.407663 1.279940 NA NA 0.932304 -0.338055 0.047372 0.480605 -0.339688 -0.234477 -0.138630 -0.977920 0.787949 -0.260666 -0.472557 0.405050 -0.539104 0.993570 1.183527 -0.668636 -0.230431 -0.066250 -0.607589 0.184027 2.123730 1.078158 -0.355022 1.950895 -0.870573 -2.923979 0.055175 -1.508035 -0.109488 -0.501918 -0.516711 -1.948263 1.902432 0.620913 -1.318771 0.381300 -1.931486 -0.215816 -1.210846 0.917356 -0.160278 -1.663557 -0.033559 -1.248587 -2.183723 0.288560 1.959258 -0.023696 0.616394 -1.172424 -1.214542 0.951379 0.698870 1.031953 -0.437436 8.277479 1.000000
35 -0.698091 0.094830 -0.700798 -0.813577 0.296030 -1.454123 0.148167 0.048722 1.433522 -0.031284 -0.812639 -1.401846 2.124172 NA 0.843457 0.080202 0.052737 0.547817 0.594484 0.216290 NA -0.622392 -1.385673 0.945560 0.331791 2.171110 0.481720 0.125169 0.958265 0.535466 -1.352880 -0.919107 0.512287 1.392172 -0.004575 0.179011 1.713281 -0.216927 -0.002261 -0.484560 0.846105 -1.022290 0.454645 -2.426863 0.579390 0.132792 -1.311163 0.656888 -0.548024 0.185474 NA 0.754687 0.309006 1.400940 -0.836170 -0.523587 1.378884 0.502252 -0.168281 -0.010222 -0.356872 -0.363244 -2.592963 2.108561 -0.185989 -1.027468 -1.447683 0.496257 0.582927 -0.425870 -0.627149 0.680127 -1.446971 NA -0.948776 1.237021 0.431030 -0.154806 -0.948408 0.822890 0.347390 1.000000
36 0.109911 -0.514621 1.782377 1.694659 -0.788507 -0.289911 0.422338 1.226644 0.215106 0.575951 -1.054995 -0.174821 1.393025 -0.151350 -0.597699 -0.470923 -0.606052 -0.206327 0.316558 -1.617333 -2.007515 1.444224 0.643829 -1.066194 0.248718 -0.901665 1.301586 0.517717 -0.447844 -3.041048 1.775069 NA 0.967746 NA 1.478817 -0.232187 -0.112316 1.416740 -1.213979 1.715259 -2.042001 NA -1.156427 -0.243831 -1.502171 0.150614 -0.053292 -0.797623 -0.913541 -0.760830 -0.476701 -1.548564 -1.218767 0.566282 0.877075 -0.755754 -0.990530 0.731298 0.694742 0.191713 1.165977 -0.552606 -1.735857 1.038446 0.200999 -1.015755 -2.023083 1.505287 0.564027 -0.088371 -0.944345 -0.674106 0.444894 -1.335004 -0.109634 -0.100640 -0.945168 -0.542057 -1.972261 0.753598 2.509174 1.000000
37 -1.028227 0.896643 -0.437761 0.161867 -1.545263 -0.393797 -1.439431 -1.707044 -0.797740 1.338167 1.259165 0.489489 1.330965 -0.504797 NA -0.474215 -0.733074 0.518397 0.801721 -0.530808 -0.178822 -0.836106 -0.431147 -0.806849 0.803366 -0.228404 0.348101 -0.510171 -0.703250 1.026142 -1.976112 1.129766 -0.177386 -1.413565 0.001638 -1.202109 -0.180414 -0.109932 2.195154 -1.291006 -0.235737 -0.334341 -0.260214 0.529724 1.792554 1.004169 -0.705987 0.953521 -0.568268 0.728635 -0.043756 0.651392 -1.140929 -0.501761 0.383871 -1.562950 -1.077227 1.869352 -1.775556 0.560675 -1.255504 -1.178665 0.371426 0.127792 0.380959 2.419665 -1.623087 -1.276288 0.780042 1.376172 0.519287 0.086024 -1.077402 -0.222361 1.960798 0.710729 0.181695 0.542283 1.110993 -0.156877 0.999831 1.000000
38 0.106403 0.877409 -0.688142 -0.946972 0.614499 0.454838 0.441918 1.380133 -2.365289 -0.116946 0.381655 -0.978966 0.878219 0.747826 -0.127845 1.896691 NA 0.482190 1.035457 -0.926331 NA -0.563743 -0.677842 1.327721 -0.849575 -0.481137 -0.802712 0.496705 -0.415263 -0.671113 -0.065828 0.529999 NA -1.165157 -1.861195 3.810374 NA 1.218201 -0.893026 1.519681 0.364117 0.635161 -0.229730 1.171871 -0.855759 -0.319330 NA -0.994556 1.563608 -0.741947 2.424568 -0.479139 NA 1.002601 -0.238171 2.172434 -0.284059 NA 0.180206 1.478581 0.070861 0.973266 0.970960 0.496839 0.249438 -0.190016 -0.681164 0.370061 -0.327790 NA -1.522500 -0.184286 0.008485 1.140317 0.653746 -1.198704 1.667268 -1.175548 0.208427 0.004813 1.077215 0.000000
39 NA 2.717266 -0.205890 3.005862 NA 0.497186 0.634634 NA -0.779851 2.058042 -0.390580 -1.087308 -0.266392 -0.711556 0.034598 1.961848 -0.801463 0.383057 NA -1.653060 -1.135015 -0.577131 0.306681 -0.517381 0.389542 -1.334379 0.346971 -0.439206 -0.039883 0.815811 0.793796 0.264491 -0.430230 -1.511845 -0.316634 0.971806 0.766960 1.463614 -0.780289 0.096244 1.352518 NA -1.428883 NA 0.404302 -1.594565 -0.289633 -0.620732 -1.290522 0.941005 0.238935 2.505359 0.526911 -0.946043 -0.732052 0.462321 -0.670405 -0.364204 0.209965 0.171569 -0.087555 -1.336438 -1.018516 1.500417 -0.457613 1.420187 -0.601263 0.274782 0.271490 1.123002 0.236771 1.266399 0.648052 -2.476461 -0.500868 -0.279681 -0.957364 -1.762061 NA -0.350312 2.912319 0.000000
40 -1.072400 -0.446967 0.730062 -1.368967 -1.567672 1.680348 -0.144431 0.014119 0.864557 0.213023 NA 0.695992 0.684958 0.173427 NA 1.351277 0.517451 -0.284036 0.986240 0.831808 -0.818808 -1.583998 -0.048209 -0.793046 1.418214 -1.866369 0.091897 -0.768012 0.375475 1.286690 0.342476 -1.056691 -0.304734 -0.577809 -0.010566 -0.049587 0.233577 0.023025 1.013344 0.478598 -0.098269 NA NA -0.470313 0.583202 0.969631 2.184603 0.542399 0.362067 0.531835 -0.289814 -0.340886 -0.769208 0.342329 0.390479 -1.225677 1.739652 -1.638742 0.255472 1.325554 -1.326929 -1.216223 -0.940081 -1.217764 2.234941 -0.376732 0.318429 -0.221769 -0.044650 0.069672 -0.202028 -1.252778 0.084028 1.493719 -0.140688 -0.766745 -0.639850 -0.849337 0.497281 -0.696672 0.459494 1.000000
41 0.147237 1.652279 1.018907 0.608311 -1.106490 -0.394429 0.913776 -1.881960 -0.885070 1.417125 NA 1.180140 0.466449 -0.304415 NA 0.760824 0.667312 0.337947 0.055513 -1.775445 NA -0.489569 0.694103 NA 2.448856 NA -0.470765 -0.297961 1.008095 -0.341319 1.547153 -2.377701 0.340379 -0.261813 0.495309 0.622464 -0.022947 1.212153 -0.114788 -0.485272 0.032762 -0.879316 -0.452473 2.055912 -0.454140 0.097148 -0.689628 1.217104 -1.646362 0.532515 1.899960 -0.727709 0.658083 -1.458806 -1.460411 0.445918 -1.492692 1.177298 NA 0.940434 0.963436 -0.796255 1.130681 0.545296 0.625040 1.153061 0.293486 -4.231915 -0.451331 1.993636 0.662311 1.410401 0.715649 -0.133693 -0.229283 -0.632345 1.157212 -0.113865 -2.315013 -0.091431 6.157640 1.000000
42 1.620713 1.720534 -0.539530 0.375557 0.028424 -1.158075 0.159161 NA -0.709482 1.667459 1.583314 NA 1.391063 -0.588937 0.470573 0.951489 -2.809450 0.779494 0.464257 -0.901153 -0.734894 -0.987016 -0.472889 -0.253864 -1.967643 0.322467 1.525803 4.079865 0.821379 0.969767 -0.419367 -0.286674 0.911480 0.572465 1.070481 -1.136943 0.329007 1.285408 -0.558705 0.155514 1.097617 -0.922644 -0.555420 -0.342122 0.965410 NA 0.164210 0.388214 1.170546 0.153904 -0.157034 0.457868 -0.445375 1.371215 0.430179 0.951171 0.335622 -2.039450 1.031038 1.498496 0.957236 0.131391 0.005773 -2.607863 1.471601 0.068675 -0.161576 -1.691442 1.039278 0.894381 1.583466 -0.228568 0.687121 -0.484316 -0.074924 -0.292329 -0.226185 -0.012099 1.410915 0.292420 1.218432 1.000000
43 -1.698855 -0.635894 -0.946424 0.580049 2.145304 0.187858 NA 0.091195 -0.228993 -0.695785 1.751155 -0.147130 -0.452336 -0.618886 1.470309 -0.953479 NA 0.508520 0.567726 -0.981875 -0.234964 0.171062 0.412678 NA -3.143682 -0.128053 0.354673 -0.215195 2.384236 0.009377 -0.606696 1.187829 -2.100131 0.328225 0.481260 -0.238157 -1.056037 1.563865 -0.781535 1.717743 -0.586652 0.217707 0.478052 1.259164 1.233072 1.499743 -0.708970 1.421444 0.166289 -0.574528 NA 1.008181 2.853269 -1.828892 -0.044758 -0.807877 0.455917 -0.554704 -0.732829 0.279316 -1.027032 -1.647479 1.244496 0.392618 -0.056508 0.486068 -0.729482 0.000386 0.876155 -0.050411 0.803889 -0.971061 -1.990794 -0.332750 0.541021 NA 0.172731 -0.538568 -0.020785 1.107671 1.847300 1.000000
44 -0.858989 -0.790847 0.997942 -1.303564 0.790851 1.572901 0.173157 -0.212464 -0.066236 1.167779 -1.498644 0.599681 -0.283524 0.999396 0.683961 -0.446250 -2.014614 -0.521268 -0.267667 -0.778069 -3.235645 0.894061 -0.839078 0.617257 -1.414637 0.170798 1.128267 NA 1.099410 0.632897 NA -0.004831 1.969590 1.039213 0.732636 0.690331 0.351397 0.037440 -0.165496 -0.691682 -1.443984 0.863757 -0.541246 -0.267376 0.518700 -0.660808 0.349115 0.800049 -0.125921 0.519533 0.029440 -1.003106 0.408325 NA 1.875478 -2.586550 NA -1.265910 0.086074 0.552689 0.072925 1.139178 1.659902 -0.412275 1.323010 -2.761650 -0.724026 -0.322128 -1.217529 -0.181243 0.440490 -0.993088 0.789426 -1.837762 1.561850 0.674234 0.681374 -0.359812 NA -0.206283 2.740016 1.000000
45 -1.550364 -0.069499 0.653200 0.187179 0.597241 -0.690646 -0.421807 0.492631 -1.039589 -1.273031 0.108487 1.763422 0.023208 -1.369630 0.051291 -0.455317 0.423300 1.071365 1.299768 0.119184 3.319886 -1.078133 -1.372418 -0.250630 0.103249 -0.502415 -0.147309 0.685897 -0.177239 -0.779472 0.242037 -0.760102 -1.133957 -0.738267 0.901485 2.351655 -1.256268 -0.890082 -1.194688 -2.231939 0.439677 0.889044 -0.654026 0.986986 -0.590936 -0.046719 -1.306450 -1.423455 -0.016155 -1.540315 -1.464462 -0.783611 -0.114361 -1.174588 0.348511 0.537834 1.371424 NA 1.903231 0.681957 0.559898 0.893327 1.172821 0.706680 -0.192084 0.485632 0.383399 0.395457 0.156757 1.831750 -0.566175 1.218072 0.038272 -1.420026 -0.900228 -0.120411 -0.025868 0.213125 -0.187733 NA 8.274121 1.000000
46 1.882420 -1.567568 0.124756 -0.393853 0.738718 1.463347 -0.010710 -1.103729 1.926431 2.051887 0.759712 0.320482 -0.908189 0.175070 0.198486 -0.944444 -0.430723 NA -1.902319 -1.414410 1.982942 0.567162 -0.640430 0.200749 NA 1.682178 -0.124707 -1.028915 1.824801 -1.005606 1.317269 1.021621 -1.297352 -0.453175 0.214478 -1.174243 0.502303 -0.552922 -0.243716 -0.930193 -0.049654 -1.041787 -0.218324 0.962583 1.331706 0.828928 -0.959188 -2.247264 1.295144 2.084984 -2.030301 -0.191178 0.546573 -0.123633 -0.835081 0.245747 NA 2.032474 NA 0.511356 0.479543 0.243226 -0.648358 -0.347187 -1.491897 -0.207940 -0.215203 -0.980638 0.160546 -0.449352 -0.392377 -2.074556 0.103552 1.946228 0.216469 1.543262 -0.055791 -1.127063 0.600716 -0.378245 5.188091 0.000000
47 0.653856 -0.750195 -0.374269 -1.932394 0.789405 1.201927 1.049064 0.583097 -0.061115 -0.262339 -0.194294 0.874693 -0.537734 -0.085876 -0.293167 -0.801394 0.580342 -0.530363 -1.180241 -0.953137 -0.397954 -1.068274 0.008755 NA -0.595831 -0.269482 0.771759 1.437955 1.488109 -0.761953 -2.294695 -0.892814 0.513684 -0.941864 1.037101 0.457433 1.869823 -1.507531 -0.304152 1.006234 -1.559634 -0.933374 0.448818 1.104838 1.045948 -2.641162 1.581445 -0.660460 0.301242 1.569284 -0.413780 -1.151294 NA 0.831983 -0.339202 2.233843 0.760066 -1.272627 -0.467186 -0.818322 -0.211556 -0.264696 NA -0.566379 -0.528577 0.504572 0.683028 NA 1.500625 -0.232991 0.206574 0.030676 2.003820 -0.588803 -1.186685 -0.015611 -1.210909 0.930670 0.339193 -0.266683 5.983372 1.000000
48 -0.571446 -0.871944 0.855328 -0.140574 1.564676 0.305315 0.619504 NA -2.236071 -0.030711 2.280718 NA -2.746427 1.210508 -0.179770 0.620780 0.738382 0.398177 -0.971409 0.936948 0.604227 NA 0.073835 2.821894 -0.521202 1.409586 1.266259 -0.856016 1.253021 -0.205960 NA -1.592000 1.521598 -0.474050 0.462308 -1.142743 -0.004681 -0.807756 0.287512 1.782444 -0.383985 1.478611 -0.583338 1.915187 1.925782 -0.043116 -2.228067 0.547559 0.816686 -1.337075 0.633169 0.942781 -0.260801 0.893514 0.667592 -0.478010 0.665781 2.085363 -2.190066 -1.221666 0.933427 0.574655 0.483498 -0.814933 0.321754 0.300664 -0.636225 0.124160 1.396698 -0.900046 -1.021833 0.265515 -1.064947 0.378480 0.128487 1.532532 1.128054 -0.044358 NA 0.856110 1.888111 1.000000
49 -0.351113 -0.002769 1.174081 -1.898053 -0.479562 0.609722 -0.932099 -0.265957 -0.391750 -1.231317 -0.720421 0.401083 1.002938 NA 0.169763 0.515505 0.259412 -0.377924 1.432553 -0.200484 0.010164 -0.537782 -0.631383 0.640428 -1.092076 -1.413401 -0.357722 -0.895929 NA 1.202338 0.092622 NA 1.480783 1.479745 NA -1.604745 -0.300013 -0.949947 0.678102 0.841478 -0.964235 -1.325651 -0.113430 -0.527394 -0.371203 0.050528 0.708977 -0.984113 -0.365611 -0.779699 0.984094 -0.429939 -0.171408 -0.519642 -0.876708 -1.225311 1.656327 -0.424973 -0.566032 0.051539 1.495963 0.207860 1.338962 0.374156 -0.452473 NA 0.415036 -0.030174 -0.197929 1.692774 -0.367484 1.349879 1.857315 1.736934 1.280392 0.168846 -1.599971 1.392144 0.203002 1.058530 5.857049 0.000000
50 0.715547 -1.574268 -1.004978 0.564596 0.049228 1.305139 0.929695 -0.693662 -0.074655 -1.169985 0.955924 1.318921 -0.889803 -0.509576 0.769781 -1.302881 -0.227619 0.914964 0.952773 0.687526 -0.526224 0.029940 2.487458 0.318527 -0.623058 0.789382 -0.728262 -1.367911 -0.496203 1.089523 1.279341 0.011037 0.032946 0.157592 -1.740797 1.934862 -1.198316 -0.685777 -2.778833 -0.014421 0.246022 0.283815 NA -0.202406 0.277471 -1.556705 -0.924770 1.584918 -0.336476 -2.310325 0.196344 0.390448 2.007245 -0.242514 -0.705343 0.460998 2.163690 NA 0.633323 -0.362232 -0.055192 0.354577 -1.220535 -0.233041 -1.606509 -1.640374 0.660822 -0.669865 1.033484 2.793716 0.174040 0.577890 0.058359 2.927575 -0.422367 -0.166847 -0.150494 -0.368975 0.486402 -0.339015 6.755404 1.000000
51 -1.229765 1.620674 0.537041 0.798437 0.630711 0.827619 -0.325908 1.339312 -1.878449 -0.110609 0.408424 -0.560521 1.871900 1.345380 -2.084316 -1.777107 -0.413004 -1.602049 0.297052 0.226293 NA -0.005510 -0.437475 NA -0.658810 0.362894 -1.796743 -0.329885 -0.015930 -1.023638 -1.263028 1.719055 -1.073105 1.083808 -0.015474 0.639733 -2.326372 -0.074471 -0.583475 1.394733 -0.516898 -0.473350 1.500647 -1.322113 0.689281 NA 0.805798 1.492011 -0.435900 0.545135 NA -0.001655 0.204082 0.320604 -0.731181 -1.232764 -0.451731 -1.152862 -0.483646 NA 0.052869 0.094463 0.443350 0.245048 1.389317 -0.216001 -1.723603 -0.037976 -0.068513 0.792121 -1.069891 -0.292094 -0.080526 0.652465 0.531948 0.461452 0.578240 0.774773 -0.248983 -1.225707 9.127408 1.000000
52 0.382887 0.029030 -0.547678 -0.452695 1.751256 NA NA 0.404424 0.797862 -1.078189 -0.947562 1.429155 0.781661 NA -1.287762 NA -1.906104 -0.264987 -0.444670 -0.468832 -1.487390 -0.001188 NA -0.044255 1.223579 -0.315552 0.908371 -1.110053 0.804683 -0.334530 -1.051305 -0.970045 1.149150 0.519108 -0.349881 0.467885 0.714562 NA -0.450330 0.151124 -1.493182 0.102043 0.956446 1.896930 -0.944742 0.595982 0.368433 -0.042819 -0.564650 -0.618012 -0.649595 -0.958096 0.526624 -0.350879 -1.885282 -0.872256 1.208765 -1.506758 -0.910008 0.826342 NA 0.587623 0.388487 -0.195520 NA 0.588959 -0.417553 0.196695 -0.772274 1.680147 -0.227070 -0.440284 1.489939 NA 0.380657 -0.359791 1.702395 -0.720965 0.810549 -0.560048 3.542349 1.000000
53 -0.851381 -1.655448 -0.748535 -0.560929 -0.967299 -1.181414 0.268494 -0.193046 0.313179 0.908060 1.675924 -0.258702 -0.616782 0.216790 -0.019405 0.352571 -0.810779 0.830735 0.553392 -0.509564 -1.119988 -1.856745 -0.093915 2.067025 0.311875 NA -0.995311 -0.093720 0.294572 -1.201650 -1.052828 -0.715356 0.432795 -0.911872 -0.267909 0.360894 -0.117399 -0.350211 0.199290 0.116274 0.292181 0.672670 0.934021 -0.516771 0.686809 0.299292 -1.398731 -0.129775 -0.929998 -0.427656 0.621215 0.719178 -0.549803 0.487645 -1.659956 -0.461561 -1.443265 0.265038 0.882727 -0.397459 -0.505586 -1.752039 0.897071 -0.670250 0.453697 0.384935 NA -1.036656 NA -1.209532 0.257123 1.090768 0.434144 -0.015288 -0.041035 -1.272355 -0.601772 0.778112 -0.016794 0.772531 0.829275 1.000000
54 1.676086 1.200292 -3.580883 -0.613479 -0.504215 1.152877 -0.841511 NA 0.433286 0.568692 1.118550 1.758591 0.334117 -1.351886 -0.102979 -0.247350 0.536653 -0.744279 -0.743599 0.898750 -1.658274 0.456282 NA -0.257493 -0.430743 -0.045420 1.680603 -0.881430 -1.496616 0.920402 0.102340 -0.753096 -0.012997 0.343363 -0.894099 -0.860481 -3.907488 1.540905 0.489318 -0.272837 0.001170 -2.016427 -0.412422 -0.676104 0.551623 0.033397 -0.523373 NA 1.169046 -1.577622 -0.515073 -1.356193 1.395677 -0.895183 1.620912 -2.609776 -0.037200 -1.348561 -2.401099 -0.476495 -0.057166 0.339627 0.131728 -0.961883 0.036464 -1.955214 -0.062723 -0.022421 NA 0.135100 -2.614195 1.181078 -0.225928 -0.624510 2.387444 -0.226983 0.292191 2.170982 -1.179144 -0.854963 2.981535 1.000000
55 0.410184 -0.206600 -2.003998 -0.023986 0.172984 -0.808456 0.810950 0.047791 NA 0.142701 0.403816 0.448438 -0.702186 -0.080392 0.175551 -0.389814 -0.211136 -1.150851 -1.683129 1.118881 -0.416261 0.750771 -0.198791 0.036982 0.250632 -2.242231 0.083478 -1.934719 -1.446649 -0.013103 1.754480 0.295722 0.705709 -1.978020 0.333360 0.624160 -1.058758 NA -0.378519 1.505763 2.023363 -2.185883 0.679441 -1.102684 0.893744 1.543045 -0.480887 0.531349 -0.753485 2.228472 0.097085 -0.082966 1.428383 0.621964 1.969608 0.494029 -0.084015 0.189052 0.237735 0.524578 -0.923288 1.778823 0.370469 -0.082847 -0.839934 NA -1.141906 -0.028403 NA NA -0.157814 0.947326 2.263026 0.258069 0.124886 -0.564498 0.571721 0.376840 -0.071328 -1.290901 0.038270 1.000000
56 -1.227617 -1.372980 NA -1.521402 -0.789911 0.036089 -0.644006 -0.816856 -0.507022 1.653559 -0.457829 -1.171536 NA 0.572037 0.224017 0.978630 -0.333685 NA 0.462476 -0.224295 -1.198715 -1.610063 1.839154 -0.585576 -2.650259 -0.897232 0.713900 NA 0.263184 0.213634 0.464943 2.289549 1.160458 -0.326436 -0.483938 -1.827513 -0.544977 -1.907883 0.771404 -1.120234 0.266481 -0.992967 2.122650 0.721853 -0.345697 -0.849195 2.048286 -1.151708 -0.284130 0.554516 0.782926 1.646125 0.141725 0.445121 0.569375 0.945324 -0.685208 0.295201 0.428877 0.055809 0.110839 -1.624624 -0.603523 -0.908381 -0.077027 -0.317563 0.326907 0.976407 1.410523 -1.824476 -1.337380 NA -0.590569 -0.462683 1.546116 -0.575030 0.711405 -2.928889 1.399233 0.307458 0.732366 1.000000
57 1.476826 0.492054 1.087091 0.588343 -0.029954 1.772250 -0.616591 -1.718389 0.459872 0.971484 -0.427766 -0.060302 1.704370 2.475221 -0.334150 0.646013 -1.097785 0.242266 NA -1.016940 -0.167278 0.241337 0.571224 0.769144 0.151617 0.030603 2.399460 1.287280 1.265085 0.701143 2.325924 -2.177591 -0.371500 -0.316161 0.019610 -1.771124 -0.102594 0.570772 1.227749 0.945825 -1.190834 -0.068037 1.291926 1.450034 0.458785 0.054483 NA 0.418805 -1.370362 NA 1.230333 NA 0.466739 0.104495 -0.556303 0.221619 0.355525 -1.314956 0.340435 0.841938 0.743666 0.000805 -0.962817 -0.619940 0.164764 0.722424 0.706551 -0.578555 0.888050 -0.243204 2.145314 0.696604 -0.446609 1.076696 0.686025 -1.410630 1.713005 0.017883 0.671594 NA 2.062347 1.000000
58 0.868728 1.365799 -1.535766 -1.195097 -1.449734 -0.706801 -0.559444 0.031024 -1.085870 -0.213018 0.496914 -1.540565 0.974730 -0.838102 -0.569140 -0.137440 0.634610 -1.797209 -2.224755 0.957858 0.664475 -0.742663 -2.164819 1.386414 -0.943097 0.828473 -1.136342 -2.303547 NA -1.079659 1.110161 -1.424256 0.155143 -0.822848 -0.080622 1.490096 1.570823 -0.166623 0.523525 -0.925678 0.111473 0.546600 -0.420881 -2.022830 -0.331023 0.980805 0.350996 -0.167723 -0.866897 -1.621759 0.275630 0.271906 -1.498828 0.905876 0.233537 -0.390716 -2.222762 -0.438848 1.779689 -0.152268 0.212373 NA 0.270794 1.088483 0.394952 0.336600 -0.556956 -0.021389 NA -1.222373 2.195918 -0.981907 NA -0.140406 -0.127560 0.061587 0.580300 -1.245769 -0.996651 -0.869174 1.890157 0.000000
59 1.448330 -0.600207 -0.321254 -0.357482 -1.138253 -0.187510 0.942345 0.143484 NA 0.900473 -0.285820 0.967059 -0.256570 -0.315953 -0.645190 -0.806703 -0.786930 -0.615324 -0.107844 0.493770 -1.363894 1.764550 1.810053 1.648460 -0.840642 -1.714934 1.062637 NA -1.922643 1.173492 0.107060 0.632962 -0.132843 -1.451200 0.166905 1.567095 0.017561 0.755095 0.881272 -0.800476 0.576313 0.720037 -0.118078 1.467736 0.530338 -0.939358 -0.027742 -0.725136 0.252608 0.342173 1.105530 0.556997 0.826563 1.312842 -0.780956 NA -0.002492 0.451736 0.593842 1.429679 NA -0.024241 -0.096966 2.577442 -0.869842 -0.547614 2.313256 -1.218822 NA -0.227091 1.658102 -1.006043 0.241878 1.152019 -0.155469 NA NA -1.915533 0.052713 -0.088574 1.234483 0.000000
60 0.074773 -0.755369 -0.358646 -0.428718 -0.635309 NA -0.922510 -2.504863 -0.244936 0.458125 -0.066976 -0.299043 0.548792 -1.967031 -1.038161 0.668857 -0.896961 0.589285 1.493846 -0.354252 0.327967 -0.167952 0.964077 0.419395 -0.544075 -1.057531 1.655147 -0.377006 1.210356 -0.730496 0.235434 NA 0.704740 0.750537 -0.031869 -0.203556 -0.710277 -0.833168 1.473174 -0.915203 0.516117 0.548974 0.814975 0.288881 0.735328 2.116316 -1.989391 -1.656667 -0.218659 0.420424 -0.841260 1.863659 -1.026235 -0.927200 1.594908 0.185214 -1.450115 -0.123090 -1.553796 0.069146 -1.833081 0.840066 0.509254 0.761252 -0.278680 0.749017 -0.715388 -2.150035 0.335005 0.518906 -0.928087 1.781979 0.907053 0.486762 -0.619909 1.507872 -0.223794 0.537981 -0.026400 0.088905 2.133527 1.000000
61 -0.539839 -2.046822 0.946312 0.485675 0.606091 -1.578660 1.193965 -0.174251 -0.653867 1.242601 -1.504278 -0.276991 0.168531 2.464727 -0.144985 0.584996 0.407244 1.007915 0.525430 0.303564 -2.411649 -1.010644 -0.146438 0.261115 0.984176 -1.507792 1.526885 NA 1.483994 -0.001064 0.460801 -1.256526 1.149697 -1.608938 0.451446 0.946715 NA -0.167093 0.746556 1.024194 -0.124358 1.128708 0.225072 -0.397673 0.472096 -1.073230 -0.209526 -0.072477 -0.463681 -1.530737 -0.745713 0.157361 -0.501103 -1.405126 -0.328602 -0.536699 0.412078 -0.786394 -1.303261 NA -0.071419 1.640011 0.571961 1.837367 0.413970 1.413223 1.118356 2.099136 -1.186262 0.629994 -0.022447 -0.059016 0.827568 -0.601595 -0.554048 -0.515010 0.209215 0.622085 1.308837 0.256454 0.993802 1.000000
62 0.022568 0.122587 -0.745048 -0.076997 -0.659899 NA 0.146241 1.659041 -0.552698 -0.007682 1.343368 -0.515964 -0.269858 -0.128312 -1.391615 -0.446301 0.848561 0.066873 -3.876520 -0.070881 0.246196 0.717011 -0.100575 -0.338420 0.542129 -0.165040 -0.258018 -0.384644 0.657767 -0.280371 -0.374399 -0.103197 2.659671 -2.165186 -0.932792 0.789692 1.071730 -0.175441 -0.177996 -1.481522 -1.903934 -1.549491 -0.867134 -0.539983 0.032793 -1.209163 0.052835 NA 0.595347 -0.201563 -0.812842 NA 0.373298 1.151585 0.813861 -1.896931 1.694732 -1.354676 -1.481611 -1.109925 1.146867 1.040877 0.666355 -0.824881 -0.619212 2.323947 NA -1.172086 -0.554085 0.022761 -0.759268 -0.410200 0.335650 -0.673182 -1.301942 -0.143198 0.295163 0.150214 0.939231 -0.511402 2.131158 1.000000
63 0.269926 -0.429190 0.310278 -0.732476 1.503212 0.528909 1.067328 0.663234 -0.330148 0.210797 -1.664227 1.668594 0.027313 1.820293 1.738905 2.373385 0.156965 -0.019312 0.765094 -0.307294 0.102834 -0.560573 0.979329 -0.751074 -1.600552 0.281563 -1.763747 -1.528288 0.735810 1.389234 0.641696 -0.726489 -0.501385 0.127035 -1.047610 0.355710 0.449946 -1.105783 0.046916 0.878854 0.119084 0.096632 -1.663506 NA -1.422284 -0.484278 1.032119 -0.987002 0.342467 0.486952 0.613702 1.421507 0.877736 0.325076 -0.196195 -0.843040 -0.091430 0.993696 -1.683883 1.918031 -2.129804 0.134117 -0.938525 -0.447258 NA 0.356014 -0.844230 -0.639088 -0.019793 0.031796 1.654857 -1.194233 0.601680 1.959366 2.710607 0.773621 -0.638312 1.024866 0.429882 1.972101 7.286819 0.000000
64 -0.778349 0.336193 1.284974 0.567732 -0.714313 0.204866 -0.715337 -0.890916 0.082635 0.525168 1.855910 0.395686 NA -0.469953 -0.577070 -0.445146 -0.614864 0.272368 0.272511 -0.412706 NA 0.341529 1.115561 NA 0.214040 -0.661798 1.649376 0.380445 NA -0.045735 -0.415115 -0.451434 -0.070123 -0.710846 0.222498 0.343737 0.292995 -0.972317 -1.160835 -0.701016 0.614641 -1.087736 NA 1.126958 -0.315733 0.092906 0.173790 1.092537 NA 1.020155 1.673454 0.924107 1.124516 -0.875359 0.178446 -2.065404 -1.798366 -0.723065 0.180903 0.573015 0.426815 0.021561 2.586785 0.460746 0.037182 -1.525121 0.983746 0.324941 -0.991427 -1.660668 -0.211917 NA -0.163463 -0.337713 -0.918347 0.443557 -0.774321 -2.329291 -0.348761 0.116621 6.654104 1.000000
65 0.786278 0.976632 2.037698 0.085752 -2.060394 -0.084028 1.181281 -0.816346 -0.502892 0.467032 -0.725304 -0.695357 0.239859 -0.008850 1.442913 -0.298155 2.392515 -0.862081 1.822358 -1.921772 0.455034 0.006442 -0.868181 2.959209 0.649603 -0.098095 0.638839 -0.085288 -0.395390 0.396768 0.835117 0.229635 0.082106 0.721314 -0.343259 -0.314796 -0.307375 0.220375 -0.315883 -0.361957 -0.249501 0.346323 -0.465426 NA -1.121301 NA 1.181760 1.862685 0.040689 0.395373 0.018245 1.045650 1.194410 0.239133 0.085498 -1.163716 -0.899989 0.236535 NA 0.153565 -0.259902 -0.664101 -0.226322 1.229940 -0.919477 -0.686591 0.299604 0.833104 -1.368846 0.849066 -0.755744 -1.176736 -1.543352 0.806741 0.120264 0.096510 0.476570 0.819986 0.291409 -0.044753 1.987806 0.000000
66 0.830607 -1.592060 -0.394255 NA -1.006005 0.307609 -0.768933 -0.492503 NA 0.264296 -0.353534 -1.007080 -0.324382 -0.017985 -0.331312 -0.089764 -0.159345 -1.103832 0.735902 1.173739 -0.087956 1.025229 1.021599 -0.649224 -0.661109 -0.005782 1.380453 0.107659 0.528797 1.234848 0.950955 -1.597682 1.099507 -0.510989 0.025329 0.227364 -2.575452 1.166228 -1.448226 -0.386269 0.294578 1.394888 3.311323 -1.059995 NA -0.806449 -0.594182 -0.287596 -1.281375 -2.166463 -1.173019 1.282638 1.840538 0.748616 NA -0.619151 -1.046211 1.134415 1.262615 -0.157949 -0.127739 -0.939844 0.277068 1.599203 NA -0.834820 -2.223238 -1.156084 1.234499 0.067053 0.074001 -0.564363 -0.217246 0.132588 0.546685 -0.894935 -1.364885 0.398699 -1.111141 1.348656 2.520934 1.000000
67 1.194846 0.436079 0.254653 -0.861540 -1.789391 NA -0.261872 0.003097 -0.640446 -1.200141 -0.263104 -1.056997 -1.798170 -2.183478 0.457307 NA 0.013782 -1.007633 1.433849 -0.844535 0.450374 -0.133701 0.098051 -1.262395 -1.105335 -0.509502 -0.283287 -1.475864 0.133327 NA -1.455001 -0.477631 -1.553083 0.551325 0.074460 -0.255324 0.464016 -1.133484 1.149278 NA -0.057023 2.513864 1.216315 0.527837 0.322838 0.185473 0.993515 0.776434 0.261265 1.973489 1.548714 0.369739 -0.586595 NA -0.364203 -2.434731 0.269940 0.549843 -0.256162 -0.132881 -0.210560 -1.662909 1.850834 2.069444 -0.303248 -0.568882 0.093788 -0.353233 -0.296324 0.648735 NA 1.558613 NA -0.568211 -1.215017 -1.921786 -1.231088 1.047696 -0.450109 0.632073 1.758352 0.000000
68 0.059871 -0.692068 0.297729 0.817571 -1.027249 -1.718883 -0.864931 -0.156736 0.688879 -0.152346 0.077020 -0.968167 0.038758 0.053530 -0.045433 -0.426736 1.249201 0.840339 -0.299050 -0.901351 0.591443 1.237861 -0.881811 0.193367 1.865157 0.849016 0.157109 NA -1.319247 0.156791 -0.610373 NA -0.682158 -1.407360 -0.209081 0.471592 NA NA -0.547961 2.381930 0.201707 1.215241 0.358660 0.804877 0.794416 0.451046 1.029080 1.130543 0.230024 -1.793372 -2.819253 1.708513 -0.586384 0.097006 2.196000 0.891559 0.331605 -1.485432 NA -1.636869 -0.311207 -0.099511 0.202127 -0.635454 0.620051 -2.362082 -0.816507 -0.038208 0.498001 -0.055883 -0.744916 -0.158636 NA -0.420374 0.156652 -1.142229 -0.846836 NA -1.657078 0.017196 2.919047 1.000000
69 1.699463 -2.396184 NA 1.309106 1.199248 -0.193142 0.350189 0.842338 -0.843291 -0.576368 -0.280432 0.202032 -0.252175 0.533066 -3.169832 0.011663 -0.054590 -0.602764 0.816009 1.693542 2.140611 0.231979 -0.108641 -0.447112 0.992556 0.042327 -1.203511 -0.429734 -0.579214 0.467427 -0.070754 -1.553332 -0.039486 -0.291238 0.368211 0.221252 1.061808 -0.335483 -1.160584 -0.324488 0.195394 0.580990 -0.604201 1.546813 0.801534 0.947274 0.628753 0.235077 -0.297392 -0.395693 -2.658697 1.136718 -0.299791 -2.023870 -1.161684 -0.451135 0.113930 1.595634 1.186110 -0.164221 -1.024938 0.819800 -0.186054 -0.508255 0.084797 0.678756 0.502950 -0.597323 2.116616 0.026849 -0.478441 -0.447758 -0.929178 1.070568 -1.121754 0.056384 -0.387437 0.180950 0.910135 -1.263093 0.019815 1.000000
70 0.955134 0.883355 -1.744070 0.387842 0.854709 -1.011555 -0.548802 0.760007 0.370148 -1.286542 -0.531176 -1.292320 1.373561 -0.653182 -2.042068 NA -0.469846 -0.258783 -0.170909 -1.020468 0.079152 NA 0.505858 -1.627258 1.037511 1.154045 0.901503 -0.570114 0.704432 1.700973 NA 1.068364 -0.974676 0.415439 0.516005 1.830491 0.577259 -0.946280 -2.546902 0.039901 0.509781 -2.572671 -1.104494 0.596709 -2.787598 0.081725 0.945587 -0.326460 0.568457 NA -0.268520 -0.257504 1.013626 1.121014 0.250495 1.257142 -1.168832 0.100446 1.280411 -2.447691 0.566481 1.972745 -0.527030 -0.652324 0.991023 0.751443 -0.029790 0.226588 1.175405 1.950796 0.325638 0.444394 -1.217430 0.540250 -0.538530 2.166735 -1.980027 -0.777406 0.093988 -0.153833 1.276209 1.000000
71 0.413204 -0.150881 -1.306815 -1.355590 -1.125243 1.502212 1.282884 -0.576341 -0.387968 -0.247892 3.713478 1.236195 0.187184 0.548114 0.926631 -1.304465 -2.081816 -2.002733 0.938599 -1.155683 -0.995022 -0.998200 -0.403829 -0.127871 0.507624 0.314707 0.463035 1.539272 0.579865 0.152602 -0.829511 0.638074 -0.533580 0.049404 -0.825391 1.368262 -0.187607 0.675728 0.661536 -0.721109 0.469779 -0.129929 0.571214 1.830055 0.204285 0.001217 -1.878703 0.741221 1.246805 0.483884 2.455663 0.313295 0.319435 0.419891 1.584717 0.584226 -0.600765 -1.669589 2.585377 -0.613142 NA -0.387795 -1.553888 -0.342443 -0.305229 -1.630607 -0.895151 -1.523962 -0.169611 0.301063 0.570775 0.021937 -0.248908 1.282072 -1.397473 -0.297107 0.139857 -0.291522 0.273127 0.501204 6.310487 0.000000
72 1.330973 0.614018 1.583824 0.220464 -0.640060 0.802783 1.714552 NA 0.925881 2.457778 -0.420803 -0.235037 0.571540 -1.298591 1.650434 1.287377 -1.332073 -0.516588 1.636713 -1.187953 0.055875 -0.130395 0.098281 0.440296 -0.035244 -0.183450 0.639768 -1.250707 -1.288749 NA -0.668293 -0.534782 1.180939 NA 0.254832 0.415672 1.148577 0.185248 -0.531805 -0.243819 -1.011792 -1.832688 0.715458 -1.376246 -0.301963 0.312840 0.135457 1.089865 -0.543049 -1.435071 0.843577 -0.272454 0.514246 -0.331634 -0.504458 -0.868268 0.312190 -1.123439 2.147803 -0.615807 0.889826 0.777251 -1.153022 -1.117745 -0.863876 0.214762 -1.604276 0.771217 0.964681 0.574044 0.672977 1.132932 -1.295062 0.404242 0.479457 0.117542 2.051197 0.077036 -0.800493 -0.648797 11.140406 1.000000
73 -1.155612 0.359929 -0.616317 -0.788796 0.172371 0.300677 NA -2.135590 0.527459 0.490660 -0.083406 -0.407535 -1.475648 -1.177608 -0.210366 0.735055 0.813787 -0.474923 -0.476023 -2.314429 2.050644 0.382482 -0.504401 -0.952968 0.987496 -0.935917 -1.807987 -1.819883 -2.618482 -0.998502 0.109384 -0.446326 0.141150 -0.810358 -0.398555 -0.216118 -0.282259 -0.145328 0.323697 0.016479 0.306461 -0.713009 -1.138889 0.868049 -0.208270 1.298679 -1.874569 -1.134781 1.335498 -1.839524 NA -0.854545 1.253430 0.390853 -1.108091 0.464427 -0.085315 2.891493 NA 1.003531 -0.053027 0.477830 0.071929 0.448217 NA 0.322251 0.953084 1.443719 0.919956 0.879535 -0.639555 -1.449359 1.419565 -1.090704 0.752157 -0.210921 -0.465935 -0.847949 -0.135057 1.423642 5.708212 0.000000
74 0.713040 NA 0.219241 0.037828 -0.851052 -0.239900 0.635196 -0.123370 -0.018042 1.691049 0.489019 -0.254065 0.258708 -1.280541 0.465631 0.551250 -1.267565 0.740586 -0.222160 NA -0.339256 -0.415225 0.651303 -1.252838 -0.315220 NA 0.288026 -2.482955 -1.596328 -0.109695 -0.700222 -0.242930 -0.238728 0.938355 -0.161791 -0.458407 1.677119 -0.834288 NA 0.075071 -0.855950 -0.415839 -0.844518 2.283051 1.329404 -0.926298 -1.941997 0.440130 0.148277 0.083974 -0.669685 1.328375 -1.275741 1.125581 2.036701 -0.897263 0.371836 -1.047761 -0.012663 0.272820 NA 2.177781 0.344072 -0.065698 1.163962 1.067702 -2.137511 -1.052258 -0.177424 -1.206519 0.175996 2.496660 0.394888 -0.510022 3.130402 -0.298788 -0.272270 -1.003643 0.026930 1.362331 0.923845 1.000000
75 -1.455361 -0.890625 1.346200 -0.556235 0.404340 -0.384151 0.091842 -1.233510 0.773797 -0.034488 -1.325661 0.789368 0.841937 0.584808 -0.861287 -0.653701 NA -0.580569 -0.680929 0.853490 0.999281 0.607312 -0.502681 0.031017 0.090577 0.236496 -0.108254 0.798557 0.510144 -0.128892 -0.118081 -1.020006 0.633787 1.404507 NA 0.094489 -0.540424 -0.545370 2.491138 -0.522337 -1.053647 0.601528 0.115518 0.426480 -1.376620 0.861664 1.443492 -0.649963 NA -1.618643 NA 0.983035 -0.175040 -0.807120 0.412294 0.412781 -0.476132 0.290734 0.073602 1.306847 -0.044005 0.997443 -1.033769 -1.496741 -0.259509 -0.757985 1.361021 0.180982 -1.255672 0.864855 -0.253682 1.007691 NA NA -0.531220 -1.058258 -1.263543 -2.519774 -0.079717 0.541397 0.971719 1.000000
76 NA -0.095945 -0.133379 2.604097 -1.507208 -0.409121 1.005196 2.409627 -0.608411 -2.899087 -0.960403 1.771523 0.335780 -1.987385 -0.721062 0.040975 -0.317468 0.957426 NA -1.354610 0.352753 0.565335 -0.194730 -0.377213 -1.084124 0.501088 -0.746304 1.183134 0.798739 0.107158 -1.475075 1.122860 -1.170978 1.300089 -0.166615 -0.475124 -1.205338 0.596971 -1.319187 1.047002 -0.749639 0.961153 NA 1.110114 -0.218898 -0.890244 0.262169 -0.648036 0.196356 1.088357 -0.742399 -0.276486 0.580891 -0.949172 -0.048997 -0.551558 -0.735976 1.381119 NA 2.272871 -0.779504 -0.316926 0.395666 -0.796017 -0.421799 -0.396111 1.783718 0.950375 0.785985 1.331550 -1.213083 0.043926 -2.088195 0.478826 0.607047 0.390954 -0.639624 0.708819 0.168270 -0.329342 1.105539 1.000000
77 -1.237686 0.131792 1.071770 0.606426 0.929950 NA -0.660034 0.549254 NA 0.065796 1.141761 0.600303 0.973208 NA -0.373406 0.801155 0.134655 1.640771 0.057396 -0.478298 0.662097 0.259036 0.691288 0.360908 0.371351 1.498351 -0.618125 1.284789 -1.686416 0.005134 -0.311766 0.861461 -0.952116 -0.621658 0.030710 0.357573 1.095792 -1.158372 0.879768 NA 1.339658 0.372221 1.417068 -1.276404 -1.749908 NA 0.632930 NA -0.377933 -0.638704 -0.015879 -0.880348 -0.207933 0.509576 -1.146084 0.081971 1.329675 1.897274 0.691276 -0.477466 -1.089008 0.936936 -0.959852 NA -1.141258 -1.120244 -0.757289 -0.950860 -0.110896 1.228246 0.752744 0.265583 -1.278591 0.440050 0.633109 -0.513130 0.471014 -1.029872 -0.765479 0.164292 2.044242 0.000000
78 0.017328 0.041359 -0.784666 -0.208807 0.464843 -1.044331 -0.671060 -0.873890 -0.093005 -0.395565 -0.919890 0.241749 0.240522 0.990164 1.570224 0.052920 0.149659 0.882579 0.127574 -0.201063 0.583174 1.213580 0.448133 1.266996 -1.973116 1.594000 1.146235 NA -0.588934 -1.264396 0.623923 -0.408130 1.407123 -0.319787 1.790268 -0.798194 NA -1.464658 -0.709267 -0.103643 0.118267 0.331059 -0.080388 0.364886 -0.383461 0.411105 1.438546 -1.635131 -0.095981 0.509868 -1.355293 -0.619424 0.573761 1.105394 -0.114128 0.444683 2.139240 NA 0.181830 -1.302823 0.733025 0.519441 1.155248 0.282256 -0.062246 -0.850058 0.691733 NA NA -1.126671 1.043311 -1.428260 0.551091 -1.447982 1.821272 0.022102 1.321304 0.162449 0.645594 -0.749360 7.752240 0.000000
79 -1.417847 1.999152 1.963985 -0.636463 0.697443 -2.133982 0.608139 0.315631 -1.285678 0.722440 NA NA -0.413963 -1.600770 -1.465676 -0.338726 -0.582355 -1.515539 -0.841677 -0.350431 -1.008738 1.030259 0.656036 -0.583350 0.468829 -0.188860 -0.337754 1.146349 NA -1.060017 -1.701825 NA 1.607351 -0.118879 -0.181712 0.068748 0.736844 0.440289 0.136112 -0.968415 -0.725922 -1.175651 2.213192 -1.896486 -1.023122 2.199589 -0.778113 0.101789 0.121936 -0.049433 0.272900 0.508280 -1.159060 1.365924 -1.298136 -0.590244 -0.137303 -0.564010 -0.047270 1.166606 NA 0.512778 0.555848 0.623350 0.146048 -0.579028 -0.570313 0.043397 0.818532 0.213563 -2.159683 -0.482244 1.853541 -1.420708 1.367677 -0.282274 -2.498078 -0.065496 NA 1.087206 0.998273 1.000000
80 0.127665 1.190992 -0.491576 -0.568226 0.904681 -0.404044 -1.286312 1.008756 -1.705676 0.033549 -0.462366 -0.601080 -1.182991 1.043948 0.936612 1.753117 0.318849 -0.947161 0.382953 0.038121 -0.594670 NA -0.035826 1.333415 -1.230887 0.094753 -1.324614 -0.448636 -0.178127 -0.659749 0.308786 NA 1.548432 1.108037 -0.557051 0.229089 -0.866724 1.085079 -0.753967 -0.580144 -0.674826 1.801109 0.045932 1.165353 0.328276 1.524547 0.779892 -0.609858 -1.037005 NA -0.381413 1.382046 0.271991 NA -0.259998 0.510612 0.213797 -0.920882 1.108460 0.359923 -1.377836 -1.194217 1.492198 -1.919891 1.181941 NA 1.077372 -0.094937 0.457301 0.637555 -0.131617 -0.700019 2.052150 -0.387461 -0.094417 -0.980377 0.223953 -0.753483 -0.464881 -0.220616 2.969802 1.000000
81 -0.724296 0.628393 1.119138 -0.719190 2.334187 -1.535463 1.458065 -0.657168 -1.432503 0.004987 -2.111115 -0.583488 0.589826 1.177773 0.559914 0.356315 -0.614209 -0.633229 -0.214267 NA 1.558088 1.548837 -0.885800 0.623591 1.537147 1.479765 -0.905992 1.134026 -1.431430 -0.504606 -0.124007 1.349892 0.097323 -1.058485 -0.794979 -0.584495 2.378205 -0.826003 1.106912 0.760620 0.626297 0.511542 -3.124967 0.213017 -1.501679 0.145119 1.379986 -0.386481 -0.045223 -0.016177 0.121294 -0.284429 -1.363719 0.384728 -0.146077 -0.143040 0.725856 -0.286793 0.340232 -0.133229 -0.284114 1.296157 -0.040329 -0.156120 -1.144870 NA 0.827367 1.320408 0.485766 0.380511 -0.368267 -0.743074 0.660535 -0.599911 1.573981 1.036434 -0.146933 1.004015 -0.313941 0.754911 4.784774 1.000000
82 -0.600732 0.801819 NA 3.030029 -0.434914 0.983374 1.267467 -0.149306 -0.746813 -0.015809 0.201569 0.886201 0.438243 1.043468 2.057223 -1.045338 0.836773 0.165111 0.523656 -1.025626 1.328656 0.591279 NA 0.980686 0.770637 -1.483771 0.855085 -0.846279 -1.051641 -0.122118 -1.135349 0.392700 -2.363471 0.484419 0.128336 NA -1.174392 0.559413 -0.428048 NA -1.529557 -0.435516 1.205490 -0.130674 0.741290 0.597388 -0.027897 -0.451576 0.004136 2.716344 1.065776 -1.520116 -0.867094 0.266450 1.162898 -0.500722 -1.077178 2.339204 -0.067527 -2.272218 -0.119808 -0.928926 -1.021628 -0.559662 -2.636007 -0.015253 1.743369 0.214130 0.920797 0.244530 -1.118916 -0.129667 0.779547 -0.054854 0.353044 0.057219 NA -2.351718 -0.350942 -0.009869 0.259643 1.000000
83 -0.552078 -1.777091 0.387527 -0.412005 -0.402373 NA -0.239676 -0.364329 0.982764 0.205501 0.538656 0.582241 0.153822 1.885986 0.842189 -0.088118 NA 0.114766 0.466010 -0.377561 -2.081919 0.808666 0.348619 NA -1.081314 NA 0.764136 NA -1.041474 0.103403 2.189297 1.233419 0.635929 -0.021721 0.197131 1.232761 -0.141424 -0.189293 -0.464072 1.223804 -0.613645 1.542742 0.403193 -0.637389 0.479918 0.042980 0.954971 0.906574 0.350364 -1.492434 -0.241133 NA 2.133177 -0.974808 -2.152250 1.029658 0.721773 -0.188583 -1.187478 -0.271073 -0.143916 -1.080393 0.693824 0.141128 1.091112 NA 0.184589 1.383023 0.237992 0.428201 NA -0.859443 0.872533 -1.568818 -1.341479 0.810477 -0.594558 0.941281 2.163089 0.589235 1.769543 1.000000
84 1.110822 -2.380128 2.692505 1.795463 0.754283 0.061362 -0.291510 0.974428 -1.561156 -0.196807 1.090583 -0.019882 NA NA 0.065123 1.098466 -1.496291 -0.706691 -0.578293 0.347898 0.155761 0.188928 1.505008 NA 1.408657 1.295412 0.726768 -0.808172 1.313688 0.224824 -0.501127 0.242052 -1.629650 0.406325 1.411743 -0.882187 -0.277986 0.323311 -0.737577 -1.359516 -1.199750 0.318104 0.332111 0.171746 -0.293946 -0.298657 0.390017 0.570814 0.419798 -2.336420 0.902001 -0.664593 -0.020742 -1.841119 -0.951071 0.272347 1.159164 NA -0.610547 1.097577 0.419366 0.558299 0.137212 -0.736736 -1.207248 -0.927805 -0.355063 -1.636658 -0.952862 0.172870 0.222274 NA 0.485414 -0.881488 -0.486376 0.442113 -0.286241 0.494172 NA 0.427371 2.048115 1.000000
85 2.515257 -0.782148 -0.842425 1.939575 0.746569 -0.856939 0.019831 0.334537 -0.297652 -1.372779 -0.106181 0.313203 0.652057 0.017420 -0.774946 -0.162600 0.549663 0.782284 -1.332140 0.558190 -0.362774 -0.447003 0.028634 1.235734 -1.661740 2.563014 -1.377702 -0.533099 0.480564 1.029111 -1.478836 -0.322957 1.951967 0.126963 -1.468894 2.231672 -0.452608 1.894544 0.713260 -0.837962 2.450534 -1.799341 -1.032881 -1.022536 -0.416557 1.736875 0.617137 -1.021538 NA 0.578290 -1.203601 2.751177 -1.316777 1.781961 0.907313 -2.348261 -0.842661 1.379570 -0.295034 0.149326 1.065413 -0.089891 NA 0.428715 -1.294520 0.158526 -0.162746 1.028423 0.135706 0.576022 -1.144876 1.357282 -1.224067 NA -1.289675 1.473660 -0.234855 1.482487 -0.440613 0.946920 0.705288 1.000000
86 1.139626 0.235462 0.705845 -0.422050 0.691959 0.021501 0.136359 NA NA 0.931241 0.081261 -0.256589 -0.346706 1.760782 -0.226863 0.276689 0.226955 0.350350 2.073683 -0.768181 0.059743 0.933681 0.113678 0.771823 0.652488 1.695741 0.479987 0.981956 -1.613340 0.698321 -0.356313 -0.124788 0.249313 1.858522 0.052485 1.096699 0.440939 -0.345453 0.467947 -2.066697 -1.021886 -0.336798 -1.789801 0.465291 0.369974 0.885389 -0.104632 -1.096917 1.121901 0.021349 -0.117743 0.987661 -0.653860 NA -0.911116 -0.157221 2.435736 -2.028167 -0.818869 -0.074626 0.558281 0.470454 -1.678567 0.135865 -1.413562 1.491356 -0.442322 -1.423669 1.164962 0.382792 -0.261478 -2.652484 0.678486 0.370877 0.667176 0.602667 NA -2.015675 0.064820 -0.110958 3.595574 0.000000
87 -1.300135 -0.142298 1.228323 -0.264922 -0.073855 0.613415 0.467834 -0.560127 0.673097 0.373797 -1.391026 0.954049 -0.498434 0.426477 -0.538637 -0.261278 -0.119802 1.403755 0.291398 0.568363 -1.247377 1.221392 -0.498243 -3.475951 1.174374 NA -0.773845 0.883621 1.166631 -0.207209 -0.716712 -0.507874 1.062047 -2.640017 0.244309 NA 0.035026 0.429567 1.118512 0.389782 0.021293 1.133622 -0.069224 0.267824 -0.556432 -0.367900 1.570363 -1.055579 NA -1.026262 -0.818633 0.398723 1.119562 2.353492 0.301018 -1.658587 -0.373969 1.129731 -0.536672 -0.698926 0.908573 1.560527 -0.458177 0.203504 0.643394 1.450127 -0.103126 -1.320016 0.200963 0.154019 -0.267106 0.370504 -0.226045 -1.062714 -0.335741 0.792489 0.283146 1.621846 -0.271937 1.325751 5.758949 1.000000
88 3.123276 1.379883 1.625504 0.527386 1.194134 0.158832 -0.734949 NA -0.470857 -0.054996 0.667080 -1.203616 0.449177 -0.285041 1.972964 -0.321523 -0.568411 1.712865 0.701503 -1.448825 -0.204852 -0.263143 0.443731 0.368513 NA -0.037243 0.017528 -0.367760 0.923417 -0.218468 0.809835 1.527310 -2.115141 -0.988603 0.532200 -0.792232 -0.280462 0.315738 2.080198 -1.461793 0.092020 1.287944 -0.511214 -0.230996 -0.953867 -0.143917 0.090342 -0.016972 0.941211 -1.499725 -0.245108 -1.429027 -0.502302 0.529032 NA -0.508580 0.359974 -0.091574 0.191908 -0.734669 0.449780 0.355991 0.086267 -0.229269 0.238303 2.560133 1.270050 -1.350509 0.230378 1.462542 NA -0.841415 0.448134 -1.736259 -0.608839 -0.249562 0.874001 0.493328 -1.050473 -0.240722 3.806637 1.000000
89 -0.389270 -0.110245 -0.942737 -0.921524 -1.349306 -0.056251 -0.165359 -0.570323 0.918261 0.907685 0.835401 -1.003269 -0.068713 1.826410 0.311096 0.073170 0.348927 -0.645744 0.282145 -1.240270 -1.746808 0.991136 0.544843 1.124889 0.852180 -0.349167 0.329536 -1.617590 -0.417042 0.561628 0.277061 1.054004 0.335400 -2.053855 -1.859568 1.570120 -0.588792 0.546670 -0.091020 0.057704 1.038052 0.750186 -1.024599 0.092895 -0.146093 NA 2.017320 -0.272705 -0.104876 0.096095 -0.013913 0.439531 NA 1.088936 0.751405 -0.913805 1.001174 -0.310866 -0.835046 0.081805 -0.671221 0.750086 -2.644551 -0.764324 0.362736 -0.877303 -0.175508 0.493039 -2.045874 -0.798075 NA NA -0.178475 1.563995 0.183126 0.186130 -1.053184 1.796538 -0.724686 1.031068 3.680809 1.000000
90 -0.136639 -0.044911 1.253666 0.676866 -0.102476 -0.120242 -0.418124 -0.812516 -0.693973 1.191633 1.020982 1.429241 0.280226 NA -0.175588 -1.492955 NA 0.184675 1.693300 0.541356 NA -0.203250 -0.717902 0.175653 -0.316781 -0.031726 0.734642 -2.460447 -1.128716 0.886329 -0.646863 -1.155402 NA NA 2.259405 2.077144 1.661208 0.090095 -0.188299 1.803505 -0.894934 -0.722978 0.455936 1.094087 -0.272960 -0.404754 0.910445 -0.365027 -0.871258 0.146999 0.761192 1.148366 0.396647 -1.051875 -0.889698 -1.846983 0.733270 0.917520 0.091734 -1.566005 1.349526 -0.898113 -0.264697 -1.781731 0.688571 1.646702 -1.548484 0.167013 0.948401 0.871909 0.630407 -0.086500 0.412311 0.151883 -0.091205 0.543332 0.203511 NA -1.771882 NA 6.797257 0.000000
91 0.412009 0.344590 -0.352714 0.707782 -0.921387 NA -0.622213 -0.282484 -0.455941 NA 0.672850 -0.567011 1.185645 NA 0.250102 -1.306809 0.728160 NA 0.524453 1.052513 -0.389190 -0.053059 -0.837689 -1.753423 -0.091108 1.167110 0.037590 0.325720 0.752418 -0.176515 1.222402 1.515619 0.749469 -0.021190 -0.251464 -2.367274 0.760777 0.817628 -0.714049 -2.579561 0.108782 -0.993594 -0.720249 0.531568 -0.151133 2.205455 0.355732 -0.173088 0.195306 -0.682064 -0.312020 -0.210774 0.965003 -0.315535 -0.120802 -0.780844 0.137193 -1.563946 -0.365206 -1.131735 -0.096473 -0.699559 -1.450990 1.125073 -0.845915 1.127123 -0.039687 0.181259 -0.439524 0.591915 -0.034984 -0.496797 -1.088729 0.863220 -0.401109 -0.169754 -1.528925 -0.147727 0.518582 -1.772881 0.930797 1.000000
92 0.326695 0.177897 0.564329 0.742459 1.334560 -0.512794 1.182397 0.269378 -0.105574 -0.074964 NA 0.053345 -0.271661 0.790923 -1.103651 2.117407 -0.419153 1.271747 -0.237352 -1.205138 0.542174 -0.497463 -1.061455 0.340374 NA 0.273075 -1.448794 -0.592260 -1.047620 NA 0.684795 -1.219206 -0.907644 3.116396 -1.382162 -0.168056 -1.434783 -0.503584 0.507404 -1.242849 0.941951 -0.047147 0.697561 1.355013 -0.927034 -0.960787 -0.274581 1.738749 0.507116 0.614117 -0.049795 0.793902 1.028493 0.736473 0.422059 -0.689206 0.027033 1.284396 0.304864 0.417002 0.603243 NA -1.516088 -0.558426 1.378628 2.123554 1.015979 0.295427 -1.331218 -0.156300 -0.075122 -1.297099 0.300113 -1.440166 -0.220327 0.344313 -0.322477 -0.018382 0.907627 1.481860 4.257798 1.000000
93 0.219796 0.847294 NA -0.621682 1.018470 -0.668325 NA -1.195087 0.875964 -0.949165 -0.646220 0.211482 -0.228485 -1.477944 -0.129773 -0.084290 1.012979 -0.222836 -1.580296 -0.764404 -0.290716 0.509337 0.814051 0.203090 -0.363157 0.835665 -1.300695 -0.367544 -1.573925 0.179358 -2.884381 0.363199 0.821717 0.632724 -0.285276 NA -1.439665 0.049641 -1.529938 0.158377 -1.516812 -2.097795 -1.097114 1.557548 -0.234041 0.116792 1.654156 0.168870 0.145803 1.189577 2.270604 -0.141473 -0.097298 0.917202 -0.573384 0.410123 1.006154 -1.344673 0.493850 -0.011042 NA -1.739716 -0.232655 -0.293130 -1.516468 0.449028 0.139275 -0.334011 -0.282757 0.269248 0.667500 -1.283089 -0.448249 -2.167333 0.285524 0.234855 0.261258 0.120840 0.718994 -0.256863 0.955783 1.000000
94 -0.082948 -0.895608 -0.311093 -0.391423 0.218452 0.086827 NA 0.517870 0.184974 1.180403 -1.640934 -1.746900 -0.050762 2.086876 -0.016977 0.244891 1.238308 -0.670530 NA 1.255802 0.244661 0.572946 NA -0.672590 0.846314 -0.788231 0.912904 -1.685398 0.596787 0.982893 1.225837 0.665009 -0.959499 -0.242498 NA 1.117056 -1.552012 0.694601 -0.798894 -2.006102 -0.782372 1.708963 1.570318 -0.388894 0.397091 0.057276 0.146479 1.255492 -0.296833 1.912263 -0.840649 0.241687 1.063635 -0.515207 0.340263 0.780411 -1.126087 0.907194 0.477095 0.153310 0.676532 -1.200537 1.058693 0.456962 -0.038982 -1.043250 0.791642 -2.082899 0.603492 1.252589 1.824104 -0.753103 0.331335 -0.521105 -2.222452 -0.240455 -1.056624 0.917540 1.218806 1.433773 2.383329 1.000000
95 -0.046392 1.212894 0.444574 2.861234 1.462776 -2.052174 NA -0.760626 -0.107139 -0.906874 0.418316 1.102952 -0.918903 1.083240 -0.059267 0.898946 0.464624 -0.343561 -2.258391 0.449144 -1.678907 1.267467 -1.091141 0.721665 -0.746130 -0.234014 1.072623 -0.573631 1.456330 -0.411767 -0.174857 -0.235169 -1.382115 0.712735 -0.549853 0.165795 -0.967085 0.702419 -1.289073 -0.129537 0.772585 1.411367 1.480411 -0.378078 -1.083981 -0.430546 1.699617 1.518117 0.666905 -2.124504 -0.271481 0.654555 0.241931 1.899198 0.548787 -0.280116 0.481844 -2.733510 0.268088 0.352091 -1.734584 0.715553 -1.208214 0.660857 0.272012 -0.519519 -0.152067 -0.389406 -1.649378 1.337412 0.536009 0.244020 -1.118078 -1.848235 -0.350658 0.988002 0.540349 0.887224 -1.385943 0.128486 2.453138 0.000000
96 0.385661 -0.770968 1.295890 -1.074657 1.141602 0.145095 1.092969 -0.262374 -0.344292 NA -0.988234 -0.065375 1.791205 -0.572878 0.334636 1.153271 0.402374 -0.441083 0.183967 1.408350 -0.126981 1.098892 -0.782209 -0.815604 0.017276 NA 0.202063 -0.590744 0.657446 -1.293383 0.487685 0.560146 0.680884 0.031982 -1.345479 -1.461009 0.295546 -0.485135 -1.007381 1.341101 -0.365822 -1.010238 0.157633 1.257600 1.585060 1.377988 0.499651 -1.941415 0.694439 0.324399 -0.951270 0.997585 -1.661589 0.530815 0.722866 -0.051289 -0.137781 0.673974 -1.765483 0.144612 -2.072372 NA 0.663375 0.190106 0.100937 -0.551826 0.153753 -0.771177 -0.016976 -0.643737 2.705994 -1.650594 0.426825 0.805866 0.598154 0.573350 1.262031 1.432290 0.836608 -0.822697 0.187412 1.000000
97 0.928942 -0.476715 -1.944495 -0.173164 1.579689 0.013153 0.181217 -0.667585 0.095271 -0.630689 -0.058787 0.651609 1.027373 -1.000744 -0.630034 -1.550800 -0.805156 -0.088512 -0.353814 -0.940692 -0.670239 0.032264 -2.285004 -0.740503 -0.891784 -0.121134 1.288226 1.819587 0.805966 0.453487 0.820108 -1.558982 -0.634570 0.019124 0.031809 0.563149 -0.706134 -0.104341 0.415919 NA -0.695277 1.556254 -0.986560 0.147961 -0.213878 1.784917 NA 0.057277 1.880294 0.070842 0.151729 -0.049966 -0.168617 -0.634740 0.081696 -1.034667 -0.972437 -2.002423 -1.213559 -1.335843 -0.380140 1.120044 1.937075 -0.435626 0.262952 1.287312 0.269153 -1.176061 -1.888790 -2.652356 0.473611 -0.423450 0.961557 -0.929251 0.513262 1.859798 -1.341387 -0.533221 -0.063757 0.502358 0.006256 1.000000
98 NA 0.210735 0.215208 -0.827519 0.794904 -0.956926 -0.629031 -1.369483 1.382786 -0.557200 -0.605406 -1.730257 0.593103 -0.962822 -0.674487 -0.098154 0.703033 NA -0.516379 -0.462726 -1.751736 -0.742396 1.388478 0.978794 0.317418 1.160912 -1.955776 -0.231939 1.523914 -1.670453 -1.878854 -0.053869 0.285059 0.851161 -0.677328 -1.388124 -0.869689 0.640315 0.890184 -0.183616 -1.387095 -0.682671 -0.038855 1.323878 2.122044 0.693537 -0.795701 -0.667183 -2.452299 0.672426 2.196029 NA 1.263598 -0.978638 0.007495 -1.963547 -1.869412 -1.070602 0.633766 -2.807718 0.128511 -1.518526 -0.647242 NA 0.252540 0.951670 -0.783812 -0.375046 -0.305640 -0.342231 -0.774160 -0.946184 -0.332610 -1.516922 0.543555 -1.457649 -0.931253 -1.092453 2.074130 1.670046 5.356786 1.000000
99 -1.163129 -1.911792 1.475533 0.867500 -1.133673 0.231909 -1.850122 -0.503860 0.504715 -0.273308 1.951596 1.559737 0.223172 -1.172307 0.147067 -1.467969 1.056291 -2.047094 -1.051478 -0.214809 -0.996778 -1.364677 1.243285 -0.775252 0.106739 1.948674 -0.218552 0.475903 -0.957409 -0.559595 0.534559 -0.401001 -0.710596 1.481259 -2.324417 -0.781116 -0.404555 -0.764840 -0.149338 1.587942 1.463608 -1.405856 0.668794 0.611208 0.288976 -0.128683 0.556132 0.076026 0.989167 0.373316 0.377421 -0.465742 -0.745586 -1.095772 -0.496706 -0.399586 -0.769839 -0.029081 -2.578620 0.861048 -1.678579 -1.852734 0.844879 -0.604250 0.023722 0.767626 -0.464127 0.848315 -2.452968 0.309811 -0.611790 -0.475726 -0.904978 -0.305817 0.367039 0.266181 0.382583 -0.375559 0.320344 0.560416 5.613248 1.000000
100 0.151017 -2.307474 -0.535247 0.198941 0.409594 1.302741 -0.015080 0.515355 1.164097 -1.283649 -0.319248 3.203959 1.163941 -1.538515 -0.568000 0.870910 NA -1.924059 0.154369 -0.101280 -0.353954 -0.185521 0.418377 -1.664137 -0.248271 0.294580 -0.793640 1.135843 0.363492 0.454270 0.064033 NA -2.427459 -0.448319 -0.298926 0.449059 2.344473 NA -2.003699 -0.992984 -0.142916 NA -1.232802 1.905618 1.098087 -0.539703 -0.019314 0.910882 1.376852 NA 1.005247 0.936713 0.628411 NA -1.011825 -0.217195 0.478930 1.124545 -0.513406 0.718852 -0.014078 -0.154750 -0.752943 0.118354 -1.357870 -0.411441 NA 0.933457 0.766195 -1.571703 -0.942031 -0.329514 -0.007835 -0.269347 -0.110745 0.841601 -0.743886 0.929186 NA -2.382995 2.072404 1.000000
uncorrelated Gaussian covariates
missing covariate fraction: 0.050000
no latent classes
   lambda(t|risk 1)=C, <t>=4.000000 for zero covariates
   risk 1: beta[1]=0.000000
   risk 1: beta[2]=0.000000
   risk 1: beta[3]=0.000000
   risk 1: beta[4]=0.000000
   risk 1: beta[5]=0.000000
   risk 1: beta[6]=0.000000
   risk 1: beta[7]=0.000000
   risk 1: beta[8]=0.000000
   risk 1: beta[9]=0.000000
   risk 1: beta[10]=0.000000
   risk 1: beta[11]=0.000000
   risk 1: beta[12]=0.000000
   risk 1: beta[13]=0.000000
   risk 1: beta[14]=0.000000
   risk 1: beta[15]=0.000000
   risk 1: beta[16]=0.000000
   risk 1: beta[17]=0.000000
   risk 1: beta[18]=0.000000
   risk 1: beta[19]=0.000000
   risk 1: beta[20]=0.000000
   risk 1: beta[21]=0.000000
   risk 1: beta[22]=0.000000
   risk 1: beta[23]=0.000000
   risk 1: beta[24]=0.000000
   risk 1: beta[25]=0.000000
   risk 1: beta[26]=0.000000
   risk 1: beta[27]=0.000000
   risk 1: beta[28]=0.000000
   risk 1: beta[29]=0.000000
   risk 1: beta[30]=0.000000
   risk 1: beta[31]=0.000000
   risk 1: beta[32]=0.000000
   risk 1: beta[33]=0.000000
   risk 1: beta[34]=0.000000
   risk 1: beta[35]=0.000000
   risk 1: beta[36]=0.000000
   risk 1: beta[37]=0.000000
   risk 1: beta[38]=0.000000
   risk 1: beta[39]=0.000000
   risk 1: beta[40]=0.000000
   risk 1: beta[41]=0.000000
   risk 1: beta[42]=0.000000
   risk 1: beta[43]=0.000000
   risk 1: beta[44]=0.000000
   risk 1: beta[45]=0.000000
   risk 1: beta[46]=0.000000
   risk 1: beta[47]=0.000000
   risk 1: beta[48]=0.000000
   risk 1: beta[49]=0.000000
   risk 1: beta[50]=0.000000
   risk 1: beta[51]=0.000000
   risk 1: beta[52]=0.000000
   risk 1: beta[53]=0.000000
   risk 1: beta[54]=0.000000
   risk 1: beta[55]=0.000000
   risk 1: beta[56]=0.000000
   risk 1: beta[57]=0.000000
   risk 1: beta[58]=0.000000
   risk 1: beta[59]=0.000000
   risk 1: beta[60]=0.000000
   risk 1: beta[61]=0.000000
   risk 1: beta[62]=0.000000
   risk 1: beta[63]=0.000000
   risk 1: beta[64]=0.000000
   risk 1: beta[65]=0.000000
   risk 1: beta[66]=0.000000
   risk 1: beta[67]=0.000000
   risk 1: beta[68]=0.000000
   risk 1: beta[69]=0.000000
   risk 1: beta[70]=0.000000
   risk 1: beta[71]=0.000000
   risk 1: beta[72]=0.000000
   risk 1: beta[73]=0.000000
   risk 1: beta[74]=0.000000
   risk 1: beta[75]=0.000000
   risk 1: beta[76]=0.000000
   risk 1: beta[77]=0.000000
   risk 1: beta[78]=0.000000
   risk 1: beta[79]=0.000000
   risk 1: beta[80]=0.000000
uniform censoring on time interval [1.000000,12.000000]
