1 0.172612014151 1.015973073996
2 0.052775168153 0.935890867948
3 0.231926770063 0.815448173106
4 0.160427544709 1.045376539600
5 -0.059690243502 1.077726998234
6 0.051212406790 0.982257935361
7 -0.091043014979 0.831712082403
8 0.110500634362 1.034641367371
9 0.006907739726 0.937946046186
10 -0.019765805159 0.865772324515
11 0.185840635650 1.023783362121
12 -0.076170341432 1.010249541484
13 0.057283104767 1.003791527210
14 -0.134463298016 1.161321745804
15 0.045084722616 1.029021712484
16 -0.115621560791 1.021147071187
17 0.035437845081 0.994231323959
18 -0.076899906145 0.973700534772
19 0.004677353851 1.076946209896
20 -0.122141746288 0.961035560836
21 0.081024577764 1.077812092125
22 0.099538067648 0.927168743315
23 0.073127827917 0.908902549938
24 -0.209622746909 1.051859661953
25 0.017972695390 1.194128494403
26 0.014596993201 0.979540871357
27 -0.000912477069 0.943447911731
28 -0.030905453105 0.903748454387
29 -0.074533350543 0.984516973459
30 0.016313381669 1.201641841743
31 -0.113231286750 1.023340089642
32 -0.073614910069 1.022311824730
33 -0.233159412080 1.043157686392
34 -0.154381154494 0.903238125053
35 0.025042371913 1.063049221171
36 0.035142272641 1.051197030154
37 0.116007819034 0.994373549972
38 -0.029692117803 1.012013424219
39 -0.148683584191 0.993306899638
40 -0.053349990648 0.960766189242
41 -0.048393952131 0.972378823612
42 -0.042295409952 0.950173560473
43 0.075091057379 0.968265807732
44 0.072858240772 0.965468831429
45 0.014678903821 0.957875040019
46 -0.019280763028 1.153587742303
47 -0.009948552209 0.972266942347
48 0.076335008282 1.020607739309
49 -0.060227198173 1.054007580450
50 -0.145278540402 1.032382296282
51 -0.010133802685 0.931205152710
52 0.026095070527 1.060047823861
53 0.083501623312 0.941519165543
54 0.064932555541 1.028255216162
55 -0.016800392665 1.039834582190
56 -0.095623196628 0.808381808731
57 -0.095122705124 0.887594950510
58 0.086237353893 0.912251592451
59 -0.121697483551 1.024621888870
60 0.008843625771 1.017883576793
