active=50: 1 2 3 4 5 6 7 8 9 10 11 12 13 14 15 16 17 18 19 20 21 22 23 24 25 26 27 28 29 30 31 32 33 34 35 36 37 38 39 40 41 42 43 44 45 46 47 48 49 50 
active=49: 1 2 3 4 5 6 7 8 9 10 11 12 13 14 15 16 17 18 19 20 21 22 23 24 25 26 27 28 29 30 32 33 34 35 36 37 38 39 40 41 42 43 44 45 46 47 48 49 50 
active=48: 1 2 3 4 5 6 7 8 9 10 11 12 13 14 15 16 17 18 19 20 21 22 23 24 25 26 27 29 30 32 33 34 35 36 37 38 39 40 41 42 43 44 45 46 47 48 49 50 
active=47: 1 2 3 4 5 6 7 8 9 10 11 12 13 15 16 17 18 19 20 21 22 23 24 25 26 27 29 30 32 33 34 35 36 37 38 39 40 41 42 43 44 45 46 47 48 49 50 
active=46: 1 2 3 4 5 7 8 9 10 11 12 13 15 16 17 18 19 20 21 22 23 24 25 26 27 29 30 32 33 34 35 36 37 38 39 40 41 42 43 44 45 46 47 48 49 50 
active=45: 1 2 3 4 5 7 8 9 10 11 12 13 15 16 17 18 19 20 21 22 23 24 25 26 27 29 30 33 34 35 36 37 38 39 40 41 42 43 44 45 46 47 48 49 50 
active=44: 1 2 3 4 5 7 8 9 10 11 12 13 15 17 18 19 20 21 22 23 24 25 26 27 29 30 33 34 35 36 37 38 39 40 41 42 43 44 45 46 47 48 49 50 
active=43: 1 2 3 4 5 7 8 9 10 11 12 13 15 17 18 19 20 21 22 23 24 25 26 27 29 30 33 34 35 36 37 38 39 41 42 43 44 45 46 47 48 49 50 
active=42: 1 2 3 4 5 7 8 9 10 11 12 13 15 17 18 19 20 21 22 23 24 25 26 27 29 30 33 34 35 36 37 38 39 41 43 44 45 46 47 48 49 50 
active=41: 1 2 3 4 5 7 8 9 10 11 12 13 15 17 18 19 20 21 22 23 24 25 26 27 29 30 33 34 35 36 37 39 41 43 44 45 46 47 48 49 50 
active=40: 1 2 3 4 5 7 8 9 10 11 12 13 15 17 18 19 20 21 22 23 24 25 26 27 29 30 34 35 36 37 39 41 43 44 45 46 47 48 49 50 
active=39: 1 2 3 4 5 7 8 9 10 11 12 13 15 17 18 19 20 21 22 24 25 26 27 29 30 34 35 36 37 39 41 43 44 45 46 47 48 49 50 
active=38: 1 2 3 4 5 7 8 9 10 11 12 13 15 17 18 19 20 21 22 24 25 26 27 29 30 34 36 37 39 41 43 44 45 46 47 48 49 50 
active=37: 1 2 3 4 5 7 8 9 10 11 12 13 15 17 18 19 20 21 22 24 25 26 27 29 30 34 36 37 39 43 44 45 46 47 48 49 50 
active=36: 1 2 3 4 5 7 8 9 10 11 12 13 15 18 19 20 21 22 24 25 26 27 29 30 34 36 37 39 43 44 45 46 47 48 49 50 
active=35: 1 2 3 4 5 7 8 9 10 11 12 13 15 18 19 20 21 24 25 26 27 29 30 34 36 37 39 43 44 45 46 47 48 49 50 
active=34: 1 2 3 4 5 7 8 9 10 11 12 13 15 18 19 20 21 24 25 26 27 29 30 34 36 37 39 43 44 45 46 47 48 49 
active=33: 1 2 3 4 5 7 8 9 10 11 12 13 18 19 20 21 24 25 26 27 29 30 34 36 37 39 43 44 45 46 47 48 49 
active=32: 1 2 3 4 5 7 8 9 10 11 12 13 18 19 20 21 24 25 26 27 29 30 34 36 37 43 44 45 46 47 48 49 
active=31: 1 2 3 4 5 7 8 9 10 11 12 13 18 19 20 21 24 25 26 27 29 30 34 36 37 43 44 46 47 48 49 
active=30: 2 3 4 5 7 8 9 10 11 12 13 18 19 20 21 24 25 26 27 29 30 34 36 37 43 44 46 47 48 49 
active=29: 2 3 4 5 7 8 9 10 11 12 13 18 19 20 24 25 26 27 29 30 34 36 37 43 44 46 47 48 49 
active=28: 2 3 4 5 7 8 9 10 11 12 13 18 19 20 25 26 27 29 30 34 36 37 43 44 46 47 48 49 
active=27: 2 3 4 5 7 8 9 10 11 12 13 18 19 20 25 26 27 29 30 34 36 37 43 46 47 48 49 
active=26: 2 3 4 5 7 8 9 10 11 12 13 18 19 20 25 26 27 30 34 36 37 43 46 47 48 49 
active=25: 2 3 4 5 7 8 9 10 11 12 13 18 19 20 25 26 27 30 36 37 43 46 47 48 49 
active=24: 2 3 4 5 7 8 9 10 11 12 13 18 19 20 26 27 30 36 37 43 46 47 48 49 
active=23: 2 3 4 5 7 8 9 10 11 12 13 18 19 20 26 27 30 36 37 46 47 48 49 
active=22: 2 3 4 5 7 8 9 10 11 12 18 19 20 26 27 30 36 37 46 47 48 49 
active=21: 2 3 4 5 7 8 9 10 11 12 18 19 20 26 27 30 36 37 46 47 48 
active=20: 2 3 5 7 8 9 10 11 12 18 19 20 26 27 30 36 37 46 47 48 
active=19: 2 3 5 7 8 9 11 12 18 19 20 26 27 30 36 37 46 47 48 
active=18: 2 3 5 7 8 9 11 12 18 19 20 27 30 36 37 46 47 48 
active=17: 2 3 5 7 9 11 12 18 19 20 27 30 36 37 46 47 48 
active=16: 2 3 5 7 9 11 12 18 19 20 27 30 36 37 47 48 
active=15: 2 3 5 7 9 11 12 18 19 20 27 36 37 47 48 
active=14: 2 3 5 7 9 11 12 18 19 20 27 36 37 48 
active=13: 2 3 5 7 9 11 12 18 20 27 36 37 48 
active=12: 2 3 5 7 9 11 12 18 27 36 37 48 
active=11: 2 3 5 7 9 11 12 18 27 36 37 
active=10: 2 3 5 9 11 12 18 27 36 37 
active=9: 2 3 5 9 11 12 18 27 36 
active=8: 2 3 5 9 11 18 27 36 
active=7: 2 3 5 9 11 18 27 
active=6: 2 3 5 9 11 27 
active=5: 2 3 5 9 27 
active=4: 2 5 9 27 
active=3: 5 9 27 
active=2: 5 27 
active=1: 5 
