0.000000 0.473684
1.000000 0.776316
2.000000 0.683947
3.000000 0.744211
4.000000 0.741053
5.000000 0.719474
6.000000 0.738421
7.000000 0.751842
8.000000 0.776579
9.000000 0.795000
10.000000 0.803158
11.000000 0.802632
12.000000 0.791842
13.000000 0.785789
14.000000 0.778684
15.000000 0.768947
16.000000 0.786579
17.000000 0.786316
18.000000 0.786053
19.000000 0.768947
20.000000 0.768158
21.000000 0.756579
22.000000 0.754211
23.000000 0.737105
24.000000 0.725000
25.000000 0.722895
26.000000 0.708158
27.000000 0.692895
28.000000 0.692368
29.000000 0.688684
30.000000 0.688684
31.000000 0.663421
32.000000 0.665526
33.000000 0.651316
34.000000 0.640000
35.000000 0.643684
36.000000 0.639474
37.000000 0.623158
38.000000 0.611053
39.000000 0.610263
40.000000 0.612105
41.000000 0.589737
42.000000 0.600789
43.000000 0.584737
44.000000 0.575263
45.000000 0.577632
46.000000 0.572895
47.000000 0.561316
48.000000 0.564474
49.000000 0.559474
50.000000 0.549737
