1 -0.100716822917 1.016039517674
2 -0.013414835052 0.936762906642
3 0.017994793478 0.967137466469
4 -0.040159413043 0.936692230789
5 -0.143829836957 0.966252529770
6 0.027693835052 1.068726019167
7 -0.167077125000 0.999473496353
8 0.044381431579 1.045283499102
9 -0.010349891304 1.082700962475
10 0.048288206186 0.888419262252
11 0.032722061856 1.013666582870
12 -0.083247053191 0.930864682758
13 0.060352553191 1.037027311223
14 0.015005336735 1.007414450340
15 0.089834873684 0.947911945439
16 0.161760611111 0.963231625466
17 -0.093820895833 1.050572543736
18 -0.053099843750 1.046774580651
19 0.181289978495 0.879959620825
20 -0.166322957447 0.990600344773
21 -0.024867329897 1.028096761991
22 0.093109436170 1.006959690506
23 -0.015334322917 1.024759421738
24 -0.029028577320 0.989106119235
25 -0.033567562500 0.957757657711
26 0.037586489583 0.999277248755
27 0.005974537634 0.995373519672
28 0.007972795699 1.013669951490
29 -0.065712773196 1.050345259744
30 -0.104269659794 0.921124023574
31 -0.001136727273 1.051864673231
32 -0.165552673684 0.973375259332
33 -0.277249709677 1.010863731739
34 -0.046183785714 0.872614887316
35 -0.015226851064 1.017627822785
36 0.031377948980 0.935807320834
37 -0.155633010526 0.943619243459
38 0.143250255556 1.100510488047
39 0.136259368421 1.152564516543
40 0.037724095745 1.010439725003
41 -0.009109691489 1.076118921402
42 0.139318040000 0.959117907375
43 -0.065800639175 0.938355221106
44 0.006327752577 1.060435755172
45 -0.019111260417 1.067383874762
46 -0.020645265957 0.973325368566
47 0.073253052632 0.944657823633
48 0.215264917526 1.059055730070
49 0.025876838710 0.844667844111
50 0.146420439560 1.131589801490
51 0.030428548387 0.839990214827
52 -0.006588843750 1.031085836484
53 -0.198115468085 1.172789354158
54 -0.055748793814 0.937823533975
55 0.019645270833 0.903133507812
56 -0.125225234043 1.047119927126
57 -0.142523212121 1.001699595914
58 -0.032639438776 1.078793068462
59 -0.179953145833 0.989729846197
60 0.130652223404 1.015530914976
