N=50
P=40
R=2
1 -1.406119 1.379424 NA 0.327114 -0.647871 -0.377154 0.226515 -0.318585 -0.935209 0.256867 -0.314578 -0.682472 -0.301407 -2.081852 1.994459 -3.006979 -0.751237 0.939879 NA 0.992412 0.631570 0.380877 -0.544182 0.364801 -1.180041 -1.246133 0.112038 -1.024424 -1.791834 0.042911 1.504416 -0.423087 -0.897984 -0.601950 3.135744 0.579743 -0.621614 0.699221 -1.026419 2.138274 0.868511 1.000000
2 -0.510292 -0.065897 -0.788066 -1.503358 1.580838 -0.127663 0.706871 NA -1.151205 NA -1.520889 1.935632 0.573775 0.456963 -0.253470 -1.089437 0.678842 -0.377407 1.657676 -1.010797 -1.857096 -0.862786 NA 0.377871 -1.197723 -0.740975 0.839352 -0.180642 -0.219466 -0.178229 -1.971679 -0.095796 0.398250 NA 0.029421 -0.319437 1.521394 0.679589 -0.015203 -0.439904 3.159704 1.000000
3 -0.050963 -0.004190 0.191454 0.802143 -0.666797 -1.289869 0.082714 -1.213548 0.396912 -1.769164 0.006817 1.017306 0.542855 -0.599318 -0.335885 0.698821 -2.410961 0.648630 -1.948905 1.117951 0.017908 -1.410199 -1.098389 0.715019 0.674117 0.540976 -1.173150 0.816658 -0.192971 0.191827 0.743502 -0.568355 -0.258343 -1.465014 0.066656 0.609762 -0.766063 0.220801 1.286751 0.024097 1.005282 1.000000
4 1.100543 -0.247327 -1.059804 NA -0.271244 -0.855379 -1.162125 1.678491 -0.687128 0.392823 -0.845372 -0.880472 -0.540705 -0.826604 1.417976 1.343603 -0.411132 1.180743 -0.834854 0.636351 -0.427389 -0.171580 0.318610 NA 1.242317 -1.424337 -0.178035 0.724640 -2.184979 1.315463 -0.271851 0.734843 -1.718255 -0.604526 -0.997539 -1.036368 0.448856 0.083945 0.151915 NA 0.227262 1.000000
5 0.693278 1.471290 0.313612 1.248544 -1.505910 1.122232 -0.225459 0.130995 2.193580 -0.483047 -1.065454 0.383276 -1.328746 -0.618822 0.373167 -1.125437 -0.358614 -1.498447 -0.248205 -0.343626 0.279801 -0.057388 -0.705685 1.909940 2.341508 1.226974 0.960473 -0.435042 -1.478420 0.994096 0.964855 -0.881945 2.219478 -0.412036 1.402121 0.098739 -1.233682 0.069860 0.798453 -0.189972 3.928983 1.000000
6 -0.417242 0.287406 0.969579 -0.708742 0.425248 -1.737866 1.703157 0.141795 2.608811 1.011310 -0.138877 -1.545288 -0.701016 0.293396 0.279954 0.753074 -0.464743 -0.805997 1.222981 0.691319 1.043640 1.001154 0.579994 -0.924715 0.163727 -0.034200 NA NA 1.416984 0.221656 -0.833312 1.897954 -1.086607 -0.495330 -0.488628 -0.068759 1.105613 -1.931155 0.330458 0.058113 3.303409 1.000000
7 -0.009329 0.467824 -0.463371 NA 0.453015 -0.709857 0.016856 -2.140168 -1.679987 2.493374 1.257607 -1.417828 0.944861 0.302306 -1.827203 -0.663926 0.391527 1.231429 -1.605909 -1.526858 0.330706 -0.321196 -1.811146 -0.742303 0.019966 0.237984 1.557699 0.326782 -1.076291 0.647725 0.586382 -0.043943 -0.553274 -1.137075 0.188313 0.547705 1.419186 -0.477628 1.156887 1.487958 2.377789 1.000000
8 0.377969 0.985173 0.807422 0.690347 1.338865 0.839701 -0.417256 -1.117685 -0.496085 0.779173 -0.286662 NA -0.838068 1.562786 0.629407 -0.137696 -1.405858 -0.337131 0.438978 -0.613463 0.203257 -0.511830 -0.394436 0.582354 -1.086596 1.512293 0.157362 1.631055 0.166665 -1.387131 0.058332 1.080925 2.105079 0.285789 1.351329 2.571128 2.068551 0.741748 0.958241 NA 0.023636 1.000000
9 0.535011 -1.069893 1.355014 -1.156368 0.248547 0.482576 -0.217418 0.385398 NA -0.871983 -1.440258 1.245802 0.354906 -0.872817 -1.730717 0.950739 0.707933 -1.459811 1.157526 -1.050325 0.650339 -0.672154 0.721361 -0.223766 -2.295259 0.288197 1.458399 -0.878673 -0.141787 -1.958762 -1.324750 0.600437 1.659475 0.525279 -1.582673 2.319886 -0.566697 0.967945 0.319509 -1.464056 3.983047 1.000000
10 NA 1.158453 -0.542680 2.514573 -0.044974 1.122178 0.006931 1.751853 -1.205629 NA 1.016061 -0.462124 0.044917 0.433284 0.597251 NA -1.089793 1.300039 0.118415 -0.245450 -0.135155 -0.388695 -1.544950 1.382052 -0.970380 -0.670861 0.205495 -1.626400 2.252653 0.272276 0.277611 0.126196 -0.653969 0.238971 0.143421 0.067149 -0.801766 -0.408778 -0.457734 -0.512593 0.311796 1.000000
11 -0.403581 -0.901744 -1.154759 -0.526719 -0.614824 1.475168 -0.208851 -0.110115 -0.249402 0.572369 -0.991934 -0.728810 0.050571 -0.071284 0.253531 -0.599459 -0.644198 -0.142766 0.461773 -0.156329 -2.028913 -0.518648 -0.395776 1.810032 0.254773 -0.591736 -0.879984 1.339476 0.346426 -0.486545 -1.658274 -0.267590 1.300285 NA 0.578939 -0.018149 1.054593 -0.660552 1.202531 1.127088 173.518387 1.000000
12 0.630564 0.394399 0.309113 0.498799 0.458806 -0.221846 -0.366306 0.138709 0.116748 1.849807 -0.066799 -0.142961 1.444499 0.815652 1.084309 -0.494211 0.135425 -1.493128 0.136336 -1.203299 1.414438 0.061011 0.562820 0.497134 -1.542123 2.188055 -0.631074 0.750931 NA -1.384400 1.292881 -1.822463 -1.024659 -1.335625 0.316242 -1.699977 0.075018 -0.969242 -0.813436 0.853102 2.917319 1.000000
13 0.371450 2.009174 NA 0.405350 -0.742866 0.236769 1.268708 1.166859 -1.278309 0.378104 1.597030 0.753519 -0.719998 0.677144 -1.456523 0.490409 0.850372 -0.040398 -0.036144 1.609950 -0.155644 -0.255799 -0.934101 0.096895 0.804097 -0.424205 0.393863 0.880966 0.312305 1.339479 NA 1.251990 0.641697 -0.574205 -1.074682 1.329483 -0.698925 NA -0.334518 -1.086073 2.647639 1.000000
14 -0.680691 0.166750 NA 0.405133 NA 0.924234 2.362300 -0.599843 1.037630 0.281531 NA NA -1.221629 -0.411796 1.398779 -0.133050 1.287786 0.059607 -0.360940 0.661629 NA 2.727354 0.894459 NA 0.297545 -0.872740 -1.163508 0.373477 -0.740015 0.963217 -2.031879 -0.799035 1.920480 -1.988815 1.003300 0.320037 0.515089 0.027547 0.849270 1.914765 12.069724 1.000000
15 -0.339704 -0.380504 0.189480 -0.539786 0.158482 0.128831 -0.523184 -0.332306 -1.080548 -1.811498 -1.768452 -0.198387 -0.861991 1.265266 -0.020953 -0.581537 -1.393131 NA -0.388874 1.434185 -1.247029 -1.450213 1.436542 -0.035915 0.919924 0.084069 -0.275335 1.018762 0.177303 0.722613 -0.191011 0.808529 0.261369 -0.483503 -1.010181 0.768848 1.110618 -1.654100 -1.521711 -0.387157 2.823865 1.000000
16 -0.171203 -1.273303 -0.722314 -1.939589 -1.927608 -2.213903 0.365400 0.447697 0.298658 -1.036220 -0.421804 0.056963 -0.667563 0.956749 0.170790 -0.975211 1.360816 0.138856 1.145991 -0.441075 -0.674467 0.378644 -0.250626 -0.204391 1.229117 0.801048 1.114689 -0.584582 0.555418 2.180439 1.496235 1.363803 1.222091 -0.039097 0.788442 1.156947 NA 0.872157 -0.658748 -0.787157 152.113892 1.000000
17 2.168953 0.196149 0.349695 -0.848890 -0.047116 0.327236 -0.727640 0.333335 -0.360647 0.317707 -1.690119 0.506335 0.026392 -0.679483 -1.288440 0.873188 0.284323 1.294271 1.264572 0.530374 0.117010 0.983255 0.996246 -0.744319 -0.940143 1.173076 0.184301 -0.529897 -1.169563 -0.584874 -0.222840 -0.425150 2.331644 1.686034 -2.567456 0.620868 -0.971328 -0.025073 -0.738769 -0.691809 0.157938 1.000000
18 1.640866 -0.819998 -0.276389 -0.635857 0.565075 -0.132150 1.171829 0.414680 1.301045 1.276515 -1.689634 -0.736011 1.042709 1.108980 0.201832 1.953009 0.878147 -0.499586 -0.900430 -0.632393 -0.357459 0.381866 0.172246 0.467188 0.722165 1.167559 -0.287394 0.183016 -0.255833 -0.745851 -0.242666 -0.517272 0.382781 0.156720 0.671872 -0.209278 0.183102 0.283707 -0.071538 1.245878 25.410614 1.000000
19 -0.332567 0.939569 0.345794 NA -0.273994 -1.380516 NA 0.692176 0.120299 -1.009681 0.645259 0.050002 -0.062367 -0.409379 0.540977 -1.966924 -1.665981 -0.217575 -0.038741 -0.326930 NA -0.198436 -0.930986 0.945217 2.184180 -1.227904 -0.347381 0.035427 NA NA -0.604263 0.366345 -1.121412 -1.208183 0.285133 0.388675 -1.088209 0.914134 -1.058041 -0.948054 0.071811 1.000000
20 NA -1.385717 -2.573957 -0.879750 NA 0.258258 0.425652 -0.037881 0.953468 -1.547930 -1.159225 0.495234 -1.613571 -0.584961 0.739806 -0.956654 -1.040552 -0.535788 0.413572 -1.091875 -1.725811 -0.383150 0.342335 -1.820477 -2.060306 1.054168 -0.837841 -0.412747 1.485151 -1.033307 -0.328466 -0.297899 1.584602 -0.971314 0.665326 0.434493 -1.164973 -0.661703 1.450114 1.258087 25.356664 1.000000
21 1.272143 -0.818636 0.049336 2.315891 1.637356 -1.232786 -0.102827 -0.219303 -1.249207 -0.019214 -1.093824 1.189229 -2.230292 0.423183 NA -0.857965 -0.148860 -0.850499 0.600420 -0.144455 0.599680 1.436559 -0.126811 0.684660 -0.561403 2.418465 1.189652 -0.415152 -1.190161 -1.626729 0.320883 0.839527 1.249058 0.042619 0.432368 1.588731 -0.212152 -0.231400 -0.251417 0.255666 0.074626 1.000000
22 1.378097 -0.540390 1.377847 -0.127652 NA -1.702030 0.684441 0.235089 0.646499 -0.965693 0.887719 -1.591328 -0.797464 -0.015089 1.052364 -0.487385 -1.330044 -0.573166 -0.403525 0.645939 0.104141 1.500026 0.085183 -1.229117 -1.134791 -0.524430 0.870520 0.919072 -1.538749 0.950444 -1.072854 1.904882 0.024356 -0.318886 1.645456 -1.169905 -1.668764 -1.753901 -1.231383 1.286184 0.021610 1.000000
23 -0.221032 0.412530 0.533664 -2.035766 -0.374226 0.528865 NA -0.925132 0.564213 -0.711324 NA -1.135642 -0.272638 -0.716903 0.078866 0.557619 0.373278 1.151197 -1.091133 0.656844 NA -0.931757 -0.664703 0.825121 -0.930371 1.319884 1.180065 0.666946 0.101185 -0.551737 -0.683023 -1.198101 NA 0.257744 -1.598759 -0.300303 0.586100 0.353286 -0.398075 1.604048 3.286241 1.000000
24 -1.706347 -0.009512 0.950760 0.511370 0.748740 -0.940601 0.096185 0.982087 -2.661057 -1.227425 1.495377 -0.528479 1.379213 -0.575276 NA -0.425603 -0.331833 -1.324221 -2.181665 0.500239 1.689922 0.774923 1.674349 -0.292979 0.367289 -1.225046 0.413598 0.612044 -0.357035 0.482972 -0.735360 0.646315 -0.179384 -0.861020 NA -0.819120 0.683665 0.409716 0.271445 0.506124 0.235295 1.000000
25 0.700029 1.520797 -0.784484 -0.313849 1.483002 -0.274494 -2.247739 -0.553973 -0.495706 -0.743913 0.479697 1.153815 NA NA -0.517688 0.735465 1.581482 -0.460214 1.081920 0.918817 -0.250040 NA -1.574845 2.390207 1.374465 1.361530 -0.497286 -1.662138 -0.514886 -0.216923 -0.782477 -1.809797 -0.847733 0.439548 -0.967876 -1.909125 -0.250923 -0.347196 -1.271735 1.578146 0.140406 1.000000
26 1.479359 -0.190116 2.372591 -0.117326 -1.677981 0.000036 -0.388965 -0.041018 -0.558114 -0.074710 -0.180981 -0.980286 -0.970553 -0.421451 -0.631164 -0.706701 -0.140646 -1.353823 -0.686448 0.175942 -0.225174 0.079073 -1.884983 0.849895 0.352340 -1.572585 -0.867467 -0.114088 1.445717 0.489398 -1.917705 -0.978113 -1.059720 1.618616 -2.558124 -0.545906 -2.408005 0.424437 1.369426 -1.470283 0.253264 1.000000
27 NA -0.208076 0.578537 -1.140160 -0.853248 -0.327973 0.028615 0.360308 1.543510 0.531860 0.424445 1.840574 -0.386987 1.539101 -1.147916 -1.304594 -0.509966 -0.385211 -0.650722 -0.062519 -0.726726 -0.094815 0.831587 0.742939 -0.359441 -0.195519 -0.916807 -2.168678 -0.259875 -0.035421 -1.574850 1.065925 0.185372 -0.155389 1.029316 -0.768578 1.277007 -0.099915 -1.085662 0.251995 3.666883 1.000000
28 -0.540245 -2.318679 0.038631 -0.517825 0.325993 -1.002929 0.199229 -1.255976 NA -1.547092 -1.756634 0.633570 0.968881 -0.884049 -0.482245 0.308026 -0.329313 0.720468 0.448973 -0.253655 -0.228030 -0.174931 0.127536 0.081099 1.295397 -1.287758 -0.057144 -1.198561 NA 0.343730 1.268531 -0.053885 -1.456959 1.082256 -0.144770 1.310117 0.549710 -0.886604 -1.420785 0.891394 0.010166 1.000000
29 0.213934 -1.202535 1.141232 1.514519 0.330288 1.303952 0.714832 2.203006 1.041181 0.494047 1.831622 NA -0.818213 0.380111 0.350623 0.764947 1.964372 -0.515795 0.497912 0.382631 -1.395971 -0.056779 0.101985 2.075707 NA 0.684640 -0.586745 -0.443646 0.412731 0.051712 1.048305 -1.726187 0.687732 -1.349042 -0.597602 0.418703 -1.294778 -0.755218 1.132541 -0.906597 39.075429 1.000000
30 0.449960 -1.058358 NA 1.997894 0.559664 1.225709 -0.160809 -0.110725 -0.540745 -0.085366 0.784718 0.313739 0.342641 0.503918 -0.190679 0.070345 -0.130934 0.621893 -0.167852 -1.253354 1.869603 0.150093 0.453199 1.175432 -0.185156 -0.178940 -0.732829 0.318280 -1.143159 0.569841 -0.800191 -0.687708 1.262182 1.216536 -0.365645 0.507113 -0.983951 -0.320737 0.627239 0.198218 7.784006 1.000000
31 -0.556088 -0.673127 -1.264309 1.144308 0.767373 0.869741 2.472425 -0.433074 -0.158172 -0.539677 0.187817 -0.385129 -0.423851 0.118325 -0.516140 -2.304482 NA 0.133639 NA -0.904681 1.556990 -1.787963 -0.008890 0.844354 -0.540739 -1.709759 -1.187274 0.163047 -0.485430 -0.898523 1.832070 0.113289 1.145366 -2.122867 -0.325106 -0.532444 -0.330562 0.500284 0.799624 2.118837 4.718589 1.000000
32 -0.083454 -1.390119 0.324701 1.793296 -0.780946 -0.260345 -1.835438 -0.306628 -0.437776 -1.008592 -0.480593 -2.522651 0.726265 -0.231575 -0.832187 0.468430 -2.141112 1.530298 0.468760 NA NA 1.470686 -1.197267 -1.423174 NA -0.189470 NA -0.735356 -0.128515 -0.482348 1.781860 -0.850546 1.147505 1.763017 NA 1.051140 -0.705126 -1.134368 0.329673 -1.083055 0.262548 1.000000
33 0.318320 -1.027126 -1.293536 -0.275041 NA 1.575969 0.655746 1.467865 -1.120968 0.642848 2.197941 -1.054143 -1.292170 0.364657 -1.051199 -0.035892 1.082399 -0.527887 1.215490 0.066450 0.405970 -0.998294 0.428649 -1.083595 0.053817 NA -0.949118 -0.560921 0.444682 NA 0.105091 NA 0.067790 -0.325877 0.854849 -0.119045 0.304068 1.151696 0.156844 -2.506286 91.826280 1.000000
34 0.363668 0.547668 0.918812 1.170361 -0.118113 0.707276 -0.250476 0.850740 1.136960 NA 1.011719 0.370513 0.723900 0.097970 1.427198 0.461514 0.358315 -1.460690 0.693074 -0.560195 -0.831808 0.620728 -0.211672 0.316250 0.896889 -1.065974 -0.947048 -0.749575 -0.410308 -1.618262 1.348657 -0.517111 0.791215 -0.995471 0.079394 0.669101 -0.123289 0.694600 1.290073 0.169195 1.162083 1.000000
35 0.589147 -0.024984 NA 0.851587 0.546970 0.779744 -0.068827 2.052979 -1.603680 0.196467 -0.509017 0.127257 -1.264786 -0.984317 -1.323891 -1.036626 -0.617911 -2.598888 -1.597154 2.609245 -1.379925 NA -0.794270 0.553218 -0.584214 -1.038410 -0.707723 -0.462004 2.303509 0.889734 0.431579 0.905095 -0.405460 -0.785777 -0.956440 1.101015 0.993505 1.329267 -0.028119 1.101228 4.951445 1.000000
36 1.171356 0.347038 0.329341 -0.222351 -0.852607 -0.341528 -0.123866 -0.155711 0.792654 -0.076951 0.920480 -1.120130 -0.190726 0.108466 0.485133 2.422822 -0.108661 0.049847 3.071177 1.400506 -0.638931 -0.212294 -0.457461 0.863254 0.641012 -0.499605 0.771042 -0.401824 -0.094508 -0.736979 -0.575492 1.493426 -0.273233 0.782826 -0.272050 -0.445490 0.730014 -0.826446 NA NA 1.265519 1.000000
37 -1.016674 -0.027565 0.087033 1.879421 0.627261 0.315569 -0.001074 -1.015835 -0.585835 0.477371 -0.800485 0.102883 0.739047 -2.161737 NA 0.036539 1.164160 0.080913 -0.122012 0.625212 0.124830 -0.011308 0.687722 0.194240 -0.559198 -0.533265 0.744468 NA 0.275322 NA 0.869917 -1.491611 -0.105358 0.231402 0.914575 0.301272 0.282196 -1.074448 0.704135 -0.023933 0.452442 1.000000
38 1.006538 -1.566102 0.333205 -0.149441 -0.635615 1.184175 1.660216 -0.076023 -1.414206 0.050912 -0.119165 -1.026110 -1.812110 NA 0.592542 0.522982 0.213661 -0.421495 1.552399 -1.071311 -1.252235 0.414675 -0.399923 -0.964371 0.055920 -0.439756 -0.967309 0.064408 -1.573681 0.992177 0.487359 -0.440706 -0.844475 0.009181 0.075563 -0.922428 0.693064 -1.234686 -1.452781 0.227744 21.045201 1.000000
39 0.438623 -0.552913 -1.112793 0.065798 -0.478602 1.291500 -0.100738 -1.862297 0.419553 0.982977 0.286507 -0.194754 -0.125273 1.118506 -1.670799 0.365951 0.242994 1.187198 0.592869 0.960619 -0.909740 -1.129900 0.870677 1.479573 0.852024 -0.578061 0.679812 -0.451083 0.402632 0.191029 0.328001 -1.171646 0.522800 -0.072199 -2.692174 0.682796 1.183280 -0.248469 NA 0.131139 9.017164 1.000000
40 -1.091792 0.307223 -0.658890 2.551482 0.758173 NA -1.081957 0.840727 -0.351616 1.306699 NA 0.781199 -0.528935 -0.605808 0.239585 1.461361 -0.716825 0.562461 -1.123673 0.599368 0.660257 -0.160405 -0.624420 0.822117 0.913297 -0.022336 -0.576817 1.752361 0.282823 -2.653137 1.177450 0.684883 1.461998 1.072103 -0.173274 -0.544432 0.753655 -1.861605 0.393679 -0.603198 0.436577 1.000000
41 0.361728 -0.520037 NA -0.173626 1.481848 0.173023 -1.112619 0.915942 -1.412181 -0.988867 NA -1.137570 0.307586 -0.930894 -0.139847 1.162526 -0.304480 0.137094 0.313081 -0.533452 -0.324592 NA 0.190405 -1.308639 0.338294 1.078636 0.629733 -0.046220 -0.762710 -0.903854 0.910564 1.617509 1.573486 NA 0.765499 0.412832 -0.985087 -0.590849 1.947320 -0.709363 0.354948 1.000000
42 -0.700507 1.630914 -1.293727 -0.606045 -0.655982 -0.561223 0.657182 0.989373 -0.669854 -0.305796 0.352857 NA 0.494472 1.303396 -0.162787 -0.355201 0.537404 NA -0.389918 -0.885737 -0.322044 1.286991 1.454608 NA 0.885672 -0.228817 1.340875 -0.844853 0.385594 -0.303940 -1.103312 0.013396 -0.204858 1.257858 1.004087 -0.246424 -1.687478 3.248937 0.439433 1.106432 18.182009 1.000000
43 -1.002364 -2.128668 -0.193175 -0.807015 -1.658997 -0.919948 0.602289 -0.856076 1.417446 1.420897 0.771119 1.495690 0.460119 0.506804 NA 0.520550 0.389774 -0.951347 1.045693 0.170919 -1.377853 0.478604 -0.037911 0.042326 -0.908131 -0.220975 1.823742 0.392254 0.927206 0.443472 0.167751 -1.705484 -0.846429 -1.367633 1.234189 1.169382 -1.751831 1.523543 NA 1.290673 66.585244 1.000000
44 -0.154164 0.218848 -0.567656 1.583983 0.776756 0.565741 -0.716260 1.959757 -0.836428 0.257942 0.565134 1.425352 -0.333225 -0.950747 -1.292839 NA -0.015648 -0.524567 NA 0.217066 0.804470 0.956838 -0.011760 0.751059 1.345833 NA -1.401371 -0.222938 -0.267046 0.014189 -0.825764 -0.688229 -0.926096 0.084693 0.595193 -0.424735 0.333488 0.325425 -0.061705 0.829136 3.760546 1.000000
45 -0.197412 1.483019 -1.275936 -0.627196 -1.691038 0.431641 -0.721398 0.602048 0.507092 1.127470 0.730071 -0.362556 0.738167 0.343813 1.250626 -0.255371 -0.032066 NA 2.232586 0.490204 3.708860 0.918713 2.218393 0.032479 0.018132 0.943353 0.274583 1.580610 1.007499 0.149565 -0.310378 NA 1.076342 -0.224634 -0.874583 -0.031893 1.160502 -0.342546 0.333400 -1.623927 8.267754 1.000000
46 -0.570636 -0.394087 -0.290690 0.125132 1.763187 1.207784 0.898467 0.100448 -1.410951 1.352233 -0.388806 -0.336994 1.372584 -1.141549 -0.461359 -1.119808 0.791718 -1.298168 -0.802124 1.185295 0.691547 -0.152113 1.227767 -0.085353 1.839740 -0.433187 -1.629219 1.369599 -0.202828 -0.269528 -1.735024 1.024224 -0.157564 0.169480 -0.029659 0.404271 0.285979 -1.162250 -0.961220 NA 11.351406 1.000000
47 -0.753632 0.206452 -0.689251 -1.425593 1.392564 0.136704 -0.740870 0.168791 -1.150037 -2.225207 -0.116170 0.024690 0.223141 NA -0.325636 0.594454 0.570086 0.951525 -0.172481 0.263556 -0.452571 -0.848863 0.379471 -1.118098 1.271806 1.313778 0.071482 -0.984549 0.409186 NA -1.110970 -2.064039 -0.326122 0.904534 0.997922 -0.099530 0.472125 -0.233484 0.396504 0.595298 0.767454 1.000000
48 0.497248 0.417595 -0.887132 0.606646 -0.158997 1.150853 0.359760 1.224072 -0.870246 0.885262 2.316508 -0.047397 -2.130931 -0.267006 0.791945 0.573858 -0.443637 NA -1.010420 -0.991986 0.288134 -0.514885 0.615600 -1.280924 NA -1.463790 0.681240 NA -0.547459 -1.090947 -0.150392 0.937106 0.292987 -2.648431 1.195749 0.481937 -1.145656 -0.303095 -0.442087 -0.613297 15.443526 1.000000
49 -0.554662 0.007258 -0.331224 1.330459 -2.243318 -0.280633 0.529926 1.617516 0.425975 1.926715 1.388422 0.987480 0.291699 -0.426559 1.119462 -0.442506 1.513264 -0.949921 -0.152018 NA -0.897811 -0.264755 0.748860 0.009345 NA 2.806377 0.356612 -1.847890 -1.234675 2.065932 -0.557206 -0.956913 -1.670997 0.018375 -0.339294 0.512987 1.510782 -0.623752 0.064808 0.081971 61.095789 1.000000
50 1.143214 2.763840 1.553073 0.379087 -0.776964 0.114049 -0.472324 NA -0.155927 -0.759650 -0.145807 0.263336 -0.868417 -0.168537 -0.330424 0.397738 1.696916 -0.255125 0.816881 -0.208596 -0.591529 -0.079335 0.810457 -0.898620 1.151548 -0.127365 0.343548 -1.021125 -2.116654 -1.013408 0.079977 -0.792180 NA 1.352409 -0.238182 1.272122 -0.052014 NA -0.122117 0.150567 0.291289 1.000000
uncorrelated Gaussian covariates
missing covariate fraction: 0.050000
no latent classes
   lambda(t|risk 1)=C, <t>=4.000000 for zero covariates
   risk 1: beta[1]=0.500000
   risk 1: beta[2]=0.500000
   risk 1: beta[3]=0.500000
   risk 1: beta[4]=0.500000
   risk 1: beta[5]=0.500000
   risk 1: beta[6]=-0.500000
   risk 1: beta[7]=-0.500000
   risk 1: beta[8]=-0.500000
   risk 1: beta[9]=-0.500000
   risk 1: beta[10]=-0.500000
   risk 1: beta[11]=0.000000
   risk 1: beta[12]=0.000000
   risk 1: beta[13]=0.000000
   risk 1: beta[14]=0.000000
   risk 1: beta[15]=0.000000
   risk 1: beta[16]=0.000000
   risk 1: beta[17]=0.000000
   risk 1: beta[18]=0.000000
   risk 1: beta[19]=0.000000
   risk 1: beta[20]=0.000000
   risk 1: beta[21]=0.000000
   risk 1: beta[22]=0.000000
   risk 1: beta[23]=0.000000
   risk 1: beta[24]=0.000000
   risk 1: beta[25]=0.000000
   risk 1: beta[26]=0.000000
   risk 1: beta[27]=0.000000
   risk 1: beta[28]=0.000000
   risk 1: beta[29]=0.000000
   risk 1: beta[30]=0.000000
   risk 1: beta[31]=0.000000
   risk 1: beta[32]=0.000000
   risk 1: beta[33]=0.000000
   risk 1: beta[34]=0.000000
   risk 1: beta[35]=0.000000
   risk 1: beta[36]=0.000000
   risk 1: beta[37]=0.000000
   risk 1: beta[38]=0.000000
   risk 1: beta[39]=0.000000
   risk 1: beta[40]=0.000000
