0.000000 0.400000
1.000000 0.612500
2.000000 0.712500
3.000000 0.610000
4.000000 0.697500
5.000000 0.647500
6.000000 0.697500
7.000000 0.673750
8.000000 0.640000
9.000000 0.636250
10.000000 0.735000
11.000000 0.675000
12.000000 0.656250
13.000000 0.698750
14.000000 0.713750
15.000000 0.706250
16.000000 0.691250
17.000000 0.653750
18.000000 0.620000
19.000000 0.561250
20.000000 0.561250
21.000000 0.538750
22.000000 0.558750
23.000000 0.545000
24.000000 0.538750
25.000000 0.483750
26.000000 0.483750
27.000000 0.465000
28.000000 0.487500
29.000000 0.425000
30.000000 0.426250
31.000000 0.438750
32.000000 0.393750
33.000000 0.390000
34.000000 0.371250
35.000000 0.353750
36.000000 0.368750
37.000000 0.321250
38.000000 0.338750
39.000000 0.321250
40.000000 0.296250
