active=20: 1 2 3 4 5 6 7 8 9 10 11 12 13 14 15 16 17 18 19 20 
active=19: 1 2 3 4 5 6 7 8 9 10 11 12 13 14 15 16 17 18 19 
active=18: 1 2 3 4 5 6 7 8 9 10 11 12 13 14 15 16 18 19 
active=17: 1 2 3 4 5 6 7 8 9 10 11 13 14 15 16 18 19 
active=16: 1 2 3 4 5 6 7 8 9 10 11 14 15 16 18 19 
active=15: 1 2 3 4 5 6 7 8 9 10 11 15 16 18 19 
active=14: 1 2 3 4 5 6 7 8 9 10 15 16 18 19 
active=13: 1 2 3 4 5 6 7 8 9 10 16 18 19 
active=12: 1 2 3 4 5 6 7 8 9 10 16 19 
active=11: 1 2 3 4 5 6 7 8 9 10 16 
active=10: 1 2 3 4 5 6 7 8 9 10 
active=9: 1 2 3 4 5 6 7 8 9 
active=8: 2 3 4 5 6 7 8 9 
active=7: 2 3 4 5 7 8 9 
active=6: 2 3 4 5 8 9 
active=5: 2 3 4 5 9 
active=4: 2 3 4 9 
active=3: 3 4 9 
active=2: 4 9 
active=1: 9 
