0.000000 0.500000 0.500000
1.000000 0.630700 0.636200
2.000000 0.616100 0.625300
3.000000 0.670500 0.690500
4.000000 0.663000 0.689800
5.000000 0.692000 0.730800
6.000000 0.727000 0.768800
7.000000 0.735300 0.786400
8.000000 0.759500 0.795600
9.000000 0.755900 0.811800
10.000000 0.769500 0.813800
11.000000 0.762500 0.818500
12.000000 0.765300 0.813600
13.000000 0.755200 0.816700
14.000000 0.749000 0.822100
15.000000 0.750100 0.821600
16.000000 0.745300 0.819000
17.000000 0.739100 0.824400
18.000000 0.731500 0.834100
19.000000 0.725000 0.831200
20.000000 0.722100 0.834300
