active=100: 1 2 3 4 5 6 7 8 9 10 11 12 13 14 15 16 17 18 19 20 21 22 23 24 25 26 27 28 29 30 31 32 33 34 35 36 37 38 39 40 41 42 43 44 45 46 47 48 49 50 51 52 53 54 55 56 57 58 59 60 61 62 63 64 65 66 67 68 69 70 71 72 73 74 75 76 77 78 79 80 81 82 83 84 85 86 87 88 89 90 91 92 93 94 95 96 97 98 99 100 
active=99: 1 2 3 4 5 6 7 8 9 10 11 12 13 14 15 16 17 18 19 20 21 22 23 24 25 26 27 28 29 30 31 32 33 34 35 36 37 38 39 40 41 42 43 44 45 46 47 48 49 50 51 52 53 54 55 56 57 58 59 60 61 62 63 64 65 66 67 68 69 70 71 72 73 74 75 76 77 78 79 80 82 83 84 85 86 87 88 89 90 91 92 93 94 95 96 97 98 99 100 
active=98: 1 2 3 4 5 6 7 8 9 10 11 12 13 14 15 16 17 18 19 20 21 22 23 24 25 26 27 28 29 30 31 32 33 34 35 36 37 38 39 40 41 42 43 44 45 46 47 48 49 50 51 52 54 55 56 57 58 59 60 61 62 63 64 65 66 67 68 69 70 71 72 73 74 75 76 77 78 79 80 82 83 84 85 86 87 88 89 90 91 92 93 94 95 96 97 98 99 100 
active=97: 1 2 3 4 5 6 7 8 9 10 11 12 13 14 15 16 17 18 19 20 21 22 23 24 25 26 27 28 29 30 31 32 33 34 35 36 37 38 39 40 41 43 44 45 46 47 48 49 50 51 52 54 55 56 57 58 59 60 61 62 63 64 65 66 67 68 69 70 71 72 73 74 75 76 77 78 79 80 82 83 84 85 86 87 88 89 90 91 92 93 94 95 96 97 98 99 100 
active=96: 1 2 3 4 5 6 7 8 9 10 11 12 13 14 15 16 17 18 19 20 21 22 23 24 25 26 27 28 29 30 31 32 33 34 35 36 37 38 39 40 41 43 44 45 46 47 48 49 50 51 52 54 55 56 57 58 59 60 61 62 63 64 65 66 67 68 69 70 71 72 73 74 75 76 77 78 79 80 82 83 84 85 86 87 88 89 90 91 92 93 94 95 97 98 99 100 
active=95: 1 2 3 4 5 6 7 8 9 10 11 12 13 14 15 16 17 18 19 20 21 22 23 24 25 26 27 28 29 30 31 32 33 34 35 36 37 38 39 40 41 43 44 45 46 47 48 49 51 52 54 55 56 57 58 59 60 61 62 63 64 65 66 67 68 69 70 71 72 73 74 75 76 77 78 79 80 82 83 84 85 86 87 88 89 90 91 92 93 94 95 97 98 99 100 
active=94: 1 2 3 4 5 6 7 8 9 10 11 12 13 14 15 16 17 18 19 20 21 22 23 24 25 26 27 28 29 30 31 32 33 34 35 36 37 38 39 40 41 43 44 45 46 47 48 49 51 52 54 55 56 57 58 59 60 61 62 63 64 65 66 67 68 69 70 71 72 73 74 75 76 77 78 79 80 82 83 84 85 86 87 88 89 90 92 93 94 95 97 98 99 100 
active=93: 1 2 3 4 5 6 7 8 9 10 11 12 13 14 15 16 17 18 19 20 21 22 23 24 25 26 27 28 29 30 32 33 34 35 36 37 38 39 40 41 43 44 45 46 47 48 49 51 52 54 55 56 57 58 59 60 61 62 63 64 65 66 67 68 69 70 71 72 73 74 75 76 77 78 79 80 82 83 84 85 86 87 88 89 90 92 93 94 95 97 98 99 100 
active=92: 1 2 3 4 5 6 7 8 9 10 11 12 13 14 15 16 17 18 19 20 21 22 23 24 25 26 28 29 30 32 33 34 35 36 37 38 39 40 41 43 44 45 46 47 48 49 51 52 54 55 56 57 58 59 60 61 62 63 64 65 66 67 68 69 70 71 72 73 74 75 76 77 78 79 80 82 83 84 85 86 87 88 89 90 92 93 94 95 97 98 99 100 
active=91: 1 2 3 4 5 6 7 8 9 10 11 12 13 14 15 16 17 18 19 20 21 22 23 24 25 26 28 29 30 32 33 34 35 36 37 38 39 40 41 43 44 45 46 47 48 49 52 54 55 56 57 58 59 60 61 62 63 64 65 66 67 68 69 70 71 72 73 74 75 76 77 78 79 80 82 83 84 85 86 87 88 89 90 92 93 94 95 97 98 99 100 
active=90: 1 2 3 4 5 6 7 8 9 10 11 12 13 14 15 16 17 18 19 20 21 22 23 24 25 26 28 29 30 32 33 34 36 37 38 39 40 41 43 44 45 46 47 48 49 52 54 55 56 57 58 59 60 61 62 63 64 65 66 67 68 69 70 71 72 73 74 75 76 77 78 79 80 82 83 84 85 86 87 88 89 90 92 93 94 95 97 98 99 100 
active=89: 1 2 3 4 5 6 7 8 9 10 11 12 13 14 15 16 17 18 19 20 21 22 23 24 25 26 28 29 30 32 33 34 36 37 38 39 40 41 43 44 45 46 47 48 49 52 54 55 56 57 58 59 60 61 62 63 64 65 66 67 68 69 70 71 72 73 75 76 77 78 79 80 82 83 84 85 86 87 88 89 90 92 93 94 95 97 98 99 100 
active=88: 1 2 3 4 5 6 7 8 9 10 11 12 13 14 15 16 17 18 19 20 21 22 23 24 25 26 28 29 30 32 33 34 36 37 38 39 40 41 43 44 45 46 47 48 49 52 54 55 56 57 58 59 60 61 62 63 64 65 66 67 68 69 70 71 72 73 75 76 77 78 79 82 83 84 85 86 87 88 89 90 92 93 94 95 97 98 99 100 
active=87: 1 2 3 4 5 6 7 8 9 10 11 12 13 14 15 16 17 18 19 20 21 22 23 24 26 28 29 30 32 33 34 36 37 38 39 40 41 43 44 45 46 47 48 49 52 54 55 56 57 58 59 60 61 62 63 64 65 66 67 68 69 70 71 72 73 75 76 77 78 79 82 83 84 85 86 87 88 89 90 92 93 94 95 97 98 99 100 
active=86: 1 2 3 4 5 6 7 8 9 10 11 12 13 14 15 16 17 18 19 20 21 22 23 24 26 28 29 30 32 33 34 36 37 38 39 40 41 44 45 46 47 48 49 52 54 55 56 57 58 59 60 61 62 63 64 65 66 67 68 69 70 71 72 73 75 76 77 78 79 82 83 84 85 86 87 88 89 90 92 93 94 95 97 98 99 100 
active=85: 1 2 3 4 5 6 7 8 9 10 11 12 13 14 15 16 17 18 19 20 21 22 23 24 26 28 29 30 32 33 34 36 37 38 39 40 41 44 45 46 47 48 49 52 55 56 57 58 59 60 61 62 63 64 65 66 67 68 69 70 71 72 73 75 76 77 78 79 82 83 84 85 86 87 88 89 90 92 93 94 95 97 98 99 100 
active=84: 1 2 3 4 5 6 7 8 9 10 11 12 13 14 15 16 17 18 19 20 21 22 23 26 28 29 30 32 33 34 36 37 38 39 40 41 44 45 46 47 48 49 52 55 56 57 58 59 60 61 62 63 64 65 66 67 68 69 70 71 72 73 75 76 77 78 79 82 83 84 85 86 87 88 89 90 92 93 94 95 97 98 99 100 
active=83: 1 2 3 4 5 6 7 8 9 10 11 12 13 14 15 16 17 18 19 20 21 22 23 26 28 29 30 32 33 34 36 37 38 39 40 41 45 46 47 48 49 52 55 56 57 58 59 60 61 62 63 64 65 66 67 68 69 70 71 72 73 75 76 77 78 79 82 83 84 85 86 87 88 89 90 92 93 94 95 97 98 99 100 
active=82: 1 2 3 4 5 6 7 8 9 10 11 12 13 14 15 16 17 18 19 20 21 22 23 26 28 29 30 32 33 34 36 37 38 39 40 41 45 46 47 48 49 52 55 56 57 58 59 60 61 62 63 64 65 66 67 68 69 70 71 72 73 75 77 78 79 82 83 84 85 86 87 88 89 90 92 93 94 95 97 98 99 100 
active=81: 1 2 3 4 5 6 7 8 9 10 11 12 13 14 15 16 17 18 19 20 21 22 23 26 28 29 30 32 33 34 36 37 38 39 40 41 45 46 47 48 49 52 55 56 57 58 59 60 61 62 63 64 65 66 67 68 69 70 71 72 73 75 77 78 79 82 83 84 85 86 87 88 89 92 93 94 95 97 98 99 100 
active=80: 1 2 3 4 5 6 7 8 9 10 11 12 13 14 15 16 17 18 19 20 21 22 23 26 28 29 30 32 33 34 36 37 38 39 40 41 45 46 47 48 49 52 55 56 57 58 59 60 61 62 63 64 65 66 67 68 69 70 71 72 73 75 77 78 79 82 83 84 85 86 87 88 89 92 93 94 95 97 98 100 
active=79: 1 2 3 4 5 6 7 8 9 10 11 12 13 14 15 16 17 18 19 20 21 23 26 28 29 30 32 33 34 36 37 38 39 40 41 45 46 47 48 49 52 55 56 57 58 59 60 61 62 63 64 65 66 67 68 69 70 71 72 73 75 77 78 79 82 83 84 85 86 87 88 89 92 93 94 95 97 98 100 
active=78: 1 2 3 4 5 6 7 8 9 10 11 12 13 14 15 16 17 18 19 20 21 23 26 28 29 30 32 33 34 36 37 38 39 41 45 46 47 48 49 52 55 56 57 58 59 60 61 62 63 64 65 66 67 68 69 70 71 72 73 75 77 78 79 82 83 84 85 86 87 88 89 92 93 94 95 97 98 100 
active=77: 1 2 3 4 5 6 7 8 9 10 11 12 13 14 15 16 17 18 19 20 21 23 26 28 29 30 32 33 34 36 37 38 39 41 45 46 47 48 49 52 55 56 57 58 59 60 61 62 63 64 65 66 67 68 69 70 71 72 73 75 77 78 79 82 83 84 85 86 87 88 89 92 93 95 97 98 100 
active=76: 1 2 3 4 5 6 7 8 9 10 11 12 13 14 15 16 17 18 19 20 21 23 26 28 29 32 33 34 36 37 38 39 41 45 46 47 48 49 52 55 56 57 58 59 60 61 62 63 64 65 66 67 68 69 70 71 72 73 75 77 78 79 82 83 84 85 86 87 88 89 92 93 95 97 98 100 
active=75: 1 2 3 4 5 6 7 8 9 10 11 12 13 14 15 16 17 18 19 20 21 23 26 28 29 32 33 34 36 37 38 39 41 45 46 47 48 49 52 55 56 57 58 59 60 61 62 63 64 66 67 68 69 70 71 72 73 75 77 78 79 82 83 84 85 86 87 88 89 92 93 95 97 98 100 
active=74: 1 2 3 4 5 6 7 8 9 10 11 12 13 14 15 16 17 18 19 20 21 23 26 28 29 32 33 34 36 37 38 39 41 45 46 47 48 49 52 55 56 57 58 59 60 61 62 63 64 66 67 68 69 70 71 72 73 77 78 79 82 83 84 85 86 87 88 89 92 93 95 97 98 100 
active=73: 1 2 3 4 5 6 7 8 9 10 11 12 13 14 15 16 17 18 20 21 23 26 28 29 32 33 34 36 37 38 39 41 45 46 47 48 49 52 55 56 57 58 59 60 61 62 63 64 66 67 68 69 70 71 72 73 77 78 79 82 83 84 85 86 87 88 89 92 93 95 97 98 100 
active=72: 1 2 3 4 5 6 7 8 9 10 11 12 13 14 15 16 17 18 20 21 23 26 28 29 32 33 34 36 37 38 39 41 45 46 47 48 49 52 55 56 57 58 59 60 61 62 63 64 66 67 68 69 70 71 72 73 77 78 79 82 83 84 85 86 88 89 92 93 95 97 98 100 
active=71: 1 2 3 4 5 6 7 8 9 10 11 12 13 14 15 16 17 18 20 23 26 28 29 32 33 34 36 37 38 39 41 45 46 47 48 49 52 55 56 57 58 59 60 61 62 63 64 66 67 68 69 70 71 72 73 77 78 79 82 83 84 85 86 88 89 92 93 95 97 98 100 
active=70: 1 2 3 4 5 6 7 8 9 10 11 12 13 14 15 16 17 18 20 23 26 28 29 33 34 36 37 38 39 41 45 46 47 48 49 52 55 56 57 58 59 60 61 62 63 64 66 67 68 69 70 71 72 73 77 78 79 82 83 84 85 86 88 89 92 93 95 97 98 100 
active=69: 1 2 3 4 5 6 7 8 9 10 11 12 13 14 15 16 17 18 20 23 26 28 29 33 34 36 37 38 39 41 46 47 48 49 52 55 56 57 58 59 60 61 62 63 64 66 67 68 69 70 71 72 73 77 78 79 82 83 84 85 86 88 89 92 93 95 97 98 100 
active=68: 1 2 3 4 5 6 7 8 9 10 11 12 13 14 15 16 17 18 20 23 26 28 29 33 34 36 37 38 39 41 46 47 48 49 52 55 56 57 58 59 60 61 62 63 64 66 67 69 70 71 72 73 77 78 79 82 83 84 85 86 88 89 92 93 95 97 98 100 
active=67: 1 2 3 4 5 6 7 8 9 10 11 12 13 14 15 16 17 18 20 23 26 28 29 33 34 36 37 38 39 41 46 47 48 49 52 55 56 57 58 59 60 61 62 63 64 66 67 69 70 71 72 73 77 78 79 82 83 85 86 88 89 92 93 95 97 98 100 
active=66: 1 2 3 4 5 6 7 8 9 10 11 12 13 14 15 16 17 18 20 23 26 28 29 33 36 37 38 39 41 46 47 48 49 52 55 56 57 58 59 60 61 62 63 64 66 67 69 70 71 72 73 77 78 79 82 83 85 86 88 89 92 93 95 97 98 100 
active=65: 1 2 3 4 5 6 7 8 9 10 11 12 13 14 15 16 17 18 20 23 26 28 29 33 36 37 38 39 41 47 48 49 52 55 56 57 58 59 60 61 62 63 64 66 67 69 70 71 72 73 77 78 79 82 83 85 86 88 89 92 93 95 97 98 100 
active=64: 1 2 3 4 5 6 7 8 9 10 11 12 13 14 15 16 17 18 20 23 26 28 29 33 36 37 38 39 41 47 48 49 52 55 56 57 58 59 60 61 62 63 64 67 69 70 71 72 73 77 78 79 82 83 85 86 88 89 92 93 95 97 98 100 
active=63: 1 2 3 4 5 6 7 8 9 10 11 12 13 14 15 16 17 18 20 23 26 28 29 33 36 37 38 41 47 48 49 52 55 56 57 58 59 60 61 62 63 64 67 69 70 71 72 73 77 78 79 82 83 85 86 88 89 92 93 95 97 98 100 
active=62: 1 2 3 4 5 6 7 8 9 10 11 12 13 14 15 16 17 18 20 23 26 28 29 33 36 37 38 41 47 48 49 52 55 56 57 58 59 60 61 62 63 64 67 69 70 71 72 73 77 78 79 82 85 86 88 89 92 93 95 97 98 100 
active=61: 1 2 3 4 5 6 7 8 9 10 11 12 13 14 15 16 17 18 20 23 26 28 29 33 36 37 38 41 47 48 49 52 55 56 57 58 59 60 61 62 63 64 67 69 70 72 73 77 78 79 82 85 86 88 89 92 93 95 97 98 100 
active=60: 1 2 3 4 5 6 7 8 9 10 11 12 13 14 15 16 17 18 20 23 28 29 33 36 37 38 41 47 48 49 52 55 56 57 58 59 60 61 62 63 64 67 69 70 72 73 77 78 79 82 85 86 88 89 92 93 95 97 98 100 
active=59: 1 2 3 4 5 6 7 8 9 10 11 12 13 14 15 16 17 18 20 23 28 29 33 36 37 38 41 47 48 49 52 55 56 57 58 59 60 61 63 64 67 69 70 72 73 77 78 79 82 85 86 88 89 92 93 95 97 98 100 
active=58: 1 2 3 4 5 6 7 8 9 10 11 12 13 14 15 16 17 18 20 23 28 29 33 36 37 38 41 47 48 49 52 55 57 58 59 60 61 63 64 67 69 70 72 73 77 78 79 82 85 86 88 89 92 93 95 97 98 100 
active=57: 1 2 3 4 5 6 7 8 9 10 11 12 13 14 15 16 17 18 20 23 28 29 33 36 37 38 41 47 48 49 52 55 57 58 59 60 61 63 64 67 69 70 72 73 77 78 79 82 85 88 89 92 93 95 97 98 100 
active=56: 1 2 3 4 5 6 7 8 9 10 11 12 13 14 15 16 17 18 20 23 28 29 33 36 37 38 41 47 48 52 55 57 58 59 60 61 63 64 67 69 70 72 73 77 78 79 82 85 88 89 92 93 95 97 98 100 
active=55: 1 2 3 4 5 6 7 8 9 10 11 12 13 14 15 16 17 18 20 23 28 29 33 36 37 38 41 47 48 55 57 58 59 60 61 63 64 67 69 70 72 73 77 78 79 82 85 88 89 92 93 95 97 98 100 
active=54: 1 2 3 4 5 6 7 8 9 10 11 12 13 14 15 16 17 18 20 23 28 29 33 36 37 38 41 47 48 55 57 58 59 60 61 63 64 67 69 70 72 73 77 78 79 82 85 88 89 92 93 97 98 100 
active=53: 1 2 3 4 5 6 7 8 9 10 11 12 13 14 15 16 17 18 20 23 28 29 33 36 37 38 41 47 48 55 57 58 59 60 63 64 67 69 70 72 73 77 78 79 82 85 88 89 92 93 97 98 100 
active=52: 1 2 3 4 5 6 7 8 9 10 11 12 13 14 15 16 17 18 20 23 28 29 33 36 37 38 41 47 48 57 58 59 60 63 64 67 69 70 72 73 77 78 79 82 85 88 89 92 93 97 98 100 
active=51: 1 2 3 4 5 6 7 8 9 10 11 12 13 14 15 16 17 18 20 23 28 29 33 36 37 38 41 47 48 57 58 59 60 64 67 69 70 72 73 77 78 79 82 85 88 89 92 93 97 98 100 
active=50: 1 2 3 4 5 6 7 8 9 10 11 12 13 14 15 16 17 18 20 23 28 29 33 36 37 38 41 48 57 58 59 60 64 67 69 70 72 73 77 78 79 82 85 88 89 92 93 97 98 100 
active=49: 1 2 3 4 5 6 7 8 9 10 11 12 13 14 15 16 17 18 20 23 28 29 33 36 37 38 41 48 57 58 59 64 67 69 70 72 73 77 78 79 82 85 88 89 92 93 97 98 100 
active=48: 1 2 3 4 5 6 7 8 9 10 11 12 13 14 15 16 17 18 20 23 28 29 33 36 37 38 41 48 57 58 59 64 67 69 70 72 73 77 78 82 85 88 89 92 93 97 98 100 
active=47: 1 2 3 4 5 6 7 8 9 10 11 12 13 14 15 16 17 18 20 23 28 29 33 36 37 38 41 48 57 58 59 64 67 69 70 72 73 77 82 85 88 89 92 93 97 98 100 
active=46: 1 2 3 4 5 6 7 8 9 10 11 12 13 14 15 16 17 18 20 23 28 29 33 36 37 38 41 48 57 58 59 64 67 69 70 73 77 82 85 88 89 92 93 97 98 100 
active=45: 1 2 3 4 5 6 7 8 9 10 11 12 13 14 15 16 17 18 20 23 28 29 36 37 38 41 48 57 58 59 64 67 69 70 73 77 82 85 88 89 92 93 97 98 100 
active=44: 1 2 3 4 5 6 7 8 9 10 11 12 13 14 15 16 17 18 20 23 28 29 36 37 38 41 48 57 58 64 67 69 70 73 77 82 85 88 89 92 93 97 98 100 
active=43: 1 2 3 4 5 6 7 8 9 10 11 12 13 14 15 16 17 18 20 23 28 29 36 37 38 48 57 58 64 67 69 70 73 77 82 85 88 89 92 93 97 98 100 
active=42: 1 2 3 4 5 6 7 8 9 10 11 12 13 14 15 16 17 18 20 23 28 29 36 37 38 48 57 58 64 67 69 70 73 77 82 85 88 89 93 97 98 100 
active=41: 1 2 3 4 5 6 7 8 9 10 11 12 13 14 15 16 17 18 20 23 28 29 36 37 38 48 57 58 64 67 69 70 73 77 82 85 88 89 93 98 100 
active=40: 1 2 3 4 5 6 7 8 9 10 11 12 13 14 15 16 17 18 20 23 28 29 36 37 38 48 57 58 64 67 69 70 73 82 85 88 89 93 98 100 
active=39: 1 2 3 4 5 6 7 8 9 10 11 12 13 14 15 16 17 18 20 23 28 29 36 37 38 48 57 58 64 67 69 70 73 82 85 88 89 98 100 
active=38: 1 2 3 4 5 6 7 8 9 10 11 12 13 14 15 16 17 18 20 23 28 36 37 38 48 57 58 64 67 69 70 73 82 85 88 89 98 100 
active=37: 1 2 3 4 5 6 7 8 9 10 11 12 13 14 15 16 17 20 23 28 36 37 38 48 57 58 64 67 69 70 73 82 85 88 89 98 100 
active=36: 1 2 3 4 5 6 7 8 9 10 11 12 13 14 15 16 17 20 28 36 37 38 48 57 58 64 67 69 70 73 82 85 88 89 98 100 
active=35: 1 2 3 4 5 6 7 8 9 10 11 12 13 14 15 16 17 20 28 36 37 38 48 57 58 64 69 70 73 82 85 88 89 98 100 
active=34: 1 2 3 4 5 6 7 8 9 10 11 12 13 14 15 16 17 20 28 36 37 38 48 57 64 69 70 73 82 85 88 89 98 100 
active=33: 1 2 3 4 5 6 7 8 9 10 11 12 13 14 15 16 17 20 28 36 37 38 48 57 64 69 70 73 82 85 88 89 100 
active=32: 1 2 3 4 5 6 7 8 9 10 11 12 13 14 15 16 17 20 28 36 37 38 48 57 69 70 73 82 85 88 89 100 
active=31: 1 2 3 4 5 6 7 8 9 10 11 12 13 14 15 16 17 20 28 36 37 38 48 57 69 70 73 82 85 88 100 
active=30: 1 2 3 4 5 6 7 8 9 10 11 12 13 14 15 16 17 20 28 36 37 38 48 57 69 73 82 85 88 100 
active=29: 1 2 3 4 5 6 7 8 9 10 11 12 13 14 15 16 17 20 28 36 37 38 48 57 69 73 85 88 100 
active=28: 1 2 3 4 5 6 7 8 10 11 12 13 14 15 16 17 20 28 36 37 38 48 57 69 73 85 88 100 
active=27: 1 2 3 4 5 6 7 8 10 11 12 13 14 15 16 17 20 28 36 37 38 48 69 73 85 88 100 
active=26: 1 2 3 4 5 6 7 8 10 11 12 13 14 15 16 17 20 28 36 37 38 69 73 85 88 100 
active=25: 1 2 3 4 5 6 7 8 10 11 12 13 14 15 16 17 20 36 37 38 69 73 85 88 100 
active=24: 1 2 3 4 5 6 7 8 10 11 12 13 14 15 16 17 20 36 38 69 73 85 88 100 
active=23: 1 2 3 4 5 6 7 8 10 11 12 13 14 15 16 17 20 36 38 69 73 85 88 
active=22: 1 2 3 4 5 6 7 8 10 11 12 13 14 15 16 17 20 36 38 69 85 88 
active=21: 1 2 3 4 5 6 7 8 10 11 12 13 14 16 17 20 36 38 69 85 88 
active=20: 1 2 3 4 5 6 7 8 10 11 12 13 14 16 17 20 38 69 85 88 
active=19: 1 2 3 4 5 6 7 8 10 11 12 13 14 16 17 20 38 69 85 
active=18: 1 2 3 4 5 6 7 8 10 11 12 13 14 16 17 20 69 85 
active=17: 1 2 3 4 5 6 7 8 11 12 13 14 16 17 20 69 85 
active=16: 1 2 3 4 5 6 7 8 11 12 13 14 16 20 69 85 
active=15: 1 2 3 4 5 6 7 8 11 12 13 14 16 20 85 
active=14: 1 2 3 4 5 6 7 8 11 12 13 16 20 85 
active=13: 1 2 3 4 5 6 7 11 12 13 16 20 85 
active=12: 1 2 3 4 5 6 7 11 12 13 16 85 
active=11: 1 2 3 4 5 6 7 11 12 16 85 
active=10: 1 2 3 4 5 6 7 11 12 16 
active=9: 1 2 3 4 5 6 7 12 16 
active=8: 1 2 3 4 5 6 12 16 
active=7: 1 2 4 5 6 12 16 
active=6: 1 2 4 6 12 16 
active=5: 1 2 4 12 16 
active=4: 1 4 12 16 
active=3: 1 12 16 
active=2: 1 16 
active=1: 1 
