0.000000 0.500000 0.500000
1.000000 0.551800 0.551400
2.000000 0.600300 0.626200
3.000000 0.666900 0.688200
4.000000 0.699000 0.735300
5.000000 0.725700 0.746500
6.000000 0.718300 0.743100
7.000000 0.719000 0.761000
8.000000 0.735000 0.776600
9.000000 0.723300 0.762800
10.000000 0.732000 0.795900
11.000000 0.748100 0.806000
12.000000 0.769000 0.835600
13.000000 0.786600 0.844800
14.000000 0.798900 0.852500
15.000000 0.792100 0.873200
16.000000 0.792200 0.861900
17.000000 0.793800 0.873600
18.000000 0.803100 0.888500
19.000000 0.810500 0.891300
20.000000 0.817900 0.895700
21.000000 0.817300 0.906400
22.000000 0.818000 0.905600
23.000000 0.815600 0.911100
24.000000 0.811300 0.916300
25.000000 0.828900 0.915900
26.000000 0.822500 0.926800
27.000000 0.819800 0.928600
28.000000 0.820400 0.922900
29.000000 0.822300 0.934400
30.000000 0.829000 0.935600
31.000000 0.830100 0.935500
32.000000 0.819100 0.936200
33.000000 0.824100 0.937300
34.000000 0.806100 0.935500
35.000000 0.799900 0.935800
36.000000 0.804100 0.938400
37.000000 0.805600 0.936200
38.000000 0.796900 0.938900
39.000000 0.797000 0.942900
40.000000 0.789900 0.943900
41.000000 0.794400 0.944700
42.000000 0.796300 0.947300
43.000000 0.790100 0.945900
44.000000 0.780700 0.943300
45.000000 0.785200 0.948800
46.000000 0.774000 0.945400
47.000000 0.773500 0.952100
48.000000 0.777200 0.952100
49.000000 0.774000 0.952200
50.000000 0.766800 0.952400
51.000000 0.769900 0.951500
52.000000 0.773500 0.955700
53.000000 0.763200 0.957100
54.000000 0.761300 0.959200
55.000000 0.754700 0.960600
56.000000 0.755100 0.958900
57.000000 0.748200 0.958000
58.000000 0.739000 0.961300
59.000000 0.747300 0.961600
60.000000 0.745100 0.962400
61.000000 0.733300 0.960900
62.000000 0.733900 0.965700
63.000000 0.732500 0.964600
64.000000 0.736000 0.963700
65.000000 0.725600 0.962100
66.000000 0.724100 0.965000
67.000000 0.721400 0.968400
68.000000 0.716800 0.966900
69.000000 0.713200 0.967500
70.000000 0.715700 0.968800
71.000000 0.710500 0.970400
72.000000 0.710900 0.968100
73.000000 0.706600 0.972600
74.000000 0.697400 0.971800
75.000000 0.701000 0.971100
76.000000 0.691100 0.972700
77.000000 0.689500 0.972700
78.000000 0.699800 0.974200
79.000000 0.689700 0.974500
80.000000 0.687000 0.975600
81.000000 0.691900 0.974500
82.000000 0.679800 0.976700
83.000000 0.681800 0.975200
84.000000 0.685300 0.975800
85.000000 0.681100 0.976200
86.000000 0.680300 0.979000
87.000000 0.675200 0.978100
88.000000 0.675200 0.977500
89.000000 0.669700 0.980400
90.000000 0.668500 0.978600
91.000000 0.667900 0.979000
92.000000 0.664300 0.979100
93.000000 0.660700 0.979700
94.000000 0.651300 0.977800
95.000000 0.650500 0.979700
96.000000 0.645300 0.980900
97.000000 0.645700 0.980600
98.000000 0.647100 0.980400
99.000000 0.646800 0.981900
100.000000 0.645300 0.981200
