0.000000 0.500000 0.500000
1.000000 0.617292 0.630000
2.000000 0.654583 0.700417
3.000000 0.726667 0.762708
4.000000 0.718542 0.767500
5.000000 0.741458 0.803125
6.000000 0.733750 0.819792
7.000000 0.741667 0.832708
8.000000 0.770208 0.878542
9.000000 0.768750 0.889583
10.000000 0.777083 0.906875
11.000000 0.749375 0.904375
12.000000 0.745625 0.909583
13.000000 0.754792 0.902083
14.000000 0.737292 0.917917
15.000000 0.732292 0.920417
16.000000 0.710625 0.917917
17.000000 0.717500 0.926458
18.000000 0.708125 0.925000
19.000000 0.685208 0.928958
20.000000 0.678125 0.934583
