active=50: 1 2 3 4 5 6 7 8 9 10 11 12 13 14 15 16 17 18 19 20 21 22 23 24 25 26 27 28 29 30 31 32 33 34 35 36 37 38 39 40 41 42 43 44 45 46 47 48 49 50 
active=49: 1 2 3 4 5 6 7 8 9 10 11 12 13 14 15 16 17 18 19 20 21 22 23 24 25 26 27 28 29 30 31 32 33 34 35 36 37 38 39 40 42 43 44 45 46 47 48 49 50 
active=48: 1 2 3 4 5 6 7 8 9 10 11 12 13 14 15 16 17 18 19 20 21 22 23 24 25 26 27 28 29 30 31 32 33 34 35 36 37 38 40 42 43 44 45 46 47 48 49 50 
active=47: 1 2 3 5 6 7 8 9 10 11 12 13 14 15 16 17 18 19 20 21 22 23 24 25 26 27 28 29 30 31 32 33 34 35 36 37 38 40 42 43 44 45 46 47 48 49 50 
active=46: 1 2 3 5 6 7 8 9 10 11 12 13 14 15 16 17 18 19 20 21 22 23 24 25 26 27 28 29 30 31 32 33 34 35 36 38 40 42 43 44 45 46 47 48 49 50 
active=45: 1 2 3 5 6 7 8 9 10 11 12 13 14 15 16 17 18 19 20 21 22 23 24 25 26 27 28 29 30 31 32 33 34 35 36 38 40 42 43 44 45 46 47 48 49 
active=44: 1 2 3 5 6 7 8 9 10 11 12 13 14 15 16 17 18 19 20 21 22 23 24 25 26 27 28 29 30 31 32 33 34 35 36 38 40 42 43 44 45 46 47 49 
active=43: 1 2 3 5 6 7 8 9 10 11 12 13 14 15 16 17 18 19 20 21 22 23 24 25 26 27 28 29 30 31 32 33 34 35 36 38 42 43 44 45 46 47 49 
active=42: 1 2 3 5 6 7 8 9 10 11 12 13 14 15 16 17 18 19 20 21 22 23 24 25 26 27 28 29 30 31 32 33 34 35 36 38 42 43 44 45 46 47 
active=41: 1 2 3 5 6 7 8 9 10 11 12 13 14 15 16 17 18 19 20 21 22 23 24 25 26 27 28 29 30 31 32 33 34 35 36 38 42 43 44 46 47 
active=40: 1 3 5 6 7 8 9 10 11 12 13 14 15 16 17 18 19 20 21 22 23 24 25 26 27 28 29 30 31 32 33 34 35 36 38 42 43 44 46 47 
active=39: 1 3 5 6 7 8 9 10 11 13 14 15 16 17 18 19 20 21 22 23 24 25 26 27 28 29 30 31 32 33 34 35 36 38 42 43 44 46 47 
active=38: 1 3 5 6 7 8 9 10 11 13 14 15 16 17 18 20 21 22 23 24 25 26 27 28 29 30 31 32 33 34 35 36 38 42 43 44 46 47 
active=37: 1 3 5 6 7 8 9 11 13 14 15 16 17 18 20 21 22 23 24 25 26 27 28 29 30 31 32 33 34 35 36 38 42 43 44 46 47 
active=36: 1 3 5 6 7 8 9 11 13 14 15 16 17 18 20 21 22 23 24 25 26 27 28 29 30 31 32 33 34 35 36 38 42 43 44 46 
active=35: 3 5 6 7 8 9 11 13 14 15 16 17 18 20 21 22 23 24 25 26 27 28 29 30 31 32 33 34 35 36 38 42 43 44 46 
active=34: 3 5 6 7 8 9 11 13 14 15 16 17 18 20 21 22 23 24 25 26 27 28 29 30 31 32 33 34 35 36 38 43 44 46 
active=33: 3 5 6 7 8 9 11 13 14 15 16 17 18 20 22 23 24 25 26 27 28 29 30 31 32 33 34 35 36 38 43 44 46 
active=32: 3 5 6 7 8 9 11 13 14 15 16 17 18 20 22 23 24 25 26 27 28 30 31 32 33 34 35 36 38 43 44 46 
active=31: 3 5 6 7 8 9 11 13 14 15 16 17 18 20 22 23 24 25 26 27 28 30 32 33 34 35 36 38 43 44 46 
active=30: 3 6 7 8 9 11 13 14 15 16 17 18 20 22 23 24 25 26 27 28 30 32 33 34 35 36 38 43 44 46 
active=29: 3 6 7 8 9 11 13 14 15 16 17 18 20 22 23 24 25 26 27 28 30 32 33 34 35 36 38 44 46 
active=28: 3 6 7 8 9 11 13 14 15 16 17 18 20 22 23 24 25 26 27 30 32 33 34 35 36 38 44 46 
active=27: 3 6 7 8 9 11 13 14 15 16 17 18 20 22 23 24 25 26 27 30 32 33 34 35 36 44 46 
active=26: 3 6 7 8 9 11 13 14 15 16 17 18 20 22 23 24 25 26 27 30 32 33 34 35 36 44 
active=25: 6 7 8 9 11 13 14 15 16 17 18 20 22 23 24 25 26 27 30 32 33 34 35 36 44 
active=24: 6 7 8 9 13 14 15 16 17 18 20 22 23 24 25 26 27 30 32 33 34 35 36 44 
active=23: 6 7 8 9 13 14 15 16 17 18 20 22 23 25 26 27 30 32 33 34 35 36 44 
active=22: 7 8 9 13 14 15 16 17 18 20 22 23 25 26 27 30 32 33 34 35 36 44 
active=21: 7 8 9 13 15 16 17 18 20 22 23 25 26 27 30 32 33 34 35 36 44 
active=20: 7 8 9 13 15 16 17 18 20 22 23 25 26 27 32 33 34 35 36 44 
active=19: 7 8 9 13 15 16 17 18 20 22 23 25 26 27 32 33 34 35 36 
active=18: 7 8 9 15 16 17 18 20 22 23 25 26 27 32 33 34 35 36 
active=17: 8 9 15 16 17 18 20 22 23 25 26 27 32 33 34 35 36 
active=16: 8 9 15 16 17 18 20 23 25 26 27 32 33 34 35 36 
active=15: 8 9 15 16 17 18 20 23 25 26 27 32 33 34 36 
active=14: 8 9 15 16 17 18 20 23 25 26 27 32 34 36 
active=13: 8 9 15 16 17 18 20 23 25 26 27 32 34 
active=12: 8 9 15 16 17 18 20 25 26 27 32 34 
active=11: 8 9 15 16 17 18 20 25 27 32 34 
active=10: 8 9 15 16 17 18 20 25 27 34 
active=9: 8 9 15 16 17 18 20 27 34 
active=8: 9 15 16 17 18 20 27 34 
active=7: 9 15 17 18 20 27 34 
active=6: 9 15 18 20 27 34 
active=5: 9 15 18 27 34 
active=4: 15 18 27 34 
active=3: 15 18 34 
active=2: 15 34 
active=1: 34 
