0.000000 0.500000
1.000000 0.603333
2.000000 0.595833
3.000000 0.685625
4.000000 0.727083
5.000000 0.719375
6.000000 0.765208
7.000000 0.782500
8.000000 0.797083
9.000000 0.828333
10.000000 0.806667
11.000000 0.819375
12.000000 0.819167
13.000000 0.814375
14.000000 0.806667
15.000000 0.826042
16.000000 0.827500
17.000000 0.812708
18.000000 0.808750
19.000000 0.807708
20.000000 0.818333
21.000000 0.821250
22.000000 0.822083
23.000000 0.810833
24.000000 0.813333
25.000000 0.816875
26.000000 0.819583
27.000000 0.801250
28.000000 0.798125
29.000000 0.787708
30.000000 0.803958
31.000000 0.812292
32.000000 0.790833
33.000000 0.793542
34.000000 0.793125
35.000000 0.782917
36.000000 0.780208
37.000000 0.770208
38.000000 0.781667
39.000000 0.791042
40.000000 0.778958
41.000000 0.778958
42.000000 0.786250
43.000000 0.782500
44.000000 0.800625
45.000000 0.770417
46.000000 0.783958
47.000000 0.778958
48.000000 0.771667
49.000000 0.774375
50.000000 0.774792
51.000000 0.772708
52.000000 0.758958
53.000000 0.754583
54.000000 0.741250
55.000000 0.751250
56.000000 0.748542
57.000000 0.751875
58.000000 0.746667
59.000000 0.744167
60.000000 0.737708
61.000000 0.743542
62.000000 0.742292
63.000000 0.731042
64.000000 0.719792
65.000000 0.727500
66.000000 0.722292
67.000000 0.725000
68.000000 0.719167
69.000000 0.721042
70.000000 0.722500
71.000000 0.713958
72.000000 0.704583
73.000000 0.705208
74.000000 0.714792
75.000000 0.702083
76.000000 0.701250
77.000000 0.692292
78.000000 0.688333
79.000000 0.682500
80.000000 0.691250
81.000000 0.688958
82.000000 0.690625
83.000000 0.695000
84.000000 0.677708
85.000000 0.675208
86.000000 0.675000
87.000000 0.682292
88.000000 0.667500
89.000000 0.664792
90.000000 0.663958
91.000000 0.640417
92.000000 0.647083
93.000000 0.642917
94.000000 0.642292
95.000000 0.640208
96.000000 0.634375
97.000000 0.622083
98.000000 0.624583
99.000000 0.617083
100.000000 0.617917
