0.000000 0.500000 0.520000
1.000000 0.590000 0.589800
2.000000 0.667917 0.694600
3.000000 0.655000 0.708800
4.000000 0.686250 0.742400
5.000000 0.751458 0.800600
6.000000 0.740625 0.822400
7.000000 0.781042 0.871000
8.000000 0.741667 0.846600
9.000000 0.761042 0.885800
10.000000 0.769792 0.892400
11.000000 0.768333 0.897600
12.000000 0.774792 0.918800
13.000000 0.789583 0.931600
14.000000 0.766875 0.919000
15.000000 0.786250 0.916200
16.000000 0.774583 0.926600
17.000000 0.773125 0.925200
18.000000 0.766667 0.932600
19.000000 0.777500 0.930200
20.000000 0.773125 0.938200
21.000000 0.761667 0.937000
22.000000 0.763750 0.935600
23.000000 0.762708 0.951200
24.000000 0.773125 0.954800
25.000000 0.764375 0.956400
26.000000 0.781042 0.960200
27.000000 0.749167 0.961000
28.000000 0.742708 0.961600
29.000000 0.761875 0.964200
30.000000 0.754583 0.962200
31.000000 0.738958 0.962800
32.000000 0.733750 0.963000
33.000000 0.747708 0.964800
34.000000 0.730417 0.967000
35.000000 0.737083 0.967400
36.000000 0.735625 0.969400
37.000000 0.727083 0.970400
38.000000 0.723542 0.968400
39.000000 0.720208 0.967200
40.000000 0.701042 0.969600
41.000000 0.700417 0.969400
42.000000 0.696042 0.972600
43.000000 0.700417 0.972800
44.000000 0.678333 0.975600
45.000000 0.688542 0.974600
46.000000 0.677708 0.978400
47.000000 0.671250 0.982200
48.000000 0.683125 0.980600
49.000000 0.674583 0.981000
50.000000 0.675208 0.984400
51.000000 0.655833 0.984200
52.000000 0.650208 0.986200
53.000000 0.653333 0.988200
54.000000 0.652708 0.988400
55.000000 0.651250 0.989200
56.000000 0.638750 0.990600
57.000000 0.612500 0.993800
58.000000 0.629167 0.994800
59.000000 0.614792 0.995400
60.000000 0.609375 0.997400
61.000000 0.607083 0.997600
62.000000 0.606875 0.998800
63.000000 0.591042 0.999000
64.000000 0.593542 0.999600
65.000000 0.599375 0.999800
66.000000 0.587500 0.999400
67.000000 0.590417 1.000000
68.000000 0.569167 1.000000
69.000000 0.573542 0.999800
70.000000 0.559375 1.000000
71.000000 0.568750 1.000000
72.000000 0.552083 1.000000
73.000000 0.537708 1.000000
74.000000 0.536250 1.000000
75.000000 0.542500 1.000000
76.000000 0.540417 1.000000
77.000000 0.531667 1.000000
78.000000 0.520625 1.000000
79.000000 0.510417 1.000000
80.000000 0.513125 1.000000
