1 0.142897201710 0.989683797967
2 0.178703215851 0.900815100402
3 0.007371433075 1.010878280305
4 0.007395980694 1.119655972279
5 0.225801434803 1.071519882740
6 -0.076682547267 0.976792358442
7 -0.000261642585 1.043264915502
8 0.075635671064 0.898389271708
9 0.277267068503 1.021686002614
10 0.124024759660 0.972403334037
11 -0.172327233389 1.160900855071
12 -0.042410704429 0.941690058595
13 -0.059620730767 1.055912074655
14 0.059711548872 1.042601014245
15 0.061493583933 0.929430479827
16 -0.108898386428 1.113163267964
17 0.026011176764 0.883362614655
18 0.075080629906 1.081319822670
19 -0.048379413125 0.982265563357
20 -0.148124063455 1.082386808604
21 0.166513069082 1.003753197449
22 -0.188743429742 0.809180854231
23 0.024005803213 0.950853514654
24 -0.074431617882 0.837048234122
25 -0.038486787208 0.838947602774
26 0.323472581285 0.787337840082
27 0.071787278611 1.008551469957
28 0.011711699062 0.878173796912
29 0.038769838606 0.980473568972
30 0.085481853152 1.004939174195
31 0.146336824283 1.138293351308
32 -0.026137146953 0.900171087295
33 0.190103053335 0.942197241921
34 -0.052926023208 0.892884110764
35 -0.194861321485 0.819517605980
36 -0.024941620502 1.031672891917
37 -0.018517021949 1.156925345708
38 -0.003303424549 0.940273562986
39 -0.101941459872 0.876094698348
40 -0.075466870514 0.975950974846
41 -0.150208895023 0.934221120513
42 -0.198980079764 0.949409008643
43 0.130804671258 1.117410621364
44 0.209058757092 0.836195186399
45 0.181088025634 0.966246908098
46 0.024476633464 1.093918133114
47 0.053756736126 0.851866024959
48 -0.182641433860 0.943373650103
49 0.349574535976 1.027662020118
50 0.133850213029 0.891947925466
51 0.163512448214 1.017681689146
52 -0.149338892522 0.999447148966
53 0.105595167717 0.898323801212
54 -0.175114125203 0.957383075037
55 -0.017425480119 0.816809113173
56 0.060896508475 1.057510001894
57 0.014598424222 0.963877566383
58 0.058905059157 1.048232184765
59 -0.038499769639 0.965197574747
60 0.090127806597 1.075356280688
61 -0.076448559475 0.868698898032
62 0.011356669190 0.885742247738
63 -0.063719554560 0.945137316087
64 -0.052574442687 0.887172631601
65 0.019454437075 1.032765096849
66 -0.092409424149 0.848627353220
67 0.202176753157 0.978586075316
68 -0.085053877054 1.010554999290
69 -0.044019720999 0.933719247427
70 0.138949848617 0.994121538199
71 -0.341867946966 0.980495489215
72 -0.223335672649 0.974008590030
73 0.057996893330 1.129348092814
74 0.117896966214 1.029714988246
75 -0.175674536029 0.991420997403
76 0.045535745644 0.954991571188
77 0.009452540795 0.995590401905
78 -0.064604793584 1.125665970114
79 -0.226588999804 0.711489035113
80 0.072374724596 1.008356612330
