1 -0.058816617978 0.925946608695
2 0.012257071429 0.938934555580
3 0.029814687500 0.963980082967
4 0.106100473118 1.011199957413
5 -0.030457114583 0.893150417584
6 0.154765655556 0.889531954126
7 0.129448422680 1.001954763584
8 -0.116977484536 1.051929249149
9 -0.068155096774 1.005383569002
10 -0.083939468085 0.916825597131
11 0.108406892473 0.954547016075
12 0.182167456522 0.966046048550
13 -0.066823041237 0.924796922567
14 -0.045165313131 0.931673979446
15 0.068064670000 0.987638348625
16 -0.030247600000 1.067434170658
17 -0.213164917526 0.867210741668
18 0.024537285714 0.986361722311
19 0.135192773196 0.936498988202
20 -0.054694955056 0.832360163087
21 -0.057858604167 1.103041822228
22 0.159093255319 0.890387505116
23 -0.141176989247 0.799173362205
24 -0.055874946237 0.915835929662
25 -0.065475810526 0.896289158711
26 0.060805305263 0.972522311715
27 0.061514904255 1.062566940559
28 0.044867421053 0.939700430665
29 -0.048693092784 1.004393268897
30 0.208622148936 1.007990714622
31 0.129127052632 1.009641165201
32 0.179560580645 0.962309328820
33 -0.024849606061 0.863898087202
34 -0.070865905263 0.864379169552
35 -0.056176020619 0.900181807911
36 -0.001662884211 1.109985460049
37 -0.009346467391 1.022177874016
38 0.013850234043 0.887377927776
39 -0.048741125000 1.032770436970
40 0.197590031579 1.057624137256
41 -0.086062913978 1.059004500911
42 0.017312739130 1.002910009647
43 -0.033028474227 0.877908894923
44 -0.060335893617 1.036938823770
45 0.069589916667 0.986470794361
46 0.056328712766 0.956878903056
47 -0.016115402174 1.016350021501
48 -0.043830691489 1.010255448465
49 0.135181141304 1.104630225289
50 0.025535229167 0.884701183444
51 -0.052374150538 1.035031022559
52 -0.066699168421 1.081078034423
53 -0.053073260417 1.036938008048
54 -0.015909271739 1.051106286369
55 -0.156492230769 0.915756208943
56 0.021223744898 0.900787887869
57 -0.048861363636 1.024365663494
58 0.109144968421 0.900362248939
59 -0.092366340426 0.936894329390
60 0.018395768421 1.043153464671
61 -0.081536593407 1.104576726937
62 0.081306538462 1.014132091224
63 0.032325747475 0.982583789834
64 -0.070220666667 0.959900658145
65 0.146051021277 0.942860703928
66 0.072340755102 1.159557242209
67 0.176719822222 0.994725469968
68 -0.004507052083 0.951740317677
69 -0.018346344086 1.052372813650
70 0.087958639175 1.073990249397
71 -0.099045000000 0.970833946776
72 0.103743041237 1.091147465497
73 0.127335031579 0.875901248932
74 0.044691043956 0.839842655292
75 -0.083902020833 0.931323136114
76 -0.053875166667 1.009750942853
77 -0.052543948454 1.087373530850
78 -0.039525218750 0.914998747802
79 0.089071127660 0.999435125811
80 0.055644233333 1.197483708550
