active=40: 1 2 3 4 5 6 7 8 9 10 11 12 13 14 15 16 17 18 19 20 21 22 23 24 25 26 27 28 29 30 31 32 33 34 35 36 37 38 39 40 
active=39: 1 2 3 4 5 6 7 8 9 10 11 12 13 14 15 16 17 19 20 21 22 23 24 25 26 27 28 29 30 31 32 33 34 35 36 37 38 39 40 
active=38: 1 2 3 4 5 6 7 8 9 10 11 12 13 14 15 16 17 19 20 21 22 23 24 25 26 28 29 30 31 32 33 34 35 36 37 38 39 40 
active=37: 2 3 4 5 6 7 8 9 10 11 12 13 14 15 16 17 19 20 21 22 23 24 25 26 28 29 30 31 32 33 34 35 36 37 38 39 40 
active=36: 2 3 4 5 6 7 8 9 10 11 12 13 14 15 16 17 19 20 21 22 23 24 25 26 28 29 30 31 32 33 34 35 36 37 39 40 
active=35: 2 3 4 5 6 7 8 9 10 11 12 13 14 15 16 17 19 20 21 22 23 24 25 26 29 30 31 32 33 34 35 36 37 39 40 
active=34: 2 3 4 5 6 7 8 9 10 11 12 13 14 15 16 17 19 20 21 22 23 25 26 29 30 31 32 33 34 35 36 37 39 40 
active=33: 2 3 4 5 6 7 8 9 10 11 12 13 14 15 16 17 19 20 21 22 23 25 26 29 30 31 32 34 35 36 37 39 40 
active=32: 2 3 4 5 6 7 8 9 10 11 12 13 14 15 16 17 20 21 22 23 25 26 29 30 31 32 34 35 36 37 39 40 
active=31: 2 3 4 5 6 7 8 9 10 11 12 13 14 15 16 17 20 21 22 23 25 26 30 31 32 34 35 36 37 39 40 
active=30: 2 3 4 5 6 7 8 9 10 11 12 13 14 15 16 17 20 21 22 23 25 26 30 31 32 35 36 37 39 40 
active=29: 2 3 4 5 6 7 8 9 10 11 12 13 14 15 17 20 21 22 23 25 26 30 31 32 35 36 37 39 40 
active=28: 2 3 4 5 6 7 8 9 10 11 12 14 15 17 20 21 22 23 25 26 30 31 32 35 36 37 39 40 
active=27: 2 3 4 5 6 7 8 9 10 11 12 14 15 17 20 21 22 23 26 30 31 32 35 36 37 39 40 
active=26: 2 3 4 5 6 7 8 9 10 11 12 14 15 17 20 21 22 23 26 30 31 32 36 37 39 40 
active=25: 2 3 4 5 6 7 8 9 10 11 14 15 17 20 21 22 23 26 30 31 32 36 37 39 40 
active=24: 2 3 4 5 6 7 8 9 10 11 14 15 17 20 21 22 23 26 30 31 32 36 37 40 
active=23: 3 4 5 6 7 8 9 10 11 14 15 17 20 21 22 23 26 30 31 32 36 37 40 
active=22: 3 4 5 6 7 9 10 11 14 15 17 20 21 22 23 26 30 31 32 36 37 40 
active=21: 3 4 5 6 7 9 10 11 14 15 17 20 21 22 26 30 31 32 36 37 40 
active=20: 3 4 5 6 7 9 10 11 14 15 17 21 22 26 30 31 32 36 37 40 
active=19: 3 5 6 7 9 10 11 14 15 17 21 22 26 30 31 32 36 37 40 
active=18: 3 5 6 9 10 11 14 15 17 21 22 26 30 31 32 36 37 40 
active=17: 3 5 6 9 10 11 14 15 21 22 26 30 31 32 36 37 40 
active=16: 3 5 6 10 11 14 15 21 22 26 30 31 32 36 37 40 
active=15: 3 5 6 10 11 14 15 21 22 30 31 32 36 37 40 
active=14: 3 5 6 10 11 15 21 22 30 31 32 36 37 40 
active=13: 3 5 6 10 11 15 21 22 30 31 32 37 40 
active=12: 3 5 6 10 11 15 21 22 30 31 32 37 
active=11: 3 5 6 10 11 15 21 22 30 31 32 
active=10: 3 5 6 10 11 21 22 30 31 32 
active=9: 3 5 6 10 11 21 22 31 32 
active=8: 3 5 6 10 11 22 31 32 
active=7: 3 5 6 10 11 22 32 
active=6: 3 5 6 10 22 32 
active=5: 3 5 6 10 22 
active=4: 5 6 10 22 
active=3: 5 6 10 
active=2: 5 10 
active=1: 5 
