0.000000 0.476190
1.000000 0.607619
2.000000 0.694762
3.000000 0.686429
4.000000 0.720952
5.000000 0.722619
6.000000 0.735476
7.000000 0.735238
8.000000 0.717619
9.000000 0.726190
10.000000 0.705476
11.000000 0.682619
12.000000 0.691667
13.000000 0.691667
14.000000 0.695238
15.000000 0.656667
16.000000 0.659286
17.000000 0.660476
18.000000 0.645238
19.000000 0.649286
20.000000 0.638333
21.000000 0.647381
22.000000 0.634762
23.000000 0.639762
24.000000 0.619762
25.000000 0.611905
26.000000 0.595714
27.000000 0.595714
28.000000 0.594048
29.000000 0.596429
30.000000 0.578333
31.000000 0.589286
32.000000 0.558810
33.000000 0.564048
34.000000 0.566905
35.000000 0.543095
36.000000 0.551429
37.000000 0.549048
38.000000 0.534048
39.000000 0.531905
40.000000 0.537381
