1 0.579031000000 0.535486775636
2 -0.644095600000 0.575158332175
3 -0.516516222222 0.753924779375
4 0.648589111111 0.528998340978
5 0.136758222222 0.768260343737
6 -0.081238400000 1.226142546773
7 0.399443800000 1.067188525256
8 0.586266300000 1.054621448421
9 -0.196883777778 0.932771458031
10 0.120060777778 0.758467574075
11 0.541364000000 0.977069643692
12 0.167720500000 0.680516577118
13 -0.121926200000 0.977557957591
14 0.275291111111 1.176692578249
15 -0.089506888889 0.909874441252
16 -0.390203888889 0.840291710525
17 -0.157617250000 0.908223936219
18 -0.010464111111 0.587603549636
19 0.379047888889 0.883477829671
20 0.666845100000 0.648982050634
21 0.459659000000 0.697639398839
22 0.457453900000 0.743408452964
23 -0.082949100000 1.445067915455
24 0.180012400000 1.066571413703
25 0.266315000000 1.286717203936
26 -0.406011333333 1.009624172535
27 0.181635222222 0.995551977042
28 -0.281834625000 0.874681321664
29 -0.055893800000 0.776818707980
30 0.137936600000 1.206200317279
31 -0.062996400000 0.981556486237
32 -0.294885000000 0.523343503561
33 -0.038392400000 0.894466375203
34 0.092500500000 0.629831494426
35 0.641728400000 0.948733627288
36 -0.429727900000 1.143771982739
37 -0.159322111111 0.674311796111
38 0.844570100000 0.645096534954
39 0.683644200000 1.083998136597
40 0.631416222222 1.461525626112
41 0.134081444444 1.056300066073
42 -0.235596600000 1.025407770093
43 0.014989900000 0.784890010892
44 0.258199000000 0.841542714186
45 0.108653555556 0.848655150198
46 0.211950000000 0.820974066059
47 0.206216700000 0.681200485737
48 -0.047542600000 1.204367246844
49 0.476150222222 0.967310424265
50 0.046127400000 0.868371434256
51 -0.299444900000 1.117762120628
52 0.028747750000 0.923293150928
53 0.171204500000 1.405034710737
54 -0.231888000000 0.687292587282
55 -0.219916444444 0.937645585395
56 -0.062495500000 0.821182801872
57 -0.190759800000 0.872074822764
58 -0.172192200000 0.845122208876
59 0.057287500000 0.793057988887
60 -0.116697100000 0.523191867772
61 -0.088872100000 1.058735790316
62 -0.915509625000 1.063036605180
63 -0.115839000000 0.938293067743
64 -0.938530000000 0.501182414512
65 0.179755700000 1.428185138244
66 0.180095888889 0.805135595736
67 -0.394938400000 1.273739981816
68 -0.401176900000 0.577670707783
69 -0.818331100000 0.860599060177
70 0.014923600000 1.255422581069
71 -0.451875444444 1.161001137712
72 0.246672200000 0.662336005071
73 0.063186100000 0.860646071242
74 0.006714444444 0.940953782361
75 -0.046611250000 0.922963234633
76 0.324668100000 0.898104915120
77 -0.180562100000 0.814488078860
78 0.360553250000 0.618390816219
79 0.138252000000 0.848737995846
80 0.004435500000 0.850695510578
