1 -0.046546279570 0.879137239463
2 -0.011992210526 0.800802672652
3 0.063890591398 0.948404343116
4 0.033367595745 1.126296925539
5 -0.103282084211 1.114488589719
6 0.045200886598 0.979611707222
7 0.000988562500 1.067369898192
8 -0.083414159574 0.885778240005
9 -0.011830202128 0.961571247848
10 0.108700460000 0.992609109015
11 0.002532818182 0.987530948256
12 -0.031221781250 0.958702839415
13 0.118835543478 0.947613684093
14 0.126373947917 0.940560308284
15 -0.181498072917 1.004885525020
16 0.203555903226 1.025930520501
17 -0.128728947917 1.033153096263
18 0.067740072917 0.929379812908
19 0.182118802083 1.075913296642
20 0.021579212121 0.982657750993
21 -0.129649372340 0.978120398794
22 0.002957343750 1.035170591601
23 -0.128586489583 0.979252974854
24 -0.005454010204 1.130672243652
25 0.122252226804 0.945815422619
26 -0.016355175258 0.991001439777
27 0.146852021277 0.967696074073
28 0.005090680851 0.942730998051
29 -0.000047787234 1.027361661757
30 -0.045197831579 0.913898242027
31 0.013998870968 0.957320898059
32 -0.050472649485 1.089929317124
33 0.086625389474 1.006381677762
34 0.064648106383 0.990468007276
35 0.062628904255 0.896660339190
36 0.007299905263 1.009858010439
37 -0.043583771739 0.926215226535
38 0.035182938144 0.910807517401
39 0.077703652632 0.915614123442
40 0.098316200000 1.090429433133
