1 -0.056366291956 0.850054097540
2 0.069117663823 1.062339447367
3 -0.084636396901 0.879832516460
4 -0.027269112497 1.034429639693
5 -0.012529576774 1.023025673587
6 0.008712143565 0.829338173531
7 -0.054069474696 1.023615415418
8 0.031626648774 1.276652704935
9 0.215559824310 0.920578187170
10 0.254410260012 1.119146391463
11 -0.077507738328 0.966028898240
12 0.038126016196 1.079144754559
13 -0.172020720184 0.933455592916
14 0.057920232620 1.067947517299
15 0.099512315135 0.957506360358
16 -0.063508975899 0.859288650765
17 -0.051086286463 0.819817045532
18 0.074873979585 1.043194617768
19 -0.096747254270 1.074480909783
20 -0.114043067265 0.890771604722
21 -0.261928866646 1.004727350758
22 -0.035147965140 0.889122148618
23 0.222619556191 0.820112828749
24 -0.018623393716 0.975298927708
25 -0.012753213874 0.976656672387
26 -0.080438801244 0.943617328758
27 0.084535767765 0.925545641792
28 -0.059711503349 1.003590870108
29 0.031568666905 1.025877222201
30 0.234736133382 0.960707707939
31 -0.185792383014 0.896107385135
32 0.034544806678 1.126144001554
33 0.234167683392 1.081765280871
34 -0.094995522085 0.969725591481
35 -0.075511441240 1.004964234069
36 -0.113249362181 1.002166798406
37 0.118531188797 0.953041483602
38 0.180780697274 1.169045130744
39 -0.143991267583 0.909405052973
40 -0.264772827924 1.003529583834
41 0.013495799253 0.868991072099
42 0.033418283473 1.049867499819
43 -0.042215343826 0.872389747328
44 -0.221441319957 0.994183622498
45 0.083517819485 0.950837634813
46 0.135205668769 1.023904671475
47 0.083202241875 1.043057120865
48 -0.068315609191 0.863743749123
49 0.189740959099 1.035946678122
50 -0.233636630030 0.860371858936
51 0.054442099437 1.076434715048
52 0.157719442608 1.072080417900
53 -0.217960495789 0.829823655918
54 0.049699990043 0.895880939508
55 -0.105289348836 0.954129700359
56 0.239903212165 0.814599226383
57 0.085652053216 1.098086323500
58 -0.245962320348 1.103046505560
59 -0.118417367763 0.851277527765
60 0.044634895937 1.035395539281
61 0.016259964303 0.936740156606
62 -0.154976376578 1.020688398556
63 -0.053052599275 0.998059381748
64 -0.083096399894 1.165363978002
65 0.070507157852 1.048606120096
66 -0.116847000010 0.913601891826
67 -0.104028521234 1.056275125662
68 -0.183906323371 1.047461113892
69 0.166706891177 1.004578752387
70 0.102297501554 1.148886389582
71 0.048458009074 0.766794506461
72 -0.067977060654 0.987458522632
73 0.068232843232 0.890017975691
74 -0.148335158196 1.012911798244
75 -0.031979071747 0.841528282237
76 -0.078245342292 0.825416701722
77 0.067885947517 0.906412756666
78 0.015079929750 0.937652192058
79 0.091228089981 1.048843932067
80 -0.306869743036 1.245243381033
81 0.234648724726 1.226781281206
82 -0.018131170046 0.996485264799
83 -0.122109710967 1.200619654089
84 0.115913379816 0.897987662467
85 0.007952565972 0.991598724333
86 0.059860309632 1.071310737136
87 0.136332992479 1.132603306473
88 -0.124838875254 1.045979143539
89 -0.144608414096 1.145746846217
90 0.044010371083 0.835846691656
91 -0.327509201683 0.973107379287
92 -0.106016659128 1.097211264314
93 -0.157651161918 0.904684197914
94 -0.208593596329 1.073701504484
95 -0.138069224426 1.000462354634
96 -0.081331815061 0.713957611109
97 -0.017984786899 0.956733632897
98 0.139527448098 0.886272137142
99 -0.157328078059 0.974305813046
100 0.081926667441 1.026098677519
