active=80: 1 2 3 4 5 6 7 8 9 10 11 12 13 14 15 16 17 18 19 20 21 22 23 24 25 26 27 28 29 30 31 32 33 34 35 36 37 38 39 40 41 42 43 44 45 46 47 48 49 50 51 52 53 54 55 56 57 58 59 60 61 62 63 64 65 66 67 68 69 70 71 72 73 74 75 76 77 78 79 80 
active=79: 1 2 3 4 5 6 7 8 9 10 11 12 13 14 15 16 17 18 19 20 21 22 23 24 25 26 27 28 29 30 31 33 34 35 36 37 38 39 40 41 42 43 44 45 46 47 48 49 50 51 52 53 54 55 56 57 58 59 60 61 62 63 64 65 66 67 68 69 70 71 72 73 74 75 76 77 78 79 80 
active=78: 1 2 3 4 5 6 7 8 9 10 11 12 13 14 15 16 17 18 19 20 21 22 23 24 25 26 27 28 29 30 31 33 34 35 36 37 38 39 40 41 42 43 44 45 46 47 48 49 50 51 52 53 54 55 56 57 58 59 60 61 62 63 64 65 66 67 68 69 70 71 72 73 74 75 76 78 79 80 
active=77: 1 2 3 4 5 6 7 8 9 10 11 12 13 14 15 16 17 18 19 20 21 23 24 25 26 27 28 29 30 31 33 34 35 36 37 38 39 40 41 42 43 44 45 46 47 48 49 50 51 52 53 54 55 56 57 58 59 60 61 62 63 64 65 66 67 68 69 70 71 72 73 74 75 76 78 79 80 
active=76: 1 2 3 4 5 6 7 8 9 10 11 12 13 14 15 16 17 18 19 20 21 23 24 25 26 27 28 29 30 31 33 34 35 36 37 38 39 40 41 42 43 44 45 46 47 48 49 50 51 52 53 54 55 56 57 58 59 60 61 62 63 64 65 66 67 68 70 71 72 73 74 75 76 78 79 80 
active=75: 1 2 3 4 5 6 7 8 9 10 11 12 13 14 15 16 17 18 19 20 21 23 24 25 26 27 28 29 30 31 33 34 35 36 37 38 39 40 41 42 43 44 45 46 47 48 49 50 51 52 53 54 55 56 57 58 59 60 61 62 63 64 65 66 67 68 70 71 72 74 75 76 78 79 80 
active=74: 1 2 3 4 5 6 7 8 9 10 11 12 13 14 15 16 17 18 19 20 21 23 24 25 26 27 28 29 30 31 33 34 35 36 37 38 39 40 41 42 43 44 45 46 47 48 49 50 51 53 54 55 56 57 58 59 60 61 62 63 64 65 66 67 68 70 71 72 74 75 76 78 79 80 
active=73: 1 2 3 4 5 6 7 8 9 10 11 12 13 14 15 16 17 18 19 20 21 23 24 25 26 27 28 29 30 31 33 34 35 36 37 38 39 40 41 42 43 44 45 46 47 48 49 50 51 53 54 55 56 58 59 60 61 62 63 64 65 66 67 68 70 71 72 74 75 76 78 79 80 
active=72: 1 2 3 4 5 6 7 8 9 10 11 12 13 14 15 16 17 18 19 20 21 23 24 25 26 27 28 29 30 31 33 34 36 37 38 39 40 41 42 43 44 45 46 47 48 49 50 51 53 54 55 56 58 59 60 61 62 63 64 65 66 67 68 70 71 72 74 75 76 78 79 80 
active=71: 1 2 3 4 5 6 7 8 9 10 11 12 13 14 15 16 17 18 19 20 21 23 24 25 26 27 28 29 30 31 33 34 36 37 38 39 40 41 42 43 44 45 46 47 48 50 51 53 54 55 56 58 59 60 61 62 63 64 65 66 67 68 70 71 72 74 75 76 78 79 80 
active=70: 1 2 3 4 5 6 7 8 9 10 11 12 13 14 15 16 17 18 19 20 21 23 24 25 26 27 28 29 30 31 33 34 36 37 38 39 40 41 42 43 44 45 46 47 48 50 51 53 54 55 56 58 59 60 61 62 63 65 66 67 68 70 71 72 74 75 76 78 79 80 
active=69: 1 2 3 4 5 6 7 8 9 10 11 12 13 14 15 16 17 18 19 20 21 23 24 25 26 27 28 29 30 31 33 34 36 37 38 39 40 41 42 43 44 46 47 48 50 51 53 54 55 56 58 59 60 61 62 63 65 66 67 68 70 71 72 74 75 76 78 79 80 
active=68: 1 2 3 4 5 6 7 8 9 10 12 13 14 15 16 17 18 19 20 21 23 24 25 26 27 28 29 30 31 33 34 36 37 38 39 40 41 42 43 44 46 47 48 50 51 53 54 55 56 58 59 60 61 62 63 65 66 67 68 70 71 72 74 75 76 78 79 80 
active=67: 1 2 3 4 5 6 7 8 9 10 12 13 14 15 16 18 19 20 21 23 24 25 26 27 28 29 30 31 33 34 36 37 38 39 40 41 42 43 44 46 47 48 50 51 53 54 55 56 58 59 60 61 62 63 65 66 67 68 70 71 72 74 75 76 78 79 80 
active=66: 1 2 3 4 5 6 7 8 9 10 12 13 15 16 18 19 20 21 23 24 25 26 27 28 29 30 31 33 34 36 37 38 39 40 41 42 43 44 46 47 48 50 51 53 54 55 56 58 59 60 61 62 63 65 66 67 68 70 71 72 74 75 76 78 79 80 
active=65: 1 2 3 4 5 6 7 8 9 10 12 13 15 16 18 19 20 21 23 24 25 26 27 28 29 30 31 33 34 36 37 38 39 40 42 43 44 46 47 48 50 51 53 54 55 56 58 59 60 61 62 63 65 66 67 68 70 71 72 74 75 76 78 79 80 
active=64: 1 2 3 4 5 6 7 8 9 10 12 13 15 16 18 19 20 21 23 24 25 26 27 28 29 30 31 33 34 36 37 38 39 40 42 43 46 47 48 50 51 53 54 55 56 58 59 60 61 62 63 65 66 67 68 70 71 72 74 75 76 78 79 80 
active=63: 1 2 3 4 5 6 7 8 9 10 12 13 15 16 18 19 20 21 23 24 25 26 27 28 29 30 31 33 34 36 37 38 39 40 42 43 46 47 48 50 51 53 54 55 56 58 59 60 61 62 63 66 67 68 70 71 72 74 75 76 78 79 80 
active=62: 1 2 3 4 5 6 7 8 9 10 12 13 15 16 18 19 20 21 23 24 25 26 27 28 29 30 31 33 34 36 37 38 39 40 42 43 46 47 48 51 53 54 55 56 58 59 60 61 62 63 66 67 68 70 71 72 74 75 76 78 79 80 
active=61: 1 2 3 4 5 6 7 8 9 10 12 13 15 16 18 20 21 23 24 25 26 27 28 29 30 31 33 34 36 37 38 39 40 42 43 46 47 48 51 53 54 55 56 58 59 60 61 62 63 66 67 68 70 71 72 74 75 76 78 79 80 
active=60: 1 2 3 4 5 6 7 8 9 10 12 13 15 16 18 20 21 23 24 25 26 27 28 29 30 31 33 34 36 38 39 40 42 43 46 47 48 51 53 54 55 56 58 59 60 61 62 63 66 67 68 70 71 72 74 75 76 78 79 80 
active=59: 1 2 3 4 5 6 7 8 9 10 12 13 15 16 18 20 21 23 24 25 26 27 28 29 30 31 33 34 36 38 39 40 42 43 46 47 48 51 53 54 55 56 58 60 61 62 63 66 67 68 70 71 72 74 75 76 78 79 80 
active=58: 1 2 3 4 5 6 7 8 9 10 12 13 15 16 18 20 21 23 24 25 26 27 28 29 30 31 33 34 36 38 39 40 42 43 46 47 48 51 53 54 55 56 58 60 61 62 63 67 68 70 71 72 74 75 76 78 79 80 
active=57: 1 2 3 4 5 6 7 8 10 12 13 15 16 18 20 21 23 24 25 26 27 28 29 30 31 33 34 36 38 39 40 42 43 46 47 48 51 53 54 55 56 58 60 61 62 63 67 68 70 71 72 74 75 76 78 79 80 
active=56: 1 2 3 4 5 6 7 8 10 12 13 15 16 18 20 21 23 25 26 27 28 29 30 31 33 34 36 38 39 40 42 43 46 47 48 51 53 54 55 56 58 60 61 62 63 67 68 70 71 72 74 75 76 78 79 80 
active=55: 1 2 3 4 5 6 7 8 10 12 13 15 16 18 20 21 23 25 26 27 28 29 30 31 33 34 36 38 39 40 42 43 46 47 48 51 53 54 55 56 58 61 62 63 67 68 70 71 72 74 75 76 78 79 80 
active=54: 1 2 3 4 5 6 7 8 10 12 13 15 16 20 21 23 25 26 27 28 29 30 31 33 34 36 38 39 40 42 43 46 47 48 51 53 54 55 56 58 61 62 63 67 68 70 71 72 74 75 76 78 79 80 
active=53: 1 2 3 4 5 6 7 8 10 12 13 15 16 20 21 25 26 27 28 29 30 31 33 34 36 38 39 40 42 43 46 47 48 51 53 54 55 56 58 61 62 63 67 68 70 71 72 74 75 76 78 79 80 
active=52: 1 2 3 4 5 6 7 8 10 12 13 15 16 20 21 25 26 27 28 29 30 31 33 34 36 38 39 40 42 43 46 47 48 51 53 54 55 56 58 61 62 63 67 68 70 71 74 75 76 78 79 80 
active=51: 1 2 3 4 5 6 7 8 10 12 13 15 16 20 21 25 26 27 28 29 30 31 33 34 36 38 39 40 42 43 46 47 48 51 53 54 55 56 58 61 63 67 68 70 71 74 75 76 78 79 80 
active=50: 1 2 3 4 6 7 8 10 12 13 15 16 20 21 25 26 27 28 29 30 31 33 34 36 38 39 40 42 43 46 47 48 51 53 54 55 56 58 61 63 67 68 70 71 74 75 76 78 79 80 
active=49: 1 2 3 4 6 7 8 10 12 13 15 16 20 21 25 26 27 28 29 30 31 33 34 36 38 39 40 42 43 46 47 48 51 53 54 55 56 58 61 63 67 68 70 71 74 75 76 78 80 
active=48: 1 2 3 4 6 7 8 10 12 13 15 16 20 21 25 26 27 28 29 30 31 33 34 36 39 40 42 43 46 47 48 51 53 54 55 56 58 61 63 67 68 70 71 74 75 76 78 80 
active=47: 1 2 3 4 6 7 8 10 12 13 15 16 20 21 25 26 27 28 29 30 31 33 34 36 39 40 42 43 46 47 48 51 53 54 55 56 58 61 63 67 68 70 71 74 75 76 78 
active=46: 1 2 3 4 6 7 8 10 13 15 16 20 21 25 26 27 28 29 30 31 33 34 36 39 40 42 43 46 47 48 51 53 54 55 56 58 61 63 67 68 70 71 74 75 76 78 
active=45: 1 2 3 4 6 7 8 10 13 15 16 20 21 25 26 27 28 29 30 31 33 34 36 39 40 42 43 46 47 48 51 53 55 56 58 61 63 67 68 70 71 74 75 76 78 
active=44: 1 3 4 6 7 8 10 13 15 16 20 21 25 26 27 28 29 30 31 33 34 36 39 40 42 43 46 47 48 51 53 55 56 58 61 63 67 68 70 71 74 75 76 78 
active=43: 1 3 4 6 7 8 10 13 15 16 20 21 25 26 27 28 29 30 31 33 34 36 39 40 42 43 46 47 48 53 55 56 58 61 63 67 68 70 71 74 75 76 78 
active=42: 1 3 4 6 7 8 13 15 16 20 21 25 26 27 28 29 30 31 33 34 36 39 40 42 43 46 47 48 53 55 56 58 61 63 67 68 70 71 74 75 76 78 
active=41: 1 3 4 6 7 8 13 15 16 20 21 25 26 27 28 29 30 31 33 34 36 39 42 43 46 47 48 53 55 56 58 61 63 67 68 70 71 74 75 76 78 
active=40: 1 3 4 6 7 8 13 15 16 20 21 25 26 27 28 29 30 31 33 34 36 39 42 43 46 48 53 55 56 58 61 63 67 68 70 71 74 75 76 78 
active=39: 1 3 4 6 7 8 13 15 16 20 21 25 27 28 29 30 31 33 34 36 39 42 43 46 48 53 55 56 58 61 63 67 68 70 71 74 75 76 78 
active=38: 1 3 6 7 8 13 15 16 20 21 25 27 28 29 30 31 33 34 36 39 42 43 46 48 53 55 56 58 61 63 67 68 70 71 74 75 76 78 
active=37: 1 3 6 7 8 13 15 16 20 21 25 27 28 29 30 31 33 34 36 39 42 43 46 48 53 55 58 61 63 67 68 70 71 74 75 76 78 
active=36: 1 3 6 7 8 13 15 16 20 21 25 27 28 29 30 31 34 36 39 42 43 46 48 53 55 58 61 63 67 68 70 71 74 75 76 78 
active=35: 1 3 6 7 8 13 15 16 20 21 25 27 28 29 30 31 34 36 39 42 43 46 48 53 55 58 61 67 68 70 71 74 75 76 78 
active=34: 1 3 6 7 8 13 15 16 20 21 25 27 28 29 30 31 34 36 42 43 46 48 53 55 58 61 67 68 70 71 74 75 76 78 
active=33: 1 3 6 7 8 13 15 16 20 21 25 27 28 29 30 31 34 36 42 43 46 53 55 58 61 67 68 70 71 74 75 76 78 
active=32: 1 3 6 7 8 13 15 16 20 21 25 27 28 29 30 31 34 36 42 43 46 53 55 58 61 67 68 70 71 74 75 78 
active=31: 1 3 6 7 8 13 15 16 20 25 27 28 29 30 31 34 36 42 43 46 53 55 58 61 67 68 70 71 74 75 78 
active=30: 1 3 6 7 8 13 15 16 20 25 27 28 29 30 31 34 36 42 43 46 53 55 58 61 68 70 71 74 75 78 
active=29: 1 3 7 8 13 15 16 20 25 27 28 29 30 31 34 36 42 43 46 53 55 58 61 68 70 71 74 75 78 
active=28: 1 3 7 8 13 15 16 20 25 27 28 29 30 31 34 36 42 43 46 53 55 58 61 68 70 74 75 78 
active=27: 1 3 7 8 13 15 20 25 27 28 29 30 31 34 36 42 43 46 53 55 58 61 68 70 74 75 78 
active=26: 1 3 7 13 15 20 25 27 28 29 30 31 34 36 42 43 46 53 55 58 61 68 70 74 75 78 
active=25: 1 3 7 13 15 20 25 27 28 29 30 31 34 42 43 46 53 55 58 61 68 70 74 75 78 
active=24: 1 3 7 13 15 20 25 27 28 29 30 31 34 42 43 46 53 55 61 68 70 74 75 78 
active=23: 1 3 7 13 15 20 25 27 28 29 30 31 34 43 46 53 55 61 68 70 74 75 78 
active=22: 1 3 7 13 15 20 25 27 28 29 30 31 34 43 46 53 55 61 68 70 74 78 
active=21: 3 7 13 15 20 25 27 28 29 30 31 34 43 46 53 55 61 68 70 74 78 
active=20: 3 7 13 15 20 27 28 29 30 31 34 43 46 53 55 61 68 70 74 78 
active=19: 3 7 13 15 20 27 29 30 31 34 43 46 53 55 61 68 70 74 78 
active=18: 3 7 13 15 20 27 29 30 31 34 43 53 55 61 68 70 74 78 
active=17: 3 7 13 15 20 27 29 31 34 43 53 55 61 68 70 74 78 
active=16: 3 7 13 20 27 29 31 34 43 53 55 61 68 70 74 78 
active=15: 3 13 20 27 29 31 34 43 53 55 61 68 70 74 78 
active=14: 3 13 20 27 29 31 34 43 53 55 61 68 74 78 
active=13: 3 13 20 27 29 31 34 43 53 61 68 74 78 
active=12: 3 13 27 29 31 34 43 53 61 68 74 78 
active=11: 3 13 29 31 34 43 53 61 68 74 78 
active=10: 3 13 29 31 43 53 61 68 74 78 
active=9: 3 13 29 31 53 61 68 74 78 
active=8: 3 13 29 31 53 61 68 74 
active=7: 3 13 29 31 53 61 74 
active=6: 3 13 29 31 61 74 
active=5: 3 13 29 61 74 
active=4: 13 29 61 74 
active=3: 13 29 61 
active=2: 29 61 
active=1: 29 
