0.000000 0.509900 0.510100
1.000000 0.646600 0.659600
2.000000 0.674600 0.678000
3.000000 0.653600 0.679600
4.000000 0.692800 0.720500
5.000000 0.640800 0.698300
6.000000 0.679300 0.727600
7.000000 0.680000 0.727700
8.000000 0.674800 0.725000
9.000000 0.679000 0.733300
10.000000 0.675800 0.738500
11.000000 0.677400 0.750300
12.000000 0.662900 0.755500
13.000000 0.665500 0.754100
14.000000 0.660300 0.760600
15.000000 0.652200 0.759700
16.000000 0.634700 0.768100
17.000000 0.638800 0.769400
18.000000 0.626400 0.771200
19.000000 0.628700 0.771800
20.000000 0.624600 0.773100
