1 0.058375830000 0.922704331358
2 -0.097324140000 0.905169287459
3 0.014273130000 1.129595809068
4 0.077461830000 1.034864266987
5 0.056276080000 1.044407019981
6 -0.018766590000 0.905705002055
7 -0.060550170000 0.949998109904
8 0.087698120000 0.958800326176
9 -0.055785490000 1.051267354315
10 -0.069170770000 0.911046280202
11 0.005670780000 0.904196007378
12 -0.032070630000 0.876953431698
13 0.013417990000 1.009744942213
14 0.060666160000 1.070173449488
15 0.226691400000 0.896742486314
16 0.090978820000 0.981319852886
17 -0.036102370000 1.100503123012
18 -0.027445370000 0.969585391644
19 -0.000366190000 1.096138933069
20 -0.026872560000 1.067046535173
