active=40: 1 2 3 4 5 6 7 8 9 10 11 12 13 14 15 16 17 18 19 20 21 22 23 24 25 26 27 28 29 30 31 32 33 34 35 36 37 38 39 40 
active=39: 1 2 3 4 5 6 8 9 10 11 12 13 14 15 16 17 18 19 20 21 22 23 24 25 26 27 28 29 30 31 32 33 34 35 36 37 38 39 40 
active=38: 1 2 3 4 5 6 8 9 10 11 12 13 14 15 16 17 18 19 20 21 22 23 24 26 27 28 29 30 31 32 33 34 35 36 37 38 39 40 
active=37: 1 2 3 4 5 6 8 9 10 11 12 13 14 15 16 17 18 19 20 21 22 23 24 26 27 28 29 30 31 32 33 34 35 36 37 38 39 
active=36: 1 2 3 4 5 6 8 9 10 11 12 13 14 15 16 17 18 19 20 21 22 23 24 26 27 28 29 31 32 33 34 35 36 37 38 39 
active=35: 1 2 3 4 6 8 9 10 11 12 13 14 15 16 17 18 19 20 21 22 23 24 26 27 28 29 31 32 33 34 35 36 37 38 39 
active=34: 1 2 3 4 6 8 9 10 11 12 13 14 15 16 17 18 19 20 21 22 23 24 26 27 28 29 32 33 34 35 36 37 38 39 
active=33: 1 2 3 4 6 8 9 10 11 12 13 14 15 16 17 18 19 20 21 22 23 24 26 27 28 29 33 34 35 36 37 38 39 
active=32: 1 2 3 4 6 8 9 10 11 12 13 14 15 16 18 19 20 21 22 23 24 26 27 28 29 33 34 35 36 37 38 39 
active=31: 1 2 3 4 6 8 9 10 11 12 13 14 15 16 18 19 20 21 22 23 24 26 27 28 33 34 35 36 37 38 39 
active=30: 1 2 3 4 6 8 9 10 11 12 13 14 15 16 18 19 20 21 22 23 24 26 27 28 33 34 35 36 37 38 
active=29: 1 2 3 4 6 8 9 10 11 12 13 14 15 16 18 19 20 21 22 23 24 26 28 33 34 35 36 37 38 
active=28: 1 2 3 4 6 8 9 10 11 12 13 14 15 16 18 19 20 21 22 23 26 28 33 34 35 36 37 38 
active=27: 1 2 3 4 6 8 9 10 11 12 13 14 15 16 18 19 20 21 22 23 26 28 33 34 35 36 37 
active=26: 1 2 3 4 6 8 9 10 11 12 13 14 15 16 18 19 20 21 22 26 28 33 34 35 36 37 
active=25: 1 2 3 4 6 8 9 10 11 12 13 15 16 18 19 20 21 22 26 28 33 34 35 36 37 
active=24: 1 2 3 4 6 8 9 10 11 12 13 15 16 18 19 20 21 22 26 28 33 34 35 36 
active=23: 1 2 3 4 6 8 9 10 12 13 15 16 18 19 20 21 22 26 28 33 34 35 36 
active=22: 1 2 3 4 6 8 9 10 12 13 15 16 18 19 20 21 22 26 28 33 35 36 
active=21: 1 2 3 4 6 8 9 10 13 15 16 18 19 20 21 22 26 28 33 35 36 
active=20: 1 2 3 4 6 8 9 10 13 15 16 18 19 20 22 26 28 33 35 36 
active=19: 1 2 3 4 6 8 9 10 13 15 16 19 20 22 26 28 33 35 36 
active=18: 1 2 3 4 6 8 9 10 13 16 19 20 22 26 28 33 35 36 
active=17: 1 2 3 4 6 8 9 10 13 16 19 20 22 26 28 35 36 
active=16: 1 2 3 4 6 8 9 10 13 16 20 22 26 28 35 36 
active=15: 1 2 3 4 6 8 9 10 13 16 20 26 28 35 36 
active=14: 1 2 3 4 6 8 9 10 13 16 20 26 35 36 
active=13: 1 2 3 4 6 8 9 10 16 20 26 35 36 
active=12: 1 2 3 4 6 9 10 16 20 26 35 36 
active=11: 1 2 3 4 6 9 10 16 20 35 36 
active=10: 1 2 3 4 6 10 16 20 35 36 
active=9: 1 2 3 4 6 10 20 35 36 
active=8: 1 2 3 4 6 10 20 36 
active=7: 1 2 3 4 6 20 36 
active=6: 1 2 3 4 20 36 
active=5: 2 3 4 20 36 
active=4: 2 3 4 20 
active=3: 2 3 4 
active=2: 2 3 
active=1: 2 
