0.000000 0.480000
1.000000 0.570400
2.000000 0.583600
3.000000 0.664800
4.000000 0.643000
5.000000 0.646800
6.000000 0.694200
7.000000 0.706800
8.000000 0.703200
9.000000 0.694000
10.000000 0.673000
11.000000 0.650800
12.000000 0.656800
13.000000 0.662200
14.000000 0.665200
15.000000 0.662000
16.000000 0.654000
17.000000 0.652800
18.000000 0.647400
19.000000 0.614600
20.000000 0.638200
21.000000 0.615600
22.000000 0.624200
23.000000 0.608400
24.000000 0.614600
25.000000 0.605600
26.000000 0.593200
27.000000 0.586400
28.000000 0.575600
29.000000 0.566800
30.000000 0.570800
31.000000 0.567600
32.000000 0.560200
33.000000 0.560400
34.000000 0.553600
35.000000 0.535200
36.000000 0.537000
37.000000 0.532000
38.000000 0.525400
39.000000 0.529200
40.000000 0.513800
