0.000000 0.480000 0.520000
1.000000 0.570400 0.582800
2.000000 0.583600 0.600400
3.000000 0.664800 0.683800
4.000000 0.643000 0.696800
5.000000 0.646800 0.726200
6.000000 0.694200 0.752000
7.000000 0.706800 0.787400
8.000000 0.703200 0.781600
9.000000 0.694000 0.791400
10.000000 0.673000 0.789400
11.000000 0.650800 0.794200
12.000000 0.656800 0.802000
13.000000 0.662200 0.829000
14.000000 0.665200 0.830200
15.000000 0.662000 0.850800
16.000000 0.654000 0.841200
17.000000 0.652800 0.845600
18.000000 0.647400 0.865600
19.000000 0.614600 0.866200
20.000000 0.638200 0.881600
21.000000 0.615600 0.882200
22.000000 0.624200 0.884200
23.000000 0.608400 0.889400
24.000000 0.614600 0.900200
25.000000 0.605600 0.904800
26.000000 0.593200 0.908600
27.000000 0.586400 0.918400
28.000000 0.575600 0.924000
29.000000 0.566800 0.926000
30.000000 0.570800 0.931600
31.000000 0.567600 0.936600
32.000000 0.560200 0.945000
33.000000 0.560400 0.946400
34.000000 0.553600 0.949800
35.000000 0.535200 0.952000
36.000000 0.537000 0.951600
37.000000 0.532000 0.953000
38.000000 0.525400 0.953000
39.000000 0.529200 0.956200
40.000000 0.513800 0.959400
