0.000000 0.500000 0.500000
1.000000 0.589100 0.588700
2.000000 0.589800 0.607100
3.000000 0.624900 0.638600
4.000000 0.616500 0.634400
5.000000 0.661200 0.700900
6.000000 0.674100 0.709700
7.000000 0.670200 0.719800
8.000000 0.697600 0.743500
9.000000 0.687900 0.742800
10.000000 0.709600 0.755700
11.000000 0.689000 0.748300
12.000000 0.683600 0.745700
13.000000 0.685300 0.758200
14.000000 0.714200 0.771400
15.000000 0.710900 0.774000
16.000000 0.706400 0.794500
17.000000 0.706000 0.799300
18.000000 0.695000 0.799600
19.000000 0.695000 0.797600
20.000000 0.693700 0.800900
21.000000 0.688600 0.798300
22.000000 0.682200 0.806700
23.000000 0.687600 0.818000
24.000000 0.686100 0.828100
25.000000 0.680400 0.829300
26.000000 0.684400 0.833300
27.000000 0.667100 0.829700
28.000000 0.676000 0.830700
29.000000 0.664000 0.834400
30.000000 0.659600 0.845900
31.000000 0.652100 0.839700
32.000000 0.655300 0.847000
33.000000 0.658100 0.849800
34.000000 0.657500 0.855300
35.000000 0.642900 0.856600
36.000000 0.645500 0.862300
37.000000 0.638900 0.871100
38.000000 0.642700 0.868100
39.000000 0.631500 0.866000
40.000000 0.638700 0.869600
41.000000 0.624000 0.877000
42.000000 0.613600 0.882200
43.000000 0.614900 0.881400
44.000000 0.609600 0.890500
45.000000 0.608500 0.889900
46.000000 0.608700 0.892600
47.000000 0.602900 0.897700
48.000000 0.594500 0.900200
49.000000 0.602000 0.902500
50.000000 0.601800 0.901900
51.000000 0.593400 0.906700
52.000000 0.587700 0.914500
53.000000 0.582000 0.915100
54.000000 0.585200 0.915000
55.000000 0.571900 0.921000
56.000000 0.581500 0.919400
57.000000 0.571100 0.927800
58.000000 0.573300 0.926800
59.000000 0.565000 0.928000
60.000000 0.564100 0.930400
