0.000000 0.533333
1.000000 0.702000
2.000000 0.819667
3.000000 0.779333
4.000000 0.807333
5.000000 0.875000
6.000000 0.905000
7.000000 0.894333
8.000000 0.903333
9.000000 0.901000
10.000000 0.903333
11.000000 0.929000
12.000000 0.925000
13.000000 0.941000
14.000000 0.948000
15.000000 0.954667
16.000000 0.954333
17.000000 0.949667
18.000000 0.957333
19.000000 0.959333
20.000000 0.968333
21.000000 0.964667
22.000000 0.964667
23.000000 0.969000
24.000000 0.966667
25.000000 0.974333
26.000000 0.973333
27.000000 0.969667
28.000000 0.970000
29.000000 0.975333
30.000000 0.980000
