0.000000 0.500000
1.000000 0.601500
2.000000 0.643900
3.000000 0.686000
4.000000 0.687100
5.000000 0.724700
6.000000 0.718300
7.000000 0.764800
8.000000 0.789300
9.000000 0.813800
10.000000 0.829300
11.000000 0.838800
12.000000 0.835100
13.000000 0.822500
14.000000 0.827500
15.000000 0.839900
16.000000 0.846700
17.000000 0.841100
18.000000 0.830100
19.000000 0.828200
20.000000 0.832400
21.000000 0.837600
22.000000 0.826000
23.000000 0.823900
24.000000 0.815800
25.000000 0.811700
26.000000 0.805700
27.000000 0.795800
28.000000 0.802700
29.000000 0.796800
30.000000 0.797200
31.000000 0.788200
32.000000 0.791900
33.000000 0.782200
34.000000 0.780300
35.000000 0.770500
36.000000 0.762500
37.000000 0.769200
38.000000 0.757300
39.000000 0.753600
40.000000 0.750100
41.000000 0.744300
42.000000 0.743500
43.000000 0.734300
44.000000 0.739100
45.000000 0.730500
46.000000 0.730900
47.000000 0.723600
48.000000 0.720700
49.000000 0.712700
50.000000 0.709000
