0.000000 0.500000
1.000000 0.598800
2.000000 0.667600
3.000000 0.711900
4.000000 0.721900
5.000000 0.753100
6.000000 0.768800
7.000000 0.818600
8.000000 0.828000
9.000000 0.853300
10.000000 0.875700
11.000000 0.884000
12.000000 0.885800
13.000000 0.883300
14.000000 0.887200
15.000000 0.907900
16.000000 0.902000
17.000000 0.893000
18.000000 0.897800
19.000000 0.910100
20.000000 0.910200
21.000000 0.905300
22.000000 0.913200
23.000000 0.908300
24.000000 0.913700
25.000000 0.915000
26.000000 0.909200
27.000000 0.914000
28.000000 0.914800
29.000000 0.915600
30.000000 0.913600
31.000000 0.922500
32.000000 0.918600
33.000000 0.923700
34.000000 0.921800
35.000000 0.920200
36.000000 0.923900
37.000000 0.922000
38.000000 0.926700
39.000000 0.929100
40.000000 0.926500
41.000000 0.927100
42.000000 0.928300
43.000000 0.930600
44.000000 0.935500
45.000000 0.938200
46.000000 0.939200
47.000000 0.942700
48.000000 0.939300
49.000000 0.944400
50.000000 0.945800
