26.410739 7.012811 5.610301
1.697829 8.415401 5.844102
31.116739 8.882977 6.545338
0.300043 1.870083 2.337642
0.989674 0.935038 0.935070
2.502644 0.467477 0.467519
0.616746 7.012811 5.142791
0.453858 7.012811 5.142791
15.801313 263.216822 195.308757
66.436908 263.216800 209.100756
101.657239 21.973663 26.181433
1.796440 1.870058 2.337612
14.686213 2.805131 3.740207
2.492018 7.012811 5.610301
36.932676 14.025756 14.493313
6.333505 1.870083 2.337642
1.747456 0.935038 0.935070
2.238766 10.753049 6.545338
0.029171 0.000000 0.000000
45.626664 47.687541 45.116196
1.129555 8.882977 6.545338
1.426201 1.870058 2.337612
12.949484 18.700970 25.012619
39.401945 13.090684 7.947942
0.129630 35.999444 33.194309
1.469075 35.999444 33.194309
27.228852 8.882977 6.545338
0.677627 1.402574 1.168825
1.719514 1.870083 2.571384
0.010759 1.870083 2.337642
43.273699 1.870083 2.337642
0.553317 1.870083 2.337642
12.973829 47.687541 45.116196
31.760510 8.882977 6.545338
2.061175 1.402574 1.402580
2.542446 22.908712 33.428091
1.999378 0.467477 0.467519
2.387284 15.895853 15.662117
0.620611 1.870058 2.337612
8.300322 2.805131 3.038908
0.012199 3.272618 3.740232
4.091767 0.467477 0.467548
10.174650 0.935038 0.701273
0.022198 0.467477 0.701287
1.306731 2.805131 3.038908
0.901508 0.935038 0.701273
0.103579 0.935038 0.701273
0.094859 0.467477 0.467519
9.261203 8.415401 5.844102
2.172446 38.337046 34.129370
2.428577 0.935038 1.168811
3.308167 0.467477 0.233739
0.437520 0.935038 0.935070
1.315802 0.000000 0.000000
0.385991 0.467477 0.467519
0.392194 1.870083 2.337642
9.876732 1.870083 3.038923
40.156346 16.363317 14.960797
0.292765 15.895853 15.662117
2.520893 0.467477 0.467519
7.452692 0.467477 0.467519
3.349064 11.688076 7.246665
1.578614 1.870083 2.571384
1.285445 2.805131 3.038908
15.392680 1.870083 2.337642
0.084936 0.935038 1.168811
3.392838 1.870083 2.337642
14.863265 10.753083 6.779109
0.362909 1.870058 2.103857
14.081381 10.753049 7.714177
2.469932 3.272618 3.740232
1.054701 1.402574 1.870116
0.604921 0.467477 0.467519
0.481849 11.688076 7.246665
1.994742 15.895853 15.662117
0.104624 0.000000 0.000000
26.138795 2.337567 3.038924
39.117126 154.750901 209.054001
7.922457 35.999444 33.194309
0.155319 8.415401 5.844102
3.031511 1.402574 1.402580
2.034474 0.935038 1.168811
3.476457 0.935038 0.701273
7.861243 0.000000 0.233739
0.038786 0.467477 0.467519
10.778537 5.142739 5.142758
1.132912 2.805131 3.740207
3.531018 0.000000 0.000000
0.963288 15.895853 15.662117
8.796883 10.753049 6.545338
7.262984 0.935038 0.935070
0.156656 0.000000 0.000000
5.948470 5.142739 4.909019
1019.539823 63.583459 61.713375
1.195622 0.467477 0.701287
3.343849 0.467477 0.233739
21.975664 0.935038 0.701273
31.013043 2.805131 3.740207
0.069930 0.000000 0.233739
807.493167 263.216822 207.698195
