N=100
P=20
R=2
1 -0.075324 0.598400 0.379757 0.947089 1.388259 0.584134 0.812999 1.522056 1.241710 0.706510 0.574941 -0.248060 0.614782 0.075162 0.002631 0.641145 0.053813 1.602184 0.663154 1.436530 9.332155 1.000000
2 -0.278471 -0.188479 0.346086 -0.758175 0.336414 2.201685 0.251062 -1.592453 1.184826 -1.320792 1.423820 -1.977884 0.108592 -0.805313 -0.430793 1.379184 -0.132559 -0.256566 1.226107 -1.548508 7.352114 1.000000
3 -0.100353 -0.248207 -0.502499 1.962952 -0.227406 -1.896116 -1.081235 -0.983427 -0.981186 1.024309 1.378900 0.608768 0.503496 0.301287 -0.821207 1.052591 -0.654580 0.648557 1.327498 0.057774 4.989527 1.000000
4 0.692764 1.394740 -1.313694 0.056622 -0.408183 -1.186317 0.707665 -0.889437 0.275470 -0.596588 -0.492902 -0.600648 -0.816240 0.560983 0.671980 -1.983937 -0.442814 0.585397 -1.697636 0.148576 0.431560 1.000000
5 -0.717847 0.021720 1.298198 -0.559017 -1.194307 -1.573361 1.200037 0.476981 1.082754 -0.132848 -0.754259 -1.513247 1.605100 -1.080427 -0.002539 0.837721 -1.429203 0.833810 0.418839 1.809358 0.576020 1.000000
6 0.099647 2.396412 -1.196862 1.291694 -0.840581 -2.156276 0.147005 -0.725708 1.721546 1.255945 0.100097 -1.168291 -1.351061 0.644112 0.306793 0.408726 1.425937 0.373649 -0.742886 -0.567169 11.101551 1.000000
7 1.438846 0.266637 -0.914817 1.222829 0.177694 -0.361577 -1.020176 0.007792 -1.694289 -0.018177 0.546074 0.477784 -1.194994 0.338864 1.100310 1.045313 0.222982 0.499748 1.009156 1.125653 2.773530 1.000000
8 2.182542 -1.087253 -0.046732 -0.085095 1.259680 0.502155 -0.235299 0.183148 -0.581954 0.308615 2.318808 0.013375 -0.440978 0.917203 -0.139820 -0.606183 -0.343429 -1.464835 0.301928 0.465734 0.187051 1.000000
9 0.549748 -0.068568 0.061284 2.454977 -0.648476 0.149149 0.619459 0.205135 0.128052 2.623497 -0.265418 0.421304 0.741226 2.407010 0.868479 -1.495220 -1.907078 -1.401256 -0.892951 0.864578 0.150488 1.000000
10 -0.563299 -0.203094 0.894349 1.300454 0.119505 -0.343809 -0.570437 -1.475155 -1.630953 0.612063 1.576092 -0.870046 0.084243 0.499189 0.320277 0.169471 0.271538 -0.039207 -0.173235 -0.006928 0.577769 1.000000
11 -0.953510 0.745589 0.249797 -0.683031 1.010661 1.424702 2.053673 0.578932 1.354082 0.132004 0.079316 -0.108191 -0.232973 0.336087 1.160059 0.305176 -1.224853 -0.265674 -0.757408 -0.394500 0.025929 1.000000
12 0.282942 2.091368 0.302364 0.282046 0.770429 -1.715163 0.429987 2.738554 -0.320796 -0.852532 -0.293653 -0.570473 -0.055678 2.304843 0.002052 -0.834186 -1.476114 0.837599 -0.750954 -0.063530 2.213483 1.000000
13 -1.691453 0.162214 -1.563445 -0.583751 0.575983 0.556574 2.845175 -0.384589 2.192591 0.331241 0.451759 0.410613 -1.168423 1.029647 0.128013 0.252372 -1.728153 -0.311605 -0.108089 0.025065 3.743237 1.000000
14 0.734726 -0.181384 1.464645 0.368727 0.221139 -0.735122 -0.220723 -0.183063 -1.161145 -1.656400 -1.258821 1.333664 0.191716 -1.475139 1.090031 0.869414 -0.477108 -0.462459 0.087845 0.577137 8.159061 1.000000
15 -0.414200 -0.882884 -0.714962 -0.255458 0.761961 1.543089 -0.720980 0.110618 0.317117 -0.197719 0.821666 -0.636238 -0.800395 1.059556 -0.721638 0.047969 -0.483102 -0.538883 -1.492074 -0.213597 9.374070 1.000000
16 0.246840 -0.294137 1.248208 -0.757154 0.116269 0.497054 0.954087 -0.340565 -0.633665 2.074006 1.330385 -0.472202 0.464512 -0.685711 2.024289 1.360237 -1.252293 -0.450360 0.261540 0.067055 3.096291 1.000000
17 0.757911 -1.084271 -1.303033 -0.688772 0.274175 -0.646134 -0.076592 0.296646 -0.501065 0.407869 0.435861 -0.592573 -0.023142 -0.929710 -1.199289 -0.122541 1.331637 -1.193099 -0.094372 0.635555 4.326758 1.000000
18 -0.041972 -1.944421 -0.921494 0.682611 -2.162936 -0.564429 -0.924390 -0.740616 0.679140 1.551112 -0.344488 -0.735280 0.184211 0.825842 2.203882 0.112315 1.846174 0.108877 0.995834 -0.318498 4.297920 1.000000
19 0.334314 -0.313631 0.442696 -0.752019 -1.543811 -1.340144 0.867233 0.259985 0.106968 -0.331484 -1.745967 -0.675128 0.839602 0.808120 0.321706 2.968901 0.183858 -1.455491 0.086727 -0.382673 0.361811 1.000000
20 -0.646296 -0.203871 -3.089631 -0.179551 -0.309366 0.917475 0.611049 -0.026781 0.313589 0.476768 0.186993 1.331065 -1.054228 -1.977092 -0.561937 0.393208 2.271324 -1.041159 0.312732 1.140106 7.401602 1.000000
21 0.725560 -0.323484 -0.930400 -1.287453 -1.463354 1.048885 0.203053 1.780147 0.435194 0.331524 -1.074588 -0.702856 -0.306310 -1.090775 -0.387844 2.428218 0.223094 -1.456093 -1.279347 0.511394 0.279360 1.000000
22 2.022447 0.212084 1.183424 0.594503 0.303044 0.238256 0.253454 -1.528140 -0.836617 0.009937 0.116483 -0.643699 -0.604649 1.099669 -1.032598 -1.044470 0.091077 1.891914 -0.524496 0.797071 0.500727 1.000000
23 -1.101475 -1.126504 -0.457706 -0.767910 -0.104485 -0.366509 -1.635366 -0.877904 -1.038173 -0.213914 -0.567923 0.909862 -0.775873 0.284083 -0.374576 -0.515113 -0.327550 0.881373 -1.663129 -0.042133 0.125853 1.000000
24 -0.968779 -0.359870 -0.095901 -0.114124 1.737322 0.588798 0.154378 1.132674 0.233103 1.223762 0.316154 -1.326927 -2.396815 -1.123753 1.231213 1.303101 1.112438 -1.257221 0.106141 0.833656 5.066522 1.000000
25 -0.449472 2.926556 1.361625 -0.790082 1.492181 0.018157 -2.246060 -1.253769 0.630103 -0.950855 -0.057785 -0.646937 -0.172193 0.343287 0.928634 0.441839 0.586030 0.406890 0.957176 -0.106863 3.975150 1.000000
26 -0.257982 0.844828 -0.747075 -1.134643 -2.194245 0.789361 -0.029510 -0.262566 0.360781 0.135384 -0.195465 0.326324 0.627694 0.134132 1.045776 -0.071764 -0.112619 1.073279 0.240809 -0.688734 0.750665 1.000000
27 2.008226 2.011112 0.003262 -0.020924 -0.298379 0.695556 -0.507952 0.336042 -1.205478 -0.110990 -2.043891 -0.905347 0.035837 -0.662600 0.443947 0.727290 0.323844 1.680478 0.915087 -0.309844 0.002126 1.000000
28 0.669833 1.120959 0.884225 -0.332469 0.781756 -1.894017 1.002511 0.379760 -1.004271 0.293516 0.238992 0.093717 0.624418 -0.234907 -0.010622 -1.863530 -1.073124 1.527882 -1.673929 -0.567940 8.990752 1.000000
29 -0.387153 -0.159719 0.588955 -1.075630 0.722850 1.148912 -0.548442 -0.584066 0.840516 -0.054219 1.489335 -1.323547 -0.896058 0.257293 0.632814 0.225653 0.475267 -0.165510 1.403110 -1.105692 0.363759 1.000000
30 0.681907 -0.053570 -1.779108 0.826538 0.708516 1.173490 0.120783 0.541393 0.421148 0.696012 0.167619 -0.348395 -0.147601 -3.428304 0.988848 -1.793172 0.915708 0.310701 -0.019388 -1.337924 2.838474 1.000000
31 0.206049 0.553593 -1.580316 -0.663188 0.239291 -0.075110 0.863577 0.123821 1.942424 -0.874067 1.003118 -0.526548 1.424006 1.357870 0.266805 1.942858 0.051428 0.699801 1.974559 -0.930264 3.331235 1.000000
32 1.411423 0.681391 -0.004837 1.281988 0.630944 -1.095610 1.517864 0.484076 0.650759 -0.489449 0.050672 -0.751732 -1.753569 0.515895 0.215640 0.891962 -0.280613 0.507757 -0.377750 -1.392103 0.248397 1.000000
33 -0.957476 -0.066676 -0.354020 -0.455267 0.491857 -0.740044 -0.607472 0.646395 -0.225006 0.067944 -0.474418 0.174386 0.601653 0.561910 1.406598 0.272924 0.088245 -0.335240 0.723435 -0.176880 7.296676 1.000000
34 -0.584912 0.187587 -0.813130 0.677650 -0.012268 -0.181624 -0.280441 -0.144860 -1.151950 -0.180734 1.095088 0.979897 1.008893 -0.498704 -0.081173 -1.446823 0.537427 2.232350 -1.648755 0.102347 7.840960 1.000000
35 1.048850 -2.544921 -0.184953 0.040572 -0.144121 0.945454 1.584294 -0.157938 1.577410 -1.841860 -0.872650 0.926513 0.453782 -1.231075 1.435305 -0.559551 0.344832 -0.863713 -0.906640 -1.337199 1.136237 1.000000
36 0.979876 -0.858544 -0.738012 -0.404930 -0.128010 -1.913843 -0.352764 -0.978286 0.546407 1.925867 0.261466 0.083282 0.511099 1.465047 0.138619 -0.715996 -1.323096 0.656294 0.258662 2.639545 6.014859 1.000000
37 0.009846 -0.730540 -1.332902 -1.164944 0.125145 0.695626 -1.003407 -0.823028 1.442795 -0.136632 -0.351341 -0.500436 -0.957754 0.902772 -0.270326 -0.429652 1.595798 0.517068 0.649901 -0.121369 1.269730 1.000000
38 -1.303830 -0.208063 -1.920960 0.000092 0.758299 0.392948 -0.449612 0.247116 0.757134 -0.143544 -0.616613 0.166167 0.025541 -1.119040 1.567852 1.095133 2.029824 -1.147096 1.149098 -0.084056 2.066789 1.000000
39 1.000730 0.708468 1.204835 0.385948 -0.205023 -0.996885 0.277353 -0.755919 -1.099295 -0.755002 -0.807127 -1.671854 -0.387580 -1.409259 -1.015913 -0.602021 0.561710 -0.242629 -0.487907 -0.140845 9.928665 1.000000
40 0.768821 -0.433668 0.936238 0.802036 -0.075967 -0.202489 0.809400 0.774727 -0.217347 0.386003 -0.256678 -1.468627 1.135665 -0.595853 -1.291864 0.519989 0.269783 0.038965 -1.471315 -0.052962 0.473821 1.000000
41 0.314974 0.289091 -0.185920 0.409077 -0.654751 0.102473 -0.540064 -0.352768 -0.424528 -1.684401 -0.068506 -1.142529 0.498330 -1.077356 -0.534616 -0.735243 -1.427742 0.822768 0.612404 -0.614125 1.939949 1.000000
42 0.813907 0.677873 -0.855989 -1.036435 -1.483709 1.917299 -0.186128 1.330175 0.218675 0.407984 0.128070 0.022865 -0.859724 -0.631834 1.876399 0.677913 1.026238 -0.865584 -0.890804 0.445210 1.859183 1.000000
43 2.206137 1.091660 0.417958 -0.159510 -1.563903 0.877433 -0.573866 0.606388 -0.258844 1.303927 -1.074583 -1.467105 -0.924863 -1.786145 -0.330721 -0.797814 0.427912 -1.745220 -0.615420 -0.527355 2.111972 1.000000
44 -0.867333 -0.852132 0.731003 -0.276348 -1.136074 -0.296814 1.144716 1.344696 -1.219258 0.599484 -0.952502 -0.037512 0.318697 1.991324 -0.071756 -0.036174 0.672432 -1.955124 0.453105 -0.061824 18.354468 1.000000
45 -0.352489 -1.271940 0.872069 1.439806 -0.392885 0.895913 -0.533468 -0.183664 1.734113 2.231528 2.784116 1.876375 -0.011468 -0.455428 -0.273506 -1.965146 0.957438 -0.525836 1.235078 -0.128312 3.199418 1.000000
46 0.294636 0.324897 -0.861894 0.124499 0.123844 -1.106040 -0.861449 1.375591 0.505851 -0.747642 -1.110063 -1.281454 -1.669842 0.077322 0.935659 -0.592974 0.556641 0.576433 0.484028 1.069399 7.578920 1.000000
47 -0.328314 0.053810 0.104433 0.198439 0.755665 0.261324 -0.311011 1.010575 0.295041 0.346977 -0.654412 -1.747718 1.373419 -1.546680 0.230257 -2.301380 1.028096 0.999221 -0.533291 -0.058371 3.923335 1.000000
48 -0.263928 -0.439464 0.330409 -0.118787 0.924574 0.891079 0.454304 -0.414179 -2.562534 0.588185 0.697419 -1.477674 0.301735 -0.527173 -0.012543 0.171016 -0.795179 -0.282813 0.153584 -0.167270 1.379700 1.000000
49 0.512817 -1.176312 -0.564956 0.327045 1.118921 0.478510 -0.404781 -0.092081 1.083237 -1.823981 0.135444 -0.553152 -0.117227 0.127150 1.486362 -1.445525 -0.495914 -0.121899 2.672972 -0.066887 2.583817 1.000000
50 0.483735 0.680659 -0.700250 -0.399597 -1.132104 1.362421 1.011841 1.574642 0.297757 -0.796082 1.187441 -1.180391 -1.572353 0.138127 -0.712778 -0.708455 -0.410116 -0.023250 -0.162837 0.047298 1.705678 1.000000
51 0.801861 -0.625151 -0.514409 -0.080868 -0.041898 0.565252 0.804777 1.120345 1.893611 0.193743 -1.346624 -0.308767 -0.239556 0.163366 0.232634 1.339341 0.585170 -0.181826 -0.683968 -0.125283 0.089536 1.000000
52 -0.123770 -1.098453 -1.836067 1.505406 -0.697363 1.242489 0.070428 1.584076 2.157061 -1.403157 -1.000939 -0.833610 0.971270 0.434656 0.057738 1.193589 -1.085181 -0.664165 -1.603370 -1.577107 1.356751 1.000000
53 -1.354524 0.265132 0.038888 -1.329490 0.807207 -0.669167 -0.408241 -1.744441 -0.619028 2.509815 0.896185 1.229292 0.690907 0.972081 -1.514843 -0.271528 0.740868 3.192238 0.097220 -1.805778 4.865657 1.000000
54 -0.880632 -0.693874 -2.502376 -0.599734 0.438460 -0.377151 0.608981 -0.745236 0.323553 0.531206 -1.620229 -0.463416 0.035207 1.196073 0.464947 0.642800 1.420955 1.079002 0.885205 -0.811489 2.359783 1.000000
55 -0.944734 -0.420753 0.868790 -0.222656 -0.972500 -1.662153 -1.656127 0.510655 -0.165897 -1.380473 0.241686 0.568674 -2.404459 -1.783087 -0.675692 0.233220 -0.265121 0.314699 0.010701 0.438592 5.663309 1.000000
56 0.123232 1.927249 -1.037004 1.461981 -0.909628 0.211651 1.064351 -0.673959 -1.034594 -0.131215 -0.851925 -0.930957 0.498399 0.965773 1.376611 1.443017 -1.117201 -0.670548 -0.270011 1.005320 5.628214 1.000000
57 -0.768275 1.662868 -0.601664 1.279927 1.581614 0.695150 -0.447248 -0.482703 -0.072833 0.166709 0.266699 -0.113664 0.903763 -0.006496 -0.219622 -0.500003 1.353876 -1.880284 -1.152163 0.334367 0.756818 1.000000
58 -0.912591 0.944674 -1.283910 -0.758182 1.371870 0.256023 0.675203 0.583697 -1.767409 -0.204793 -1.618511 1.238471 1.033030 -0.497529 0.637536 0.771391 0.130351 0.688667 1.072397 2.103212 16.450561 1.000000
59 1.298223 1.359386 0.433961 -2.489537 1.275124 -0.553496 0.903941 0.673331 0.428546 -0.697825 -1.176919 -0.122815 0.080736 0.262283 0.933821 0.630262 0.507394 0.067698 1.091573 -0.079099 2.985522 1.000000
60 -0.253349 -0.486325 0.447206 1.600992 0.431943 -1.880830 0.057195 0.048511 -1.023929 -0.064673 0.311299 0.080103 -0.673216 -0.801469 1.588053 0.155813 2.133820 -1.610691 -1.552418 1.865627 0.909875 1.000000
61 -1.802168 0.703704 -1.970366 0.771341 0.386660 -0.646856 -0.251785 -1.899294 -1.852694 -0.126239 -0.926088 0.888859 1.400008 1.429514 -0.748615 -0.454026 2.020297 1.627847 -0.033461 0.968490 11.002924 1.000000
62 0.949265 -0.887013 -1.024602 -0.281232 0.822677 0.541775 0.943656 1.313649 -0.614054 -1.646619 -0.154146 -1.187015 0.268536 0.002713 1.424571 2.283178 0.277788 0.165444 1.863556 -0.244717 1.842822 1.000000
63 -1.062767 -0.311291 0.241708 0.899701 -0.056855 0.082337 0.833586 -0.391240 -1.060410 -0.263535 0.772196 -0.105324 2.063155 0.646749 -0.554654 2.992504 0.392877 0.432570 -0.507681 -0.721500 1.079390 1.000000
64 1.473960 -1.078516 0.521552 -0.826637 0.801629 -1.082503 1.566084 0.843470 -1.094002 -0.397781 2.709424 0.233379 1.274576 0.571948 0.551142 -0.334598 -0.196987 0.163729 -1.198615 -0.446873 4.201548 1.000000
65 0.420682 0.862473 -0.284069 -0.691840 -0.549742 0.933371 2.312112 0.547419 0.570585 0.478070 -0.075757 -1.510010 1.005592 0.126966 -0.442225 -0.422881 0.076096 0.494952 0.528340 -0.746542 3.594222 1.000000
66 -0.310699 -2.034145 -0.246556 -1.297125 0.755307 1.649509 0.135329 0.879418 -0.452105 1.248915 2.067492 1.623894 -0.796328 -0.337555 1.324237 1.120724 -0.635028 -0.834903 -1.775769 0.452901 3.252417 1.000000
67 0.318841 -1.178776 1.714718 -0.936872 0.584498 -0.728076 -0.296647 -0.615709 1.982792 -0.544384 -0.695947 -0.796038 -0.523594 1.668325 -1.124545 2.311558 -0.242196 0.701161 1.719097 -0.931883 3.834062 1.000000
68 1.047196 -0.338851 -0.549409 1.218872 0.226835 -0.446035 -1.155494 -0.151901 1.147723 1.305824 0.009669 -0.937373 -0.009284 1.134153 -1.408222 -1.205262 -0.545704 -0.378886 0.779642 -1.816500 1.140040 1.000000
69 -0.236529 -0.450054 -1.174605 0.579267 -0.705319 -0.211414 -1.196251 -3.496512 -0.977178 -1.541123 -1.244101 1.547635 -1.401097 0.660979 -0.075476 0.782335 -0.035562 -2.006999 0.367564 -0.615460 2.764255 1.000000
70 0.593271 0.154213 -1.717505 1.034912 -0.746516 0.856867 -1.739589 0.327921 1.482553 -0.862180 0.414867 -0.985075 -0.977076 -0.455124 -0.227589 -0.698187 0.262153 0.194595 -0.300172 0.145585 9.762774 1.000000
71 -0.751596 1.093306 -0.378753 0.374086 0.742823 -1.357283 -0.120397 0.057246 0.377587 -0.398136 0.390404 -0.588391 0.718160 -0.894686 -0.285904 1.295565 -0.652052 -0.037435 -0.506521 -1.644811 0.108651 1.000000
72 -0.305927 0.874069 -0.083248 0.816039 0.791311 -0.136938 0.821359 -0.591001 -0.515885 1.526195 1.348813 -0.816924 1.136832 1.161220 0.306037 1.191855 0.510803 0.606038 1.289428 -0.513251 3.550820 1.000000
73 0.797089 1.317636 1.239092 -1.153314 -1.049996 0.259499 0.973398 0.726214 1.230939 1.313455 0.882956 1.563264 -1.176307 -0.690423 -1.599766 -0.073867 0.405892 -1.329385 1.011426 1.291401 0.237943 1.000000
74 1.600135 0.318493 -0.178611 1.181475 1.494838 -0.928278 1.785379 0.413096 1.443337 -1.006251 -1.002980 -1.122265 0.647976 -0.720660 -0.284090 0.703649 -0.732023 0.207118 -1.285939 0.962573 2.060966 1.000000
75 -0.074364 -1.022420 0.517278 1.762162 1.254839 -1.245335 1.553854 0.307058 0.391325 -1.245767 -0.037316 0.074433 0.645049 -0.102624 0.510366 0.653078 -0.619927 0.585938 -0.316635 -0.194917 5.070029 1.000000
76 -0.481173 -0.715465 -1.067345 -0.973799 0.949818 1.749672 -1.622204 -2.073514 0.478322 0.124627 2.116564 -1.764519 0.114026 -0.076295 0.938648 -1.233295 -0.127309 0.913047 -1.685346 0.353323 8.796169 1.000000
77 1.229994 2.042186 -0.342016 0.337338 0.949613 -0.405748 -0.647999 -2.000972 1.502026 0.025078 0.617180 -0.333531 0.043926 -1.884230 -1.365870 0.690759 0.724664 1.902616 0.710306 0.680224 3.834612 1.000000
78 1.608038 1.206022 -0.474943 1.615774 0.802675 -2.655299 -0.461403 1.773576 0.057014 0.562009 -0.730795 -0.007471 0.538458 0.605753 0.453687 0.159631 -0.127453 1.656953 -0.718689 -0.598798 2.166949 1.000000
79 2.508075 -2.004575 0.396903 -1.720528 0.818394 0.450321 0.031328 -0.930250 -1.002545 0.862372 -1.902253 -0.313224 -3.581344 -1.320867 0.361830 -0.491532 -0.071332 -0.048065 -1.774435 -1.134744 3.549025 1.000000
80 0.763802 -1.955524 0.717525 -0.563306 0.676583 1.428548 -1.011306 1.057220 0.215361 0.591886 -0.583340 -1.385837 0.645643 0.846588 1.327189 0.659476 0.225277 -0.236039 -0.158110 0.291905 4.033776 1.000000
81 -0.926672 1.032436 1.682977 -0.743638 -1.468547 -1.902852 -0.990844 -1.393136 -0.954565 2.245913 0.905368 -0.941758 1.391469 -1.589775 -0.153290 -0.982778 0.108132 0.947831 -0.073960 0.291189 0.201313 1.000000
82 0.830817 -1.035337 -0.248911 -0.620446 -0.080904 -1.012653 0.139613 1.348757 -1.436504 -1.787295 1.848098 -0.552183 0.426392 1.592693 1.501196 2.217731 -1.438711 -0.844897 1.770740 -0.263550 0.206663 1.000000
83 1.017840 1.704536 -1.063088 -0.349460 1.194985 0.640725 -1.960565 1.271962 -0.020679 -0.324466 -0.063133 -1.364495 -0.835745 0.854884 0.442567 -0.537517 -0.131861 -0.228208 -0.898038 0.902336 0.526002 1.000000
84 1.638316 -1.159223 -1.650530 -0.856952 -1.293000 1.013991 0.735194 0.707082 0.376577 -2.638557 -0.497021 0.153263 1.511786 -0.279075 0.815859 -1.921176 0.521901 -0.303780 1.077748 -0.972195 3.901465 1.000000
85 0.572746 0.581200 -2.219899 -2.144336 -1.225509 0.307682 -1.047368 0.459657 0.335068 -0.504320 -0.280992 0.127711 0.055386 -1.427403 0.283457 0.557970 1.001744 0.450333 -2.535633 -0.653055 9.563601 1.000000
86 0.683538 0.056518 1.306106 1.100024 0.841284 0.719392 2.028837 0.368510 0.537003 -1.074842 -0.244684 -0.909122 -0.476326 -0.223263 0.474227 2.175222 1.347531 -0.869556 -2.455577 0.748031 0.235739 1.000000
87 0.762088 -0.320227 1.296355 -1.377259 -0.647572 0.263231 -1.090562 -0.417863 0.247967 1.379911 0.643980 0.732430 -1.560667 1.705328 -0.536519 0.897136 0.633232 -1.929220 -1.674973 1.022148 9.722804 1.000000
88 -0.708203 -0.431595 0.419715 -1.173802 1.281400 -1.340003 -0.438717 1.558739 -0.600729 -0.908947 -0.464985 1.994526 0.944439 2.705489 -0.802974 -0.710878 -1.209476 0.854892 0.385199 -1.268455 8.851738 1.000000
89 0.295771 0.734288 0.914956 0.016254 -0.827921 0.261776 -0.253462 0.626347 -0.230604 0.657557 -0.270326 0.741851 -3.158471 0.701413 -1.087133 0.636523 -0.937755 -0.531543 -0.390102 -0.487113 0.357456 1.000000
90 -0.063054 2.156987 -1.977242 -0.204741 0.433667 1.161634 -0.280329 0.323496 0.297749 -1.086649 -0.803749 1.150881 -0.095178 0.647352 -2.117421 -0.204207 -0.326073 2.408310 -1.060700 -0.212422 8.741830 1.000000
91 -0.801746 -1.432137 -0.602406 -0.960697 0.608323 0.822264 2.028879 1.253142 0.616756 0.467282 -0.358719 -0.467192 -0.266107 1.980416 -0.189799 -0.682701 0.491851 2.191263 0.371454 0.915939 1.631254 1.000000
92 0.389191 1.103841 0.841333 -0.727476 1.751516 -0.179221 -1.826491 0.724476 -1.635210 0.104130 1.074983 -1.107213 0.447650 1.598570 -0.484763 -0.773296 0.390992 -0.398694 1.749789 -0.209439 7.304335 1.000000
93 0.494815 -1.333072 1.324262 0.776391 0.089249 -0.717480 -0.804009 0.246507 0.282643 -0.302103 -0.986214 0.323501 -0.177403 -0.290088 -0.071188 -1.403192 -0.017555 -1.262992 -0.734437 -0.851015 4.689817 1.000000
94 -1.184935 -0.843789 1.006544 0.843721 -0.873853 -0.371402 0.171996 0.243871 -0.824188 -1.868740 0.122923 1.200272 -0.896856 0.689892 0.658379 -1.865582 -1.229485 0.942383 1.481662 1.206151 0.152210 1.000000
95 0.132873 -0.076792 -0.067758 -1.067361 0.520140 -0.433236 -0.415814 -0.649758 0.728472 -0.510109 0.664556 0.816287 -1.235722 -1.339775 0.555508 0.827513 -0.387610 -1.873903 0.720390 -0.179234 0.569767 1.000000
96 -0.694198 0.858836 1.744069 1.107667 -0.073522 -1.308986 0.000745 -1.373033 -1.843564 -1.229017 0.154494 1.402594 0.910340 -0.632786 0.457227 -0.391389 -0.301734 -1.499092 0.948213 1.820762 13.032569 1.000000
97 -2.586297 1.014746 -0.513910 -1.949654 1.419225 -0.331787 0.231019 -1.070828 0.512133 0.683556 0.642062 0.171581 -1.437876 -2.079542 1.371397 -0.581272 -0.877817 -1.273058 -0.405859 0.739501 7.883668 1.000000
98 -1.738094 -0.714159 -0.729364 0.139166 -1.143581 0.340453 -0.467338 -1.493605 -0.069387 0.664215 2.128339 1.557287 -0.161071 0.846914 2.102765 -0.117291 -0.167304 -0.104385 -0.954535 -0.083179 1.153998 1.000000
99 0.590342 -1.708421 -1.475103 -0.175964 -0.729882 -0.592374 1.505842 -0.553274 -0.102572 0.303249 0.482585 1.699330 1.197631 0.044248 0.759742 0.650840 -0.045906 -0.512236 -0.527270 -1.619940 0.831956 1.000000
100 -1.674268 1.100929 0.427539 0.706176 0.045899 1.057849 -0.691980 -0.232496 -0.598476 -0.157092 -2.184446 1.482346 1.645180 1.057282 0.166678 1.378437 -0.301599 -0.049877 1.017905 0.881122 10.134262 1.000000
uncorrelated Gaussian covariates
missing covariate fraction: 0.000000
no latent classes
   lambda(t|risk 1)=C, <t>=4.000000 for zero covariates
   risk 1: beta[1]=0.500000
   risk 1: beta[2]=0.000000
   risk 1: beta[3]=0.000000
   risk 1: beta[4]=0.000000
   risk 1: beta[5]=0.000000
   risk 1: beta[6]=0.000000
   risk 1: beta[7]=0.000000
   risk 1: beta[8]=0.000000
   risk 1: beta[9]=0.000000
   risk 1: beta[10]=0.000000
   risk 1: beta[11]=0.000000
   risk 1: beta[12]=0.000000
   risk 1: beta[13]=0.000000
   risk 1: beta[14]=0.000000
   risk 1: beta[15]=0.000000
   risk 1: beta[16]=0.000000
   risk 1: beta[17]=0.000000
   risk 1: beta[18]=0.000000
   risk 1: beta[19]=0.000000
   risk 1: beta[20]=0.000000
