0.000000 0.500128
1.000000 0.615000
2.000000 0.630256
3.000000 0.626154
4.000000 0.658077
5.000000 0.672564
6.000000 0.677179
7.000000 0.659744
8.000000 0.676538
9.000000 0.670769
10.000000 0.675000
11.000000 0.664231
12.000000 0.652051
13.000000 0.646923
14.000000 0.648077
15.000000 0.644231
16.000000 0.636154
17.000000 0.631026
18.000000 0.625256
19.000000 0.615641
20.000000 0.614359
21.000000 0.614615
22.000000 0.615385
23.000000 0.602436
24.000000 0.598846
25.000000 0.582692
26.000000 0.584744
27.000000 0.576667
28.000000 0.570897
29.000000 0.561282
30.000000 0.569487
