0.000000 0.480000
1.000000 0.691200
2.000000 0.714800
3.000000 0.732400
4.000000 0.724400
5.000000 0.797000
6.000000 0.825400
7.000000 0.835200
8.000000 0.843600
9.000000 0.823200
10.000000 0.834000
11.000000 0.840600
12.000000 0.833800
13.000000 0.824400
14.000000 0.801200
15.000000 0.794200
16.000000 0.787200
17.000000 0.792000
18.000000 0.797400
19.000000 0.784600
20.000000 0.775800
21.000000 0.767400
22.000000 0.759800
23.000000 0.755000
24.000000 0.754200
25.000000 0.760400
26.000000 0.752800
27.000000 0.741200
28.000000 0.732200
29.000000 0.727000
30.000000 0.726800
31.000000 0.733200
32.000000 0.721400
33.000000 0.724800
34.000000 0.714000
35.000000 0.708400
36.000000 0.704600
37.000000 0.710400
38.000000 0.699800
39.000000 0.702200
40.000000 0.676000
