0.000000 0.480000 0.520000
1.000000 0.691200 0.706200
2.000000 0.714800 0.756400
3.000000 0.732400 0.784400
4.000000 0.724400 0.788200
5.000000 0.797000 0.837000
6.000000 0.825400 0.889800
7.000000 0.835200 0.892400
8.000000 0.843600 0.912400
9.000000 0.823200 0.914200
10.000000 0.834000 0.917200
11.000000 0.840600 0.918600
12.000000 0.833800 0.923000
13.000000 0.824400 0.922800
14.000000 0.801200 0.921400
15.000000 0.794200 0.927400
16.000000 0.787200 0.934400
17.000000 0.792000 0.927000
18.000000 0.797400 0.939400
19.000000 0.784600 0.936800
20.000000 0.775800 0.939400
21.000000 0.767400 0.943800
22.000000 0.759800 0.939200
23.000000 0.755000 0.945800
24.000000 0.754200 0.952600
25.000000 0.760400 0.952400
26.000000 0.752800 0.956800
27.000000 0.741200 0.957000
28.000000 0.732200 0.961400
29.000000 0.727000 0.958200
30.000000 0.726800 0.962000
31.000000 0.733200 0.966000
32.000000 0.721400 0.969600
33.000000 0.724800 0.967200
34.000000 0.714000 0.971600
35.000000 0.708400 0.973800
36.000000 0.704600 0.975200
37.000000 0.710400 0.974000
38.000000 0.699800 0.971600
39.000000 0.702200 0.975600
40.000000 0.676000 0.975800
