1 -0.062691420000 1.022624746602
2 -0.070190640000 1.045431335455
3 0.039760290000 0.884243515398
4 0.033706400000 0.903834164071
5 -0.106524180000 1.003155973839
6 -0.016209925000 0.954537427926
7 0.023433625000 1.116172192754
8 -0.087890205000 1.006152685784
9 0.006393615000 1.020600097893
10 0.099196770000 1.111881217761
11 0.003461290000 1.063356429908
12 -0.062602930000 1.031776841062
13 0.075716765000 1.007828662500
14 0.103478000000 0.981293701287
15 0.116986190000 1.000595873453
16 -0.079082140000 0.964794210229
17 -0.004033620000 1.037180574958
18 -0.126044840000 1.005478894041
19 0.006658670000 0.929197727317
20 0.016317880000 1.025828999816
21 -0.017006855000 1.047406675118
22 -0.021227645000 0.915071323113
23 0.042145870000 0.990906151611
24 -0.007236860000 0.972778115057
25 0.030791030000 1.008134853274
26 0.004037825000 1.054452126642
27 0.014998860000 1.020799552561
28 0.047116780000 1.004003996994
29 -0.159291530000 0.938567871985
30 -0.003167740000 1.078151404059
31 0.064236315000 0.950673761332
32 0.172544835000 1.001888940853
33 0.048874725000 0.984429046783
34 -0.108333720000 0.982538845718
35 -0.026347705000 1.073617813397
36 0.063776255000 0.918900527013
37 0.024723735000 1.040691760189
38 -0.079108820000 1.022130143364
39 -0.079860545000 1.034367669078
40 0.039248985000 0.991770212549
41 0.164041900000 1.019389489087
42 -0.028338815000 1.016246891090
43 -0.022300545000 1.054004845964
44 0.004713510000 1.031030409924
45 -0.093198950000 1.062586019755
46 -0.026430440000 0.983876556289
47 0.020506670000 0.934897984750
48 0.028155480000 1.004502928435
49 0.031978925000 0.937777785348
50 0.088018680000 1.023532453405
51 0.133005515000 1.020547265736
52 -0.071601815000 0.977704989519
53 0.033940460000 0.946772870026
54 -0.027030655000 0.943934985575
55 0.080929600000 1.063465050485
56 -0.033727470000 1.003648355001
57 -0.028481430000 0.925964241207
58 0.010942305000 1.003131110308
59 -0.026808310000 1.009432563939
60 -0.059435950000 0.980684640236
61 -0.166686840000 0.978387971699
62 -0.000299105000 1.020073078903
63 0.164285045000 1.009662683566
64 -0.014771130000 0.984285916910
65 0.044750090000 0.956302942003
66 -0.068556060000 0.934522936270
67 -0.003153255000 1.011274193935
68 0.024416790000 0.993642484717
69 -0.022775655000 0.940994468336
70 0.117357075000 0.982826374633
71 0.011352650000 1.049102825169
72 -0.061784375000 0.988797043421
73 -0.149125270000 1.020906705721
74 -0.022223015000 1.014603014695
75 0.067972905000 1.029682901182
76 -0.047217095000 1.045195465708
77 0.031534235000 0.951824317587
78 -0.047227385000 1.005853407420
79 -0.020793105000 0.960379024945
80 0.038088145000 1.080805454149
81 0.112007175000 1.036621963078
82 -0.064025200000 1.061220805755
83 -0.082135050000 1.048073603359
84 -0.075244485000 0.977006050918
85 -0.034940180000 0.988357090889
86 -0.007762555000 1.030064677027
87 -0.068102290000 1.014187386046
88 -0.058342675000 1.030287084207
89 -0.016488050000 1.011569661864
90 -0.089637335000 0.977994645607
91 -0.132242235000 0.976716779520
92 0.038845955000 0.979550958501
93 0.005339160000 0.990048051806
94 -0.000257045000 0.954433090686
95 0.031719845000 1.062547751125
96 0.033492770000 1.082983255174
97 -0.003094760000 0.928313270579
98 0.012887770000 0.967803327259
99 0.047737450000 1.039310476954
100 0.045303695000 1.012009937854
101 -0.042488750000 0.920708517921
102 -0.017386575000 1.057161800200
103 -0.048152265000 0.982099364279
104 -0.042835160000 0.936384333497
105 -0.035635255000 0.996879079376
106 -0.049703840000 1.027097128402
107 0.109670245000 0.901513468469
108 -0.049893425000 0.952284209893
109 -0.106304670000 1.060588916017
110 -0.097293245000 1.001757699978
111 0.033276465000 1.012706877609
112 0.014979145000 0.935975193635
113 -0.022074140000 1.054660217557
114 -0.046946775000 1.013965073716
115 0.071324355000 1.087903555495
116 0.063649380000 1.033299787119
117 0.136630410000 0.980563523814
118 0.076408990000 0.948944193825
119 0.048318525000 1.040964604722
120 0.056590235000 0.999939303560
121 -0.026929290000 0.915494636011
122 0.064028140000 0.954602185108
123 -0.015461340000 0.956180624579
124 0.008605655000 0.955550509664
125 0.095169070000 1.102586982767
126 0.007515740000 1.006275980336
127 -0.062230415000 0.994023286297
128 0.040335225000 0.953181725669
129 -0.065293110000 1.052652384520
130 0.072941955000 0.973792873920
131 0.022433355000 1.081802715499
132 -0.040195850000 0.942814529045
133 0.014453220000 1.003990422090
134 0.022136320000 0.959052737678
135 -0.085105635000 0.973137042088
136 -0.054795850000 1.011346076345
137 -0.030833620000 0.969010474413
138 -0.028771310000 0.882633839898
139 -0.141237940000 0.920583780133
140 -0.011976240000 0.999591034940
