0.000000 0.489796 0.500000
1.000000 0.614592 0.622500
2.000000 0.635918 0.649500
3.000000 0.679694 0.701500
4.000000 0.671633 0.697700
5.000000 0.683265 0.711000
6.000000 0.712653 0.740200
7.000000 0.719898 0.756200
8.000000 0.721020 0.774000
9.000000 0.737755 0.784000
10.000000 0.730000 0.792900
11.000000 0.744388 0.802600
12.000000 0.742347 0.811700
13.000000 0.743776 0.817100
14.000000 0.742347 0.817800
15.000000 0.741735 0.837100
16.000000 0.748571 0.836500
17.000000 0.737653 0.845500
18.000000 0.757041 0.853800
19.000000 0.754592 0.859200
20.000000 0.751633 0.861200
21.000000 0.750000 0.870000
22.000000 0.753163 0.873800
23.000000 0.740816 0.875500
24.000000 0.727245 0.879300
25.000000 0.727857 0.876300
26.000000 0.733061 0.889600
27.000000 0.746122 0.890100
28.000000 0.738469 0.903000
29.000000 0.738265 0.902400
30.000000 0.736224 0.908600
31.000000 0.734490 0.911900
32.000000 0.732755 0.916500
33.000000 0.731429 0.922700
34.000000 0.722551 0.922400
35.000000 0.722653 0.921800
36.000000 0.715918 0.920600
37.000000 0.723061 0.924000
38.000000 0.719082 0.928700
39.000000 0.716429 0.932200
40.000000 0.713673 0.924600
41.000000 0.706020 0.932200
42.000000 0.698367 0.933900
43.000000 0.705000 0.938300
44.000000 0.704898 0.938800
45.000000 0.701429 0.940800
46.000000 0.703776 0.942000
47.000000 0.696531 0.946000
48.000000 0.686837 0.946700
49.000000 0.692959 0.944900
50.000000 0.687041 0.949700
51.000000 0.688776 0.946100
52.000000 0.683571 0.952300
53.000000 0.678367 0.949400
54.000000 0.675510 0.952700
55.000000 0.676122 0.952800
56.000000 0.662449 0.954800
57.000000 0.664490 0.956100
58.000000 0.667449 0.957500
59.000000 0.656224 0.958800
60.000000 0.653878 0.957000
61.000000 0.658878 0.957800
62.000000 0.642755 0.962000
63.000000 0.647755 0.960600
64.000000 0.639490 0.959900
65.000000 0.647245 0.963200
66.000000 0.641224 0.963100
67.000000 0.641020 0.965300
68.000000 0.630102 0.965600
69.000000 0.630000 0.966900
70.000000 0.624082 0.965800
71.000000 0.618265 0.968800
72.000000 0.621122 0.967500
73.000000 0.619184 0.966700
74.000000 0.612347 0.968000
75.000000 0.610102 0.967300
76.000000 0.615408 0.969100
77.000000 0.614694 0.966600
78.000000 0.601020 0.972700
79.000000 0.603469 0.969400
80.000000 0.598776 0.969900
81.000000 0.596531 0.970300
82.000000 0.587653 0.970200
83.000000 0.589184 0.972200
84.000000 0.582755 0.971900
85.000000 0.588571 0.970200
86.000000 0.575204 0.972300
87.000000 0.582041 0.970900
88.000000 0.573980 0.972600
89.000000 0.561020 0.973200
90.000000 0.568878 0.972600
91.000000 0.569286 0.974300
92.000000 0.567857 0.974400
93.000000 0.560918 0.974000
94.000000 0.562959 0.975300
95.000000 0.556837 0.974600
96.000000 0.551020 0.974900
97.000000 0.555306 0.976900
98.000000 0.547245 0.977200
99.000000 0.550408 0.977400
100.000000 0.550918 0.977000
