active=60: 1 2 3 4 5 6 7 8 9 10 11 12 13 14 15 16 17 18 19 20 21 22 23 24 25 26 27 28 29 30 31 32 33 34 35 36 37 38 39 40 41 42 43 44 45 46 47 48 49 50 51 52 53 54 55 56 57 58 59 60 
active=59: 1 2 3 4 5 6 7 8 9 10 11 12 13 14 15 16 17 18 19 20 21 22 23 24 25 26 27 28 29 30 31 32 33 34 35 36 37 38 39 40 41 42 43 44 45 46 47 49 50 51 52 53 54 55 56 57 58 59 60 
active=58: 1 2 3 4 5 6 7 8 9 10 11 12 13 14 15 16 18 19 20 21 22 23 24 25 26 27 28 29 30 31 32 33 34 35 36 37 38 39 40 41 42 43 44 45 46 47 49 50 51 52 53 54 55 56 57 58 59 60 
active=57: 1 2 3 4 5 6 7 8 9 10 11 12 13 14 15 16 18 19 20 21 22 23 24 25 26 27 28 29 31 32 33 34 35 36 37 38 39 40 41 42 43 44 45 46 47 49 50 51 52 53 54 55 56 57 58 59 60 
active=56: 1 2 3 4 5 6 7 8 9 10 11 12 13 14 15 16 18 19 20 21 22 23 24 25 26 28 29 31 32 33 34 35 36 37 38 39 40 41 42 43 44 45 46 47 49 50 51 52 53 54 55 56 57 58 59 60 
active=55: 1 2 3 4 5 6 7 8 9 10 11 12 13 14 15 16 18 19 20 21 22 23 24 25 26 28 29 31 32 33 35 36 37 38 39 40 41 42 43 44 45 46 47 49 50 51 52 53 54 55 56 57 58 59 60 
active=54: 1 2 3 4 5 6 7 8 9 10 11 12 13 14 15 16 18 19 20 21 22 23 24 25 26 28 29 31 32 33 35 36 37 38 39 40 41 43 44 45 46 47 49 50 51 52 53 54 55 56 57 58 59 60 
active=53: 1 2 3 4 5 6 7 8 9 10 11 12 13 14 15 16 18 19 20 21 22 23 24 26 28 29 31 32 33 35 36 37 38 39 40 41 43 44 45 46 47 49 50 51 52 53 54 55 56 57 58 59 60 
active=52: 1 2 3 4 5 6 7 8 9 10 11 12 13 14 15 16 18 19 20 21 22 24 26 28 29 31 32 33 35 36 37 38 39 40 41 43 44 45 46 47 49 50 51 52 53 54 55 56 57 58 59 60 
active=51: 1 2 3 4 5 6 7 8 9 10 11 12 13 14 15 16 18 19 20 21 22 24 26 28 29 31 32 33 35 36 37 38 39 40 41 43 44 45 46 47 50 51 52 53 54 55 56 57 58 59 60 
active=50: 1 2 3 4 5 6 7 8 9 10 11 12 13 14 15 16 18 19 20 21 22 24 26 28 31 32 33 35 36 37 38 39 40 41 43 44 45 46 47 50 51 52 53 54 55 56 57 58 59 60 
active=49: 1 2 3 4 5 6 7 8 9 10 11 12 13 14 15 16 18 19 20 21 22 24 26 28 31 32 33 35 36 37 38 39 40 41 43 44 46 47 50 51 52 53 54 55 56 57 58 59 60 
active=48: 1 2 3 4 5 6 7 8 9 10 11 12 13 14 15 16 18 19 20 21 22 24 26 28 31 32 33 35 36 37 39 40 41 43 44 46 47 50 51 52 53 54 55 56 57 58 59 60 
active=47: 1 2 3 4 5 6 7 8 9 10 11 12 13 14 15 16 18 19 20 21 22 24 26 28 31 32 33 35 36 37 39 40 41 43 44 46 47 50 51 52 53 54 55 56 57 58 59 
active=46: 1 2 3 4 5 6 7 8 9 10 11 12 13 14 15 16 18 19 20 21 22 24 26 28 31 32 33 35 36 37 39 40 41 43 44 46 47 51 52 53 54 55 56 57 58 59 
active=45: 1 2 3 4 5 6 7 8 9 10 11 12 13 14 15 16 18 19 20 21 24 26 28 31 32 33 35 36 37 39 40 41 43 44 46 47 51 52 53 54 55 56 57 58 59 
active=44: 1 2 3 4 5 6 7 8 9 10 11 12 13 14 15 18 19 20 21 24 26 28 31 32 33 35 36 37 39 40 41 43 44 46 47 51 52 53 54 55 56 57 58 59 
active=43: 1 2 3 4 5 6 7 8 9 10 11 12 13 14 15 18 19 21 24 26 28 31 32 33 35 36 37 39 40 41 43 44 46 47 51 52 53 54 55 56 57 58 59 
active=42: 1 2 3 4 5 6 7 8 9 10 11 12 13 14 15 18 19 21 24 26 28 31 32 33 35 36 37 39 40 41 43 44 46 47 51 52 53 54 55 57 58 59 
active=41: 1 2 3 4 5 6 7 8 9 10 11 12 13 14 15 18 19 24 26 28 31 32 33 35 36 37 39 40 41 43 44 46 47 51 52 53 54 55 57 58 59 
active=40: 1 2 3 4 5 6 7 8 9 10 11 13 14 15 18 19 24 26 28 31 32 33 35 36 37 39 40 41 43 44 46 47 51 52 53 54 55 57 58 59 
active=39: 1 2 3 4 5 6 7 8 9 10 11 13 14 15 18 19 24 26 28 31 32 33 35 36 37 39 40 41 43 44 46 47 52 53 54 55 57 58 59 
active=38: 1 2 3 4 5 6 7 8 9 10 11 13 14 15 18 19 26 28 31 32 33 35 36 37 39 40 41 43 44 46 47 52 53 54 55 57 58 59 
active=37: 1 2 3 4 5 6 7 8 9 10 11 13 14 15 18 19 26 28 31 32 33 35 36 37 39 40 43 44 46 47 52 53 54 55 57 58 59 
active=36: 1 2 3 4 5 6 7 8 9 10 11 13 14 15 18 19 26 28 31 32 33 36 37 39 40 43 44 46 47 52 53 54 55 57 58 59 
active=35: 1 2 3 4 5 6 7 8 9 10 11 13 14 15 18 19 26 31 32 33 36 37 39 40 43 44 46 47 52 53 54 55 57 58 59 
active=34: 1 2 3 4 5 6 7 8 9 10 11 13 14 15 18 19 26 31 32 33 36 37 39 40 43 44 46 47 52 54 55 57 58 59 
active=33: 1 2 3 4 5 6 7 8 9 10 11 13 14 15 18 19 26 31 32 36 37 39 40 43 44 46 47 52 54 55 57 58 59 
active=32: 1 2 3 4 5 6 7 8 9 10 11 13 14 15 18 19 26 32 36 37 39 40 43 44 46 47 52 54 55 57 58 59 
active=31: 1 2 3 4 5 6 7 8 9 10 11 13 15 18 19 26 32 36 37 39 40 43 44 46 47 52 54 55 57 58 59 
active=30: 1 2 3 4 5 6 7 8 9 10 11 15 18 19 26 32 36 37 39 40 43 44 46 47 52 54 55 57 58 59 
active=29: 1 2 3 4 5 6 7 8 9 10 11 15 19 26 32 36 37 39 40 43 44 46 47 52 54 55 57 58 59 
active=28: 1 2 3 4 5 6 7 8 9 10 11 15 19 26 32 36 37 39 43 44 46 47 52 54 55 57 58 59 
active=27: 1 2 3 4 5 6 7 8 9 10 11 15 19 26 32 36 37 39 43 46 47 52 54 55 57 58 59 
active=26: 1 2 3 4 5 6 7 8 9 10 11 15 19 26 32 36 37 39 43 47 52 54 55 57 58 59 
active=25: 1 2 3 4 5 6 7 8 9 10 11 15 19 26 32 36 37 39 43 52 54 55 57 58 59 
active=24: 1 2 3 4 5 6 7 8 9 10 11 15 19 32 36 37 39 43 52 54 55 57 58 59 
active=23: 1 2 3 4 5 6 7 8 9 10 11 15 19 32 37 39 43 52 54 55 57 58 59 
active=22: 1 2 3 4 5 6 7 8 9 10 11 15 19 32 37 43 52 54 55 57 58 59 
active=21: 1 2 3 4 5 6 7 8 9 10 11 15 19 37 43 52 54 55 57 58 59 
active=20: 1 2 3 4 5 6 7 8 9 10 11 15 19 43 52 54 55 57 58 59 
active=19: 1 2 3 4 5 6 7 8 9 10 11 15 19 52 54 55 57 58 59 
active=18: 1 2 3 4 5 6 7 8 9 10 11 19 52 54 55 57 58 59 
active=17: 1 2 3 4 5 6 7 8 9 10 11 19 52 54 55 58 59 
active=16: 1 2 3 4 5 6 7 8 9 10 11 19 52 54 55 58 
active=15: 1 2 3 4 5 6 7 8 9 10 11 52 54 55 58 
active=14: 1 2 3 4 5 6 7 8 9 10 11 52 54 55 
active=13: 1 2 3 4 5 6 7 8 9 10 52 54 55 
active=12: 1 2 3 4 5 6 7 8 9 10 52 54 
active=11: 1 3 4 5 6 7 8 9 10 52 54 
active=10: 1 3 4 5 6 7 8 9 10 52 
active=9: 1 3 4 5 6 7 8 9 10 
active=8: 1 3 4 5 6 7 9 10 
active=7: 1 3 4 6 7 9 10 
active=6: 1 3 4 6 7 10 
active=5: 1 3 4 6 10 
active=4: 1 3 6 10 
active=3: 3 6 10 
active=2: 3 10 
active=1: 3 
