0.000000 0.489362
1.000000 0.640106
2.000000 0.642447
3.000000 0.659574
4.000000 0.704362
5.000000 0.753617
6.000000 0.766277
7.000000 0.762660
8.000000 0.783191
9.000000 0.773830
10.000000 0.768298
11.000000 0.790851
12.000000 0.792553
13.000000 0.800638
14.000000 0.797021
15.000000 0.802340
16.000000 0.797553
17.000000 0.802766
18.000000 0.805426
19.000000 0.802021
20.000000 0.793936
21.000000 0.795319
22.000000 0.786915
23.000000 0.786702
24.000000 0.776383
25.000000 0.782766
26.000000 0.782447
27.000000 0.775851
28.000000 0.780106
29.000000 0.770213
30.000000 0.777340
31.000000 0.770000
32.000000 0.762234
33.000000 0.762979
34.000000 0.755532
35.000000 0.759468
36.000000 0.750106
37.000000 0.750532
38.000000 0.746277
39.000000 0.736809
40.000000 0.732766
41.000000 0.729574
42.000000 0.719468
43.000000 0.718723
44.000000 0.711915
45.000000 0.708830
46.000000 0.709681
47.000000 0.702447
48.000000 0.709787
49.000000 0.700957
50.000000 0.692128
51.000000 0.690851
52.000000 0.682447
53.000000 0.680426
54.000000 0.681064
55.000000 0.670851
56.000000 0.668511
57.000000 0.658511
58.000000 0.653723
59.000000 0.660851
60.000000 0.654894
