active=20: 1 2 3 4 5 6 7 8 9 10 11 12 13 14 15 16 17 18 19 20 
active=19: 1 2 3 4 5 6 7 8 9 10 11 12 13 15 16 17 18 19 20 
active=18: 1 2 3 4 5 6 7 8 9 10 11 12 13 15 16 17 18 20 
active=17: 1 2 3 4 5 6 7 9 10 11 12 13 15 16 17 18 20 
active=16: 1 2 3 4 5 6 7 9 10 11 13 15 16 17 18 20 
active=15: 1 3 4 5 6 7 9 10 11 13 15 16 17 18 20 
active=14: 1 4 5 6 7 9 10 11 13 15 16 17 18 20 
active=13: 1 4 5 6 7 9 10 11 13 15 16 17 20 
active=12: 1 4 6 7 9 10 11 13 15 16 17 20 
active=11: 1 4 7 9 10 11 13 15 16 17 20 
active=10: 1 7 9 10 11 13 15 16 17 20 
active=9: 1 7 9 11 13 15 16 17 20 
active=8: 1 7 9 11 15 16 17 20 
active=7: 1 9 11 15 16 17 20 
active=6: 1 9 15 16 17 20 
active=5: 1 9 15 17 20 
active=4: 1 15 17 20 
active=3: 1 17 20 
active=2: 1 17 
active=1: 1 
