1 0.011819450000 0.984925758202
2 -0.016114150000 1.019302320224
3 0.004956890000 1.046788237014
4 0.031718120000 1.029041088144
5 0.053520490000 0.981435201929
6 -0.019003750000 0.901065435726
7 0.044782810000 0.924830037593
8 -0.095668630000 0.952020763590
9 -0.047130990000 0.994459628724
10 -0.209910760000 0.929383446289
11 -0.089820870000 0.935082215620
12 0.131322050000 1.015279660174
13 0.108656880000 1.013412847232
14 0.192856020000 1.005362250955
15 0.033984830000 1.015711566780
16 0.267304350000 1.010778232209
17 -0.051008590000 1.008331990148
18 0.085872840000 1.061019516776
19 0.078180300000 1.142241191580
20 -0.127049160000 1.028268570964
21 -0.030311700000 1.017898408978
22 -0.000910980000 1.109276938150
23 0.030866560000 0.939740941464
24 0.109193610000 0.821974468324
25 0.136303260000 1.041508408732
26 -0.055592240000 0.979672684183
27 0.040402250000 1.005171675970
28 0.038774990000 0.914424247088
29 -0.033986460000 1.105820773497
30 0.053831940000 0.947626969161
31 0.014110750000 1.056027095975
32 0.018498160000 0.992451741630
33 0.032806180000 0.910291342138
34 -0.085138660000 1.032719184905
35 -0.061857010000 1.029725151129
36 0.123624910000 1.060849228752
37 0.117200980000 0.935566699115
38 0.120282680000 0.984772031642
39 -0.021135060000 0.978092737706
40 -0.074400220000 1.047287502056
