0.000000 0.500000
1.000000 0.624500
2.000000 0.622200
3.000000 0.675600
4.000000 0.709800
5.000000 0.739500
6.000000 0.722200
7.000000 0.723800
8.000000 0.716900
9.000000 0.713500
10.000000 0.694400
11.000000 0.700700
12.000000 0.680800
13.000000 0.678100
14.000000 0.674200
15.000000 0.687000
16.000000 0.683100
17.000000 0.691500
18.000000 0.693300
19.000000 0.695900
20.000000 0.704200
21.000000 0.703800
22.000000 0.702900
23.000000 0.690000
24.000000 0.682700
25.000000 0.685000
26.000000 0.684400
27.000000 0.695300
28.000000 0.694200
29.000000 0.682300
30.000000 0.694400
31.000000 0.693200
32.000000 0.682900
33.000000 0.689700
34.000000 0.687500
35.000000 0.684900
36.000000 0.687300
37.000000 0.694900
38.000000 0.692300
39.000000 0.676500
40.000000 0.680900
41.000000 0.684700
42.000000 0.672900
43.000000 0.679300
44.000000 0.671700
45.000000 0.672000
46.000000 0.679300
47.000000 0.672200
48.000000 0.671800
49.000000 0.662800
50.000000 0.652100
51.000000 0.658100
52.000000 0.656700
53.000000 0.657200
54.000000 0.660500
55.000000 0.657100
56.000000 0.647200
57.000000 0.644300
58.000000 0.640100
59.000000 0.635000
60.000000 0.632200
61.000000 0.629100
62.000000 0.623400
63.000000 0.618200
64.000000 0.623200
65.000000 0.611300
66.000000 0.620300
67.000000 0.621100
68.000000 0.619400
69.000000 0.608900
70.000000 0.618800
71.000000 0.605500
72.000000 0.616900
73.000000 0.604600
74.000000 0.609200
75.000000 0.597600
76.000000 0.602400
77.000000 0.595700
78.000000 0.595700
79.000000 0.595000
80.000000 0.587700
81.000000 0.588300
82.000000 0.578700
83.000000 0.580100
84.000000 0.572900
85.000000 0.572500
86.000000 0.568800
87.000000 0.561800
88.000000 0.564800
89.000000 0.558500
90.000000 0.564500
91.000000 0.556300
92.000000 0.556000
93.000000 0.557900
94.000000 0.553700
95.000000 0.541200
96.000000 0.538600
97.000000 0.536400
98.000000 0.539300
99.000000 0.545100
100.000000 0.537300
