1 0.058684370000 0.865615408962
2 0.115183310000 1.123640316222
3 -0.055614280000 1.032002051651
4 0.086495240000 1.061586615794
5 -0.050814790000 1.099744076869
6 -0.086172640000 0.996394306546
7 -0.112432460000 1.131033343628
8 -0.017592650000 1.007685847682
9 -0.050748530000 0.934172882108
10 0.049590070000 0.977320948872
11 -0.020240090000 0.957892341455
12 0.104155540000 0.893795913015
13 -0.138549250000 0.873300491737
14 -0.026049420000 0.860184812407
15 -0.052339400000 0.971154739648
16 0.140449470000 1.064500619642
17 -0.000669630000 0.950053998172
18 0.116875160000 0.858505788403
19 0.180408000000 1.088087238315
20 0.034272870000 1.009309566776
