0.000000 0.489783 0.510638
1.000000 0.632609 0.632340
2.000000 0.692826 0.716064
3.000000 0.712935 0.726809
4.000000 0.723913 0.755319
5.000000 0.749457 0.771064
6.000000 0.742717 0.773298
7.000000 0.746739 0.792979
8.000000 0.739130 0.802447
9.000000 0.772935 0.837766
10.000000 0.782065 0.847447
11.000000 0.793261 0.849574
12.000000 0.795109 0.853936
13.000000 0.783696 0.862234
14.000000 0.793804 0.874894
15.000000 0.804239 0.874574
16.000000 0.805761 0.883191
17.000000 0.801848 0.890213
18.000000 0.793261 0.889362
19.000000 0.794457 0.896809
20.000000 0.792500 0.901064
21.000000 0.789348 0.896064
22.000000 0.785543 0.901489
23.000000 0.789239 0.906170
24.000000 0.777174 0.908723
25.000000 0.771957 0.908404
26.000000 0.767065 0.907234
27.000000 0.760978 0.908830
28.000000 0.766413 0.910426
29.000000 0.761087 0.918723
30.000000 0.764783 0.921915
31.000000 0.762065 0.923085
32.000000 0.766630 0.926170
33.000000 0.765109 0.931915
34.000000 0.759348 0.932447
35.000000 0.759457 0.930319
36.000000 0.761957 0.933085
37.000000 0.748696 0.939681
38.000000 0.737717 0.938723
39.000000 0.729022 0.942872
40.000000 0.727935 0.942553
41.000000 0.736304 0.941596
42.000000 0.732391 0.947021
43.000000 0.725761 0.943617
44.000000 0.726413 0.948191
45.000000 0.719783 0.949149
46.000000 0.718478 0.950532
47.000000 0.720109 0.952021
48.000000 0.712065 0.952128
49.000000 0.709457 0.953936
50.000000 0.698913 0.954468
51.000000 0.695978 0.952660
52.000000 0.687935 0.955745
53.000000 0.689783 0.956383
54.000000 0.685870 0.957553
55.000000 0.675435 0.961064
56.000000 0.677935 0.962234
57.000000 0.676304 0.962021
58.000000 0.671848 0.960957
59.000000 0.670217 0.961277
60.000000 0.656304 0.962979
61.000000 0.655435 0.962872
62.000000 0.659674 0.965000
63.000000 0.649565 0.965851
64.000000 0.642065 0.966170
65.000000 0.638804 0.966702
66.000000 0.646957 0.966489
67.000000 0.643152 0.965745
68.000000 0.639022 0.967021
69.000000 0.634239 0.968830
70.000000 0.629891 0.967979
71.000000 0.623043 0.968723
72.000000 0.619891 0.969574
73.000000 0.620217 0.968723
74.000000 0.619348 0.970638
75.000000 0.612500 0.969574
76.000000 0.610543 0.970106
77.000000 0.611739 0.970106
78.000000 0.605870 0.971383
79.000000 0.599891 0.971702
80.000000 0.610652 0.972553
