1 -0.021416376023 0.989825772558
2 -0.006059070118 1.038014335607
3 -0.022725521818 1.036759486414
4 0.029408922836 1.033400025902
5 0.058340159714 0.986864915996
6 0.001439192459 0.912504751629
7 0.050804037317 0.926405702546
8 -0.097529796926 0.953602790857
9 -0.066598483110 0.998596503710
10 -0.168131122754 0.920042441074
11 -0.082551276183 0.944449887356
12 0.149974207615 0.989697428797
13 0.116020008605 1.002331746565
14 0.177090578370 0.993353887428
15 0.028535817109 1.010368052315
16 0.254523101131 1.033215855832
17 -0.046112568096 1.039110744184
18 0.094494774198 1.063702796348
19 0.104787878957 1.149245980949
20 -0.113582036956 1.018444476361
21 -0.025205389702 1.021724624869
22 0.006315284137 1.112520853031
23 0.042868655030 0.946918353155
24 0.112910547045 0.835539988335
25 0.056622059624 0.971836669540
26 -0.011208222293 0.977048840483
27 0.070564214052 1.009185225454
28 0.038969668249 0.919933169188
29 -0.044019741490 1.115674330420
30 0.058527218051 0.956638156268
31 0.018809836594 1.076418441793
32 0.044950978293 0.995209395253
33 0.024812737805 0.897735044219
34 -0.045116205418 1.041375927788
35 -0.004505837357 1.028248137704
36 0.137231480662 1.069340712826
37 0.117615630024 0.946791036449
38 0.119537393755 0.980970741389
39 -0.025144769551 0.976106462021
40 -0.076288741227 1.071392458498
41 -0.013339275046 0.952724274158
42 0.101122455097 1.024054300569
43 0.011937738444 1.014188545174
44 0.184335713388 0.913305430344
45 0.015048093859 1.008021650742
46 0.077598909097 0.870604771746
47 -0.105738047083 0.987771391699
48 -0.038160967254 0.987764127319
49 0.050777782136 1.035676905691
50 -0.024524313049 0.882438363769
51 0.132324474347 1.077016324689
52 -0.250791572290 0.970166736414
53 -0.015683114234 1.036700722676
54 0.057372704128 0.933567273479
55 -0.045018593896 0.964817505950
56 0.139611197470 0.956061800103
57 0.089453959121 1.106585434148
58 -0.031269784554 1.002722997628
59 -0.137004061961 0.937627130283
60 -0.229121162708 1.029123538755
61 -0.125872688416 0.939041570140
62 0.024947570309 0.862089175490
63 -0.009510966919 0.965737559793
64 -0.024602044307 0.916354184784
65 -0.159470403214 1.023538285537
66 0.066612884371 1.112809873415
67 0.083843773413 1.077134788835
68 -0.096279226451 0.978371394382
69 0.053414133706 1.002815860703
70 0.240659107159 1.019327013856
71 -0.033617560886 0.948003994120
72 -0.130440671784 0.988917372457
73 0.044963089830 0.875883175335
74 0.065792112439 1.117631282896
75 0.034559711543 0.993722546862
76 0.014492705580 1.064778514344
77 -0.005914426919 0.908994902458
78 0.137188290787 0.921965330959
79 0.019016292876 1.027459915043
80 0.188151685202 0.950898651757
81 -0.044548774398 0.991682423872
82 0.210907374107 1.074439898216
83 -0.117821599271 0.977240355872
84 -0.073067832618 1.030474622871
85 -0.035571524051 1.107171620959
86 -0.014045444062 0.930138230793
87 0.147544743327 1.052440591150
88 -0.059545591730 0.958869765510
89 -0.068304995230 0.942182892781
90 -0.067027879955 1.001281547214
91 0.157611511067 1.044456202063
92 -0.197510305486 0.932162272636
93 0.044238743806 0.965918362281
94 -0.047125342499 0.921562799908
95 0.128022394160 1.002664474202
96 -0.046192719163 1.044995303378
97 0.022367246821 0.917970715973
98 -0.017592155051 0.888203292784
99 -0.168300632870 1.070585461678
100 -0.096254111380 0.918783539335
