1 -0.353362300000 0.885337211482
2 0.063105800000 0.952670670913
3 -0.297857000000 1.339232577505
4 0.027758777778 0.931060735684
5 0.219952444444 0.834114576239
6 -0.527385900000 1.003002829398
7 -0.089926555556 1.049168282332
8 -0.704515666667 1.244448456110
9 0.019543400000 0.715962603890
10 -0.352306700000 0.599525697866
11 -0.063043600000 0.884434492893
12 -0.231266100000 0.557286612450
13 0.463223600000 0.953101588416
14 0.424058000000 0.939331504251
15 0.173637000000 1.000020530662
16 -0.404175000000 0.891488882683
17 0.073345250000 1.296743062328
18 0.447988111111 1.041753719694
19 -0.061734111111 0.602307799649
20 -0.098847400000 0.949330588720
21 0.002920000000 0.655436843716
22 0.450816777778 1.026139017976
23 0.161677800000 0.892687271181
24 0.387712000000 0.631497266103
25 0.143086100000 0.606096682365
26 0.661355222222 0.822356998352
27 -0.135172900000 0.848034699898
28 0.057350200000 0.780642400407
29 -0.058136000000 0.764437869771
30 -0.119924777778 0.677682497411
31 -0.306934600000 1.185151117280
32 -0.196848333333 1.071292163916
33 0.664940300000 0.752690796555
34 0.089444750000 0.819515242804
35 0.060382100000 0.877841128661
36 -0.101582250000 0.655762422671
37 0.521403500000 1.015517497871
38 -0.409619000000 0.722220476125
39 0.418966200000 0.993757543157
40 -0.577529200000 1.378365247374
