1 -0.019474155000 0.917288384968
2 0.045867480000 1.083726706521
3 0.018754745000 0.978239049337
4 0.013573975000 0.957283461687
5 -0.062478130000 0.983681340115
6 -0.013199925000 0.890878765079
7 0.037042075000 1.040666194103
8 0.158835110000 0.942428960881
9 -0.031773870000 1.037121118113
10 -0.013619375000 1.081771732539
11 0.090026710000 0.934781532087
12 0.036958340000 1.005395941045
13 0.085393820000 1.110975848721
14 -0.190195715000 0.969475453749
15 0.094141780000 1.038572530267
16 0.010511610000 0.973095660549
17 -0.026634805000 1.023933397417
18 0.092715920000 1.065580474783
19 -0.066070950000 0.993519659908
20 0.025409870000 0.952207538705
21 0.026375065000 0.954539365932
22 0.185648815000 1.055564900301
23 0.013824295000 0.920513747707
24 -0.158177350000 1.009202070634
25 0.058729360000 1.058854233335
26 0.040737595000 1.084326002516
27 0.043206585000 1.011197237646
28 0.064029290000 1.009143463202
29 -0.008501355000 0.895854956841
30 -0.086356005000 0.948956742754
31 -0.002496780000 0.898708540916
32 -0.045828405000 1.021482201777
33 0.046935645000 0.930749869756
34 -0.025123305000 0.981439676671
35 -0.042971330000 0.978589175830
36 -0.010045325000 0.949712436829
37 -0.045362430000 0.969389433923
38 0.043402650000 1.002126045883
39 0.036762145000 1.066669255271
40 -0.064835540000 1.092615497728
41 0.062620315000 0.982177700667
42 -0.076627465000 0.984688082744
43 -0.048204555000 1.057406172374
44 0.059821940000 1.061999626428
45 0.007043595000 0.976341338947
46 0.001602600000 0.975744765427
47 -0.002522135000 1.010760114635
48 -0.125856710000 0.916288012492
49 -0.082119215000 1.041209797142
50 0.000356070000 1.000836308105
51 0.014664845000 1.010340017958
52 -0.024462305000 1.053723528818
53 0.071334235000 0.899361988737
54 -0.131189165000 0.939463641015
55 0.117435130000 0.947941252996
56 -0.025761355000 0.956239780054
57 -0.104490590000 1.038787723965
58 -0.032641555000 0.995365532446
59 0.097391530000 1.001363184724
60 0.060120310000 1.018355180549
61 -0.009058330000 0.958116720312
62 0.154903330000 0.986749703363
63 0.044750095000 1.008711243144
64 0.134423725000 1.026658535446
65 -0.036898975000 1.062920424319
66 0.016131290000 1.016652357065
67 -0.057000850000 1.058212284536
68 0.084521195000 0.953069528329
69 0.085321585000 1.055551154537
70 -0.102675075000 1.032781336783
71 0.089642955000 0.979645482192
72 0.013263165000 1.029425272154
73 0.073452935000 1.028764919070
74 -0.098874265000 0.969266959020
75 0.058789550000 0.978043656798
76 0.125008885000 1.035145116072
77 -0.051697780000 1.033531232010
78 -0.051018565000 1.037639633560
79 0.028395980000 0.947424509991
80 -0.038320755000 0.923096994690
81 -0.018166745000 1.012718173327
82 -0.162503030000 1.050593685006
83 -0.051429425000 1.011914564184
84 0.080699625000 0.943020961401
85 0.027844325000 1.009946368440
86 -0.022551945000 1.039979548466
87 -0.043534030000 0.989128934629
88 -0.012076380000 1.035054693471
89 0.009423825000 0.994750709333
90 0.127162845000 0.997330661013
91 0.042744455000 1.092146890215
92 0.000208520000 1.126073647536
93 0.009681185000 0.992287235783
94 0.033465555000 0.930150996640
95 0.087638040000 0.962309159184
96 -0.033066910000 0.995600951449
97 0.037403595000 0.929762069410
98 -0.044835510000 1.043940433281
99 0.064391325000 0.932826429646
100 -0.096115885000 1.028788634699
101 -0.052255010000 0.925168911161
102 -0.047904850000 0.929301780942
103 0.022536500000 1.101984828701
104 0.030344915000 0.910914711704
105 -0.005257630000 0.948832326771
106 0.049265445000 1.135366583770
107 0.020342525000 0.982891045498
108 -0.010092225000 0.921733806479
109 -0.024219155000 0.927235493701
110 0.037630310000 1.074326505333
111 0.034286890000 0.920702585985
112 0.036365425000 1.011782649961
113 -0.093809320000 0.923219530100
114 -0.013037125000 0.969908206040
115 -0.026167330000 1.139319083272
116 -0.056716450000 0.980670783914
117 0.069475180000 0.972957352026
118 -0.027589120000 1.036099817734
119 0.041212915000 1.035626824033
120 -0.029705720000 1.041278329245
121 0.129107850000 1.074084840519
122 0.094880415000 0.954272693759
123 0.009559090000 0.926459288060
124 0.012575450000 1.038331646392
125 0.057131960000 1.029760780058
126 -0.061194040000 1.034614336314
127 -0.005217935000 0.966726661164
128 -0.036086395000 0.978194551397
129 -0.035682435000 0.942116946682
130 0.028770635000 1.033225220485
131 0.044445850000 0.969483663334
132 0.082432580000 1.030032242638
133 0.036218830000 0.955683823511
134 0.002059590000 0.930464442937
135 0.032494175000 1.000733860747
136 0.020565115000 1.000568841667
137 -0.056338390000 1.003996498274
138 -0.044981220000 0.938484689362
139 0.064615300000 0.992793902772
140 0.118739865000 1.076395950511
141 0.027568185000 0.973906219658
142 0.112136750000 1.001136414922
143 -0.023343160000 0.999820442224
144 -0.023683425000 1.029550628038
145 -0.001057680000 0.967870317094
146 -0.034445890000 0.977752778195
147 -0.050607350000 0.987148846911
148 -0.149441175000 1.021211014424
149 -0.058356205000 1.085816780085
150 0.098496850000 0.938332610555
151 0.045054190000 0.954954482088
152 0.007663620000 0.961714715743
153 -0.005328600000 0.997059478891
154 -0.069751830000 0.910815033739
155 -0.130882965000 1.029550329627
156 0.028537950000 1.042605716687
157 -0.007511370000 1.005664764521
158 -0.043016935000 1.020264962318
159 0.164329730000 0.925665181541
160 0.035734280000 0.938230684728
