active=20: 1 2 3 4 5 6 7 8 9 10 11 12 13 14 15 16 17 18 19 20 
active=19: 1 2 4 5 6 7 8 9 10 11 12 13 14 15 16 17 18 19 20 
active=18: 1 2 4 5 6 7 8 9 10 12 13 14 15 16 17 18 19 20 
active=17: 1 2 4 5 6 7 8 9 10 13 14 15 16 17 18 19 20 
active=16: 1 2 4 5 7 8 9 10 13 14 15 16 17 18 19 20 
active=15: 1 2 4 5 7 8 10 13 14 15 16 17 18 19 20 
active=14: 1 2 4 5 7 8 10 13 14 15 16 17 18 19 
active=13: 1 2 4 5 7 8 10 13 15 16 17 18 19 
active=12: 1 2 4 5 7 8 10 13 16 17 18 19 
active=11: 1 2 4 5 7 8 10 13 16 17 18 
active=10: 1 2 4 5 7 8 10 13 17 18 
active=9: 1 2 4 5 7 10 13 17 18 
active=8: 1 2 4 5 7 10 13 17 
active=7: 2 4 5 7 10 13 17 
active=6: 2 4 5 7 10 13 
active=5: 4 5 7 10 13 
active=4: 4 7 10 13 
active=3: 4 10 13 
active=2: 4 10 
active=1: 4 
