active=20: 1 2 3 4 5 6 7 8 9 10 11 12 13 14 15 16 17 18 19 20 
active=19: 2 3 4 5 6 7 8 9 10 11 12 13 14 15 16 17 18 19 20 
active=18: 2 3 4 5 6 7 8 9 10 12 13 14 15 16 17 18 19 20 
active=17: 2 3 4 5 6 7 8 9 10 12 13 14 15 16 17 18 19 
active=16: 2 3 4 5 6 7 8 9 10 12 13 14 15 16 17 18 
active=15: 2 4 5 6 7 8 9 10 12 13 14 15 16 17 18 
active=14: 2 4 5 6 7 8 9 10 13 14 15 16 17 18 
active=13: 2 4 5 6 7 8 9 13 14 15 16 17 18 
active=12: 2 4 5 6 7 8 9 14 15 16 17 18 
active=11: 2 4 5 7 8 9 14 15 16 17 18 
active=10: 4 5 7 8 9 14 15 16 17 18 
active=9: 4 7 8 9 14 15 16 17 18 
active=8: 4 7 9 14 15 16 17 18 
active=7: 4 7 9 14 15 17 18 
active=6: 4 7 9 14 17 18 
active=5: 7 9 14 17 18 
active=4: 9 14 17 18 
active=3: 9 14 18 
active=2: 9 14 
active=1: 14 
