0.000000 0.500000 0.500000
1.000000 0.662200 0.668300
2.000000 0.682600 0.685700
3.000000 0.704500 0.718600
4.000000 0.724500 0.746300
5.000000 0.728300 0.750800
6.000000 0.737400 0.774700
7.000000 0.762800 0.800000
8.000000 0.786000 0.833000
9.000000 0.786100 0.829900
10.000000 0.800500 0.837300
11.000000 0.810900 0.847200
12.000000 0.808600 0.857900
13.000000 0.805800 0.862400
14.000000 0.831600 0.877900
15.000000 0.834400 0.879600
16.000000 0.834900 0.883100
17.000000 0.839200 0.881200
18.000000 0.843700 0.889700
19.000000 0.837200 0.890100
20.000000 0.831400 0.889900
