1 0.017400780000 1.031425282744
2 -0.078293550000 0.863428095107
3 -0.225406440000 1.056640942391
4 -0.107213130000 1.146335217698
5 0.026601540000 0.915662761984
6 -0.003439990000 0.977369985087
7 -0.079694130000 0.964735172365
8 0.040779430000 0.931146263631
9 -0.060275700000 1.070937827928
10 0.040400430000 1.091168879606
11 -0.116137470000 1.035048687548
12 -0.275691910000 1.056870978157
13 -0.057062960000 0.955480550840
14 -0.072043940000 1.076423420189
15 0.029916000000 1.007120413327
16 -0.103329580000 0.943584937887
17 0.059244600000 0.987422874525
18 0.019069080000 0.942448891533
19 0.142101700000 0.930709740275
20 0.011789540000 0.966552675485
21 0.003750630000 1.001151818964
22 -0.047783770000 1.123166286774
23 0.036436270000 0.949645747357
24 0.065712040000 1.009737473340
25 -0.003642990000 1.050740840429
26 -0.165172770000 0.967813548497
27 0.163534390000 0.935383231686
28 -0.052551040000 1.133219044881
29 0.061640360000 0.866068713209
30 -0.087006160000 0.911279415615
31 -0.077770010000 0.874194882627
32 -0.069944660000 0.846133667502
33 -0.054265300000 1.085193928808
34 0.217736090000 0.822609601844
35 -0.031785240000 0.920286236585
36 0.105594550000 0.948291712205
37 0.055698220000 1.000099411086
38 0.049594400000 1.062581954699
39 0.055608210000 0.924559012286
40 0.046859450000 0.866354074864
41 0.152779720000 0.955444436191
42 0.045426100000 1.023115931055
43 -0.115673140000 1.131331576579
44 -0.168993090000 1.032298119896
45 0.145804360000 1.116088960573
46 -0.152073570000 1.034705393492
47 -0.199642820000 1.062290926975
48 0.045241210000 1.038005786514
49 0.004301290000 1.047671743777
50 -0.001610840000 0.959182222888
51 -0.067098910000 0.963225045583
52 0.080932090000 0.982269059014
53 0.035931480000 1.080222650534
54 0.038627160000 0.948742417916
55 -0.050045120000 1.000977433696
56 0.017217560000 0.992755205666
57 -0.098480130000 0.976702169156
58 -0.096067680000 0.979819699405
59 -0.129599440000 0.932555173239
60 -0.042857540000 0.953055748310
61 0.132066890000 1.056455174900
62 -0.095392610000 0.875911605599
63 0.075784260000 1.088994146941
64 -0.054598750000 0.945959500992
65 0.245500800000 1.007824617445
66 -0.012964990000 0.982641569070
67 -0.067874880000 0.933884157208
68 -0.102929960000 0.983142835808
69 0.066838910000 1.012594899380
70 -0.036458850000 0.895032860090
71 -0.166568270000 0.960874823305
72 0.072559180000 0.943941144318
73 -0.044300450000 1.103286549460
74 -0.040872400000 0.888942137077
75 0.009295030000 0.957934999586
76 0.052993510000 0.975304872689
77 -0.119166210000 1.026048608276
78 -0.069619780000 0.958869044762
79 0.064862860000 1.036373211862
80 0.043767510000 0.936599151603
81 -0.086998570000 0.978646698047
82 0.098208230000 0.998013294338
83 0.071804030000 1.000419988743
84 -0.028665650000 0.908194217609
85 -0.179888070000 0.973443462837
86 0.042671010000 1.001173863462
87 0.119876990000 1.039784772854
88 -0.107779310000 0.954658279354
89 0.068092230000 0.979269478052
90 0.120148420000 0.919812557310
91 -0.007903370000 0.971829355219
92 0.026370530000 1.083248244891
93 -0.154088480000 0.950658529051
94 0.049644390000 0.984541339940
95 -0.027207210000 1.036079498420
96 -0.103548800000 0.908769576827
97 0.039565780000 0.942030752503
98 0.024158880000 0.957532265517
99 -0.157206980000 1.063092194122
100 -0.014886330000 0.959233201649
