active=50: 1 2 3 4 5 6 7 8 9 10 11 12 13 14 15 16 17 18 19 20 21 22 23 24 25 26 27 28 29 30 31 32 33 34 35 36 37 38 39 40 41 42 43 44 45 46 47 48 49 50 
active=49: 1 2 3 4 5 6 7 8 9 10 11 12 13 14 15 16 17 18 19 20 21 22 23 24 25 26 27 28 29 30 31 32 34 35 36 37 38 39 40 41 42 43 44 45 46 47 48 49 50 
active=48: 1 2 3 4 5 6 7 8 9 10 11 12 14 15 16 17 18 19 20 21 22 23 24 25 26 27 28 29 30 31 32 34 35 36 37 38 39 40 41 42 43 44 45 46 47 48 49 50 
active=47: 2 3 4 5 6 7 8 9 10 11 12 14 15 16 17 18 19 20 21 22 23 24 25 26 27 28 29 30 31 32 34 35 36 37 38 39 40 41 42 43 44 45 46 47 48 49 50 
active=46: 2 3 4 5 6 7 8 9 10 11 12 14 15 16 17 18 19 20 21 22 23 24 25 26 27 28 29 30 31 32 35 36 37 38 39 40 41 42 43 44 45 46 47 48 49 50 
active=45: 2 3 4 5 6 7 8 9 10 11 12 14 15 16 17 18 19 20 21 22 23 24 25 26 27 29 30 31 32 35 36 37 38 39 40 41 42 43 44 45 46 47 48 49 50 
active=44: 2 3 4 5 6 7 8 9 10 11 12 14 15 16 17 18 19 20 21 22 23 24 25 26 27 29 30 31 32 35 36 37 38 39 40 41 43 44 45 46 47 48 49 50 
active=43: 2 3 4 5 6 7 8 9 10 11 12 14 15 16 17 18 19 20 21 22 23 24 25 26 27 29 30 31 32 35 36 37 38 39 41 43 44 45 46 47 48 49 50 
active=42: 2 3 4 5 6 7 8 9 10 11 12 14 15 16 17 18 19 20 21 23 24 25 26 27 29 30 31 32 35 36 37 38 39 41 43 44 45 46 47 48 49 50 
active=41: 2 3 4 5 6 7 8 9 10 11 12 14 15 16 17 18 19 20 21 23 24 25 26 27 29 30 31 32 35 36 37 38 39 41 43 44 45 47 48 49 50 
active=40: 2 3 4 5 6 7 8 9 10 11 12 14 15 16 17 18 19 20 21 23 24 25 26 27 29 30 31 32 36 37 38 39 41 43 44 45 47 48 49 50 
active=39: 2 3 4 5 6 7 8 9 10 11 12 14 15 16 17 18 19 20 21 23 24 25 26 27 29 30 31 32 36 37 38 39 43 44 45 47 48 49 50 
active=38: 2 3 4 5 6 7 8 9 10 11 12 14 15 16 17 18 19 20 21 24 25 26 27 29 30 31 32 36 37 38 39 43 44 45 47 48 49 50 
active=37: 2 3 4 5 6 7 8 9 10 11 12 14 15 16 17 18 19 21 24 25 26 27 29 30 31 32 36 37 38 39 43 44 45 47 48 49 50 
active=36: 2 3 4 5 6 7 8 9 10 11 14 15 16 17 18 19 21 24 25 26 27 29 30 31 32 36 37 38 39 43 44 45 47 48 49 50 
active=35: 2 3 4 5 6 7 8 9 10 11 14 15 16 17 18 19 21 24 25 26 27 29 30 31 32 36 37 38 39 44 45 47 48 49 50 
active=34: 2 3 4 5 6 7 8 9 10 11 14 15 16 17 18 19 21 24 25 26 27 29 30 31 32 36 38 39 44 45 47 48 49 50 
active=33: 2 3 4 5 6 7 8 9 10 11 14 15 16 17 18 19 21 24 25 26 29 30 31 32 36 38 39 44 45 47 48 49 50 
active=32: 2 3 4 5 6 7 8 9 10 11 14 15 16 17 18 19 21 24 25 26 29 30 31 32 36 38 39 44 45 47 49 50 
active=31: 2 3 4 5 6 7 8 9 11 14 15 16 17 18 19 21 24 25 26 29 30 31 32 36 38 39 44 45 47 49 50 
active=30: 2 3 4 5 6 7 8 9 11 14 15 16 17 18 19 21 24 25 26 29 30 32 36 38 39 44 45 47 49 50 
active=29: 2 3 4 5 6 7 8 9 11 14 15 16 17 18 19 21 24 25 26 29 30 32 36 38 39 44 45 49 50 
active=28: 2 4 5 6 7 8 9 11 14 15 16 17 18 19 21 24 25 26 29 30 32 36 38 39 44 45 49 50 
active=27: 2 4 5 6 7 8 9 11 14 15 16 17 18 19 21 24 25 26 29 30 32 38 39 44 45 49 50 
active=26: 2 4 5 6 7 8 9 11 14 15 16 17 18 19 21 24 25 26 29 30 38 39 44 45 49 50 
active=25: 2 4 5 6 7 8 9 11 14 15 16 17 18 19 21 24 25 26 29 30 38 44 45 49 50 
active=24: 2 4 5 6 7 8 9 11 14 15 16 17 18 19 21 24 26 29 30 38 44 45 49 50 
active=23: 2 4 5 6 7 8 9 11 14 15 16 17 18 19 21 24 26 29 38 44 45 49 50 
active=22: 2 4 5 6 7 8 9 11 14 15 16 17 18 19 21 26 29 38 44 45 49 50 
active=21: 2 4 5 6 7 8 9 11 14 15 16 17 18 21 26 29 38 44 45 49 50 
active=20: 2 4 5 6 7 8 9 11 14 15 16 17 18 21 26 29 38 44 45 50 
active=19: 2 4 5 6 7 8 9 11 14 16 17 18 21 26 29 38 44 45 50 
active=18: 2 4 5 6 7 8 9 14 16 17 18 21 26 29 38 44 45 50 
active=17: 2 4 5 6 7 8 9 14 16 17 18 21 29 38 44 45 50 
active=16: 2 4 5 6 7 8 9 14 16 17 18 21 29 44 45 50 
active=15: 2 4 5 6 7 8 9 14 16 17 18 21 29 45 50 
active=14: 2 4 5 6 7 8 9 14 16 17 18 21 45 50 
active=13: 4 5 6 7 8 9 14 16 17 18 21 45 50 
active=12: 4 5 6 7 8 9 14 16 17 18 45 50 
active=11: 4 5 6 7 8 9 14 16 17 18 50 
active=10: 5 6 7 8 9 14 16 17 18 50 
active=9: 5 6 7 8 9 14 16 17 18 
active=8: 5 6 7 8 9 14 17 18 
active=7: 5 6 8 9 14 17 18 
active=6: 5 6 8 9 14 18 
active=5: 5 8 9 14 18 
active=4: 5 9 14 18 
active=3: 9 14 18 
active=2: 9 18 
active=1: 18 
