1 -0.162126443037 0.979385604455
2 -0.068403621046 0.976939943626
3 0.203891261018 0.916216946462
4 -0.225377722502 0.873971708511
5 0.056955351505 0.989482615878
6 -0.030371205000 1.069645902509
7 -0.012798342034 0.974994830087
8 0.009893265528 1.138155868400
9 -0.078234351483 0.921604170181
10 -0.010731846307 1.078086104996
11 -0.094044019946 1.017146814736
12 0.079426509741 0.928266341268
13 0.043469842081 0.914044560328
14 -0.146694865450 0.936483892104
15 -0.117515439901 0.911097770261
16 0.104410375609 1.075426231041
17 0.024217211735 1.019205639991
18 -0.009930061830 0.821202443515
19 0.035631932719 0.960556848269
20 -0.195272412093 0.945280521911
21 0.022243780116 1.033966691375
22 0.077735046133 0.975631391794
23 -0.024539442254 1.054261036322
24 -0.069438618925 1.046230910168
25 0.014101755410 0.999342902817
26 -0.169142069361 1.019973863262
27 0.007248993966 0.975023220099
28 0.107841573200 0.986731989443
29 -0.149475648570 1.050410017429
30 0.016209591909 1.043241660538
31 -0.036653922669 1.069070844429
32 0.130521920895 1.030696848323
33 -0.035139996135 1.063903660862
34 -0.200903455756 0.868058438640
35 0.014633155149 0.905973721923
36 -0.113189828170 0.962627923243
37 0.153045035122 1.012576028884
38 -0.027202619674 1.120471659219
39 -0.058653012191 0.940265415449
40 -0.074955140738 0.987118628131
41 -0.144934122499 1.009619289739
42 0.075444842864 1.040893384401
43 -0.072486503075 0.965784012038
44 -0.295082620032 0.971376404251
45 -0.144553394558 0.953537707112
46 -0.047397444238 0.919232840173
47 0.017135556074 1.001703071957
48 0.064345502042 0.954899986974
49 -0.018731458617 0.998574316640
50 -0.240461039030 1.119726604256
51 -0.091354952819 1.122161250365
52 -0.142109405492 0.958233423299
53 0.079644137345 0.939364486626
54 -0.082658006003 0.999737146065
55 -0.057540400575 1.147304667270
56 0.150098835746 0.869158376010
57 0.041848383899 1.090365443513
58 0.037013849732 0.933806295537
59 0.066769286368 0.939030691663
60 0.170658237956 1.089066125673
61 -0.056573922416 0.939990746854
62 -0.060618120325 1.045230316612
63 -0.026921864522 0.974685202892
64 -0.006633396047 0.941582919986
65 0.083443658322 0.921247417825
66 0.064944360600 0.973354048084
67 0.000668942615 0.922977044392
68 0.164415189965 0.871208748468
69 0.041953241260 0.996040790863
70 0.014426389023 1.039020004358
71 -0.008145709549 1.030025089238
72 0.102767983792 1.181550932695
73 -0.078755389160 0.955840790827
74 0.179150050976 0.989680016613
75 0.074551433185 1.022236383158
76 0.041458680088 1.051118804888
77 0.055458687234 1.075452117363
78 0.027766422467 0.808276770094
79 -0.014321426599 0.934033545360
80 0.082288089365 0.929756903454
81 -0.011110914985 0.971905308600
82 -0.111504042842 1.087737011158
83 -0.196408440544 1.073565359685
84 -0.027577602984 1.032710279620
85 -0.183250367881 0.976309220336
86 -0.042292125354 1.010043547159
87 0.038941464252 0.954744522867
88 0.165923805308 0.853452614699
89 -0.157591799630 1.030173725133
90 0.076976562328 0.987619096545
91 0.030065454671 1.061941337551
92 0.055754526663 0.938803778354
93 -0.045728403270 1.031800715974
94 -0.027689465966 0.931372221540
95 -0.042058793216 0.987610668217
96 0.033171566077 1.049889190811
97 -0.129197462312 0.947826780517
98 0.133155448090 0.919139845176
99 0.024764786522 0.879183225506
100 0.031140668057 1.003625492433
