N=100
P=80
R=2
1 -0.873074 NA 0.031713 -1.363621 -1.274144 0.707946 -0.369347 0.092070 0.149858 0.071181 1.143780 0.279274 -1.032605 0.101489 -1.936091 -0.126605 1.046225 0.518903 -0.639713 -0.738431 0.200136 0.019621 -0.226123 0.070740 0.593936 -0.172985 -0.522303 0.203424 0.650192 0.496161 0.747265 -0.830458 0.955119 -0.775854 0.745700 -0.310820 0.918585 0.047420 -0.787389 0.004917 -0.035890 -1.289284 -0.908384 0.758763 0.644022 2.018161 NA -1.059560 0.979696 0.008361 0.306796 -0.427627 0.834845 0.517744 -1.747086 -1.849044 -1.286648 -0.551302 0.054797 -0.402482 -1.433520 -0.462707 0.023642 -0.040116 -0.624121 1.065335 NA 0.101205 0.246815 0.920464 1.281413 -1.103002 0.499378 -0.101554 1.169705 1.551000 -0.148449 0.057503 0.789467 -0.086327 3.349912 1.000000
2 1.285852 1.022530 2.876686 -0.089919 2.142846 -0.446617 0.476880 NA 0.801879 1.032223 -3.271438 0.374641 1.664615 0.334677 -0.278449 2.478155 0.241690 0.723033 -0.381683 -0.331409 0.407248 NA 0.382075 -0.585535 1.003687 -0.086770 -0.707178 0.121429 -1.623949 NA -0.146447 0.552704 1.011616 -0.186381 -0.174476 -1.958404 -2.679042 NA -0.091727 0.231843 -0.415822 0.428054 0.634918 -1.179959 -0.543572 0.290754 0.185997 NA -0.310882 -1.470820 NA -0.811484 3.076625 NA -0.508647 0.964939 1.253455 NA -0.825406 0.995102 0.587163 0.133164 0.122794 NA -2.058867 -0.664097 -0.490454 1.193786 0.733994 -0.476242 0.046979 -0.436585 NA -0.660168 -1.061535 -0.238435 -0.332590 0.504548 -0.008491 0.669141 0.017494 1.000000
3 -1.690219 0.065774 2.108597 -0.322352 -0.146795 -0.338845 0.111784 -0.496745 1.337487 0.115770 -0.047360 0.230268 -0.985811 0.121563 -1.435524 0.823656 0.793155 0.222490 -0.597866 0.816684 0.307429 0.501879 0.413950 1.056752 1.365718 -2.540734 0.852655 0.676891 -0.316882 0.252302 1.038462 0.506703 -0.465240 2.288233 -1.136392 -0.179624 0.099032 -0.123605 -0.696947 0.062389 1.350203 -0.124991 -0.351944 -0.732741 -0.882675 0.277678 0.103127 -0.104481 NA -0.333505 -0.507150 1.424282 0.951650 0.174661 1.097270 0.416525 0.358781 -0.847648 NA -0.543152 -0.530514 -0.169059 0.253240 -1.684538 -1.286958 -0.239103 1.480572 NA -0.646135 0.894067 0.137823 -0.139284 -0.535683 -1.620473 -0.123424 -0.277473 0.009126 -2.183942 -0.424834 2.582562 2.306569 1.000000
4 0.497391 -0.343230 -2.012845 -0.306188 -0.211718 NA -1.072252 2.821575 2.273359 -0.343119 1.277348 0.879487 -0.224216 1.545168 1.543633 -1.060252 0.133705 -0.093966 -0.015851 0.532627 -0.384009 -1.296606 -0.152715 -1.001337 -1.137720 0.184510 0.613734 0.012099 0.267014 -0.762925 0.026908 -1.206022 1.149575 0.336911 1.036080 -1.278124 1.193301 -0.428466 0.751000 -0.756392 0.360766 -0.322645 -0.603408 -1.323074 0.162551 NA -0.785220 0.233971 1.115231 -2.578247 1.240138 0.662925 -1.191872 -0.340133 NA NA -1.307409 -0.469959 0.998953 0.852410 -0.475737 0.737150 0.459316 0.888181 0.922134 1.156257 -1.230116 0.675577 -0.658028 1.958299 -0.004166 0.272466 -0.962412 -0.478525 -2.142124 -0.770174 -3.057739 1.280200 -0.783458 0.200581 11.327943 1.000000
5 1.243816 -0.131876 -0.509663 1.618033 -0.970269 0.966838 -0.931985 NA 0.374080 -0.214975 1.466930 0.302172 -0.633024 0.761578 -0.055098 -1.233188 1.124240 1.199192 0.511285 -0.228248 -0.976472 -0.423930 0.836035 0.296310 -0.756050 NA 0.315690 NA -1.510912 -0.595122 0.828718 -0.548698 1.038641 2.788380 0.080280 -1.360570 -0.946096 NA -0.341250 -1.711185 -0.780951 -0.933188 1.396874 0.351737 -0.522825 1.038266 -0.260336 1.833601 1.558338 0.473697 -0.384476 -1.950047 NA 0.335182 0.450968 0.965360 -0.639465 0.190987 -1.442167 0.411561 0.823374 1.660726 -0.084447 -0.237950 0.610283 -2.016891 -0.965074 -0.331934 -0.662013 0.410621 1.019002 NA -0.873080 0.690987 0.743488 1.813972 0.339639 1.776832 0.892561 -0.584640 0.475876 1.000000
6 0.932169 -0.975379 0.019596 NA -0.413294 -0.918128 -1.680362 0.006888 -1.444456 -1.825912 -0.428854 -1.176493 0.566711 2.144320 0.503876 -0.061296 -0.772608 -0.628400 0.940322 0.903434 -0.877908 2.354418 2.290427 0.225908 0.817648 -0.664904 0.995116 NA -0.323650 0.219672 -0.986827 -0.715766 0.318554 -1.110001 1.045533 -0.580580 NA NA 0.504339 -0.417613 -0.555283 -1.033633 NA 0.360695 1.038411 -0.758115 0.476959 1.224237 0.481284 -0.522414 0.203913 -0.586223 NA -1.566784 NA 0.366782 1.953222 -0.198775 0.144335 -0.899075 -0.954333 1.431676 -1.092237 1.147833 0.615743 -1.213679 -1.125316 -0.675548 0.185189 -1.587980 -0.480442 -0.516158 0.380624 0.200692 -0.200188 0.789639 0.191258 -0.210157 -2.125263 0.738048 0.011311 1.000000
7 1.307372 -0.644227 0.457314 0.295077 -0.045337 -1.910294 -0.019402 -0.493669 NA NA -1.402369 0.382426 0.472463 -1.088684 -0.023888 0.701749 -0.731041 -0.917452 -1.722402 0.224383 0.216961 1.456117 -1.434630 -0.745416 0.768225 1.717675 0.339935 -1.354245 -0.622262 0.752216 -0.140254 -0.253659 -0.745254 0.884884 1.106687 -1.538042 -0.941504 0.077486 0.086744 0.994293 0.815307 -0.418329 -1.340539 0.292010 0.117096 NA 0.637358 -0.375420 1.892793 -0.138889 -0.335852 1.118931 1.069384 0.239683 0.218428 -0.294711 0.332998 -0.321736 -0.012259 -0.622268 0.895195 0.546677 -0.212735 0.744623 -0.213774 1.336674 0.390964 1.590078 -1.257493 -0.182888 1.841495 -1.546277 0.327508 -0.794828 0.838743 0.730020 -0.013651 -0.244423 0.087278 0.090502 1.315805 1.000000
8 1.209458 1.225288 -0.361825 0.044208 0.306157 -1.687359 0.114465 -0.642196 0.165478 0.032481 0.137313 -1.246666 -0.866233 -0.016629 -0.283150 -0.121807 0.421473 0.072215 -2.051329 0.004921 -1.517299 -0.146575 1.294235 1.633585 -1.900222 -0.377182 -1.128961 -0.215175 NA -0.468121 -0.726531 -0.551255 NA 0.881142 -0.293369 1.099531 1.747284 0.227305 1.736821 -0.097182 -1.029671 0.218655 -1.196350 -0.330459 0.634368 NA -1.155474 NA 0.277231 NA 0.470782 -1.179077 0.405066 1.333706 -0.712357 1.364459 0.398668 NA 0.435028 -0.166093 0.562473 1.892368 NA -0.809351 -0.320844 0.789888 NA -0.050753 -0.611563 -0.616578 -0.623343 0.777632 1.032344 1.144542 -1.423644 0.468582 0.008071 -0.321284 NA -0.357142 0.275128 1.000000
9 -0.593099 0.002435 -1.042834 -0.159806 0.735903 0.363446 -0.716571 0.317242 -1.130164 -0.855142 1.467337 -2.025801 0.839449 0.413278 NA 0.035097 -0.646008 -0.019740 0.483410 -1.250132 0.267642 0.907666 NA -0.938797 0.961669 0.012764 -0.128903 0.932688 -0.887963 0.558533 0.045713 0.786242 -1.098243 -0.320070 -2.803258 -0.097352 -0.266106 -0.814905 0.110082 -0.002923 -0.745936 0.563995 -1.094164 -0.374411 1.085881 1.231671 -0.555499 0.265638 0.601321 0.023506 -0.011782 -1.299111 0.342739 -1.220711 0.365970 -0.132769 -1.362677 0.336370 0.360108 -0.816446 -0.232113 1.380617 -0.809958 -1.326650 0.803124 -0.123803 -0.563368 -1.077633 -1.774299 -0.821221 -0.685207 1.271573 -0.396044 0.991003 0.282757 1.352255 -1.364253 -0.789004 -0.118534 -0.755476 0.221944 1.000000
10 -1.426266 -0.069010 0.194292 1.298321 -0.303596 0.164381 NA 0.094792 0.104901 -0.109379 -0.517748 1.703243 2.176850 0.692305 -0.111043 -1.944802 0.790098 NA -0.209506 -1.356463 -0.182697 -1.134349 -0.106347 0.907972 1.021342 -0.426091 0.147409 -0.027811 1.698516 -0.077481 -0.328094 2.064674 -0.620325 -1.415410 -2.351143 0.829869 0.675214 -0.101931 1.278014 -0.323199 -1.980446 0.170457 0.702518 -0.429061 1.312611 1.599963 0.446788 1.404355 -0.357940 0.707481 -2.273209 -1.626400 1.885537 1.535595 -0.335673 -0.418849 1.930397 NA 0.898184 -0.427974 0.194509 1.855266 -0.828703 -0.801012 1.225238 1.834979 0.777095 0.950283 -1.344840 -0.117131 2.571518 0.338135 0.282895 NA 2.070787 -0.414144 -0.060635 -0.575558 -0.029127 1.709667 4.745819 1.000000
11 -2.404798 -0.498055 0.382982 1.555971 1.711357 0.053320 -1.404280 0.342360 -0.992752 -0.794381 1.181717 0.051774 -1.190455 1.211744 -0.595014 0.359575 0.458480 -1.599590 0.078781 0.223988 0.236947 0.986126 0.584173 -0.851617 2.038006 0.989050 0.601050 -0.143854 1.187527 0.944929 NA -1.123102 -1.255203 0.716414 -0.355917 0.448671 -1.898062 -0.076049 0.857702 0.348388 1.467208 -0.085421 1.501560 -0.282809 -0.078339 -0.155262 0.375466 -0.561205 -1.560244 0.773720 0.887778 -0.805617 -1.140997 -0.082520 2.201770 0.946424 0.933134 1.296323 -0.433505 -1.557708 -0.163477 0.502749 0.368872 -0.735761 2.372227 0.165089 0.029343 -0.706730 -0.692357 0.703117 -0.196224 -0.223669 -0.620643 NA -0.064623 0.616623 0.516642 -1.024757 -0.709251 0.033208 0.357299 1.000000
12 -0.215814 -0.154441 0.043590 -0.177308 0.693177 1.417842 -1.092402 1.280136 -0.359346 1.178586 -0.853963 0.229185 1.252158 1.280580 1.479707 -0.211388 -1.130640 -0.688856 -2.180852 -0.570467 -1.230358 0.218662 0.428949 -1.439723 -0.617509 -0.675909 -0.451725 -1.109445 0.863315 -0.248163 NA 1.394942 -1.891005 0.151756 0.557574 NA NA -0.298287 1.277193 0.302817 0.488170 -0.305888 1.348621 1.549735 0.779102 0.311477 -0.114196 -0.286155 1.767606 1.875990 0.437763 0.468262 1.520135 0.580301 -2.172937 -0.156140 -1.396700 0.195945 0.739002 -0.126194 0.322459 -0.410076 -2.051503 NA -0.476591 -0.084359 -0.614869 0.339215 0.085041 -1.259265 0.643531 2.072348 -0.820198 -0.173297 -0.230302 -0.245685 1.481160 0.015067 0.829252 0.044578 17.225846 1.000000
13 -0.885824 0.510770 -0.914356 0.197519 0.540172 1.165424 -1.961491 -0.156889 -0.185887 -1.291829 0.014088 -0.486045 0.249387 -1.091544 0.258838 -0.681697 -1.217998 -0.810575 -2.098795 2.068636 0.394845 -0.822784 0.371432 -0.137617 1.091132 2.109040 0.115206 0.383991 -0.936362 -1.140772 -0.159714 -1.788080 -2.142611 -0.182722 -1.101729 0.908095 -1.107253 -1.103213 -1.395087 0.427596 2.001509 0.916258 0.948355 -0.196550 2.554389 0.589256 0.298486 -3.837302 -0.335274 -0.474443 0.240223 2.796963 1.375334 0.502540 -0.723200 0.943642 0.361882 0.084171 -0.789381 0.014365 -0.265777 -0.514373 1.033611 -0.457004 -0.580847 0.643560 -0.221626 -0.970520 1.323861 1.754275 -1.741636 -1.392111 0.319259 -0.124180 -1.434585 -0.534957 -0.121497 0.998612 1.877074 -0.554171 0.141705 1.000000
14 1.855496 NA -0.365101 -0.925064 1.392131 2.183861 -0.412491 0.347046 NA 2.162613 1.293309 -0.612815 -0.094350 0.464399 NA 0.452094 NA 0.505780 -0.345592 0.345820 NA NA 0.371703 -0.040299 1.417327 -1.007620 -0.854077 0.633090 1.509590 -1.643701 0.992191 0.348588 -0.658907 -0.647480 0.170098 -1.285768 0.160741 -0.023008 1.004809 1.274690 -0.622271 -0.972907 -1.537140 -0.477146 0.436730 0.496335 NA -0.099425 0.596531 -2.184278 -0.668051 0.230650 -2.135431 -0.232478 0.488464 -0.712612 -0.096808 -0.149548 -0.518001 1.102219 -0.132145 -0.690561 2.958484 0.262839 0.342367 0.114520 0.080977 -1.477158 1.433437 -0.903120 0.162207 -0.503968 0.165750 0.290395 -0.105711 -0.686964 0.178611 -0.916567 -0.139184 1.443678 11.802485 1.000000
15 0.371444 0.675842 -0.899453 -0.071505 0.676137 -0.536910 -0.820052 0.814521 0.056535 0.834848 NA 0.233981 -0.354852 0.431369 -0.881936 1.174666 0.051768 -1.616452 -0.806993 -0.125277 0.413613 -0.035617 -1.247757 -0.429482 1.214917 -0.241279 1.816440 0.608091 0.095992 1.948914 0.239071 0.404323 -1.187941 NA -1.038261 0.986591 0.930654 -2.116818 2.137169 -0.228101 -1.914315 1.753917 0.351765 -0.171242 -0.853497 -0.085910 -1.204448 -0.080388 -1.120203 -0.431712 -0.000440 1.874526 0.995300 -0.197878 0.893831 -2.004412 2.640309 -0.033812 -0.590097 NA 1.236129 -0.333501 0.724509 -0.659644 NA -1.134450 -0.723115 0.509057 NA 1.998918 -0.489603 0.061811 -1.793378 0.816120 1.296574 NA -0.226161 1.038672 0.987421 -0.190591 1.977193 1.000000
16 -0.051900 1.032707 2.289406 0.058016 -0.115000 1.108851 -0.208845 0.025950 NA -0.431085 -0.538155 -0.723855 -0.647690 0.496027 -0.786487 0.362190 0.870696 -0.754770 0.426830 -0.878630 0.979990 0.032990 NA 0.432759 -0.201688 2.067718 -0.195096 -0.507897 0.359985 -0.093568 -1.397668 -1.603109 -0.761367 -0.873076 1.277034 NA 0.468749 2.983357 -1.068528 -0.976020 1.415846 0.916879 -0.051193 2.382991 0.405827 -0.123381 -0.663052 -1.982384 NA 0.013362 -0.929340 -0.675828 1.614908 0.300933 1.111381 0.140481 -0.484244 -0.772827 -1.097033 -1.862832 -0.815024 0.359444 1.005467 0.390181 NA -1.487746 0.976786 -1.075911 1.074563 1.241472 -0.649211 1.145991 0.881475 1.029125 0.165372 0.303247 -1.402158 0.861463 -0.988101 -0.015376 0.034432 1.000000
17 0.357039 -0.013671 -0.328595 -0.716425 -0.560930 -1.245198 -0.795766 -0.280345 -0.708179 -0.651485 0.205525 0.923914 -0.630452 1.217520 0.498224 NA 0.096016 0.678290 -0.673018 -0.318620 2.275576 -0.131509 -0.015794 0.017314 -0.413021 0.105389 0.544637 -1.108229 NA -1.063784 2.162538 -0.234458 0.631951 0.556221 0.019246 -0.612541 NA 0.292859 0.960925 -0.289460 0.569783 -0.094073 -0.665626 -1.144394 -0.891471 2.799855 0.320028 1.504149 -1.843551 0.931496 -1.787335 -0.217871 -0.044834 -0.314116 -1.554243 0.836027 NA 0.415201 -0.389057 -1.447086 -0.463781 0.105808 -0.468140 -0.622423 -1.075798 0.051517 0.630392 0.528914 NA 1.461601 -0.012581 0.902832 0.424448 -1.410665 -0.567464 -0.158140 0.085278 -2.171238 2.550910 0.802862 1.293848 1.000000
18 -0.285111 -1.062854 2.309193 -0.607644 1.516855 0.107709 0.409570 -0.862831 -1.411547 0.947892 0.807586 -0.891636 1.049182 0.375940 -0.191792 -0.520261 0.643534 0.119361 0.813317 1.138310 0.748074 -1.527871 1.497363 -0.378618 1.236915 -1.725933 1.177129 0.981300 NA 0.141362 -0.638231 -1.216605 0.217622 0.019901 1.025088 1.392380 0.383708 -0.403127 -0.477925 -0.951274 -1.039108 -1.183703 -0.030479 0.518578 -0.250667 -1.500190 -0.711409 0.082509 0.446411 -0.159926 0.029861 0.224606 NA -0.331386 -0.012155 1.941624 0.416394 -0.724207 -0.922393 -1.312028 2.333730 -1.159958 0.361384 0.390425 0.812202 0.135747 -1.347905 0.039288 -1.048430 -0.360647 0.087210 -0.881207 0.307310 0.834112 -1.204761 0.248129 -0.332465 1.696108 -1.249305 1.360066 0.385086 1.000000
19 -0.139927 -1.112948 -0.070876 -1.843032 -0.624948 -1.144608 2.978500 -0.277899 -0.880806 -0.969509 0.316858 0.320240 0.376271 0.328730 -1.230138 -1.629557 0.949184 -0.481052 1.821926 -1.546369 -0.405677 -1.252293 -0.553252 NA 0.096855 0.040378 0.021866 -0.183324 -0.125579 0.309121 -0.218882 -0.127179 -1.139454 -0.489274 0.711974 0.613324 2.076358 -1.613201 -0.359438 0.329006 -0.686749 0.740867 1.426386 0.129716 -0.679825 -0.743719 0.344839 -2.270556 0.060867 0.748684 -1.021432 -1.769063 2.074182 -1.122434 -1.912417 0.847105 -1.798065 -1.239932 1.586477 -1.067678 -0.746719 NA 1.148315 -0.590940 0.921259 -2.104327 0.317963 0.057647 -1.558050 -0.964412 1.319409 1.547130 -1.297386 1.493712 NA -1.138683 1.346736 -0.742573 -0.846660 0.854708 8.171930 1.000000
20 1.855976 -1.158304 1.761419 -0.491158 0.145959 0.677648 1.759682 0.495887 NA 0.060376 -0.862581 0.175133 0.738942 -1.034394 -0.096692 -0.969960 0.441583 -0.167944 0.127680 -0.043632 0.144951 2.134946 0.300884 -0.594674 -0.371228 0.150692 0.884540 -0.085719 -0.689309 -0.723175 1.769966 0.358128 -0.238975 -1.224309 -0.246163 0.156051 -0.206864 0.187786 -1.372417 -1.484689 0.935840 0.530949 1.058899 1.226309 -2.400710 -0.657853 -0.727570 -0.483960 0.338574 -0.683282 1.131855 2.169643 -0.918885 3.216867 2.045781 -1.262484 -0.056272 -0.407745 2.209410 0.503325 -0.174757 -0.020348 1.459580 -0.105661 1.651872 -0.163085 0.280122 -0.716986 -0.903697 -0.260551 -0.958139 -0.492550 -0.879510 0.302076 -2.991710 NA -0.110876 -0.306357 -0.384886 -0.708422 15.658752 1.000000
21 NA 0.717699 -0.525110 NA -0.709825 -0.408237 -0.934464 -0.645888 -1.423826 0.519963 0.528827 -0.279367 0.650265 0.888429 0.689440 -0.997940 -0.310201 -1.484700 -0.451483 -1.585918 -0.083866 -0.617973 -0.190331 0.497009 0.255467 0.352221 0.412537 -0.390829 0.151014 1.827239 -0.019451 0.280170 1.094615 0.558265 -1.176073 0.221328 -0.665751 0.189952 -0.758677 0.297964 -1.525052 -0.136908 1.663682 -1.297657 0.250661 -0.258545 0.010494 0.722055 -1.132609 0.318639 -0.749181 0.097939 0.660015 1.427355 0.658143 -0.228193 -0.460784 -1.605171 -1.155197 0.057128 1.833533 2.280741 -1.100929 -0.785264 -0.030041 0.653851 -0.061837 -2.151067 NA 0.556807 0.307753 -1.910524 0.834261 0.707882 -0.229395 -1.755869 0.131337 1.772961 0.176892 NA 1.243350 1.000000
22 1.504523 -1.243934 -0.138872 -0.478278 2.404073 0.675204 -0.084956 NA 0.129837 NA -0.253315 1.196307 -0.956104 1.837420 -1.357250 -3.212266 NA 1.705749 -0.239378 0.223886 -0.074864 -0.554905 0.975743 NA -1.818262 -0.403536 1.338754 -1.331879 0.122085 0.888065 0.404223 -1.002527 1.838601 1.141834 -0.653746 -1.197443 -1.788869 -1.448188 -0.946088 0.546824 0.450470 0.453429 -0.392224 -1.137620 0.808819 0.364056 -0.455927 0.807842 NA 1.352462 -0.220049 -0.183786 -0.121657 0.815540 1.611926 0.769747 2.362163 -0.237693 -1.046431 0.461588 -2.132082 -0.077686 0.566881 0.494029 0.217548 0.668051 0.907755 -0.054457 -0.066164 0.139560 0.240344 -0.243783 -1.023209 -0.205645 -0.422540 0.848242 -1.031629 -1.619895 0.115020 -0.152321 0.317865 1.000000
23 -0.430718 0.099000 1.384009 0.456631 1.449965 0.717648 -0.538919 -1.044340 NA 1.485058 0.137343 -0.215542 0.705508 0.856367 0.748036 -1.172879 1.376015 -0.217792 1.721227 0.069105 0.471177 2.745060 -0.101181 -0.557607 0.994039 0.504215 0.962433 0.797470 NA 0.760563 2.147395 0.525612 0.717836 0.986957 0.439326 -2.343054 -0.832697 NA -0.028706 -0.797993 0.476604 0.698733 1.604936 0.183254 -0.824849 NA -0.751424 1.218066 0.446319 -1.136538 1.733804 NA -0.972718 0.330983 -1.231514 -1.065094 -0.631087 -0.286439 -0.338211 0.767155 -0.609355 -0.244734 -1.840930 0.037815 0.372434 1.344143 -0.219769 NA 0.135222 0.104616 1.647317 0.860843 0.898118 0.473175 1.841617 -0.351757 1.062370 1.197860 NA 2.877300 1.534459 1.000000
24 NA NA -0.257578 0.036070 -1.108247 -0.141211 -0.695720 -0.902968 -1.046066 0.978031 NA 1.036052 0.666880 -0.761050 -0.750935 -0.193582 2.110484 1.216506 -0.630598 -0.729282 -1.083501 0.334479 -0.017879 -0.305364 0.136880 0.287573 -0.389883 0.844343 0.338801 -0.197821 -0.277094 0.884499 0.893033 0.041500 0.119308 -1.077635 1.241537 -1.778617 1.806445 -0.343312 1.622180 -0.161058 -1.452287 2.174127 0.680789 -0.611238 1.651481 NA 0.719789 0.231394 1.945076 0.676308 0.453293 -0.686448 -0.020719 2.321621 2.943681 0.839393 1.698521 -0.440079 NA 0.269905 -0.210890 0.208716 -0.407579 -0.492745 -0.839939 0.370279 1.143754 2.377204 0.053896 1.030888 0.093770 -0.141571 -0.027376 -0.777215 -0.743806 -0.461430 0.781196 -0.455691 12.134993 1.000000
25 1.408267 -0.533270 0.359031 0.787219 0.750472 -1.536006 -0.759779 -0.282442 0.248526 0.051393 2.532054 0.951855 0.762600 0.113430 -0.120789 1.391961 -0.824592 1.166938 0.059552 -1.550512 -0.772357 -1.440803 -1.944175 -0.816867 0.357518 0.094563 NA 0.326616 -0.318116 -0.373682 -1.470997 1.452383 -0.356187 -0.274099 0.510758 -2.503741 -0.530171 0.618196 -0.638132 -0.457186 -0.019243 -1.843752 -0.311544 -0.800927 0.337939 -1.277797 NA -0.895226 1.769224 0.695004 -0.333547 NA -3.635527 -1.136206 -1.017291 0.881904 0.811456 -0.049901 -0.160619 2.332562 0.003658 -0.427995 0.483937 1.461180 -1.415719 -0.267513 -0.016078 -1.533713 -0.938934 -0.632298 1.107413 NA 1.164478 2.764005 -1.316245 0.193558 -1.914767 1.202683 1.000397 0.560036 0.180167 1.000000
26 -0.816969 1.528492 -0.702450 4.001798 0.354694 -1.272604 NA 1.141868 1.467448 0.714954 1.006055 -0.034240 -0.716293 0.596013 -0.430586 -0.150730 -0.315434 -0.677566 -0.096693 -2.360795 -1.467460 1.278585 -0.481353 2.190508 1.484455 -0.883825 1.128853 0.885239 1.634334 -0.202867 0.463142 0.752859 -2.160844 0.615419 -1.462970 -1.561087 0.079308 -0.852898 -1.587271 -0.296032 1.325501 1.011347 -0.587880 -0.144035 -0.828161 -0.103116 1.707533 0.422248 0.440699 NA 0.113591 0.869172 -0.821207 2.139948 -0.436116 -0.791365 1.490359 -0.107205 0.656911 0.674994 -1.054467 0.086092 0.535316 NA 1.111282 0.971211 0.507175 -0.181373 -1.112314 -0.035405 0.291315 1.682211 NA -1.500855 -0.026096 2.048592 1.675621 2.257313 0.659216 -2.387517 0.947650 1.000000
27 0.387352 -1.416276 2.887473 0.014459 -0.014809 1.985502 0.312392 -0.219956 0.090795 -0.948710 -0.943242 -0.423728 -1.184502 -1.572160 0.301851 0.960495 -0.515546 NA 1.157915 -1.518908 -0.667029 0.629061 -0.778959 0.014478 -0.248404 0.104086 -0.115477 1.216269 -0.852532 -0.967383 0.202856 2.070022 1.163032 0.507162 -1.191087 -0.135224 0.345918 -0.100061 -0.992839 -0.468291 -1.933895 -0.233437 1.600049 -0.981577 -0.101164 1.638379 -0.441709 1.710703 -0.471329 -0.207211 -0.222212 0.091867 -2.561890 0.141615 -0.454478 -1.558703 1.062294 0.185857 0.256521 -0.234489 -0.900633 0.694038 0.095616 0.725095 0.233633 -0.550354 -0.401463 -0.820840 -0.836074 0.523986 1.089972 1.770745 -1.185806 1.212496 -0.649147 -0.646147 0.121863 0.110487 0.446389 -1.334499 0.750272 1.000000
28 -0.191085 -0.885962 1.825671 -0.315128 -1.854414 -0.461447 0.978377 2.084051 NA 0.840216 0.267404 0.117860 -1.080519 -1.901436 0.056351 1.520745 0.865349 -1.014808 0.419432 -1.094207 -1.019262 1.478832 -0.026466 -0.630269 0.061722 0.283590 NA -0.005634 0.905868 -1.863239 -0.287977 0.281683 0.434041 -1.568945 -1.001436 -0.863747 3.244246 0.164291 -1.181335 -0.112605 1.138167 0.256627 -0.184712 -2.742668 0.331552 0.107817 NA -3.863470 -0.772004 -0.487930 -0.401718 -0.742416 2.019624 -1.286243 -2.762872 0.379389 2.033652 1.672617 0.122263 -0.469340 0.379837 -0.556591 0.890444 1.615191 1.303989 1.722197 0.137544 0.773507 1.131246 0.165204 -0.801956 -0.497903 0.605869 -0.288319 2.090602 NA -0.870168 0.193898 -1.607693 0.117785 72.393659 1.000000
29 -0.733145 0.267672 -1.375744 1.129984 0.102503 0.832415 1.600092 1.792826 -0.008715 -0.400641 -0.455585 2.147027 NA 0.034557 1.847492 1.407269 0.229879 -0.091869 1.304608 0.414547 -0.573780 -1.547718 2.292948 -0.818007 -0.704625 1.026834 0.673344 -0.929144 -0.403514 1.524983 -0.290201 -0.802902 0.203691 0.663721 NA 0.500291 -1.988793 -1.257206 0.263854 -0.812638 -0.452939 1.960540 0.589323 -0.928869 -0.907782 -0.531957 0.026218 -0.639316 0.903450 2.677208 0.307619 0.532893 0.431010 -1.282444 -1.915563 -0.514890 -0.365046 -1.280461 -0.201773 0.409359 -1.060725 1.106412 -0.025128 -0.589184 -0.898145 NA -0.404808 -1.765893 1.897454 1.585344 0.750490 NA -0.877085 -1.948946 -0.909784 1.670854 -0.189013 0.158133 0.895608 NA 17.478467 1.000000
30 2.093245 -0.807839 0.048702 -0.263674 -0.568858 0.435127 -1.773579 -0.353230 0.824357 NA 0.557258 -0.143176 -0.559478 -0.122138 1.289483 -0.511320 -0.135423 0.191141 -1.205985 -0.233184 -0.472037 -0.022782 -0.766313 -0.173518 0.196795 1.480484 1.233944 -1.912643 0.686616 -2.056777 -0.635717 -0.623059 -0.082289 1.767298 0.568618 0.058515 -0.504834 -0.289006 0.551172 -0.197591 0.269686 1.260748 1.041739 1.718215 1.821401 1.310756 -0.061007 0.682536 0.289943 0.547371 1.415284 -0.204948 0.546467 -1.245047 -1.264132 -0.593421 -0.211517 0.613649 -0.180593 0.067000 -0.775667 2.047182 -0.983836 0.359031 -1.946013 0.374377 -0.782208 -0.978940 0.852335 -0.719727 0.503419 -0.540158 -0.035415 0.563484 0.148416 0.482913 -0.883793 -0.946741 -1.089219 -0.551902 2.430621 1.000000
31 0.846030 0.539018 -0.177507 0.356039 -0.044804 -1.194802 -1.732146 0.040452 -0.221738 -0.766979 0.736738 -1.017758 -0.884615 0.333100 NA 0.475950 -0.400457 -1.606334 0.485398 0.287674 0.805778 -0.293563 -0.064651 1.585866 1.136472 0.513705 -1.775730 -0.360601 1.232139 1.142920 -0.765537 -0.643207 -0.345240 1.065713 -1.618147 -0.257207 -0.335113 1.671030 -0.442794 -0.450518 -1.942707 -1.486210 0.531643 -0.367357 -0.902024 0.838005 0.087586 -1.961919 0.384396 -0.335839 -2.289840 0.110156 0.710037 -0.140835 0.169198 1.205772 NA 0.559678 -0.634999 -0.801683 -0.900337 1.006646 -0.962608 -1.063366 -0.218281 -0.065398 1.001706 1.140012 -0.809133 -1.057401 -0.486757 NA -0.074814 1.677713 1.604794 0.251483 -0.441701 1.027901 -0.319721 -0.170914 0.348390 1.000000
32 0.641412 -0.312671 0.601286 0.551823 1.150901 -1.167689 0.894741 -0.041219 0.023443 -0.170405 0.004699 -2.626228 -0.466633 -0.699912 0.750700 1.405703 -0.503529 0.574855 2.219628 -0.888595 -2.458322 -1.134878 0.632725 1.247186 -0.778995 -1.105600 1.118695 0.710542 -0.700069 -0.040498 -1.151086 1.890626 0.623077 -0.058415 0.073023 0.058339 1.543855 -0.089156 -0.343532 -0.860614 0.822163 -0.801779 -1.263924 0.008457 0.207533 -0.367987 -0.469238 0.092661 -0.757317 -1.604427 -1.733402 -1.166373 0.570857 -0.232547 1.628764 -1.960507 -0.310957 0.893648 -0.416867 -0.969984 0.633259 1.581461 1.238949 0.413690 -0.614023 -0.697525 -0.218399 0.284225 NA 0.550336 -1.697848 -1.070970 -0.214120 -0.685863 1.096561 0.727233 -0.236287 -1.252275 -0.402762 0.971340 0.532180 1.000000
33 0.351869 -0.390570 -0.091780 0.316360 -1.046948 -1.592580 -1.046111 -0.102271 1.149854 -1.471843 NA -0.011463 -0.540952 NA -1.904234 -0.598048 0.896707 0.091749 -0.317548 0.878519 -0.852425 0.793341 -0.900127 0.643650 -0.772577 0.826495 -0.907868 0.494474 -1.512604 0.390355 -0.298769 -1.263511 NA -0.625706 -0.657118 -0.443928 -0.057688 -1.253562 -0.071234 -1.426485 -0.380905 -1.845176 1.480508 -0.138851 -0.413408 -1.412476 -1.572351 -0.179820 1.132827 0.714669 0.595953 1.056772 -0.222912 NA -1.837280 0.099979 0.666558 -0.094675 -0.187399 -0.003215 -1.821342 0.387989 0.331516 0.299559 1.711078 0.704354 -0.090311 -0.001033 -0.168926 0.083251 2.518837 0.654841 1.512758 -0.263794 -0.103120 1.091748 0.995969 -0.021936 0.290646 -0.172572 1.158160 1.000000
34 0.930906 -1.796748 1.689531 -0.787943 -0.053264 -2.291867 0.038082 0.366495 -0.018238 0.048690 0.915537 -1.238953 NA -0.374919 0.419982 -0.695166 -1.663160 0.417385 1.326719 0.031859 -0.116496 0.645342 -0.123282 -0.099186 -0.174925 -0.119945 1.426850 0.948287 -0.737878 -1.395067 -0.022633 0.347193 0.306640 NA -0.442648 -0.234448 0.862067 -0.075459 -1.478945 -1.347574 0.031779 0.993107 -1.830104 -0.547508 -0.295607 -1.453285 1.362438 0.963746 -1.353479 -1.197363 NA 0.260540 0.770549 1.034193 1.705385 -0.412756 0.493071 -0.193667 -0.232625 -2.054705 0.574479 0.616629 0.254621 -0.673235 0.218809 -1.459608 0.084765 -0.560476 1.239826 -0.884763 1.766936 -2.267255 -0.011797 -0.296031 1.542040 1.312392 -0.238953 0.463698 -0.902953 1.717745 4.175702 1.000000
35 -0.885107 -0.997287 -0.038588 1.363245 -0.123003 -1.942132 -0.404001 -1.661205 -0.933546 -0.427688 NA -1.270706 -1.243645 -1.559483 1.892843 0.147590 0.558663 0.266263 -0.341921 0.414443 -0.192073 0.876622 1.955847 -1.016422 0.236338 -0.538152 NA 1.477392 1.448408 -1.671896 0.142071 -0.546826 0.226575 0.002155 -0.556764 0.769172 -1.162123 1.608629 1.140079 0.757218 -1.355103 -0.425644 -0.799826 1.342746 -0.074820 -1.799475 0.964275 0.725860 0.045695 NA -0.013089 0.202252 -0.673480 -0.123448 1.045704 -0.724169 2.037572 -0.963340 0.443528 -0.866588 -0.312171 NA -0.490853 0.985186 -1.209128 0.040598 -0.616048 0.171024 1.225298 1.139720 0.609790 NA 1.072017 -1.053915 -0.496552 -0.392266 0.542757 0.997063 -0.743223 1.209040 0.274123 1.000000
36 -0.154877 0.012837 1.410086 -0.591742 -0.242936 1.176656 0.502387 0.467290 -0.697647 -1.105996 0.798238 0.885673 -0.148460 0.465857 0.753993 0.138807 0.233977 -0.384424 -2.523650 -0.836738 -0.412907 -1.986581 1.050572 0.756714 -0.921819 -1.561034 -0.866993 0.465315 -1.048700 0.150711 NA 0.526297 -1.087731 0.937224 1.076327 0.392692 0.103491 0.311188 0.904552 NA -0.909620 NA -0.525505 NA NA 0.326018 -0.077988 -1.617205 -0.378722 -0.863162 0.780039 0.580487 0.045160 1.278531 0.644113 0.308106 0.995365 -0.817734 0.732771 0.039351 0.779894 NA 0.285094 0.839906 -0.474493 -0.420380 -1.468108 -0.794949 0.025120 0.505619 1.774883 -1.231386 -0.993665 -1.126565 0.838640 -0.249886 0.014506 1.389953 2.314303 -0.398667 3.077212 1.000000
37 0.937990 0.625151 NA -0.274891 0.364023 NA 0.240783 NA -0.467689 -2.029166 0.356049 -0.847915 -0.661842 -0.795627 -0.639282 1.728866 -0.959999 -0.368460 0.381374 0.071689 -1.123399 1.174736 -1.084703 0.158903 -0.677039 1.521755 -0.145083 1.436992 0.810804 1.436743 -0.799415 NA 1.320469 0.673373 0.140108 -0.000406 NA 0.727569 -0.259139 -0.463434 1.319394 0.868648 1.860476 -0.862183 -0.743368 1.495549 0.826349 0.529265 1.771274 -2.535015 0.174357 1.265753 -0.521324 -0.634125 0.257697 0.226565 NA -0.328393 0.211312 0.215663 0.638846 -0.525275 -0.823137 -0.789923 0.494409 -0.412896 0.114102 0.776530 -0.306634 NA -1.840398 -0.889886 1.301978 1.109850 -1.068383 -0.127268 -0.461999 0.277802 -0.711695 -0.737506 0.919749 1.000000
38 -0.401998 2.919528 0.315742 -0.670945 2.415359 -1.396946 1.967135 -0.249111 -0.804439 -1.381960 1.108805 2.039235 -0.316055 -1.008294 0.639821 NA 2.477060 -0.607669 1.496108 1.280513 1.538717 0.868780 2.838731 0.102859 -0.415644 0.968431 -1.093218 -0.283211 2.280624 -1.350950 -2.137346 0.827898 0.086017 -1.155257 -0.359131 -0.005081 -0.500068 0.666824 -0.426866 -0.470094 0.640645 -1.019408 0.002102 -1.655759 -1.029518 1.016609 -0.046047 -0.491456 -0.128168 1.063331 0.318513 -0.371911 -1.680973 0.535566 -0.010558 1.047095 -1.904472 NA -0.002341 0.035237 -0.637021 -0.091945 2.359809 1.013095 -0.418316 0.384863 -1.512580 0.370480 0.450451 -0.461273 1.276302 -1.103945 0.628961 0.854833 0.701382 -1.890787 -1.035506 0.575892 -1.453156 -1.078702 0.095441 1.000000
39 -0.553091 -1.934134 -0.052919 -0.743625 -0.125472 -0.042054 0.354360 0.438573 1.243118 -0.537977 1.303840 0.229282 0.900669 -0.601103 -0.747520 -0.294288 1.019971 -0.640688 0.580242 0.719935 0.813329 1.921834 0.365045 0.553760 -0.055773 0.804183 -0.672448 0.228295 -1.575738 -0.123917 0.321043 -0.131117 0.006617 0.569312 -0.188306 -0.966749 -0.167514 -0.317617 0.866508 0.371752 0.207751 -0.442359 0.532178 0.442684 1.148336 -0.247783 NA -1.204955 -0.784856 1.258556 -2.393419 -1.383565 0.141754 NA 0.135173 -1.465055 -1.306814 -0.125698 -0.116442 -2.305103 0.313613 0.714207 -0.624131 -0.302597 0.089544 0.370950 -1.600068 0.130587 2.891249 -0.674605 0.427415 -0.345074 -0.662183 -0.341618 -0.005540 -0.280229 2.019172 -0.132306 NA 0.166368 55.390063 1.000000
40 -0.091328 -1.106724 0.806412 1.261975 0.090455 NA 0.597265 -1.429642 -0.561062 0.546464 -0.779593 0.778390 -0.634042 -1.092315 -0.088520 0.948191 2.034422 -0.955763 -2.888088 0.662498 -0.573722 0.661732 1.419869 0.536996 2.164978 -1.613585 -0.874666 -0.886077 0.544902 0.551256 -0.593524 NA 2.338902 0.144864 0.463095 -2.421610 -1.537940 NA -0.138081 -0.676094 -0.041360 -0.245506 -1.449918 0.846811 1.049445 1.242605 -0.358981 0.162011 -0.274768 -0.290703 -0.717565 0.413421 -1.338861 1.080460 -0.140389 -1.179951 1.333726 -0.471939 0.110643 -0.193211 0.583579 -1.048584 0.032166 0.198441 -0.177691 1.378277 -1.778243 -0.021918 0.981019 0.571894 0.828239 0.090268 -0.338573 1.241904 NA 0.417520 -0.615172 -1.130664 -0.831028 1.106325 0.551605 1.000000
41 0.768979 0.662179 -1.458400 -1.078911 2.219308 1.204611 1.707825 -1.102264 -0.338260 -0.105274 0.953662 0.621805 -0.770316 2.521900 1.729540 -0.764554 -0.623933 -0.373996 1.258438 -0.836330 1.519526 0.508108 NA 1.223123 1.383681 1.227409 1.106689 -0.232412 0.653834 -0.077362 -0.830710 -0.287889 1.405145 1.753024 0.415598 -0.592708 0.108895 1.220569 -0.418986 0.652680 NA 0.025249 0.336990 2.228817 0.264656 0.810204 -0.288316 -0.399531 NA -0.513913 0.652528 1.052484 0.121373 0.184719 -0.017307 0.462351 0.529483 -0.263689 -0.222866 -0.867863 -1.093272 -1.345483 -0.586481 -0.059866 NA 0.898567 NA 0.133991 0.261550 1.039287 0.113144 -0.180519 -0.084609 -0.005104 NA -0.080721 -0.447339 1.881651 -0.963779 -1.155550 1.631428 1.000000
42 -0.255815 3.033758 0.061485 0.188149 -0.037514 -0.986091 1.281479 0.563117 0.891467 -2.394772 -0.190776 0.425677 0.347200 -0.533629 0.249616 -0.493057 -1.211899 1.577200 0.405383 0.890049 0.458136 0.442944 0.601707 -1.153704 0.716621 0.318299 0.496862 NA 0.215074 -1.193108 -0.377158 -0.240102 NA 0.937648 0.085123 0.389936 -0.928936 -1.482995 NA -1.717215 -0.742083 -1.242920 -0.085147 2.412354 -0.246069 0.393232 0.634163 0.313791 1.155504 -0.266231 -1.153053 0.771853 -0.426517 -0.690778 0.871703 -0.553238 0.053150 0.212533 1.824778 -1.894864 0.681969 0.059378 -1.318361 0.625829 -1.742286 1.160717 -2.215824 1.477912 0.092497 NA -1.013484 -0.660093 -1.254622 -2.009953 0.318035 0.484871 -1.247950 1.450806 -1.455022 -2.165425 0.686819 1.000000
43 0.468916 0.500745 0.023927 -1.459172 0.908288 0.800565 -1.098153 -0.689594 0.588792 1.111979 1.723463 -0.759353 0.277294 NA 2.042972 1.248108 0.708403 -0.773103 -0.679991 0.333831 -1.236009 0.736619 -0.191362 -0.665404 0.618773 1.065591 0.975052 -0.007864 NA 1.794257 -0.719220 0.499662 -0.125674 0.695826 0.487725 -0.837321 1.247976 -1.337065 -0.766769 0.655546 0.205477 0.980885 0.837328 -0.479966 0.368841 -1.265142 -0.135667 -1.190752 1.098423 0.719037 -0.036779 -0.183589 -0.158272 0.634640 -0.893200 -1.839479 NA -0.094557 -0.822545 -0.891709 -0.031651 NA -2.442622 0.402766 -0.575318 0.199914 0.252974 0.501883 0.808627 -1.520368 -1.092835 0.265413 -0.570437 -1.979421 0.714147 -1.015606 0.528888 0.822044 -0.817922 0.153129 4.536786 1.000000
44 0.028458 -0.246028 -0.388421 -1.088793 1.252160 NA -0.329930 1.290923 0.068640 0.822007 -0.448597 0.765753 -1.200983 -0.051476 -1.122093 3.111687 0.736347 -1.305288 -0.365107 NA -1.482594 2.017518 0.491280 -0.029331 -0.928532 1.563197 NA 0.720962 0.006007 0.784422 -1.175429 0.475384 0.348871 -0.984184 -0.088073 -0.204973 -0.077143 -1.971663 0.894331 -0.153506 NA 1.156891 1.453024 -2.125454 1.529911 NA 0.483208 -0.486435 0.317945 -0.174637 0.798537 0.087972 -0.753824 -0.363431 0.013687 1.997019 -0.831830 -1.433681 0.185872 -0.490873 -0.131429 0.790291 1.435846 -0.779962 0.161749 -0.420229 -0.493858 2.528886 0.949350 -2.362003 -0.211029 -0.840480 0.300569 0.617374 0.232364 -1.268510 0.196515 NA -2.144203 0.313713 0.250665 1.000000
45 0.497161 0.898262 0.123461 -2.667580 -0.498209 0.353245 -0.020528 1.303511 -1.640506 -1.126112 -0.182156 0.513370 0.009675 0.888320 0.566045 -1.106304 1.040866 -1.411341 -0.966324 -0.161547 -0.204946 -0.711242 -0.778078 -0.552751 -0.047662 0.642488 -0.198316 NA -1.403940 0.419940 1.010169 0.546440 0.534552 -0.482041 -0.141514 1.146614 0.012187 0.509740 -0.463575 -0.292701 -1.181703 1.574540 -1.972838 0.378259 NA -2.499348 0.663216 -1.001278 1.929727 0.553181 1.715496 -0.620260 -0.241898 0.087820 -0.040530 -0.629355 -0.321224 0.309540 0.598569 0.779605 -0.856540 0.541843 -0.971403 0.114096 1.049670 -0.203223 -0.378838 0.689810 0.683110 -0.072529 1.383933 -0.165784 0.370203 1.514445 -0.515819 -0.200023 NA -1.022819 -1.703107 1.005332 1.269847 1.000000
46 0.868639 0.247052 -0.486126 0.244755 1.459194 0.571109 -0.581023 0.344139 -0.066035 1.476727 0.584505 0.424658 -0.595435 -0.883279 0.920125 0.926330 1.590824 -0.618645 1.399709 0.387719 -1.420205 -1.651641 -0.329576 NA 1.397049 -0.528570 0.695821 0.281984 -0.015525 -1.120957 -0.089022 -0.085528 0.016309 0.483985 0.723981 0.580579 0.184773 0.100224 -1.002804 -0.171857 1.262028 -0.251416 0.385059 NA -1.185961 -0.819621 0.786466 0.439942 1.133532 -0.403978 0.190080 -0.948903 -2.181098 -0.749588 1.895433 -1.117191 -0.755267 0.071416 1.586912 0.064404 -0.720268 -0.937844 -0.375603 1.340991 1.198189 0.088692 0.337018 1.427535 0.838221 -0.802010 -1.565682 1.700856 0.201269 0.914596 -0.288915 -0.383110 -2.853772 -0.758754 0.413572 1.755220 1.395264 1.000000
47 0.512257 0.279162 0.062274 1.285002 -1.958814 -1.491994 0.892322 0.816140 -1.196329 -0.025413 -0.982788 -1.688405 1.299481 1.829579 0.779984 0.439055 0.819841 -0.221478 -0.565219 -0.098951 0.740756 0.123713 -0.866492 1.248160 0.726578 1.128373 -1.535356 -0.511034 0.814381 -0.405451 0.245866 -0.859754 -1.504047 0.492530 0.895957 1.154093 1.270466 -0.052936 -0.964617 1.393462 -0.222863 0.859007 1.390698 -0.014398 0.212776 1.411746 0.884287 1.968392 -0.405270 -1.341346 -0.993681 -1.696903 -0.614380 2.083357 0.914298 0.609625 -0.061723 -0.610211 0.115553 -0.978330 -1.173699 -0.285268 0.670422 0.723353 -0.091762 -1.533969 0.059959 NA -1.590285 0.704549 1.929388 0.261543 -0.025821 -0.790987 -0.914781 -0.534976 -0.254988 0.160546 -0.241012 -0.563361 2.883981 1.000000
48 -1.813206 0.035044 -0.020381 -0.521167 1.585768 1.549740 -0.023949 1.588965 0.055049 0.262353 0.397440 0.105509 0.406644 -0.862847 -1.519587 0.304328 -0.365081 0.252547 -0.271172 0.004735 0.153747 0.174185 -1.111222 -0.874182 0.816228 -0.568469 -1.489506 0.154153 -1.035514 0.561772 -0.495515 -0.810442 -1.612994 -0.084664 0.339109 -1.308520 -0.305103 -0.799939 2.227509 -0.130647 1.069648 -1.015729 1.070544 -0.055641 0.325607 -1.140567 -0.803992 0.079256 -0.689275 -1.247526 0.195569 0.199840 -0.367870 -0.884416 -0.415077 -0.517623 1.178037 NA 0.379392 0.233123 -1.115321 -0.242782 0.020055 0.190170 -0.139677 -0.687563 -0.458622 -0.703363 -0.110826 0.027897 -1.348993 -0.246225 0.596191 -0.331418 0.346187 -0.292280 1.968735 -2.450344 NA -0.389629 0.100429 1.000000
49 0.971088 -1.011835 -0.727465 0.929590 0.202446 0.163728 0.467438 -0.456036 1.363774 NA -0.168758 0.345242 1.202851 -0.895017 -0.402660 1.569055 -1.163100 -0.275988 1.666529 -0.337210 0.658843 -1.105286 NA 0.525145 0.544961 1.897087 1.164302 -0.217243 -1.294892 0.409170 0.092503 0.174251 1.258529 -0.000718 0.132923 -1.811123 0.674482 -0.123088 0.349047 0.405365 -0.936031 -0.205939 -0.274397 0.008828 0.429424 0.510221 0.374176 -0.137801 -0.372972 -0.841671 0.092080 -0.015260 -0.568432 0.260630 -0.113209 1.277942 NA 1.014062 -1.591560 -1.128010 1.489385 0.338881 1.182266 1.448324 NA 1.226331 0.146180 -0.280922 0.270753 0.384118 0.300503 -0.543239 1.391786 0.841912 -0.526451 -0.241037 1.243371 0.480142 2.041692 0.806147 3.610934 1.000000
50 -0.275950 0.653464 0.395647 -0.451306 0.346197 -2.555439 0.868094 -0.680183 -0.176436 1.359457 -2.024095 0.251000 -0.369132 -0.903509 -1.403434 0.230494 -0.048743 0.570494 1.255091 0.288542 1.605756 -0.474071 -0.083151 0.444254 3.564488 -1.068767 -1.457127 -2.083976 -0.713451 -0.153033 1.345382 -2.092812 -0.296721 -1.267241 2.128921 0.087234 1.561708 -1.386225 -1.237787 -1.364453 -1.306298 -1.127995 -1.231004 -1.482829 -1.278693 -0.465568 -0.235424 -0.660997 1.018743 0.848247 -0.189135 -0.220548 -0.674902 NA 1.236042 -0.905000 -0.358032 0.286691 0.319044 -0.828925 -0.226838 -1.289147 -0.875129 -0.348950 0.935921 NA -0.785545 -0.530486 -0.108676 0.120611 1.857479 0.144771 -0.477831 NA 0.737069 -1.479969 -0.289914 0.253729 -1.070298 -0.156755 1.431817 1.000000
51 0.237831 -1.303915 NA 0.488030 0.554794 0.430249 -1.304315 0.917561 -1.022126 -0.053333 0.335588 0.168868 -0.427143 0.141507 0.471507 0.000043 NA -0.017727 -0.450605 1.945655 -1.432578 0.748333 0.247560 1.309421 -0.948057 0.947634 -0.919091 -0.415451 0.354516 0.879526 -0.105618 0.119854 -0.494002 0.108282 0.249946 -0.412493 -0.083696 -0.945322 -0.453293 -0.941738 0.766694 0.931018 -0.651942 -1.448267 1.169807 -1.302721 0.230941 -2.162380 0.315754 0.658582 -0.940490 0.664942 -2.199024 1.109346 -1.554336 0.560827 -0.450801 -0.369159 -0.596528 -0.513784 0.067916 -0.870841 -0.219573 0.527657 -0.869283 -1.353476 -0.852964 1.081425 1.232324 -0.281672 0.180398 -0.926736 1.262329 0.355903 0.077369 -0.386595 1.113248 -0.755897 -0.553689 2.343248 0.156595 1.000000
52 -0.909854 0.406184 -1.699350 -0.273802 -1.311903 0.869327 -0.390377 1.550859 1.773826 1.030846 NA 0.050399 1.936919 0.357623 -0.486800 0.207952 -1.059654 -0.412435 -1.155960 0.469612 -1.016416 0.578019 -0.665393 -1.756931 1.620858 1.834738 -0.796058 -0.877802 1.356400 -0.524508 0.963358 -2.112767 -0.861274 0.817111 0.410428 -1.689224 0.736416 0.558671 -1.572697 0.836478 0.404719 0.393442 2.061560 -0.339617 -0.963140 -1.150145 -1.147312 -1.060737 -0.480534 -0.688740 0.894981 1.407083 0.543671 0.737627 -0.063655 -1.173509 -0.717606 -0.534771 0.373882 0.060570 NA NA -0.772512 -0.286670 -1.254925 -0.675903 0.408089 0.530821 1.498326 NA NA 1.472030 0.335240 -2.155352 -1.720287 -0.786973 -0.522124 -1.620918 0.258531 -0.254427 220.288070 1.000000
53 0.430942 -2.017048 -0.780052 0.918629 0.933270 -0.278995 0.589432 2.082380 NA 0.301338 -0.555035 -0.330135 -0.165813 0.858934 0.570206 -1.879807 1.005391 1.635971 0.571982 0.042631 1.282775 0.387289 2.444218 -0.268221 0.118194 -0.397621 NA -0.763295 0.658486 -0.115203 -0.264796 0.056090 0.466090 1.745057 1.122359 -0.781777 2.106793 0.672580 0.040206 0.711653 1.154894 -0.110588 -0.066359 0.871857 0.388250 -0.846296 0.480857 1.714493 0.107337 -0.880581 -0.946288 -1.608586 -1.104543 0.269372 -2.420282 0.663289 -1.584106 -0.254789 0.119630 -0.745481 -1.266833 0.857109 1.015207 -1.689179 0.146328 -0.490208 0.601823 -1.025886 -0.010248 -0.692861 0.443422 -1.082893 -1.839726 -0.055988 1.224092 1.237361 0.445139 0.288997 -0.382670 -0.322871 12.598452 1.000000
54 -0.039345 1.457292 1.063269 0.704261 -0.742228 -0.308270 -0.802157 -1.062244 -0.715773 -0.146134 -1.776803 -0.464874 -0.030816 -0.745142 2.141367 -1.682637 1.210284 -0.377815 -1.732407 0.597896 -1.425129 -1.301503 0.114773 -0.716706 0.098085 -1.536125 -0.473130 0.087695 1.193979 1.154011 -1.300125 -0.386407 -1.158357 0.202114 1.175069 -1.091684 1.226230 -1.119059 NA 0.339669 NA NA -1.049766 -0.327057 -0.722935 1.297264 -0.867585 -0.550882 -0.252450 1.329564 -2.463547 NA NA 1.682670 -1.164761 -0.497405 -0.954159 -0.464959 0.417278 -0.423397 0.535521 0.162329 -0.459993 0.737423 -0.163441 -0.994718 0.748229 0.623220 0.895902 -0.521698 -0.500672 0.061381 0.202691 0.283762 -0.867430 -0.161376 -1.037885 0.905323 0.213560 0.426795 0.715770 1.000000
55 0.562490 NA -0.582575 0.398605 0.144980 -1.655059 -1.533795 -1.041707 -0.946694 0.563958 0.027421 -0.075245 0.353353 -1.254821 1.716567 0.227150 NA 0.159539 0.423317 -0.380554 -0.611841 0.589974 -0.791525 -1.264522 0.729502 -1.119894 -1.867774 0.292826 -1.391733 0.148943 0.753929 1.431268 0.673374 -0.922311 -0.403005 0.213916 1.792407 -1.485574 0.006030 0.950927 0.101119 0.368057 -0.132596 0.513056 0.624130 0.480503 -0.847447 -0.404404 1.217138 0.811352 NA -3.177412 1.214245 1.416722 0.893401 -0.446458 NA 0.191398 0.255953 -1.803551 0.252282 0.849703 1.690411 -1.246407 -0.516230 2.641439 -1.379449 0.419553 -0.731893 -1.812430 1.162257 0.649641 1.105106 0.061277 -0.692253 -0.420336 -0.620477 0.386908 1.122814 0.368974 0.247338 1.000000
56 -0.120764 -0.981471 0.794247 -0.313690 -0.751444 0.355906 0.103955 -1.615347 -1.642820 -1.304524 -0.327175 0.268040 0.956194 -0.528929 -0.665565 0.074095 0.112976 2.070140 -0.599555 -1.716712 0.182318 -0.306495 0.451013 0.343429 0.014367 -0.533391 -0.170356 0.912633 0.000686 -0.819462 0.379118 -0.730713 -1.299662 0.650170 -0.696782 NA 1.185831 -1.603323 1.036125 -0.503700 0.499190 1.212342 -1.413808 -0.604881 -1.002645 0.310136 NA 0.273482 0.284411 -0.128124 0.199306 -0.796986 NA -0.554481 -1.328583 -2.444262 0.586385 -0.059019 -0.902251 -0.924406 -0.414820 -0.308966 0.297908 0.928982 2.713768 0.289501 0.484040 1.464162 0.105664 -1.213971 1.059032 2.453260 -0.594716 -0.795520 -2.160764 -0.942022 -1.819872 NA -0.147120 0.335279 1.046590 1.000000
57 -0.633447 -0.003315 0.086723 0.994623 0.979670 -0.606930 0.089157 -0.610158 1.364472 0.767085 -0.150805 -1.033825 NA -2.068015 -0.353401 NA 0.773637 -0.743402 1.976213 0.150966 -0.097669 -0.304992 -0.088422 0.097903 NA 0.439054 -1.573912 1.074990 2.226311 0.761436 -1.561302 0.270375 0.330172 -0.993146 -0.933841 0.514487 0.066960 -0.048958 2.402198 0.037122 2.230209 0.340309 0.865537 0.451609 1.681984 0.089041 0.039720 -0.386146 0.016516 -0.501309 -1.054571 -0.374942 0.220223 -0.743204 -0.605523 -0.544953 -1.047185 1.399143 0.768472 -0.408539 0.487860 1.292918 1.398326 -0.199573 -1.527754 -0.015240 1.027410 -0.294648 -0.424512 0.785013 0.061758 0.221097 -0.285925 NA 0.482542 0.108610 0.073648 -0.835165 1.186430 -0.476657 2.026471 1.000000
58 -0.767325 -0.024985 -1.909961 -1.001767 1.785206 -0.368081 -1.890977 0.430771 -0.210231 -1.932229 0.415380 -0.041680 0.730527 NA -0.220301 NA 0.637241 1.448291 -0.339105 -0.582136 NA 1.659342 -0.807800 -0.268408 -0.041580 0.133921 1.174418 1.420399 -1.056489 0.045381 -0.359793 -1.571426 0.525662 -2.750272 0.837649 -2.025550 0.624253 2.072471 -0.941047 -0.161180 -0.256329 0.280868 -0.443166 1.553461 0.859402 0.091111 0.325500 0.321226 2.611198 NA 0.043765 -0.467584 -1.646313 0.582395 1.327326 -0.463245 1.655633 0.755744 0.025371 -0.602085 0.203684 0.529051 3.272243 0.826148 0.031223 -0.430780 -0.261473 1.398925 -0.340830 0.321844 0.236375 -0.168931 0.844464 0.437049 0.031131 -0.036599 -1.292629 -0.423637 -1.027029 -1.774164 0.744131 1.000000
59 0.006252 -0.818975 0.094026 -0.084993 1.813353 -2.465922 0.836977 1.637859 NA -1.861802 -0.368810 0.549051 -0.511560 1.172023 1.850104 0.216878 1.000138 1.069539 -1.138426 -1.726500 1.451240 -0.560031 -0.088970 -2.685801 0.085842 -0.588921 -0.787094 0.188128 NA -0.932723 1.687490 0.921692 -0.567411 -1.121449 NA -0.463513 0.709625 -0.284523 1.286125 NA 0.133675 -1.770782 -1.544672 -0.905567 -1.314226 -1.011278 -0.295997 0.940262 -0.386938 -0.161634 -0.259151 -0.969409 1.109231 1.378670 1.355367 -1.002974 -1.193518 NA -0.955021 0.279118 1.552054 -0.525576 -0.344511 1.960729 0.548903 -0.358405 0.996084 -0.906075 -0.343818 -1.269654 0.736670 -2.402549 -0.496481 -0.953464 0.542721 1.141492 -0.539521 NA 2.257315 0.503833 2.262978 1.000000
60 -0.113651 1.575421 -0.293943 0.440357 0.712520 1.673177 -0.041698 0.120281 -0.245257 -0.581270 -1.075083 0.865568 0.924431 -1.295911 0.534370 0.134646 -0.591640 0.086439 0.494765 -0.812136 0.932952 -0.489273 1.599632 0.999046 -1.679799 0.336499 -0.174063 0.203499 1.393379 0.570949 -0.579940 0.229983 0.559698 -0.947574 0.447889 -0.165950 0.334070 -0.485284 0.123916 0.248522 -1.800333 0.344706 0.303271 -1.252459 -0.484328 -0.763333 1.463859 1.364065 0.222342 -0.029789 0.171276 -0.506143 -0.148586 0.618228 1.504273 -0.800127 -0.199234 -0.334563 -0.505862 -1.062631 -2.238970 NA 1.054341 0.270054 -0.223460 0.481022 -1.303416 -1.008330 0.655606 1.823512 1.194494 0.736597 -1.864631 0.319298 1.914823 0.160665 -1.139973 -1.700977 0.931797 NA 2.403926 1.000000
61 2.967768 -0.174790 -1.282873 -0.238476 0.517556 0.065585 -0.122365 -0.393164 0.688090 -2.234927 0.509835 1.414935 -0.099153 0.741721 -0.172541 0.043825 NA 1.332220 -0.923257 -0.558426 -1.560146 NA 1.036327 NA 0.110593 -0.475849 -0.258949 0.468361 0.206604 0.418837 1.643291 -1.615749 0.577819 -0.295374 -0.534785 0.775317 0.317208 0.836486 -0.538186 -2.129934 -0.297953 -0.403817 -1.568603 -0.134401 0.310294 -0.548785 1.213901 -0.885737 0.592076 -0.538636 -2.270727 -0.301114 -0.741059 0.825947 -0.180904 -1.611916 1.164771 -1.645703 1.938254 0.250583 -0.172762 0.316493 1.491993 0.411631 -1.733803 0.747416 0.214204 -0.079338 -0.863619 -0.909614 -0.575130 -1.194667 0.657969 0.562353 -0.588815 -0.424045 -0.662588 0.868191 0.766987 0.098796 0.136115 1.000000
62 0.152526 -0.638830 -1.622234 -0.345380 -0.025622 1.614890 0.042234 1.335433 0.515256 0.878838 -0.792071 0.438921 -0.508016 2.085542 NA 1.166843 -0.709521 1.327021 NA 0.492884 0.379434 -1.175970 -1.418922 NA -0.150999 -1.157732 -0.010282 0.522450 -0.588286 0.483652 -0.181609 0.263049 0.506610 0.489901 0.015133 NA 1.101726 0.783468 -0.842250 NA -1.612483 -0.900794 0.225478 0.166136 -0.266337 0.795735 -0.654430 -1.726574 0.054670 0.223907 0.654295 0.033685 0.882207 1.231013 -1.336677 0.079381 0.258548 1.661702 2.655748 0.683417 0.132241 -0.692445 -0.189350 1.455667 NA -0.644873 0.219564 -0.525540 -0.175152 -1.252787 -1.489712 1.448135 1.242888 -0.228373 -1.742329 0.637145 -0.400653 0.483968 -0.096191 -0.264504 0.540788 1.000000
63 0.244701 1.094894 1.174204 -0.556077 -0.953444 0.157411 1.323105 0.229754 0.447183 -0.780122 0.387353 0.039075 -0.313203 NA -0.989716 -1.496535 0.904618 -0.619111 -0.521546 0.636411 -0.604937 -0.077665 -0.644126 -0.710495 0.128038 0.160268 1.169048 0.932744 0.174645 1.122421 0.273709 1.006399 -0.254236 -1.307911 1.742639 0.516929 0.065779 -0.790839 -1.028333 0.901466 0.174577 -0.651302 -0.219626 0.523031 1.091595 -0.302820 -0.980536 2.273640 -0.271692 -0.207129 0.447535 -1.799904 -1.276312 -1.255818 0.479925 1.004103 0.149177 NA -0.790638 -0.193046 -1.340689 -0.812235 0.015398 0.946519 0.988268 -1.077893 1.846706 1.459690 -0.605775 -2.079336 0.256113 -0.210632 NA 0.018753 0.200576 -0.551444 0.062593 1.451118 -0.213961 0.821876 6.994456 1.000000
64 0.888788 -0.340434 -0.362430 0.100423 -0.728781 1.411876 0.030046 0.120761 1.001991 -0.028555 0.556434 -0.707712 0.091279 NA -1.386232 0.483177 -0.582569 -0.460638 0.477958 -0.359925 -0.460902 -1.460735 0.821181 -0.076394 1.024018 -0.121157 -0.650022 0.349709 -0.049675 -2.808472 -0.700475 0.065095 -1.054971 0.903489 -0.456048 -0.116830 -0.431514 0.059585 -1.288766 -0.676557 0.656811 -0.494183 -1.526837 0.132232 -2.398966 2.873558 1.471871 -1.746185 -0.427687 -1.156504 -0.647089 NA 0.109998 -0.671138 -0.846524 -0.444949 -0.924400 -0.486748 -1.301367 0.784838 0.490125 0.735941 0.513365 0.034253 -0.359621 0.087328 -0.677923 0.383545 -0.836992 -0.026430 -0.124716 -0.352385 2.025085 1.609933 -0.928371 -0.674483 0.904079 -1.366083 -0.674982 -0.360399 35.065859 1.000000
65 -0.530598 0.602019 0.011684 0.714683 NA 0.466192 1.429301 -0.246658 NA 2.942406 -0.069127 -0.762859 NA 0.711018 -0.005897 0.854662 0.047466 0.685503 NA 1.205482 -0.020473 NA 0.486266 1.466142 1.473427 -0.138671 0.503830 -1.399728 -0.799831 3.904187 -0.960699 0.237349 -0.392049 -1.183663 -0.390157 0.050167 -0.817319 0.177724 0.155445 0.332525 NA -1.575221 -1.141245 -0.393832 -0.521584 -1.018972 -0.565304 0.189482 -0.227405 -0.108727 -0.617243 -0.847992 -0.196730 -0.346707 1.152601 0.411312 NA 1.094189 -0.243946 -1.073156 NA 1.169934 1.438542 0.629323 0.893539 -1.031355 -0.516348 -0.595602 -0.034667 0.260377 -0.125925 -0.827430 -1.057748 0.807614 0.589957 1.133761 -1.042845 NA -0.465454 0.963708 1.813848 1.000000
66 0.276828 -0.494632 -1.152197 -0.343735 -0.071613 -0.360552 -0.914868 1.409374 -0.394097 -0.823290 -0.108019 1.061715 -0.047256 0.228563 0.460327 -0.441484 NA NA 1.145480 0.756537 1.385685 -0.966618 2.520027 -1.454509 -0.785674 -0.793271 -1.802419 -0.553301 -0.532052 0.557008 NA 0.599474 0.158748 NA 0.942506 -2.024536 1.046708 NA 1.130483 NA 0.523888 -0.361094 -0.082002 -0.262192 -1.506537 0.790498 1.336642 0.423868 -0.902886 -0.291274 0.490827 -0.175527 0.813624 -0.764569 -0.923611 0.095355 -0.514558 -0.472140 -0.341559 -1.872105 0.475265 -0.959095 0.126159 -0.008393 1.649039 0.491438 -0.004129 -0.497033 0.546119 -0.425810 -0.622512 NA -0.983790 -0.166989 1.034146 -1.693900 0.230819 -0.751567 -0.969079 -0.004842 8.016466 1.000000
67 0.625356 0.664786 -2.416285 -0.365486 1.536268 -1.109658 -3.021057 0.397570 0.352234 -2.203151 NA -0.340296 -0.566517 0.741299 1.655139 0.055897 -0.335959 -1.947691 0.726854 NA -3.074629 0.904822 -0.700207 NA 0.091576 -0.271889 -0.023813 0.349802 -0.830041 -0.155052 1.234142 -0.748299 0.200146 0.854476 -1.972003 -1.721145 1.457525 -0.547140 0.461063 1.150562 -1.248712 0.108423 -1.213472 0.315402 -1.088607 0.048574 -2.386748 -0.611289 -1.296240 -0.821324 -0.900638 -0.664974 -0.003409 2.096375 0.950290 -0.240325 1.314697 -1.198610 NA -0.632547 -1.084496 -1.648985 -2.231667 -0.443140 -1.821198 1.211559 0.438436 1.560263 0.653400 -1.753500 0.260671 -0.315400 1.417700 -0.234432 0.375879 -0.680624 -0.741617 0.557880 0.227077 1.716081 0.032510 1.000000
68 0.457947 -0.546347 0.959763 -0.150547 0.880539 0.111194 0.396642 0.090440 NA -0.513661 -0.920105 0.088799 -0.041145 0.407130 -0.072233 -0.678758 -0.405998 -1.211211 0.413559 -1.427256 0.213240 -0.748312 1.710967 1.716573 0.484056 -1.733172 -0.384651 1.200224 0.445849 -0.403260 -0.477111 -0.374172 -0.306360 -0.628019 0.440963 -0.255187 0.425701 -1.223114 -0.621708 -0.750331 -0.401546 1.588317 1.290920 -0.239612 -1.574372 1.251842 1.489392 0.486611 NA 1.210255 0.867626 -0.094464 0.495875 -0.428306 0.610752 1.037443 -0.154704 -0.106209 0.361714 -0.863351 1.620966 0.045573 1.438571 NA 0.572250 -0.245821 -1.272492 -0.947802 -1.415598 1.656800 NA 1.183148 -2.451832 0.580112 -0.040542 -0.863134 1.144310 1.794259 1.682228 0.430545 0.228019 1.000000
69 -0.589464 -1.237174 NA -0.939854 0.276428 -0.392171 1.028654 0.618635 NA 1.056611 -0.064421 0.186174 1.734170 1.107696 0.513053 0.100690 0.013992 0.290865 -0.849205 -0.843661 0.636985 -0.909996 -0.184830 -0.864305 -0.148907 -0.209326 0.755856 0.268059 1.054870 -0.286145 2.624018 1.466049 NA 1.587251 -1.156191 NA -1.563314 0.827202 0.052738 0.034888 -1.044097 -0.762164 -1.775927 0.437839 0.687360 0.478773 -0.998793 -0.518502 0.678933 -0.511385 -0.538321 -0.457479 0.284361 1.141135 -0.828993 1.934670 -1.356821 0.911622 0.194120 -1.387606 -0.669509 0.097623 0.965211 NA 0.775228 -1.144990 -0.915876 -0.481802 -0.948640 0.559650 0.378898 1.140584 1.414816 0.465462 NA 0.935837 0.918552 -1.935114 -0.252368 -1.385474 26.919197 1.000000
70 0.983702 -1.024229 1.130022 1.149480 0.926008 0.200942 1.442937 -1.003965 -1.655938 1.116859 -0.152497 1.461372 NA -0.054277 -0.338059 -1.579829 0.192866 0.788929 -0.551529 0.838996 0.208670 -0.159874 0.628617 NA 1.866303 -1.247443 -0.811223 -1.188012 -1.701442 1.007672 -1.126663 -0.873881 0.281723 -0.082020 -0.294696 -1.180803 -0.672328 -0.057130 0.937426 2.014257 -1.120458 0.149781 2.244184 -0.325201 -1.412692 -0.644724 NA 0.834335 -0.643934 2.321168 1.435639 0.835338 0.936984 -0.860275 1.008161 1.229493 0.741530 1.728456 -0.429364 0.195027 0.401883 -0.858835 -0.222359 -0.399662 -0.670797 0.235183 0.260747 0.743323 -1.372649 0.725469 -0.663529 0.174155 -0.108750 1.926613 0.040839 -0.078399 -0.231719 0.322654 -0.923492 -0.090276 0.072034 1.000000
71 0.784204 -0.708910 -0.089998 0.312127 -0.178525 0.835929 NA 0.575612 0.283746 1.008282 -1.115215 -0.881918 -0.370561 0.593925 -0.167493 1.906475 -2.191897 0.888387 -0.307357 0.610433 -1.507237 1.798233 -0.628463 0.750062 0.395662 -1.225211 -0.357629 -3.062076 1.029101 -1.174221 -0.040118 NA -1.007138 0.006225 -1.376439 0.088595 0.780103 0.049358 1.964656 -0.686283 0.024489 -2.155396 0.155394 -0.007125 -1.451533 0.075056 -0.146105 -1.662267 0.955287 -0.213608 -2.140249 NA 0.460308 0.350122 -1.673871 0.942044 0.989188 1.634769 0.228360 1.113660 -1.357750 -0.666177 -1.316766 1.208279 -1.355730 -2.518653 -0.490877 NA 0.851771 -1.110788 -0.568222 -0.609980 -0.464152 0.341972 -0.291012 -0.459839 0.470687 -0.700735 0.695978 -0.815925 5.825467 1.000000
72 0.265190 2.065636 1.171800 1.519957 -0.402063 -0.965564 0.590694 -0.136683 0.575332 0.395849 1.453378 -0.582188 0.269778 0.507752 0.322676 -1.345438 -0.912623 -1.029955 NA 1.141256 -0.182821 1.167752 -0.357221 -0.479203 0.118036 -0.652287 NA 0.183064 0.726626 -0.174214 0.452633 -0.847093 0.475873 -0.691245 1.150065 -0.935593 1.346702 -0.244783 1.013803 1.538916 1.071271 -0.502533 -0.266278 0.381048 0.147672 1.128373 -0.215148 -0.247804 0.797085 0.577204 -0.101906 0.972374 -1.147272 -0.883509 0.585875 -0.009852 NA 0.048579 0.526747 -0.045713 -0.881417 -1.089141 0.884705 0.499879 0.514507 -0.598722 -0.221046 -0.098790 0.035633 -0.209710 -0.237044 NA 1.553969 NA 0.384782 -1.624481 0.147095 -2.417182 -1.365063 -0.149531 0.536794 1.000000
73 0.134590 2.260846 0.693694 -0.130707 -0.371500 2.011420 2.034171 1.126074 -0.972661 0.011734 -0.365572 0.128821 1.844841 -0.097587 -1.402700 -0.359104 0.299358 -1.010088 0.993578 0.011343 -1.914303 1.466576 NA 0.391339 -0.897107 -1.467736 -2.797008 -0.194817 -0.662055 1.266960 0.597194 0.107267 0.496527 -2.398754 -0.540383 1.190299 1.278170 1.239439 0.467361 0.033438 1.955680 0.523958 -1.304964 NA 0.627527 -0.327272 0.234115 NA -0.473959 -0.717660 1.963884 -1.310907 -0.085185 0.730198 -1.748158 -1.442763 -0.606803 -0.279981 -1.162974 1.813173 -1.568450 -0.024110 0.705157 0.599715 0.968871 0.423477 0.077116 -1.144132 0.101720 0.552295 1.382849 1.256984 0.532152 2.849392 0.895950 -0.866093 -0.058601 -0.610908 -1.143730 -1.159262 16.505037 1.000000
74 -1.615830 -0.280377 0.907508 0.543995 0.333443 -1.170584 -0.873398 -1.069817 0.703846 NA 0.260715 -1.934697 -0.551552 -0.136552 -1.894505 -0.099296 -0.390254 0.251823 -1.472153 -0.132047 -0.262018 0.797800 0.927551 -0.087011 NA -0.322554 -0.160657 -0.230914 -0.798641 -0.907015 0.006573 -0.173278 0.655469 -0.807152 0.766767 -0.858125 -1.747815 1.888362 -0.669036 0.107269 -1.034741 0.361004 0.892587 -0.043768 -1.045894 1.327091 -0.745607 0.697579 0.463313 1.897612 0.608377 0.320538 0.616143 0.529307 -1.097860 0.302328 0.456330 -0.013349 -0.471810 1.548589 0.905281 1.709567 0.478433 1.364004 2.669274 0.025227 -0.230951 -0.755090 0.260811 0.303956 1.539062 -0.301465 0.775114 1.673392 1.390317 -1.571985 0.062773 0.328473 -1.586176 -0.342667 1.107160 1.000000
75 -0.320545 -1.923020 -0.865175 0.317115 1.025943 -1.375360 1.101710 1.123734 0.150191 -1.691833 0.158008 -2.811915 -0.162665 0.238390 0.772616 0.428938 0.997189 1.558016 -0.756544 0.021175 -0.046048 -0.803833 -2.043817 -0.328606 -0.901415 0.617503 0.339208 -1.140980 0.270964 -0.190792 0.009251 -1.327475 -1.311111 0.169514 0.856331 -0.765407 1.658672 -0.247578 0.705652 1.257147 -1.675134 1.166011 0.248064 0.900931 -1.130082 -0.998654 0.364128 -0.527530 -2.381153 0.005757 0.517709 -0.712664 -0.973551 -1.112356 1.402111 -0.277117 -1.030039 2.189664 0.556354 -0.282108 1.302116 -0.524509 0.036844 NA 0.701080 -0.392691 -0.218631 -0.314830 -0.547575 -2.403396 0.246665 -1.107062 -0.544707 2.046770 -0.073882 0.720015 0.224095 -1.016015 -1.552552 -0.677956 9.818129 1.000000
76 NA -1.249001 -0.658443 1.799767 -1.061947 0.085037 0.941999 -0.468696 -1.198843 1.035412 0.853554 1.125842 0.734300 -0.941760 -0.147099 0.193681 -0.727196 0.609192 -0.834598 -0.316807 -0.490569 0.125465 -0.947763 0.387870 0.394361 0.442500 -0.133174 -1.002976 0.378589 0.429459 0.412257 0.235310 NA 1.395722 -0.099101 0.105457 -0.041311 1.096271 NA 0.909957 -0.236647 0.815296 1.903875 0.613207 -0.173260 -0.603912 -0.309265 0.306702 0.889993 -0.306777 -0.221703 0.302097 -1.765834 -1.020981 -0.612346 -0.554986 -1.365952 0.699319 -0.054544 NA 0.127297 0.211212 1.375800 0.950091 -0.296919 -0.015428 0.903805 -0.485934 0.183016 -0.581533 -1.185572 -1.289920 -0.967468 0.658600 -0.340896 0.930356 -0.669923 1.336854 1.854998 0.916151 7.268494 1.000000
77 -0.621814 -1.372740 -0.748446 -0.011604 -0.965156 -0.358185 0.655521 -1.439054 1.600911 NA -1.223466 0.034003 0.629099 -0.985804 -0.327566 NA -0.686846 -2.462664 0.493226 -1.464161 0.176239 0.355122 1.005460 -0.684933 -0.031415 2.851164 -0.930209 1.120765 0.854902 -0.362190 -0.639059 0.346934 -0.560444 1.364062 -0.285860 1.272455 -1.603740 -0.455459 0.401615 1.608070 0.834076 -0.775884 1.145024 -0.469706 -1.082091 -0.142360 0.357204 0.968603 -0.336706 0.590625 -0.703360 -0.323291 -0.476367 -0.891090 1.544420 -1.840494 1.508846 -2.477416 0.253526 -0.126114 1.365122 0.425411 1.124531 0.368539 -1.911965 -0.161230 -1.330710 -0.451505 2.008634 NA 1.430397 -0.630232 -1.173986 1.562018 -0.133816 1.339678 -0.052080 -0.153710 -0.860331 -1.505712 24.537624 1.000000
78 1.032278 0.284402 -1.549322 1.382996 0.517199 -0.293489 -1.380344 -2.643597 -0.622618 -0.026754 0.042173 -1.318539 -0.606640 0.191696 0.802621 -1.445210 -1.900611 -1.546337 1.377328 0.850591 0.264189 1.284016 1.365908 -1.627849 -0.522014 0.333684 0.035159 -0.666736 -0.348793 1.286059 1.212503 -0.383099 0.359024 -0.649270 0.805626 1.136266 -0.488596 -2.158773 0.190900 0.200589 0.662352 NA NA -0.838453 1.878870 -0.392861 -1.833178 0.246993 -0.606866 -0.773218 1.661018 -1.685934 0.191545 0.456238 2.226435 0.969953 -1.316576 -1.504002 0.541272 -0.144627 0.169478 0.989761 0.553546 0.660443 -0.805972 0.676418 0.358957 -0.072921 0.640063 -0.703990 0.363682 -0.580271 -0.722065 -1.473915 0.753353 1.451009 0.542621 -1.497270 0.402864 -0.432307 0.213385 1.000000
79 0.021756 0.078959 -1.183646 1.077980 0.192286 -0.266582 -0.912464 -1.818450 1.975035 -1.163260 NA -0.305741 -1.229257 -1.182308 -0.614705 0.967708 0.737174 -0.454524 0.253823 1.180743 1.121542 1.332154 -0.587158 -0.591707 0.797033 -0.045677 -0.474941 -0.894269 0.127224 1.091129 0.295777 1.215768 -1.518574 -0.416921 -0.827375 0.140595 1.470821 1.865657 NA 0.091627 -0.234378 0.814913 0.321157 -0.555992 -2.090891 0.217155 0.681767 -0.130348 1.154970 0.841898 0.398065 0.673969 0.796599 -0.455159 0.460875 0.418584 0.474118 -0.760484 -0.373767 -0.540897 0.522909 0.856460 -0.095494 -0.059297 -1.763069 -0.481096 -1.192192 2.092848 0.362525 1.709468 0.369323 -1.244459 0.445196 1.400236 -0.691294 1.181994 1.762706 0.444494 1.362087 0.468761 1.419182 1.000000
80 -0.078953 -1.108871 1.052609 -0.233865 0.118899 -0.193653 0.474129 -0.424270 0.120423 -0.190480 0.312217 -0.759593 1.613075 -0.684823 -0.844897 -0.283230 0.411989 1.268005 NA NA 0.378898 0.510663 -0.380122 0.183100 -1.108066 -0.703772 -0.323858 0.873257 1.149984 -1.044793 -0.194362 0.508149 NA 0.384769 -0.119928 -1.030291 -0.212544 0.460288 -0.223005 -2.131290 0.845724 NA -0.527324 1.546085 -0.064517 NA -1.613049 0.195692 -0.386348 -0.503096 0.807713 -0.312694 1.391697 0.987537 -1.534000 0.855375 -1.473885 -2.684495 -0.665908 0.887247 -0.984957 1.702337 -1.485758 -1.256506 -1.393363 0.774343 0.869689 -1.107101 0.336643 -1.031229 -2.299617 -1.147627 0.258186 0.785738 NA NA 2.476808 -0.080908 -0.253549 -1.398511 6.343470 1.000000
81 1.587072 -0.155719 0.543610 -0.994753 NA 0.952707 0.200884 0.259478 -2.167918 2.149348 -0.246260 -0.424134 0.199772 0.539119 1.903172 0.587607 0.242462 -2.045468 -0.036227 -0.127888 0.279391 0.048378 1.037988 -0.133849 -0.499235 NA 0.888136 1.676458 1.773201 0.366002 0.303229 -0.963419 NA 0.177754 1.262106 -0.351231 -2.581886 0.572126 -1.519057 1.120722 1.407526 -0.803348 -0.071051 0.733954 -0.674252 1.428735 -0.150218 -0.484872 -0.979381 -0.121779 NA -0.116138 0.301840 0.690759 -1.563558 1.415046 0.787235 0.095895 1.818211 -0.230836 -0.103813 0.338012 0.788479 NA 0.854152 -0.411486 1.019839 -1.707053 0.832388 0.530454 -1.340923 -0.341816 0.153942 -0.813057 0.857084 -0.159836 -0.192337 0.793283 1.093203 0.500613 1.064708 1.000000
82 -0.178137 0.223210 1.880634 -0.391970 0.078303 0.305610 0.236081 NA -1.177847 -1.059358 0.029357 1.047239 -0.383590 1.095904 -0.821085 -0.582425 0.163836 0.430144 0.023277 0.786304 -1.370502 0.785326 -2.391099 -1.218152 1.395014 2.262991 0.186943 1.822421 -1.629657 0.381485 NA 1.423698 -0.926268 0.498693 -0.473513 -0.189598 1.290311 NA 2.227827 1.194263 0.325806 0.831366 NA -0.761060 0.398230 -0.219756 0.529444 -0.438666 -0.458730 -0.977630 1.251478 -0.783875 1.699161 0.980005 -0.209721 0.637004 1.309675 0.836712 -1.333981 -1.108866 0.261618 -1.602199 0.096959 1.883199 -1.405670 NA 1.618066 -0.562798 0.973874 -1.449199 -0.616726 0.072186 -0.475952 -0.777687 0.661032 0.751053 -0.124584 -0.813126 NA -1.616417 1.843379 1.000000
83 1.416842 2.083974 -0.179954 1.341980 -1.500606 -0.480585 -1.782194 -1.850125 -1.489282 0.733230 -0.676738 0.987887 0.976032 -1.039800 NA -0.385348 1.814482 -0.531570 0.088042 -1.311744 -0.747450 0.365627 -1.961854 -0.641369 2.341777 -0.429773 -1.149523 1.426518 -1.087198 1.061342 -0.170174 0.803826 -0.298520 1.455843 0.246196 1.137642 -0.711525 -0.925918 NA -2.511834 -0.469645 0.158499 -0.343757 0.917137 0.089106 NA 0.745292 -0.940044 1.129492 1.160132 1.608949 -1.532115 NA -0.903322 -1.337589 NA 1.092409 0.846255 -0.308447 0.551897 0.548400 2.301278 -0.130324 1.908251 -0.858104 NA 0.566003 0.248021 0.013869 NA -0.146026 -0.521137 -0.207214 -0.784498 -0.596625 0.586097 1.266543 0.044489 -1.506687 1.054052 0.117963 1.000000
84 0.762026 0.420949 NA -0.839487 0.768459 1.013373 -0.095796 -0.213086 -1.320136 -1.523529 -0.903330 -0.925057 1.561404 NA -0.630436 -0.340415 -0.484935 1.468087 -0.791350 -0.119584 -0.104262 0.669843 -1.706961 -0.343629 -0.863164 -0.785781 -0.471260 0.242439 -0.189022 -0.770891 -1.254371 0.305660 1.119539 0.188844 -2.581873 -0.651175 NA 0.808512 -1.600491 0.279523 -0.555161 -0.411941 -1.264533 -1.466345 1.116612 -1.441331 0.207204 -0.391856 NA 0.020482 -1.618133 -0.262241 -0.752654 -0.337006 -1.316722 -1.331597 1.526030 0.616489 -1.207758 0.037325 -1.117790 -1.853657 0.347361 0.443861 NA -0.554564 -0.685251 1.185343 -0.748249 2.007821 1.224737 -0.552266 -0.998148 -0.252309 -0.809111 -0.282439 -0.530472 0.046014 2.345121 1.005322 0.688267 1.000000
85 2.128115 0.768717 -0.202781 2.336213 0.220118 -1.070847 0.219221 -2.173830 -1.741138 0.032718 -2.134334 0.054219 0.943978 0.469162 -0.075574 0.796349 -0.266857 0.432157 1.521836 -1.177327 -0.646162 -0.305119 -0.327169 NA -1.825332 0.288549 -0.016167 -0.391645 -0.946302 -0.365091 -0.488376 -0.794168 0.671038 0.195647 -0.204982 0.650784 0.474367 NA -0.217222 -0.240183 -0.760661 0.133565 0.816397 0.026519 -0.401854 0.288331 0.222582 0.162822 1.231702 -0.220171 1.340297 -1.784853 -0.054425 -0.493091 0.453400 -0.762236 0.096146 0.468716 -0.113947 1.459436 0.797961 -0.370529 -0.737371 2.064590 2.153240 1.142344 0.337793 0.511282 0.276941 -1.604214 -0.227382 -0.921344 0.646906 -3.363229 -0.579873 -0.386253 1.511009 -0.346375 -0.359600 0.678137 0.018096 1.000000
86 -0.704316 -0.141858 -0.312900 -0.600190 2.425321 -0.957135 0.062154 0.271511 0.569367 -0.224224 0.138809 -0.038221 1.187378 0.382570 1.483818 0.858101 -1.251316 -1.052212 0.192927 1.434248 -1.071388 -0.628793 -0.263026 -0.653964 -0.170948 0.183467 0.105450 0.412129 0.286836 -0.886105 0.820488 0.402390 0.443150 -0.958818 0.117526 0.971954 0.010179 -0.956863 -1.130496 0.860896 1.920417 1.199138 -1.209075 0.808856 0.801339 -2.254610 -0.587365 2.114503 -1.136575 0.771894 -0.620464 -1.874633 1.644775 0.133647 -0.058901 -0.373435 -1.580359 0.707708 -0.622912 NA 0.335478 0.249773 0.652507 -0.783897 NA -0.791165 -0.659266 0.184669 0.767942 -1.750424 -0.690101 -1.123246 0.194571 NA 1.310608 1.086155 2.170484 -0.985431 1.358865 -1.793457 3.183939 1.000000
87 -1.068194 0.035218 1.020827 -0.200906 0.538636 0.148249 1.325138 NA 0.981079 -0.790265 1.041258 -0.028248 1.583253 -2.004460 0.285651 NA -0.024742 -0.127219 0.483937 -0.127266 0.626081 0.410188 -0.058196 0.399227 0.431784 0.178373 2.310036 NA 0.447163 0.291564 NA -1.136974 -0.429647 -0.302180 0.175876 0.937946 -0.221208 -0.674615 -0.793640 -0.309697 -0.754702 1.684056 0.495985 0.855454 0.581976 1.967342 -1.010871 0.121639 0.960111 0.348734 -0.335149 -1.367119 0.292451 -0.514459 -0.631188 -0.905377 0.910133 -1.061882 -1.156147 0.651276 0.376446 NA -0.289302 0.963658 -0.173547 -1.269136 -0.135890 0.479107 0.782593 0.496310 -0.141595 0.599272 0.915781 0.640015 -0.570709 NA 1.183277 -0.920682 1.463049 -1.752030 17.444542 1.000000
88 0.933000 NA -1.254000 -1.377754 1.368959 NA 0.347175 1.348248 -1.837446 0.206812 1.033981 -0.656146 0.699581 NA 1.603626 0.225974 0.087771 -0.792544 0.500828 -0.123849 1.148188 0.565598 -0.279846 -0.611163 -0.324447 -0.401693 1.433446 -1.618359 0.214700 0.383631 NA 0.194869 -1.482868 -0.128474 1.486109 1.150591 -1.062735 0.205076 -0.324272 0.944413 0.272258 0.588547 1.113394 1.238228 NA -1.398814 -1.133690 -0.283863 0.092670 0.355402 -0.086311 -0.206782 1.117021 -0.793352 0.971917 -0.800740 NA -1.040439 NA 0.568027 -0.395328 1.184393 1.504086 -1.258637 0.245334 -0.756751 -0.788815 1.037488 NA -1.709092 0.109857 -0.301701 1.708830 -0.126482 -0.575945 0.285908 -1.989118 -0.239670 -0.346468 -1.459457 1.260251 1.000000
89 0.065722 -0.496507 -0.126217 -0.118673 -1.373427 -0.435787 0.231785 -0.704966 -0.471798 NA -0.391806 1.199884 0.331719 0.233716 -0.973699 -0.151363 0.073287 1.330448 -0.288308 0.323169 1.771925 -0.505413 0.720304 0.079795 0.002224 -2.436825 -0.737600 0.667304 -2.088200 -1.394753 -0.460386 -1.728273 NA 1.115526 2.070561 1.212363 0.250247 1.278109 0.019585 -0.103849 0.198350 0.779198 1.320903 1.599653 -1.386578 1.398138 0.325336 -0.651782 0.461826 0.409389 0.050238 -0.241574 -0.365166 -0.037429 -1.401878 0.468579 -0.208134 0.151360 -2.620495 1.166794 -0.591168 1.046236 0.455520 0.037528 0.746723 1.411909 -0.735656 -2.261736 -0.237054 0.215801 0.028792 0.869418 -0.384757 0.235938 -0.785508 -1.828282 -0.652433 -0.342016 1.091494 -1.151931 10.385422 1.000000
90 0.199350 1.031652 -0.358487 0.120799 2.045506 0.431213 NA -1.137338 0.948310 -1.129860 NA -0.686817 0.320382 -0.077670 -0.543329 -0.741368 -1.045553 -0.018144 -0.019527 1.202364 0.016955 0.365917 2.066847 -1.392989 -0.312355 -1.395543 -0.052786 0.358956 0.328951 -0.423313 -0.473454 0.167921 -1.933995 0.159887 -0.095872 0.698754 -0.612179 0.114298 -2.876615 -0.906692 -0.284874 1.980369 0.657541 0.034438 -0.242454 -0.672633 NA -1.270975 -0.426340 -0.901178 0.865263 -1.037259 -0.104840 -0.743425 0.451836 0.514353 0.455910 1.033328 NA -0.984284 0.509373 -0.521132 0.711356 -0.409512 -0.982704 NA 0.740754 -0.648550 -0.906784 0.094579 -0.094902 -0.145096 0.511600 0.560033 -0.099712 -0.517829 NA 0.291007 -1.534767 -0.282948 0.482440 1.000000
91 NA 0.700571 1.358850 1.402636 -0.084665 0.664330 0.498809 -1.954392 0.266389 -1.172132 0.122298 -0.137580 -1.013256 1.332166 0.928868 -1.839638 -0.758594 -0.454857 -0.708025 0.120447 -0.415785 -0.819452 0.282901 1.677859 0.363352 0.430006 0.531523 -1.723592 1.588384 -1.167481 0.315912 -0.066426 0.148536 -2.012210 0.973328 0.279617 0.288973 -0.439831 -1.082455 0.177252 -1.435120 2.788134 -0.888479 1.331631 1.029203 -1.234953 -0.099377 0.780368 NA 2.266621 0.249274 -0.084892 NA 1.388407 1.348378 -0.785910 1.510377 -1.332094 -0.829230 -0.667646 0.367028 -1.489267 0.251783 -0.073542 -0.573108 -0.125801 -0.249279 -0.604757 0.728250 0.395274 -0.360560 0.621487 -0.711677 0.590698 -1.025059 -1.022454 -0.592890 -0.819706 -0.253719 -0.284163 0.134315 1.000000
92 -1.039137 -0.146787 0.193295 1.659905 0.959566 -1.232607 1.562832 0.304477 -0.199084 0.575360 -0.099579 0.420291 0.740316 0.138509 0.806807 0.551744 0.939082 -0.695542 2.261493 -0.121059 0.116076 0.392928 -0.905614 0.269314 0.159503 1.250449 -1.328087 NA -1.179427 0.205031 1.255676 0.953594 0.067720 -0.038488 NA -1.278433 0.320968 0.401348 -1.123102 -1.310586 0.157241 1.096580 -1.498848 0.802880 -0.950502 -1.775253 1.097960 -2.171250 -0.779748 -1.181447 0.712773 -0.164093 0.282088 1.466803 1.137626 0.641447 0.407370 1.363255 1.575773 -0.275666 0.810072 0.777342 -0.581799 -1.233692 1.927922 1.529511 -0.141285 NA -0.521198 1.428404 NA -0.509677 1.261477 -1.047703 0.409309 -0.657803 -0.129986 0.374015 -0.569262 0.160628 4.702973 1.000000
93 -1.505734 NA NA -1.422217 -0.296956 0.624191 -1.139548 0.439128 -0.152375 -0.742684 -0.274305 -0.239288 -0.208487 -0.551478 -1.718941 -0.412144 -0.030599 0.405054 0.627407 0.525518 -0.841154 NA 0.179059 -0.392750 1.270360 -0.210885 -0.353073 0.781802 -1.105566 0.527198 -2.040910 1.114433 2.115717 -0.914525 -0.719401 -0.603944 -0.675987 1.660758 NA 0.860447 0.229868 1.483458 -0.092964 -0.306435 -0.259704 -0.988800 -0.460192 -2.345618 0.517504 NA -0.440537 -1.861794 -0.165053 0.957243 -0.546871 1.169940 1.563269 0.261371 1.419388 -0.172745 -2.309057 1.435915 -1.002391 0.793473 0.143268 NA 1.202047 -0.441255 0.006030 0.279738 -0.669911 -0.637714 0.892262 -1.152885 0.262553 -0.827400 -0.441623 0.499163 0.447414 -1.576925 15.211575 1.000000
94 -0.118762 1.143984 0.274452 -0.375268 0.324699 1.302340 0.562125 0.029625 1.011957 -0.183192 -0.089208 0.419657 0.614460 0.825755 1.079041 -0.447669 -0.613839 -0.060347 -0.180223 1.811305 -0.808720 0.090856 1.324076 -0.394088 0.021962 0.476770 -1.727596 -0.068039 -2.222846 0.272800 -0.010106 -0.653398 1.235716 -0.680441 -1.736867 -1.664620 -0.904763 1.271175 NA 0.431513 -0.123063 0.737476 0.568373 -0.528754 0.826402 -1.068719 NA -0.478474 1.711004 1.316778 -1.379316 -0.568023 0.615072 0.277860 0.554702 -0.911954 -0.454252 -0.020208 -1.175876 -0.168064 1.838122 0.169338 1.054853 -1.794135 -0.569525 -1.628625 -0.120773 0.774194 1.360415 -0.040003 -0.222492 NA 0.831755 -0.270642 NA 1.411121 0.176087 0.918608 0.005498 -1.270056 8.166054 1.000000
95 0.467912 1.253657 -0.451393 -0.600780 -1.243281 1.421781 -1.167820 -0.361538 0.455653 1.099779 -1.369407 0.235063 1.325784 -0.218221 NA 1.065956 1.809998 -0.367126 0.312454 -2.120981 -0.781674 0.778961 0.405178 1.483081 -0.437201 1.580999 0.956409 -0.890164 1.074968 0.225276 0.814832 -0.256730 0.967670 -1.597229 0.237870 NA -0.583742 -0.977652 -0.075734 -2.724190 1.938778 -0.285927 0.029573 -0.512095 0.771172 -0.350243 1.390986 0.040423 0.154681 1.883928 -0.771027 -0.111441 -0.219949 -0.761581 -0.260865 -0.547275 -1.474759 -0.333088 1.682184 0.141112 0.339748 1.251017 -0.204781 0.501868 -0.407309 1.341069 0.600535 0.226854 -1.826615 0.209506 0.028304 -0.627928 -1.682911 -0.646276 -1.652761 NA 0.222797 1.212629 NA 0.408197 28.996095 1.000000
96 -0.936614 0.724117 -0.866880 -0.825392 0.366351 0.578960 -0.727276 0.494527 0.385637 0.856675 1.298441 -0.118730 0.290340 -0.524465 -0.435460 -1.112198 -1.368261 -0.832058 -1.767828 -0.444429 0.020595 0.899341 -0.226054 0.185193 -0.332406 0.339962 -0.748880 0.976062 1.997567 -1.770534 0.071438 -0.884384 -0.715683 0.569511 NA -1.270535 0.338204 -0.036195 -0.017669 0.859368 -0.732968 -0.832988 -0.716228 NA -1.688436 1.409591 1.906796 1.577050 -0.982851 0.216131 -0.572316 -2.071773 -0.195075 -0.292912 0.745699 -0.907710 1.473754 1.158339 0.556321 0.556207 1.626621 1.656493 -0.082979 0.788204 -0.308134 0.102649 -1.505370 -1.324657 -1.347229 -0.166918 -1.086041 -2.185276 0.066179 0.802806 0.275724 -0.212919 0.735044 1.777265 -1.395306 0.477130 19.688309 1.000000
97 1.017386 -2.301675 0.733753 -1.142533 -1.126840 -0.899531 1.411521 1.008485 0.380734 0.009110 -1.498446 -1.207718 0.435250 0.976812 0.045649 1.656873 -0.012260 0.793988 0.906317 -0.499382 NA 0.650584 -0.513720 NA 0.197713 0.135225 0.489562 0.612847 -0.436666 -0.775581 NA 1.091231 1.042447 0.906113 -0.708067 0.734482 -0.591610 -0.928287 -0.662801 0.074346 -0.661113 -0.235005 -0.331536 0.833167 0.434319 -0.579295 -1.060491 0.089052 0.146643 NA -1.039801 0.481600 1.120777 -0.056461 0.732592 -0.787459 -0.677000 -0.861764 1.009209 -1.522373 0.507171 -1.834476 -0.428763 -2.380933 NA -0.795728 -0.043585 0.855995 2.681718 0.565868 -0.710265 NA -0.247868 -1.970191 0.877567 -0.017807 0.330238 0.401442 1.611492 1.237250 71.299241 1.000000
98 0.324894 -0.518283 0.500430 -0.343846 -0.887009 0.432815 NA NA 1.783701 0.289184 -0.372518 -0.851280 -0.471631 0.477208 1.648680 -0.167336 -0.221175 0.306321 -0.923915 -0.902963 NA 2.092793 0.255784 0.798000 -0.866144 -0.042177 -0.255804 -1.352097 NA 0.776979 0.623069 -0.642955 0.541964 NA 1.333022 -2.524433 1.052575 -1.174540 1.878932 -0.837237 -0.173816 -0.856996 2.165759 0.966412 -0.009847 -0.859076 -0.778661 -0.359540 NA 0.816226 NA 0.846805 0.541800 -1.805931 -1.647358 -0.216951 -0.000917 1.847448 1.209957 -0.683914 NA -0.426223 -0.458041 0.651763 -0.564112 -1.482052 -0.873558 -0.082744 -0.886202 -0.138836 -0.844741 -0.761683 0.008339 -1.468315 1.013746 -1.299235 -0.928662 -0.971092 -1.034928 -0.859881 67.745762 1.000000
99 -1.093561 -0.317080 -1.013625 0.034350 -1.672595 -0.676702 0.015092 -1.849434 1.847589 NA 0.719510 0.757504 0.466267 1.201713 -0.383199 -0.431496 1.465271 -1.013075 -1.112998 -0.264986 0.221003 0.730417 0.434122 -1.189744 2.451247 -0.808336 0.158167 0.352036 1.256905 -0.360439 0.295570 0.229005 0.104206 0.240964 0.414694 -0.853173 0.044748 NA -1.601529 0.108877 NA 2.902094 -0.442859 -0.839527 0.869670 0.435741 -1.712446 -2.185761 0.295273 1.463875 -1.340439 -0.532981 NA -0.754918 0.217014 0.217892 -1.632790 NA 1.092584 1.424352 NA -0.036709 -0.228107 -0.098136 0.862795 2.322059 1.265952 0.299795 0.092342 NA 0.911622 -1.504813 -0.453343 0.680311 -1.168413 -0.417748 2.298670 0.590534 1.703291 -0.320669 9.327062 1.000000
100 0.599815 0.552347 -0.541730 -1.753377 -0.973959 -1.258177 0.425894 0.212538 1.515329 -0.581959 0.317075 0.939527 0.628746 0.357544 -0.604393 0.144659 0.298864 -0.384590 1.811509 -1.553630 -1.242958 0.491730 -1.678380 0.356517 0.944920 -1.484897 1.949314 1.927688 -0.169594 2.699693 -0.900721 -1.202410 -1.813123 -0.262968 2.124916 -0.433747 -2.026865 0.959566 -1.013764 0.166956 0.559813 -1.037420 -1.619032 1.386814 -0.041243 0.622733 -0.337569 0.095098 -0.994810 -0.438744 0.112030 0.382170 -0.343216 -0.301915 -0.793715 1.961785 -0.559110 1.097190 -0.683901 0.784269 0.372400 -1.163085 -0.674127 0.572334 -0.075770 1.444034 0.088985 -0.147582 -0.914892 -0.875505 0.837751 -0.424435 -0.055853 -0.877455 1.525234 0.245136 -0.003535 -0.694030 -1.431998 -2.006055 5.721174 1.000000
uncorrelated Gaussian covariates
missing covariate fraction: 0.050000
no latent classes
   lambda(t|risk 1)=C, <t>=4.000000 for zero covariates
   risk 1: beta[1]=0.500000
   risk 1: beta[2]=0.500000
   risk 1: beta[3]=0.500000
   risk 1: beta[4]=0.500000
   risk 1: beta[5]=0.500000
   risk 1: beta[6]=-0.500000
   risk 1: beta[7]=-0.500000
   risk 1: beta[8]=-0.500000
   risk 1: beta[9]=-0.500000
   risk 1: beta[10]=-0.500000
   risk 1: beta[11]=0.000000
   risk 1: beta[12]=0.000000
   risk 1: beta[13]=0.000000
   risk 1: beta[14]=0.000000
   risk 1: beta[15]=0.000000
   risk 1: beta[16]=0.000000
   risk 1: beta[17]=0.000000
   risk 1: beta[18]=0.000000
   risk 1: beta[19]=0.000000
   risk 1: beta[20]=0.000000
   risk 1: beta[21]=0.000000
   risk 1: beta[22]=0.000000
   risk 1: beta[23]=0.000000
   risk 1: beta[24]=0.000000
   risk 1: beta[25]=0.000000
   risk 1: beta[26]=0.000000
   risk 1: beta[27]=0.000000
   risk 1: beta[28]=0.000000
   risk 1: beta[29]=0.000000
   risk 1: beta[30]=0.000000
   risk 1: beta[31]=0.000000
   risk 1: beta[32]=0.000000
   risk 1: beta[33]=0.000000
   risk 1: beta[34]=0.000000
   risk 1: beta[35]=0.000000
   risk 1: beta[36]=0.000000
   risk 1: beta[37]=0.000000
   risk 1: beta[38]=0.000000
   risk 1: beta[39]=0.000000
   risk 1: beta[40]=0.000000
   risk 1: beta[41]=0.000000
   risk 1: beta[42]=0.000000
   risk 1: beta[43]=0.000000
   risk 1: beta[44]=0.000000
   risk 1: beta[45]=0.000000
   risk 1: beta[46]=0.000000
   risk 1: beta[47]=0.000000
   risk 1: beta[48]=0.000000
   risk 1: beta[49]=0.000000
   risk 1: beta[50]=0.000000
   risk 1: beta[51]=0.000000
   risk 1: beta[52]=0.000000
   risk 1: beta[53]=0.000000
   risk 1: beta[54]=0.000000
   risk 1: beta[55]=0.000000
   risk 1: beta[56]=0.000000
   risk 1: beta[57]=0.000000
   risk 1: beta[58]=0.000000
   risk 1: beta[59]=0.000000
   risk 1: beta[60]=0.000000
   risk 1: beta[61]=0.000000
   risk 1: beta[62]=0.000000
   risk 1: beta[63]=0.000000
   risk 1: beta[64]=0.000000
   risk 1: beta[65]=0.000000
   risk 1: beta[66]=0.000000
   risk 1: beta[67]=0.000000
   risk 1: beta[68]=0.000000
   risk 1: beta[69]=0.000000
   risk 1: beta[70]=0.000000
   risk 1: beta[71]=0.000000
   risk 1: beta[72]=0.000000
   risk 1: beta[73]=0.000000
   risk 1: beta[74]=0.000000
   risk 1: beta[75]=0.000000
   risk 1: beta[76]=0.000000
   risk 1: beta[77]=0.000000
   risk 1: beta[78]=0.000000
   risk 1: beta[79]=0.000000
   risk 1: beta[80]=0.000000
