N=50
P=40
R=2
1 0.735616 0.408151 -0.821558 -0.832559 -0.637725 1.198104 0.796037 0.933785 1.378743 -1.349068 -0.571835 -0.905168 -0.990119 1.177922 0.317935 -0.108689 -0.544932 1.215753 -1.227390 -0.382927 -0.135402 0.344588 -1.051050 0.779352 0.657325 -0.556362 -1.074695 -0.061261 0.327774 1.030069 0.116707 -1.496690 1.396624 0.046825 1.731258 1.539295 1.090998 0.285759 -2.181575 -0.930438 0.718706 1.000000
2 -0.909334 -0.706606 0.051293 -1.082877 0.219837 -0.452255 1.428151 0.022001 0.885716 -0.831182 0.453455 -0.148836 0.495875 -0.793534 -0.090085 0.769568 -0.302260 -0.150588 1.123911 0.025485 -2.469889 0.144371 -1.305852 1.602936 2.162408 0.933693 -0.628845 2.796194 0.823527 0.091404 0.840129 1.730861 0.272411 0.012808 -0.483182 -0.393574 1.118216 0.383708 -0.266515 -2.306273 27.855860 1.000000
3 0.081128 -0.728802 0.631552 0.756179 0.349115 0.237469 0.861311 1.170879 -0.570486 1.114252 0.238967 -0.047146 -0.927324 0.964760 0.053777 0.091898 -0.442218 -0.727621 1.002698 -0.617725 1.207184 -0.682705 0.524545 -0.677452 1.173322 -0.557862 -1.531883 -0.247045 0.113425 0.489616 2.334995 -0.047561 -1.234335 1.218106 0.191011 -0.509903 -1.519362 -1.337428 0.894745 -1.197663 3.033573 1.000000
4 -1.148771 0.434154 1.415190 -0.196345 -1.303086 -1.154390 0.071005 -0.848187 0.207348 -1.206904 -0.085064 1.563319 -0.945061 -0.807008 -0.299004 -0.006662 -1.564111 -0.970566 0.621862 -1.275469 2.206279 0.041665 0.184891 -0.250840 1.326264 -2.536306 -1.787265 -0.424483 1.683058 -0.961037 0.238326 0.229435 -0.122830 -0.347570 -0.248420 0.559912 -0.441052 1.554525 -0.599686 -0.034183 0.551919 1.000000
5 0.428234 1.709988 -1.387455 -0.858476 -1.577641 2.862059 -0.706624 0.343393 -0.440083 -0.498643 -0.538207 0.173863 0.702867 1.302548 -0.492236 1.598728 -0.882881 -1.032497 -0.221601 -0.140836 -0.627765 1.305708 -1.066805 -0.330810 0.873360 -1.350130 2.250570 -1.035701 0.243921 0.084220 1.051739 -0.496821 0.504344 -0.711100 -0.548336 0.701703 -0.922739 0.981163 -0.567108 -0.968702 30.212074 1.000000
6 0.068109 -0.570495 -0.003702 0.766776 -0.414680 -0.157557 -0.741779 -0.796817 -0.610251 -0.385949 0.963595 -1.157847 -0.566626 0.694118 -1.154014 -0.851111 -1.156903 -1.390474 -2.575017 0.945842 -1.779896 1.106473 -0.707695 1.405368 0.480717 -0.353966 0.058930 1.971523 0.639072 1.403846 -0.199550 0.907225 0.854632 1.270332 0.452116 -0.585391 -1.821182 0.934076 0.200298 -0.415066 0.367963 1.000000
7 -0.194682 -0.394555 -0.606531 -2.006056 -0.594861 -1.436551 2.522316 -1.437652 0.823301 0.433943 0.257451 -0.728404 1.743021 0.681350 -0.657646 1.114076 -0.109591 0.023103 0.064785 -1.805896 -0.278706 -0.184379 -1.144763 0.166905 -0.684105 -0.138308 1.273540 -1.075515 0.306942 -0.713401 1.655651 -0.072030 1.010655 -0.125933 -1.567498 0.061465 -2.087661 -0.693368 1.020627 0.343325 84.548183 1.000000
8 0.355413 0.112286 -1.476752 0.108068 -1.483794 0.780147 -0.045753 -1.023852 1.730049 0.602926 0.565258 -0.782922 0.458356 0.883958 0.691550 -2.006640 -1.486681 -2.457435 -1.061211 -1.437489 -0.995308 0.805490 -0.373646 1.480790 0.779870 -0.250949 0.545215 1.601129 -1.976282 -1.050279 -0.625345 -0.219340 1.454582 -1.211203 0.267268 1.554539 -0.798690 -0.130745 -0.337749 -0.758504 16.331209 1.000000
9 -0.986346 -0.175198 -0.903102 0.227219 0.988062 0.729084 -0.732270 0.532796 -0.806538 0.280390 -1.133649 -0.899539 1.386413 0.459978 0.019869 0.063324 0.400115 0.426195 -0.433617 -0.660679 1.234753 0.628178 0.176490 1.032606 -0.700893 0.166871 -0.485204 1.567344 1.452227 -0.307334 -0.739754 -0.217634 0.247160 -2.221352 0.859798 -0.570898 -0.238955 0.436243 0.278189 -0.680731 5.347086 1.000000
10 1.080850 -0.414817 0.349726 -0.377921 -0.363719 1.181722 0.926405 -1.135187 0.604880 -0.126889 -0.767920 -0.749818 0.272414 -0.467098 -0.318181 -0.738348 0.415191 1.299677 -0.063744 0.538935 0.616151 -0.905179 1.992224 0.328184 -2.025871 -0.501169 0.052119 -1.350743 1.776866 1.196374 0.106957 1.673500 -0.584253 -1.077968 -0.850381 1.497796 -0.931141 -0.772315 -0.426985 -0.747076 1.342578 1.000000
11 -0.062394 -1.805229 -0.606182 -2.624670 0.749340 -1.507839 0.976414 0.899611 -1.690157 0.528390 -1.653326 -0.081484 -0.961591 -0.657713 0.324399 0.620592 -0.304753 0.501781 0.015956 -0.005649 -0.497780 0.295866 -0.035743 0.613224 -2.206994 -0.759391 0.667090 0.836830 0.667681 0.870048 0.588973 -0.544979 0.055190 -0.312866 0.798165 -1.952543 -0.263828 2.469729 0.379866 -0.825123 17.298584 1.000000
12 -0.053114 -0.918561 1.151230 0.119048 0.123818 -0.455584 0.292690 -2.752678 1.365898 0.215700 0.337631 -0.135525 -0.538828 0.745466 -0.547615 0.804417 -0.257214 0.742113 0.898044 -0.609519 -0.408300 0.457079 -0.788664 1.144554 -0.445167 -0.146634 0.183157 0.100239 0.722156 -0.207228 1.362174 -0.497186 0.084914 0.875568 -0.464392 0.628351 0.575898 0.586087 0.436992 1.351934 1.717928 1.000000
13 1.171269 -0.068050 0.428095 -0.196645 0.227463 -0.763472 -0.699317 -0.235433 2.156626 -0.626143 1.234196 -0.824183 1.112700 -0.595220 -0.346036 0.280107 1.290155 0.344807 -0.316838 0.717239 1.237923 -0.840148 1.204487 -0.467177 0.349495 0.734875 -1.743247 1.536165 0.864033 0.027284 -0.525659 -0.169381 0.982946 1.342702 -0.858546 0.827307 1.092958 1.083044 0.408010 0.907546 1.492441 1.000000
14 -0.758097 -0.348862 -0.696286 -1.962126 1.352173 -1.632607 -0.412035 0.486963 0.011287 -1.233879 -0.136117 0.008839 -0.541224 -0.056086 -0.019078 -1.136550 0.351728 -0.922193 0.411334 -1.080018 -0.238136 -0.336636 -0.919596 -0.549457 1.244420 0.432669 0.170058 0.666586 -0.937628 -0.729897 1.586931 -0.277133 -1.406345 -1.899558 -1.159020 2.123152 -1.863292 -1.653393 1.119965 -0.045112 0.406460 1.000000
15 0.803944 -1.233815 0.038541 -0.706077 1.080125 -0.484601 -1.783125 -0.040006 -0.744099 0.589291 0.369790 -1.913484 -0.243668 1.393432 1.492300 -0.310325 -1.819839 0.498277 0.548179 0.210972 -1.039852 -0.868153 1.075459 -0.061818 -0.117281 -1.182730 0.884645 2.020594 1.103973 0.128507 0.224460 -3.082558 0.093216 -1.418537 -0.066124 0.147398 0.647034 0.941304 -0.942650 0.767666 2.304420 1.000000
16 -0.075648 0.018866 -0.450115 0.395023 0.829425 1.295230 -0.393367 0.323868 1.209986 0.867529 -0.357606 -0.274328 0.212827 -0.495185 -0.462554 1.872854 -0.346116 -0.283368 0.362158 0.331994 0.485078 0.510350 0.434045 0.733781 0.214628 -0.405342 -1.147675 -0.444890 0.567380 -1.084982 -1.283511 1.020618 -0.190995 0.120655 0.634464 1.103276 1.646945 1.084298 -0.831497 0.421728 5.834969 1.000000
17 0.549201 0.007158 1.425408 -0.715600 0.817669 -0.434610 0.978858 -0.799461 1.291730 -1.438541 1.249857 -0.688413 -0.605051 -1.638192 0.078901 1.202242 -0.484777 -1.337206 0.790188 -1.030241 -0.936725 0.701883 -0.186887 -0.414861 -0.135587 -2.624375 -1.955538 0.457136 0.761722 -0.210331 -0.127156 -0.037851 0.948745 1.203361 -0.248201 -0.965640 -0.727327 1.347395 1.607345 1.905666 0.299897 1.000000
18 1.282357 0.780411 -0.270561 -0.563880 -1.105717 0.137334 -0.270877 -0.039375 1.468048 -0.744140 0.367613 -0.046170 -1.296258 -1.301150 -0.072034 -1.981936 0.935548 -0.303222 0.523007 0.512098 1.306704 -0.068356 0.419873 -0.347077 -0.721364 -0.351588 -0.861082 0.361016 0.302777 -0.763635 -0.462171 -0.645156 -0.462502 0.793824 -0.885893 0.185927 -0.390418 -0.672422 -0.869450 0.994957 3.568636 1.000000
19 0.951927 2.240668 0.967459 1.888867 -0.656325 -0.091736 -1.578777 1.226711 -0.461061 0.046081 0.382818 2.096042 0.506846 1.614303 -1.611056 2.343827 -0.990599 0.523472 -1.883353 -1.002312 -1.221029 -0.091055 -0.424306 0.933123 1.368479 -0.282466 1.975365 0.242049 -1.911417 -0.725304 1.258226 -0.991705 -0.555722 0.324350 1.953800 0.922194 -3.466349 0.055782 1.164108 0.819866 0.237938 1.000000
20 0.658868 -1.362764 -0.000748 -0.357950 1.389828 -2.120250 0.779950 0.245164 -0.221419 -1.472913 -0.188000 -0.249056 0.200045 0.243632 -1.247711 -0.358373 0.253997 -0.004251 1.657976 0.054840 0.718532 -0.197600 -0.299184 1.638135 -2.054576 -0.152799 1.757606 -0.123981 0.139413 -0.455782 0.867195 0.589498 0.063154 -0.540827 -0.535747 -0.354331 -0.087739 0.477016 1.901417 -0.777013 0.581436 1.000000
21 1.262686 -0.618475 1.370648 -0.281156 -0.740009 0.817158 1.990748 -0.912838 -0.798521 0.363251 0.526251 0.897549 0.106983 -2.157081 0.475857 -0.219475 1.644516 -0.443056 0.009880 -0.981445 1.318656 -0.023016 -0.834874 1.291718 -0.122519 1.189239 -1.929125 1.022712 0.943079 -0.366027 0.392061 0.634882 1.182009 0.036992 0.223693 0.990581 0.655278 -0.895990 0.598517 1.302042 0.694263 1.000000
22 0.613430 -1.068943 0.436008 -1.444514 0.384844 0.030997 -0.244011 -0.621372 0.648654 0.548935 0.157849 0.658398 -2.158704 1.159657 0.899729 -0.775199 0.411569 -0.736785 -2.383265 -1.466313 0.947485 0.607353 -0.216863 -1.684123 -0.989316 0.659041 -1.102422 -1.177274 0.474048 0.431740 -0.179276 -1.508495 -0.942644 -0.203025 0.137774 0.114089 -1.108414 -0.015503 -1.324433 -0.586836 2.138987 1.000000
23 -0.387545 -0.319087 0.746070 -0.860815 -0.826425 1.599637 0.131760 0.820002 0.478666 -1.117949 0.827540 0.870177 -0.483162 -0.736972 -1.963101 0.353747 -0.433921 -1.240887 0.182768 -1.025275 0.295480 -1.169904 -0.906400 -0.253166 -0.143316 -0.371082 0.913402 1.394545 0.601614 -1.163096 -0.396693 1.346285 1.740436 -2.184224 0.649598 0.846546 -0.495467 -0.254793 -0.022323 -0.867808 4.788650 1.000000
24 0.793390 -1.072742 -0.233983 -1.637470 -0.066998 -0.556205 1.399523 1.497100 1.327819 -0.449747 0.104465 -1.009268 0.764982 -2.345966 1.462714 -0.911863 -0.273554 -0.752313 -0.607710 -0.410208 0.386353 -0.711340 1.128865 0.519130 0.602924 -0.114154 0.026910 1.295946 0.393929 -0.357519 0.214222 -1.192393 -1.462245 -0.474807 0.127696 -1.170993 0.712436 2.263265 -1.238708 -0.008267 50.622077 1.000000
25 1.215899 -1.362050 1.179067 -0.532602 -1.290930 -1.836422 -0.738854 1.722353 0.469999 -0.457306 0.794921 -0.697483 -0.704371 0.520640 1.903456 0.383550 -1.497496 0.560089 -0.283319 0.254517 -1.434465 -1.131191 -0.597577 0.254088 -0.824635 0.615775 -0.530096 -0.037566 0.923807 0.544430 0.764850 0.642869 0.854189 -2.483528 -0.423360 -0.363990 -0.002050 1.047535 0.436476 0.824965 5.546279 1.000000
26 1.661305 0.403591 0.667199 0.756503 0.849846 1.305298 1.124998 -0.080376 -0.335698 -2.351517 1.837091 -0.643958 -1.148999 -0.443048 0.129173 1.302868 -1.853390 0.024605 -0.101976 2.499151 -1.009244 -0.388126 -0.266265 -0.654582 1.385603 0.322532 0.300500 -1.889042 -1.626871 -0.551150 0.144863 0.507881 -1.126863 -0.315241 -0.840653 -0.701312 1.892566 -1.313822 0.807142 0.567182 0.191509 1.000000
27 0.537669 -0.007163 -0.236847 1.244571 -0.156552 -1.589536 0.544344 0.061288 2.120148 1.146977 -1.205317 -1.394962 0.171233 -0.904863 -0.370614 -0.585050 1.226238 -0.185931 -0.282892 0.643967 -0.896615 0.204216 -1.908837 -0.973718 -0.968440 1.139654 0.474111 0.621007 0.187562 2.540814 0.458788 1.624142 1.718802 -0.569457 1.010267 -0.675337 -0.047442 -1.713613 0.465679 1.998256 3.722722 1.000000
28 -0.257785 0.471238 -0.117235 -0.385274 -1.290739 -1.404323 -0.209940 -0.373882 -0.800324 0.176825 0.428041 1.058224 0.346681 -1.255441 1.028323 0.068924 0.200206 -0.968928 -0.320381 -0.071654 -0.968894 -1.284010 0.119795 0.776906 -0.018936 -0.157516 -0.472343 -0.040424 1.806826 0.145945 0.070770 0.690507 -0.101003 0.240497 0.286019 -1.883835 -0.070776 -0.331417 -1.149944 -2.594995 1.548133 1.000000
29 0.005836 0.953607 -1.562866 -0.798864 2.480611 -0.061712 -1.653294 -0.568572 0.260803 0.250412 -1.863025 1.920243 -0.259843 1.146585 0.519267 2.124069 2.421421 -0.702146 0.891313 0.945077 -1.434270 0.662605 -1.308177 0.000323 1.223334 0.353740 -0.083406 -0.356954 -0.506795 -1.176868 0.017074 -0.597295 -0.192785 0.967391 -1.947600 0.814209 1.578104 1.440655 0.532672 1.566465 1.253939 1.000000
30 0.050643 0.263240 0.222578 -1.267873 1.727559 0.415088 0.856129 -2.114899 0.486375 -0.437003 -0.021684 0.421232 1.719807 -0.039101 0.187700 0.752603 0.064435 2.168498 0.545453 0.152442 0.158340 -0.806488 1.223450 -0.371811 1.376360 1.007310 -0.815188 -0.461124 0.663220 1.295284 -0.565077 1.750266 1.523817 1.313442 -0.434130 -1.581569 -0.457535 0.451859 -0.603172 -0.440722 4.245007 1.000000
31 -0.003006 0.266540 -0.293259 0.598517 -0.001609 0.603380 1.340345 0.821920 0.448594 0.526456 -0.233301 0.624099 -0.523059 -0.323646 -1.450335 0.478950 -0.132427 0.056924 2.144098 -0.191873 0.262521 0.611515 -0.762744 0.949198 -2.348904 -0.070074 0.606439 -0.057610 -0.230410 0.893045 -0.413386 -1.363889 1.037817 0.467720 -0.473887 0.455890 -0.761632 0.603022 -0.680264 -1.011516 10.609145 1.000000
32 -0.037992 -0.994887 -0.183325 1.095534 0.932355 0.400080 0.187118 0.135634 0.166824 -0.654850 -0.993416 1.265780 -0.240782 0.694574 -0.183051 -0.431456 -0.803968 1.189857 -0.577051 -0.486404 0.202938 -0.265712 -0.750178 -1.296086 -0.298052 0.724059 -0.971749 0.634013 0.549419 -0.182501 0.608578 -0.632242 -2.039105 1.012147 0.465336 1.303772 -1.780519 -1.837173 0.455217 -0.112528 3.260617 1.000000
33 0.974118 1.849740 -0.004941 1.096013 0.029026 -0.436128 1.028359 0.564947 -1.061288 0.256845 -0.146644 -0.046373 1.536839 1.731855 0.244900 -0.459730 1.135948 1.367866 0.970123 -1.175333 0.201637 -0.173212 0.074073 0.520296 0.099698 1.447932 -1.156917 -0.313743 0.143613 0.215499 -0.444632 -1.203702 -1.004975 -0.134230 0.806343 -0.443966 0.316592 0.852812 0.708229 1.160428 0.353890 1.000000
34 2.245390 -0.981430 -0.866417 0.542600 1.054403 -1.215435 0.392117 1.411742 0.144515 -1.022113 -0.311795 0.857976 -0.344492 -1.423626 -0.002383 -0.080145 -0.461642 -1.346157 0.728046 -1.234087 -1.301242 1.242981 0.736811 -0.083334 -0.053317 0.205149 -1.187832 -0.309750 -0.257599 -0.196973 0.194316 0.135586 2.622086 -0.573835 0.347173 -1.323560 0.295901 0.591076 0.228738 -0.061801 2.802317 1.000000
35 0.509683 -0.038422 -0.435443 0.211448 -0.441991 1.238143 0.936106 2.263595 1.906700 2.177109 -0.577140 -1.980536 -0.012334 0.529887 1.067925 1.002207 -0.269224 0.968485 -0.053732 -0.808044 -0.670526 1.612484 0.595475 -0.997404 -0.408755 0.501060 -1.307836 -0.230566 0.187903 1.542651 -0.914114 2.463829 -0.156150 0.148514 -1.185701 -0.505340 0.414969 -0.438798 -1.937585 -1.486705 51.427594 1.000000
36 -0.449261 -0.468711 0.612532 0.983344 -0.930786 -0.934538 -1.217266 1.322373 1.177110 -1.354752 -1.486793 1.770348 -0.154226 0.071403 -1.397545 -0.570821 -0.566561 0.457468 0.545450 0.561868 -1.389149 1.456316 0.036145 -0.388009 0.001606 0.170532 1.278167 -0.885417 0.559615 2.364413 1.285292 -1.878845 0.131895 -1.739713 -0.361604 0.208748 1.729136 0.005135 -1.573413 -0.422399 0.611654 1.000000
37 -0.020979 -2.257961 -0.014573 -2.560981 -0.602591 0.258093 -0.219130 -0.964971 0.175005 -0.522575 -0.345533 1.698951 -1.878992 -1.131065 -0.274940 0.904280 -0.172387 0.191230 0.018213 0.046555 -0.198792 -0.305493 0.023643 1.318829 -0.098339 0.289863 0.597281 -0.745990 1.481391 -0.849659 -1.135742 -0.536376 -0.185467 -1.224382 0.382543 1.191067 -1.738625 -0.927282 -0.319364 1.069521 101.986446 1.000000
38 -0.694582 -0.071740 0.596861 -0.067342 1.660803 -0.099672 2.374568 -0.989326 -0.808358 -1.803490 -1.013183 1.539676 -0.887779 -0.099938 -0.085427 -0.078111 0.482787 0.506642 -0.659657 0.507051 0.565234 -0.800523 -0.667111 -0.712176 0.860502 1.137503 -0.362032 -0.315552 -0.832227 -0.455513 0.362671 1.533746 -1.817875 -1.132515 -0.458250 0.866339 -0.532116 0.189368 1.510034 -0.587037 0.008132 1.000000
39 -0.970145 1.169965 0.379437 1.675285 1.020864 0.100864 -1.440825 -0.960229 0.503173 0.975267 0.022896 -0.385982 -0.251269 -0.133288 -1.057737 -1.170538 -0.167040 0.335334 -0.303091 -0.903381 1.743545 1.304288 -1.823060 -0.541657 -2.212263 -0.357706 0.737024 -1.084323 0.033038 1.024635 0.966584 0.191695 -2.125037 1.389195 0.875688 -1.424311 -0.380925 0.805109 0.125245 0.884573 0.565478 1.000000
40 0.835867 -0.887751 -1.001213 0.462206 0.796617 -0.184353 0.113402 -0.847315 -1.273939 -0.975942 0.318494 1.226561 -0.152103 -0.897055 -0.305316 1.214739 -0.057056 -2.547101 -0.869758 1.030112 0.058546 0.141252 -0.586709 1.703666 0.187365 3.022484 0.166922 0.729869 0.507375 -0.162239 0.989888 -0.428767 0.173478 1.226207 0.922709 -0.665630 -0.367978 0.841744 -1.138013 -0.350588 0.681152 1.000000
41 0.679161 0.929813 -0.262008 -0.018079 -1.705463 1.011281 -0.415636 1.280072 -2.562012 0.860647 -0.865347 0.926621 0.493280 -0.284470 2.749636 -0.856865 1.882903 -0.859877 1.232086 0.140404 0.096522 -0.457183 0.003692 -0.933447 1.298434 -0.009274 0.106593 -0.761460 -0.224771 -0.537607 0.104370 -0.212774 -0.836247 0.431326 0.355695 -0.871605 -0.387577 -1.674318 0.140932 -1.364798 3.006173 1.000000
42 1.846617 0.551066 0.301832 -0.814188 1.130154 0.579202 -0.811325 1.468225 -0.711700 -0.409554 0.404877 1.191440 1.070899 1.502525 0.406266 -0.337320 2.401215 -1.638044 1.156746 0.883648 0.290342 1.630117 0.574794 -1.057400 0.442798 -1.291542 -0.203318 -1.379412 0.276366 0.548153 1.154137 1.119888 1.942948 0.358673 1.422549 -1.437968 0.088028 0.807784 2.159375 0.086848 0.930311 1.000000
43 1.976745 -0.655160 0.353283 0.687622 -0.781183 -0.029659 -0.245308 -1.274852 0.989842 0.498872 -0.288236 -0.940324 -0.692499 -0.704500 -0.236266 -0.061440 -0.501729 2.188941 0.423325 -1.300934 0.209326 -0.673489 1.155379 -0.182159 -0.457213 -0.210982 1.261576 0.716101 -0.390196 1.859299 -0.180130 -0.047885 0.380609 -0.234294 -1.019127 0.004011 0.865377 0.755684 0.516617 -1.077498 6.832543 1.000000
44 -1.299833 -1.408384 -0.307343 -0.560327 -1.807381 0.951592 0.699503 -0.055219 0.693770 0.311241 -0.227937 -1.240072 0.740421 0.858026 -0.409969 0.789381 0.051763 1.516986 0.467628 1.076031 -0.203489 0.094646 0.054000 -1.373208 -0.600557 0.187067 -0.254152 -0.471110 0.211298 -0.881941 -1.748951 -1.221821 -1.636842 0.590219 0.309545 -0.131083 0.284891 0.435238 0.908698 -0.436437 253.388940 1.000000
45 -0.716892 0.075908 -0.605030 0.735776 -0.129740 2.517010 -0.125352 -0.346509 2.200822 -0.101564 -0.090604 0.876635 -0.392330 -0.191535 0.004845 1.837373 1.536580 -1.043374 0.003734 -1.895251 1.573197 -1.844925 -0.373817 -0.313562 0.011366 0.500066 1.909308 0.581375 1.555488 -0.420989 0.782587 -1.272271 -0.118975 -1.606264 -0.520270 2.116895 0.022482 -0.948979 -1.441074 -0.758725 31.084088 1.000000
46 0.532490 0.276543 -1.014460 -0.461108 1.006716 0.079519 -0.149834 -1.463533 -1.002624 -0.533833 -0.698054 -0.129286 0.868727 0.885984 0.181870 0.765140 0.090582 0.641856 -0.891432 0.914451 0.605346 0.878838 1.338370 -0.112045 -2.196154 -1.003269 -0.355358 -0.194478 0.102762 0.655863 1.110294 -0.060576 -0.697259 0.778797 -1.215467 -1.319212 -1.572905 1.059655 1.688626 -0.590639 0.839506 1.000000
47 -0.835499 0.234672 1.530215 -0.191824 -2.698070 1.444024 -0.968647 -0.215479 -0.690097 -1.245191 0.113119 1.033511 0.173242 0.324771 1.332804 -2.064387 -1.802095 1.197818 -0.054681 0.593855 -0.858274 -0.017039 0.726062 -0.475501 0.530578 -0.479601 -0.586489 0.002556 -0.364882 -0.033918 -0.352026 1.810403 1.337747 1.745095 1.270554 -1.169055 0.722760 -1.100160 -0.526422 0.812821 1.531886 1.000000
48 0.166247 0.971182 1.030801 0.220594 -0.580280 1.463332 0.173823 -0.074535 -0.865800 0.031157 -1.038729 -0.738320 -0.264579 -0.723055 -0.489247 -0.753107 -1.383271 -1.391759 0.565137 -0.458925 -0.135121 -0.400304 -0.306018 -0.923522 0.527304 1.122623 1.314831 2.508993 -1.227314 2.252173 -0.295792 -0.490269 -0.229945 -0.437730 1.065049 -1.834759 0.642413 0.909261 0.432618 -0.839529 0.808470 1.000000
49 0.063488 -2.317506 -0.846294 -1.390843 -0.880611 -2.847407 0.251666 0.842993 0.831520 -0.170366 0.976215 -0.965700 1.111733 -1.462615 0.966294 0.500307 0.576684 0.871834 0.117830 -1.408291 0.783467 -0.552248 -0.635225 1.413505 1.175259 0.108219 -0.594249 1.370099 -0.008586 1.158871 -0.224756 -0.523526 -0.503269 -1.702538 -0.288553 -0.632244 1.632115 0.704896 3.320520 -1.996476 81.915978 1.000000
50 0.489453 0.201834 0.780924 -0.006885 1.835334 0.111227 -1.153380 2.100403 2.646299 1.991320 -0.018426 -0.827058 0.479981 -2.084839 1.139072 0.248801 1.514175 -0.181501 0.493017 0.019338 1.138771 0.235789 0.351802 -1.293602 -0.100784 1.165339 -1.451045 1.575641 0.433361 0.383484 0.769802 -1.347972 1.906979 -1.430003 1.053032 -1.555751 -2.254783 -0.215945 -0.302572 -0.358252 6.440034 1.000000
uncorrelated Gaussian covariates
missing covariate fraction: 0.000000
no latent classes
   lambda(t|risk 1)=C, <t>=4.000000 for zero covariates
   risk 1: beta[1]=0.500000
   risk 1: beta[2]=0.500000
   risk 1: beta[3]=0.500000
   risk 1: beta[4]=0.500000
   risk 1: beta[5]=0.500000
   risk 1: beta[6]=-0.500000
   risk 1: beta[7]=-0.500000
   risk 1: beta[8]=-0.500000
   risk 1: beta[9]=-0.500000
   risk 1: beta[10]=-0.500000
   risk 1: beta[11]=0.000000
   risk 1: beta[12]=0.000000
   risk 1: beta[13]=0.000000
   risk 1: beta[14]=0.000000
   risk 1: beta[15]=0.000000
   risk 1: beta[16]=0.000000
   risk 1: beta[17]=0.000000
   risk 1: beta[18]=0.000000
   risk 1: beta[19]=0.000000
   risk 1: beta[20]=0.000000
   risk 1: beta[21]=0.000000
   risk 1: beta[22]=0.000000
   risk 1: beta[23]=0.000000
   risk 1: beta[24]=0.000000
   risk 1: beta[25]=0.000000
   risk 1: beta[26]=0.000000
   risk 1: beta[27]=0.000000
   risk 1: beta[28]=0.000000
   risk 1: beta[29]=0.000000
   risk 1: beta[30]=0.000000
   risk 1: beta[31]=0.000000
   risk 1: beta[32]=0.000000
   risk 1: beta[33]=0.000000
   risk 1: beta[34]=0.000000
   risk 1: beta[35]=0.000000
   risk 1: beta[36]=0.000000
   risk 1: beta[37]=0.000000
   risk 1: beta[38]=0.000000
   risk 1: beta[39]=0.000000
   risk 1: beta[40]=0.000000
