0.000000 0.500000
1.000000 0.621700
2.000000 0.647300
3.000000 0.683300
4.000000 0.715100
5.000000 0.734700
6.000000 0.767300
7.000000 0.800100
8.000000 0.819700
9.000000 0.834500
10.000000 0.835700
11.000000 0.826400
12.000000 0.845800
13.000000 0.847200
14.000000 0.842800
15.000000 0.854100
16.000000 0.876200
17.000000 0.883000
18.000000 0.889300
19.000000 0.890000
20.000000 0.884700
21.000000 0.893700
22.000000 0.890600
23.000000 0.886000
24.000000 0.892300
25.000000 0.887500
26.000000 0.889600
27.000000 0.898100
28.000000 0.902000
29.000000 0.898700
30.000000 0.900600
31.000000 0.903800
32.000000 0.908200
33.000000 0.914800
34.000000 0.905900
35.000000 0.911200
36.000000 0.913400
37.000000 0.920100
38.000000 0.926500
39.000000 0.922800
40.000000 0.925100
41.000000 0.924700
42.000000 0.927100
43.000000 0.930100
44.000000 0.928600
45.000000 0.935600
46.000000 0.934400
47.000000 0.934300
48.000000 0.935200
49.000000 0.940000
50.000000 0.935600
51.000000 0.936700
52.000000 0.939700
53.000000 0.940800
54.000000 0.940000
55.000000 0.945500
56.000000 0.939600
57.000000 0.945900
58.000000 0.946600
59.000000 0.948800
60.000000 0.949500
61.000000 0.953100
62.000000 0.953200
63.000000 0.954200
64.000000 0.953700
65.000000 0.954800
66.000000 0.953900
67.000000 0.958900
68.000000 0.954100
69.000000 0.958800
70.000000 0.957500
71.000000 0.956100
72.000000 0.960900
73.000000 0.960800
74.000000 0.961400
75.000000 0.962800
76.000000 0.963100
77.000000 0.965000
78.000000 0.963900
79.000000 0.962700
80.000000 0.966300
81.000000 0.966800
82.000000 0.968200
83.000000 0.969200
84.000000 0.969400
85.000000 0.971900
86.000000 0.973100
87.000000 0.972600
88.000000 0.972400
89.000000 0.972200
90.000000 0.972100
91.000000 0.974400
92.000000 0.971900
93.000000 0.974000
94.000000 0.975300
95.000000 0.973200
96.000000 0.975600
97.000000 0.973700
98.000000 0.975800
99.000000 0.977800
100.000000 0.976300
