1 0.017634980000 1.048787510040
2 0.232639420000 1.001374306568
3 -0.026537200000 1.109120376407
4 0.194778200000 0.929162622875
5 -0.269432420000 1.005688514961
6 0.090726840000 1.159951654636
7 -0.128442520000 0.887733610801
8 -0.054773940000 1.055321263487
9 0.000214620000 1.014332396024
10 0.113710820000 0.945357478510
11 0.020084160000 0.984562782878
12 0.067133720000 1.103179307600
13 -0.127509940000 1.059352005430
14 0.088590340000 1.112402850218
15 -0.068526780000 0.974737138812
16 -0.178012500000 1.043296802525
17 0.169943020000 0.816550968881
18 0.067348760000 1.120920479742
19 0.021571500000 0.982314091672
20 0.230923540000 0.975782830086
21 -0.016726500000 1.067123189879
22 -0.167956340000 1.006167436549
23 0.162183120000 0.841376680791
24 0.274190840000 1.004984000719
25 -0.035604660000 1.040776151983
26 0.200725980000 0.990192767701
27 0.129051560000 0.916057090914
28 -0.012966620000 0.849767318688
29 -0.002102820000 0.881268097370
30 0.002932900000 1.111278071207
31 0.116557980000 0.899381571792
32 -0.075482160000 0.854094583888
33 -0.116415800000 0.932392616103
34 0.031976420000 1.052902065044
35 0.002482660000 1.009730215200
36 0.022799420000 0.866387055771
37 0.129538320000 0.932222285697
38 0.178481880000 1.004376716281
39 -0.281244200000 1.008227503414
40 -0.170464600000 0.921547586322
