N=50
P=40
R=2
1 0.597974 -0.815319 0.123474 -0.106387 -2.106339 -1.516131 1.187254 1.088867 -0.795831 -0.147345 0.308829 0.174642 0.063193 -0.282121 -2.393067 -2.679797 -0.996393 0.661210 -1.755522 -0.687732 -0.154483 0.282127 -0.278870 -0.592776 0.225429 0.275603 1.517241 -1.746032 -0.216635 0.463387 1.120093 -1.300594 -0.116871 0.517353 -1.094732 0.921845 0.396353 0.274501 0.058843 0.714791 19.085809 1.000000
2 -0.786635 0.956987 0.857524 0.729930 -0.090542 -0.360787 0.550391 0.502007 -2.173447 -0.136225 -0.694468 -2.381857 0.366167 -1.017313 -0.449916 1.289538 -0.727508 -1.323853 0.601557 1.174274 1.789074 1.581486 1.620568 1.845686 0.692845 1.111132 0.950644 -0.016739 1.786146 1.941717 -1.009843 -0.448220 0.061061 2.094686 -0.077050 -0.529049 -0.674920 1.888582 -0.766641 0.528721 0.135662 1.000000
3 -1.152919 -0.616314 -0.623163 0.003864 -1.566794 1.758144 0.780161 -0.072934 -0.288500 0.171620 -2.580312 1.009690 0.675256 -1.559030 -1.760857 0.384672 -0.275975 1.010691 0.740816 0.578925 -1.646050 0.104641 1.530937 -1.280489 1.066012 -0.500819 -0.095423 -0.775373 -0.649330 1.191825 0.313786 -0.455788 1.044437 0.171463 0.417347 0.889680 0.097258 -0.072554 0.421730 1.445703 1.001582 1.000000
4 -1.392716 -0.298439 -1.865894 1.743231 0.193770 -0.680262 -0.029340 -1.142833 -0.200976 1.407862 -0.167155 -2.483613 1.736259 -0.773439 0.491495 -1.970623 0.166478 0.423865 -0.984722 -0.032778 -0.313593 -0.974516 -0.729126 0.999656 -0.167927 -0.304565 -0.384655 0.209595 1.026707 1.162796 -0.134532 0.769328 -0.971897 -1.978847 0.940612 -0.855610 -0.054646 0.389052 -0.601268 -1.006349 5.429978 1.000000
5 -0.649657 -0.663306 0.350133 1.918374 0.813597 1.930958 -0.874931 0.766346 -0.907530 -1.651056 -1.546351 1.465538 0.456875 -2.145214 0.601979 -0.329047 -0.282213 -0.530843 -0.175407 -0.436431 1.347832 -1.029927 -0.067739 -1.493092 2.362071 1.519589 0.027946 0.963608 0.732570 -0.006413 0.358530 -0.609857 1.467427 -1.549491 -0.143294 -0.273489 0.839981 0.324744 -1.010354 -0.089634 0.255661 1.000000
6 0.273395 -0.104096 -0.987645 -0.070479 0.049128 1.179511 -0.815036 -0.354512 0.683269 -0.038249 -0.641256 0.620489 0.285057 -0.666312 0.751264 -0.886395 0.766136 1.072781 -0.815294 0.538487 -1.211648 -0.232846 -0.252082 0.581050 1.247895 0.367825 0.665071 -0.722530 -0.206733 -0.671323 0.853952 0.840169 0.575145 -0.184718 0.869281 -0.875658 0.200816 1.904928 -0.700822 -0.622429 45.162707 1.000000
7 0.821330 0.716092 -0.894558 -0.368659 -1.417740 -0.555303 -0.392885 -0.179726 0.264874 1.026271 0.219386 0.011387 0.495312 -0.720534 0.366737 0.501217 0.288428 -0.409091 -1.274359 -0.717320 -0.767454 0.048411 0.791141 0.403195 -0.552841 1.507456 0.190408 -0.556888 0.553261 -1.245551 0.262292 -0.835515 0.159047 0.718047 1.311614 -0.117332 -0.888994 -0.338994 -1.709431 -1.205243 9.249804 1.000000
8 -0.320917 -0.577204 0.874734 -0.946059 -1.295349 0.006010 0.621585 -0.878336 0.234407 -0.305807 -1.798297 -0.863878 0.703245 -0.425183 -0.552595 0.081337 0.122417 1.151443 0.597489 0.627769 1.429008 1.221693 0.299751 0.840286 0.408834 1.834374 -0.805097 0.494901 0.190008 -2.367294 0.164797 -0.302741 -1.402255 -0.028432 -1.481177 1.010169 1.114237 1.189752 -0.504135 0.298178 5.202042 1.000000
9 1.799267 1.511633 -0.234276 1.313913 -2.367489 -0.994289 0.422328 -1.690573 -1.155527 -1.320619 0.589463 1.578155 -1.016907 0.068927 -0.457287 -0.016430 1.905461 0.531599 -0.305602 0.503669 -1.024621 -1.387762 0.611230 1.102918 -1.055361 0.624265 0.641790 0.017413 -0.605858 -0.002037 -0.773392 0.299696 -0.744411 0.880352 0.291272 -0.527571 -0.343097 1.176388 -1.391873 0.866077 0.042512 1.000000
10 -0.311892 -1.043003 -0.032416 -0.048960 1.231764 -0.246225 -0.297383 1.420250 -0.522092 0.348893 0.330226 -0.496183 0.034746 -0.094645 0.033285 -0.115112 0.940104 -0.245498 -0.391712 0.623432 0.611615 1.237612 0.951048 1.149250 0.733735 1.327487 -0.975359 -1.027094 -0.208782 0.302467 1.444960 -1.004517 0.914234 -1.303641 0.172539 -1.064069 1.097762 0.018891 0.264132 -1.319847 27.476589 1.000000
11 -0.820776 0.760040 0.078729 2.268003 1.309932 -0.514101 0.170204 1.600642 -0.195622 0.453758 -0.374442 1.164305 0.130866 0.323835 0.452725 -1.821075 0.999590 -1.137908 -0.109967 -1.267434 -0.486039 -0.968439 0.612990 -1.480437 0.632878 1.178502 0.596286 0.264150 -0.139745 -0.940953 -1.034028 1.103261 0.265878 -1.302944 0.407656 -0.814702 -0.401463 -0.564753 -0.730797 0.806532 1.867192 1.000000
12 -1.895073 1.033533 0.912812 0.115511 -0.450791 -0.200441 -0.476915 0.091867 0.867688 1.379433 0.412720 1.656990 -0.873184 2.193823 0.116545 0.324969 -1.142443 -0.669006 -0.605227 -1.692812 -0.448827 -0.145997 1.009102 -0.139149 -0.539965 -0.025605 1.093119 0.334223 1.434362 0.686536 -0.167536 -0.549393 0.526452 0.903231 0.810230 1.585440 0.828244 -0.145572 1.970624 -0.380311 4.879509 1.000000
13 -1.756925 -0.414227 1.138068 0.025602 0.588928 0.928234 0.240332 0.206844 -1.861609 0.247175 0.834226 0.548337 1.909301 0.508956 1.153837 -0.064728 0.188756 1.276534 -0.167833 1.583059 -0.890583 -0.377795 1.172379 0.490112 -0.333346 -1.931844 0.579122 1.339889 -0.311924 -1.531743 1.527093 1.147002 0.700489 -0.648695 -0.553793 -1.283602 1.631988 1.583260 1.370717 -0.653950 10.030040 1.000000
14 -0.170059 0.022590 -2.532053 -0.206730 -1.857992 -0.834668 -0.836905 0.409256 -0.254915 2.048225 -0.760725 -0.186847 0.292031 0.577127 -0.010742 -1.481480 1.447771 0.928780 1.517941 0.201554 1.170041 0.732685 0.902651 1.467354 1.159847 0.675495 -0.394440 -0.931610 0.943236 -0.902080 -1.568531 -0.116645 -2.110043 0.800084 -1.199753 -0.361324 -0.341114 -0.022898 -0.722439 0.316285 13.412195 1.000000
15 0.766178 -0.168426 -0.991277 0.370555 -1.127816 0.381947 -1.427016 -0.166403 1.191198 -0.190002 -0.826460 0.225408 -2.049844 1.698107 1.676187 0.123547 -0.122012 -1.445270 -0.419584 -0.031766 -0.757171 -1.031394 2.512686 0.545491 0.876194 0.364174 0.832175 -0.099908 -1.120948 -0.927726 0.323255 0.303538 -0.197546 -0.976531 0.073137 1.424581 -2.020273 0.489204 -1.208196 0.075263 1.633007 1.000000
16 0.090438 -0.778457 2.197966 -0.669813 -1.065184 -0.105315 0.201327 0.830150 1.073205 -0.107639 1.292195 -0.982111 -0.213731 -0.254633 0.362220 0.325846 1.308229 -1.301177 -0.039799 0.401251 1.640105 -1.905619 0.344615 -0.305561 -0.523478 -0.489053 -1.424663 -0.979876 -0.765773 1.326874 1.236287 -0.744367 -1.222857 0.410655 -1.020740 0.241096 1.700130 1.671235 -1.218445 -0.133178 2.079963 1.000000
17 -0.755806 -1.166110 1.432103 0.861898 0.991402 -1.527314 0.361137 -0.740321 0.256744 -1.208099 -0.306107 -0.096821 1.063186 0.537885 0.096853 -0.614343 0.814829 1.406512 -1.341852 -0.885831 -1.991139 -1.169939 -0.840215 0.082781 -0.942561 1.920550 -1.502225 -0.418129 -0.936395 -1.006304 -0.627486 0.663820 0.827322 -0.625977 1.021565 -0.925285 -0.379392 1.269984 1.635118 0.656103 0.595064 1.000000
18 -0.485642 -1.739422 0.377996 -0.444367 -1.174049 -0.019581 0.106799 -0.933068 1.938391 -0.511102 1.552193 1.407478 -1.912338 3.404901 0.077990 0.278694 0.258035 -2.448604 0.257911 1.664165 -1.246505 -0.215199 -0.446014 0.156177 0.147451 -0.807500 -0.363661 0.708129 -0.662431 1.789142 -0.922201 -0.900075 -0.676808 0.463503 0.540317 -0.391112 -0.112556 -1.180683 1.682129 -0.008668 21.617885 1.000000
19 -1.108086 -2.062747 1.475809 1.497028 0.730286 1.165041 1.202804 1.151895 1.459262 -1.028022 2.285705 0.101688 0.941015 -0.653749 -0.221598 -0.912654 -0.361576 -0.842261 2.145978 -1.824878 0.536069 0.095084 -0.344545 -1.481856 -1.750891 -0.313018 0.116625 -0.029453 0.246638 -0.081549 2.200477 0.902817 -1.506628 0.759068 -0.361527 -0.331219 0.702401 -0.669050 -0.993657 0.339500 3.606821 1.000000
20 -0.501976 -0.405073 1.104821 1.334030 -0.771662 2.478949 -0.030428 0.107330 -0.171635 -0.420307 0.537060 0.378424 -0.675372 1.286775 -0.864419 1.586523 -0.279664 -0.379268 1.756176 1.594671 0.760680 0.114828 0.502057 0.843349 -0.611477 1.790907 -0.554042 0.370542 1.268951 0.326494 -0.468433 -1.505542 0.108407 -0.614646 -0.653256 -0.453235 -1.511432 1.510182 0.125493 -0.572777 0.804167 1.000000
21 0.368344 1.155179 1.063197 -0.416406 0.584004 -0.023755 0.339047 -0.601623 -0.256868 -1.022216 -0.889041 0.516064 1.875448 -1.122779 0.573240 0.110738 0.998362 -0.499523 1.105539 1.434354 -0.068702 2.091092 0.046403 1.351537 -0.029550 -0.872702 0.072175 2.179774 -0.467672 1.234029 -0.844774 -0.309536 -0.361039 -2.296319 1.651386 0.400231 0.906305 0.111087 -1.715367 0.476645 1.523810 1.000000
22 -1.014330 -0.314175 0.630531 -0.206510 -0.790940 -1.396082 0.813085 1.617453 -0.017700 -1.011524 1.151876 0.526609 -0.952520 0.831043 -0.000778 0.858957 1.301949 0.354471 0.447805 -1.038353 0.955200 -1.177822 0.537489 0.481918 -0.775426 0.751911 1.724013 -1.071180 0.044765 -0.296309 -0.172692 -0.737499 0.211006 0.667261 -0.350278 0.799882 -1.814566 -1.768650 0.161022 -0.151254 3.823071 1.000000
23 -0.711779 0.320593 -1.067413 0.670687 -0.870305 0.309365 -0.207662 -0.324792 -0.300782 0.510535 0.172259 2.823770 -0.923557 -0.075743 1.217244 -0.642990 0.084823 0.034059 -1.381322 0.297787 -0.895636 0.756334 0.872510 -0.104636 0.412871 0.359950 0.558681 0.575048 -1.628019 0.946683 0.732844 -1.616970 0.397466 -0.716539 -0.139757 -0.567078 0.998387 -0.045502 0.662762 -0.318171 1.313841 1.000000
24 0.974786 0.053411 -0.202832 -0.195343 1.633464 2.378246 -1.367882 -0.383850 -0.025427 -0.111721 1.068549 1.326376 -1.799595 -0.578012 0.563747 1.346527 0.470706 1.739885 -0.766617 0.603966 -1.183964 0.803952 0.601486 2.707179 1.139288 -0.504240 -0.003030 0.538339 0.427031 -1.734180 -0.115862 0.059790 -0.132942 0.081424 1.352521 -0.072571 -0.589849 0.161845 2.145452 -1.027454 1.627368 1.000000
25 -1.198360 -1.279290 0.818897 -0.233352 1.233554 -1.013485 -1.221358 0.321197 -0.440821 2.342884 0.570576 -1.102753 -1.163819 1.083896 1.240255 -0.877913 0.786321 0.369458 -0.488326 0.567051 0.015022 -0.972106 -1.012970 -0.213367 -0.801898 0.417568 -1.911834 -0.676466 -0.737977 -0.774511 0.704090 -0.761970 0.286132 1.017821 -1.114290 -0.163404 0.442986 -0.107518 -0.224870 0.797096 13.225060 1.000000
26 0.639549 0.888926 -1.464205 -1.347746 1.148544 -0.355088 0.777437 1.559358 -0.646928 1.672818 1.338572 -0.921566 -1.605285 0.896969 0.857371 0.897840 -0.494063 0.668749 0.208140 2.188396 1.763190 0.074006 -1.821107 0.128123 -1.011278 0.309341 -0.352304 -1.806166 -2.006514 -0.395884 0.628369 1.136475 1.054235 -0.313015 0.104307 0.391495 -0.238766 1.024018 -0.460499 -0.407996 3.265182 1.000000
27 -0.446322 1.207441 -1.225968 -0.724809 -0.359488 -0.662420 -0.527299 -0.464944 0.152560 1.438171 -1.032379 -1.857275 1.649954 -1.221639 0.699544 1.036133 -0.218463 -1.558012 1.116563 1.686737 -1.283398 -0.557503 -0.906535 0.264619 0.947378 1.345665 -0.490307 0.638998 1.195128 0.343842 0.707393 -1.241690 -0.309289 -2.157361 -1.366381 0.125368 -0.676469 0.160394 -0.318409 0.353363 6.701874 1.000000
28 0.201607 1.060831 0.239685 -0.901959 -0.946416 1.588362 -1.111479 -0.549905 1.667685 -0.096967 -0.638612 0.155738 -1.763763 1.730475 0.776760 1.097831 0.507237 1.124649 -0.382071 0.244722 -0.705814 -2.047116 0.106264 1.842149 -1.959757 -0.583434 -0.552476 -1.132071 1.124737 -0.937633 -0.301258 2.291146 1.212772 0.333367 -0.226822 -0.679789 0.867334 -0.879471 -0.813301 0.225320 0.613326 1.000000
29 0.274570 0.205987 1.197361 -0.132827 0.333179 1.969609 0.843397 -0.503206 -0.960182 -0.149718 -0.267577 1.466549 -0.733841 -2.053863 0.138866 -0.405713 0.055283 -0.296797 0.071954 1.228617 0.899937 1.834250 -0.478096 0.408469 -2.530581 1.530194 0.827061 0.430029 1.527962 -0.962577 -0.249682 -0.904359 0.240345 -0.288485 -1.344343 0.049293 0.444150 0.386221 -0.232376 0.049532 2.970793 1.000000
30 0.679797 0.403859 1.544234 -0.463030 1.216761 -2.311134 1.624716 0.672910 1.141590 1.014914 0.612069 2.127825 0.057352 1.124704 -1.359202 0.538422 -0.222935 1.445526 -0.159456 0.273538 0.258104 -1.292732 0.722511 -0.160761 0.054057 0.170796 1.371376 0.816750 0.959169 2.038635 -0.212445 1.747428 0.014127 -0.893158 -1.774801 1.571525 1.060413 0.522982 -0.787543 -1.061593 0.527994 1.000000
31 0.294521 1.972684 0.325152 0.569165 -2.299551 0.215431 -2.195620 -0.377595 -0.423138 -0.224405 -0.342484 -0.240162 -0.028661 0.910109 -0.946136 -1.213394 -0.834946 1.871966 0.376976 -0.396544 0.720118 -0.146508 0.655503 -0.311533 -0.640918 -0.766166 -1.685319 -1.450187 -0.452405 1.378244 0.651516 0.083832 -0.498866 -1.337828 -0.070344 -1.351682 -0.087137 -1.770325 0.853833 -0.811552 1.842363 1.000000
32 -0.623358 -1.687208 -1.423966 1.538576 -1.095336 1.067901 0.052560 -1.231263 0.607742 -0.912504 1.219866 1.718198 -0.605006 0.292825 0.917852 -0.753812 -0.520911 0.096175 -0.426956 -1.112381 -1.870980 -0.804382 0.442056 -0.298397 1.604330 1.087427 0.525588 0.311510 -0.981233 1.150457 -1.482756 -0.307332 -1.930768 1.225954 1.609158 -0.699509 0.474624 -0.341288 -0.653766 0.699471 60.910130 1.000000
33 -0.118805 0.372398 -0.130131 0.493443 -0.936202 -2.259468 -0.581979 -1.354917 -0.965069 1.075822 0.640733 -0.471049 -0.234543 0.028604 0.343782 -0.559518 1.238426 2.387046 -0.025878 0.408241 -0.141106 -1.004589 -0.550911 0.460287 0.921646 -0.549769 0.101203 0.783608 1.064715 -0.330629 1.690894 0.718623 0.708584 -1.427446 -2.144580 -1.219208 1.187862 1.452657 -1.239433 -0.250121 0.093565 1.000000
34 1.005081 -0.101182 -1.313367 -0.243158 0.141301 -0.746290 0.233907 1.166353 -2.477982 0.080466 0.881987 -1.374587 -0.214980 0.736295 0.016841 -1.275626 0.040264 -1.179959 -1.803241 0.824531 -0.991222 1.431476 -1.091705 -0.147123 1.227008 -1.293799 0.746524 0.368396 -0.677314 -0.473616 -0.699517 -0.693966 -0.349920 -0.003032 0.907750 1.605153 0.401057 -0.978162 -1.683155 -0.482628 1.467248 1.000000
35 -1.048664 1.965103 -1.148090 1.648732 -0.210136 0.213578 -0.143778 -2.792317 -0.448089 -0.848106 -0.022840 1.044635 -0.173155 1.258525 -0.859559 -1.618815 1.096690 -0.570369 -0.076207 -0.428469 -0.540836 -0.162581 -0.337172 0.511877 0.523099 0.360741 1.008114 -0.493858 -0.389283 0.406735 0.949022 0.127776 -0.372165 -0.229247 0.069362 0.955525 0.247993 0.174849 -0.082675 -0.187971 0.038349 1.000000
36 -1.229280 0.727360 -1.009343 -1.395140 -0.281123 0.227979 -0.617134 -0.056526 0.114674 -0.201950 0.678041 -0.215333 -0.793233 0.006747 -0.606089 0.112136 2.193231 1.646099 0.515449 0.257642 -2.073268 -0.461243 0.248750 -0.526526 -1.384601 0.742150 -0.361242 -0.214524 -1.039708 0.180643 -0.043976 -0.122440 0.964858 -0.019707 -0.526184 0.071231 -0.547538 -1.992619 -1.532335 -0.121762 8.269478 1.000000
37 0.959477 1.455038 -0.941096 0.168781 -0.785771 -0.486440 -0.636412 1.546636 -1.420142 -1.123055 -0.298060 -0.913565 2.176242 0.196726 0.641668 -0.394905 0.387003 -0.247921 -1.253830 -0.275647 1.611006 0.461785 -0.436849 2.115425 -2.218405 1.398310 -1.067693 0.808343 -0.691122 -1.279014 1.541408 -0.860488 0.308388 0.733877 0.253429 1.021826 -0.543311 0.640738 -0.121431 -3.849716 0.379712 1.000000
38 1.597728 1.586645 0.357207 -1.879019 0.405827 1.920974 0.880125 0.309335 0.491115 -0.887057 0.346685 -0.486627 0.535750 0.493608 -2.152095 0.164308 -0.353799 -1.485374 -1.589068 1.339586 0.770317 0.455898 -0.410000 -0.353152 0.843052 -1.466001 1.594706 -0.346359 1.707603 0.448186 -0.489952 0.002509 0.663160 1.919506 1.769659 0.404465 0.658444 -0.274916 0.501039 -0.041407 2.690549 1.000000
39 -1.814731 -0.228968 -0.527486 -0.125626 -0.600031 1.325119 -1.032332 -1.000429 2.579440 0.206892 -0.446009 -0.765661 -1.518534 -0.101352 0.900508 1.722994 0.384239 -0.146235 0.777654 0.121484 0.178176 -2.341215 1.474629 -0.175892 0.337101 -0.680942 -0.522898 -0.489862 0.031478 -1.458667 0.499080 0.312987 0.923596 -0.845920 1.875515 1.254302 1.433149 1.854408 -1.639916 0.040557 36.246647 1.000000
40 -0.113038 1.468505 2.299955 1.145395 0.866903 1.735999 -2.591116 0.374718 -1.061611 1.125935 -0.534973 -0.445813 -0.159784 -1.855514 -0.660418 0.169470 -1.044438 0.729044 0.841932 0.891782 -0.293300 -0.625077 0.843823 2.257900 -0.265504 -0.286768 0.160423 0.466934 -1.348197 -0.148919 0.725980 0.254300 -0.150602 0.511639 -0.656816 1.493829 1.149850 0.372575 -0.105793 -2.053155 0.100587 1.000000
41 1.593153 2.247578 1.005012 -0.383224 -0.699142 -0.451079 1.636832 -1.762167 1.155952 -0.170920 -1.748179 -0.554282 0.147428 0.022936 1.800551 -2.778167 0.681515 -1.509068 1.081696 0.022627 0.197868 1.270580 -1.165452 -1.512244 -1.144014 -1.223972 0.537336 -2.032868 -0.704584 2.413646 -0.505780 0.630648 0.399676 0.168810 0.373555 -1.165189 -0.929966 -0.268779 -1.445464 -0.471621 1.376192 1.000000
42 2.248785 0.807672 -0.583176 1.014967 -0.133680 0.594204 0.741491 -1.360338 1.815966 0.749238 -0.874162 -0.094210 -1.025532 2.185185 -1.675715 -1.127831 0.657738 0.367703 0.842820 -1.023686 -0.567698 0.079304 -0.385081 0.735746 -0.191183 0.854458 0.153339 -0.299545 0.092139 -0.578272 1.420262 0.688246 1.602670 1.577051 -1.530249 -0.667662 -0.275732 -0.936168 0.790649 1.696801 1.789693 1.000000
43 1.324047 1.442220 -2.205742 0.543842 -0.634956 0.770730 -1.358461 1.516363 0.506403 0.091262 -0.846418 -1.310058 -0.033571 -0.132492 -0.592090 0.974044 -0.818902 -0.986582 -1.374394 -2.013848 -0.821202 -0.701268 -0.494292 -0.607639 -0.462100 -0.193544 0.062462 -0.109610 0.729431 -0.028474 0.487017 -0.011543 -0.163537 1.885098 0.288942 0.231066 1.271807 -0.017192 -0.733931 -1.563695 3.091398 1.000000
44 2.964678 0.501729 0.110681 -0.279254 -0.739319 -0.580374 -0.202991 0.274688 0.602830 0.406797 1.162905 0.468687 1.914460 -0.980068 -0.625089 1.137739 0.170489 -0.532024 -0.046648 0.982229 0.744689 -1.959996 -0.474913 -1.129419 -0.995496 0.436144 1.729937 0.401603 -0.216382 1.198204 0.682665 0.318760 -1.407154 0.132631 1.571814 0.370378 0.953354 2.311263 -0.206433 0.729374 0.682433 1.000000
45 -0.220057 0.199359 -1.454796 0.387260 -1.021173 -0.477569 -0.450972 0.616054 -0.682616 2.360173 0.475860 0.251378 -0.363189 -0.507906 -0.481720 0.554568 0.601776 0.992142 1.290005 1.154355 -0.409377 -0.245831 0.666503 1.220582 -0.000474 -0.827778 1.073053 0.197708 -0.359216 -0.850968 -0.700876 -0.285534 -0.702021 -0.178115 0.658458 0.253717 -1.201508 -0.438062 0.258861 0.754352 0.383880 1.000000
46 -0.162381 0.170631 -0.668610 -0.190757 -1.097153 -0.990820 0.085457 -2.869209 0.115767 0.583635 0.142936 -0.413967 -1.178613 0.711386 -2.347120 -0.997358 -1.286122 -1.206979 -0.272061 0.555587 0.464246 -0.102974 -0.864977 -0.158960 1.020236 -0.378954 -1.024354 0.157154 0.007972 1.067104 0.152634 -1.431830 -1.026594 1.326151 -0.827554 1.069251 -1.358352 -1.090628 0.954513 0.343200 0.967363 1.000000
47 0.412570 -0.353128 0.378493 0.078029 0.393087 0.935947 -0.507033 -0.258183 0.539042 -0.612358 -0.824739 -0.865478 -0.569193 0.475387 -1.296986 0.795304 0.242740 -0.735354 0.150621 -0.902979 1.848960 0.024679 0.591986 1.235923 -1.232355 0.784524 -1.329968 1.009214 -0.438528 0.549318 0.033513 1.123050 -1.282332 0.549495 -0.004557 0.764269 -0.224407 1.337826 -0.180615 -0.226907 6.433328 1.000000
48 1.028695 -0.289868 0.014405 0.230475 0.699597 -0.608506 0.506913 0.632940 -0.137218 -0.712135 0.464888 -0.550415 -1.562154 -0.823958 0.624227 -0.342569 -1.019815 -0.682819 1.557036 -0.364901 1.303506 -0.210913 0.038426 -0.484705 -0.255923 -2.171189 1.435834 0.915647 0.810028 0.599823 -1.815012 -0.982046 -1.661809 1.296510 -1.568382 -1.068650 -0.485327 -0.428914 0.022813 -1.409173 0.553037 1.000000
49 0.489822 1.270730 1.273013 -1.096996 -0.003235 -1.443482 -0.954734 0.818983 -0.587153 0.631848 1.572349 0.651068 0.146166 -1.218986 -0.609892 -1.432776 -1.351765 1.429576 2.162108 0.728142 -0.437115 0.269614 1.123847 1.292476 1.392103 -0.005316 0.360291 0.549903 -0.187211 -0.859506 -1.149042 0.074144 -2.243434 -0.725501 -0.201434 0.017304 1.932280 -0.324960 0.198187 0.334302 0.276882 1.000000
50 0.286141 0.253179 0.018651 2.144229 0.759055 0.814513 0.087666 -0.291169 -0.069663 -0.539978 -1.396900 0.011369 0.113098 0.108246 0.003458 -0.000908 -0.253932 2.017270 -0.652636 1.377337 1.370643 0.883935 -0.335534 -0.854259 0.621717 1.166739 1.001025 0.926589 0.140741 -2.208010 -0.094704 -0.332996 0.084084 1.099379 1.214801 -1.324951 -0.861434 -0.619814 -2.404757 -0.641834 0.050941 1.000000
uncorrelated Gaussian covariates
missing covariate fraction: 0.000000
no latent classes
   lambda(t|risk 1)=C, <t>=4.000000 for zero covariates
   risk 1: beta[1]=0.500000
   risk 1: beta[2]=0.500000
   risk 1: beta[3]=0.500000
   risk 1: beta[4]=0.500000
   risk 1: beta[5]=0.500000
   risk 1: beta[6]=-0.500000
   risk 1: beta[7]=-0.500000
   risk 1: beta[8]=-0.500000
   risk 1: beta[9]=-0.500000
   risk 1: beta[10]=-0.500000
   risk 1: beta[11]=0.000000
   risk 1: beta[12]=0.000000
   risk 1: beta[13]=0.000000
   risk 1: beta[14]=0.000000
   risk 1: beta[15]=0.000000
   risk 1: beta[16]=0.000000
   risk 1: beta[17]=0.000000
   risk 1: beta[18]=0.000000
   risk 1: beta[19]=0.000000
   risk 1: beta[20]=0.000000
   risk 1: beta[21]=0.000000
   risk 1: beta[22]=0.000000
   risk 1: beta[23]=0.000000
   risk 1: beta[24]=0.000000
   risk 1: beta[25]=0.000000
   risk 1: beta[26]=0.000000
   risk 1: beta[27]=0.000000
   risk 1: beta[28]=0.000000
   risk 1: beta[29]=0.000000
   risk 1: beta[30]=0.000000
   risk 1: beta[31]=0.000000
   risk 1: beta[32]=0.000000
   risk 1: beta[33]=0.000000
   risk 1: beta[34]=0.000000
   risk 1: beta[35]=0.000000
   risk 1: beta[36]=0.000000
   risk 1: beta[37]=0.000000
   risk 1: beta[38]=0.000000
   risk 1: beta[39]=0.000000
   risk 1: beta[40]=0.000000
