0.000000 0.500000
1.000000 0.656000
2.000000 0.661300
3.000000 0.659300
4.000000 0.721500
5.000000 0.755100
6.000000 0.785100
7.000000 0.818900
8.000000 0.806600
9.000000 0.814700
10.000000 0.829700
11.000000 0.833000
12.000000 0.845400
13.000000 0.836900
14.000000 0.850700
15.000000 0.848400
16.000000 0.849600
17.000000 0.850300
18.000000 0.840000
19.000000 0.842100
20.000000 0.848500
21.000000 0.848500
22.000000 0.840800
23.000000 0.830900
24.000000 0.829800
25.000000 0.830000
26.000000 0.819300
27.000000 0.813500
28.000000 0.814300
29.000000 0.813500
30.000000 0.796900
