0.000000 0.500000
1.000000 0.555700
2.000000 0.655500
3.000000 0.690200
4.000000 0.707000
5.000000 0.720500
6.000000 0.727500
7.000000 0.753100
8.000000 0.770500
9.000000 0.745000
10.000000 0.781500
11.000000 0.774000
12.000000 0.775200
13.000000 0.773900
14.000000 0.783500
15.000000 0.781900
16.000000 0.761700
17.000000 0.777100
18.000000 0.782000
19.000000 0.776400
20.000000 0.779300
21.000000 0.766600
22.000000 0.775700
23.000000 0.774200
24.000000 0.776500
25.000000 0.768700
26.000000 0.766400
27.000000 0.766300
28.000000 0.764700
29.000000 0.770900
30.000000 0.754700
31.000000 0.748700
32.000000 0.745800
33.000000 0.738300
34.000000 0.738300
35.000000 0.727500
36.000000 0.719000
37.000000 0.716100
38.000000 0.711400
39.000000 0.711400
40.000000 0.709100
