0.000000 0.500000
1.000000 0.570200
2.000000 0.672000
3.000000 0.712200
4.000000 0.733800
5.000000 0.750700
6.000000 0.772300
7.000000 0.786200
8.000000 0.802800
9.000000 0.801300
10.000000 0.839700
11.000000 0.834200
12.000000 0.831900
13.000000 0.851300
14.000000 0.848000
15.000000 0.849500
16.000000 0.857700
17.000000 0.860000
18.000000 0.861700
19.000000 0.867700
20.000000 0.872600
21.000000 0.883100
22.000000 0.876300
23.000000 0.881100
24.000000 0.883700
25.000000 0.891700
26.000000 0.898300
27.000000 0.903200
28.000000 0.907600
29.000000 0.904900
30.000000 0.905300
31.000000 0.908200
32.000000 0.910300
33.000000 0.911600
34.000000 0.905900
35.000000 0.902000
36.000000 0.905300
37.000000 0.910700
38.000000 0.914100
39.000000 0.916700
40.000000 0.916500
