N=50
P=80
R=2
1 -0.246990 0.155487 0.547075 0.107801 0.353280 0.550134 -0.719171 -1.182735 0.507086 -2.025763 3.063910 1.330936 -0.117145 -0.828119 2.439764 0.006270 0.504065 0.792827 0.636090 -1.720660 0.220837 -1.127740 1.001325 1.745118 1.054114 1.069002 0.643346 0.244582 0.598999 0.247618 1.288493 0.572202 -0.470388 2.185518 -1.491006 0.739920 1.757548 0.476025 -0.418190 1.141610 1.176837 0.679643 0.063145 1.372604 -1.191743 -0.927080 -0.781999 0.474428 0.748068 -0.742692 0.715364 0.227570 -0.656571 -0.156166 -0.962089 1.278231 0.379670 0.056626 -1.209510 -0.556216 -1.015730 1.058599 0.659784 0.745803 0.011451 -0.135224 -0.935835 1.271700 0.329729 1.390023 -0.260990 0.682573 -1.327834 1.127289 -0.675941 1.302445 0.077966 -0.278002 -1.168721 -0.669518 0.632609 1.000000
2 0.707383 -1.026952 0.024757 1.384050 0.534452 -0.242572 0.626711 -0.429474 0.175989 0.102189 -1.019768 -0.022365 0.467446 1.374306 1.094668 -2.060246 2.428494 0.591347 -0.415776 -2.097898 2.797328 -1.486132 -0.198943 -0.503280 1.519284 -1.664070 0.893614 1.760322 -0.885094 -0.835945 0.228328 -0.267819 0.226416 -0.089300 2.346064 -0.421920 -1.323159 -0.355595 -0.364369 -2.150651 0.993826 -1.295308 -0.453151 -1.700139 -0.529009 0.383228 0.473663 -0.844180 -0.424947 0.717940 -1.260171 -0.478527 1.043462 0.286302 -0.091652 -0.655543 -1.174240 1.406435 1.369641 1.072037 -0.254911 0.489274 0.284017 -0.466255 -0.578025 -1.926347 -0.585204 0.283229 0.082202 -0.024426 -0.072177 0.172387 0.419094 0.737793 0.996473 0.166914 -0.018104 -0.743389 -1.577760 0.677523 1.291739 1.000000
3 -0.518443 1.193106 1.413542 0.372268 -1.013058 -1.886805 -1.004137 0.812316 0.051115 -0.514983 0.686584 -0.399976 0.607723 0.431610 0.535376 0.535113 -0.842981 0.816226 -0.258202 0.818426 0.767171 -0.494561 -1.792051 -0.172699 -0.514829 -2.457590 0.810517 -2.512210 0.997655 0.611900 -0.851360 0.858110 -1.150521 -0.468358 0.238311 -0.609533 -0.304748 -1.892255 0.779472 -0.779845 0.171603 1.204325 -2.250178 0.680543 -0.613883 0.987806 0.276772 -1.239304 -0.185933 -0.546588 1.839544 -1.398484 -1.104013 -1.060747 -0.120382 -1.387515 -0.477419 0.007401 -1.718297 -0.559664 0.186598 0.090787 -2.118803 -0.378074 0.622150 -0.338018 -1.206171 -0.648983 0.048458 -1.041518 -0.878324 0.007994 0.248719 0.196792 0.147024 -0.423305 0.795651 -0.126668 -0.341164 -0.093832 0.272310 1.000000
4 1.929289 -0.272794 0.221947 -0.914839 2.169084 -0.764885 -0.508805 0.100343 -0.431150 -0.563361 -0.478105 -1.293597 -1.142861 0.559035 0.860276 -0.081751 -0.117331 0.747628 0.473692 0.285387 -0.369892 0.835891 -0.178983 -0.579780 -0.981674 0.609072 1.225450 -0.937169 1.483905 1.235530 -0.202713 -0.600860 -1.257905 0.380821 2.452152 -0.942138 -1.434456 0.233763 -0.209313 -0.400525 0.498139 -1.074333 1.291405 1.139885 1.288892 1.611663 -0.013558 -0.058497 0.742819 1.100424 0.619645 -0.990246 0.858292 0.394355 0.049279 0.303011 -1.344108 -0.164195 0.352331 -0.307703 1.166218 -0.301464 0.492440 -0.954791 -1.236778 -0.754937 -0.039018 1.222260 -1.040692 -0.719504 0.351411 0.702788 -1.296677 -0.857579 1.007805 1.246089 -0.516787 -0.026513 -1.065193 -1.369152 0.538875 1.000000
5 0.017409 -1.331693 -1.126456 -0.168039 1.468779 -0.198858 0.844512 -0.973358 -1.378884 -0.907969 0.258975 -0.556520 1.195441 -1.071411 0.484395 -0.672506 -0.320180 -0.906309 -0.211666 1.029651 -0.641299 -0.483642 -0.367577 0.049697 -0.023426 -0.220121 0.443698 0.207198 1.397502 -0.959408 0.632160 -0.739042 1.725946 0.525535 0.471322 1.822138 -0.115308 0.195706 -0.070420 -0.139627 0.342496 0.040251 -1.049992 0.403461 -0.488654 -0.631405 0.105923 1.225403 0.307181 -0.589791 -0.793814 1.657701 0.117999 -0.001256 1.269329 -0.248268 0.654529 -0.433015 1.825217 1.540064 -0.321420 0.525676 0.238549 -0.866730 -0.701122 -0.677609 -0.492205 -0.885951 -0.216917 -0.839734 0.808261 -0.634497 0.356921 -0.629138 -0.526856 -1.158708 0.711893 -2.264444 -0.983471 -2.321428 2.663266 1.000000
6 1.926644 0.089916 2.843286 -0.370314 -1.327741 1.762528 -1.394203 1.738383 -0.320963 0.424516 1.048197 -0.261548 -0.184213 -0.166205 0.501523 2.074851 0.124727 0.085879 0.121599 -0.738523 2.102579 -1.151408 0.150373 1.630260 0.611290 -1.514667 -0.791773 1.748453 -0.954431 1.400768 -2.760649 -0.291404 1.461087 -0.335950 0.151230 0.960504 0.590481 3.144657 -0.162160 -0.266310 -0.190241 -1.769602 0.234733 -0.797832 -0.312372 -1.870684 -0.284812 -0.401388 2.371188 -0.756789 2.295755 -0.179209 -1.243320 0.595486 0.007906 0.097354 0.346902 -0.506356 0.098979 0.144928 0.898837 -2.038646 0.685342 0.878618 -0.106737 0.448476 -0.647798 -2.161102 -0.434556 0.128231 1.452987 -0.079006 0.722009 2.085430 0.823271 0.470696 -0.484800 1.055113 -0.933989 1.178652 5.093310 1.000000
7 -1.056917 -0.767007 0.685642 -0.716622 -0.314865 0.719619 -0.184111 0.590068 -0.452475 1.409428 -0.702194 -0.549499 0.702199 1.455209 0.988163 -0.068661 0.339526 0.295195 -1.420662 0.385302 -0.187878 -0.134083 -0.226737 -0.143938 1.276301 -0.630747 0.699648 1.732895 -0.188026 1.432094 -0.984963 -0.406754 1.451007 1.604470 -0.706529 0.203622 0.137141 -0.407331 1.750839 0.057275 0.885581 0.985529 0.271940 -0.512250 -0.564749 -0.128026 0.419430 -0.255965 0.210869 -3.028285 1.881307 -0.177567 -0.133159 -0.158893 -1.335943 -0.368706 -1.022220 1.476712 -1.311319 0.996318 -0.729801 -0.154637 0.425651 0.367976 1.962411 0.053930 2.034727 -0.102089 1.013003 0.073771 -1.409606 1.440848 -1.459284 1.316013 -0.204101 0.570295 0.574004 -1.548899 -0.440883 0.659582 13.170043 1.000000
8 -2.300677 -1.556323 -0.525222 -0.091530 -2.683174 -1.032453 -1.804595 -0.990906 1.657505 -1.398586 0.558139 1.448001 2.054209 -1.088668 0.032252 2.284423 -0.483700 -1.166941 -0.851358 -2.826409 -0.668159 0.244909 -0.044575 -0.644175 -0.256873 -0.123803 -0.288581 -0.470181 -1.470111 0.115133 -1.702264 -1.172047 0.078761 -1.639356 2.345231 1.400794 1.432913 0.942001 -1.482855 -0.500620 0.761470 -0.142403 -1.168759 0.148792 0.299050 -1.821663 1.036784 -0.191658 1.431469 -0.150134 -1.396951 1.969952 -0.232984 0.848373 0.608733 2.038122 -0.797019 0.459694 1.071132 0.812404 -0.245581 0.359292 -1.483123 -0.171678 -0.047412 0.550796 1.626423 -0.181896 -0.486065 -1.116639 -1.431392 0.390724 -0.179091 0.783256 0.667750 -0.119145 -0.227043 0.946068 0.077367 -1.424558 16.320922 1.000000
9 -0.429320 -1.768244 0.412025 0.036765 0.854368 -0.195064 0.097347 1.026805 0.122313 0.365046 -0.257074 -0.206608 1.262605 -0.359986 -0.904966 0.415983 1.108019 1.212474 0.327123 1.403517 1.621243 0.430747 -0.683751 -1.088355 -1.416979 0.449841 0.968349 -0.389731 -0.363905 0.713167 0.401941 0.445011 -1.341359 0.691854 0.976789 0.370145 0.936964 -0.366832 1.052239 1.547948 0.522559 2.036799 -0.123247 0.476494 2.304458 0.476902 0.052515 0.337011 0.805443 0.138493 -0.269312 -0.207958 -1.108515 0.127146 0.343003 -0.664575 0.367110 0.779840 0.272363 -0.140917 -0.025557 0.106662 -0.179690 0.530075 -0.084621 -1.355707 1.104645 -1.104658 -1.162833 -0.893675 0.440966 1.016277 -1.855008 -0.248411 -0.921589 -1.206442 -0.824406 -1.860347 0.589286 0.990386 11.090518 1.000000
10 0.482528 -2.239338 -0.278348 -0.715149 -0.890784 0.347602 1.579821 -0.148012 0.545781 1.392642 -0.715038 -0.479084 -2.147264 0.163524 -1.179734 0.543853 -0.044733 -1.023140 1.619992 0.171988 -1.353649 -1.172937 -0.137812 -0.264628 1.840965 -1.408508 1.140924 -1.269900 0.531848 -1.210344 0.730818 -0.374844 0.095735 -0.398022 0.157963 0.974955 0.094377 -0.190538 -0.090698 -0.845985 0.601622 -1.971549 -1.996863 2.421065 0.848622 -0.628918 0.894357 -0.379186 1.378195 -1.319030 -1.200566 0.093298 0.763501 0.217008 0.572203 0.081176 0.497701 1.070064 -0.683488 -0.328683 -0.389224 0.711046 1.570371 -0.704535 -0.256270 -0.428352 1.204454 -0.294843 -1.119453 2.745924 -0.591375 -1.162481 1.115756 1.312599 0.210761 -2.399993 0.999368 0.222500 -1.727104 -1.540119 82.784341 1.000000
11 0.753994 -0.050177 -0.446175 0.368541 -1.358748 0.296965 2.428944 0.526460 1.353106 0.512162 -0.651611 0.139454 -1.797692 -1.651903 0.351381 0.397134 0.126886 -0.566849 -1.498145 -0.612228 0.432612 -0.725059 -1.773212 0.042918 -0.959823 -1.412797 1.716568 -0.652684 0.100333 0.653639 0.252302 0.331258 -0.661828 1.218211 -0.883582 -0.384806 0.251062 -0.611951 -1.563765 0.954520 0.384631 0.674731 -0.119947 -0.363966 -2.563265 1.152718 1.394526 0.461246 0.748764 -0.417409 1.191846 0.372653 1.007618 0.458392 -0.159707 2.000640 1.868554 -0.163628 -0.262317 -0.195490 0.139895 -0.782849 -0.034534 -0.189469 0.693640 1.733783 1.510205 -1.017400 -1.664393 0.554229 0.440966 0.228767 1.107801 2.113982 1.215245 -2.371164 1.251526 -0.278264 0.142164 0.391212 186.516371 1.000000
12 -0.299081 -0.670280 -0.770992 0.301569 -2.979907 -0.211131 0.981755 -1.686197 0.458891 1.571565 0.168062 0.516364 0.147145 1.222619 0.534892 -0.077814 0.995480 -0.995594 -0.218890 0.201479 -1.154826 2.123481 0.766731 0.170164 0.462298 -0.713634 -1.526742 -0.833527 0.033435 1.394822 -0.963198 -0.983095 1.451916 -0.116023 0.546368 -0.014872 0.420848 -0.512442 -1.329750 -1.421897 -0.034961 -0.250815 -0.496470 -0.825359 1.599996 0.135994 0.941850 1.717082 -1.930560 -0.193320 -0.404275 0.430409 1.321909 -2.877431 -0.937812 -0.768354 -1.103688 -0.677593 0.446670 -1.410547 -0.520556 0.144793 0.563494 -0.523549 -0.090953 -0.189395 -1.445138 1.057869 -0.176400 1.801625 1.260398 -1.642650 -0.854811 1.458321 -0.247360 -0.508978 -1.441771 0.668140 0.096304 -0.354346 30.366853 1.000000
13 -0.406584 0.408502 -0.806381 -1.379949 1.967086 0.548919 -0.686035 -0.738352 -1.506654 0.311970 1.133019 -0.701966 -1.260050 -0.763021 -0.064791 0.204802 0.492026 0.500114 1.744575 1.596360 -0.489153 -0.316208 0.068489 -1.209248 0.200316 0.471054 0.484410 -0.357535 -3.799977 -0.034366 -0.766156 -0.293653 0.670803 0.740795 -0.787279 -2.660767 0.241663 -2.029829 0.363492 -0.850053 0.752577 -0.656227 1.432454 -1.251417 -1.801760 1.938400 -1.412897 -0.518734 -1.770488 -0.817038 1.258090 0.668884 -1.617138 -0.694121 -0.230304 -1.558094 -1.529316 -0.171701 1.108782 0.134837 1.148551 0.252362 0.749091 1.179790 0.898841 -1.323214 -1.381365 -0.870519 1.595179 -0.850423 0.397339 -0.450851 -0.821811 -2.119827 -0.555110 0.779053 0.429457 -0.308185 0.502595 -0.146638 0.750728 1.000000
14 0.995517 0.094424 -0.632072 -1.777898 0.202806 -2.252827 0.243319 1.832544 0.318209 -0.537997 0.691386 -1.127588 1.093425 0.073156 0.545769 0.700390 1.363418 -0.939909 -1.048176 -0.982685 -1.035885 1.187406 0.898548 -0.793751 0.664953 -0.073106 0.626389 -0.225781 -1.904346 0.019788 -1.753819 0.965500 2.576822 -0.238453 -0.053593 -0.019480 0.079372 0.002324 0.046574 0.835112 0.815384 -0.065239 -1.354058 0.417774 -1.936638 -0.748309 -0.579444 1.346444 -0.111454 0.456496 -0.024858 -1.029418 -0.191480 -1.027680 0.391395 1.205551 -0.847359 1.493491 0.876577 0.087931 1.646792 -0.720075 0.407921 0.801081 0.824326 -0.487862 1.431463 0.808189 1.209454 -0.331359 -0.300684 0.904694 -0.381085 -0.665359 -0.716668 -0.040991 1.176108 1.339110 1.482267 -0.887798 11.149347 1.000000
15 -1.456499 -0.272927 -0.337266 1.874860 -0.395248 -1.281540 -0.883047 1.292307 0.029032 -0.739365 -1.168106 -2.557589 0.272206 1.447947 -0.764128 -0.215212 0.727752 1.377726 -0.404181 0.541112 0.427064 -1.214183 -0.102216 -1.301852 -0.480698 -1.354316 0.238974 -1.023543 -0.383270 1.894310 -1.951419 0.538643 0.031082 -0.708282 -0.405166 -0.382798 -0.140442 -0.336220 -1.348410 1.551914 1.404778 0.267237 0.670274 1.473769 -0.023729 -0.582891 -0.150498 0.839248 -0.083152 -0.147394 1.165630 -1.484407 0.022594 1.554369 0.664172 0.142661 -1.346698 0.948278 -0.410575 -0.428729 -1.395271 -1.502470 -0.585561 1.866213 -0.041659 -0.257398 0.422152 -0.831395 0.949427 1.338399 -0.460585 -1.331715 0.418840 -0.464632 1.099953 -0.469132 1.251463 0.928292 0.952752 0.973010 0.273587 1.000000
16 -0.040038 -0.995270 -1.223675 -1.085493 0.215148 0.630268 -1.220245 -0.723151 0.636900 0.854534 0.303432 -0.404649 0.969260 -1.199956 -1.255736 -0.263121 1.334061 0.938120 0.465222 2.443677 0.252720 0.986014 0.044959 1.278690 0.241467 0.126736 -0.069445 -0.767157 1.829007 -0.134367 -0.221725 -1.468339 -0.000181 -1.461991 -0.077193 -0.719858 -1.999726 1.177743 0.476886 -0.436297 -0.202768 0.916647 1.289394 0.155626 -1.169174 0.899695 0.898428 0.485469 0.184588 -1.031560 -0.744199 -0.464717 -1.690800 -0.369960 -0.609969 -0.800445 -0.628184 -0.427291 0.690838 0.524312 0.345878 -0.121549 -0.488516 -1.405214 0.125921 1.065803 -0.568152 -1.270876 -2.183905 -0.997168 0.560233 -0.528927 1.627849 0.076134 -0.460800 -0.010520 -0.269797 -0.951476 -0.730906 0.275362 59.556080 1.000000
17 0.266102 1.035444 -0.581863 -2.911290 -0.993501 1.018578 -0.158048 -0.176232 2.058875 -0.334303 0.561091 0.195660 -0.902711 1.987090 -0.471372 -1.761143 -0.833906 -0.224423 2.478590 1.597869 0.788861 -0.052323 0.051194 1.178314 0.448940 1.447429 0.914662 0.907804 -1.045865 0.577578 -0.416560 0.102904 -0.271361 0.279020 1.445309 -0.112956 -0.646600 0.507154 0.226274 2.531730 0.246261 -0.428871 -0.253498 0.393081 -0.432278 -0.761006 -0.165300 -0.511519 -0.001650 -0.491303 -1.192175 0.380821 -0.422233 -1.165653 0.314434 1.419883 1.032857 -0.334777 -0.945257 -0.509824 -0.502652 -1.125981 0.791817 0.244447 0.819459 -0.716759 0.468535 -0.326635 0.972070 0.651750 0.636383 -0.813997 1.030031 0.504561 -0.209086 -0.925440 -0.630218 -0.213929 0.713883 1.496513 20.758857 1.000000
18 0.336091 -1.157449 -2.070474 -0.537644 1.385748 1.878020 -0.803142 -0.206751 1.542677 0.258208 -0.018499 0.190674 -0.151762 -0.168806 0.139643 -0.547041 0.541560 0.406812 -0.271888 0.273492 0.622921 -1.855493 1.626568 -1.170324 -0.987259 -1.704987 -0.325291 0.430509 -0.449755 -1.307383 0.810494 -0.695849 1.636776 0.306486 -0.747639 1.187508 0.034889 1.104323 -0.797410 -0.859368 1.377673 0.937606 0.512094 2.890161 -2.097527 -0.146087 1.175893 0.268235 1.637201 0.108331 0.768742 0.655725 -1.291697 -1.968810 -1.531237 0.890967 1.514463 0.052186 -0.795382 -0.440752 1.270167 0.508665 -1.134608 -0.116032 -1.015862 0.936224 1.316356 1.800122 -1.414202 0.315225 0.021765 0.507672 -0.622503 -1.165821 0.528895 -0.951210 -1.534160 0.724164 -0.386009 1.466353 43.185950 1.000000
19 -0.668769 1.425021 0.781095 0.458614 -1.406967 2.071766 0.051149 -0.480454 0.636624 -1.018809 -0.345811 -1.877589 -1.032609 -0.527614 0.148500 -1.266572 -0.829727 -0.504797 0.625887 0.532861 1.179837 2.045844 0.740740 1.630079 -2.233624 -0.695288 1.698433 0.002985 0.385310 1.453790 -1.128882 -0.739449 -1.290119 1.596320 2.184598 0.026926 1.630655 0.089617 -1.025318 -0.247612 1.198992 -0.227383 1.131726 0.077201 0.350890 0.285325 -1.282535 -0.681256 0.404446 1.051098 1.793473 1.932651 0.635987 -1.502928 -2.300328 -0.005836 -0.112176 0.944615 1.228254 -0.693171 -0.337519 1.301148 0.274657 1.071219 1.672484 0.862007 0.659018 -1.260924 -0.406787 0.395631 1.595975 0.943843 -0.753427 0.342962 -0.586844 -1.456368 2.090089 2.129954 1.383354 -0.425500 13.667526 1.000000
20 0.201644 0.561625 1.515715 -1.652659 -0.043831 0.833270 -1.430121 0.034633 0.334087 -0.845288 1.364434 0.436085 -1.029957 -1.340137 -0.045172 -1.584585 -0.614463 -0.456129 0.879514 -1.738907 -0.229132 -0.130067 0.420852 -0.208515 -1.057844 -0.230835 0.660139 2.418301 -0.215960 1.223091 -0.397475 -0.757112 -0.695670 -0.780511 0.004856 -0.008492 0.237014 -1.314785 0.637837 0.226539 0.216754 1.760531 0.236479 1.464282 1.471960 0.126431 -0.044363 -0.858381 1.229153 -0.556536 -0.272321 0.476146 1.249271 2.123317 0.832923 0.111737 -0.321662 0.156659 -0.599702 0.381741 0.634025 -0.434303 0.120426 -0.095517 0.321288 -0.836983 0.015105 0.365697 -0.985420 -0.183882 0.043503 0.498310 -0.351361 -1.301913 -0.318136 -0.686189 1.203913 -2.878374 -0.326783 -2.462966 0.896113 1.000000
21 0.742195 -1.736427 -0.885610 0.423781 -0.426679 -0.525333 0.115263 -0.403039 0.681484 -0.459780 -0.986258 -0.553501 2.375998 -0.260232 -1.671537 1.125313 -1.076329 -0.664720 -0.536774 -0.902418 0.251088 1.676289 2.145041 0.964010 1.214583 -1.329692 0.541268 0.418445 -0.777267 -0.071121 1.356214 -1.347342 0.322879 -0.631328 -0.498782 0.840632 -1.191118 1.983859 0.588621 -1.071181 0.719546 0.312055 -0.428304 0.719983 -0.697800 0.345007 -0.334903 -0.368748 0.186777 -0.249977 0.121284 0.946955 0.347548 0.996245 0.654997 -0.474604 0.478742 0.436780 -0.235076 1.311304 -0.133334 0.322694 -1.380166 0.858052 1.387677 0.216476 -0.402762 0.322353 -2.171317 -0.448688 -0.676168 -0.638405 0.759746 0.858280 -3.097700 -0.867757 -0.421247 -0.518339 0.012342 -0.165068 1.135590 1.000000
22 0.089261 0.976449 -0.451400 1.503960 -0.406325 -1.531201 0.747216 0.738913 0.297560 -0.988349 -0.401614 -0.310034 -0.872368 0.373207 -0.928066 0.148195 -0.005910 -0.098200 0.020222 1.599965 0.484168 0.066010 0.303482 -0.260366 -0.939887 0.092800 1.189200 2.085933 -0.553699 -1.246574 -0.563470 0.255952 0.117170 0.154271 -1.008682 -0.114136 -1.737055 0.098166 0.980279 -0.952786 -0.468513 -1.231631 -0.111890 -1.322819 0.154769 0.595650 0.201052 -1.246681 0.545998 -0.187089 -2.046397 1.133396 0.005707 0.510274 0.350354 1.992100 1.382002 -0.501547 0.934566 -0.478925 0.101184 0.717629 0.426844 0.331459 -0.062505 -1.237096 0.384823 0.364484 -1.021483 0.952544 -1.719588 -0.108400 1.249868 0.255243 -0.194248 0.954863 -0.768948 0.167124 1.519194 1.903122 0.825687 1.000000
23 -0.452603 0.366175 1.425910 -0.292798 0.749070 -0.988254 0.636705 -0.597583 0.119961 -0.083312 0.665867 0.158174 -0.567427 1.050537 0.552910 2.191204 -1.342826 -0.861870 -1.223351 0.469694 -1.980262 1.968648 -1.868767 -1.141454 -0.206707 0.750623 0.828872 0.620342 0.827521 0.149276 -2.421197 -1.377424 1.247172 -0.203778 0.673488 0.968697 -0.579799 0.150863 -1.687299 -0.992762 0.287863 -0.403509 0.557978 0.179538 0.676265 0.650503 0.254907 -1.175752 1.495006 -2.075093 0.552225 1.160684 -0.266684 1.152945 -0.119811 0.515911 -1.193864 0.544831 0.953383 -0.141936 0.767054 0.631490 -0.263087 -0.694608 1.342906 -0.289445 -2.170162 0.660974 -0.119749 2.029594 0.118627 1.035671 -0.003351 0.864391 0.076686 -0.728855 0.059344 -1.570158 -0.358423 -0.837129 1.294845 1.000000
24 1.551169 -2.375966 0.317018 0.148455 -0.356044 -1.389249 -0.490207 0.237223 -0.684354 -0.574908 1.253443 0.261413 1.977791 0.779272 0.880824 -1.159795 0.064066 0.064936 -1.184483 -0.808829 0.091233 0.789355 -0.413541 -0.875363 0.699894 0.549482 0.200879 0.574801 -2.228396 -0.349272 1.004663 0.338218 1.537945 1.096320 -1.582628 0.989196 0.038301 -1.217856 -0.537363 -0.194584 2.411267 -0.602280 0.507343 0.165029 -0.633083 -1.417163 0.812112 1.441964 -0.294653 -0.191887 -1.541171 0.122171 0.492356 -0.524086 0.618921 -0.686095 0.957340 -0.765239 -0.770562 0.259996 -0.747148 0.542950 0.294682 2.605704 0.918594 0.358614 0.543320 -0.040674 -2.155853 2.235440 1.603286 -0.318859 1.684481 -0.728395 1.428452 -0.617236 -0.403757 -0.916416 -0.860471 -0.960064 0.946701 1.000000
25 1.527784 -2.094202 -2.577365 -0.273379 -0.224615 0.750866 0.155118 1.726642 0.914836 0.277882 -0.841380 -2.549773 -0.788372 1.623076 -1.296226 2.043200 -0.348751 -0.041637 0.218571 0.731563 -0.116482 -0.583827 0.270447 0.534640 0.159414 -0.560417 0.436385 -1.041562 -0.622550 0.902952 2.261617 0.329474 1.313260 -0.650319 -1.038300 0.617695 0.090423 1.345111 0.694727 1.103146 0.551163 0.970756 -0.161965 0.463250 0.884402 0.682509 -0.431102 0.841283 -0.195372 0.416995 0.065506 0.851225 -0.183287 -0.109846 0.896975 1.271024 1.262298 1.041921 -0.128163 2.178636 -0.015556 1.184330 0.219142 0.758153 1.721102 -0.916180 -1.932937 0.273500 -2.211314 -0.691996 -1.880754 0.721790 0.250115 -0.018879 1.023372 -0.071316 0.568714 -0.012075 1.178698 -1.173323 70.242108 1.000000
26 -0.427185 0.302314 0.078710 -0.609533 1.758300 1.480559 0.163913 -0.799182 0.750793 -0.801156 -0.958449 0.442469 0.279451 -1.433044 0.085765 -1.916979 1.161854 -0.206925 1.367896 -0.589524 -0.892756 0.076539 0.080313 0.458327 1.263666 0.993177 -0.590064 0.658885 -0.064876 -2.122269 1.181744 0.045298 -0.001569 -0.985518 -0.602564 1.917690 0.544153 0.692638 0.301735 0.542290 -0.518090 0.430244 -0.532238 -0.554371 -0.085750 0.236368 1.672890 -0.955886 -2.039096 0.879664 -0.531608 -0.731852 1.986956 -1.991131 -0.313509 -0.030822 -0.850998 0.718373 0.687969 0.122950 0.014355 0.704017 -2.177136 0.716800 0.057546 1.228401 -0.505835 0.619063 -1.318606 0.061946 1.060748 0.470591 0.251223 -2.477419 1.800907 -0.164436 0.524360 -1.236349 -0.690943 0.687006 0.319648 1.000000
27 0.315554 0.390663 1.367893 0.469650 0.766088 -0.488329 1.311784 2.071387 -0.675632 -0.485396 -0.233560 3.237460 0.385195 0.061492 1.569187 -0.067799 -0.360368 0.538337 -1.532000 0.566944 -0.967342 -0.317554 -0.025689 -0.886052 -1.316789 -0.967512 0.661301 1.159239 -1.077041 0.151463 1.334575 -0.045202 -0.060092 -0.749185 1.840084 1.202824 -1.444595 -2.258405 0.696527 0.302291 0.259108 -0.166350 -1.299859 0.534597 0.928020 0.592142 -1.198953 -0.070107 0.467722 -0.214355 -0.103677 1.549546 0.633150 -0.364147 -0.696750 0.136586 0.413249 -0.218391 -0.627634 0.093230 0.649475 -2.641345 0.663371 -0.488592 1.263375 -1.240445 2.521060 -0.275044 -1.160477 -2.597497 0.357672 0.099337 1.074177 -0.478011 -1.724720 -1.359752 -1.713681 0.743335 -0.842073 -0.067676 1.831992 1.000000
28 -0.158069 1.497831 -1.597653 0.652358 -0.253667 0.127993 1.062826 -0.849227 1.570746 -0.639809 -1.034232 0.383566 -0.160377 0.184734 -1.663733 -0.698556 0.081512 -0.476087 0.030685 -0.004330 -0.453813 -0.753932 0.116893 0.673848 1.795466 0.494031 1.194011 0.310937 0.846634 1.306719 -1.081883 0.624249 2.053288 -0.688716 -0.185639 0.193255 0.699662 0.491913 -1.067574 0.528396 -0.076261 -0.070401 -0.146993 0.989281 0.439803 0.856290 -0.681666 -1.155583 -0.388988 -1.489960 -0.562949 0.122064 -1.457563 0.648026 -0.369488 0.967118 0.273030 0.471833 -1.480572 -0.124025 0.164493 -0.261263 -1.671171 -0.750754 -1.100460 0.482306 1.291198 -1.146463 0.244753 -0.784322 -0.408533 0.800566 0.682223 -0.515504 1.787696 0.350263 1.478720 -1.821878 1.370887 -0.599147 20.719866 1.000000
29 0.244139 1.028271 1.168837 -0.873817 0.331733 1.552400 -0.578184 -1.050230 0.024550 -1.514665 0.469110 0.269039 0.580082 0.970220 -1.303845 0.151381 0.670248 -0.403868 -1.228105 -0.613727 1.631831 -0.765369 -0.180313 0.914555 0.524495 -0.398543 -1.783000 2.811054 0.835985 1.012081 0.324140 0.285919 0.452593 -0.714125 -0.906877 -1.334804 -0.293380 1.535719 0.357683 1.040867 0.802431 -0.060201 -1.142451 -1.782331 -0.665093 3.264565 0.090461 1.292153 -0.510940 -1.245554 -0.805507 -1.224794 -2.937849 -0.880600 -0.247472 -0.439769 0.006799 -0.004260 -0.655576 -0.576153 -0.743398 0.067841 -1.215197 -0.194642 0.686504 0.181051 -0.443310 0.046949 -1.478465 0.896544 -0.853193 0.475223 0.629510 0.493942 1.506567 0.842091 0.017059 -0.435990 -2.119204 -0.897849 0.059078 1.000000
30 -0.797236 -0.251034 -2.046501 0.383711 -0.523972 -0.125335 0.501542 0.260361 0.211534 -1.013311 0.695798 0.853223 0.197972 0.776393 -0.656613 -1.192927 -0.176747 0.951873 1.514120 -0.368073 0.791019 -0.443083 0.582555 0.407324 1.944034 -0.004010 -1.451278 0.550215 2.031044 -0.392263 0.892136 0.260519 0.527558 0.092874 0.517626 -0.473395 -2.363740 0.092515 -0.062417 -0.354755 -0.149809 0.442241 -0.701892 -0.761488 -0.521445 0.775798 -0.346064 2.294878 0.873375 -0.848921 0.446837 -1.297511 0.512367 0.533182 1.675806 -0.593699 -0.635742 0.228254 -0.490604 1.233974 -0.955389 -0.067601 -1.133879 0.760541 -0.472397 -0.570148 1.413383 -2.280864 -0.595295 -0.094162 -0.474467 0.154745 3.817546 0.298308 0.517642 -0.970643 -1.004105 1.084424 -0.467620 -4.285723 0.158815 1.000000
31 1.669065 -1.210290 1.104276 -0.540097 1.251662 -0.854075 0.009211 1.005505 1.208794 1.049238 1.884355 1.163007 1.354443 0.475701 -0.714500 -1.541943 -0.267020 -0.639419 -0.411572 -0.630039 1.046213 0.641268 -1.174034 -1.345506 0.763998 0.339071 -1.393319 -0.470130 -0.468854 0.126153 1.056309 0.098550 0.231287 0.134963 1.420406 0.503586 -0.207309 -0.345260 0.826425 -1.306236 1.248698 -0.089406 -1.560466 2.459450 -2.693022 -2.125595 1.482360 0.135360 0.217421 -2.064387 0.996286 1.116834 0.789519 0.099577 1.494284 -2.038025 -0.427885 -0.621116 0.436771 1.364607 -0.478434 -1.497182 -1.313723 -0.328727 0.799876 -2.980255 1.348748 1.024258 1.213821 0.161745 -0.137370 1.478863 0.276167 0.505123 0.221066 -0.679596 0.575953 0.356542 0.767189 -0.001098 10.923245 1.000000
32 1.110624 0.161154 -0.379220 -0.123662 0.459468 0.324600 -0.591510 0.656777 -1.887487 -0.959440 0.258715 -0.046460 -2.066837 0.029590 -2.268423 1.673353 -0.999925 -0.713821 0.018907 -1.551361 -0.093866 0.176247 1.243664 -0.738776 0.803497 0.367077 0.772845 -0.184840 0.863449 0.240170 0.039720 0.800893 1.650549 -0.187915 -0.717994 -1.666973 1.767398 -0.682752 1.579626 -0.129120 1.002600 -0.999224 -0.488239 0.094599 -1.365891 0.803124 1.140881 0.499448 0.121120 -0.707336 -0.429112 -0.042287 0.079010 1.512505 0.329802 -0.631832 -0.408097 2.123787 0.139867 -0.066722 -1.107049 -1.272079 1.514954 -0.482830 0.960002 -0.886554 -0.997194 0.167007 -1.417417 2.359606 1.464977 2.247816 -1.223176 -1.436945 0.172475 0.226796 0.458656 -0.787992 -0.704610 -1.161442 0.022131 1.000000
33 0.097403 -0.256737 -0.603548 0.101432 1.549468 1.999176 -2.252407 -2.394314 0.383169 -0.526076 1.092019 0.619953 0.683059 -1.426493 -0.277914 -0.287685 -0.315104 0.372255 0.492434 0.233906 0.127570 0.407850 2.021362 -0.231898 0.444201 -0.553026 1.061607 0.088840 -0.630722 -1.759200 -0.680134 -0.080780 0.368812 -0.757109 -0.227962 0.778970 0.677668 -0.250608 0.973930 -0.828571 -2.873712 -0.023963 -2.033881 0.701261 1.033588 2.216630 -0.573537 0.294414 -0.428323 0.818864 0.451742 1.122165 -0.215327 0.054905 -1.240940 -1.266200 -0.877801 0.935861 -1.445574 0.319675 1.760546 -1.998026 1.855632 -0.397841 0.706685 -1.664866 0.914841 0.729096 -2.711087 -0.225158 0.115674 -0.009551 0.695123 -0.383856 -1.151667 1.033281 -0.171094 1.275728 -0.489987 -1.433989 0.098175 1.000000
34 -0.699054 0.211808 -0.106189 0.362490 -2.605546 2.513571 2.725581 0.996118 -0.152454 0.231810 0.944864 -0.346284 0.227967 -1.018908 0.567988 -0.280846 -1.418636 0.241792 -0.264307 0.104030 -0.908626 0.947201 0.761536 -1.841072 1.047652 0.306906 -0.070078 1.515942 -0.538991 0.482699 -1.427656 -0.603177 -1.443818 -0.441925 0.453256 -0.393359 0.134193 1.752686 -0.065646 -0.148614 -1.151592 0.720910 -0.117889 -1.105965 -0.721200 2.266657 -0.896408 -0.901112 2.195035 -0.802552 2.386894 0.448481 -0.431895 -0.212770 -0.068084 1.126025 0.356855 0.371876 -0.670872 1.199591 1.503931 -0.082441 0.215236 1.133966 -1.977982 -0.202905 0.484666 1.595628 -0.286494 -1.456272 0.095105 -1.444807 0.896283 0.954763 -1.248832 1.445502 1.738511 1.396827 -0.555292 1.698263 203.924430 1.000000
35 1.511288 0.620898 -1.452663 -0.314453 0.156779 0.477215 -0.106228 2.377706 0.497888 1.216137 1.270966 -0.837101 0.729393 0.073232 -1.062992 0.256841 0.166109 -1.060560 0.713952 0.425623 0.493181 0.129012 -0.551177 -0.831707 -0.026215 1.254647 0.104035 0.901622 -0.958306 -0.720700 0.667695 -0.899982 -0.388758 0.887774 -0.389273 -0.392216 0.579426 0.639529 -0.055376 0.371925 0.558189 0.496931 -0.776999 1.192316 -0.778972 -0.187736 1.092282 0.487248 -0.785331 -0.073809 -0.482788 -1.923524 -0.661810 -2.071877 -0.623463 1.974323 -0.503805 0.944177 -0.864207 1.223072 -0.424048 1.672961 2.221041 0.534668 -2.043762 -0.358994 -0.385903 0.728175 1.789854 0.165016 0.813760 0.604092 0.511395 -2.115563 0.611007 0.492395 -0.609084 0.729850 -0.511824 0.433980 2.452135 1.000000
36 -0.014093 0.527590 1.241167 -0.684741 -0.544283 -0.054519 -0.359416 -0.105988 -0.970778 1.595097 -0.564423 -0.603640 -0.470229 -1.996508 2.037866 0.733820 -0.767826 -0.722469 1.027498 0.707876 -1.079180 1.122267 1.761776 0.132312 -0.224550 0.100029 0.174616 1.172431 0.862505 -0.250445 -0.298998 0.500977 0.285879 -1.090997 1.019790 -0.180989 -1.885859 -1.207013 -0.603317 0.577474 0.278487 -0.017212 -1.016909 1.056986 -1.666145 -0.127043 -0.878253 1.940817 0.067901 -0.983399 0.457893 -0.938890 1.763200 0.782675 -0.343824 0.557219 1.205058 -1.369941 0.239957 0.226702 0.285772 0.701831 -0.375290 0.820988 1.325008 -0.349874 1.455471 -1.586186 -0.209181 1.428278 0.434424 -0.265943 0.625211 0.470962 -0.550614 -0.576627 -0.939657 1.876386 -1.276314 -0.209637 0.417647 1.000000
37 -0.017554 -0.813075 -0.374537 -0.617474 -0.061757 1.860342 -0.303085 -1.675284 0.463196 -0.235065 -0.532264 -0.356529 -0.311669 0.829712 -1.778842 -0.175063 -0.630384 -0.082383 -0.588202 0.157937 0.668338 -1.361451 -1.720747 0.771871 0.387045 -1.237464 1.719810 -0.202284 -0.185024 -0.468364 -0.323630 -1.120125 -1.755627 -0.915390 -0.806726 -0.730696 -0.119902 1.556726 0.267610 0.659635 0.452328 0.217611 -0.722967 -0.815828 0.004742 -1.214524 0.553985 0.179091 0.393284 -0.409057 -0.401955 0.216513 -0.175838 -0.560161 0.064891 0.175406 -0.839282 1.339310 -1.190535 -2.880097 0.250170 0.086629 -0.443855 -1.605883 -0.002564 0.639007 -1.258661 1.842881 0.309827 1.178170 -0.422277 0.259792 0.779352 -1.318781 0.792471 0.794137 1.429043 -0.530772 0.057622 0.837404 7.511423 1.000000
38 1.247729 -3.039989 -1.102966 -0.721302 1.751145 1.455469 -0.302634 -1.689274 -0.296330 -0.374777 0.110716 0.621427 1.123839 -0.760237 -0.333243 0.338167 -0.067305 -0.831982 -0.005340 0.064999 -0.145032 0.435194 1.005844 0.721531 0.416147 -0.839157 0.139957 -0.138034 0.017454 0.694187 3.314506 -0.213786 -0.068248 -0.712423 0.661526 1.389165 -0.673328 -0.674232 1.187502 -1.789322 -0.224717 0.070335 -0.246669 -0.361032 0.618980 0.311261 0.540376 -0.325978 -0.993837 0.407623 -0.514407 0.056757 -0.138231 -0.635025 1.124717 -0.767779 1.306586 -0.650514 -2.152327 0.098202 0.454298 0.598069 -0.346395 -0.916168 0.126295 -0.132498 -1.154642 -1.890386 1.176352 0.340252 -1.894182 0.609364 -1.059792 0.009025 -1.206806 0.361340 1.866864 0.056033 1.853699 -1.151579 0.387307 1.000000
39 -0.379502 1.035594 -0.786070 -0.029777 -0.538324 1.308124 0.861137 -1.311076 -0.443166 -0.807908 -0.074578 0.924419 0.697633 0.423350 1.488784 -0.523891 0.312835 -0.985674 -0.666676 0.495814 1.155678 -1.480013 -0.334664 0.468672 0.575253 0.721773 -1.941391 -0.470384 0.213350 -0.456435 0.412031 -0.327190 0.708870 0.974155 2.214250 -0.456868 1.298089 -0.896388 1.133075 0.085760 0.052595 0.048617 -2.147940 0.058562 0.368732 1.699740 0.120884 -0.290591 0.573654 0.111800 -0.431647 1.423151 -0.977811 -0.271620 0.437274 1.379554 0.775181 0.881196 -0.512029 1.385765 0.853770 1.113311 -0.885058 0.295553 -0.283987 0.320037 0.693690 -0.042203 -1.195655 -0.056095 0.674837 -0.134743 -0.222602 -0.015412 1.822728 0.793908 -1.863097 -1.100452 -1.346162 -0.113993 12.979600 1.000000
40 0.828235 0.754881 0.311077 1.508659 0.811339 0.940620 0.182002 -0.762411 -0.663876 1.211369 -0.616404 0.138967 -0.338547 0.390837 -0.190181 0.667157 0.502782 0.643517 -0.087011 0.737664 -1.513700 1.041252 -1.833072 -0.276038 0.272507 1.547408 -0.194534 -0.467880 1.036736 0.589980 0.927950 0.458852 0.479299 -0.592208 -0.403110 -1.212132 -0.454639 0.987489 -1.593872 -1.051089 -0.754190 1.233503 0.802997 0.403593 0.713606 -0.247814 0.279372 -0.929490 -1.206903 -1.514176 -0.699232 2.486854 2.091753 1.272152 0.668828 -1.600319 0.555975 1.920706 -1.458916 -0.015622 -0.661749 1.195926 0.359101 1.321587 -1.021716 -0.979182 -1.440704 -0.681119 0.681626 0.855706 1.050234 -0.015840 0.768440 -0.973635 0.509275 -0.727044 -0.538483 -1.278408 0.087444 0.512662 0.378589 1.000000
41 -0.545137 0.370805 -0.199902 1.231480 -1.362496 -0.132423 -1.738611 1.472714 -0.056306 0.830082 -0.732202 0.549508 -1.342592 -0.405509 0.536669 1.555708 0.166972 0.878195 -0.701170 1.298506 1.970080 0.415516 -0.388803 -1.403177 1.171838 -0.037475 0.582912 0.678587 0.617891 -1.355873 -1.533133 1.000601 -0.528000 -2.790760 -0.800113 -0.276575 -0.957163 -0.424281 0.060717 -0.586338 -1.170348 -0.595747 -1.321353 0.004331 0.055101 0.932711 -2.167472 1.202471 -0.063917 -0.787612 -1.683808 -1.908652 0.984096 0.991132 -0.995747 -0.142582 1.090014 0.042658 1.360024 -0.554172 -0.576710 -0.044164 1.924299 0.697211 -3.329076 0.441721 0.475874 0.138958 -0.765938 0.452192 -0.894012 -0.099964 0.117175 -1.739001 -0.631137 -1.207704 -2.101015 0.701151 -0.815655 -0.961373 2.320675 1.000000
42 0.291776 -0.333302 -0.882018 -1.566713 -0.381617 0.013956 0.698715 1.784276 -1.235115 -1.428935 1.368733 0.587786 1.412066 1.595245 -0.702704 0.660263 0.596491 0.269675 -1.444373 0.441117 0.951855 0.571820 -1.086631 1.416689 0.300618 0.270313 0.629463 -0.551402 -1.320083 -0.436978 0.071726 -1.127112 -0.907130 -0.203958 1.671156 -0.447033 0.578588 0.219853 0.605648 -0.226435 0.951829 1.030904 1.228801 -0.716714 -0.880383 -1.555062 -0.731973 -1.256514 0.310373 -1.227531 0.156732 0.252983 -0.031401 -0.238561 -0.755984 0.560242 0.343992 0.467268 0.514559 0.796818 -1.259083 1.306248 -0.237210 1.149184 1.277587 0.449754 0.964563 -1.080333 1.219515 2.870242 -0.326684 0.364488 -0.424276 0.413202 -0.273953 0.292919 0.594608 -1.002767 1.626173 0.238494 12.720825 1.000000
43 0.081984 1.895855 -0.777079 -0.104776 -1.012526 2.037164 -0.235697 -1.509136 -0.502186 -0.741015 2.296309 0.034750 0.206877 0.177840 0.424860 -0.622455 -0.178833 -0.968814 -0.079282 0.823663 0.371708 -0.093561 1.268637 1.249709 0.680653 -0.207240 -0.689026 -1.603049 0.824283 0.201804 0.323241 0.737937 -0.476519 0.070250 -0.666454 -0.722083 1.867588 0.567066 -1.296072 -0.049481 -1.027694 -3.079488 0.404048 1.135008 0.588416 -1.176322 0.056106 -0.106290 0.568531 -0.505062 0.509141 -0.439572 0.789272 -0.309159 -0.668237 -0.326630 0.725630 -1.427269 -0.338864 0.744075 -0.949232 0.744777 -1.190663 0.016440 -0.748751 0.657570 0.530846 -2.044536 0.488130 -0.750551 0.491359 -0.835474 0.008176 0.026155 -0.755595 -1.737971 0.410778 2.186963 0.267923 0.339472 7.810289 1.000000
44 -0.776888 0.356704 1.369637 -0.967235 -2.536235 -0.006209 0.947246 -0.548703 -0.090178 -1.127111 -0.536556 0.847575 0.442264 0.432185 -0.907789 1.151309 -1.870280 -0.528292 -0.380714 -0.801352 -0.581049 -0.181884 -0.236902 1.659834 0.088561 -0.499487 -2.067035 -1.826307 1.307809 0.510418 2.024293 -0.162769 -1.133775 0.108631 -0.431444 -0.025114 0.613436 0.872677 -0.133718 -0.577503 1.629264 0.151303 1.446049 -1.356829 0.237500 -1.319317 -0.067474 -0.377860 -0.012059 -0.181528 -1.028654 0.385278 -1.904281 -0.911760 0.241461 -1.152491 0.106188 -0.776793 0.091725 0.400598 -0.914896 -0.071878 -0.469699 0.601092 2.334306 -0.889343 -1.177470 -1.208866 -0.465017 0.492629 1.753983 -1.561160 -1.380289 -0.480462 -1.181707 0.581448 1.285477 -1.892298 0.718098 -1.390190 1.479118 1.000000
45 1.387354 0.690268 0.219644 1.727843 0.252054 -0.020710 -0.580856 -0.742971 -0.073536 1.479881 0.598119 2.030629 0.161151 1.882753 0.265618 0.137828 0.270921 -0.152677 -0.139965 -0.577166 -0.952137 -1.216528 1.112766 -0.838352 0.008829 0.039048 -0.728091 0.708523 -1.273418 -0.309633 0.877577 0.626018 -1.642695 -0.201320 1.850638 0.109787 2.645987 -0.389859 -1.193401 1.362236 -0.298893 0.260774 0.143598 -1.963753 -0.217030 -1.139203 -1.834498 -0.662384 0.259137 0.560504 0.041933 -0.217180 -0.364758 -1.074340 -1.017005 -0.174687 -0.329669 -1.727694 0.165032 -0.965403 -1.676671 0.325317 0.842942 0.976825 2.306720 0.170689 0.916063 -0.129637 -0.729185 -0.188012 0.136920 0.231636 0.575088 1.947390 -0.977569 0.004904 1.263593 2.457818 0.242050 -1.279303 0.088113 1.000000
46 -0.358958 -0.107363 -0.471174 -0.032406 0.122318 -1.983411 0.453183 -0.609696 -0.488478 -0.478750 -0.118667 1.052675 0.043046 -0.140331 -0.970635 -1.056603 -0.144713 -1.251273 -0.518617 -0.534779 -0.782104 -0.127505 -1.729282 1.658783 1.320370 -0.405921 0.259133 0.638777 -0.096888 0.319693 0.845243 -0.096364 -0.539263 0.635497 1.019704 0.697508 -0.385687 0.332231 -0.002119 -0.374924 1.740510 -2.260765 0.916191 -3.487198 1.556704 0.833347 -0.690803 1.333660 -0.923232 -1.657366 -0.859244 -0.936012 0.064909 -1.069617 -0.833697 -0.904494 0.067217 0.136162 0.501581 0.245829 0.672706 0.046541 0.904495 -0.404316 -0.576661 1.239447 -2.036729 -1.743006 -0.248832 -0.273415 0.336309 0.609243 0.165845 1.606398 0.300302 -0.166710 1.240574 -0.121983 0.925905 -0.719680 0.512669 1.000000
47 -0.143907 1.909304 -0.134761 0.856159 -0.566585 -0.878417 0.731378 -0.043689 -0.214528 0.362718 -0.441959 -0.380955 -0.159976 -1.492605 -0.723019 -0.657784 0.401009 0.075764 -0.010788 -0.269939 0.376154 1.053358 0.482995 -2.264898 0.009008 1.013489 0.878370 -2.748496 -0.013411 0.085509 -0.458410 -0.139824 -0.719181 0.715680 0.438566 -1.179987 -1.680802 -1.000195 0.103543 0.169283 0.831511 -0.034796 -1.093273 -0.469980 -0.034570 -0.133220 -0.102038 -1.214672 -0.946600 0.260789 -0.252807 0.482170 -0.823883 0.284382 1.678823 0.069710 0.243207 1.457484 1.036621 -0.665066 -2.376188 -0.337526 0.020114 -0.983843 1.804340 0.033048 0.408533 -1.359888 0.489218 1.339982 -0.123806 0.055503 -1.064327 0.073683 -1.127776 -0.998512 -1.331288 0.428230 0.834403 0.664402 1.761409 1.000000
48 0.736677 0.059991 -0.394448 0.411230 -1.296666 -1.451899 0.432165 0.889287 0.910635 -1.958403 -0.427893 -0.289609 0.094985 0.841111 0.705602 0.104124 0.647298 1.299693 -1.662482 -0.646131 -0.647704 1.079858 -1.159513 0.544719 -1.097124 -1.713699 0.987527 0.070536 -1.733146 -0.172129 0.635640 2.532861 0.961122 -0.117273 -0.072129 -0.217667 0.582383 1.068936 -0.204052 0.452696 -0.029541 1.167784 -0.504389 -1.332354 0.275345 0.368248 -0.445175 0.245661 -1.449876 -0.549744 -0.689926 -1.053504 0.362090 -0.037824 0.376115 -2.532375 0.103386 0.110271 1.063700 0.721794 0.110762 -0.088264 -1.011389 -1.167634 0.483733 0.219695 -1.773807 -0.777407 -2.582616 0.524300 -0.580179 -0.485962 -0.681525 -0.612584 0.219871 1.710427 0.518406 -0.051012 0.809418 -0.158303 5.569908 1.000000
49 2.280683 -0.839867 0.343438 0.055975 0.692135 -0.732377 1.521137 1.128091 -0.070887 1.056476 1.474158 -0.552224 0.218353 0.592188 0.175732 -0.832685 0.028979 0.118914 0.559650 0.211946 0.699335 -3.110040 0.920120 0.532517 -0.284020 -0.681786 0.358451 1.129033 0.729368 -1.354386 0.544587 -0.386863 0.075013 1.129712 -0.269722 0.257132 1.684503 0.913463 -1.623947 0.206487 0.182897 -1.204458 -1.152952 -0.682343 -0.595792 0.999914 0.707378 0.448759 1.477407 0.968211 1.292234 -0.387635 -0.763115 0.181904 -0.342962 0.516540 -0.745514 0.498708 0.737631 0.128747 -0.986892 -0.529399 1.198399 0.109167 0.734660 0.879459 -0.993277 0.029428 -1.282406 -1.429086 0.409354 -0.857823 -0.099194 0.230839 -0.079002 0.377471 -2.627095 -0.239126 -1.042953 0.367344 4.117501 1.000000
50 -0.696461 -0.528606 -0.760029 -0.479362 2.786997 0.436774 1.451202 -1.486478 -0.112690 -0.645909 0.711553 -1.605473 -0.335025 -0.029858 -0.161221 0.194514 0.460605 -0.882550 0.062704 -0.967733 -1.305156 0.358482 0.201602 -0.876224 -0.512669 0.422950 -0.712751 -0.029422 -0.563481 -1.375248 -0.007336 -0.547993 -0.722563 1.216161 -1.050150 2.609355 0.981712 -0.705673 0.612049 -0.227118 0.282554 0.571059 -0.508401 -0.620610 0.148300 0.917906 -0.936594 1.097210 -0.728537 0.812528 -0.214873 -0.569247 -0.157316 -0.427760 0.720489 0.431285 -0.728096 0.271740 -0.559947 -2.129317 0.416410 -0.560660 0.286609 -1.785152 -0.488134 -1.286622 -0.639405 -1.352419 -0.372457 0.548272 0.175957 1.142704 2.428086 0.555627 -2.322062 0.611150 0.848681 0.801737 0.668869 1.001340 4.738316 1.000000
uncorrelated Gaussian covariates
missing covariate fraction: 0.000000
no latent classes
   lambda(t|risk 1)=C, <t>=4.000000 for zero covariates
   risk 1: beta[1]=0.500000
   risk 1: beta[2]=0.500000
   risk 1: beta[3]=0.500000
   risk 1: beta[4]=0.500000
   risk 1: beta[5]=0.500000
   risk 1: beta[6]=-0.500000
   risk 1: beta[7]=-0.500000
   risk 1: beta[8]=-0.500000
   risk 1: beta[9]=-0.500000
   risk 1: beta[10]=-0.500000
   risk 1: beta[11]=0.000000
   risk 1: beta[12]=0.000000
   risk 1: beta[13]=0.000000
   risk 1: beta[14]=0.000000
   risk 1: beta[15]=0.000000
   risk 1: beta[16]=0.000000
   risk 1: beta[17]=0.000000
   risk 1: beta[18]=0.000000
   risk 1: beta[19]=0.000000
   risk 1: beta[20]=0.000000
   risk 1: beta[21]=0.000000
   risk 1: beta[22]=0.000000
   risk 1: beta[23]=0.000000
   risk 1: beta[24]=0.000000
   risk 1: beta[25]=0.000000
   risk 1: beta[26]=0.000000
   risk 1: beta[27]=0.000000
   risk 1: beta[28]=0.000000
   risk 1: beta[29]=0.000000
   risk 1: beta[30]=0.000000
   risk 1: beta[31]=0.000000
   risk 1: beta[32]=0.000000
   risk 1: beta[33]=0.000000
   risk 1: beta[34]=0.000000
   risk 1: beta[35]=0.000000
   risk 1: beta[36]=0.000000
   risk 1: beta[37]=0.000000
   risk 1: beta[38]=0.000000
   risk 1: beta[39]=0.000000
   risk 1: beta[40]=0.000000
   risk 1: beta[41]=0.000000
   risk 1: beta[42]=0.000000
   risk 1: beta[43]=0.000000
   risk 1: beta[44]=0.000000
   risk 1: beta[45]=0.000000
   risk 1: beta[46]=0.000000
   risk 1: beta[47]=0.000000
   risk 1: beta[48]=0.000000
   risk 1: beta[49]=0.000000
   risk 1: beta[50]=0.000000
   risk 1: beta[51]=0.000000
   risk 1: beta[52]=0.000000
   risk 1: beta[53]=0.000000
   risk 1: beta[54]=0.000000
   risk 1: beta[55]=0.000000
   risk 1: beta[56]=0.000000
   risk 1: beta[57]=0.000000
   risk 1: beta[58]=0.000000
   risk 1: beta[59]=0.000000
   risk 1: beta[60]=0.000000
   risk 1: beta[61]=0.000000
   risk 1: beta[62]=0.000000
   risk 1: beta[63]=0.000000
   risk 1: beta[64]=0.000000
   risk 1: beta[65]=0.000000
   risk 1: beta[66]=0.000000
   risk 1: beta[67]=0.000000
   risk 1: beta[68]=0.000000
   risk 1: beta[69]=0.000000
   risk 1: beta[70]=0.000000
   risk 1: beta[71]=0.000000
   risk 1: beta[72]=0.000000
   risk 1: beta[73]=0.000000
   risk 1: beta[74]=0.000000
   risk 1: beta[75]=0.000000
   risk 1: beta[76]=0.000000
   risk 1: beta[77]=0.000000
   risk 1: beta[78]=0.000000
   risk 1: beta[79]=0.000000
   risk 1: beta[80]=0.000000
