0.000000 0.489362 0.500000
1.000000 0.615213 0.619271
2.000000 0.656170 0.674063
3.000000 0.676383 0.698854
4.000000 0.707979 0.745000
5.000000 0.721383 0.757187
6.000000 0.762872 0.800313
7.000000 0.770426 0.831979
8.000000 0.779574 0.831875
9.000000 0.781915 0.851354
10.000000 0.816809 0.887083
11.000000 0.810106 0.885938
12.000000 0.805957 0.890417
13.000000 0.805745 0.887604
14.000000 0.793298 0.889375
15.000000 0.792553 0.885625
16.000000 0.788191 0.891979
17.000000 0.767447 0.890313
18.000000 0.774468 0.892500
19.000000 0.765000 0.900000
20.000000 0.764362 0.899062
