active=20: 1 2 3 4 5 6 7 8 9 10 11 12 13 14 15 16 17 18 19 20 
active=19: 1 2 3 4 5 7 8 9 10 11 12 13 14 15 16 17 18 19 20 
active=18: 1 2 3 4 5 7 8 10 11 12 13 14 15 16 17 18 19 20 
active=17: 2 3 4 5 7 8 10 11 12 13 14 15 16 17 18 19 20 
active=16: 2 3 4 5 7 8 10 11 12 13 14 15 17 18 19 20 
active=15: 2 3 4 5 7 8 10 11 12 13 14 15 17 18 19 
active=14: 2 3 4 7 8 10 11 12 13 14 15 17 18 19 
active=13: 2 3 7 8 10 11 12 13 14 15 17 18 19 
active=12: 2 3 7 8 10 11 12 14 15 17 18 19 
active=11: 2 3 7 8 10 11 12 14 15 18 19 
active=10: 2 3 7 8 10 11 12 14 15 19 
active=9: 2 7 8 10 11 12 14 15 19 
active=8: 2 8 10 11 12 14 15 19 
active=7: 2 8 10 12 14 15 19 
active=6: 2 8 10 14 15 19 
active=5: 8 10 14 15 19 
active=4: 8 10 14 15 
active=3: 8 10 14 
active=2: 8 10 
active=1: 8 
