0.000000 0.480000
1.000000 0.588800
2.000000 0.642600
3.000000 0.695400
4.000000 0.706000
5.000000 0.749600
6.000000 0.749400
7.000000 0.722400
8.000000 0.697800
9.000000 0.693000
10.000000 0.702200
11.000000 0.698200
12.000000 0.698600
13.000000 0.683000
14.000000 0.685600
15.000000 0.702200
16.000000 0.700400
17.000000 0.718000
18.000000 0.716200
19.000000 0.702600
20.000000 0.705000
21.000000 0.697400
22.000000 0.683400
23.000000 0.675600
24.000000 0.663600
25.000000 0.652600
26.000000 0.639600
27.000000 0.641400
28.000000 0.633000
29.000000 0.627000
30.000000 0.630000
31.000000 0.615000
32.000000 0.608200
33.000000 0.608800
34.000000 0.595600
35.000000 0.586800
36.000000 0.590200
37.000000 0.599000
38.000000 0.575800
39.000000 0.567600
40.000000 0.560800
