1 -0.057993760417 0.870143020878
2 -0.049361010309 1.142444905845
3 0.065233583333 0.985990343909
4 0.014802221053 1.025429271521
5 -0.171396032258 1.063017963684
6 0.185578395833 0.892624712371
7 -0.058992784946 1.060154626517
8 -0.132390684211 0.961810375782
9 0.017133723404 0.940375242922
10 -0.069885364583 0.824576373015
11 -0.059903032258 1.143413401430
12 0.022486882979 1.138048042638
13 0.107103062500 1.099955960392
14 -0.105404734043 0.923291657297
15 0.110153936170 1.090265689435
16 -0.166014494737 1.044353486482
17 -0.111956446809 0.993455804472
18 0.028568393617 1.038256720342
19 0.088138224490 0.955523082641
20 -0.109588458333 1.031770150651
21 -0.057085663265 1.071340360441
22 0.016218350515 1.004351923770
23 -0.063794041667 0.925143567988
24 -0.025361918367 1.072453562442
25 -0.054927483516 0.895485763503
26 -0.017308600000 0.970489215156
27 0.025636145833 0.982966157424
28 -0.114434526882 1.063772860719
29 -0.013288691489 0.933225763336
30 -0.067433469388 1.045200917823
31 -0.023778554348 1.127863542838
32 0.072997400000 1.083489759040
33 0.036185153061 0.938634872079
34 -0.051496030928 0.923836107190
35 -0.052081536842 0.936398271195
36 -0.054518134021 0.900747095543
37 0.030677417582 0.986503415792
38 -0.114252010638 1.026945584796
39 -0.132725273684 0.951859188678
40 0.024074826531 0.881813309094
