active=60: 1 2 3 4 5 6 7 8 9 10 11 12 13 14 15 16 17 18 19 20 21 22 23 24 25 26 27 28 29 30 31 32 33 34 35 36 37 38 39 40 41 42 43 44 45 46 47 48 49 50 51 52 53 54 55 56 57 58 59 60 
active=59: 1 2 3 4 5 6 7 8 9 10 11 12 13 14 15 16 17 18 19 20 21 22 23 24 25 26 27 28 29 30 31 32 33 34 35 36 37 38 39 40 41 42 43 44 45 46 47 48 49 50 51 52 53 54 55 56 57 59 60 
active=58: 1 2 3 4 5 6 7 8 9 10 11 12 13 14 15 16 17 18 19 20 21 22 23 24 25 27 28 29 30 31 32 33 34 35 36 37 38 39 40 41 42 43 44 45 46 47 48 49 50 51 52 53 54 55 56 57 59 60 
active=57: 1 2 3 4 5 6 7 8 9 10 11 12 14 15 16 17 18 19 20 21 22 23 24 25 27 28 29 30 31 32 33 34 35 36 37 38 39 40 41 42 43 44 45 46 47 48 49 50 51 52 53 54 55 56 57 59 60 
active=56: 1 2 3 4 5 6 7 8 9 10 11 12 14 15 16 17 18 19 20 21 22 23 24 25 27 28 29 31 32 33 34 35 36 37 38 39 40 41 42 43 44 45 46 47 48 49 50 51 52 53 54 55 56 57 59 60 
active=55: 1 2 3 4 5 6 7 8 9 10 11 12 14 15 16 17 18 19 20 21 22 23 24 25 27 28 29 31 32 33 34 35 36 37 38 40 41 42 43 44 45 46 47 48 49 50 51 52 53 54 55 56 57 59 60 
active=54: 1 2 3 4 5 6 7 8 9 10 11 12 14 15 16 17 18 19 20 21 22 23 24 25 27 28 29 32 33 34 35 36 37 38 40 41 42 43 44 45 46 47 48 49 50 51 52 53 54 55 56 57 59 60 
active=53: 1 2 3 4 5 6 7 8 9 10 11 12 14 15 16 17 18 19 20 21 22 23 24 25 27 28 29 32 33 34 35 36 37 38 40 41 42 43 44 45 46 47 48 49 50 51 52 53 55 56 57 59 60 
active=52: 1 2 3 4 5 6 7 8 9 10 11 12 14 15 16 17 18 19 20 21 22 23 24 25 27 28 32 33 34 35 36 37 38 40 41 42 43 44 45 46 47 48 49 50 51 52 53 55 56 57 59 60 
active=51: 1 2 3 4 5 6 7 8 9 10 11 12 14 15 16 17 18 19 20 21 23 24 25 27 28 32 33 34 35 36 37 38 40 41 42 43 44 45 46 47 48 49 50 51 52 53 55 56 57 59 60 
active=50: 1 2 3 4 5 6 7 8 9 10 11 12 15 16 17 18 19 20 21 23 24 25 27 28 32 33 34 35 36 37 38 40 41 42 43 44 45 46 47 48 49 50 51 52 53 55 56 57 59 60 
active=49: 1 2 3 4 5 6 7 8 9 10 11 12 15 16 17 18 19 20 23 24 25 27 28 32 33 34 35 36 37 38 40 41 42 43 44 45 46 47 48 49 50 51 52 53 55 56 57 59 60 
active=48: 1 2 3 4 5 6 7 8 9 10 12 15 16 17 18 19 20 23 24 25 27 28 32 33 34 35 36 37 38 40 41 42 43 44 45 46 47 48 49 50 51 52 53 55 56 57 59 60 
active=47: 1 2 3 4 5 6 7 8 9 10 12 15 16 17 18 19 23 24 25 27 28 32 33 34 35 36 37 38 40 41 42 43 44 45 46 47 48 49 50 51 52 53 55 56 57 59 60 
active=46: 1 2 3 4 5 6 7 8 9 10 12 16 17 18 19 23 24 25 27 28 32 33 34 35 36 37 38 40 41 42 43 44 45 46 47 48 49 50 51 52 53 55 56 57 59 60 
active=45: 1 2 3 4 5 6 7 8 9 10 12 16 17 18 19 23 24 25 27 28 32 33 34 35 36 37 38 41 42 43 44 45 46 47 48 49 50 51 52 53 55 56 57 59 60 
active=44: 1 2 3 4 5 6 7 8 9 10 12 16 18 19 23 24 25 27 28 32 33 34 35 36 37 38 41 42 43 44 45 46 47 48 49 50 51 52 53 55 56 57 59 60 
active=43: 1 2 3 4 5 6 7 8 9 10 12 16 18 19 23 24 25 27 28 32 33 34 35 36 37 38 41 42 43 44 45 46 47 48 49 50 51 52 53 56 57 59 60 
active=42: 1 2 3 4 5 6 7 8 9 10 12 16 18 19 23 24 25 27 28 32 33 34 35 36 37 38 41 42 43 44 45 46 47 48 49 50 51 53 56 57 59 60 
active=41: 1 2 3 4 5 6 8 9 10 12 16 18 19 23 24 25 27 28 32 33 34 35 36 37 38 41 42 43 44 45 46 47 48 49 50 51 53 56 57 59 60 
active=40: 1 2 3 4 5 6 8 9 10 12 16 18 19 23 24 25 27 28 32 33 34 35 36 37 41 42 43 44 45 46 47 48 49 50 51 53 56 57 59 60 
active=39: 1 2 3 4 5 6 8 9 10 12 16 18 19 23 24 25 27 28 32 33 34 35 36 37 41 42 44 45 46 47 48 49 50 51 53 56 57 59 60 
active=38: 1 2 3 4 5 6 8 9 10 12 16 18 19 23 24 25 27 28 32 33 34 35 36 37 41 42 44 46 47 48 49 50 51 53 56 57 59 60 
active=37: 1 2 3 4 5 6 8 9 10 12 16 18 19 23 24 27 28 32 33 34 35 36 37 41 42 44 46 47 48 49 50 51 53 56 57 59 60 
active=36: 1 2 3 4 5 6 8 9 10 12 16 18 19 23 24 27 28 32 33 35 36 37 41 42 44 46 47 48 49 50 51 53 56 57 59 60 
active=35: 1 2 3 4 5 6 8 9 10 12 16 18 19 23 24 27 28 32 35 36 37 41 42 44 46 47 48 49 50 51 53 56 57 59 60 
active=34: 1 2 3 4 5 6 8 9 10 12 16 18 19 23 24 27 28 32 35 36 37 41 42 44 46 47 48 49 50 51 53 56 59 60 
active=33: 1 2 3 4 5 6 8 9 10 12 16 18 19 23 24 27 28 32 35 37 41 42 44 46 47 48 49 50 51 53 56 59 60 
active=32: 1 2 3 4 5 6 8 9 10 12 16 18 19 23 24 27 28 32 35 41 42 44 46 47 48 49 50 51 53 56 59 60 
active=31: 1 2 3 4 5 6 8 9 10 12 16 18 19 23 24 27 32 35 41 42 44 46 47 48 49 50 51 53 56 59 60 
active=30: 1 2 3 4 5 6 8 9 10 16 18 19 23 24 27 32 35 41 42 44 46 47 48 49 50 51 53 56 59 60 
active=29: 1 2 3 4 5 6 8 9 10 16 18 19 23 24 27 35 41 42 44 46 47 48 49 50 51 53 56 59 60 
active=28: 1 2 3 4 5 6 8 9 10 16 18 19 23 24 27 35 41 42 44 47 48 49 50 51 53 56 59 60 
active=27: 1 2 3 4 5 6 8 9 10 16 18 19 23 24 27 35 41 42 47 48 49 50 51 53 56 59 60 
active=26: 1 2 3 4 5 6 8 9 10 16 18 19 23 24 27 35 41 42 47 48 50 51 53 56 59 60 
active=25: 1 2 3 4 5 6 8 9 10 16 18 19 23 27 35 41 42 47 48 50 51 53 56 59 60 
active=24: 1 2 3 4 5 6 8 9 10 16 18 19 23 27 35 41 42 47 48 50 53 56 59 60 
active=23: 1 2 3 4 5 6 8 9 10 16 18 19 23 27 35 41 42 47 48 50 53 59 60 
active=22: 1 2 3 4 5 6 8 9 10 16 19 23 27 35 41 42 47 48 50 53 59 60 
active=21: 1 2 3 4 5 6 8 9 10 16 19 23 27 35 42 47 48 50 53 59 60 
active=20: 1 2 3 4 5 6 8 9 10 16 19 23 27 35 42 47 48 50 53 60 
active=19: 1 2 3 4 5 6 8 9 10 16 19 23 27 35 42 47 48 50 60 
active=18: 1 2 3 4 5 6 8 9 10 16 19 23 27 35 42 47 48 50 
active=17: 1 2 3 4 5 6 8 9 10 16 19 23 27 35 42 48 50 
active=16: 1 2 3 4 5 6 8 9 10 16 23 27 35 42 48 50 
active=15: 1 2 3 4 5 6 8 9 10 23 27 35 42 48 50 
active=14: 1 2 3 4 5 6 8 9 10 23 27 35 42 50 
active=13: 1 2 3 4 5 6 8 9 10 23 27 42 50 
active=12: 1 2 3 4 5 6 8 9 10 23 42 50 
active=11: 1 2 3 4 5 6 8 9 10 23 50 
active=10: 1 3 4 5 6 8 9 10 23 50 
active=9: 1 4 5 6 8 9 10 23 50 
active=8: 1 4 5 6 8 10 23 50 
active=7: 1 4 5 6 10 23 50 
active=6: 1 5 6 10 23 50 
active=5: 1 5 6 10 23 
active=4: 1 6 10 23 
active=3: 1 6 10 
active=2: 6 10 
active=1: 10 
