0.000000 0.480000 0.520000
1.000000 0.638400 0.657000
2.000000 0.659000 0.699000
3.000000 0.728400 0.781000
4.000000 0.779400 0.815600
5.000000 0.739800 0.783400
6.000000 0.758800 0.824800
7.000000 0.769800 0.832400
8.000000 0.781000 0.855600
9.000000 0.815400 0.873200
10.000000 0.830000 0.899200
11.000000 0.833200 0.894000
12.000000 0.847400 0.904600
13.000000 0.846600 0.937400
14.000000 0.856600 0.943400
15.000000 0.844000 0.941200
16.000000 0.836400 0.942800
17.000000 0.849200 0.947600
18.000000 0.831600 0.953400
19.000000 0.827000 0.953800
20.000000 0.832000 0.962600
21.000000 0.823000 0.966000
22.000000 0.828000 0.970600
23.000000 0.818200 0.964200
24.000000 0.814400 0.968200
25.000000 0.818600 0.971600
26.000000 0.802200 0.968600
27.000000 0.811200 0.969000
28.000000 0.804800 0.971600
29.000000 0.809400 0.972800
30.000000 0.794600 0.975400
31.000000 0.796000 0.972400
32.000000 0.793000 0.976000
33.000000 0.782000 0.975000
34.000000 0.769800 0.976600
35.000000 0.776000 0.983400
36.000000 0.777400 0.980000
37.000000 0.777600 0.978000
38.000000 0.761000 0.978800
39.000000 0.770400 0.979600
40.000000 0.764200 0.976000
41.000000 0.759000 0.979400
42.000000 0.742800 0.977000
43.000000 0.753600 0.982600
44.000000 0.730600 0.980600
45.000000 0.723400 0.983600
46.000000 0.727200 0.985000
47.000000 0.720800 0.982000
48.000000 0.720200 0.984200
49.000000 0.714400 0.984000
50.000000 0.703600 0.986200
51.000000 0.699200 0.988200
52.000000 0.696800 0.988000
53.000000 0.685200 0.990400
54.000000 0.679800 0.991000
55.000000 0.676800 0.989600
56.000000 0.664600 0.993200
57.000000 0.667200 0.993000
58.000000 0.671800 0.995600
59.000000 0.659200 0.994400
60.000000 0.665600 0.995000
