0.000000 0.480000
1.000000 0.638400
2.000000 0.659000
3.000000 0.728400
4.000000 0.779400
5.000000 0.739800
6.000000 0.758800
7.000000 0.769800
8.000000 0.781000
9.000000 0.815400
10.000000 0.830000
11.000000 0.833200
12.000000 0.847400
13.000000 0.846600
14.000000 0.856600
15.000000 0.844000
16.000000 0.836400
17.000000 0.849200
18.000000 0.831600
19.000000 0.827000
20.000000 0.832000
21.000000 0.823000
22.000000 0.828000
23.000000 0.818200
24.000000 0.814400
25.000000 0.818600
26.000000 0.802200
27.000000 0.811200
28.000000 0.804800
29.000000 0.809400
30.000000 0.794600
31.000000 0.796000
32.000000 0.793000
33.000000 0.782000
34.000000 0.769800
35.000000 0.776000
36.000000 0.777400
37.000000 0.777600
38.000000 0.761000
39.000000 0.770400
40.000000 0.764200
41.000000 0.759000
42.000000 0.742800
43.000000 0.753600
44.000000 0.730600
45.000000 0.723400
46.000000 0.727200
47.000000 0.720800
48.000000 0.720200
49.000000 0.714400
50.000000 0.703600
51.000000 0.699200
52.000000 0.696800
53.000000 0.685200
54.000000 0.679800
55.000000 0.676800
56.000000 0.664600
57.000000 0.667200
58.000000 0.671800
59.000000 0.659200
60.000000 0.665600
