0.000000 0.514286
1.000000 0.639429
2.000000 0.694286
3.000000 0.726286
4.000000 0.809143
5.000000 0.788571
6.000000 0.871143
7.000000 0.896714
8.000000 0.896143
9.000000 0.912857
10.000000 0.918286
11.000000 0.914714
12.000000 0.915143
13.000000 0.921286
14.000000 0.924143
15.000000 0.938286
16.000000 0.933286
17.000000 0.931286
18.000000 0.931143
19.000000 0.946857
20.000000 0.952143
21.000000 0.957286
22.000000 0.954000
23.000000 0.951429
24.000000 0.952143
25.000000 0.952857
26.000000 0.958000
27.000000 0.954000
28.000000 0.952286
29.000000 0.961429
30.000000 0.954857
31.000000 0.958429
32.000000 0.961000
33.000000 0.960571
34.000000 0.962571
35.000000 0.962143
36.000000 0.963143
37.000000 0.962000
38.000000 0.961714
39.000000 0.963286
40.000000 0.963571
41.000000 0.961286
42.000000 0.963143
43.000000 0.963286
44.000000 0.965143
45.000000 0.966714
46.000000 0.966000
47.000000 0.965857
48.000000 0.969000
49.000000 0.967286
50.000000 0.970571
51.000000 0.969286
52.000000 0.972000
53.000000 0.970571
54.000000 0.970000
55.000000 0.971714
56.000000 0.971857
57.000000 0.971714
58.000000 0.972714
59.000000 0.973000
60.000000 0.972714
61.000000 0.972714
62.000000 0.975000
63.000000 0.974286
64.000000 0.973714
65.000000 0.973714
66.000000 0.973714
67.000000 0.973857
68.000000 0.972857
69.000000 0.974286
70.000000 0.972857
71.000000 0.972857
72.000000 0.973286
73.000000 0.974286
74.000000 0.973857
75.000000 0.973429
76.000000 0.973143
77.000000 0.973143
78.000000 0.973143
79.000000 0.974571
80.000000 0.974143
81.000000 0.974000
82.000000 0.974000
83.000000 0.973714
84.000000 0.974429
85.000000 0.974286
86.000000 0.973857
87.000000 0.975000
88.000000 0.974571
89.000000 0.974143
90.000000 0.974429
91.000000 0.976286
92.000000 0.975286
93.000000 0.975714
94.000000 0.976143
95.000000 0.975857
96.000000 0.975571
97.000000 0.977429
98.000000 0.975714
99.000000 0.977286
100.000000 0.977429
