1 -0.014033152174 0.927208602968
2 0.154395276596 1.006826967915
3 0.067292061224 0.891243115086
4 -0.169836319149 0.818709578958
5 -0.020101770833 1.111397727317
6 0.042317166667 0.960309558317
7 -0.115523416667 1.018183657732
8 -0.041048844444 1.035130322335
9 -0.045508130435 1.050063609217
10 -0.028270541667 1.047410985921
11 -0.210733645833 0.937331563078
12 -0.074898545455 1.055874674911
13 0.041791340426 0.901510613086
14 -0.171150680851 1.079144677956
15 0.017135454545 0.822139821502
16 0.007542978723 1.117677680769
17 0.055931200000 0.943008258936
18 -0.084235304348 1.140699314510
19 -0.168593444444 1.103803290028
20 0.129723320000 1.136435998030
