active=50: 1 2 3 4 5 6 7 8 9 10 11 12 13 14 15 16 17 18 19 20 21 22 23 24 25 26 27 28 29 30 31 32 33 34 35 36 37 38 39 40 41 42 43 44 45 46 47 48 49 50 
active=49: 1 2 3 4 5 6 7 8 9 10 11 12 13 14 15 16 17 18 19 20 21 22 23 24 25 26 27 28 29 30 31 33 34 35 36 37 38 39 40 41 42 43 44 45 46 47 48 49 50 
active=48: 1 2 3 4 5 6 7 8 9 10 11 12 13 14 15 16 17 18 19 20 21 22 23 24 25 26 28 29 30 31 33 34 35 36 37 38 39 40 41 42 43 44 45 46 47 48 49 50 
active=47: 1 2 3 4 5 6 7 8 9 10 11 12 13 14 15 16 17 18 19 20 21 22 23 24 25 26 29 30 31 33 34 35 36 37 38 39 40 41 42 43 44 45 46 47 48 49 50 
active=46: 1 2 3 4 5 6 7 8 9 10 11 12 13 14 15 16 17 18 20 21 22 23 24 25 26 29 30 31 33 34 35 36 37 38 39 40 41 42 43 44 45 46 47 48 49 50 
active=45: 1 2 3 4 5 6 7 8 9 10 11 12 13 14 15 16 17 18 20 21 22 23 24 25 26 29 30 31 33 34 35 36 38 39 40 41 42 43 44 45 46 47 48 49 50 
active=44: 1 2 3 4 5 6 7 8 9 10 11 12 13 14 15 16 17 18 20 21 22 24 25 26 29 30 31 33 34 35 36 38 39 40 41 42 43 44 45 46 47 48 49 50 
active=43: 1 2 3 4 5 6 7 8 9 10 11 12 13 14 15 16 17 18 20 21 22 24 25 26 29 30 31 33 34 35 36 38 39 40 41 42 43 44 46 47 48 49 50 
active=42: 1 2 3 4 5 6 7 8 9 10 12 13 14 15 16 17 18 20 21 22 24 25 26 29 30 31 33 34 35 36 38 39 40 41 42 43 44 46 47 48 49 50 
active=41: 1 2 3 4 5 6 7 8 9 10 12 13 14 15 16 17 18 20 21 22 24 26 29 30 31 33 34 35 36 38 39 40 41 42 43 44 46 47 48 49 50 
active=40: 1 2 3 4 5 6 7 8 9 10 12 13 14 15 16 17 18 20 21 22 24 26 29 31 33 34 35 36 38 39 40 41 42 43 44 46 47 48 49 50 
active=39: 1 2 3 4 5 6 7 8 9 10 12 13 14 15 16 17 18 20 21 22 26 29 31 33 34 35 36 38 39 40 41 42 43 44 46 47 48 49 50 
active=38: 1 2 3 4 5 6 7 8 9 10 12 13 15 16 17 18 20 21 22 26 29 31 33 34 35 36 38 39 40 41 42 43 44 46 47 48 49 50 
active=37: 1 2 3 4 5 6 7 8 9 10 12 13 15 16 17 20 21 22 26 29 31 33 34 35 36 38 39 40 41 42 43 44 46 47 48 49 50 
active=36: 1 2 3 4 5 6 7 8 9 10 12 13 15 16 17 21 22 26 29 31 33 34 35 36 38 39 40 41 42 43 44 46 47 48 49 50 
active=35: 1 2 3 4 5 6 7 8 9 10 12 13 15 16 17 21 22 26 29 31 33 34 36 38 39 40 41 42 43 44 46 47 48 49 50 
active=34: 1 2 3 4 5 6 7 8 9 10 12 13 15 16 17 21 26 29 31 33 34 36 38 39 40 41 42 43 44 46 47 48 49 50 
active=33: 1 2 3 4 5 6 7 8 9 10 12 13 15 16 17 21 26 29 31 33 36 38 39 40 41 42 43 44 46 47 48 49 50 
active=32: 1 2 3 4 5 6 7 8 9 10 12 13 15 16 17 21 26 29 31 33 36 38 39 40 41 42 43 44 46 48 49 50 
active=31: 1 2 3 4 5 6 7 8 9 10 12 13 15 16 17 21 26 29 31 33 36 38 39 40 41 42 43 44 46 48 49 
active=30: 1 2 3 4 5 6 7 8 9 10 13 15 16 17 21 26 29 31 33 36 38 39 40 41 42 43 44 46 48 49 
active=29: 1 2 3 4 5 6 7 8 9 10 13 15 16 17 21 26 29 31 33 36 38 39 40 41 42 43 46 48 49 
active=28: 1 2 3 4 5 6 7 8 9 10 13 15 16 17 21 26 29 31 33 36 38 39 40 41 42 46 48 49 
active=27: 1 2 3 4 5 6 7 8 9 10 13 15 16 21 26 29 31 33 36 38 39 40 41 42 46 48 49 
active=26: 1 2 3 4 5 6 7 8 9 10 13 15 16 21 26 29 31 33 36 38 39 40 41 42 46 48 
active=25: 1 2 3 4 5 6 7 8 9 10 13 15 16 21 26 29 31 36 38 39 40 41 42 46 48 
active=24: 1 2 3 4 5 6 7 8 9 10 13 15 16 21 26 29 31 36 38 40 41 42 46 48 
active=23: 1 2 3 4 5 6 7 8 9 10 13 15 16 26 29 31 36 38 40 41 42 46 48 
active=22: 1 2 3 4 5 6 7 8 9 10 13 15 16 26 29 31 36 38 40 42 46 48 
active=21: 1 2 3 4 5 6 7 8 10 13 15 16 26 29 31 36 38 40 42 46 48 
active=20: 1 2 3 4 5 6 7 8 10 13 16 26 29 31 36 38 40 42 46 48 
active=19: 1 2 3 4 5 6 7 8 10 13 16 26 29 31 36 38 40 46 48 
active=18: 1 2 3 4 5 6 7 8 10 13 16 26 29 31 36 38 46 48 
active=17: 1 2 3 4 5 6 7 8 10 13 26 29 31 36 38 46 48 
active=16: 1 2 3 4 5 6 7 8 10 13 26 29 31 36 38 48 
active=15: 1 2 3 4 5 6 7 8 10 13 26 29 36 38 48 
active=14: 1 2 3 4 5 6 7 8 10 13 26 29 36 38 
active=13: 1 2 3 4 5 6 7 8 10 26 29 36 38 
active=12: 1 2 3 4 5 6 7 8 10 26 36 38 
active=11: 1 2 3 4 5 6 7 8 10 26 36 
active=10: 1 2 3 4 5 6 7 8 10 36 
active=9: 1 2 3 4 5 6 7 8 10 
active=8: 1 2 4 5 6 7 8 10 
active=7: 1 2 4 5 6 8 10 
active=6: 1 2 5 6 8 10 
active=5: 1 2 6 8 10 
active=4: 1 6 8 10 
active=3: 6 8 10 
active=2: 6 8 
active=1: 8 
