0.000000 0.489796
1.000000 0.623469
2.000000 0.657653
3.000000 0.671122
4.000000 0.689388
5.000000 0.719184
6.000000 0.718673
7.000000 0.727551
8.000000 0.729796
9.000000 0.745918
10.000000 0.749490
11.000000 0.738265
12.000000 0.737449
13.000000 0.731837
14.000000 0.715102
15.000000 0.698776
16.000000 0.710408
17.000000 0.704694
18.000000 0.720918
19.000000 0.727245
20.000000 0.733980
21.000000 0.727041
22.000000 0.733367
23.000000 0.731122
24.000000 0.730102
25.000000 0.716224
26.000000 0.710408
27.000000 0.706837
28.000000 0.707959
29.000000 0.709082
30.000000 0.705000
31.000000 0.688673
32.000000 0.690306
33.000000 0.684592
34.000000 0.682347
35.000000 0.670306
36.000000 0.674898
37.000000 0.658571
38.000000 0.662245
39.000000 0.663265
40.000000 0.651837
41.000000 0.648776
42.000000 0.635204
43.000000 0.631633
44.000000 0.629592
45.000000 0.635204
46.000000 0.621020
47.000000 0.613265
48.000000 0.607041
49.000000 0.605204
50.000000 0.604694
