1 -0.083262775510 0.903383013011
2 -0.036848382979 0.839190565934
3 -0.058849702128 1.203422500533
4 -0.029460571429 1.098616276998
5 0.061138644444 0.963840670726
6 0.064036520833 0.862247012157
7 -0.103763187500 0.930183874284
8 0.107386697674 1.089616354173
9 -0.116919170213 1.053728763021
10 -0.161322938776 1.044950278378
11 0.133441909091 0.777347522787
12 0.153369625000 0.857461225300
13 -0.057130604167 1.072004798832
14 -0.046780469388 1.060441368452
15 -0.126140875000 0.972238626617
16 -0.115566320000 0.981065044949
17 -0.036111479167 0.948751665052
18 0.122586234043 0.896554334958
19 -0.055476061224 0.797054380144
20 -0.066240625000 0.896653154896
21 -0.098047021277 1.158156558749
22 0.054623285714 1.145925561236
23 -0.051676183673 1.034753258394
24 0.074312957447 1.289797323403
25 0.200526260870 1.014218780171
26 0.037646958333 1.189664791745
27 -0.105265520833 0.904535294367
28 -0.110588875000 0.943979506626
29 0.247975244898 1.111463123666
30 0.009010326531 1.044285732443
31 -0.008150893617 0.962854515199
32 -0.348334847826 1.139575346675
33 -0.159982500000 0.900300321923
34 -0.001443148936 1.074411445326
35 -0.137457297872 0.877725246779
36 0.190851478261 1.161319441222
37 0.114039270833 0.857616847719
38 0.128889739130 1.031357352384
39 -0.000640408163 1.048674253510
40 -0.227590229167 0.991573925184
41 -0.234384530612 1.167200538825
42 0.090289420000 0.944083397974
43 -0.096804387755 1.066798998444
44 0.170266571429 0.916051255480
45 -0.091633468085 0.786150683317
46 0.016048787234 0.989582971344
47 -0.071560875000 1.196161306010
48 0.001872469388 0.906059445688
49 -0.208577468085 0.902488746795
50 0.074701687500 0.863523930478
51 -0.016415891304 0.960119605409
52 0.016601312500 0.988738380695
53 0.153438729167 0.984067044176
54 -0.090765250000 0.961782565735
55 0.047261212766 1.116408848883
56 -0.190438391304 1.025729201370
57 -0.037640186047 0.918309583637
58 -0.096962234043 0.904257569017
59 0.024786869565 1.014853343487
60 -0.122440920000 1.066031172461
61 -0.008574265306 1.261126519189
62 -0.079747437500 0.943388041166
63 0.114178446809 0.984122275039
64 0.067478437500 1.172918541026
65 -0.090559021277 0.974404965367
66 0.226591687500 0.908814833861
67 -0.128711088889 0.931918725591
68 0.062982021277 0.949426923554
69 -0.037777511111 0.918540886350
70 -0.138589553191 0.942705014151
71 -0.257351521739 0.831996072695
72 0.064725645833 0.828292277926
73 0.007533851064 1.071744255030
74 0.058420978261 0.892812475757
75 0.024416191489 1.018074469863
76 -0.256915979592 1.056830131075
77 -0.255938680851 0.953007397684
78 0.002204875000 0.967512908597
79 -0.032899653061 0.905735171816
80 0.099762791667 0.865097531258
