N=100
P=80
R=2
1 0.034911 -0.300905 1.238183 0.621188 0.306581 -0.297933 -0.182092 0.131680 -1.939852 0.955420 0.597361 -1.000684 1.205460 0.630498 0.568822 -0.209378 2.217734 0.728750 1.691922 -0.212949 1.231538 0.520519 -0.923155 -1.246956 -0.632688 -1.421594 0.862207 -1.727442 0.538240 -0.400287 2.017679 -0.966314 -0.681314 0.619761 -0.840141 0.222059 0.859050 0.140385 0.486026 -0.483917 2.333413 0.383531 0.749137 1.901450 0.663234 0.854809 1.187551 -0.133116 -0.796025 -1.301688 1.101334 -0.281277 1.139845 -0.745626 -0.356346 1.160913 -1.550809 -0.624829 -0.156728 -1.452025 -0.915412 -0.371752 0.201789 0.690323 -2.206319 0.282322 1.330666 0.236274 0.033498 0.155544 -0.579056 -0.263026 1.590565 0.590305 0.218852 0.680126 1.497213 -1.048089 0.567247 0.323153 0.717430 1.000000
2 -0.368730 -1.074578 0.701273 -0.154584 -0.179017 -0.208674 0.375205 -0.865560 -1.884828 -0.717624 1.829130 -0.945008 0.745937 0.374375 -0.973135 0.149392 0.075957 -0.693658 0.020857 -0.725658 0.405488 1.362343 0.821881 0.560667 -0.620512 -0.031164 1.890927 0.292676 0.840582 0.751958 1.968786 0.337544 0.402840 0.879839 0.132913 1.495628 -0.675213 -0.277703 0.792559 0.564264 -0.331614 0.742531 0.655775 0.150245 -0.083424 1.172357 -1.246364 -1.208627 1.140196 0.711398 -1.219575 0.135185 1.904153 -0.326502 -0.887411 0.995478 1.061873 0.793312 -0.329994 -0.785822 0.950779 -0.188774 -0.645560 0.514395 -1.116262 1.431828 0.880620 2.465630 -0.395509 1.759447 -0.899177 -1.178107 -0.014080 -0.331387 1.375420 1.241387 -0.853291 -1.024483 0.589249 -0.420734 1.853670 1.000000
3 1.116474 1.133788 1.203329 2.926996 -0.502250 0.301468 0.167297 0.371885 -1.275125 1.395414 0.682314 -0.021049 0.569725 -0.774937 -0.017911 -0.769474 0.032717 0.400597 -0.167662 0.451500 -1.728338 -0.795473 -0.356687 -1.026316 0.122820 0.208539 -0.120646 -0.086915 0.598318 -0.061142 0.875708 -0.676366 1.058404 -0.349776 -0.167202 0.846930 -0.893168 0.344431 -0.750317 0.781198 0.133954 2.417846 -0.917686 -1.516993 -0.202123 0.391250 -0.134366 -0.554284 -0.417454 -0.822896 -0.229275 -0.403034 -0.500685 0.056248 -1.348944 -0.958461 -0.180135 1.160871 -2.366181 -1.132135 -0.080914 0.163429 -0.162915 -1.310431 0.571657 1.644557 -1.030661 -0.520646 0.100829 -0.981793 0.980543 -0.581690 0.286779 0.577353 0.303271 -0.570989 -0.068126 0.299882 -0.005435 0.337088 0.108007 1.000000
4 0.838923 0.873918 0.289565 0.157521 0.008378 -1.035448 1.943070 1.179452 -1.274130 1.019405 1.408063 0.290853 0.471855 -0.255169 1.059435 -0.948937 0.291120 -0.535314 1.260002 0.149912 -1.316405 1.598812 0.052638 1.067751 -0.816666 -0.459705 0.120444 0.434127 1.485655 0.796797 0.133934 -0.156775 -0.149634 -2.336262 -1.080657 -2.580633 -0.723002 1.505682 0.233828 -0.439178 -0.756722 1.529429 -0.163233 -1.089732 -1.276811 0.187384 1.791422 -2.181347 0.097094 0.853284 -0.366944 1.441389 0.590586 -0.346243 0.005191 0.297855 -0.155083 -0.064840 1.145466 0.010416 -0.697786 -0.589888 -0.644998 0.522993 -1.040412 -0.035592 0.197633 1.813317 0.799593 0.510843 -1.128708 -0.419278 -0.459116 -1.259483 1.408845 -1.464402 0.251828 0.025914 0.942633 0.284612 0.385748 1.000000
5 0.369785 1.689473 -0.961493 -0.420200 -0.630896 -0.547480 1.848693 -0.618319 0.413286 -0.178693 0.200057 0.628439 0.717987 0.296621 -0.447516 -2.243870 0.996898 0.375909 -1.740745 -1.316758 -0.439993 -0.651434 -0.116431 0.837797 0.199399 -0.150808 0.764831 -0.587380 0.064476 1.114021 -1.037611 0.307920 -1.025326 -0.124027 -0.720614 0.944639 -0.486877 1.487283 0.566593 -0.373652 0.153448 0.359253 -0.537280 -1.523420 -0.502100 -0.319988 0.715237 0.940583 0.463879 0.431064 -0.356343 -1.998086 0.486877 1.669280 0.302086 0.820387 1.840849 1.608875 -0.879427 -0.051456 0.992814 0.437409 1.858647 -2.665205 0.678141 0.059975 -0.547922 1.334246 -1.130993 1.539281 0.886755 -0.423276 1.085846 0.291686 -0.701509 -1.238609 0.264374 -0.489674 0.209159 -0.465073 20.035593 1.000000
6 -0.102669 -0.443833 1.516289 1.427994 0.577970 0.220421 -0.733194 0.213426 -0.516142 0.504349 -0.088878 1.755617 1.170070 0.041992 1.563242 -0.594432 -2.354408 0.031141 0.477471 0.313288 0.739493 0.288372 -0.639806 -0.323391 1.884779 -0.384926 0.752162 -0.035284 -0.639257 -1.519796 -0.376440 1.385951 0.781721 0.022925 -1.125209 -0.284191 -0.638292 -1.329460 0.057975 0.114432 0.059849 -0.790776 2.425456 0.632298 -0.340657 -0.448582 -0.836958 2.091204 0.128937 -1.153145 -0.701057 -0.847676 0.408151 0.962776 -0.224374 0.072361 1.870115 -2.031562 1.932595 0.440372 -1.417422 -0.455778 -1.234538 2.557168 0.968550 0.155398 -1.971004 -0.708787 -0.065443 0.213418 -0.591141 -1.132517 -0.125761 0.911607 1.297731 -1.322724 0.132486 -0.249925 0.483048 -1.048337 0.484033 1.000000
7 0.134391 0.500661 -0.310794 0.091044 0.709210 -0.322350 -0.193337 -1.198306 1.215864 1.387189 1.156796 -1.974149 -1.455159 1.703100 0.755416 -0.842648 1.121443 1.013955 0.453654 0.446668 -1.446233 -0.238807 -0.278322 -2.411782 0.332707 -1.283470 0.219568 -1.173328 -2.099823 -0.515132 -1.184956 -0.483940 -0.135828 0.387386 0.335359 -0.666903 -1.534558 -0.519538 0.104380 -0.750298 0.003538 -0.809814 0.287149 -0.544741 1.137634 0.819938 -0.745543 -0.062633 0.653818 -1.191491 -0.361157 -0.147571 0.121785 -0.848850 -0.550452 -0.837873 0.196676 0.445628 1.253552 -1.316871 -1.805492 -0.391430 1.451937 -1.152933 -0.737897 0.155983 1.197195 -0.659533 -0.571458 -1.261911 -0.497726 -0.125260 -0.582345 -0.252716 -0.103570 0.415045 -0.141266 0.065486 -1.563907 1.357298 2.690589 1.000000
8 -0.673897 -0.255437 -0.118855 -0.789349 -0.638324 -0.331306 -0.454898 -1.777064 0.842094 -1.743993 -0.751780 -0.700353 -0.117551 -0.475270 1.243260 1.920793 -0.798377 0.272996 1.792458 0.643315 1.275724 1.381357 0.742016 1.092214 1.152067 -0.350016 -0.869873 1.112256 -1.466334 -0.709834 -1.307795 1.044763 -0.615689 -0.467766 0.258182 -0.858058 -1.168990 -0.447326 1.434176 -0.751193 -1.513847 0.742704 1.420022 -0.513306 -1.206205 -2.571731 -0.944049 -1.509510 -0.095463 0.458224 1.447468 -0.855392 -0.857897 -1.231721 0.530165 -0.154483 -0.028281 0.010650 0.698359 1.083973 0.665663 0.339561 -0.445975 0.282697 -0.177226 -1.142461 -0.597651 -0.255369 1.651618 -0.148621 -2.230651 -0.496773 1.429915 1.090205 1.072713 1.858662 -0.343822 -2.018323 -0.227721 0.888777 0.898561 1.000000
9 1.320848 -0.679163 -0.374765 0.154392 -0.400571 1.818786 -0.013075 0.723978 -0.723227 1.625552 -1.107163 0.009532 1.111283 0.166781 -0.095623 -1.422035 -0.259696 -0.609670 -0.752919 -0.429030 0.352657 0.774849 0.580946 2.372795 -0.337217 -0.578764 2.166046 0.616219 -0.831859 0.158620 -0.821945 1.146984 0.734259 0.752751 -0.463115 0.712608 -0.255977 1.207884 0.896915 1.700457 -0.480683 -1.719503 1.463141 1.309948 -0.286680 -0.679183 0.271295 0.010933 0.376212 1.403767 -0.552357 -1.303199 -1.473283 0.476214 0.656082 -1.264484 -0.255095 0.867811 -0.598123 -0.537708 0.267850 -0.691486 1.433523 -0.522317 0.632017 0.794562 -0.744480 -0.426116 0.665458 1.219161 -1.897578 1.033932 -0.544492 0.055714 -0.054930 -0.524806 -0.481194 0.240591 -0.749038 1.773507 7.022892 1.000000
10 0.736124 0.174308 -0.578436 -0.404092 1.945283 1.721027 -0.311581 1.490725 1.205687 1.065625 1.589237 -0.413134 0.794378 -1.671929 -0.952127 -0.899813 -1.499798 -1.208507 0.653483 -0.746209 0.565039 1.864570 -0.690425 0.766273 0.281078 1.368049 1.820248 2.383375 -1.703593 -1.919893 -1.175461 0.138205 0.560306 1.738972 -0.378235 -1.394766 -1.719053 0.930869 -0.645404 0.613111 -0.563782 -2.151492 -0.601673 0.516017 0.991604 0.607269 1.081703 0.562632 0.078168 -0.753741 -2.757947 0.395684 0.731475 0.154536 -1.403656 0.217597 -0.774955 -0.527727 -0.330762 -0.357747 -2.708062 0.320810 -0.093667 -1.468538 0.315507 -0.037118 -0.769225 0.095651 -0.017744 1.056041 -1.447461 -1.271245 -0.412451 0.709975 0.665240 0.053467 0.108621 0.300917 -0.434397 -1.031598 80.526338 1.000000
11 -0.152481 0.032249 -0.083037 0.038333 -0.082923 0.300161 0.243173 0.443334 -0.122690 0.260230 0.068884 -0.797407 0.481600 0.398128 -0.913887 -0.872812 -1.919057 0.061755 -0.593811 0.713178 -0.804072 0.241063 1.047439 -1.124063 0.555577 -0.440121 -2.196602 -0.321191 0.977469 -1.369644 -0.855281 -1.733396 -0.614382 0.380538 1.396198 0.365258 -0.713245 -1.478786 0.828122 0.704744 0.286245 1.014886 -0.153439 0.298288 -0.505518 0.674529 -0.126336 -1.052382 0.291057 0.115081 -0.030703 -0.264213 1.206915 1.558104 0.512446 -0.822076 2.072399 0.411273 0.449187 1.332288 0.430860 0.111545 1.620593 1.088493 0.343131 1.229213 -1.188242 -0.557915 -0.790490 -0.949152 0.524159 0.230164 -1.043910 0.281676 -0.922976 -0.242159 -0.259238 -0.584202 -0.513651 0.329935 16.044764 1.000000
12 -1.545039 -1.779189 1.002765 1.337405 1.206951 -2.163718 0.739237 0.651082 0.374690 0.642928 -0.255262 0.401015 0.028299 0.522233 -0.408499 0.473418 1.299296 -0.442788 -1.046071 -0.962111 -0.662595 0.105886 0.634138 -0.396715 0.279218 -0.590092 0.578602 0.201085 -0.193387 -0.313799 -1.745577 0.421004 0.871639 -0.795363 0.293854 -0.200805 1.595177 0.248279 0.950967 0.619213 1.670160 2.413542 0.737805 -1.215160 -0.250257 0.941290 -0.596964 0.823671 -0.655186 0.742288 -0.137574 1.535460 0.528583 -0.813889 -0.642948 0.068611 0.171589 0.255855 0.463001 0.080886 0.103124 -2.412399 0.330075 -1.754739 -1.479144 -1.178566 -0.524526 0.094411 0.203767 -1.994187 -0.533644 0.737919 -0.088268 0.069295 -0.877020 0.792257 0.813934 0.005883 -0.774782 0.972705 0.624648 1.000000
13 1.201207 -0.364650 1.453063 1.453138 0.442234 0.858177 1.242498 0.991225 -0.488846 0.181710 -0.305927 0.427915 -0.283172 -0.952938 2.045488 1.781134 -1.170130 -0.573640 -0.328949 -0.663214 2.062379 -1.222441 1.600763 -0.215842 0.833171 -1.899781 -1.157297 -2.733726 1.631332 -0.647071 -0.657615 -1.101803 0.882409 0.370067 -1.769489 -2.097009 1.409057 0.969431 0.033354 1.760718 -1.443670 -0.235221 0.909072 -0.098728 1.327960 -1.067517 -1.382129 2.157541 1.320137 -1.869345 -1.952299 0.432140 0.562156 -1.163100 0.847781 0.374188 -1.017581 1.325221 1.255879 1.242718 1.062182 -0.073571 1.578471 -0.139169 -0.767147 0.462514 -0.273746 -0.667366 0.104848 -0.495061 -0.631988 -0.056104 -0.402941 -2.519096 -0.400534 -2.006302 0.115646 -0.796901 -0.382922 1.374677 0.430762 1.000000
14 0.152139 0.427488 0.873285 0.781236 0.503280 -0.116606 -1.328769 -0.191547 0.970538 0.748501 0.334312 -0.609518 0.233724 -0.550532 -0.809380 0.504506 -0.308040 -0.439962 -0.842687 -0.380736 -1.032525 0.731137 0.998226 -0.664080 0.819847 0.925858 0.522994 0.870899 0.986728 -0.240761 -1.574236 1.168347 -0.853926 0.191052 -1.411974 -0.815170 -0.742937 0.514260 -0.651354 -0.669422 1.312326 1.038268 -0.022864 0.157241 0.210580 0.193715 0.735577 -0.478509 -0.502791 0.142059 0.314579 0.883834 -2.172218 -0.084549 0.937266 -0.472851 1.280239 -0.920760 -0.529905 0.045675 0.247948 1.127846 -0.561653 -0.565184 -0.563805 0.473950 0.599937 1.383223 0.876771 0.269212 1.981490 -0.012281 1.383918 1.244258 -0.910932 -0.502372 -0.638374 -0.296713 -1.058183 1.058084 0.759210 1.000000
15 -0.384149 0.108616 1.846281 -0.359314 -1.164283 -0.309280 0.302895 0.057887 -0.815582 0.814963 0.580162 -1.139647 1.060415 1.125483 1.870618 -0.047190 -0.176513 -0.708002 0.797285 -0.063021 0.038383 -0.312574 -0.425382 0.010480 -0.651044 0.286112 1.604131 1.471669 0.245745 -2.640330 1.658478 -0.000459 -1.067134 0.731631 0.308214 -0.965101 -1.686714 -0.422901 -2.677406 -1.907529 0.129495 -0.833681 1.207229 -0.230766 -0.271551 -1.163560 0.019044 0.222272 0.445605 0.124708 0.660166 -0.297292 0.095776 1.469357 0.520426 -0.844294 2.919266 0.225518 1.207169 -0.310129 0.268399 0.815816 -0.072170 0.164210 -0.962086 -0.806793 -0.596339 0.232731 -0.491434 -0.145800 -0.367804 -1.292893 0.635999 -0.903811 -1.721170 -1.159463 1.343408 1.605305 1.073583 0.831170 1.774158 1.000000
16 0.078547 0.596611 0.118576 2.396541 0.188425 -1.041213 3.053935 -1.673123 0.592301 -1.088367 0.371817 -0.381394 1.792958 -0.539208 -0.071761 -1.170226 -0.204953 1.338588 0.247994 0.300364 -0.669164 0.783984 0.684684 -0.533965 -1.255447 0.540257 -0.603093 1.423647 0.021686 0.466484 -0.926675 1.247870 0.911332 -0.767087 -0.964965 0.597958 0.323079 0.154610 1.303668 1.348986 -0.198523 0.366967 -0.374104 -0.382156 1.528903 1.365641 -0.134712 1.268551 0.005526 1.414253 -0.863188 0.581537 -1.520576 -0.975848 0.486253 -0.449719 -0.689003 0.541574 -0.123775 -0.220749 0.072968 0.693930 -1.297621 -0.413963 0.223187 -0.969863 -0.831784 -0.228780 -1.457398 -1.634658 -1.248956 0.749149 2.116084 -0.900027 -1.124538 0.501246 -0.521283 -0.787849 -0.954758 -1.041751 0.323372 1.000000
17 -0.645099 -1.088624 -1.642403 -0.149304 1.331500 0.750951 1.204986 0.278010 0.952843 -0.375124 0.914406 0.005550 0.718872 -1.103058 0.575608 0.346385 1.564605 0.445161 -0.402329 0.626448 0.479524 1.422059 0.593190 0.549958 -1.311739 1.093410 0.333765 0.046724 -0.930943 -0.106054 0.091705 0.177087 -0.336592 -0.322366 -1.266661 -0.216753 -0.195594 -0.157958 0.227506 0.061966 1.077910 0.468811 1.748447 -0.717365 -2.391836 2.185770 -0.054189 2.670396 -0.501275 0.389523 -0.304195 -1.228354 -1.540342 -0.134488 0.678273 -0.006389 0.787897 -0.060528 0.390440 -0.710919 -0.375091 0.704601 -1.692197 0.397352 0.283744 1.097208 0.218395 1.723792 -0.011426 -0.294640 -0.089096 2.269098 -2.099511 0.633499 0.175096 0.233770 -0.872164 0.040853 2.118937 0.601011 46.572308 1.000000
18 -1.477347 0.745460 -0.868234 0.261875 1.888421 2.324784 -0.683427 -0.955477 1.958470 -1.782721 -0.981012 0.166204 -0.675097 0.337405 -0.381662 0.491549 -1.748792 -1.948513 0.622694 0.288783 -0.395050 -2.052568 1.122627 -1.006293 0.054813 -1.049616 -0.593985 -0.457564 0.735671 0.782619 -0.639511 -0.546980 1.002458 1.207144 -0.274704 -0.215880 -0.148853 -0.574269 0.060009 -1.080908 -0.099335 -0.069178 0.448096 2.048888 -0.265063 1.196755 -1.686635 0.932006 -0.836663 0.893421 0.481564 1.570120 -1.723167 -0.236554 0.842180 -0.218568 -0.826117 -1.259760 1.927576 0.413854 -1.435784 -0.798533 -1.322747 0.172170 0.716745 0.422492 1.534858 -0.803394 1.711893 -1.068945 -0.553070 -1.071997 1.139277 1.005185 -0.209896 -0.431840 2.360499 1.011971 0.088173 -2.506374 6.332443 1.000000
19 -0.449739 -0.582126 -0.996836 -0.259203 -0.110665 0.675458 0.451846 -0.694027 -0.399672 -0.212386 -0.132230 -0.771347 0.450627 -0.772346 -1.582813 1.329977 0.828071 0.491749 0.758867 -1.486329 -0.503856 0.075428 -1.235327 0.610048 1.002066 -0.155981 -1.935624 1.015827 0.021145 0.201158 1.358066 -0.854861 -0.813130 -1.458163 -1.056761 -1.337120 0.442308 0.079530 -0.833410 0.822819 -0.012490 0.551775 -0.073288 -0.597970 0.320706 -1.808645 -1.585752 -0.068453 1.512176 2.455641 -1.522921 -0.176477 -0.751071 -1.005192 -0.263136 1.198775 -1.510651 0.682637 2.626200 -0.630019 -0.440621 -0.059125 -0.417484 -0.716763 -0.688090 1.856748 0.076371 -0.534375 1.020903 1.706779 1.507621 1.015900 0.106870 -0.925487 2.389453 0.768193 -1.342960 0.241580 1.210265 -1.772797 10.077275 1.000000
20 0.513535 -1.611393 0.520246 0.592312 -0.361020 0.104478 -1.563445 -0.248932 0.967955 0.451275 0.154460 0.249803 1.255809 0.509598 1.595923 -1.079143 1.887455 -0.884652 -2.005388 -0.540802 1.114867 0.501508 -1.729712 0.113230 -0.696429 0.584805 0.578131 -1.202084 0.410437 0.439957 -0.024300 0.327717 0.955813 -0.095132 0.695142 -1.469781 0.872979 -0.299388 1.242127 -0.245737 -0.428087 1.003424 1.096731 -0.048767 1.530066 -0.026570 1.293634 0.384221 2.093217 -1.059346 0.720292 0.140290 -0.045459 -0.716082 -0.215583 0.967345 -1.630335 0.910447 -0.427294 0.045156 -0.222998 -0.138472 -1.529057 -0.873354 0.031596 0.825024 -0.894994 -1.224079 -0.222284 0.526139 1.036071 -0.912963 0.744115 0.212713 -0.879123 0.678772 -1.409270 1.035901 1.116182 -1.875482 2.378329 1.000000
21 -2.076952 -0.171874 0.482679 -0.143365 1.202056 -0.341039 -1.021885 1.465642 0.763128 -0.618023 0.189180 1.435739 -0.405064 0.347188 1.063560 -0.136310 -1.223171 0.554891 -1.932804 -0.311854 0.641071 2.478249 -0.191888 -1.022570 -0.505171 0.396945 -0.266989 0.529577 1.426591 0.900767 2.524416 0.908458 -0.101359 0.419288 1.833843 1.118487 -2.276278 -0.651200 -0.089271 -0.298102 1.004547 -1.568835 -1.565176 1.788781 1.071547 1.070266 0.862934 -1.319493 -0.680261 -0.589486 0.280900 -1.968356 -1.008965 0.498134 0.401784 -0.944469 -0.091869 -0.549975 -3.278070 0.400393 -0.438481 1.043310 0.542928 0.293272 0.225507 -0.106268 -0.574613 0.479580 -0.220104 -1.240187 1.540906 -0.413203 0.014292 -0.649201 0.473056 -0.009314 0.082355 -0.316644 -0.587031 1.060569 13.557407 1.000000
22 0.134323 0.041967 -0.476067 -0.424480 1.116294 -0.578223 -0.138150 -0.307013 1.722859 0.993188 0.111544 1.873613 -0.789478 -1.730686 -0.480852 -1.055722 -1.147164 -0.984340 -0.255903 -0.478877 0.897155 -1.199269 0.924708 1.835725 -0.158558 0.810506 -0.180706 -1.327938 0.242539 1.620731 -0.322543 0.635173 0.140210 -0.213191 -1.163738 -0.482794 -0.076758 1.372689 0.553570 -0.790655 0.564513 -1.187059 0.926909 0.158431 -0.752288 -0.276406 0.279457 0.569471 1.084919 0.010243 -0.969606 0.683354 0.983029 -0.635749 0.425811 0.425622 -1.562447 -0.216007 0.831540 0.002911 0.787986 0.180144 -0.406790 -0.349815 -1.148981 1.357038 -0.305966 -0.421853 -0.205371 0.150863 -1.569678 -0.195098 1.388905 1.009198 0.810154 -1.094805 0.090518 -0.461622 -0.020685 -1.501038 4.450608 1.000000
23 -0.686432 0.703959 -0.423963 -0.369341 0.707955 0.213789 -0.886708 -0.449402 1.625468 1.306020 0.571019 -0.869161 -2.914209 0.581360 -1.903126 1.179300 0.457229 -1.234329 0.043439 -0.745341 1.503048 1.069252 0.410190 0.585999 1.075835 1.156110 -2.003222 -1.273769 0.860082 -0.352015 0.588910 -0.373329 -0.310394 0.783348 -0.589160 1.430608 -0.099891 -0.341710 1.149245 0.977248 -0.502438 -0.111629 0.101594 -0.376538 0.296748 -0.515908 -1.758007 -0.241058 -0.093160 -0.846638 -0.759571 0.998143 -0.584042 -0.087567 0.406026 -0.413583 0.880036 -0.326062 -0.571406 -0.241284 -1.274066 1.673832 0.928198 1.733710 0.242654 -0.296851 1.362958 0.449207 0.392128 -2.482409 -1.080297 -0.839821 0.616327 2.045141 -0.223407 -0.739180 0.977155 -0.183260 -0.149553 -1.400175 3.688038 1.000000
24 -1.188159 -0.392517 2.205115 -0.559040 -0.313741 -0.237234 -0.515103 -1.365711 -0.514937 1.550709 -1.010091 -0.717452 1.090624 -1.069148 1.168712 -1.816303 -0.020700 0.653387 -1.934571 1.414877 0.049237 -0.454980 1.853038 1.325831 0.470654 0.116522 -1.320636 -1.700033 0.887606 -0.808538 0.237385 0.403828 1.218614 0.270167 0.513444 2.591599 0.165054 0.775906 -1.129254 -0.036117 1.675299 0.541659 -0.514131 -1.648027 2.031770 0.178392 0.453642 -0.962261 0.697786 -0.708437 0.817947 -0.580770 -0.957241 1.017958 0.574945 0.171762 -0.689292 1.591664 0.879466 0.786250 -0.735755 -0.297134 -0.430174 1.328125 0.651949 1.313436 0.653388 -0.264138 0.804988 1.013526 -0.471100 0.549939 -0.676562 -1.008584 0.910920 -0.583936 -0.282245 1.271798 0.471478 0.351353 3.937637 1.000000
25 -1.286435 -1.368850 -1.173038 -0.429547 -0.572993 0.196926 -1.123077 -0.900553 -2.082286 -0.685083 -1.677859 -0.309790 -0.188796 1.306935 -0.213668 0.493599 1.352928 1.086606 0.409275 0.568531 0.258823 -1.704631 0.439895 0.240805 -0.669532 -0.226082 0.375285 0.485296 -1.224477 -0.263966 0.598594 -0.892699 1.423619 -0.324454 -0.855342 -0.617095 0.269667 2.969183 -0.672814 -0.124496 -0.508612 -0.076725 -1.720978 -0.056228 0.342500 0.037863 0.894081 0.102215 0.496594 -0.062056 -0.238493 -0.094696 -1.090246 -2.012082 0.871008 0.703682 -0.281713 -0.449994 0.475321 -0.498753 -0.555467 1.630093 0.534921 -0.945693 1.233212 1.083838 -0.495034 1.286407 -0.137206 0.097813 -0.409000 -1.780475 1.112406 -1.826764 -0.858624 2.034770 -0.335580 -0.596436 -0.659344 0.135683 1.599647 1.000000
26 0.282233 -0.057671 -1.014485 -0.784348 -1.156107 1.003981 0.149173 -1.064937 -0.352715 -0.174354 0.299911 2.277861 -0.009971 0.874760 1.183272 -0.542124 0.615702 0.043029 -0.993238 0.562535 0.286938 -0.596852 1.924099 0.314734 1.381020 -0.283141 -1.790352 -1.933989 0.473805 -1.277535 0.769847 -0.202507 0.250383 -1.532184 -0.487995 0.911784 -0.598043 0.350385 -1.091224 1.065954 1.608470 -0.328924 1.350282 0.374355 0.372690 -0.575861 0.910924 -0.033563 -0.342149 0.062854 -0.336478 -0.376294 0.020337 0.230414 1.488434 0.393569 1.065810 -0.149056 1.625729 -1.831437 -0.288831 -0.675528 -0.926597 -0.363220 -0.032007 -0.253106 0.097422 1.852152 -2.497363 0.085513 -1.615306 -0.908657 1.094161 0.052127 -0.993436 0.720909 -0.606601 -0.518617 -0.727819 -0.100815 2.534391 1.000000
27 -0.372918 -0.600383 0.200577 1.279034 0.859918 0.582068 1.426925 -0.741652 0.228627 1.986883 -1.249352 -1.903987 1.046909 0.316333 -0.353471 0.475947 -0.821799 0.557698 -1.629190 0.474784 -1.277612 0.558118 1.156673 -0.805561 -0.097962 0.335425 0.159009 0.814042 -0.542972 -0.675825 -0.363641 -0.244968 -1.349542 2.639955 -0.899842 0.188063 -1.328933 1.097086 1.137273 -3.184111 0.681456 1.347038 -0.661075 1.669581 0.855221 -0.785980 -0.578094 -0.406908 0.667394 1.415026 1.537927 -1.119677 -0.112788 0.749641 0.253223 -0.599964 -1.940404 0.312468 -1.025134 -0.667445 0.591137 0.176416 -0.291376 -0.313636 2.167708 -1.327303 -1.296116 1.069089 0.192036 -0.652041 -0.159726 1.226361 -0.033623 0.456000 0.001544 -0.241324 -0.519450 -1.350738 0.063981 -0.697341 12.550239 1.000000
28 0.168529 0.605184 0.637627 0.394635 -1.724913 -0.168073 -0.154393 0.567137 -1.717343 0.354643 0.051637 0.107229 -0.837138 -0.163226 0.229392 -0.923802 0.565080 -1.084751 0.558474 -0.834149 0.319354 0.133704 -0.062377 -1.389216 0.224947 -1.777945 -0.280755 1.531511 0.021218 -0.123591 -0.380490 -0.223132 0.887213 -0.425590 2.061227 0.904811 -0.574396 1.567241 -1.674984 0.027638 1.061986 0.237746 0.738033 -0.160016 -1.227749 -0.873521 2.066617 0.566388 0.374882 -1.237543 -0.267340 0.858837 -1.199885 0.656024 0.404496 -0.198796 1.329868 0.603630 0.412524 -0.135178 -0.333348 -0.178451 0.791149 1.865256 0.454527 0.516129 -0.527042 0.832969 0.097246 -0.088434 0.519530 -1.884705 0.352240 -0.459620 -0.542971 0.550159 -0.480830 -2.288642 0.653670 1.401023 6.318961 1.000000
29 -0.695174 0.282386 -1.372229 -0.280140 -0.843372 0.028632 -0.106322 -0.195301 -0.613064 0.717020 -0.871924 1.135620 -1.484671 -0.605603 -1.248180 0.509100 0.028320 -0.330307 -0.874569 -0.178471 1.022578 0.787529 1.238354 0.952855 1.611305 0.975693 0.054721 0.414957 -1.298939 -0.118463 0.402962 -1.157940 -0.038103 -1.032910 2.260096 -0.677998 1.066030 -0.735440 0.086128 -1.252063 1.105500 0.608995 -1.614876 1.081617 1.222312 -0.487128 -0.100963 -0.214172 0.034092 1.863322 1.938670 0.586162 0.305069 0.219342 0.398615 1.645334 1.213353 0.890907 -0.542147 0.576210 -1.420426 0.445255 0.076412 -0.593796 -1.918961 2.373921 -0.373059 -0.816834 -1.035517 -0.395092 -1.886231 0.815941 -0.757367 -0.478452 -0.400800 0.902540 -0.206812 0.464383 -0.907159 -0.194185 4.259723 1.000000
30 0.052319 -1.136028 -1.240340 0.390453 0.186948 0.361927 2.107603 -0.865857 0.762340 -1.920242 0.069307 -0.029628 0.975802 -0.544890 0.686412 1.320126 -0.672360 1.379422 1.755200 -1.044289 0.413923 0.661915 -1.317334 0.524111 -1.193077 -1.333026 0.643191 -0.822972 -0.388508 -0.732773 -0.700556 0.663268 0.952015 0.048657 1.185716 -0.643009 1.482383 0.882396 0.363496 -0.514408 1.008128 -0.448747 2.337662 0.055893 0.463131 -1.054937 0.716464 -1.023617 0.387594 -0.575594 -0.860641 1.616848 0.107171 -0.252007 -0.046502 -0.653536 -0.717752 -2.129187 -2.104351 1.377063 -0.109539 1.485550 -0.860754 -1.386664 0.973125 0.017909 -0.075258 0.045493 -2.091929 -0.256422 2.546805 0.813451 0.703701 -0.457140 0.457395 1.133369 -0.126185 0.374785 0.703852 1.187814 44.168657 1.000000
31 -0.088840 -0.082143 0.114649 -1.038670 1.487815 0.029668 0.300203 -0.123857 -0.774200 0.070556 0.471517 0.765905 0.443794 0.239581 0.491854 0.178925 -1.539074 0.263208 0.624041 0.307805 1.530772 0.867313 -0.533963 0.854202 0.599117 -0.576369 -0.652111 0.426024 0.730737 0.312931 -0.649152 -0.154223 -2.061547 -0.108074 -0.721320 1.365569 -2.366039 1.520869 0.265967 -0.518696 0.269892 0.178935 -1.917481 0.658661 0.192935 1.279428 -0.051911 -0.491744 0.677461 -0.199608 -0.484681 -0.070281 -0.216660 1.139706 -1.278691 -1.649545 -0.603206 -2.912216 -0.308582 -2.644506 -1.843804 -0.333943 -0.524713 1.896174 -2.011279 2.021354 -0.601973 1.773494 -0.351160 0.185909 0.804043 2.142234 -1.323563 0.470058 -0.277821 -0.107706 0.880496 -0.402549 -1.421427 -0.268912 0.424490 1.000000
32 -1.083641 -1.268940 -0.893447 1.678078 0.186278 -0.232343 -1.492759 -0.545919 0.390435 -0.644860 -1.476233 0.778640 -0.057924 -0.985411 -1.122770 -0.066923 -0.296386 -0.183676 0.547060 0.002100 -0.870884 -1.004935 0.202971 0.426391 1.037772 -0.443692 -0.983353 -0.500628 -0.417403 -0.602838 -0.748709 0.200767 0.886674 2.186156 0.173641 2.081193 0.954419 0.275043 0.800748 0.520193 0.460184 -2.249124 0.499193 -0.985773 -0.961910 -0.626543 -0.330852 -2.446946 -2.337896 -0.447735 -0.028812 -0.500155 -0.512372 1.655860 0.517007 0.663500 -0.839821 0.346606 -0.602237 0.176459 2.092030 -0.483528 0.256775 -0.923872 -0.782575 1.731145 0.870064 0.801662 -0.957473 -0.813150 0.063626 -0.783029 -0.204238 -0.262309 1.708617 0.231429 0.058658 -0.471585 1.043167 -0.712196 1.177800 1.000000
33 0.129325 0.058229 0.520538 1.238732 0.427834 1.492313 0.849941 0.533703 -0.277294 1.133105 -0.116552 0.870167 -0.139918 -0.535191 0.307651 2.080624 1.490129 -1.068239 0.017449 -1.386434 -1.621815 -0.335309 0.006090 0.563820 -0.056625 -0.101413 0.651317 -0.567136 -0.155070 -0.533036 0.654745 0.302038 -0.794105 -0.355929 -0.046743 0.585866 0.129795 -0.462077 -1.789518 0.423805 1.338565 -0.087301 -0.480814 0.478667 -0.291933 0.377352 -0.595984 -0.743335 -1.084082 0.085776 -1.749260 0.350132 -0.848783 -1.685102 -1.205961 -0.674391 -0.361990 -0.189116 0.648483 0.495476 0.714084 -0.898295 -1.096827 -1.692878 1.043300 0.135366 0.763722 1.362200 1.795031 0.607749 0.254652 0.977766 0.327199 -0.843491 0.567194 -0.581420 0.556764 -1.290723 -0.493563 -1.445747 16.971984 1.000000
34 -0.190750 0.448215 0.015137 0.881757 -1.685432 2.538200 -0.412691 -0.164314 1.481632 -0.997255 0.838268 -0.079465 -0.170937 0.396466 0.297368 -0.230390 -0.420817 0.859540 -2.321310 -1.371879 0.977715 0.195200 -1.405685 -0.175765 0.098972 -0.295221 -0.176085 1.381059 0.614199 1.622796 -0.355813 -1.408280 -1.561477 0.487001 1.875628 1.009126 1.326701 -0.087219 1.047479 -0.542183 -0.306836 1.628978 0.819103 -0.911710 0.686064 0.705953 1.650327 1.010254 -1.739503 0.676221 1.237370 1.330418 -0.612180 0.473894 0.224950 0.133186 -0.266165 -1.232860 1.512786 0.778308 0.193937 -1.908899 -1.741287 -0.234299 0.287877 -1.106024 -0.697715 0.223019 0.871460 -1.575876 -0.839764 1.352788 1.522490 -1.059693 -0.671937 -1.435881 0.847929 -0.677084 0.421000 -0.453546 1.671571 1.000000
35 -0.251863 -0.800814 -0.414921 1.274373 -1.357077 0.302383 -2.444556 -1.284638 -0.067941 -1.731347 -1.043414 -0.918595 -0.476611 -0.354955 -1.034762 0.357193 0.576797 0.786094 -0.689398 0.384945 0.226618 -0.501991 0.386387 1.571428 -0.142662 0.021300 0.378862 0.329858 -1.191608 0.408059 -1.133315 1.495394 -0.442279 0.990483 0.545892 1.419696 -0.191250 0.155824 -0.659324 0.234891 -0.765055 -1.046290 -0.270701 -0.403108 -0.353848 -0.508253 0.068175 -1.011318 -0.034188 1.564419 -0.778400 0.341999 -0.011920 0.328617 -1.650178 1.548442 0.378936 1.124261 -2.004279 0.279013 -1.084607 0.117262 1.754566 1.094813 1.758566 -0.827400 -1.337387 1.414234 1.182341 1.475534 -0.036841 2.532809 0.552729 0.615998 0.075000 -0.992130 -0.199186 0.466604 -1.066907 0.714043 2.176303 1.000000
36 -1.611231 0.734894 -2.121793 -0.892946 0.785250 -0.398237 0.219906 1.924649 -2.444218 2.128140 0.430142 -0.127229 -1.211184 -0.077806 -1.184965 0.399371 0.887800 0.854645 -0.618403 2.363188 -0.501209 -0.085990 2.485945 -0.426034 -2.179944 1.031132 0.363824 -0.742438 -0.602486 1.589425 0.210361 1.197036 0.248186 1.578316 2.819297 0.918575 0.420083 2.028210 0.640815 0.402272 1.056609 -0.016077 -0.537324 -0.330017 -0.334679 0.634124 0.754281 -0.866263 -0.397023 1.086370 1.046638 -0.360061 0.628034 0.066988 -2.579414 -0.437654 -0.013251 0.701817 -0.250151 0.795104 1.829425 -0.491032 -0.306214 -2.183704 0.351509 -1.357017 0.613031 1.851360 -0.502843 0.254984 -2.586111 0.523334 -0.167567 -0.077046 -0.995078 -0.940176 -0.358276 -0.570653 -1.905211 2.237312 41.668690 1.000000
37 -0.977267 0.134228 -1.042148 -0.603641 -1.733826 0.639303 -0.831932 1.069029 0.542912 1.027784 0.984105 -0.033332 0.296724 -0.256746 -1.408719 0.058602 0.674673 0.663156 -0.025785 -0.319299 -1.210828 0.785266 -1.123816 -0.911610 0.497240 -0.194748 -0.498435 0.095814 -0.539997 -1.750065 -0.084717 0.753330 -0.196426 0.380975 -0.579679 0.530586 0.513088 2.051955 -0.911924 0.094037 -0.157312 -0.948673 -1.656410 -0.233081 -0.990680 2.553659 -0.705751 0.845512 2.309909 -0.202528 -0.147713 0.685495 2.126730 -0.539943 -1.120132 -0.114558 0.009747 -1.370619 1.738044 -0.894667 -1.651307 -0.355141 -1.337848 0.116186 -0.080919 -0.828044 1.197544 1.526250 0.260254 0.085218 1.215522 -0.459748 -0.922924 0.855648 0.699615 -1.227285 0.385680 -0.207300 -0.335005 0.756795 228.360872 1.000000
38 -0.266684 0.006913 -0.463713 0.469511 -0.533110 -0.943465 0.877494 -1.665999 -1.286428 0.362859 -0.829737 -0.056593 0.037688 0.114590 -0.885151 -0.867764 -0.622008 -0.031465 -0.183529 0.550934 -1.073768 -0.376590 -1.439285 -0.382037 -0.323099 -2.811080 0.059764 0.470566 -1.551334 -0.556348 -0.630229 -1.660639 0.553462 -1.148517 -1.368891 -0.411435 0.014234 0.757786 -0.490047 -0.106082 1.118469 -2.751852 -0.484899 -0.972410 -1.566971 0.819896 -1.021531 -0.744588 0.121196 -1.782522 0.311724 -0.139992 -0.003944 -0.198248 -0.905487 1.207075 1.009324 1.545483 0.931740 -0.552407 1.685458 -0.264959 -0.224847 -0.839956 1.020163 0.858324 0.494699 1.251341 1.590327 -1.942209 0.592464 0.148433 0.738065 -1.121335 0.735074 0.240954 0.091128 0.685930 -1.807589 -0.826403 0.853229 1.000000
39 1.922456 -1.228855 -0.105564 0.186800 -1.193668 -0.410423 1.603689 0.135424 1.404331 0.932343 0.249389 -1.029681 0.614804 0.121375 -1.013304 -0.213250 1.325414 -0.693788 0.644410 1.583271 0.881027 -0.131765 0.405892 1.460405 -1.235763 0.737022 -0.528917 -0.109089 -2.189234 0.996771 0.197071 0.228256 -0.693768 -0.984642 -2.016208 0.209230 -0.854840 1.127461 -0.599179 0.077195 1.061124 1.716621 0.512065 0.370259 0.752656 0.946445 -0.962105 1.193851 -1.227700 0.334551 -0.207220 -1.390540 0.048931 0.639937 -0.094322 1.002300 -0.028529 0.937800 0.642172 -1.139355 -0.203935 -0.222977 1.008148 -0.314695 -1.180172 0.535476 -0.585216 -0.838994 1.689674 1.209071 0.391749 -1.154896 -0.205210 0.288721 -1.135366 -1.082540 1.911088 -0.745098 0.814265 0.956692 24.811399 1.000000
40 -1.163147 0.003390 0.861742 -0.442414 -0.184377 0.669394 0.819974 1.318425 0.652863 -1.723691 0.093912 0.123263 -1.635676 -0.588213 0.534375 0.743053 0.628169 -1.392987 0.131097 -1.042607 0.380631 -0.772720 -0.981629 0.430479 -0.245517 -1.120974 1.230190 -0.379146 0.670876 0.531681 -1.872433 -0.098474 0.788288 -0.683112 -0.021643 -0.501862 1.620545 0.855484 0.825503 -0.283642 1.145857 -1.206757 1.472076 0.511756 -0.653005 0.147498 -0.339516 1.306517 -0.074903 -0.963125 -0.295635 0.453229 -0.155950 0.532943 -0.929326 1.150806 1.528855 -1.513050 0.331908 0.229015 1.292950 0.443807 1.131412 0.983046 -1.685033 -0.516264 1.611417 1.408955 -1.067214 -1.305168 -0.698512 0.962702 -2.713487 -0.515219 -0.921922 0.992453 0.220553 -0.434856 -0.018037 -0.542272 1.800110 1.000000
41 -0.174708 -0.962706 -0.745198 -1.660276 -0.291413 0.507269 -0.188949 -0.266220 0.134526 -1.427018 -0.169471 0.015471 -0.081565 2.026094 -0.082809 -0.084945 0.313076 0.799546 1.297877 0.679030 1.933055 -1.391749 -1.862685 -0.605240 -1.625962 0.267732 0.136449 0.455049 -1.647712 -0.379121 -1.460646 0.970474 0.858470 1.341282 0.949998 -0.596713 0.200509 -2.170698 0.914932 1.039211 0.450277 -0.544973 -0.240069 -0.020337 0.276761 0.762464 -0.198767 -0.231103 0.695383 1.306065 1.762477 -0.081108 -0.219222 1.389698 -0.398751 -0.013409 1.646247 -1.530479 0.296873 -1.479380 1.022333 -0.871700 -0.327387 -1.127554 -0.162815 0.753113 0.344076 -1.169120 -1.246432 0.355452 -1.854910 -0.789752 -1.440470 1.017843 1.003434 -1.235865 -0.842285 -0.287444 0.222925 -0.445641 17.613919 1.000000
42 0.745492 -1.342011 0.305398 0.221856 -0.407131 -0.154518 -1.119288 0.047893 0.969015 0.625974 1.175266 1.156771 -0.146348 -1.163780 -1.729494 0.537765 1.155723 -1.616917 -0.439326 1.131511 -0.364440 -1.380435 0.913200 -0.496101 -0.811594 1.524313 -0.103826 1.601171 -1.131789 -0.004691 0.289032 -0.208390 -0.060287 1.286840 -0.160483 0.187607 1.460272 0.311494 0.324813 3.030658 0.106977 2.614698 0.062959 -0.037827 -1.241674 1.589717 -1.721034 0.104141 0.315898 1.008191 0.244669 -1.768333 -1.027599 -0.766357 0.775016 -1.702228 1.601905 -1.301594 2.146616 0.240670 0.709417 -0.147125 -3.459016 0.121813 -0.916343 -0.698054 0.247928 0.256347 0.341407 -1.875264 -0.348549 -1.994820 -1.000680 -1.464253 0.616086 1.243299 0.744385 -0.566058 2.319220 -0.746152 0.012976 1.000000
43 -1.598002 -0.032919 0.296641 0.682643 -0.827130 2.847565 -1.742261 1.069551 -0.001539 -0.042169 0.046184 0.349535 -0.918139 -0.231188 1.659502 1.686368 1.169248 0.204088 -0.925151 0.721719 0.228163 0.082292 0.522676 -0.781942 0.118390 -1.443431 -0.574160 0.853380 -0.258422 -0.241002 0.059533 -0.325532 2.757646 -1.005613 0.492182 0.152218 0.243206 0.172301 -1.785245 -0.764078 0.258510 0.702759 -1.510727 -1.732316 1.031404 -0.773498 1.285926 0.158765 0.506748 1.876717 0.577578 0.534684 2.294873 -0.231926 0.439047 0.416478 1.713160 -1.064182 0.487931 0.963948 0.399687 0.207984 -0.603373 1.021587 -0.423339 -0.867085 0.099603 -0.844822 0.392476 -0.244495 -2.976458 1.864799 -0.594508 -0.989691 2.286873 0.348007 0.614293 -0.285061 1.628194 0.096816 0.737814 1.000000
44 -0.549813 -1.848073 0.184288 0.611152 -1.005366 1.375980 0.445705 2.186114 -1.519432 1.433570 0.907874 0.493432 0.641318 -0.206278 0.360399 0.749197 0.584288 0.538337 -0.107730 1.152151 0.646969 -0.244794 0.381708 -0.464561 0.471690 -0.643149 -0.367305 1.305129 1.564526 -1.506890 0.779781 0.480895 0.070850 0.494207 1.182314 -0.318239 -0.743179 -1.537950 0.716897 -2.319968 -1.404394 1.436751 -0.353417 -0.139503 -1.765149 -1.825326 1.320897 1.088822 0.144478 -1.166572 0.426025 -0.540756 -0.705382 0.464129 0.315580 -2.043441 -0.227586 -0.503490 0.096243 0.421023 -1.409860 1.964401 0.077472 0.701750 1.680281 0.330474 -0.712504 0.115415 0.703954 0.585891 2.407135 2.010485 -0.663963 -1.361392 -1.757007 0.239331 0.209765 0.275285 -1.036548 1.221027 6.402879 1.000000
45 -0.892574 -0.520338 -1.263444 -1.653090 -1.366422 0.242596 -0.565020 0.289940 -0.954108 0.220325 0.249074 0.192982 0.000372 -0.156263 1.920465 0.166387 -1.726360 1.062787 -0.565724 1.415944 -2.063197 0.653641 -0.325499 -0.090313 0.895190 -0.562920 0.583192 -0.278181 -0.590605 0.236798 -1.426176 0.606423 1.031774 1.141305 -1.150021 -0.367329 1.005219 1.065837 0.385778 0.533541 2.314336 -1.318201 -0.707727 0.040643 -0.377098 -0.511338 0.506545 -1.933877 -0.516017 -0.778763 0.326676 -0.517100 -1.174871 -1.473998 -0.661845 1.774295 -0.482627 -0.464933 -0.507248 0.461250 1.822903 -0.301013 0.635266 -0.259010 1.758378 -1.659744 -0.602874 1.209929 0.919816 -0.866922 1.039621 0.875595 1.409486 -0.095652 0.024560 0.219013 -1.192451 -0.203801 -0.234878 1.935089 67.387896 1.000000
46 1.190972 0.076979 1.287557 -0.110676 -0.989456 0.915734 1.188699 -0.054612 -1.124472 -2.035524 -0.906834 0.900615 -0.788084 0.640706 1.093985 0.208311 0.847451 0.321201 0.402960 2.092911 0.747199 0.073625 0.342269 2.295021 0.736768 -0.991934 -0.781186 -1.204156 1.065541 -0.522459 0.249303 -0.441960 -1.776003 -0.328657 0.721140 0.693849 -0.021308 -0.255611 -0.709439 0.620474 -0.169355 -0.288479 -0.157642 -1.905986 -1.445131 -0.187982 0.049749 0.480822 -1.279912 -0.585075 1.247533 -0.325253 -0.558949 0.706998 -1.535988 0.673537 -0.238242 -0.078384 0.010258 1.334356 -0.517780 0.022788 0.110709 0.413240 0.513130 2.376208 0.776370 0.340392 -0.803661 0.913438 1.423782 -0.562583 2.079995 -0.250355 -0.490870 0.921897 -0.030863 1.981326 0.461614 0.497914 2.247829 1.000000
47 1.359565 0.881613 1.238323 -0.153647 -0.481528 1.583540 0.418072 0.399599 -1.590268 0.135848 -0.040053 -1.383301 0.021120 -0.680862 0.300630 1.079095 0.406181 -0.702992 0.387433 -0.391567 -1.530577 -2.138982 -0.209005 -1.211462 -0.743614 0.518968 0.335964 -0.148849 0.342419 1.437764 -1.149665 0.354823 1.604284 -0.369523 -0.213169 -0.840229 0.250985 0.352761 -0.430720 0.240697 -0.585534 2.245296 -1.042803 -0.709185 0.755508 2.284417 1.021131 0.408869 -0.787260 -0.146437 -0.562462 -0.706646 -1.275615 -1.690572 -0.865772 0.289388 -2.086781 -0.286507 -0.837189 -0.851857 1.054964 -0.468295 -1.722644 0.583027 -0.630119 0.902162 -0.701146 -1.580202 0.195964 0.891461 0.858522 -0.212969 -1.329337 -1.235593 -0.067463 -0.761786 1.020555 -0.643723 -0.323848 -1.358424 4.585008 1.000000
48 -1.206835 0.448487 -1.026165 -0.445919 0.177079 -0.570918 -2.265668 1.391376 1.510784 -0.011189 -0.525295 1.507954 1.408961 -0.582015 0.892026 1.384045 0.186685 -0.889611 2.226399 0.232262 0.704470 0.483234 -0.356177 0.521440 1.179298 1.026783 -0.323490 -0.000319 -0.123786 -0.552506 1.194655 0.322953 -2.361338 0.693111 0.602469 -1.096719 1.432691 -0.416765 0.865442 -0.774843 1.708773 -0.684835 1.577621 -2.229853 -1.079201 -0.651300 1.022224 1.342598 -0.910286 -0.512185 1.314151 -0.395434 0.725888 0.699496 -0.501469 -1.719491 -0.568608 -0.483892 -0.610210 -1.664299 -0.776015 1.544746 0.184987 1.677870 0.175160 0.292132 -0.182367 0.999927 -1.438449 -1.221253 -0.541311 1.220808 0.315823 0.297668 1.179207 0.907211 -0.036847 -0.017662 -1.236250 0.412907 26.622796 1.000000
49 0.083823 -0.202057 1.988221 -1.574576 -0.287088 0.195022 0.389612 -1.953141 -0.024200 0.243733 -2.501755 0.476833 -0.213829 -0.892445 -2.842893 -0.358538 0.266132 -0.207598 1.904473 1.249923 1.028542 -1.978499 1.473078 -0.355552 -0.989188 -0.807936 0.443177 1.194474 0.077782 1.165102 -0.222871 -1.760614 -0.007528 0.725826 0.175415 1.263812 0.164772 0.367787 0.475080 -1.559983 1.472480 -0.620380 -1.289522 0.736078 0.331775 1.557271 -0.476602 0.357212 -0.552803 -1.532090 1.694290 -1.258456 1.504341 -0.682838 0.712272 -1.499313 -2.720085 0.176027 -2.001763 -1.660388 -0.335259 -0.965110 -0.190338 0.655723 0.202694 0.793480 -0.934926 1.195797 0.829208 -0.482481 1.424621 -0.911126 -0.136068 0.327782 0.348953 -0.206507 -0.076558 -0.601299 -2.677858 -1.575114 8.429386 1.000000
50 0.709000 -1.925352 -0.169842 1.507628 0.392066 -0.454053 2.133274 -0.485632 -1.026657 0.371845 0.995762 -0.285011 0.788710 0.795094 -0.386258 0.141715 0.769135 -0.108541 -0.665399 1.236580 -0.627139 -0.899475 -0.050760 -0.828771 0.167188 -1.087579 -1.359026 -0.763919 -0.884476 0.750340 -0.960483 0.148198 0.270473 1.031011 -1.484446 1.409282 0.020809 -0.574330 0.651697 -0.336655 -1.145581 -0.356474 0.117260 -1.419160 1.539924 0.887869 0.895165 -0.581411 -0.526775 0.408229 -0.467926 -1.158701 0.487443 1.194117 0.391189 -1.880624 -0.507933 -0.615421 0.836056 -0.393434 2.280763 2.004851 -1.571864 -0.105205 0.614586 -0.462389 -0.216015 -2.113049 0.155611 -1.205310 0.861048 0.704760 0.283630 0.231611 -1.496950 0.695029 -1.289300 0.955938 -1.067130 -0.718799 3.565674 1.000000
51 -0.707405 -2.295743 -1.158639 -0.174663 -1.123947 -0.447056 -0.579320 -0.462789 -1.210409 0.472984 -1.211920 1.196235 -1.367429 -3.854815 0.712854 1.176530 0.105251 0.111268 -0.670355 1.096596 0.020281 -0.420719 1.862620 -0.104500 0.847609 -0.817969 -1.923262 0.011324 -0.350111 -1.440019 0.941466 -2.140154 0.848312 -0.126364 -1.235751 1.166471 1.314113 -0.781264 -1.707450 -1.801940 0.816698 1.078160 0.266129 -0.162372 -0.089340 0.062570 0.730150 -0.132094 0.189029 0.548628 0.302786 -0.372682 -0.677064 -0.400805 0.329492 0.325485 -2.203012 0.945020 0.670288 2.130655 -1.010229 -1.072510 2.187019 0.057346 -0.141563 -0.521658 -0.181408 0.301093 -0.179598 -0.179362 1.469760 1.903001 0.328674 -2.568438 -0.754637 0.670927 -1.852669 -0.239991 0.986433 -0.073663 1.562019 1.000000
52 1.080055 0.020434 3.344217 0.676057 3.722501 -0.453205 0.220617 0.920098 -0.434744 0.555120 0.747794 -0.914432 0.814489 -0.945561 -1.368860 0.037470 0.418283 -0.519074 0.622834 -0.341317 0.066523 -0.506273 0.285773 0.832657 1.438632 0.878763 0.277891 1.381224 2.757434 -0.150953 -0.702210 -0.378370 -0.380197 0.826776 0.842627 0.830545 0.751646 -1.221094 1.521314 -0.597691 -1.534822 -0.207643 -2.036268 0.035894 -0.975981 -1.034381 -2.065587 0.251208 0.554979 0.265857 0.516596 -1.539743 -1.367606 -0.526422 -0.239112 -0.464012 0.804826 -2.111820 1.295878 0.221020 0.288630 0.318549 0.281691 -0.350701 -1.656086 -0.525252 -1.505690 -1.778531 0.630031 -2.373906 0.010675 1.834875 -0.190103 -0.230700 0.160746 -0.700685 0.420859 -0.708747 1.910038 0.097880 0.108006 1.000000
53 -1.625743 1.166202 -1.041916 0.000225 -1.343784 1.222365 -1.201796 1.456639 0.405524 0.109655 0.051785 -1.757788 0.629252 -2.099822 1.123409 0.125041 -1.334919 -0.022129 -1.001945 -0.754979 0.647366 0.718674 -0.539642 -0.702654 0.659500 -0.160424 -0.665090 0.475062 -1.381212 0.318573 1.572023 0.401352 -0.673927 -0.690957 1.603092 -0.349511 0.084649 -0.832812 0.790081 -0.069659 1.478595 0.010590 -0.366430 -0.579800 1.699631 1.028606 0.093546 -0.694093 1.068022 -1.344075 0.416482 -0.664646 0.762274 1.094101 -0.050736 1.970072 1.400289 -0.296408 -0.341614 0.746087 0.983749 0.364745 0.133268 0.572874 -1.746482 0.953027 -0.870658 -0.783359 0.737690 -2.019074 0.079708 -1.405443 0.409297 -1.895380 -0.735221 -0.681039 -0.857184 -1.549089 -0.149351 0.776550 1.197314 1.000000
54 -0.063998 0.543762 1.185900 -0.396265 1.092959 -0.560588 0.579670 0.527346 -1.133148 -0.477487 -0.242211 1.181211 -1.083491 0.349825 1.876961 0.129216 -0.635658 -0.316451 -1.278332 0.094852 0.786132 0.347071 1.689437 1.153577 -1.184975 -1.041781 -2.503963 -0.099816 1.599162 -0.219385 -0.741997 -0.325820 -0.696738 2.059745 0.823556 1.928584 -0.668998 0.036106 -0.658374 0.281306 0.840558 -0.799677 1.661116 0.204225 0.586159 -0.200746 -0.506160 0.302779 -2.369564 1.117564 -0.023509 0.182887 0.127108 0.271717 -0.511276 0.205951 0.197619 -0.370121 -0.528417 -1.790799 0.445929 1.239468 -0.056722 -0.330244 -0.657411 -0.312017 0.426444 1.781223 -1.804370 -0.312988 -0.113836 -0.585185 -2.346773 0.795277 0.959203 -0.828994 -1.070087 1.224255 -0.241699 -0.713919 0.858018 1.000000
55 1.151301 0.150499 0.962731 -0.618919 -0.188983 0.492004 1.526164 -0.615226 -0.561363 -0.854342 -0.390347 -2.099227 -0.990796 -0.371646 -0.565886 0.334196 0.184878 2.320153 0.564228 -0.327674 1.932868 3.422423 0.704949 0.698148 -0.298156 -1.033746 -0.894530 -0.613189 0.984253 0.608268 1.743031 1.201700 -0.697792 -0.570382 0.742452 -1.698307 -0.593985 0.437717 -1.251092 0.914066 2.290449 0.354829 -0.187739 -0.108738 -0.022922 0.706054 -1.185112 0.242578 0.776565 -0.400474 -0.735013 -0.697538 1.443814 -0.928981 0.197368 1.684405 0.984892 0.355853 0.435370 -0.827883 0.194172 1.173381 1.058908 0.442236 -1.158994 -0.146091 0.297365 -1.312555 1.162748 0.176861 -0.510000 -0.169357 -0.402767 -0.999717 -0.765480 1.511129 0.053770 1.299742 -0.823393 0.543181 0.405267 1.000000
56 -0.319529 -0.584291 0.542802 0.770262 -1.679451 1.955559 -0.358445 -0.643900 -0.320469 0.178433 0.398655 -0.314461 -0.229906 0.185559 0.213404 1.587099 0.261758 -0.413039 -0.684473 1.371211 0.521614 0.103420 0.246990 -0.148134 -0.219432 0.671156 0.366480 0.624127 -0.340866 -1.467173 0.678180 0.220820 -0.162481 0.664124 0.335799 0.270401 1.956199 1.620745 1.271161 0.294173 -0.487707 0.350677 -1.392176 0.875159 0.197705 0.095880 0.030376 -0.151356 -0.829848 0.736672 -0.315695 -1.399938 0.172885 -0.592309 0.421669 -1.123246 1.080181 0.333140 -0.977256 0.008057 -0.848048 -1.742868 2.026352 0.194807 0.830042 0.393066 -1.278802 0.858762 -0.401035 -0.375249 0.693206 -0.917424 0.062864 -0.451082 0.332856 -0.993313 -0.228977 0.948990 1.094637 -0.283130 2.361187 1.000000
57 0.858584 0.300402 -1.556640 0.116311 0.717113 -0.037207 1.010721 -0.024719 0.355652 -0.344914 0.031845 -0.346637 -0.446038 -0.386189 0.111568 0.197066 0.249127 -1.274507 -2.997884 -1.031229 0.266361 0.112431 -0.547557 3.069017 0.806554 -1.911693 -0.745106 -0.440455 -0.354917 -0.057792 -0.732843 -2.212736 -0.143621 -0.126723 -1.464636 -0.800856 0.519043 -1.486246 0.672028 -1.649069 -0.099309 -0.507503 -0.179708 1.154254 -1.394465 -0.730871 0.957024 1.199142 0.624144 -0.747426 -1.466986 1.384435 0.750602 -0.450881 -1.450119 0.228103 -0.007085 -0.355250 0.329309 0.065514 -1.500601 -0.704306 -1.160494 0.388759 -0.581179 -0.331682 -1.834974 -1.406899 -0.298770 -0.730880 0.211560 -0.572558 1.108335 -0.951405 -0.838800 0.285293 -0.036120 -1.603577 -0.224086 -0.634582 10.688646 1.000000
58 -0.142027 -0.846786 -0.306697 -0.888102 -0.637827 0.316115 -0.750372 -0.805489 -0.952777 0.703841 1.678957 -1.990428 -0.572679 0.163834 1.154965 0.884962 -0.930310 1.039280 -0.193485 0.225320 -0.820128 0.347221 -0.580602 0.589187 -2.347293 -0.846333 -2.016535 0.123135 2.557470 0.070092 -0.129666 -0.954639 0.826919 0.457607 -0.090466 1.727266 -0.588235 -0.956182 -0.321354 -0.028051 -0.939269 -1.707630 -0.290399 1.193553 0.429572 1.238864 -0.010040 -0.136080 -0.532470 -0.113711 0.043385 -0.163272 -1.773331 0.995344 -0.000786 0.294830 -1.832112 0.733387 -1.445539 -0.393480 1.231156 0.092305 -0.267672 0.489196 -1.264957 0.898766 1.332623 0.562368 0.618595 -1.250416 0.347975 -0.335963 0.458776 0.185310 -0.336236 -0.811687 0.442901 -0.335325 0.972944 -0.504666 1.551868 1.000000
59 -0.256790 0.246362 -0.598283 0.422990 -0.212230 0.078814 1.834966 0.777037 0.327598 0.857080 0.745667 -0.162988 -0.346016 -1.774568 0.538573 0.079795 1.262183 0.030392 0.387696 1.339045 0.010977 0.351069 1.129207 1.373652 0.718518 0.894106 1.283431 -1.766504 0.895004 -1.131936 -0.189804 0.012826 -1.219207 -0.951372 -0.170026 -1.386619 0.880385 -0.326530 -0.419031 0.635390 -2.808491 0.803674 -1.729531 0.822068 0.640598 -0.616804 -0.160584 1.074260 -1.622851 1.089843 -1.086342 -0.549187 -0.747581 0.630459 -0.119051 0.461699 0.809012 0.265276 1.042767 1.249576 -1.261260 0.615716 -0.526902 0.979402 -0.883809 -0.577507 -0.030622 -1.708680 1.319877 0.723468 0.369721 -0.403843 0.287931 -0.324246 -0.277581 1.346783 -0.921655 0.957050 0.479079 1.034846 5.133273 1.000000
60 0.229253 -0.894087 -1.031195 -1.031187 -0.049632 1.614560 -0.303587 -0.537912 0.393550 -0.136401 1.358379 -0.565808 0.387224 -1.046648 -0.809076 -0.365872 -1.912328 1.006371 0.747799 -1.264534 -2.016780 0.812145 -0.100142 -0.090648 0.162119 0.230898 -1.099345 -1.649103 -0.667336 1.427952 0.167263 0.632821 0.137291 0.019787 -0.712816 -2.470971 0.386360 1.672624 1.965571 0.518867 0.542673 -1.050646 -4.167734 0.504752 1.545314 0.351754 2.260630 0.340787 -0.431761 0.861238 0.021120 0.421905 1.662744 -0.187168 0.289128 -0.092416 -0.069076 -0.886869 0.800707 0.503682 1.141975 -0.365442 0.224306 2.302805 -1.206760 -0.159787 0.155537 1.563200 0.921065 -0.419296 0.868872 0.348900 -0.182069 -1.056179 -1.394101 1.507678 -0.692902 -1.910032 0.136942 -0.430070 9.611825 1.000000
61 -0.539143 0.756058 0.794698 0.386164 0.459001 1.030197 -1.895751 0.603859 0.244228 1.015296 0.324239 -0.065927 -0.636110 -1.184741 1.087278 0.683156 -0.645758 0.725857 -0.864079 -0.680105 0.404876 0.952655 -1.123540 -0.869771 -0.583495 1.456343 -0.088010 1.623520 1.834744 -1.973356 1.210995 -1.068069 -0.356662 1.083723 1.032943 0.484501 0.165149 -1.216301 -0.406436 -2.404720 -1.363500 -1.715314 1.585169 -0.443909 -0.821221 -0.433856 1.764033 -0.912861 0.155389 0.537890 0.842869 -0.138747 0.454151 0.094268 -0.583126 -1.443464 -0.086895 1.520857 -2.184618 -0.038402 -1.898095 1.787021 -2.096288 -0.129512 -0.342833 -0.364015 -1.080728 -0.516645 1.132293 -1.639606 -0.281153 0.862741 -0.606964 -2.167237 -1.058587 2.122590 1.296316 2.130504 -0.477063 -0.327016 2.360441 1.000000
62 -1.000241 -0.881819 -1.584394 1.060861 -0.090552 -0.838510 0.288340 -1.494349 0.802384 -0.595774 0.448152 0.117448 0.145345 -0.227261 0.219739 -2.459787 0.258480 -0.365823 -0.681525 1.790112 1.495381 -1.622124 -0.480748 0.403529 -0.652584 -1.297701 -1.529516 -0.152725 1.721957 -2.190511 1.052631 -0.625500 0.630916 0.063679 0.115072 1.353426 0.142779 0.065174 -0.740443 0.734831 0.340061 -0.820167 -0.526914 -1.138084 0.891997 -4.225883 -1.443284 -0.684692 -0.859062 -1.409130 0.632948 2.748616 -1.644479 0.760616 -1.235076 -0.482423 0.626081 0.622464 -1.470353 0.854572 -1.395391 1.666765 0.039342 1.432521 -0.294693 0.697751 -0.860375 -0.357973 -0.413214 -1.422542 0.217547 1.232718 0.026083 -0.615321 0.495574 -1.508285 1.325668 0.747056 -1.984781 0.548627 0.659251 1.000000
63 -0.590396 -0.554467 2.557650 0.360766 -1.056686 -1.888807 -0.308154 -0.040325 1.176201 -0.785229 0.325561 -1.339072 0.590445 0.735539 0.636137 0.143507 -0.510523 -0.348682 -0.761681 0.829785 -1.352391 -0.078210 -1.208787 1.511896 0.729264 0.237119 1.246739 -0.226464 -1.580565 -0.257643 0.043523 -0.638244 -1.957640 -1.004470 0.201837 0.286010 1.438712 -0.107758 0.384544 0.511509 -0.808681 0.893457 -0.750416 0.410999 -0.413289 -0.926780 -2.606483 -0.908328 -0.379405 -1.689243 0.020551 -1.205606 0.456436 -0.331500 -0.707672 0.244851 -3.721842 0.463291 -2.099093 0.623537 -0.445485 -0.768383 -0.038864 -0.723134 -0.493868 -0.194757 2.638406 -0.847053 2.672795 0.136392 -0.357192 -0.894197 0.012346 -0.678946 0.613385 0.950048 -0.270243 0.819231 0.299388 2.103752 1.563139 1.000000
64 0.786931 0.665595 0.121449 -0.731441 1.388510 -0.781854 0.526988 1.076468 -0.020825 1.314112 0.244817 1.692787 0.899561 -0.559137 0.701330 -0.506558 0.419284 -0.880742 0.449872 -0.895029 2.310357 0.153357 0.141393 -0.454883 1.811246 -1.035470 -1.315571 -0.308541 -0.115829 1.082521 -0.934663 -0.218479 2.141136 0.067561 0.955251 -0.115376 -0.121767 -1.387823 -2.060803 0.169085 -0.147679 1.468373 3.032130 -0.808837 -1.124965 0.495512 -0.706922 0.253476 -0.928885 0.680997 1.320091 -0.198197 0.337954 2.055314 0.170659 -0.745667 -0.094201 0.649888 0.371476 0.538309 0.534803 0.184581 -1.615634 -0.091576 0.496761 -0.040792 -0.577392 -0.216148 0.264191 0.815793 0.794155 -2.113834 -0.554196 -0.775523 -0.524940 -0.099559 0.606503 -0.633418 0.625299 0.434706 0.662387 1.000000
65 -0.416512 -0.249878 -1.612662 -0.539871 0.224361 -0.633021 1.670739 0.092749 -0.432954 0.771910 0.028288 0.968418 -0.470452 -1.485946 0.534535 0.576785 -0.140975 -0.452615 0.996278 -0.059367 0.645169 1.210101 -0.793614 0.014372 0.147663 -0.499242 -0.224015 -0.479028 2.544144 0.454142 -1.666080 0.585416 1.326609 -1.655666 0.059403 0.863955 -0.092013 0.874446 -0.152373 1.172250 0.286381 0.591278 1.119599 -0.823220 -0.737904 1.655173 -0.153289 -0.511388 0.753950 -0.464157 -1.729021 -0.892163 -0.373154 0.368411 0.628533 -1.331711 -0.615720 -0.719568 0.686160 -0.551204 -1.008132 -0.165852 -1.334628 1.565139 -0.883513 0.555977 0.217972 -0.209770 -0.288143 -0.786966 -1.727050 1.210647 -0.627587 1.375531 1.309854 -0.219665 -0.403109 -0.734326 0.655096 0.927636 9.991084 1.000000
66 0.432721 -0.194054 1.023408 1.457437 -1.150347 -0.917760 -0.088963 -1.027304 0.298778 1.118498 0.378319 -0.422610 -0.696264 0.081494 -1.086958 -0.033213 -1.030508 -0.071065 1.608222 1.232142 1.049008 0.028881 -1.836795 0.917584 0.005609 -0.269844 0.139243 -0.179679 0.544555 0.220529 0.208232 0.316136 0.818690 0.666024 -0.044075 -1.489842 -0.495979 -0.132457 -0.958677 0.708670 -1.475359 1.033800 1.365332 -1.115371 -0.843698 0.863111 -0.234984 0.265898 2.346944 0.531578 1.232452 -0.365671 0.625561 0.578876 1.372175 -0.989700 -1.805808 0.158671 0.493764 -0.485890 1.315016 -1.265248 1.618072 -0.486420 -0.114283 0.379744 0.048809 0.488191 0.204502 -1.076314 -0.422851 0.171250 2.317901 0.098775 -0.133425 0.028096 0.321403 2.504289 -0.484714 -0.249499 2.687198 1.000000
67 -2.503580 0.127518 -0.754138 -1.007401 0.473840 -2.109615 0.610961 1.199915 -1.050829 -0.653607 1.179207 -2.071853 -0.434355 -0.551454 -0.279421 0.606489 -1.973301 0.668529 1.885523 -0.244994 0.422185 -2.350632 -1.779185 -1.132725 -1.531357 -0.830546 -0.162029 0.760118 -1.955068 1.911973 0.041888 -0.551240 0.882357 -1.590152 1.452802 1.080018 -0.389139 -1.886096 0.813655 0.024321 -0.383802 -0.728336 0.536677 -1.471752 0.131651 0.271790 -0.319958 -0.732723 0.156905 0.846353 0.603956 -0.725415 0.560184 0.840039 0.228684 1.107127 0.283129 -0.107124 2.370481 0.523739 1.204291 -0.187729 -0.368641 -0.866383 0.623515 1.449048 0.707224 -0.416551 1.461678 0.304541 -0.537863 0.844564 -0.882529 -0.341243 -0.836847 -1.037240 -1.540907 -1.202689 -0.609864 -0.535691 1.103167 1.000000
68 0.237694 -0.452677 -0.375106 -0.850740 0.033795 1.221314 -0.769229 1.052068 -0.680328 0.379771 0.155540 1.986246 0.383110 0.680872 -0.415546 -0.880021 -0.252085 0.197490 1.365758 -0.310143 -0.708749 0.545986 -0.534134 -1.319909 -1.194199 0.734465 0.728610 -1.286951 -2.435438 -0.867356 -0.067347 -0.124223 -0.574009 1.694491 -1.007086 0.366073 0.501256 0.744802 0.674560 1.651538 2.531126 -0.044098 -0.109366 -2.140657 1.122311 -1.232436 -0.927884 -1.161918 -0.387571 1.335207 -0.357132 -0.324335 -0.068462 -0.141665 -0.923471 0.319598 0.657140 0.253713 -0.366264 -0.739231 0.760871 -0.011486 -0.222672 0.484758 -0.619030 -1.657942 -1.019159 0.542687 0.780604 0.225624 -0.607570 -0.000453 -1.339900 1.399630 -0.510293 -0.181885 1.786104 0.264501 -0.838355 -1.936191 2.151195 1.000000
69 -0.320172 -0.347590 0.540377 0.623470 0.270763 1.070243 0.863002 0.877822 0.423669 -0.893741 -1.844165 0.508867 -1.327013 1.049666 -0.717451 -1.140817 -0.420980 -0.065416 1.365240 -0.176131 -1.119956 -1.971665 -0.079008 0.803996 2.037320 0.090350 2.041373 -0.207888 0.152793 0.882611 2.070724 -1.033078 -0.391640 0.531977 1.684021 1.039873 -0.289353 0.993280 0.272132 0.121728 1.376197 0.695756 -0.670336 -1.682223 -0.737721 -0.606044 -1.437817 -0.554612 -2.601980 -0.416770 2.605705 0.022722 1.252996 -0.263535 0.180586 -0.368723 0.214930 1.069590 2.413435 0.996619 0.337346 -0.028566 0.125166 1.216803 -0.451582 0.341799 -0.119525 -1.882930 2.274393 -0.219515 -1.147973 0.483771 2.665296 -0.172813 0.443696 0.585884 -1.057801 1.800239 0.636683 1.182423 12.182934 1.000000
70 -0.082143 -2.239358 -1.502187 1.303181 1.761636 0.147060 0.631962 -1.696908 -1.425800 0.743975 0.092501 -0.492697 0.358989 -1.123255 -1.246547 1.274033 0.327400 0.288455 -1.122400 -0.017414 0.651942 1.027709 0.528298 0.037726 -0.029731 -0.120638 0.607713 0.897149 0.644504 0.534395 -0.377361 -0.951962 -1.253074 -0.262169 1.064514 -0.224626 0.136607 1.530539 0.721450 -0.536811 -1.181218 0.899249 -0.128293 -0.304372 -0.471132 0.515378 2.249446 1.300416 0.180884 -0.611683 1.043006 -2.303444 -0.674325 -0.958458 0.348709 -0.126784 0.233721 -1.172738 -0.299644 -0.077092 -0.514366 -0.572160 1.454939 1.310179 -0.070411 -0.776799 -0.014440 1.736877 -1.277215 0.312174 -0.166798 0.882196 0.694688 0.778596 0.615388 -0.520307 -0.194887 1.874424 -0.912798 -1.246264 1.766194 1.000000
71 0.300985 1.363321 0.398835 0.132690 -0.644402 -0.822003 -0.421163 -0.274429 0.432437 0.212618 -0.990520 -0.618360 -0.112824 -1.675761 1.050451 -0.639565 0.709875 0.436098 1.617809 -0.611722 -0.882481 0.729842 -0.423388 -0.900888 1.155726 -2.438133 0.362932 -0.045412 1.148741 0.689723 -1.626642 -0.657836 1.141963 1.106042 0.679797 0.061892 -1.917377 1.429500 0.177623 -0.478284 -1.070382 0.400356 -0.821630 -1.215604 -0.986974 1.440575 0.253388 -0.709468 -0.563228 -0.051237 1.323205 -0.050988 1.788313 -1.179444 -0.016799 0.560993 -0.748906 -0.471341 -0.676053 -0.787491 0.453221 -0.160230 -1.600603 0.303875 -0.456552 -0.386556 1.764301 -0.378608 -0.012978 -0.714687 -0.521117 -0.365308 1.231664 -1.434267 0.405067 -0.078269 -0.113499 1.700855 0.830329 -1.541488 0.667012 1.000000
72 -1.055126 -0.087692 1.269375 -1.211620 -0.417351 -0.025994 1.146277 0.500258 1.254043 1.072480 0.050303 0.171277 1.008169 1.056906 1.303217 0.578822 -0.339502 -0.037456 -0.367254 -1.068458 1.438029 -0.716115 -0.351467 -2.331773 -0.792812 -2.166027 -0.650888 -2.080043 0.598357 -0.964216 0.392470 1.586135 -0.360845 0.299466 -0.315821 -0.589334 -0.003918 -1.288306 0.783669 -0.508678 1.300059 -0.167029 -2.116927 -0.759771 1.117610 0.607249 0.336438 -1.366360 -1.141875 -0.392636 -0.062989 0.717268 -0.536831 0.491969 -0.142911 -0.113824 -0.000475 -0.987755 -0.302769 -0.875905 -1.103402 0.917939 -0.070435 0.527660 -1.726001 -0.678215 -0.999435 -1.193687 -0.201156 -0.603346 -0.952758 -1.284702 -0.269027 -1.176116 0.492044 0.753969 0.542480 -1.989206 1.149229 -1.506879 76.093712 1.000000
73 0.091343 -0.379746 -0.785682 0.114587 0.210837 -0.220743 0.241923 -1.061344 -0.038697 -0.148346 -1.006388 1.188807 0.971968 -0.135731 -0.387695 -0.444030 -0.163068 0.273864 0.711722 0.580733 -0.004385 2.662428 1.551149 0.827592 -0.356934 1.533175 0.266519 -0.151529 -0.712637 1.310955 1.033980 -0.664940 -0.399013 -1.173567 0.923583 0.044355 1.152277 0.356880 0.999778 -1.401802 0.077486 -0.824174 0.187459 -0.804324 0.724139 1.589286 0.609833 -0.897224 1.348132 0.679009 0.612956 0.985020 -1.233600 -0.997970 -1.770711 -0.394524 -0.837678 0.085365 1.648656 0.284773 0.544110 -1.695021 0.435603 0.932067 -0.904287 1.162166 0.714942 -0.448874 -0.994313 0.945566 -0.339169 1.759413 -0.184470 -0.792158 0.773669 1.370480 0.053636 0.177401 0.078855 1.630327 4.564268 1.000000
74 0.165212 -0.664615 0.603328 -0.091458 0.853993 -0.188066 0.498009 1.477420 -0.869056 0.741837 0.271727 0.963823 1.221287 -0.168147 0.544873 -0.380224 -2.117903 -0.733036 0.058027 -0.927947 -1.729083 -0.396514 0.328137 0.063883 -0.596396 -0.525455 1.549654 0.312544 -0.467097 0.864114 0.656886 0.351537 0.257154 -0.759871 -1.429258 -0.954293 -0.983967 -0.678201 -0.101429 -0.185277 -0.334416 -0.388816 1.433311 -0.852373 0.488982 -0.763580 -0.700693 -0.869706 0.346670 -0.427463 0.655634 -0.505310 0.098613 -0.601907 0.655887 1.056722 0.705301 -0.041513 -0.851505 1.387410 -0.409668 -0.002718 -0.582333 0.767654 0.037890 0.375687 -1.195478 -0.585093 -0.569467 1.002822 -1.132177 -1.368094 1.482535 0.216694 1.435025 -2.007797 2.365432 0.722476 0.655587 0.848782 22.922447 1.000000
75 -0.109119 -1.720159 0.189762 -0.546076 -0.743714 -0.791976 0.764741 -1.405415 0.584047 2.418923 -0.129186 0.566380 0.876651 0.509433 -0.905066 -0.643489 -0.180095 0.368833 0.742623 -0.174513 -0.359914 -0.371822 -1.453095 -1.361425 -0.147401 0.035033 0.499222 0.279705 -0.535565 0.240645 0.422143 0.285230 -1.902562 -2.245033 0.380577 -0.868638 1.299225 -0.974120 1.032307 -0.339370 0.103822 2.111913 -0.647389 -1.694914 -0.068751 1.804913 -1.104200 -0.834010 -0.235603 -0.160226 -1.056571 -0.837727 -0.730023 1.240952 0.791069 -0.821358 -1.777799 2.366891 0.217061 0.086756 -0.657046 -0.515253 -1.422120 0.435416 -1.484105 -0.014122 0.697872 -0.019721 2.127532 -0.607446 1.409992 -0.809370 -1.067834 0.199634 1.804634 -2.807985 -1.670475 -0.139046 -1.883914 0.150270 17.184528 1.000000
76 -0.998734 1.429829 0.483841 0.502958 1.202565 -1.735383 0.166487 -1.240540 -0.137210 0.145106 0.849923 0.656400 0.126667 -0.091396 0.741202 1.482101 -0.129445 -0.230991 -0.543691 -2.285455 -0.796941 0.487551 0.883218 -0.369776 -0.300634 1.011289 0.790174 0.790569 1.447088 -0.315641 0.683744 -0.086325 -1.238674 1.110828 -0.968570 -1.465179 -0.714217 -1.051853 0.071560 -1.238368 0.772291 0.360034 -1.775483 -0.128546 0.505799 0.545431 0.794265 -0.014217 0.094450 0.448053 1.361522 1.782941 -1.470022 -0.275392 -0.672700 1.041359 0.450601 -0.601309 -1.292850 -1.490056 0.573808 -0.749985 -1.307624 -0.666842 0.101329 -1.002791 -0.783376 0.376100 0.459973 -1.289267 -0.166018 -0.323942 -1.397795 1.033566 -1.184740 -0.660288 1.125194 -1.096107 -0.505353 -0.477310 0.028258 1.000000
77 0.003570 0.354463 -0.960952 0.976203 0.766608 -0.273221 -0.438975 -0.120547 -0.524144 -0.535847 -1.981681 1.476658 -0.051388 -1.979469 -0.135919 0.242474 -1.815735 0.443510 -0.703642 -1.335342 -1.447494 -0.381591 0.069537 0.599755 0.500948 -0.372120 -0.933417 -0.228907 0.030615 -0.460754 -0.172573 -1.395565 -0.508436 -0.951037 -0.927929 1.657276 1.519472 0.560997 1.438145 0.650578 0.783802 0.288133 -0.085352 -0.577158 -0.611183 0.107870 -1.455338 -0.071073 -2.671420 -0.215665 0.011656 -0.000827 -1.553502 -0.254835 -0.896064 0.493651 -1.081197 -1.865840 -0.174223 0.609697 1.618913 1.469350 0.803205 0.376168 -1.372729 -1.385803 -0.885866 -1.175696 0.382602 0.095946 0.066424 -0.405070 -0.647266 0.894748 0.150897 1.220581 -0.411398 -0.638740 -1.634183 -0.566918 0.469546 1.000000
78 0.744571 -1.620397 -0.116502 -2.327024 1.268663 -0.532746 -0.078572 0.320084 0.913053 0.221682 -0.491043 -0.492624 1.091564 -1.386900 -1.565151 -0.441422 -0.217917 0.621030 -0.210194 0.496555 -1.038658 -0.766159 0.538067 1.016897 0.646387 0.605045 -2.133639 0.361474 1.080411 1.637513 -0.017561 2.100822 -1.102384 0.852385 -0.042693 1.650894 -0.811751 1.044546 0.304492 -0.755366 0.019998 -0.694737 0.224474 0.746600 1.256623 1.187633 0.621914 0.791879 -0.115603 -0.438602 0.622318 -0.617847 0.609863 1.071512 -0.377074 0.699898 -0.731451 -2.131049 2.176939 -0.337142 -0.178554 -1.550553 -0.396239 0.222165 -0.411359 -2.525518 -0.679393 0.555714 0.297432 0.330212 0.482631 1.413821 0.587876 -0.867604 0.202758 -1.937452 0.505693 0.094703 -1.798464 1.007247 15.882961 1.000000
79 -0.699277 0.797858 -1.018929 -2.052056 1.662621 0.575715 -0.340540 0.903282 -2.143818 0.652797 0.870863 -0.776764 0.528398 0.797513 0.235281 -0.243581 1.394422 0.685268 -0.487870 0.125330 0.116220 -0.454118 -0.811697 -1.036028 -0.529400 -0.264356 1.327282 0.754370 1.962009 -0.047906 0.343756 0.744028 0.374143 -0.461348 1.440140 1.649707 -0.555466 -1.216520 -1.978344 0.428718 1.799876 -1.495959 1.165242 0.235188 -0.029945 0.881106 0.143292 0.181789 1.978294 1.253199 0.156399 -1.774806 -0.694710 0.437710 -1.084347 0.290385 -0.233572 -0.509374 -1.071054 0.202587 0.396035 0.008782 -0.054281 -0.715691 0.304309 -0.091475 -1.143861 -0.521038 1.353502 -0.599547 -2.204089 -0.594582 1.315222 2.857256 0.245172 -0.398829 1.114358 2.584384 -0.059673 1.482084 5.678025 1.000000
80 0.596211 0.863289 -0.217208 0.136621 -0.716657 0.261939 0.741145 1.433152 0.370115 0.456090 -0.274732 -2.915664 -2.143320 -0.437766 0.957764 0.660241 -0.499497 0.054184 -0.222422 0.842755 1.299325 0.007386 -1.457773 -1.019307 0.987990 0.416914 -2.718474 1.669986 0.655055 -0.454489 1.944907 0.249791 -0.031945 0.321548 0.162877 0.417960 0.335863 -1.634822 -0.378934 0.973203 2.438874 0.963439 1.758783 0.435290 -1.592373 1.993738 -0.517957 -1.276669 -0.032718 0.541504 -1.886227 -0.301511 0.174269 0.659722 -1.059181 0.327931 0.073039 0.512564 0.046389 0.862387 -1.334122 1.327212 0.597796 0.240231 -1.313490 -0.813669 -0.807099 -1.304184 -1.274534 -0.895643 0.215626 1.071549 -0.407131 0.547267 0.163393 0.910742 1.740911 -0.133864 -0.274955 -0.972402 1.723923 1.000000
81 0.864715 1.075571 -1.308229 0.440247 -0.357201 -0.366097 0.569131 0.394280 0.592379 -1.508495 -1.252602 0.316532 -0.961155 -0.101771 -0.420029 0.570276 -1.114251 -0.212345 -0.998833 0.155806 -2.413459 0.614460 0.470023 0.317564 -1.143935 -0.356919 0.872730 0.515086 -0.465310 0.315343 0.119291 -0.237068 -1.011224 0.287561 -0.702233 0.272683 0.193640 0.172221 -0.283569 0.867665 -0.035884 -1.512483 -0.043012 0.739268 0.160412 -1.645576 2.260656 0.258137 0.338179 -0.531156 -0.532860 -0.159946 0.626660 -0.627770 1.072129 -1.531415 -0.359603 -1.408082 -0.470616 0.018550 -0.468745 -2.363602 -1.605936 0.544489 -0.818018 -1.880375 0.013912 1.217375 0.315208 -0.519669 -0.076911 1.271889 2.738737 -0.385086 1.744432 -1.026928 0.794215 -0.682029 0.923079 -0.852392 0.886407 1.000000
82 1.347407 -1.435528 -0.841806 0.560159 0.108725 -1.306465 0.514887 -2.077449 -0.201717 -0.781351 -1.026414 -2.563306 0.173824 -1.562749 -0.035300 1.131285 -1.888340 1.083973 0.327478 -1.320136 1.251487 -1.433687 0.241826 -0.029793 -0.121807 -0.169595 0.103702 -0.696079 -0.527721 0.587709 1.338590 -0.727825 -0.545448 -0.469177 0.583268 0.296684 0.891792 0.507814 -0.004219 0.029872 0.197833 1.113082 1.119453 -1.484597 -1.091442 -0.457551 0.791266 1.259963 -0.124299 -0.083477 -0.200194 0.513713 -0.209542 1.498889 -1.280040 0.407902 2.442050 1.055137 -1.415256 1.312127 0.961772 -1.835116 2.361762 0.493726 1.184873 -0.592994 -0.882344 -1.060679 1.012015 -1.029536 0.843330 0.053967 0.877111 -1.268567 -1.115726 -0.855394 0.333554 0.581949 0.498113 1.521220 0.437832 1.000000
83 -0.961119 -1.125575 -0.092083 2.311414 0.322090 1.292182 -0.070481 1.500501 -0.215815 0.971184 0.669857 -1.240299 0.980548 -0.260638 1.204536 0.374529 0.905621 0.323636 -1.547591 -0.546455 -1.170541 1.378334 0.265108 -0.965455 0.935400 -0.760965 -0.027276 1.273179 0.506813 -0.462144 1.454236 1.320102 0.527668 -0.976148 0.120267 0.626292 -0.069803 0.174998 0.551551 0.750794 1.051085 0.858723 0.606461 0.363684 -0.330099 1.422142 0.111536 1.061585 0.237370 -0.687658 -0.655913 0.033460 1.214573 -2.395766 -0.825802 0.653739 -1.187713 -1.163303 0.872566 0.130622 -0.625480 0.519303 -0.033995 -1.114101 -0.032905 -0.213883 0.882685 0.686540 0.337613 0.522853 -1.606337 0.486154 -1.970853 1.645033 1.298299 0.834214 -1.094059 -0.914142 -1.560854 -1.477530 29.470169 1.000000
84 0.392916 -0.187745 1.504482 -0.711270 0.580770 0.162703 -1.425943 -1.139442 0.297280 -0.474513 -0.586420 0.217729 -0.206729 -1.151524 1.263231 -0.419491 -0.041673 0.069496 -0.206514 -0.450549 0.934151 2.450549 -0.171051 -0.343045 -0.300103 -0.693210 -0.289732 0.282840 1.013978 0.074021 -1.340179 -0.287488 1.477305 0.366300 0.674844 -0.699406 -0.818941 -0.588089 0.148413 -0.234753 -0.997726 0.207078 -1.615018 -0.965467 1.648162 0.455417 -0.071045 0.778417 -0.912927 -0.980803 -0.087079 -1.574693 0.434467 -0.990178 -1.737457 -0.032928 -0.214604 0.321108 0.013810 -1.959862 -0.825746 -0.483018 1.569325 -0.562261 1.364102 0.137483 0.816005 -0.624912 -0.443445 -2.370266 -0.765152 -1.009717 0.829716 -0.951320 -0.635228 1.187239 -0.938893 0.387343 0.325767 -1.344193 1.375169 1.000000
85 -0.752189 -0.377827 -0.465409 -2.950388 1.266127 0.816019 1.679481 -0.084692 -0.913087 -0.906271 1.284440 -2.184471 0.184187 -0.935152 1.238477 -1.020028 2.384956 -1.036087 0.727746 1.281305 -2.714469 1.381059 1.789828 0.019268 0.980740 -0.978513 -0.597714 -0.651069 -0.299992 -0.814704 -0.372558 0.262873 -0.078330 0.408775 -1.839128 0.186885 -0.344343 0.522341 -0.525346 -0.537703 0.696496 -0.571993 -1.677099 -0.864224 -0.068724 0.890981 0.848826 1.916519 -1.346326 0.196196 -0.267950 0.005563 1.114807 1.093743 -0.836095 -0.906784 0.742399 -1.399929 -2.724957 -0.173650 -0.182626 1.855926 -0.928175 0.343253 -0.078054 -1.039781 -0.439649 -0.787684 -1.049482 -0.389998 0.267006 2.201795 -0.031957 -0.499604 0.078822 1.217876 0.118656 0.419720 -0.144434 0.026870 13.197373 1.000000
86 -0.507200 -0.587812 -0.027360 -0.542156 -0.081113 -0.493126 -2.609606 -0.297161 -0.174919 -0.666765 -2.391669 -0.734290 -1.207482 -0.898116 -1.272343 0.161248 -0.100657 -0.685367 -0.035276 0.405929 -2.612463 0.689439 2.082152 -1.050331 -0.079191 -0.896518 -0.862899 -0.753258 0.878150 0.275646 -0.242039 -0.942784 -0.571964 1.487674 0.494576 -2.890601 -0.120050 -0.227876 -0.317712 0.083336 1.931407 -0.345272 0.608168 0.298661 0.714990 1.279360 -0.240866 -1.516622 0.140304 -0.408385 0.195081 -0.062764 -0.347260 -1.303284 2.413592 0.627289 0.097454 -0.617014 -0.501282 -0.839892 1.656176 -0.209595 0.786457 -1.674371 0.353208 -0.768669 -1.413156 0.257866 -1.995228 -0.009256 -0.830228 -1.323990 0.208087 -0.223246 0.526336 -0.275740 1.299884 0.179316 -1.607139 0.483500 0.047857 1.000000
87 1.088440 0.887523 -0.873930 -0.488858 -0.180044 -0.308957 0.492360 0.872909 0.744291 -1.713076 -0.145092 0.500478 0.688245 -0.270945 -0.271219 1.380388 -1.414382 -1.526283 -0.038345 0.536426 -1.260283 0.491981 -0.082691 0.613928 -1.383655 0.627746 -0.615951 1.269655 -0.579271 1.150188 0.552388 -0.473573 0.796869 0.946377 2.288583 -0.335227 1.311647 -1.031025 -1.086409 -2.744232 -0.080402 -0.848576 -0.088660 0.006665 0.947664 -1.350305 -0.342986 0.935953 0.405658 -0.578137 2.060175 -0.861438 0.327179 0.204430 -0.105852 -1.037374 -0.840173 1.718355 -0.656958 0.980171 0.395593 -1.321119 -1.191012 1.580273 1.317943 0.089092 0.885409 0.227914 -0.942668 0.395659 -0.974549 -1.863487 1.366816 -1.045242 -0.751919 0.714539 -1.126858 0.062554 -0.726107 -0.656126 3.543984 1.000000
88 0.729365 0.758927 -1.035048 0.412525 0.668538 0.568173 -1.273491 1.011390 1.276354 1.822617 1.066524 1.050011 0.327987 -2.398787 1.091050 0.453854 -0.614601 1.679552 0.967538 1.266996 -1.531235 0.869651 1.609159 -0.282018 0.031272 -0.497590 0.381059 1.319361 2.156791 -0.159811 0.173074 -0.823328 -0.739839 0.970152 0.388250 -0.622083 -1.281016 -0.708177 -2.117592 -1.298775 -0.079429 0.090909 -0.477400 -0.063692 -0.659253 1.718677 -1.801835 0.328120 1.782792 0.779354 -1.109880 -0.787705 0.165436 -1.506972 0.115971 -2.012243 1.260220 0.475777 -1.299973 2.171412 -1.564880 0.282690 -1.383395 0.206301 -0.989234 -1.474985 -0.010914 -0.002515 -0.359817 1.519107 0.892945 0.910195 -0.416509 2.063378 -0.214968 0.915866 2.125946 0.974797 0.193446 -0.237816 13.079710 1.000000
89 -1.366807 -0.607800 -0.119020 0.041127 -0.107513 0.616049 -0.286355 1.269079 0.248838 -0.307046 -0.559893 0.344459 -1.210099 0.215914 1.361948 0.498508 1.242640 -0.051244 -0.955381 0.275986 -1.308800 0.497274 1.108601 1.436050 2.068942 -1.438769 -2.080476 0.254409 0.630864 -0.605129 -0.486965 -0.362048 -1.029916 0.353055 -0.135869 -1.782312 -0.139943 0.402077 -0.219541 -0.216255 0.728275 -0.753721 1.440086 1.973298 0.058632 0.873615 0.028772 0.098604 -0.623699 -0.178202 1.036959 0.589261 1.376668 -1.768417 1.052952 -0.096657 -1.145426 1.140297 -0.911032 -0.022413 -0.201403 0.237849 1.643088 -0.084948 -0.189629 -0.193021 0.402666 -0.948979 -0.197726 1.002200 -1.000886 -1.960758 0.442454 -0.741730 -0.396320 0.419165 -0.104649 -2.101438 1.400548 0.004703 42.370942 1.000000
90 0.622466 0.801409 -0.019660 1.899221 1.778973 -0.152369 0.107228 1.619413 1.060191 -0.940923 0.002444 1.006297 -1.448862 0.949577 -2.261563 -1.024609 0.167664 -0.489000 -0.526762 0.702476 0.633287 0.828537 0.298332 -1.168132 1.563571 -1.201098 -1.327122 -0.839681 -0.228221 -1.467542 0.115725 -0.499982 0.089419 -1.330183 -0.755390 1.053828 -1.204439 -1.202409 -1.365912 0.962568 -1.027633 -0.529215 -0.051698 -0.802649 -0.985018 -0.000812 -1.174656 0.128418 -0.010459 -0.710653 -0.448055 -0.593214 0.709672 1.341456 -1.105564 0.765730 0.284948 -0.505759 -0.430939 -0.534899 -0.728022 -0.141386 -2.221554 0.125323 0.015461 0.141020 0.179134 -0.725539 -0.523120 0.803206 -1.040284 -0.185660 0.582850 -0.871611 -1.385407 0.383593 0.823933 0.483820 0.950486 -0.356021 0.079081 1.000000
91 -1.670426 -0.778751 0.811792 -1.894612 -1.272186 -0.446046 1.069778 -1.353490 1.082973 0.602727 0.791286 -0.175763 0.775226 -0.921748 0.606940 1.455865 0.801038 -1.593499 -0.530639 0.221659 0.370667 -0.109592 1.705344 -0.819057 1.662465 0.373591 -0.819103 -0.119340 -0.680362 1.910377 -1.501592 0.236865 0.795355 1.209962 -1.470355 1.761323 -0.483977 1.636090 1.617361 -1.051317 0.010258 -0.642167 0.230806 -0.523971 0.902347 -1.126902 -0.252933 1.766085 0.783506 -1.554602 -1.148877 -1.148884 -2.001186 0.604210 -0.215970 -0.088001 1.191405 -0.520786 -0.227242 -1.359756 -1.401244 1.206343 -1.985881 0.920529 1.303920 -0.990151 1.877655 0.330364 -0.306920 2.074642 0.551976 1.274778 -0.691210 -1.265571 1.733650 -1.981788 -0.529011 -0.955868 0.697964 0.499484 56.360581 1.000000
92 0.177082 -0.745455 0.823474 -1.435417 0.070230 1.035021 2.093438 -2.664447 -0.104828 -0.841507 -0.595766 0.025590 1.844989 0.376329 0.645160 -0.429055 -0.386481 -0.961675 0.190961 2.699105 1.144252 -1.429787 0.969777 -1.355970 0.187307 0.396489 0.106000 -0.153226 -0.561692 1.024413 2.461949 -0.457085 -1.084112 0.505724 -1.154641 -1.560655 -2.639553 -0.813001 -0.174129 0.219255 -0.142901 0.492962 0.233629 -0.274895 -0.548175 1.204371 -1.526543 0.463378 0.359492 0.026715 -1.399789 -0.303795 0.026498 1.040499 1.679245 0.950355 0.704483 -0.037343 0.258046 1.701753 -0.604653 1.106866 0.463725 1.081090 -0.842319 -1.014559 0.613990 -0.738192 0.916066 1.595528 0.295464 0.926970 -1.353898 1.198897 -0.118103 0.473358 0.487857 0.891185 -0.962516 0.671320 7.239144 1.000000
93 -2.044802 -1.086251 0.294718 1.617695 0.496603 -0.481793 -2.655537 -0.713148 -0.163530 -0.110731 -0.951149 0.781880 -0.194787 0.503093 1.659472 -1.507910 1.476414 -2.210716 0.033295 -0.585622 -2.322719 -0.442910 0.270265 0.155830 -0.268599 -0.084138 0.111613 -0.633002 -0.000773 -0.055902 -0.572579 1.268046 -0.352146 -0.194867 -1.118834 -0.026131 -1.177375 1.522015 0.538287 1.336553 1.671586 -0.686326 -1.533696 -1.179194 0.947150 0.054219 -1.416884 1.543789 0.109502 0.521264 0.323810 1.516227 0.262495 -1.953904 0.281796 0.075600 -0.647973 -1.396466 0.962760 -0.126142 -0.462175 1.321996 1.085932 -0.489325 0.051131 -0.950637 -0.715455 1.101866 1.701662 0.286968 0.247502 1.142003 0.750784 0.523462 -1.296021 1.146382 -0.276110 0.804802 -0.531602 -0.459865 0.806701 1.000000
94 0.013685 -1.298856 -0.275569 0.440873 -1.013674 0.779952 -0.808802 0.022573 1.006559 -1.617675 -1.541317 0.996377 -1.337929 -0.207939 -1.652899 0.042354 -0.585321 0.332931 0.278014 -0.124987 -1.490337 0.252385 1.708574 -0.220185 0.305829 -0.474823 0.176681 0.362165 -0.601018 -1.093459 -0.754878 -0.202614 -1.085616 0.725099 -0.972354 -0.947350 0.363785 1.499807 0.024676 -0.722262 0.633894 -1.074784 -0.684789 -0.631114 -0.112033 -1.120814 -0.914449 2.063369 0.095420 -0.356738 0.167195 -1.464303 -0.614446 0.176316 0.938791 -0.273212 1.260309 0.539926 -0.365431 0.407017 -1.196740 -1.135084 1.379640 -0.071338 0.377322 -0.037104 0.789061 -0.700073 1.052399 -0.630645 -0.776884 -0.487641 0.418829 0.960950 -0.260445 0.986603 0.123798 -0.647847 0.283437 0.595678 0.558965 1.000000
95 0.010272 0.221743 -1.033894 0.759804 -0.965283 0.107592 -0.107827 0.036208 -1.433976 -0.104983 -0.314817 -0.580226 0.242668 -0.734565 1.037353 0.025188 1.942210 -0.219335 0.266317 1.166057 -0.101686 -0.119127 0.942905 -0.043247 0.067541 -1.156356 -0.677593 1.128285 1.146383 1.623050 2.026961 -0.822289 1.349866 -0.301223 0.642368 0.783069 1.404046 1.176432 -0.755527 -1.460196 0.618416 -0.104944 0.594335 0.210910 -1.310289 0.341092 0.729313 0.426956 -0.902084 0.490682 -0.058593 -0.859108 -0.062960 0.211760 0.476278 -0.984254 0.553072 0.663312 -0.304123 -0.318444 -0.748164 -0.722288 0.901455 -0.779579 0.588777 1.677652 2.177981 0.171504 0.380237 1.073678 1.565660 -0.063433 -1.214040 -0.747264 0.052660 -0.329987 -1.114827 -0.315163 0.512877 -0.731567 3.588198 1.000000
96 -0.568138 0.532433 -0.439279 1.518856 -1.673068 -0.826056 0.127952 0.534441 0.408155 -0.777135 1.357278 1.539630 0.316485 -1.155711 0.159220 0.666666 -0.656434 -0.515928 0.115866 0.276150 -1.658600 1.015386 0.436145 -0.635187 0.986414 0.228555 -0.533895 0.403480 -0.455133 -0.897110 -0.203399 1.228921 -0.136847 -0.546452 -0.118403 2.811053 -1.398232 1.379679 -1.792787 0.113437 0.740609 1.076787 -0.284522 -0.618292 0.646077 -1.655108 0.804662 -0.460149 0.331428 0.143216 -0.034804 0.536757 -1.187341 -0.741945 1.292212 -1.751124 -0.124820 1.289068 -0.720251 1.169895 0.558540 -0.329176 1.280208 -0.179884 -0.271096 0.063941 -0.060664 -2.584402 0.484585 -0.343171 1.086849 -1.198362 0.470253 0.600308 -1.021459 -0.429751 -0.016147 -0.348994 0.563444 -0.637168 18.305308 1.000000
97 -0.720454 0.636360 -0.243158 -1.726008 0.701368 -1.943887 0.090182 -0.319082 -0.387576 -0.543773 0.591602 2.487892 0.272436 0.457209 0.503631 -0.315687 -0.148763 -0.138196 0.172636 -1.028786 1.078139 -1.355649 1.174309 0.034755 1.027645 3.062114 1.051883 0.013916 1.230934 0.235437 0.720184 -0.976462 -1.121576 0.774359 0.290026 -1.582935 -1.621119 2.117188 0.792782 1.393679 -2.266354 0.808555 1.652177 -0.599837 -0.407913 -3.897322 -0.485648 -0.367371 0.561490 -1.329239 1.110444 -0.838733 -1.712598 -1.533428 0.651167 0.517966 0.656678 0.157345 -1.829035 2.120156 -1.605880 -0.262466 -0.434856 0.595147 2.728817 -0.344712 0.975030 -0.599567 -0.066308 -0.832501 2.694262 -1.535871 0.617867 1.068835 1.651134 2.021570 -0.673575 0.568858 -0.104509 -0.584910 0.450109 1.000000
98 -0.026549 -0.726646 1.225333 -0.556252 -0.251701 0.182449 -0.385400 1.456486 -0.504436 0.560043 1.349016 0.856804 -0.552621 1.965998 -0.692176 0.259170 1.088245 -0.387781 0.396976 0.222529 0.121477 -0.889267 -1.469830 0.500550 -0.607784 0.754802 -0.402815 -0.913122 -1.419854 0.249568 0.770046 0.627951 -0.264703 1.503424 0.285161 -0.277951 -0.167442 -0.468881 0.195517 0.827080 -0.729132 -0.227054 -1.074437 1.013566 -0.989327 2.753848 0.409786 -0.329623 -1.569604 0.345659 1.947373 -0.261392 -0.126033 -1.104540 1.444028 0.866125 -0.852494 0.412953 -0.025179 1.372990 -0.483751 -1.382145 2.455169 -1.491934 0.918845 0.116880 -0.192386 1.404146 -0.336818 0.154512 1.139141 1.191411 -0.398352 0.190104 -1.517753 0.289106 0.641785 0.312842 -0.826349 0.632792 0.477445 1.000000
99 0.972784 2.311380 2.855846 -0.158723 1.467174 0.528427 1.249767 1.314419 -0.401785 1.490364 -0.333383 1.955094 1.473410 0.593306 -0.105447 0.033037 -0.547704 -1.546817 0.484431 -0.139216 -0.300971 -1.661611 0.190554 -0.724324 -0.706244 0.662238 0.427541 -0.541947 0.371919 -0.073172 -1.181507 -1.457868 -0.000771 0.459429 -0.728290 -0.905391 -0.452041 1.264819 1.367371 0.366505 0.097301 1.571378 -1.263540 -0.254693 0.166646 -1.479375 0.745379 0.411770 -1.033999 0.482685 0.049153 -1.321028 -2.427665 0.792735 0.987458 0.895662 -0.325859 -0.478130 1.668748 -1.133208 0.929615 0.445637 -0.117126 -1.339445 1.198599 -1.102545 -0.048384 -1.608992 0.758611 -0.127561 -1.466677 0.734437 -1.223559 0.018997 -1.439360 0.232906 0.089511 -0.979184 -1.174062 -0.442018 0.927511 1.000000
100 -1.925541 -0.311272 -0.208385 -0.367419 -0.839924 0.137050 0.582595 0.016748 0.596508 -1.888127 0.827532 0.963280 1.642440 1.948529 -0.834904 0.345739 0.236915 -0.132233 2.430619 1.343599 0.866181 -1.586946 0.153406 -1.235919 -0.169223 -0.144168 1.512768 0.266401 -0.381736 -0.780814 -0.456606 -0.636335 0.646981 -2.486543 1.735656 -0.567312 0.266461 0.554314 -1.166801 0.241408 -0.807648 -0.117760 -0.835748 -1.495813 0.411234 0.246329 1.324212 0.080891 0.723447 0.113334 0.567221 -0.412897 -1.652216 0.464160 -2.700065 -1.222034 0.360649 -1.672910 -0.813524 0.278239 -0.677987 -1.014926 0.363467 -1.056467 -0.201118 1.229203 -1.584034 -0.705440 -1.062813 -1.314496 -0.210419 -0.160144 0.992680 0.286018 -0.274795 -0.433997 -0.684609 -0.574726 -1.278730 0.404125 20.328471 1.000000
uncorrelated Gaussian covariates
missing covariate fraction: 0.000000
no latent classes
   lambda(t|risk 1)=C, <t>=4.000000 for zero covariates
   risk 1: beta[1]=0.500000
   risk 1: beta[2]=0.500000
   risk 1: beta[3]=0.500000
   risk 1: beta[4]=0.500000
   risk 1: beta[5]=0.500000
   risk 1: beta[6]=-0.500000
   risk 1: beta[7]=-0.500000
   risk 1: beta[8]=-0.500000
   risk 1: beta[9]=-0.500000
   risk 1: beta[10]=-0.500000
   risk 1: beta[11]=0.000000
   risk 1: beta[12]=0.000000
   risk 1: beta[13]=0.000000
   risk 1: beta[14]=0.000000
   risk 1: beta[15]=0.000000
   risk 1: beta[16]=0.000000
   risk 1: beta[17]=0.000000
   risk 1: beta[18]=0.000000
   risk 1: beta[19]=0.000000
   risk 1: beta[20]=0.000000
   risk 1: beta[21]=0.000000
   risk 1: beta[22]=0.000000
   risk 1: beta[23]=0.000000
   risk 1: beta[24]=0.000000
   risk 1: beta[25]=0.000000
   risk 1: beta[26]=0.000000
   risk 1: beta[27]=0.000000
   risk 1: beta[28]=0.000000
   risk 1: beta[29]=0.000000
   risk 1: beta[30]=0.000000
   risk 1: beta[31]=0.000000
   risk 1: beta[32]=0.000000
   risk 1: beta[33]=0.000000
   risk 1: beta[34]=0.000000
   risk 1: beta[35]=0.000000
   risk 1: beta[36]=0.000000
   risk 1: beta[37]=0.000000
   risk 1: beta[38]=0.000000
   risk 1: beta[39]=0.000000
   risk 1: beta[40]=0.000000
   risk 1: beta[41]=0.000000
   risk 1: beta[42]=0.000000
   risk 1: beta[43]=0.000000
   risk 1: beta[44]=0.000000
   risk 1: beta[45]=0.000000
   risk 1: beta[46]=0.000000
   risk 1: beta[47]=0.000000
   risk 1: beta[48]=0.000000
   risk 1: beta[49]=0.000000
   risk 1: beta[50]=0.000000
   risk 1: beta[51]=0.000000
   risk 1: beta[52]=0.000000
   risk 1: beta[53]=0.000000
   risk 1: beta[54]=0.000000
   risk 1: beta[55]=0.000000
   risk 1: beta[56]=0.000000
   risk 1: beta[57]=0.000000
   risk 1: beta[58]=0.000000
   risk 1: beta[59]=0.000000
   risk 1: beta[60]=0.000000
   risk 1: beta[61]=0.000000
   risk 1: beta[62]=0.000000
   risk 1: beta[63]=0.000000
   risk 1: beta[64]=0.000000
   risk 1: beta[65]=0.000000
   risk 1: beta[66]=0.000000
   risk 1: beta[67]=0.000000
   risk 1: beta[68]=0.000000
   risk 1: beta[69]=0.000000
   risk 1: beta[70]=0.000000
   risk 1: beta[71]=0.000000
   risk 1: beta[72]=0.000000
   risk 1: beta[73]=0.000000
   risk 1: beta[74]=0.000000
   risk 1: beta[75]=0.000000
   risk 1: beta[76]=0.000000
   risk 1: beta[77]=0.000000
   risk 1: beta[78]=0.000000
   risk 1: beta[79]=0.000000
   risk 1: beta[80]=0.000000
