0.000000 0.480000
1.000000 0.627200
2.000000 0.627000
3.000000 0.606800
4.000000 0.636400
5.000000 0.651800
6.000000 0.656200
7.000000 0.676800
8.000000 0.688200
9.000000 0.701000
10.000000 0.731200
11.000000 0.743200
12.000000 0.723600
13.000000 0.731000
14.000000 0.727000
15.000000 0.716000
16.000000 0.715800
17.000000 0.700400
18.000000 0.704800
19.000000 0.704600
20.000000 0.692600
21.000000 0.679200
22.000000 0.673400
23.000000 0.670200
24.000000 0.667800
25.000000 0.654200
26.000000 0.644800
27.000000 0.649200
28.000000 0.643600
29.000000 0.628200
30.000000 0.632600
31.000000 0.623600
32.000000 0.628400
33.000000 0.621600
34.000000 0.612800
35.000000 0.610400
36.000000 0.598400
37.000000 0.606200
38.000000 0.603800
39.000000 0.587400
40.000000 0.592600
