1 -0.072640320000 0.951894617261
2 0.130020930000 0.937073695562
3 -0.056098080000 1.056180449173
4 0.160400110000 0.884154160430
5 -0.030170170000 1.041713779352
6 0.015459230000 0.961032582627
7 -0.041807930000 0.889581223528
8 -0.097948490000 0.892951508545
9 -0.028593610000 0.987968201578
10 0.075985210000 0.967438305494
11 -0.050713500000 0.997184642240
12 -0.070577510000 0.969540598979
13 -0.052377480000 0.938923133929
14 -0.071332430000 1.029645518886
15 -0.016372060000 0.971565651222
16 -0.046187130000 0.960264205218
17 -0.209889800000 0.993299185703
18 -0.081420320000 1.054636435387
19 0.116132050000 1.032617102260
20 -0.046921050000 0.955677045561
21 0.027692270000 0.987189980275
22 -0.028599350000 0.898292011070
23 -0.166736620000 1.062745523841
24 0.227756050000 0.993357525757
25 0.100118550000 1.037209448541
26 0.113277300000 1.049855981945
27 0.033438970000 0.997419144948
28 -0.057621620000 1.009757031918
29 -0.090060690000 0.908422408338
30 -0.049877410000 1.022030522867
31 0.127157460000 0.981645141859
32 -0.048422020000 0.990435296460
33 0.117271250000 1.007919155804
34 -0.105430170000 0.963846976183
35 -0.211823150000 1.041971804691
36 0.167187740000 1.068809670785
37 -0.065273050000 0.952309111052
38 0.063121100000 0.918554022873
39 0.074540730000 1.032074282635
40 0.103643800000 1.081574023610
