active=50: 1 2 3 4 5 6 7 8 9 10 11 12 13 14 15 16 17 18 19 20 21 22 23 24 25 26 27 28 29 30 31 32 33 34 35 36 37 38 39 40 41 42 43 44 45 46 47 48 49 50 
active=49: 1 2 3 4 5 6 7 8 9 11 12 13 14 15 16 17 18 19 20 21 22 23 24 25 26 27 28 29 30 31 32 33 34 35 36 37 38 39 40 41 42 43 44 45 46 47 48 49 50 
active=48: 1 2 3 4 5 6 7 8 9 11 12 13 14 16 17 18 19 20 21 22 23 24 25 26 27 28 29 30 31 32 33 34 35 36 37 38 39 40 41 42 43 44 45 46 47 48 49 50 
active=47: 1 2 3 4 5 6 7 8 9 11 12 13 14 16 17 18 19 20 21 22 23 24 25 26 27 28 29 30 31 32 33 34 35 36 37 38 39 40 41 42 43 45 46 47 48 49 50 
active=46: 1 2 3 4 5 6 7 8 9 11 12 13 14 16 17 18 19 20 21 22 23 25 26 27 28 29 30 31 32 33 34 35 36 37 38 39 40 41 42 43 45 46 47 48 49 50 
active=45: 1 2 3 4 5 6 7 8 9 11 12 13 14 16 17 18 19 20 21 22 23 25 26 27 28 29 30 31 32 33 34 35 36 37 38 39 40 41 42 43 45 46 47 48 50 
active=44: 1 2 3 4 5 6 7 8 9 11 12 13 14 16 17 18 19 20 21 23 25 26 27 28 29 30 31 32 33 34 35 36 37 38 39 40 41 42 43 45 46 47 48 50 
active=43: 1 2 3 4 5 6 8 9 11 12 13 14 16 17 18 19 20 21 23 25 26 27 28 29 30 31 32 33 34 35 36 37 38 39 40 41 42 43 45 46 47 48 50 
active=42: 1 2 3 4 5 6 8 9 11 12 13 14 16 17 18 19 20 21 23 25 26 27 28 29 30 31 32 33 34 36 37 38 39 40 41 42 43 45 46 47 48 50 
active=41: 1 2 3 4 5 6 8 9 11 12 13 14 16 17 18 19 20 23 25 26 27 28 29 30 31 32 33 34 36 37 38 39 40 41 42 43 45 46 47 48 50 
active=40: 1 2 3 4 5 6 8 9 11 12 13 14 16 17 18 19 20 23 25 26 27 28 29 30 31 32 33 34 36 37 38 39 40 41 42 43 46 47 48 50 
active=39: 1 2 3 4 5 6 8 9 11 12 13 14 16 17 18 19 20 23 25 26 27 29 30 31 32 33 34 36 37 38 39 40 41 42 43 46 47 48 50 
active=38: 1 2 3 4 5 6 8 9 11 12 13 14 16 17 18 19 20 23 25 26 27 29 30 31 32 33 34 36 38 39 40 41 42 43 46 47 48 50 
active=37: 1 2 3 4 5 6 8 9 11 12 13 14 16 17 18 19 20 23 25 26 27 29 31 32 33 34 36 38 39 40 41 42 43 46 47 48 50 
active=36: 1 2 3 4 5 6 8 9 11 12 13 14 16 17 18 19 20 23 25 26 27 29 31 32 33 34 36 38 39 40 41 42 43 46 48 50 
active=35: 1 2 3 4 5 6 8 9 11 12 13 14 16 17 18 19 20 23 25 26 27 29 31 32 33 34 36 38 39 40 41 42 43 48 50 
active=34: 1 2 3 4 5 6 8 9 11 12 13 16 17 18 19 20 23 25 26 27 29 31 32 33 34 36 38 39 40 41 42 43 48 50 
active=33: 1 2 3 4 5 6 8 9 11 12 13 16 17 18 19 20 23 25 26 27 29 31 32 33 34 36 38 39 40 41 42 43 48 
active=32: 1 2 3 4 5 6 8 9 11 12 13 16 17 18 19 20 23 25 27 29 31 32 33 34 36 38 39 40 41 42 43 48 
active=31: 1 2 3 4 5 6 8 9 11 12 13 16 17 18 19 20 23 25 27 29 31 32 33 34 36 38 40 41 42 43 48 
active=30: 1 2 3 4 5 6 8 9 11 12 13 16 17 18 20 23 25 27 29 31 32 33 34 36 38 40 41 42 43 48 
active=29: 1 2 3 4 5 6 8 9 11 12 13 16 17 18 20 23 25 27 29 31 32 33 34 36 38 40 41 42 43 
active=28: 1 2 3 4 5 6 8 9 11 12 13 16 17 18 20 23 25 27 29 32 33 34 36 38 40 41 42 43 
active=27: 1 2 3 4 5 6 8 9 11 12 13 16 17 18 20 23 25 27 29 32 33 34 38 40 41 42 43 
active=26: 1 2 3 4 5 6 8 9 11 12 13 16 17 18 20 23 25 27 29 32 33 34 38 41 42 43 
active=25: 1 2 3 4 5 6 8 9 11 12 16 17 18 20 23 25 27 29 32 33 34 38 41 42 43 
active=24: 1 2 3 4 5 6 8 9 11 12 16 17 18 20 23 25 29 32 33 34 38 41 42 43 
active=23: 1 2 3 4 5 6 8 9 11 12 16 18 20 23 25 29 32 33 34 38 41 42 43 
active=22: 1 2 3 4 5 6 8 9 11 12 16 18 20 23 25 29 32 33 34 38 42 43 
active=21: 1 2 3 4 5 6 8 9 11 12 16 18 20 23 25 32 33 34 38 42 43 
active=20: 2 3 4 5 6 8 9 11 12 16 18 20 23 25 32 33 34 38 42 43 
active=19: 2 3 4 5 6 8 9 11 12 16 18 20 23 25 32 34 38 42 43 
active=18: 2 3 4 5 6 8 9 11 12 16 18 20 23 25 32 38 42 43 
active=17: 2 3 4 5 6 8 9 11 12 16 18 20 23 25 32 38 42 
active=16: 2 3 4 5 6 8 9 11 12 16 18 20 23 25 32 42 
active=15: 2 3 4 5 6 8 9 11 16 18 20 23 25 32 42 
active=14: 2 3 4 5 6 8 9 11 16 18 20 25 32 42 
active=13: 2 3 4 5 6 8 9 11 16 18 20 25 32 
active=12: 2 3 4 5 6 8 9 11 16 20 25 32 
active=11: 2 3 4 5 6 8 9 11 20 25 32 
active=10: 2 4 5 6 8 9 11 20 25 32 
active=9: 2 5 6 8 9 11 20 25 32 
active=8: 2 5 8 9 11 20 25 32 
active=7: 2 5 8 11 20 25 32 
active=6: 5 8 11 20 25 32 
active=5: 5 8 20 25 32 
active=4: 5 8 25 32 
active=3: 5 8 25 
active=2: 5 8 
active=1: 5 
