0.000000 0.500000
1.000000 0.637727
2.000000 0.733182
3.000000 0.780455
4.000000 0.790227
5.000000 0.822045
6.000000 0.858864
7.000000 0.877045
8.000000 0.894318
9.000000 0.905000
10.000000 0.900909
11.000000 0.903864
12.000000 0.917045
13.000000 0.927727
14.000000 0.942045
15.000000 0.950682
16.000000 0.966364
17.000000 0.966136
18.000000 0.972955
19.000000 0.982045
20.000000 0.981364
21.000000 0.979091
22.000000 0.983182
23.000000 0.985000
24.000000 0.984773
25.000000 0.982500
26.000000 0.982955
27.000000 0.986591
28.000000 0.987045
29.000000 0.987273
30.000000 0.987955
31.000000 0.988636
32.000000 0.985455
33.000000 0.987727
34.000000 0.984773
35.000000 0.989773
36.000000 0.987727
37.000000 0.988409
38.000000 0.989545
39.000000 0.990682
40.000000 0.992727
41.000000 0.992727
42.000000 0.993409
43.000000 0.995000
44.000000 0.995227
45.000000 0.995227
46.000000 0.993636
47.000000 0.996364
48.000000 0.997500
49.000000 0.998864
50.000000 0.998864
