1 0.591181555556 0.506030136023
2 -0.699117625000 0.588725065113
3 -0.440155600000 0.751026509050
4 0.486618555556 0.711805542246
5 0.266982300000 0.826937938470
6 -0.081238400000 1.226142546773
7 0.399443800000 1.067188525256
8 0.430043250000 1.090939730285
9 -0.196047500000 0.884908259579
10 0.128499600000 0.719990748771
11 0.614061800000 0.952241204152
12 0.553783625000 0.991234811469
13 -0.140547555556 1.028752624679
14 0.261905100000 1.117030683991
15 -0.079125400000 0.863744364244
16 -0.217599600000 0.950584718889
17 -0.304722666667 0.922311152569
18 -0.142171111111 0.614819814239
19 0.347034750000 0.952538142800
20 0.666845100000 0.648982050634
21 0.359501666667 0.594486688753
22 0.513181333333 0.763548882598
23 -0.026534111111 1.512752245829
24 0.146412111111 1.119232755957
25 0.266315000000 1.286717203936
26 -0.243764800000 1.074393927290
27 0.315360555556 0.994486107229
28 0.064737000000 1.159965018932
29 -0.055893800000 0.776818707980
30 0.137936600000 1.206200317279
31 -0.158317888889 0.989768468705
32 -0.103086125000 0.656944547907
33 -0.038392400000 0.894466375203
34 0.049928888889 0.650108224082
35 0.704344111111 0.980254473789
36 -0.715230555556 0.799033062545
37 -0.027585100000 0.751943162351
38 0.844570100000 0.645096534954
39 0.683644200000 1.083998136597
40 0.380888400000 1.577126864768
41 0.274081600000 1.086551075020
42 -0.453429666667 0.832933164296
43 0.014989900000 0.784890010892
44 0.258199000000 0.841542714186
45 0.219618444444 0.801124352305
46 0.292149666667 0.863522368549
47 0.320095125000 0.714394640817
48 -0.047542600000 1.204367246844
49 0.863424777778 0.994174824675
50 -0.075245000000 0.830988442556
51 -0.299444900000 1.117762120628
52 -0.080567800000 0.869002862462
53 0.171204500000 1.405034710737
54 -0.231888000000 0.687292587282
55 -0.012283714286 0.960096536213
56 0.093766700000 0.827425119433
57 -0.190759800000 0.872074822764
58 -0.172192200000 0.845122208876
59 0.169016444444 0.757621101795
60 -0.116697100000 0.523191867772
61 0.253677125000 0.885079892246
62 -1.223957500000 1.209348045953
63 -0.010198555556 0.914170044149
64 -0.777248888889 0.444256099016
65 0.179755700000 1.428185138244
66 0.024971000000 0.804278424830
67 -0.394938400000 1.273739981816
68 -0.401176900000 0.577670707783
69 -0.818331100000 0.860599060177
70 0.014923600000 1.255422581069
71 -0.345862800000 1.146420256551
72 0.246672200000 0.662336005071
73 0.063186100000 0.860646071242
74 0.022513600000 0.893924570829
75 -0.067516100000 0.946322543903
76 0.324668100000 0.898104915120
77 0.030522555556 0.539938519449
78 0.080293200000 1.005638738120
79 0.127664100000 0.842789075415
80 0.004435500000 0.850695510578
81 0.180859600000 1.045337407594
82 0.483304200000 1.133254597949
83 0.022212555556 0.801148325727
84 -0.662450500000 1.337510570972
85 -0.236166500000 1.155754960292
86 0.076085000000 0.668812704799
87 0.234586666667 1.062309749764
88 -0.418608400000 0.901882222266
89 -0.137914000000 0.860639983782
90 -0.446989500000 1.236567626568
91 0.202567444444 1.013603882843
92 -0.010358125000 0.632539591775
93 0.504882600000 0.822289919221
94 0.210308500000 1.561147249734
95 -0.179425666667 0.983788960245
96 -0.162110555556 1.097520112915
97 0.027065300000 0.903744649974
98 0.265899555556 1.025168242509
99 0.309765000000 0.673195569299
100 0.029010600000 0.748107239907
