active=40: 1 2 3 4 5 6 7 8 9 10 11 12 13 14 15 16 17 18 19 20 21 22 23 24 25 26 27 28 29 30 31 32 33 34 35 36 37 38 39 40 
active=39: 1 2 3 4 5 6 7 8 9 10 11 12 13 14 15 16 17 18 19 20 21 22 23 24 25 26 27 28 30 31 32 33 34 35 36 37 38 39 40 
active=38: 1 2 3 4 5 6 7 8 9 10 11 12 13 14 15 16 17 18 19 20 21 22 23 24 25 26 27 28 30 31 33 34 35 36 37 38 39 40 
active=37: 1 2 3 4 5 6 7 8 9 10 11 12 13 14 15 16 17 18 19 20 21 22 23 24 25 26 27 28 31 33 34 35 36 37 38 39 40 
active=36: 1 2 3 4 5 6 7 8 9 10 11 12 13 14 15 16 17 18 20 21 22 23 24 25 26 27 28 31 33 34 35 36 37 38 39 40 
active=35: 1 2 3 4 5 6 7 8 9 10 11 12 13 14 15 16 17 18 20 22 23 24 25 26 27 28 31 33 34 35 36 37 38 39 40 
active=34: 1 2 3 4 5 6 7 8 9 10 11 12 13 14 15 16 17 18 20 22 23 24 25 26 27 28 31 33 34 35 36 38 39 40 
active=33: 1 2 3 4 5 6 7 8 9 10 11 12 13 14 15 16 17 18 20 22 23 24 25 26 27 28 33 34 35 36 38 39 40 
active=32: 1 2 3 4 5 6 7 8 9 10 11 12 13 14 15 16 17 18 20 22 23 24 25 26 27 28 33 34 35 36 38 39 
active=31: 1 2 3 4 5 6 7 8 9 10 11 12 13 14 15 16 17 18 20 22 23 24 25 26 27 28 34 35 36 38 39 
active=30: 1 2 3 4 5 6 7 8 9 10 11 12 13 14 15 16 17 18 20 22 24 25 26 27 28 34 35 36 38 39 
active=29: 1 2 3 4 5 6 7 8 9 10 11 12 13 14 15 16 17 20 22 24 25 26 27 28 34 35 36 38 39 
active=28: 1 2 3 4 5 6 7 8 9 10 11 12 13 14 15 16 17 20 22 24 25 26 28 34 35 36 38 39 
active=27: 1 2 3 4 5 6 7 8 9 10 11 13 14 15 16 17 20 22 24 25 26 28 34 35 36 38 39 
active=26: 1 2 3 4 5 6 7 8 9 10 11 13 14 15 16 17 20 22 24 26 28 34 35 36 38 39 
active=25: 1 2 3 4 5 6 7 8 9 10 11 13 15 16 17 20 22 24 26 28 34 35 36 38 39 
active=24: 1 2 3 4 5 6 7 8 9 10 11 13 15 16 17 20 22 24 28 34 35 36 38 39 
active=23: 1 2 3 4 5 6 7 8 9 10 11 13 15 16 17 20 22 24 28 35 36 38 39 
active=22: 1 2 3 4 5 6 7 8 9 10 11 13 15 16 17 20 22 24 35 36 38 39 
active=21: 1 2 3 4 5 6 7 8 9 10 11 13 15 16 17 20 22 24 35 36 38 
active=20: 1 2 3 4 5 6 7 8 9 10 11 13 15 16 17 20 22 24 35 38 
active=19: 1 2 3 4 5 6 7 8 9 10 11 13 15 16 17 20 24 35 38 
active=18: 1 2 3 4 5 6 7 8 9 10 11 13 15 16 17 20 35 38 
active=17: 1 2 3 4 5 6 7 8 9 10 11 13 15 16 17 35 38 
active=16: 1 2 3 4 5 6 7 8 9 10 11 13 16 17 35 38 
active=15: 1 2 3 4 5 6 7 8 9 10 13 16 17 35 38 
active=14: 1 2 3 4 5 6 7 8 9 10 13 17 35 38 
active=13: 1 2 3 4 5 6 7 8 9 10 13 35 38 
active=12: 1 2 3 4 5 6 7 8 9 10 13 35 
active=11: 1 2 3 4 5 6 7 8 9 10 35 
active=10: 1 2 3 4 5 6 7 8 9 10 
active=9: 1 2 3 4 5 6 8 9 10 
active=8: 1 2 3 4 5 6 9 10 
active=7: 1 2 3 5 6 9 10 
active=6: 1 2 3 6 9 10 
active=5: 1 2 3 6 9 
active=4: 2 3 6 9 
active=3: 2 3 9 
active=2: 2 9 
active=1: 9 
