active=100: 1 2 3 4 5 6 7 8 9 10 11 12 13 14 15 16 17 18 19 20 21 22 23 24 25 26 27 28 29 30 31 32 33 34 35 36 37 38 39 40 41 42 43 44 45 46 47 48 49 50 51 52 53 54 55 56 57 58 59 60 61 62 63 64 65 66 67 68 69 70 71 72 73 74 75 76 77 78 79 80 81 82 83 84 85 86 87 88 89 90 91 92 93 94 95 96 97 98 99 100 
active=99: 1 2 3 4 5 6 7 8 9 10 11 12 13 14 15 16 17 18 19 20 21 22 23 24 25 26 27 28 29 30 31 32 33 34 35 36 37 38 39 40 41 42 43 44 45 46 47 49 50 51 52 53 54 55 56 57 58 59 60 61 62 63 64 65 66 67 68 69 70 71 72 73 74 75 76 77 78 79 80 81 82 83 84 85 86 87 88 89 90 91 92 93 94 95 96 97 98 99 100 
active=98: 1 2 3 4 5 6 7 8 9 10 11 12 13 14 15 16 17 18 19 20 21 22 23 24 25 26 27 28 29 30 31 32 33 34 35 36 37 38 40 41 42 43 44 45 46 47 49 50 51 52 53 54 55 56 57 58 59 60 61 62 63 64 65 66 67 68 69 70 71 72 73 74 75 76 77 78 79 80 81 82 83 84 85 86 87 88 89 90 91 92 93 94 95 96 97 98 99 100 
active=97: 1 2 3 4 5 6 7 8 9 10 11 12 13 14 15 16 17 18 19 20 21 22 23 24 25 26 27 28 29 30 31 32 33 34 35 36 37 38 40 41 42 43 44 45 46 47 49 50 51 52 53 54 55 56 57 58 59 60 61 62 63 64 65 66 67 68 69 70 71 72 73 74 75 76 77 78 79 80 81 82 83 84 85 86 88 89 90 91 92 93 94 95 96 97 98 99 100 
active=96: 1 2 3 4 5 6 7 8 9 10 11 12 13 14 15 16 17 18 19 20 21 22 23 24 25 26 27 28 29 30 31 32 33 34 35 36 37 38 40 41 42 43 44 45 46 47 49 50 51 52 53 54 55 56 57 58 59 60 61 62 63 64 65 66 67 68 69 70 71 72 73 74 75 76 77 78 79 80 81 82 84 85 86 88 89 90 91 92 93 94 95 96 97 98 99 100 
active=95: 2 3 4 5 6 7 8 9 10 11 12 13 14 15 16 17 18 19 20 21 22 23 24 25 26 27 28 29 30 31 32 33 34 35 36 37 38 40 41 42 43 44 45 46 47 49 50 51 52 53 54 55 56 57 58 59 60 61 62 63 64 65 66 67 68 69 70 71 72 73 74 75 76 77 78 79 80 81 82 84 85 86 88 89 90 91 92 93 94 95 96 97 98 99 100 
active=94: 2 3 4 5 6 7 8 9 10 11 12 13 14 15 16 17 18 19 20 21 22 23 24 25 26 27 28 29 30 31 32 33 34 35 36 37 38 40 41 42 43 44 45 46 47 49 50 51 52 53 54 55 56 57 58 59 60 61 62 63 64 65 66 67 68 69 70 71 72 73 74 75 76 77 78 79 80 81 82 84 85 86 88 90 91 92 93 94 95 96 97 98 99 100 
active=93: 2 3 4 5 6 7 8 9 10 11 12 13 14 15 16 17 18 19 20 21 23 24 25 26 27 28 29 30 31 32 33 34 35 36 37 38 40 41 42 43 44 45 46 47 49 50 51 52 53 54 55 56 57 58 59 60 61 62 63 64 65 66 67 68 69 70 71 72 73 74 75 76 77 78 79 80 81 82 84 85 86 88 90 91 92 93 94 95 96 97 98 99 100 
active=92: 2 3 4 5 6 7 8 9 10 11 12 13 14 15 16 17 18 19 20 21 23 24 25 26 27 28 29 30 31 32 33 34 35 36 37 38 40 41 42 43 44 45 46 47 49 50 51 52 53 54 55 56 57 58 59 60 61 62 63 65 66 67 68 69 70 71 72 73 74 75 76 77 78 79 80 81 82 84 85 86 88 90 91 92 93 94 95 96 97 98 99 100 
active=91: 2 3 4 5 6 7 8 9 10 11 12 13 14 15 16 17 18 19 20 21 23 24 25 26 27 28 29 30 31 32 33 34 35 36 37 38 40 41 42 43 44 45 46 47 49 50 51 52 53 54 55 56 57 58 59 61 62 63 65 66 67 68 69 70 71 72 73 74 75 76 77 78 79 80 81 82 84 85 86 88 90 91 92 93 94 95 96 97 98 99 100 
active=90: 2 3 4 5 6 7 8 9 10 11 12 13 14 15 16 17 18 19 20 21 23 24 25 26 27 28 29 30 31 32 33 34 35 36 37 38 40 41 42 43 44 45 46 47 49 51 52 53 54 55 56 57 58 59 61 62 63 65 66 67 68 69 70 71 72 73 74 75 76 77 78 79 80 81 82 84 85 86 88 90 91 92 93 94 95 96 97 98 99 100 
active=89: 2 3 4 5 6 7 8 9 10 11 12 13 14 15 16 17 18 19 20 21 23 24 25 26 27 28 29 30 31 32 33 34 35 36 37 38 40 41 42 43 44 45 46 47 49 51 52 53 54 55 56 57 58 59 61 62 63 65 66 67 68 69 70 71 72 73 74 75 76 77 78 79 81 82 84 85 86 88 90 91 92 93 94 95 96 97 98 99 100 
active=88: 2 3 4 5 6 7 8 9 10 11 12 13 14 15 16 17 18 19 20 21 23 24 25 26 28 29 30 31 32 33 34 35 36 37 38 40 41 42 43 44 45 46 47 49 51 52 53 54 55 56 57 58 59 61 62 63 65 66 67 68 69 70 71 72 73 74 75 76 77 78 79 81 82 84 85 86 88 90 91 92 93 94 95 96 97 98 99 100 
active=87: 2 3 4 5 6 7 8 9 10 11 12 13 14 15 16 17 18 19 20 21 23 24 25 26 28 29 30 31 32 33 34 35 36 37 38 40 41 42 43 44 45 46 47 49 51 52 53 54 55 56 57 58 59 61 62 63 65 66 67 68 69 70 71 72 73 74 76 77 78 79 81 82 84 85 86 88 90 91 92 93 94 95 96 97 98 99 100 
active=86: 2 3 4 5 6 7 8 9 10 11 12 13 14 15 16 17 18 19 20 21 23 24 25 26 28 29 30 31 32 33 34 35 36 37 38 40 42 43 44 45 46 47 49 51 52 53 54 55 56 57 58 59 61 62 63 65 66 67 68 69 70 71 72 73 74 76 77 78 79 81 82 84 85 86 88 90 91 92 93 94 95 96 97 98 99 100 
active=85: 2 3 4 5 6 7 8 9 10 11 12 13 14 15 16 17 18 19 20 21 23 24 25 26 28 29 30 31 33 34 35 36 37 38 40 42 43 44 45 46 47 49 51 52 53 54 55 56 57 58 59 61 62 63 65 66 67 68 69 70 71 72 73 74 76 77 78 79 81 82 84 85 86 88 90 91 92 93 94 95 96 97 98 99 100 
active=84: 2 3 4 5 6 7 8 9 11 12 13 14 15 16 17 18 19 20 21 23 24 25 26 28 29 30 31 33 34 35 36 37 38 40 42 43 44 45 46 47 49 51 52 53 54 55 56 57 58 59 61 62 63 65 66 67 68 69 70 71 72 73 74 76 77 78 79 81 82 84 85 86 88 90 91 92 93 94 95 96 97 98 99 100 
active=83: 2 3 4 5 6 7 8 9 11 12 13 14 15 16 17 18 19 20 21 23 24 25 26 28 29 30 31 33 34 35 36 37 38 40 42 43 44 45 46 47 49 51 52 53 54 55 56 57 58 59 61 62 63 65 66 67 68 69 70 71 72 73 74 76 77 78 79 81 82 84 85 86 88 90 91 92 94 95 96 97 98 99 100 
active=82: 2 3 4 5 6 7 8 9 11 12 13 14 15 16 17 18 19 20 21 23 24 25 26 28 29 30 31 33 34 35 37 38 40 42 43 44 45 46 47 49 51 52 53 54 55 56 57 58 59 61 62 63 65 66 67 68 69 70 71 72 73 74 76 77 78 79 81 82 84 85 86 88 90 91 92 94 95 96 97 98 99 100 
active=81: 2 3 4 5 6 7 8 9 11 12 13 14 15 16 17 18 19 20 21 23 24 25 26 28 29 30 31 33 34 35 37 38 40 42 43 44 45 46 47 49 51 52 53 54 55 56 57 58 59 61 62 63 65 66 67 68 69 70 71 72 73 74 76 77 78 79 81 82 84 85 86 88 90 91 92 94 95 96 97 98 99 
active=80: 2 3 4 5 6 7 8 9 11 12 13 14 15 16 17 18 19 20 21 23 24 25 26 28 29 30 31 33 34 35 37 38 40 42 43 44 45 46 47 49 51 52 53 54 55 56 57 58 59 61 62 63 65 66 67 68 69 70 71 72 73 74 76 77 78 79 81 84 85 86 88 90 91 92 94 95 96 97 98 99 
active=79: 2 3 4 5 6 7 8 9 11 12 13 14 15 16 17 18 19 20 21 23 24 25 26 28 29 30 31 33 34 35 37 38 40 42 43 44 45 46 47 49 51 52 53 54 55 57 58 59 61 62 63 65 66 67 68 69 70 71 72 73 74 76 77 78 79 81 84 85 86 88 90 91 92 94 95 96 97 98 99 
active=78: 2 3 4 5 6 7 8 9 11 12 13 14 15 16 17 18 19 20 21 23 24 25 26 28 29 30 31 33 34 35 37 38 40 42 43 44 45 46 47 49 51 52 53 54 55 58 59 61 62 63 65 66 67 68 69 70 71 72 73 74 76 77 78 79 81 84 85 86 88 90 91 92 94 95 96 97 98 99 
active=77: 2 3 4 5 6 7 8 9 11 12 13 14 15 16 17 18 19 20 21 23 24 25 26 28 29 30 31 33 34 35 37 38 40 42 43 44 45 46 47 49 52 53 54 55 58 59 61 62 63 65 66 67 68 69 70 71 72 73 74 76 77 78 79 81 84 85 86 88 90 91 92 94 95 96 97 98 99 
active=76: 2 3 4 5 6 7 8 9 11 12 13 14 15 16 17 18 19 20 21 23 24 25 26 28 29 30 31 33 34 35 37 38 40 42 43 44 45 46 47 49 52 53 54 55 58 59 61 62 63 65 66 67 68 69 70 71 72 73 74 76 77 78 79 84 85 86 88 90 91 92 94 95 96 97 98 99 
active=75: 2 3 4 5 6 7 8 9 11 12 13 14 15 16 17 18 19 20 21 23 24 25 26 28 29 30 31 33 34 35 37 38 40 42 43 44 45 46 47 49 52 53 54 55 58 59 61 62 63 65 66 67 68 69 70 71 72 73 74 76 77 78 79 84 85 88 90 91 92 94 95 96 97 98 99 
active=74: 2 3 4 5 6 7 8 9 11 12 13 14 15 16 17 18 19 20 21 23 24 25 26 28 29 30 31 33 34 35 37 38 40 42 43 44 46 47 49 52 53 54 55 58 59 61 62 63 65 66 67 68 69 70 71 72 73 74 76 77 78 79 84 85 88 90 91 92 94 95 96 97 98 99 
active=73: 2 3 4 5 6 7 8 9 11 12 13 14 15 16 17 18 19 20 21 23 24 25 26 28 29 30 31 33 34 35 37 38 42 43 44 46 47 49 52 53 54 55 58 59 61 62 63 65 66 67 68 69 70 71 72 73 74 76 77 78 79 84 85 88 90 91 92 94 95 96 97 98 99 
active=72: 2 3 4 5 6 7 8 9 11 12 13 14 15 16 17 18 19 20 21 23 24 25 26 28 29 30 31 33 34 35 37 38 42 43 44 46 47 49 52 53 54 55 58 59 61 62 63 65 66 67 68 69 71 72 73 74 76 77 78 79 84 85 88 90 91 92 94 95 96 97 98 99 
active=71: 3 4 5 6 7 8 9 11 12 13 14 15 16 17 18 19 20 21 23 24 25 26 28 29 30 31 33 34 35 37 38 42 43 44 46 47 49 52 53 54 55 58 59 61 62 63 65 66 67 68 69 71 72 73 74 76 77 78 79 84 85 88 90 91 92 94 95 96 97 98 99 
active=70: 3 4 5 6 7 8 9 12 13 14 15 16 17 18 19 20 21 23 24 25 26 28 29 30 31 33 34 35 37 38 42 43 44 46 47 49 52 53 54 55 58 59 61 62 63 65 66 67 68 69 71 72 73 74 76 77 78 79 84 85 88 90 91 92 94 95 96 97 98 99 
active=69: 3 4 5 6 7 8 9 12 13 14 15 16 17 18 19 20 21 23 24 25 26 28 29 30 33 34 35 37 38 42 43 44 46 47 49 52 53 54 55 58 59 61 62 63 65 66 67 68 69 71 72 73 74 76 77 78 79 84 85 88 90 91 92 94 95 96 97 98 99 
active=68: 3 4 5 6 7 8 9 12 13 14 15 16 17 18 19 20 21 23 24 25 26 28 29 30 33 34 35 37 38 42 43 44 46 47 49 52 53 54 55 58 59 61 62 63 65 66 67 68 69 71 72 73 74 76 77 78 79 84 88 90 91 92 94 95 96 97 98 99 
active=67: 3 4 5 6 7 8 9 12 13 14 15 16 17 18 19 20 21 23 24 25 26 28 29 30 33 34 35 37 38 42 43 44 46 47 49 52 54 55 58 59 61 62 63 65 66 67 68 69 71 72 73 74 76 77 78 79 84 88 90 91 92 94 95 96 97 98 99 
active=66: 3 4 5 6 7 8 9 12 13 14 15 16 17 18 19 20 21 23 24 25 26 28 29 30 33 34 35 37 38 42 43 44 46 47 49 52 54 55 58 59 61 62 63 65 67 68 69 71 72 73 74 76 77 78 79 84 88 90 91 92 94 95 96 97 98 99 
active=65: 3 4 5 6 7 8 9 12 13 14 15 16 17 18 19 20 21 23 24 25 26 28 29 30 33 34 35 38 42 43 44 46 47 49 52 54 55 58 59 61 62 63 65 67 68 69 71 72 73 74 76 77 78 79 84 88 90 91 92 94 95 96 97 98 99 
active=64: 3 4 5 6 7 8 9 12 13 14 15 16 17 18 19 20 21 23 25 26 28 29 30 33 34 35 38 42 43 44 46 47 49 52 54 55 58 59 61 62 63 65 67 68 69 71 72 73 74 76 77 78 79 84 88 90 91 92 94 95 96 97 98 99 
active=63: 3 4 5 6 7 8 9 12 13 14 15 16 17 18 19 20 21 23 25 26 28 29 30 33 34 35 38 42 43 44 46 47 49 52 54 55 58 59 61 62 63 65 67 68 69 71 72 73 74 76 77 78 79 88 90 91 92 94 95 96 97 98 99 
active=62: 3 4 5 6 7 8 9 12 13 14 15 16 17 18 19 20 21 23 25 26 28 29 30 33 34 35 38 42 44 46 47 49 52 54 55 58 59 61 62 63 65 67 68 69 71 72 73 74 76 77 78 79 88 90 91 92 94 95 96 97 98 99 
active=61: 3 4 5 6 7 8 9 12 13 14 15 16 17 18 19 20 21 23 25 26 28 29 30 33 34 35 38 42 44 46 47 49 52 54 55 58 59 61 62 63 65 67 68 69 71 72 73 74 76 77 78 88 90 91 92 94 95 96 97 98 99 
active=60: 3 4 5 6 7 8 9 12 13 14 15 16 17 18 19 20 21 23 25 26 28 29 30 33 34 35 38 42 44 46 47 49 52 54 55 58 59 61 62 63 65 67 68 69 71 72 73 74 76 77 78 90 91 92 94 95 96 97 98 99 
active=59: 3 4 5 6 7 8 9 12 13 14 15 16 17 18 19 20 21 23 25 26 28 29 30 33 34 35 38 42 44 46 47 49 52 54 55 58 59 61 62 63 65 67 68 69 71 72 73 74 76 77 78 90 91 92 94 95 96 97 99 
active=58: 3 4 5 6 7 8 9 12 13 14 15 16 17 18 19 20 21 23 25 26 28 29 30 33 34 35 38 42 44 46 47 49 52 54 55 58 59 61 62 63 65 67 68 69 72 73 74 76 77 78 90 91 92 94 95 96 97 99 
active=57: 3 4 5 6 7 8 9 12 13 14 15 16 17 18 20 21 23 25 26 28 29 30 33 34 35 38 42 44 46 47 49 52 54 55 58 59 61 62 63 65 67 68 69 72 73 74 76 77 78 90 91 92 94 95 96 97 99 
active=56: 3 4 5 6 7 8 9 12 13 14 15 16 17 18 20 21 23 25 26 28 29 30 33 34 35 38 42 44 46 47 49 52 54 55 58 59 61 62 63 65 67 68 69 72 73 74 76 77 78 90 92 94 95 96 97 99 
active=55: 3 4 5 6 7 8 9 12 13 14 15 16 17 18 20 21 23 25 26 28 29 30 33 34 35 38 42 44 46 47 49 52 54 55 58 59 61 62 63 65 67 68 69 72 73 74 76 77 78 90 92 94 96 97 99 
active=54: 3 4 5 6 7 8 9 12 13 14 15 16 17 18 20 21 23 25 26 28 29 30 33 34 35 38 42 44 46 47 49 52 54 58 59 61 62 63 65 67 68 69 72 73 74 76 77 78 90 92 94 96 97 99 
active=53: 3 4 5 6 7 8 9 12 13 14 15 16 17 18 20 23 25 26 28 29 30 33 34 35 38 42 44 46 47 49 52 54 58 59 61 62 63 65 67 68 69 72 73 74 76 77 78 90 92 94 96 97 99 
active=52: 3 4 5 6 7 8 9 12 13 14 15 16 17 18 20 23 25 26 28 29 30 33 34 35 38 42 44 46 47 49 52 54 58 59 61 62 63 65 68 69 72 73 74 76 77 78 90 92 94 96 97 99 
active=51: 3 4 5 6 7 8 9 12 13 14 15 16 17 18 20 23 25 26 28 29 30 33 34 35 38 42 44 46 47 49 52 54 58 59 61 62 63 65 68 69 72 73 74 77 78 90 92 94 96 97 99 
active=50: 3 4 5 6 7 8 9 12 13 14 15 16 17 18 20 23 25 26 28 29 30 33 34 35 38 42 44 46 49 52 54 58 59 61 62 63 65 68 69 72 73 74 77 78 90 92 94 96 97 99 
active=49: 3 4 5 6 7 8 9 12 13 14 15 16 17 18 20 23 25 26 28 29 33 34 35 38 42 44 46 49 52 54 58 59 61 62 63 65 68 69 72 73 74 77 78 90 92 94 96 97 99 
active=48: 3 4 5 6 7 8 9 12 14 15 16 17 18 20 23 25 26 28 29 33 34 35 38 42 44 46 49 52 54 58 59 61 62 63 65 68 69 72 73 74 77 78 90 92 94 96 97 99 
active=47: 3 4 5 6 7 8 9 12 14 15 16 17 18 20 23 25 26 28 29 33 34 35 38 42 44 46 49 52 54 58 59 62 63 65 68 69 72 73 74 77 78 90 92 94 96 97 99 
active=46: 3 4 5 6 7 8 9 12 14 15 16 17 18 20 23 25 26 28 29 33 35 38 42 44 46 49 52 54 58 59 62 63 65 68 69 72 73 74 77 78 90 92 94 96 97 99 
active=45: 3 4 5 6 7 8 9 12 14 15 16 17 18 20 23 25 26 28 29 33 38 42 44 46 49 52 54 58 59 62 63 65 68 69 72 73 74 77 78 90 92 94 96 97 99 
active=44: 3 4 5 6 7 8 9 12 14 15 16 17 18 20 23 25 26 28 29 33 38 42 44 46 49 52 54 58 59 62 63 65 68 69 72 74 77 78 90 92 94 96 97 99 
active=43: 3 4 5 6 7 8 9 12 14 15 16 17 18 20 23 25 26 28 29 33 38 42 44 46 49 52 54 58 59 62 63 65 68 72 74 77 78 90 92 94 96 97 99 
active=42: 3 4 5 6 7 8 9 12 14 15 16 17 18 20 23 25 26 28 29 33 38 42 44 46 49 52 54 58 59 62 63 65 68 72 77 78 90 92 94 96 97 99 
active=41: 3 4 5 6 7 8 9 12 14 15 16 17 18 20 23 25 26 28 29 33 38 42 44 46 49 52 54 58 59 62 63 68 72 77 78 90 92 94 96 97 99 
active=40: 3 4 5 6 7 8 9 12 14 15 16 17 18 20 23 25 26 28 29 33 38 44 46 49 52 54 58 59 62 63 68 72 77 78 90 92 94 96 97 99 
active=39: 3 4 5 6 7 8 9 12 14 15 16 17 18 20 23 25 26 28 29 33 38 44 46 49 52 58 59 62 63 68 72 77 78 90 92 94 96 97 99 
active=38: 3 4 5 6 7 8 9 12 14 15 16 17 18 20 23 25 26 28 29 33 38 44 49 52 58 59 62 63 68 72 77 78 90 92 94 96 97 99 
active=37: 3 4 5 6 7 8 9 12 14 15 16 17 18 20 23 25 26 28 29 33 38 44 49 52 58 59 62 63 68 72 77 78 90 92 96 97 99 
active=36: 3 4 5 6 7 8 9 12 14 15 16 17 18 20 23 25 26 28 29 33 38 44 49 52 58 59 62 63 68 72 77 78 90 92 96 99 
active=35: 3 4 5 6 7 8 9 12 14 15 16 17 18 20 23 25 26 28 29 33 38 44 49 52 58 59 62 63 68 72 77 90 92 96 99 
active=34: 4 5 6 7 8 9 12 14 15 16 17 18 20 23 25 26 28 29 33 38 44 49 52 58 59 62 63 68 72 77 90 92 96 99 
active=33: 4 5 6 7 8 9 12 14 15 16 17 18 20 23 25 26 28 29 33 38 44 49 52 58 59 62 63 68 72 90 92 96 99 
active=32: 4 5 6 7 8 9 12 14 15 16 17 18 20 23 25 26 28 29 33 38 44 49 52 58 59 62 63 72 90 92 96 99 
active=31: 4 5 7 8 9 12 14 15 16 17 18 20 23 25 26 28 29 33 38 44 49 52 58 59 62 63 72 90 92 96 99 
active=30: 4 5 7 8 9 12 14 15 16 17 18 20 23 25 26 28 29 33 38 44 49 52 58 59 62 72 90 92 96 99 
active=29: 4 5 7 8 9 12 14 15 16 17 18 20 23 25 26 28 29 33 38 44 49 52 58 62 72 90 92 96 99 
active=28: 4 5 7 8 9 12 14 15 16 17 18 23 25 26 28 29 33 38 44 49 52 58 62 72 90 92 96 99 
active=27: 4 5 7 8 9 12 14 15 16 17 18 23 25 26 28 29 33 38 44 49 52 58 62 72 90 92 99 
active=26: 4 5 7 8 9 12 14 15 16 17 18 23 25 26 28 29 33 38 44 49 52 58 72 90 92 99 
active=25: 4 5 7 8 9 12 14 15 16 17 18 23 25 28 29 33 38 44 49 52 58 72 90 92 99 
active=24: 4 5 7 8 9 12 14 15 16 17 18 23 25 28 29 33 38 44 49 52 72 90 92 99 
active=23: 4 5 7 8 9 12 14 15 16 17 18 23 25 28 29 33 38 49 52 72 90 92 99 
active=22: 4 5 7 8 9 12 14 15 16 17 18 23 25 28 29 33 38 49 52 72 90 92 
active=21: 4 5 7 8 9 12 14 15 16 17 18 23 25 28 29 33 38 49 72 90 92 
active=20: 4 5 7 8 9 12 14 15 16 17 18 23 25 28 33 38 49 72 90 92 
active=19: 4 5 7 8 9 12 14 15 16 17 18 23 25 28 33 38 49 90 92 
active=18: 4 5 7 8 9 12 14 15 16 17 18 23 25 28 33 38 90 92 
active=17: 4 5 7 8 9 12 14 15 16 17 18 23 25 33 38 90 92 
active=16: 4 5 8 9 12 14 15 16 17 18 23 25 33 38 90 92 
active=15: 5 8 9 12 14 15 16 17 18 23 25 33 38 90 92 
active=14: 5 8 9 12 15 16 17 18 23 25 33 38 90 92 
active=13: 5 8 9 12 15 16 17 18 23 25 33 38 90 
active=12: 5 8 9 12 15 16 17 18 25 33 38 90 
active=11: 5 8 12 15 16 17 18 25 33 38 90 
active=10: 5 8 15 16 17 18 25 33 38 90 
active=9: 5 8 15 16 17 18 25 33 90 
active=8: 5 15 16 17 18 25 33 90 
active=7: 15 16 17 18 25 33 90 
active=6: 15 16 17 18 25 90 
active=5: 15 16 17 18 25 
active=4: 15 16 17 18 
active=3: 15 17 18 
active=2: 15 17 
active=1: 17 
