active=40: 1 2 3 4 5 6 7 8 9 10 11 12 13 14 15 16 17 18 19 20 21 22 23 24 25 26 27 28 29 30 31 32 33 34 35 36 37 38 39 40 
active=39: 1 2 3 4 5 6 7 8 9 10 12 13 14 15 16 17 18 19 20 21 22 23 24 25 26 27 28 29 30 31 32 33 34 35 36 37 38 39 40 
active=38: 1 2 3 4 5 6 7 8 9 10 12 13 14 15 16 17 18 19 20 21 22 23 24 25 26 28 29 30 31 32 33 34 35 36 37 38 39 40 
active=37: 1 2 3 4 5 6 7 8 9 10 12 13 14 15 16 17 18 19 20 21 22 23 24 25 26 28 29 31 32 33 34 35 36 37 38 39 40 
active=36: 1 2 3 4 5 6 7 8 9 10 12 13 14 15 16 17 18 19 20 21 23 24 25 26 28 29 31 32 33 34 35 36 37 38 39 40 
active=35: 1 2 3 4 5 6 7 8 9 10 12 13 14 15 16 17 18 19 20 21 23 24 25 26 29 31 32 33 34 35 36 37 38 39 40 
active=34: 1 2 3 4 5 6 7 8 9 10 12 13 14 15 16 17 18 20 21 23 24 25 26 29 31 32 33 34 35 36 37 38 39 40 
active=33: 1 3 4 5 6 7 8 9 10 12 13 14 15 16 17 18 20 21 23 24 25 26 29 31 32 33 34 35 36 37 38 39 40 
active=32: 1 3 4 5 6 7 8 9 10 12 13 14 15 16 17 18 20 21 23 24 25 26 29 31 32 33 34 35 37 38 39 40 
active=31: 1 3 4 5 6 7 8 9 10 12 13 14 15 16 17 18 20 21 23 24 25 26 29 31 32 33 34 37 38 39 40 
active=30: 1 3 4 5 6 7 8 9 10 12 13 14 15 16 17 18 20 21 23 24 25 26 29 31 32 33 34 37 38 39 
active=29: 1 3 4 5 6 7 8 9 10 12 13 14 15 16 17 18 20 21 23 24 25 26 29 31 33 34 37 38 39 
active=28: 1 3 4 5 6 7 8 9 10 12 13 14 15 16 17 18 20 23 24 25 26 29 31 33 34 37 38 39 
active=27: 1 3 4 5 6 7 8 9 10 13 14 15 16 17 18 20 23 24 25 26 29 31 33 34 37 38 39 
active=26: 1 3 4 5 6 7 8 9 10 13 14 15 17 18 20 23 24 25 26 29 31 33 34 37 38 39 
active=25: 1 3 4 5 6 7 8 9 10 13 14 15 17 18 20 24 25 26 29 31 33 34 37 38 39 
active=24: 1 3 4 5 6 7 8 9 10 13 14 15 17 18 20 25 26 29 31 33 34 37 38 39 
active=23: 1 3 4 5 6 7 8 9 10 13 14 15 17 18 20 25 26 29 31 33 34 38 39 
active=22: 1 3 4 5 6 7 8 9 10 13 14 15 17 20 25 26 29 31 33 34 38 39 
active=21: 1 3 4 5 6 7 8 9 10 13 14 15 17 20 25 26 31 33 34 38 39 
active=20: 1 3 4 5 6 7 8 9 10 13 14 15 20 25 26 31 33 34 38 39 
active=19: 1 3 4 5 6 7 8 9 13 14 15 20 25 26 31 33 34 38 39 
active=18: 1 3 4 5 6 7 8 9 13 14 15 20 25 26 33 34 38 39 
active=17: 1 3 4 5 6 7 8 9 13 14 15 25 26 33 34 38 39 
active=16: 1 3 4 5 6 7 8 9 13 14 15 25 26 33 34 38 
active=15: 1 3 4 5 6 7 8 9 13 14 15 25 33 34 38 
active=14: 1 3 4 5 6 7 8 9 14 15 25 33 34 38 
active=13: 1 3 4 5 6 7 8 9 14 25 33 34 38 
active=12: 1 3 4 5 6 7 8 9 14 33 34 38 
active=11: 1 3 4 5 6 7 8 9 33 34 38 
active=10: 1 3 4 5 6 7 8 9 34 38 
active=9: 1 3 4 5 6 7 8 9 34 
active=8: 1 3 4 5 6 7 8 9 
active=7: 3 4 5 6 7 8 9 
active=6: 3 4 5 6 7 8 
active=5: 4 5 6 7 8 
active=4: 4 5 6 8 
active=3: 4 5 8 
active=2: 5 8 
active=1: 8 
