0.000000 0.491042 0.510204
1.000000 0.594479 0.608367
2.000000 0.626354 0.639898
3.000000 0.618125 0.646224
4.000000 0.676667 0.697245
5.000000 0.722187 0.757449
6.000000 0.738229 0.776939
7.000000 0.766146 0.830102
8.000000 0.794167 0.847143
9.000000 0.788333 0.852755
10.000000 0.798229 0.864796
11.000000 0.807396 0.862653
12.000000 0.799896 0.862653
13.000000 0.790938 0.869898
14.000000 0.786146 0.875000
15.000000 0.781667 0.873367
16.000000 0.780104 0.870204
17.000000 0.777708 0.871020
18.000000 0.774896 0.889388
19.000000 0.770104 0.884694
20.000000 0.768750 0.888980
21.000000 0.759479 0.895408
22.000000 0.754271 0.891633
23.000000 0.746771 0.891837
24.000000 0.744167 0.897143
25.000000 0.733854 0.893367
26.000000 0.730104 0.897959
27.000000 0.730417 0.900816
28.000000 0.725313 0.902041
29.000000 0.716979 0.904592
30.000000 0.710417 0.907449
31.000000 0.701146 0.912653
32.000000 0.689167 0.908265
33.000000 0.696562 0.907347
34.000000 0.687500 0.916429
35.000000 0.681042 0.911327
36.000000 0.680417 0.917041
37.000000 0.678750 0.915510
38.000000 0.657708 0.922347
39.000000 0.656979 0.919592
40.000000 0.652083 0.922755
