0.000000 0.400000
1.000000 0.833000
2.000000 0.902000
3.000000 0.914000
4.000000 0.861000
5.000000 0.898000
6.000000 0.867000
7.000000 0.890000
8.000000 0.924000
9.000000 0.891000
10.000000 0.837000
11.000000 0.823000
12.000000 0.834000
13.000000 0.820000
14.000000 0.831000
15.000000 0.833000
16.000000 0.801000
17.000000 0.762000
18.000000 0.742000
19.000000 0.763000
20.000000 0.760000
21.000000 0.777000
22.000000 0.785000
23.000000 0.784000
24.000000 0.774000
25.000000 0.757000
26.000000 0.766000
27.000000 0.768000
28.000000 0.756000
29.000000 0.729000
30.000000 0.700000
31.000000 0.702000
32.000000 0.725000
33.000000 0.703000
34.000000 0.663000
35.000000 0.671000
36.000000 0.637000
37.000000 0.636000
38.000000 0.635000
39.000000 0.642000
40.000000 0.611000
41.000000 0.633000
42.000000 0.602000
43.000000 0.603000
44.000000 0.588000
45.000000 0.568000
46.000000 0.564000
47.000000 0.567000
48.000000 0.561000
49.000000 0.561000
50.000000 0.522000
51.000000 0.539000
52.000000 0.513000
53.000000 0.527000
54.000000 0.479000
55.000000 0.493000
56.000000 0.482000
57.000000 0.466000
58.000000 0.458000
59.000000 0.434000
60.000000 0.450000
61.000000 0.450000
62.000000 0.432000
63.000000 0.428000
64.000000 0.424000
65.000000 0.429000
66.000000 0.428000
67.000000 0.414000
68.000000 0.411000
69.000000 0.406000
70.000000 0.403000
71.000000 0.395000
72.000000 0.390000
73.000000 0.387000
74.000000 0.393000
75.000000 0.382000
76.000000 0.378000
77.000000 0.385000
78.000000 0.381000
79.000000 0.369000
80.000000 0.374000
