0.000000 0.494624
1.000000 0.571828
2.000000 0.626022
3.000000 0.684247
4.000000 0.667151
5.000000 0.678011
6.000000 0.714785
7.000000 0.717312
8.000000 0.738495
9.000000 0.755645
10.000000 0.753763
11.000000 0.763495
12.000000 0.778656
13.000000 0.775215
14.000000 0.777043
15.000000 0.795860
16.000000 0.804516
17.000000 0.797204
18.000000 0.801129
19.000000 0.791667
20.000000 0.799247
21.000000 0.811452
22.000000 0.805000
23.000000 0.813011
24.000000 0.805054
25.000000 0.802903
26.000000 0.797204
27.000000 0.798172
28.000000 0.803925
29.000000 0.801505
30.000000 0.796344
31.000000 0.794731
32.000000 0.795269
33.000000 0.795054
34.000000 0.793387
35.000000 0.790538
36.000000 0.786075
37.000000 0.777796
38.000000 0.779247
39.000000 0.776022
40.000000 0.773118
