0.000000 0.500000
1.000000 0.631667
2.000000 0.687917
3.000000 0.740625
4.000000 0.758125
5.000000 0.795833
6.000000 0.834583
7.000000 0.846042
8.000000 0.866458
9.000000 0.872917
10.000000 0.894167
11.000000 0.901042
12.000000 0.896875
13.000000 0.918333
14.000000 0.928958
15.000000 0.941042
16.000000 0.954167
17.000000 0.954167
18.000000 0.965625
19.000000 0.967292
20.000000 0.971042
21.000000 0.968333
22.000000 0.980417
23.000000 0.978958
24.000000 0.973333
25.000000 0.974375
26.000000 0.977708
27.000000 0.977917
28.000000 0.977292
29.000000 0.977292
30.000000 0.982083
31.000000 0.985000
32.000000 0.983750
33.000000 0.983958
34.000000 0.984583
35.000000 0.984167
36.000000 0.985417
37.000000 0.986458
38.000000 0.989167
39.000000 0.987708
40.000000 0.988125
41.000000 0.991250
42.000000 0.986667
43.000000 0.990833
44.000000 0.989792
45.000000 0.989583
46.000000 0.995208
47.000000 0.994792
48.000000 0.993958
49.000000 0.996667
50.000000 0.995625
51.000000 0.998125
52.000000 0.998542
53.000000 0.997917
54.000000 0.998750
55.000000 0.999375
56.000000 0.999792
57.000000 0.999792
58.000000 1.000000
59.000000 1.000000
60.000000 1.000000
61.000000 1.000000
62.000000 1.000000
63.000000 1.000000
64.000000 1.000000
65.000000 1.000000
66.000000 1.000000
67.000000 1.000000
68.000000 1.000000
69.000000 1.000000
70.000000 1.000000
71.000000 1.000000
72.000000 1.000000
73.000000 1.000000
74.000000 1.000000
75.000000 1.000000
76.000000 1.000000
77.000000 1.000000
78.000000 1.000000
79.000000 1.000000
80.000000 1.000000
81.000000 1.000000
82.000000 1.000000
83.000000 1.000000
84.000000 1.000000
85.000000 1.000000
86.000000 1.000000
87.000000 1.000000
88.000000 1.000000
89.000000 1.000000
90.000000 1.000000
91.000000 1.000000
92.000000 1.000000
93.000000 1.000000
94.000000 1.000000
95.000000 1.000000
96.000000 1.000000
97.000000 1.000000
98.000000 1.000000
99.000000 1.000000
100.000000 1.000000
