active=100: 1 2 3 4 5 6 7 8 9 10 11 12 13 14 15 16 17 18 19 20 21 22 23 24 25 26 27 28 29 30 31 32 33 34 35 36 37 38 39 40 41 42 43 44 45 46 47 48 49 50 51 52 53 54 55 56 57 58 59 60 61 62 63 64 65 66 67 68 69 70 71 72 73 74 75 76 77 78 79 80 81 82 83 84 85 86 87 88 89 90 91 92 93 94 95 96 97 98 99 100 
active=99: 1 2 3 4 5 6 7 8 9 10 11 12 13 14 15 16 17 18 19 20 21 22 23 25 26 27 28 29 30 31 32 33 34 35 36 37 38 39 40 41 42 43 44 45 46 47 48 49 50 51 52 53 54 55 56 57 58 59 60 61 62 63 64 65 66 67 68 69 70 71 72 73 74 75 76 77 78 79 80 81 82 83 84 85 86 87 88 89 90 91 92 93 94 95 96 97 98 99 100 
active=98: 1 2 3 4 5 6 7 8 9 10 11 12 13 14 15 16 17 18 19 20 21 22 23 25 26 27 28 29 30 31 32 33 34 35 36 37 38 39 40 41 42 43 44 45 46 47 48 49 50 51 52 53 54 56 57 58 59 60 61 62 63 64 65 66 67 68 69 70 71 72 73 74 75 76 77 78 79 80 81 82 83 84 85 86 87 88 89 90 91 92 93 94 95 96 97 98 99 100 
active=97: 1 2 3 4 5 6 7 8 9 10 11 12 13 14 15 16 17 18 19 20 21 22 23 25 26 27 28 29 30 31 32 33 34 36 37 38 39 40 41 42 43 44 45 46 47 48 49 50 51 52 53 54 56 57 58 59 60 61 62 63 64 65 66 67 68 69 70 71 72 73 74 75 76 77 78 79 80 81 82 83 84 85 86 87 88 89 90 91 92 93 94 95 96 97 98 99 100 
active=96: 1 2 3 4 5 6 7 8 9 10 11 12 13 14 15 16 17 18 19 20 21 22 23 25 26 27 28 29 30 31 32 33 34 36 37 38 39 40 41 42 43 44 45 46 47 48 49 50 51 52 53 54 56 57 58 59 60 61 62 63 64 65 66 67 68 69 70 71 72 73 74 75 76 77 78 79 80 81 82 83 84 85 86 87 88 89 90 91 93 94 95 96 97 98 99 100 
active=95: 1 2 3 4 5 6 7 8 9 10 11 12 13 14 15 16 17 18 19 20 21 22 23 25 26 27 28 29 30 31 32 33 34 36 37 38 39 40 41 42 43 44 45 46 47 48 49 50 51 52 53 54 56 57 58 59 60 61 62 63 64 65 66 67 68 69 70 71 72 73 74 75 77 78 79 80 81 82 83 84 85 86 87 88 89 90 91 93 94 95 96 97 98 99 100 
active=94: 1 2 3 4 5 6 7 8 9 10 11 12 13 14 15 16 17 18 19 20 21 22 23 25 26 27 28 29 30 31 32 33 34 36 37 38 39 40 41 42 43 44 46 47 48 49 50 51 52 53 54 56 57 58 59 60 61 62 63 64 65 66 67 68 69 70 71 72 73 74 75 77 78 79 80 81 82 83 84 85 86 87 88 89 90 91 93 94 95 96 97 98 99 100 
active=93: 1 2 3 4 5 6 7 8 9 10 11 12 13 14 15 16 17 18 19 20 21 22 23 25 26 28 29 30 31 32 33 34 36 37 38 39 40 41 42 43 44 46 47 48 49 50 51 52 53 54 56 57 58 59 60 61 62 63 64 65 66 67 68 69 70 71 72 73 74 75 77 78 79 80 81 82 83 84 85 86 87 88 89 90 91 93 94 95 96 97 98 99 100 
active=92: 1 2 3 4 5 6 7 8 9 10 11 12 13 14 15 16 17 18 19 20 21 22 23 25 26 28 29 30 31 32 33 34 36 37 38 39 40 41 42 43 44 46 47 48 49 50 51 52 53 54 56 57 58 60 61 62 63 64 65 66 67 68 69 70 71 72 73 74 75 77 78 79 80 81 82 83 84 85 86 87 88 89 90 91 93 94 95 96 97 98 99 100 
active=91: 1 2 3 4 5 6 7 8 9 10 11 12 13 14 15 16 17 18 19 20 21 22 23 26 28 29 30 31 32 33 34 36 37 38 39 40 41 42 43 44 46 47 48 49 50 51 52 53 54 56 57 58 60 61 62 63 64 65 66 67 68 69 70 71 72 73 74 75 77 78 79 80 81 82 83 84 85 86 87 88 89 90 91 93 94 95 96 97 98 99 100 
active=90: 1 2 3 4 5 6 7 8 9 10 11 12 13 14 15 16 17 18 19 20 21 22 23 26 28 30 31 32 33 34 36 37 38 39 40 41 42 43 44 46 47 48 49 50 51 52 53 54 56 57 58 60 61 62 63 64 65 66 67 68 69 70 71 72 73 74 75 77 78 79 80 81 82 83 84 85 86 87 88 89 90 91 93 94 95 96 97 98 99 100 
active=89: 1 2 3 4 5 6 7 8 9 10 11 12 13 14 15 16 17 18 19 20 21 22 23 26 28 30 31 33 34 36 37 38 39 40 41 42 43 44 46 47 48 49 50 51 52 53 54 56 57 58 60 61 62 63 64 65 66 67 68 69 70 71 72 73 74 75 77 78 79 80 81 82 83 84 85 86 87 88 89 90 91 93 94 95 96 97 98 99 100 
active=88: 1 2 3 4 5 6 7 8 9 10 11 12 13 14 15 16 17 18 19 20 21 22 23 26 28 30 31 33 34 36 37 38 39 40 41 42 43 44 46 47 48 49 50 51 52 53 54 56 57 58 60 61 62 63 64 65 66 67 68 69 70 72 73 74 75 77 78 79 80 81 82 83 84 85 86 87 88 89 90 91 93 94 95 96 97 98 99 100 
active=87: 1 2 3 4 5 6 7 8 9 10 11 12 13 14 15 16 17 18 19 20 21 22 23 26 28 30 31 33 34 36 37 38 39 40 41 42 43 44 46 47 48 49 50 51 52 53 54 56 57 58 60 61 62 63 64 65 66 67 68 69 70 72 73 74 75 77 79 80 81 82 83 84 85 86 87 88 89 90 91 93 94 95 96 97 98 99 100 
active=86: 1 2 3 4 5 6 7 8 9 10 11 12 13 14 15 16 17 18 19 20 21 22 23 26 28 30 31 33 34 36 37 38 39 40 41 42 43 44 46 47 48 49 50 51 52 53 54 56 57 58 60 61 62 63 64 65 66 67 68 69 70 72 73 74 75 77 79 80 81 82 83 84 85 86 87 88 89 90 91 93 94 95 97 98 99 100 
active=85: 1 2 3 4 5 6 7 8 9 10 11 12 13 14 15 16 17 18 19 20 21 22 23 26 28 30 31 33 34 36 37 38 39 40 41 42 43 44 46 47 48 49 50 51 52 53 54 56 57 58 61 62 63 64 65 66 67 68 69 70 72 73 74 75 77 79 80 81 82 83 84 85 86 87 88 89 90 91 93 94 95 97 98 99 100 
active=84: 1 2 3 4 5 6 7 8 9 10 11 12 13 14 15 16 17 18 19 20 21 22 23 26 28 30 31 33 34 36 37 38 39 40 41 42 43 44 46 47 48 49 50 51 52 53 54 56 57 58 61 62 63 64 65 66 67 68 69 70 72 73 74 77 79 80 81 82 83 84 85 86 87 88 89 90 91 93 94 95 97 98 99 100 
active=83: 1 2 3 4 5 6 7 8 9 10 11 12 13 14 15 16 17 18 19 20 21 22 23 26 28 30 31 33 34 36 37 38 39 40 42 43 44 46 47 48 49 50 51 52 53 54 56 57 58 61 62 63 64 65 66 67 68 69 70 72 73 74 77 79 80 81 82 83 84 85 86 87 88 89 90 91 93 94 95 97 98 99 100 
active=82: 1 2 3 4 5 6 7 8 9 10 11 12 13 14 15 16 17 18 19 20 21 22 23 26 28 30 31 33 34 36 37 38 39 40 42 43 44 46 47 48 49 50 51 52 53 56 57 58 61 62 63 64 65 66 67 68 69 70 72 73 74 77 79 80 81 82 83 84 85 86 87 88 89 90 91 93 94 95 97 98 99 100 
active=81: 1 2 3 4 5 6 7 8 9 10 11 12 13 14 15 16 17 18 19 20 21 22 23 26 28 30 31 33 34 36 37 38 39 40 42 43 44 46 47 48 49 50 51 52 53 56 57 58 61 62 63 64 65 66 67 68 69 70 72 73 74 77 79 80 81 82 83 84 85 86 87 88 89 90 91 94 95 97 98 99 100 
active=80: 1 2 3 4 5 6 7 8 9 10 11 12 13 14 15 16 17 18 19 20 21 22 23 26 28 30 31 33 34 36 37 38 39 40 42 43 44 46 47 49 50 51 52 53 56 57 58 61 62 63 64 65 66 67 68 69 70 72 73 74 77 79 80 81 82 83 84 85 86 87 88 89 90 91 94 95 97 98 99 100 
active=79: 1 2 3 4 5 6 7 8 9 10 11 12 13 14 15 16 17 18 19 20 21 22 23 26 28 30 31 33 34 36 37 38 39 40 42 43 44 46 47 49 50 51 52 53 56 57 58 61 62 63 64 65 66 67 68 69 70 72 73 74 77 79 80 81 82 83 84 86 87 88 89 90 91 94 95 97 98 99 100 
active=78: 1 2 3 4 5 6 7 8 9 10 11 12 13 14 15 16 17 18 19 20 21 22 23 28 30 31 33 34 36 37 38 39 40 42 43 44 46 47 49 50 51 52 53 56 57 58 61 62 63 64 65 66 67 68 69 70 72 73 74 77 79 80 81 82 83 84 86 87 88 89 90 91 94 95 97 98 99 100 
active=77: 1 2 3 4 5 6 7 8 9 10 11 12 13 14 15 16 17 18 19 20 21 22 23 28 30 31 33 34 36 37 38 39 40 42 43 44 46 47 49 50 51 52 53 56 57 58 61 62 63 64 65 66 67 68 69 70 72 73 74 77 79 80 82 83 84 86 87 88 89 90 91 94 95 97 98 99 100 
active=76: 1 2 3 4 5 6 7 8 9 10 11 12 13 14 15 16 17 18 19 20 21 22 23 28 30 31 33 34 36 37 39 40 42 43 44 46 47 49 50 51 52 53 56 57 58 61 62 63 64 65 66 67 68 69 70 72 73 74 77 79 80 82 83 84 86 87 88 89 90 91 94 95 97 98 99 100 
active=75: 1 2 3 4 5 6 7 8 9 10 11 12 13 14 15 16 17 18 19 20 21 22 23 28 30 31 33 34 36 37 39 40 42 43 44 46 47 49 50 51 52 53 56 57 58 61 62 63 64 65 66 67 68 69 70 72 73 74 77 79 82 83 84 86 87 88 89 90 91 94 95 97 98 99 100 
active=74: 1 2 3 4 5 6 7 8 9 10 11 12 13 14 15 16 17 19 20 21 22 23 28 30 31 33 34 36 37 39 40 42 43 44 46 47 49 50 51 52 53 56 57 58 61 62 63 64 65 66 67 68 69 70 72 73 74 77 79 82 83 84 86 87 88 89 90 91 94 95 97 98 99 100 
active=73: 1 2 3 4 5 6 7 8 9 10 11 12 13 14 15 16 17 19 20 21 22 23 28 30 31 33 34 36 37 39 40 42 43 44 46 47 49 50 51 52 53 56 57 58 61 63 64 65 66 67 68 69 70 72 73 74 77 79 82 83 84 86 87 88 89 90 91 94 95 97 98 99 100 
active=72: 1 2 3 4 5 6 7 8 9 10 11 12 13 14 15 16 17 19 20 21 22 23 28 30 31 33 34 36 37 39 40 42 43 46 47 49 50 51 52 53 56 57 58 61 63 64 65 66 67 68 69 70 72 73 74 77 79 82 83 84 86 87 88 89 90 91 94 95 97 98 99 100 
active=71: 1 2 3 4 5 6 7 8 9 10 11 12 13 14 15 16 17 19 20 21 22 23 28 30 31 33 34 36 37 39 40 42 43 46 47 49 50 51 52 53 56 57 58 61 63 64 65 66 67 69 70 72 73 74 77 79 82 83 84 86 87 88 89 90 91 94 95 97 98 99 100 
active=70: 1 2 3 4 5 6 7 8 9 10 11 12 13 14 15 16 17 19 20 21 22 23 28 30 33 34 36 37 39 40 42 43 46 47 49 50 51 52 53 56 57 58 61 63 64 65 66 67 69 70 72 73 74 77 79 82 83 84 86 87 88 89 90 91 94 95 97 98 99 100 
active=69: 1 2 3 4 5 6 7 8 9 10 11 12 13 14 15 16 17 19 20 21 22 23 28 30 33 34 36 37 39 40 43 46 47 49 50 51 52 53 56 57 58 61 63 64 65 66 67 69 70 72 73 74 77 79 82 83 84 86 87 88 89 90 91 94 95 97 98 99 100 
active=68: 1 2 3 4 5 6 7 8 9 10 11 12 13 14 15 16 17 19 20 21 22 23 28 30 33 34 36 37 39 40 43 46 47 49 50 51 52 53 56 57 58 61 64 65 66 67 69 70 72 73 74 77 79 82 83 84 86 87 88 89 90 91 94 95 97 98 99 100 
active=67: 1 2 3 4 5 6 7 8 9 10 11 12 13 14 15 16 17 19 20 21 22 23 30 33 34 36 37 39 40 43 46 47 49 50 51 52 53 56 57 58 61 64 65 66 67 69 70 72 73 74 77 79 82 83 84 86 87 88 89 90 91 94 95 97 98 99 100 
active=66: 1 2 3 4 5 6 7 8 9 10 11 12 13 14 15 16 17 19 20 21 22 23 30 33 34 36 37 39 40 43 46 47 49 50 51 52 53 56 57 58 61 64 65 66 67 69 70 72 73 74 77 79 82 83 84 86 87 88 89 90 91 94 95 97 98 100 
active=65: 1 2 3 4 5 6 7 8 9 10 11 12 14 15 16 17 19 20 21 22 23 30 33 34 36 37 39 40 43 46 47 49 50 51 52 53 56 57 58 61 64 65 66 67 69 70 72 73 74 77 79 82 83 84 86 87 88 89 90 91 94 95 97 98 100 
active=64: 1 2 3 4 5 6 7 8 9 10 11 12 14 15 16 17 19 20 21 22 23 30 33 34 36 37 39 40 43 46 47 50 51 52 53 56 57 58 61 64 65 66 67 69 70 72 73 74 77 79 82 83 84 86 87 88 89 90 91 94 95 97 98 100 
active=63: 1 2 3 4 5 6 7 8 9 10 11 12 14 15 17 19 20 21 22 23 30 33 34 36 37 39 40 43 46 47 50 51 52 53 56 57 58 61 64 65 66 67 69 70 72 73 74 77 79 82 83 84 86 87 88 89 90 91 94 95 97 98 100 
active=62: 1 2 3 4 5 6 7 8 9 10 11 12 14 15 17 19 20 21 22 23 30 33 34 36 37 39 40 43 46 47 50 51 52 53 56 57 58 61 64 65 66 67 69 70 72 73 74 77 79 82 83 84 86 87 88 89 90 91 94 95 98 100 
active=61: 1 2 3 4 5 6 7 8 9 10 11 12 14 15 17 19 20 21 22 23 30 33 34 36 37 39 40 43 46 47 50 51 52 53 56 57 58 61 64 65 66 67 69 70 72 73 74 77 79 82 83 86 87 88 89 90 91 94 95 98 100 
active=60: 1 2 3 4 5 6 7 8 9 10 11 12 14 15 17 19 20 21 22 23 30 33 34 36 37 39 40 43 46 47 50 51 52 53 56 57 58 61 64 65 66 67 69 70 72 73 74 77 79 82 83 86 87 88 89 90 94 95 98 100 
active=59: 1 2 3 4 5 6 7 8 9 10 11 12 14 15 17 19 20 21 22 23 30 33 36 37 39 40 43 46 47 50 51 52 53 56 57 58 61 64 65 66 67 69 70 72 73 74 77 79 82 83 86 87 88 89 90 94 95 98 100 
active=58: 1 2 3 4 5 6 7 8 9 10 11 12 14 15 17 19 20 21 22 23 30 33 36 37 39 40 43 46 47 50 51 52 53 56 57 58 61 64 65 66 67 70 72 73 74 77 79 82 83 86 87 88 89 90 94 95 98 100 
active=57: 1 2 3 4 5 6 7 8 9 10 11 12 14 15 17 20 21 22 23 30 33 36 37 39 40 43 46 47 50 51 52 53 56 57 58 61 64 65 66 67 70 72 73 74 77 79 82 83 86 87 88 89 90 94 95 98 100 
active=56: 1 2 3 4 5 6 7 8 9 10 11 12 14 15 17 20 22 23 30 33 36 37 39 40 43 46 47 50 51 52 53 56 57 58 61 64 65 66 67 70 72 73 74 77 79 82 83 86 87 88 89 90 94 95 98 100 
active=55: 1 2 3 4 5 7 8 9 10 11 12 14 15 17 20 22 23 30 33 36 37 39 40 43 46 47 50 51 52 53 56 57 58 61 64 65 66 67 70 72 73 74 77 79 82 83 86 87 88 89 90 94 95 98 100 
active=54: 1 2 3 4 5 7 8 9 10 11 12 14 15 17 20 22 23 30 33 36 37 39 40 43 47 50 51 52 53 56 57 58 61 64 65 66 67 70 72 73 74 77 79 82 83 86 87 88 89 90 94 95 98 100 
active=53: 1 2 3 4 5 7 8 9 10 11 12 14 15 17 20 22 23 30 33 36 37 39 40 43 47 50 51 52 53 56 57 58 61 64 65 66 67 70 72 73 74 77 79 82 83 86 87 88 89 90 94 98 100 
active=52: 1 2 3 4 5 7 8 9 10 11 12 14 15 17 20 22 23 30 33 36 37 39 40 43 47 50 51 52 53 56 57 58 61 64 65 66 67 72 73 74 77 79 82 83 86 87 88 89 90 94 98 100 
active=51: 1 2 3 4 5 7 8 9 10 11 12 14 15 17 20 22 23 30 33 36 37 39 40 43 47 50 51 52 56 57 58 61 64 65 66 67 72 73 74 77 79 82 83 86 87 88 89 90 94 98 100 
active=50: 1 2 3 4 5 7 8 9 10 11 12 14 15 17 20 22 23 30 33 36 37 39 40 43 47 50 51 52 57 58 61 64 65 66 67 72 73 74 77 79 82 83 86 87 88 89 90 94 98 100 
active=49: 1 2 3 4 5 7 8 9 10 11 12 14 15 17 20 22 23 33 36 37 39 40 43 47 50 51 52 57 58 61 64 65 66 67 72 73 74 77 79 82 83 86 87 88 89 90 94 98 100 
active=48: 1 2 3 4 5 7 8 9 10 11 12 14 15 17 20 22 33 36 37 39 40 43 47 50 51 52 57 58 61 64 65 66 67 72 73 74 77 79 82 83 86 87 88 89 90 94 98 100 
active=47: 1 2 3 4 5 7 8 9 10 11 12 14 15 17 20 22 33 36 37 39 40 43 47 50 51 52 57 58 61 64 65 66 72 73 74 77 79 82 83 86 87 88 89 90 94 98 100 
active=46: 1 2 3 4 5 7 8 9 10 11 12 15 17 20 22 33 36 37 39 40 43 47 50 51 52 57 58 61 64 65 66 72 73 74 77 79 82 83 86 87 88 89 90 94 98 100 
active=45: 1 2 3 4 5 7 8 9 11 12 15 17 20 22 33 36 37 39 40 43 47 50 51 52 57 58 61 64 65 66 72 73 74 77 79 82 83 86 87 88 89 90 94 98 100 
active=44: 1 2 3 4 5 7 8 9 11 12 15 17 20 22 33 36 37 39 40 43 47 50 51 52 57 58 61 64 65 72 73 74 77 79 82 83 86 87 88 89 90 94 98 100 
active=43: 1 2 3 4 5 7 8 9 11 12 15 17 20 22 33 36 37 39 40 43 47 50 51 52 58 61 64 65 72 73 74 77 79 82 83 86 87 88 89 90 94 98 100 
active=42: 1 2 3 4 5 7 8 9 11 12 15 17 20 22 33 36 37 39 40 43 47 50 51 52 58 61 64 65 72 73 74 77 79 82 83 86 87 89 90 94 98 100 
active=41: 1 2 3 4 5 7 8 9 11 12 15 17 20 22 33 36 37 39 40 43 47 50 51 52 58 61 64 65 72 73 77 79 82 83 86 87 89 90 94 98 100 
active=40: 1 2 3 4 5 7 8 9 11 12 15 17 20 22 36 37 39 40 43 47 50 51 52 58 61 64 65 72 73 77 79 82 83 86 87 89 90 94 98 100 
active=39: 1 2 3 5 7 8 9 11 12 15 17 20 22 36 37 39 40 43 47 50 51 52 58 61 64 65 72 73 77 79 82 83 86 87 89 90 94 98 100 
active=38: 1 2 3 5 7 8 9 11 12 15 17 20 22 36 37 39 40 43 47 50 51 52 58 61 65 72 73 77 79 82 83 86 87 89 90 94 98 100 
active=37: 1 2 3 5 7 8 9 11 12 15 17 20 22 36 37 39 40 43 47 50 51 52 58 61 65 72 73 77 79 82 83 86 87 89 90 94 100 
active=36: 1 2 3 5 7 8 9 11 12 15 17 20 22 36 37 39 40 43 47 50 51 58 61 65 72 73 77 79 82 83 86 87 89 90 94 100 
active=35: 1 2 3 5 7 8 9 11 12 15 17 20 22 36 37 39 40 43 47 50 51 58 61 65 72 77 79 82 83 86 87 89 90 94 100 
active=34: 1 2 3 5 7 8 9 11 12 15 17 20 22 36 37 39 40 47 50 51 58 61 65 72 77 79 82 83 86 87 89 90 94 100 
active=33: 1 2 3 5 7 8 9 11 12 15 17 20 22 36 37 39 40 47 50 51 58 61 65 72 77 79 82 83 86 87 89 90 100 
active=32: 1 2 3 5 7 8 9 11 12 15 17 20 22 36 37 39 40 47 50 51 58 61 65 72 79 82 83 86 87 89 90 100 
active=31: 1 2 3 5 7 8 9 11 12 15 17 20 22 36 37 39 40 47 50 51 58 61 65 72 82 83 86 87 89 90 100 
active=30: 1 2 3 5 7 8 9 11 12 15 17 20 22 36 37 39 40 47 50 51 58 61 65 72 82 83 86 87 89 90 
active=29: 1 2 3 5 7 8 9 11 12 17 20 22 36 37 39 40 47 50 51 58 61 65 72 82 83 86 87 89 90 
active=28: 1 2 3 5 7 8 9 11 12 17 20 22 36 37 39 40 47 50 51 58 61 65 72 82 83 86 89 90 
active=27: 1 2 3 5 7 8 9 11 12 17 20 22 36 37 39 40 50 51 58 61 65 72 82 83 86 89 90 
active=26: 1 2 3 5 7 8 9 11 12 17 20 22 36 37 39 40 50 51 58 65 72 82 83 86 89 90 
active=25: 1 2 3 5 7 8 9 11 12 17 20 36 37 39 40 50 51 58 65 72 82 83 86 89 90 
active=24: 1 2 3 5 7 8 9 11 17 20 36 37 39 40 50 51 58 65 72 82 83 86 89 90 
active=23: 1 2 3 5 7 8 9 11 17 20 36 37 39 40 50 51 58 65 72 83 86 89 90 
active=22: 1 2 3 5 7 8 9 11 17 36 37 39 40 50 51 58 65 72 83 86 89 90 
active=21: 1 2 3 5 7 8 9 17 36 37 39 40 50 51 58 65 72 83 86 89 90 
active=20: 1 2 3 5 7 8 9 17 36 37 39 50 51 58 65 72 83 86 89 90 
active=19: 1 2 3 5 7 8 9 17 36 37 39 50 51 58 65 83 86 89 90 
active=18: 1 2 3 5 7 8 9 17 36 37 39 50 51 58 83 86 89 90 
active=17: 1 2 3 5 7 8 9 17 36 37 39 50 51 58 83 89 90 
active=16: 1 2 3 5 7 8 9 17 36 37 39 50 51 83 89 90 
active=15: 1 2 3 5 7 8 9 17 36 37 39 50 83 89 90 
active=14: 1 2 3 5 7 8 9 17 36 37 50 83 89 90 
active=13: 1 2 3 5 7 8 9 17 36 37 50 83 89 
active=12: 1 2 3 5 7 8 9 17 36 37 83 89 
active=11: 1 2 3 5 7 8 9 36 37 83 89 
active=10: 1 2 3 5 7 8 9 36 83 89 
active=9: 1 2 3 5 7 8 9 36 83 
active=8: 1 2 3 5 7 8 9 83 
active=7: 1 2 3 5 7 8 83 
active=6: 1 2 3 5 8 83 
active=5: 1 2 3 5 83 
active=4: 1 2 3 5 
active=3: 1 2 5 
active=2: 1 2 
active=1: 1 
