0.000000 0.500000
1.000000 0.627300
2.000000 0.699300
3.000000 0.716100
4.000000 0.732000
5.000000 0.771700
6.000000 0.775700
7.000000 0.775100
8.000000 0.803600
9.000000 0.818300
10.000000 0.822200
11.000000 0.843800
12.000000 0.853300
13.000000 0.875000
14.000000 0.877000
15.000000 0.892300
16.000000 0.898100
17.000000 0.893200
18.000000 0.886400
19.000000 0.888800
20.000000 0.889200
21.000000 0.896000
22.000000 0.897900
23.000000 0.908500
24.000000 0.912000
25.000000 0.914900
26.000000 0.910800
27.000000 0.913400
28.000000 0.902900
29.000000 0.908300
30.000000 0.904900
31.000000 0.917000
32.000000 0.924800
33.000000 0.921600
34.000000 0.922200
35.000000 0.929500
36.000000 0.933800
37.000000 0.938100
38.000000 0.942100
39.000000 0.940400
40.000000 0.942300
41.000000 0.943700
42.000000 0.942600
43.000000 0.945700
44.000000 0.948900
45.000000 0.945700
46.000000 0.948600
47.000000 0.952900
48.000000 0.948300
49.000000 0.951500
50.000000 0.957300
51.000000 0.957600
52.000000 0.954400
53.000000 0.955400
54.000000 0.955300
55.000000 0.955800
56.000000 0.960800
57.000000 0.962000
58.000000 0.963000
59.000000 0.964700
60.000000 0.963200
61.000000 0.961900
62.000000 0.964200
63.000000 0.967500
64.000000 0.966200
65.000000 0.964400
66.000000 0.966700
67.000000 0.967800
68.000000 0.966800
69.000000 0.969300
70.000000 0.966700
71.000000 0.970200
72.000000 0.969300
73.000000 0.973500
74.000000 0.974800
75.000000 0.974100
76.000000 0.973800
77.000000 0.975200
78.000000 0.975400
79.000000 0.975800
80.000000 0.974600
81.000000 0.975800
82.000000 0.977900
83.000000 0.977400
84.000000 0.976000
85.000000 0.976100
86.000000 0.977900
87.000000 0.978100
88.000000 0.976500
89.000000 0.978600
90.000000 0.977800
91.000000 0.978600
92.000000 0.980300
93.000000 0.978100
94.000000 0.980700
95.000000 0.978900
96.000000 0.980600
97.000000 0.979000
98.000000 0.981200
99.000000 0.981700
100.000000 0.981500
