0.000000 0.500000
1.000000 0.632000
2.000000 0.691100
3.000000 0.692300
4.000000 0.715100
5.000000 0.740900
6.000000 0.750500
7.000000 0.748500
8.000000 0.760600
9.000000 0.766800
10.000000 0.770400
11.000000 0.787400
12.000000 0.799700
13.000000 0.822700
14.000000 0.827700
15.000000 0.836400
16.000000 0.831700
17.000000 0.834600
18.000000 0.826000
19.000000 0.821800
20.000000 0.824400
21.000000 0.821900
22.000000 0.815300
23.000000 0.816000
24.000000 0.810300
25.000000 0.812500
26.000000 0.799800
27.000000 0.817600
28.000000 0.799900
29.000000 0.789100
30.000000 0.789100
31.000000 0.799100
32.000000 0.792500
33.000000 0.792900
34.000000 0.795300
35.000000 0.794100
36.000000 0.787100
37.000000 0.787100
38.000000 0.806600
39.000000 0.797600
40.000000 0.797700
41.000000 0.798400
42.000000 0.796800
43.000000 0.788800
44.000000 0.790300
45.000000 0.785600
46.000000 0.779600
47.000000 0.770600
48.000000 0.768300
49.000000 0.767600
50.000000 0.768100
51.000000 0.763200
52.000000 0.751600
53.000000 0.751500
54.000000 0.752600
55.000000 0.752700
56.000000 0.747100
57.000000 0.749900
58.000000 0.743700
59.000000 0.738400
60.000000 0.736600
61.000000 0.739800
62.000000 0.732700
63.000000 0.723900
64.000000 0.724200
65.000000 0.721500
66.000000 0.713700
67.000000 0.713500
68.000000 0.714500
69.000000 0.708700
70.000000 0.705500
71.000000 0.704400
72.000000 0.702800
73.000000 0.706100
74.000000 0.693200
75.000000 0.688800
76.000000 0.683500
77.000000 0.687700
78.000000 0.681400
79.000000 0.671100
80.000000 0.672400
81.000000 0.677600
82.000000 0.673300
83.000000 0.664200
84.000000 0.663700
85.000000 0.655700
86.000000 0.663700
87.000000 0.656700
88.000000 0.656300
89.000000 0.648100
90.000000 0.648800
91.000000 0.651300
92.000000 0.641400
93.000000 0.647500
94.000000 0.637400
95.000000 0.631000
96.000000 0.636800
97.000000 0.632100
98.000000 0.626300
99.000000 0.626400
100.000000 0.633000
