1 -0.082143336957 0.969182816107
2 0.102457082474 0.916776752534
3 -0.060399845361 1.058484883338
4 0.152145580645 0.902116280931
5 -0.000131857143 1.074203832374
6 -0.013502030928 0.936890932909
7 -0.045236684211 0.910773990721
8 -0.085423104167 0.887004386780
9 -0.043369536842 0.996759496430
10 0.081669474747 0.970649110746
11 -0.001227333333 0.945833017832
12 -0.058615489583 0.978369996307
13 -0.056602010417 0.930706433605
14 -0.074052431579 1.032079042713
15 -0.054209656250 0.969900313621
16 -0.052764395833 0.965314603032
17 -0.252000666667 0.980767206062
18 -0.048225410526 1.027148283117
19 0.091728868687 1.008720596466
20 -0.049589520833 0.964408738306
21 0.081610291667 0.967334478988
22 0.018374548387 0.893090936746
23 -0.151833322917 1.052722811849
24 0.227031500000 0.999886451720
25 0.112878587629 1.041105286262
26 0.132587061856 1.058934503901
27 0.007629010870 1.003687186130
28 -0.052437371134 1.021099853059
29 -0.027584178947 0.870866849644
30 -0.052789446809 1.009676007866
31 0.140355085106 0.998512152050
32 -0.085701831579 0.996335683177
33 0.134460935484 1.038340457953
34 -0.093083402062 0.941622942884
35 -0.231730063158 1.054335829647
36 0.130580831579 1.045207839533
37 -0.051935860215 0.937113347868
38 0.085055804348 0.904090059156
39 0.037928236559 0.998003733791
40 0.113375138298 1.085249316182
41 0.109447989796 0.912471393111
42 0.048335737374 1.051688581532
43 0.043005829787 0.924661461713
44 0.153452852632 1.198740123681
45 0.090794817204 0.903578338434
46 0.070531625000 1.027409439858
47 0.007233072165 1.061948166430
48 0.133385578947 1.058257039039
49 -0.014288567010 1.006621197172
50 -0.017269257732 1.147487700103
51 0.117770887755 0.940145612625
52 -0.111732510638 0.945065105545
53 -0.143310845361 0.852214920423
54 -0.062489258065 0.995290182528
55 0.071126547368 1.009827999248
56 -0.177758967391 1.040546754572
57 0.049424857143 1.232146152270
58 0.040726758242 1.133617835486
59 0.058338645833 0.945665368665
60 -0.018210085106 1.022723931947
61 -0.075830691489 0.963011605832
62 -0.252731978495 1.048299954506
63 0.061359857143 0.913009585385
64 0.048893479167 0.983171508374
65 0.014381255319 0.949743985245
66 0.083526290323 1.073732238909
67 0.155959033333 0.947167637842
68 -0.011824956989 1.057037739224
69 0.093034193548 0.861734084681
70 0.128146410526 1.072533714282
71 -0.061903957447 0.848202011811
72 0.182142702128 0.882291391923
73 0.039934459184 1.070901891306
74 -0.106317244681 0.956553536355
75 0.143573151515 0.980420659767
76 0.027476279570 1.087228600348
77 -0.022906840426 0.901829921002
78 0.057837857143 0.961064367521
79 -0.007593694737 1.017526079673
80 -0.115018063158 1.020213243798
