1 -0.030498620000 0.860476532966
2 -0.005136380000 0.791228760364
3 0.069928460000 0.936953115739
4 -0.003503450000 1.112254404937
5 -0.113914650000 1.091727399684
6 0.047378020000 0.972408577159
7 0.012856310000 1.061936948451
8 -0.121144890000 0.877478189070
9 0.025390210000 0.991788904084
10 0.108700460000 0.992609109015
11 -0.004514630000 0.985079786660
12 0.000719430000 0.955500568584
13 0.106784780000 0.968113738590
14 0.134856290000 0.927460425248
15 -0.178705760000 0.992745282461
16 0.203094950000 1.006487569477
17 -0.105001320000 1.031894436751
18 0.103492950000 0.936070309895
19 0.139708170000 1.080205856687
20 0.016673520000 0.978949747809
21 -0.120169520000 0.978345794534
22 0.003325410000 1.028345604110
23 -0.116044740000 1.030197799890
24 -0.013313010000 1.122689637126
25 0.106412960000 0.954328626039
26 0.000551530000 0.988969555018
27 0.169592110000 0.958355761217
28 0.049855420000 0.951900515646
29 -0.042927210000 1.013121148821
30 -0.017163600000 0.904127479340
31 -0.049377450000 0.964390071225
32 -0.042228520000 1.077224727566
33 0.073944600000 0.988880488500
34 0.032856230000 0.983215686350
35 0.045494680000 0.911088199577
36 0.021094920000 1.009964826119
37 -0.056945570000 0.962548487842
38 0.027837620000 0.904813074182
39 0.088869410000 0.911355430838
40 0.087158400000 1.074947837667
