0.000000 0.400000
1.000000 0.715000
2.000000 0.949000
3.000000 0.932000
4.000000 0.869000
5.000000 0.889000
6.000000 0.890000
7.000000 0.868000
8.000000 0.890000
9.000000 0.905000
10.000000 0.906000
11.000000 0.875000
12.000000 0.860000
13.000000 0.872000
14.000000 0.845000
15.000000 0.866000
16.000000 0.867000
17.000000 0.855000
18.000000 0.835000
19.000000 0.863000
20.000000 0.796000
21.000000 0.811000
22.000000 0.766000
23.000000 0.779000
24.000000 0.761000
25.000000 0.727000
26.000000 0.744000
27.000000 0.729000
28.000000 0.728000
29.000000 0.718000
30.000000 0.719000
31.000000 0.707000
32.000000 0.684000
33.000000 0.695000
34.000000 0.682000
35.000000 0.713000
36.000000 0.670000
37.000000 0.685000
38.000000 0.665000
39.000000 0.640000
40.000000 0.632000
41.000000 0.624000
42.000000 0.631000
43.000000 0.603000
44.000000 0.594000
45.000000 0.600000
46.000000 0.596000
47.000000 0.610000
48.000000 0.575000
49.000000 0.566000
50.000000 0.550000
51.000000 0.571000
52.000000 0.536000
53.000000 0.545000
54.000000 0.528000
55.000000 0.543000
56.000000 0.527000
57.000000 0.522000
58.000000 0.501000
59.000000 0.490000
60.000000 0.481000
