1 -0.063569964324 0.968844771870
2 0.020510015589 0.988318894232
3 -0.035923636748 0.960811821586
4 -0.159656392970 1.145560553548
5 0.189451671012 1.089129057839
6 0.042499908552 1.045632596838
7 0.016311510479 1.049783748535
8 0.029540698433 0.875791859181
9 -0.016126446608 0.965097332380
10 -0.048777539964 0.986197433055
11 -0.138912453181 0.951202122327
12 0.118556105244 0.928188253108
13 -0.083787670136 0.960299721793
14 -0.030599252976 0.954461015296
15 0.120681964675 0.998327802816
16 -0.132853137275 1.008062896950
17 0.125001988690 0.963347155187
18 -0.105195429684 1.003723813543
19 0.119540545951 1.089615361070
20 -0.151591261001 0.977071899799
21 -0.077610409287 0.889118333746
22 -0.006365001024 0.973006152517
23 0.130059958089 0.941001736902
24 -0.019951765761 0.907662506079
25 0.013799189450 1.000763847278
26 0.164934399808 1.025420506293
27 -0.036316808968 0.878849355169
28 0.122260639996 0.881420103035
29 -0.160207487128 1.117588752406
30 -0.019385423166 0.982014355061
31 -0.040252458187 0.999757373804
32 -0.109812710586 1.094565709781
33 -0.005042086267 0.960917269642
34 -0.050176590773 1.058973802675
35 0.149645504964 1.108858828336
36 -0.026346886889 0.892305736162
37 -0.005246346749 0.943993886159
38 -0.075439037750 0.872799408008
39 -0.000571524300 0.932324441155
40 -0.035536585800 1.204372364599
41 0.064013919317 1.114837602048
42 -0.017144217943 1.068993921884
43 0.051928273841 1.043768552184
44 -0.091839576644 1.094148663432
45 0.027767873725 1.063571265540
46 -0.345481803765 0.961780996517
47 -0.143954779615 1.006793241729
48 -0.128262632863 0.868430462855
49 0.051241913149 0.915595535672
50 -0.116525164827 0.986424149206
51 -0.058387639137 0.991884059706
52 0.019345463748 1.006778085636
53 -0.020241882728 0.978804741702
54 0.087783093453 0.959467327394
55 -0.064440838904 1.011100495366
56 -0.153982312913 1.063682366353
57 -0.069773856009 0.841637150551
58 -0.192040257423 0.989231109374
59 -0.112102359974 1.008362747490
60 -0.133074631779 0.873380560113
61 0.035792128644 0.972687822048
62 0.005892861138 0.911398092612
63 0.160624872916 0.944188798655
64 0.190175122038 0.982341811248
65 0.077441445742 0.968060484596
66 -0.142736032483 1.016128761426
67 0.166783018824 1.018499716899
68 0.069927779393 1.112575428842
69 0.147464887288 0.942348157293
70 -0.191638703701 0.959938553753
71 0.054720404594 0.900011550695
72 0.181064019529 0.923997777785
73 -0.120119948925 0.967306166699
74 -0.114463609300 1.029726813792
75 -0.070629790720 0.932042311342
76 0.097258971253 0.905661153707
77 0.105643276771 1.025260239765
78 0.012234534783 1.069183450863
79 0.183335890629 0.914407664862
80 -0.032365255852 0.952856511281
81 -0.139240737572 0.841679334312
82 -0.206078871071 0.876208281096
83 0.026402567704 0.882693535111
84 0.184624951274 1.101424608727
85 0.278918039203 0.847648601612
86 -0.058266857032 1.019129094201
87 0.096940637634 1.013038583167
88 -0.022886025122 1.096562345095
89 -0.099023246477 0.961594639584
90 0.076282500770 1.056027108777
91 0.163560377605 1.076171949146
92 0.033875738681 0.843609563856
93 -0.195023348652 0.940764172838
94 0.057174322422 0.912640417537
95 -0.082658171427 0.914727340746
96 -0.177343023697 0.962544674154
97 0.034718776995 0.904869350483
98 -0.047942554093 0.953471406960
99 -0.115615620294 0.916430821881
100 -0.162832867690 0.970029490097
