1 -0.038651510638 1.088907723814
2 -0.035495937500 1.132621303884
3 0.221173469388 0.874099518036
4 -0.303368530612 0.916833320322
5 0.012482918367 0.881153944564
6 0.024037791667 0.902437758366
7 -0.012722795918 1.026497768426
8 -0.111454553191 0.990285177013
9 0.076694255319 0.981033325156
10 -0.283313255319 0.838457587208
11 -0.136425638298 0.840532410540
12 -0.222170586957 1.161570509687
13 0.086514166667 1.074606948448
14 0.230266354167 1.111386594730
15 -0.053343361702 0.984261155322
16 0.315045541667 1.026116457627
17 -0.172261217391 1.192570422807
18 -0.180479200000 0.996329762631
19 0.157194934783 0.901193086568
20 0.103402434783 0.867707116909
21 -0.297252456522 1.070766187335
22 0.342299155556 0.852874294053
23 -0.131937936170 1.123767362307
24 0.182556744681 0.781970147036
25 0.281215142857 1.002253829105
26 0.023027250000 0.937457551227
27 0.004239130435 0.983515853572
28 0.010491755102 0.993936529754
29 -0.022436062500 0.909127033867
30 -0.028155204082 0.954514053346
31 -0.174550914894 0.943126136249
32 0.068025551020 1.130765933233
33 0.195555787234 0.915326426848
34 0.014240142857 0.988173897698
35 -0.049927333333 0.914412729053
36 0.061128043478 0.967293005425
37 0.140379729167 0.939568077681
38 0.194238934783 0.771962230538
39 0.141180395833 1.062886331026
40 -0.115162869565 1.308101999196
