0.000000 0.480000
1.000000 0.557400
2.000000 0.631200
3.000000 0.667000
4.000000 0.715000
5.000000 0.754400
6.000000 0.752000
7.000000 0.759600
8.000000 0.773000
9.000000 0.763200
10.000000 0.775600
11.000000 0.767400
12.000000 0.800200
13.000000 0.794800
14.000000 0.782000
15.000000 0.802400
16.000000 0.805000
17.000000 0.795600
18.000000 0.792600
19.000000 0.797400
20.000000 0.793400
21.000000 0.787400
22.000000 0.790400
23.000000 0.795800
24.000000 0.798800
25.000000 0.801600
26.000000 0.809000
27.000000 0.807800
28.000000 0.804200
29.000000 0.798600
30.000000 0.804800
31.000000 0.814000
32.000000 0.799400
33.000000 0.801000
34.000000 0.819400
35.000000 0.815200
36.000000 0.812400
37.000000 0.793600
38.000000 0.787200
39.000000 0.786400
40.000000 0.782400
41.000000 0.774800
42.000000 0.791800
43.000000 0.795800
44.000000 0.793800
45.000000 0.790600
46.000000 0.797000
47.000000 0.789600
48.000000 0.798200
49.000000 0.784000
50.000000 0.781600
51.000000 0.793400
52.000000 0.783400
53.000000 0.782800
54.000000 0.786400
55.000000 0.784800
56.000000 0.788200
57.000000 0.779400
58.000000 0.791000
59.000000 0.768800
60.000000 0.772000
61.000000 0.779400
62.000000 0.775400
63.000000 0.774600
64.000000 0.767400
65.000000 0.764800
66.000000 0.755600
67.000000 0.759200
68.000000 0.765000
69.000000 0.755600
70.000000 0.745400
71.000000 0.743600
72.000000 0.737400
73.000000 0.738400
74.000000 0.735200
75.000000 0.718200
76.000000 0.739400
77.000000 0.714000
78.000000 0.707000
79.000000 0.721200
80.000000 0.712200
81.000000 0.711200
82.000000 0.707600
83.000000 0.704000
84.000000 0.704800
85.000000 0.708200
86.000000 0.679600
87.000000 0.681600
88.000000 0.692400
89.000000 0.692400
90.000000 0.673600
91.000000 0.671000
92.000000 0.673000
93.000000 0.668200
94.000000 0.675600
95.000000 0.660200
96.000000 0.644600
97.000000 0.637400
98.000000 0.646600
99.000000 0.647000
100.000000 0.643800
