0.000000 0.480000 0.520000
1.000000 0.557400 0.569200
2.000000 0.631200 0.656800
3.000000 0.667000 0.701000
4.000000 0.715000 0.756000
5.000000 0.754400 0.793400
6.000000 0.752000 0.803800
7.000000 0.759600 0.814800
8.000000 0.773000 0.835400
9.000000 0.763200 0.832400
10.000000 0.775600 0.827600
11.000000 0.767400 0.857400
12.000000 0.800200 0.897400
13.000000 0.794800 0.899600
14.000000 0.782000 0.899800
15.000000 0.802400 0.911200
16.000000 0.805000 0.925200
17.000000 0.795600 0.928800
18.000000 0.792600 0.918000
19.000000 0.797400 0.927600
20.000000 0.793400 0.922600
21.000000 0.787400 0.924600
22.000000 0.790400 0.931800
23.000000 0.795800 0.935400
24.000000 0.798800 0.943000
25.000000 0.801600 0.950200
26.000000 0.809000 0.957800
27.000000 0.807800 0.959200
28.000000 0.804200 0.961200
29.000000 0.798600 0.964000
30.000000 0.804800 0.969600
31.000000 0.814000 0.974000
32.000000 0.799400 0.972200
33.000000 0.801000 0.977200
34.000000 0.819400 0.977200
35.000000 0.815200 0.982600
36.000000 0.812400 0.981000
37.000000 0.793600 0.976000
38.000000 0.787200 0.977800
39.000000 0.786400 0.976400
40.000000 0.782400 0.978200
41.000000 0.774800 0.980200
42.000000 0.791800 0.985200
43.000000 0.795800 0.989200
44.000000 0.793800 0.988400
45.000000 0.790600 0.993200
46.000000 0.797000 0.993400
47.000000 0.789600 0.994000
48.000000 0.798200 0.993000
49.000000 0.784000 0.996400
50.000000 0.781600 0.996800
51.000000 0.793400 0.997800
52.000000 0.783400 0.997200
53.000000 0.782800 0.998600
54.000000 0.786400 0.998000
55.000000 0.784800 0.998400
56.000000 0.788200 0.999800
57.000000 0.779400 0.999400
58.000000 0.791000 0.999200
59.000000 0.768800 0.999600
60.000000 0.772000 1.000000
61.000000 0.779400 1.000000
62.000000 0.775400 1.000000
63.000000 0.774600 1.000000
64.000000 0.767400 1.000000
65.000000 0.764800 1.000000
66.000000 0.755600 1.000000
67.000000 0.759200 1.000000
68.000000 0.765000 1.000000
69.000000 0.755600 1.000000
70.000000 0.745400 1.000000
71.000000 0.743600 1.000000
72.000000 0.737400 1.000000
73.000000 0.738400 1.000000
74.000000 0.735200 1.000000
75.000000 0.718200 1.000000
76.000000 0.739400 1.000000
77.000000 0.714000 1.000000
78.000000 0.707000 1.000000
79.000000 0.721200 1.000000
80.000000 0.712200 1.000000
81.000000 0.711200 1.000000
82.000000 0.707600 1.000000
83.000000 0.704000 1.000000
84.000000 0.704800 1.000000
85.000000 0.708200 1.000000
86.000000 0.679600 1.000000
87.000000 0.681600 1.000000
88.000000 0.692400 1.000000
89.000000 0.692400 1.000000
90.000000 0.673600 1.000000
91.000000 0.671000 1.000000
92.000000 0.673000 1.000000
93.000000 0.668200 1.000000
94.000000 0.675600 1.000000
95.000000 0.660200 1.000000
96.000000 0.644600 1.000000
97.000000 0.637400 1.000000
98.000000 0.646600 1.000000
99.000000 0.647000 1.000000
100.000000 0.643800 1.000000
