1 0.091982770000 0.981941613515
2 0.103479530000 0.903041654445
3 -0.127522720000 0.898595818961
4 -0.049026530000 1.066116036713
5 -0.074206350000 1.009243040609
6 -0.097900940000 1.050690574348
7 -0.063157850000 1.132050157798
8 -0.039357400000 0.864096911575
9 0.010647750000 0.918101348626
10 0.001975910000 0.838400127376
11 0.133466610000 1.014812843325
12 0.082869100000 1.095940591819
13 -0.049995150000 0.978158867504
14 0.124525170000 1.098998826817
15 -0.085441600000 0.995936436077
16 -0.070522460000 1.021291441883
17 0.127718480000 0.920686230109
18 -0.162243490000 0.878781257598
19 -0.084821180000 1.075343611579
20 -0.161491790000 1.060016801033
21 -0.050127250000 0.980408225980
22 -0.148237500000 1.093284988696
23 0.028028060000 1.028938506536
24 0.030432190000 0.906880954886
25 0.095560690000 1.009134609679
26 -0.032377000000 1.100520342428
27 0.128070390000 1.025286801492
28 -0.021655110000 1.020082667406
29 0.183592220000 0.932428691989
30 -0.088785480000 0.997207767645
31 -0.035174410000 0.982452529439
32 0.047457790000 0.967794578019
33 0.066417660000 0.937832578131
34 -0.203870270000 1.006127087191
35 0.021729030000 0.913171429592
36 -0.136514000000 1.015356452423
37 -0.067078270000 1.037967967967
38 -0.083906040000 0.985288444211
39 -0.143073580000 0.902217169583
40 -0.062304690000 0.858607169177
41 0.042409240000 0.965822597796
42 -0.053251860000 1.096922721110
43 -0.009452710000 1.044612126246
44 -0.057641140000 1.000140259296
45 0.219920280000 1.013715354956
46 0.231620370000 1.029800824755
47 0.056492970000 1.007714503337
48 0.054934880000 0.905502313151
49 -0.119866190000 0.943342339775
50 -0.077184670000 1.030371449438
51 0.087333550000 1.034699410847
52 -0.079769680000 0.837577141535
53 0.020731100000 1.055873563377
54 -0.075408720000 1.096701982688
55 0.011743330000 1.009682097651
56 0.034811520000 0.942604534585
57 0.129107460000 0.828089293966
58 0.024446290000 0.956643368058
59 0.040885950000 0.979443406688
60 0.042175910000 0.997733237404
