0.000000 0.480000
1.000000 0.589000
2.000000 0.631800
3.000000 0.678800
4.000000 0.682400
5.000000 0.694200
6.000000 0.737400
7.000000 0.748800
8.000000 0.756200
9.000000 0.792600
10.000000 0.783600
11.000000 0.807000
12.000000 0.811600
13.000000 0.821800
14.000000 0.838800
15.000000 0.834600
16.000000 0.831400
17.000000 0.824000
18.000000 0.846200
19.000000 0.857200
20.000000 0.831000
21.000000 0.821200
22.000000 0.836000
23.000000 0.833200
24.000000 0.825200
25.000000 0.835600
26.000000 0.843000
27.000000 0.834000
28.000000 0.818400
29.000000 0.823400
30.000000 0.815200
31.000000 0.811600
32.000000 0.796200
33.000000 0.793800
34.000000 0.792000
35.000000 0.795000
36.000000 0.778600
37.000000 0.788400
38.000000 0.773200
39.000000 0.762400
40.000000 0.774200
41.000000 0.759800
42.000000 0.757400
43.000000 0.753200
44.000000 0.732600
45.000000 0.735600
46.000000 0.733200
47.000000 0.731400
48.000000 0.729800
49.000000 0.711400
50.000000 0.705000
51.000000 0.706400
52.000000 0.700400
53.000000 0.693200
54.000000 0.708000
55.000000 0.690000
56.000000 0.686800
57.000000 0.689400
58.000000 0.688200
59.000000 0.685000
60.000000 0.676800
61.000000 0.671000
62.000000 0.670600
63.000000 0.659000
64.000000 0.666600
65.000000 0.660000
66.000000 0.651400
67.000000 0.652000
68.000000 0.639400
69.000000 0.636000
70.000000 0.644800
71.000000 0.642000
72.000000 0.629400
73.000000 0.633600
74.000000 0.624600
75.000000 0.627200
76.000000 0.618200
77.000000 0.617600
78.000000 0.609400
79.000000 0.606400
80.000000 0.608200
