0.000000 0.480000 0.520000
1.000000 0.589000 0.580200
2.000000 0.631800 0.664600
3.000000 0.678800 0.713800
4.000000 0.682400 0.750200
5.000000 0.694200 0.771400
6.000000 0.737400 0.810000
7.000000 0.748800 0.815200
8.000000 0.756200 0.834600
9.000000 0.792600 0.875800
10.000000 0.783600 0.887600
11.000000 0.807000 0.889600
12.000000 0.811600 0.908600
13.000000 0.821800 0.920000
14.000000 0.838800 0.924200
15.000000 0.834600 0.935400
16.000000 0.831400 0.932600
17.000000 0.824000 0.933000
18.000000 0.846200 0.944600
19.000000 0.857200 0.946800
20.000000 0.831000 0.941600
21.000000 0.821200 0.949800
22.000000 0.836000 0.955600
23.000000 0.833200 0.962200
24.000000 0.825200 0.963000
25.000000 0.835600 0.964600
26.000000 0.843000 0.960000
27.000000 0.834000 0.960000
28.000000 0.818400 0.964600
29.000000 0.823400 0.966000
30.000000 0.815200 0.963800
31.000000 0.811600 0.968000
32.000000 0.796200 0.969000
33.000000 0.793800 0.969600
34.000000 0.792000 0.969400
35.000000 0.795000 0.969200
36.000000 0.778600 0.969800
37.000000 0.788400 0.971200
38.000000 0.773200 0.974000
39.000000 0.762400 0.973000
40.000000 0.774200 0.971400
41.000000 0.759800 0.971600
42.000000 0.757400 0.973200
43.000000 0.753200 0.973400
44.000000 0.732600 0.973000
45.000000 0.735600 0.973600
46.000000 0.733200 0.976400
47.000000 0.731400 0.975000
48.000000 0.729800 0.976000
49.000000 0.711400 0.977400
50.000000 0.705000 0.978000
51.000000 0.706400 0.983400
52.000000 0.700400 0.984800
53.000000 0.693200 0.987400
54.000000 0.708000 0.986400
55.000000 0.690000 0.988000
56.000000 0.686800 0.989600
57.000000 0.689400 0.990200
58.000000 0.688200 0.993600
59.000000 0.685000 0.995000
60.000000 0.676800 0.997000
61.000000 0.671000 0.997000
62.000000 0.670600 0.997800
63.000000 0.659000 0.998400
64.000000 0.666600 0.999400
65.000000 0.660000 0.999800
66.000000 0.651400 0.999400
67.000000 0.652000 0.999600
68.000000 0.639400 1.000000
69.000000 0.636000 0.999800
70.000000 0.644800 1.000000
71.000000 0.642000 1.000000
72.000000 0.629400 1.000000
73.000000 0.633600 1.000000
74.000000 0.624600 1.000000
75.000000 0.627200 1.000000
76.000000 0.618200 1.000000
77.000000 0.617600 1.000000
78.000000 0.609400 1.000000
79.000000 0.606400 1.000000
80.000000 0.608200 1.000000
