0.000000 0.500000 0.500000
1.000000 0.563900 0.566700
2.000000 0.596900 0.601900
3.000000 0.595700 0.604400
4.000000 0.631700 0.658600
5.000000 0.615600 0.646100
6.000000 0.623200 0.664800
7.000000 0.637500 0.682400
8.000000 0.639100 0.702400
9.000000 0.659000 0.716900
10.000000 0.691500 0.758900
11.000000 0.679200 0.754800
12.000000 0.712100 0.796600
13.000000 0.692200 0.773700
14.000000 0.719200 0.792300
15.000000 0.710000 0.798600
16.000000 0.722200 0.811700
17.000000 0.713400 0.800600
18.000000 0.710700 0.806200
19.000000 0.718500 0.824400
20.000000 0.733500 0.845600
21.000000 0.732900 0.851700
22.000000 0.740900 0.866700
23.000000 0.732900 0.869900
24.000000 0.735400 0.863500
25.000000 0.727500 0.878700
26.000000 0.733500 0.872300
27.000000 0.735700 0.882200
28.000000 0.725600 0.875900
29.000000 0.730900 0.882700
30.000000 0.725000 0.883400
31.000000 0.730300 0.892700
32.000000 0.717000 0.900100
33.000000 0.718900 0.898100
34.000000 0.711500 0.908000
35.000000 0.707900 0.906600
36.000000 0.715600 0.913500
37.000000 0.715400 0.918800
38.000000 0.714900 0.912300
39.000000 0.703400 0.919300
40.000000 0.699400 0.913900
41.000000 0.703300 0.915500
42.000000 0.685300 0.922600
43.000000 0.683400 0.925900
44.000000 0.685400 0.923700
45.000000 0.676000 0.927000
46.000000 0.677300 0.931500
47.000000 0.683800 0.931300
48.000000 0.676700 0.933400
49.000000 0.677100 0.928000
50.000000 0.673700 0.930300
51.000000 0.673000 0.932200
52.000000 0.672600 0.941600
53.000000 0.671900 0.940100
54.000000 0.661200 0.941100
55.000000 0.649400 0.942100
56.000000 0.652000 0.945300
57.000000 0.651900 0.943900
58.000000 0.634400 0.951600
59.000000 0.647200 0.950400
60.000000 0.637300 0.956300
61.000000 0.638000 0.951700
62.000000 0.629000 0.953200
63.000000 0.630200 0.955100
64.000000 0.635000 0.957200
65.000000 0.634500 0.958300
66.000000 0.635500 0.958300
67.000000 0.622700 0.960100
68.000000 0.614200 0.964600
69.000000 0.617900 0.960200
70.000000 0.620200 0.963900
71.000000 0.617800 0.963900
72.000000 0.602300 0.963800
73.000000 0.614900 0.964400
74.000000 0.604600 0.969000
75.000000 0.612100 0.966300
76.000000 0.610100 0.966400
77.000000 0.602400 0.967200
78.000000 0.604700 0.969800
79.000000 0.601500 0.970800
80.000000 0.584200 0.972200
81.000000 0.592700 0.968400
82.000000 0.595700 0.971900
83.000000 0.591400 0.970400
84.000000 0.581000 0.972700
85.000000 0.594900 0.972100
86.000000 0.586300 0.973800
87.000000 0.590900 0.970900
88.000000 0.582800 0.974300
89.000000 0.574000 0.973800
90.000000 0.572400 0.975000
91.000000 0.569200 0.974500
92.000000 0.577900 0.975300
93.000000 0.571000 0.975600
94.000000 0.563200 0.976200
95.000000 0.558800 0.975100
96.000000 0.563000 0.974800
97.000000 0.565600 0.973400
98.000000 0.556100 0.976300
99.000000 0.561200 0.975100
100.000000 0.547800 0.976300
