0.000000 0.500000 0.500000
1.000000 0.629659 0.625114
2.000000 0.617500 0.645000
3.000000 0.634545 0.677727
4.000000 0.639886 0.698409
5.000000 0.660795 0.716705
6.000000 0.640114 0.691364
7.000000 0.622273 0.699886
8.000000 0.652841 0.725227
9.000000 0.646364 0.720795
10.000000 0.634318 0.714091
11.000000 0.629545 0.734432
12.000000 0.634432 0.733295
13.000000 0.617614 0.746477
14.000000 0.616136 0.752955
15.000000 0.631250 0.757727
16.000000 0.626364 0.780455
17.000000 0.634773 0.790000
18.000000 0.631023 0.805227
19.000000 0.618636 0.810682
20.000000 0.626705 0.804091
21.000000 0.628182 0.814091
22.000000 0.619659 0.820341
23.000000 0.611364 0.822159
24.000000 0.614432 0.834659
25.000000 0.604773 0.835114
26.000000 0.604091 0.837386
27.000000 0.606477 0.843409
28.000000 0.596818 0.851932
29.000000 0.596250 0.855909
30.000000 0.585682 0.859205
31.000000 0.579545 0.860227
32.000000 0.579773 0.867727
33.000000 0.577727 0.866364
34.000000 0.566818 0.880114
35.000000 0.565795 0.876705
36.000000 0.556818 0.881477
37.000000 0.555909 0.883636
38.000000 0.551250 0.888068
39.000000 0.543750 0.892955
40.000000 0.540909 0.893864
