N=50
P=80
R=2
1 0.175504 -1.414585 -0.776601 -0.690925 0.048230 0.956180 -0.047308 0.219269 0.211244 0.481950 0.188767 0.092699 1.371860 0.914905 0.963078 0.617010 0.503951 -0.593088 1.158430 0.003768 -0.542883 0.264492 -0.476380 1.021696 -0.248333 0.524071 0.624113 -0.835274 -0.805776 -0.401149 0.453786 1.777526 -0.466159 -0.467475 0.296024 1.485425 -0.121341 -1.805631 1.690909 -0.361693 -0.263133 1.207178 0.790514 -1.665172 0.549312 1.101415 0.127572 -0.395118 0.022080 -1.352602 0.627866 -2.169400 0.203699 -0.462505 2.034811 -0.504178 -0.728222 0.783735 -0.100201 -0.080598 1.225688 0.887504 1.163878 -1.088427 0.304090 -0.050924 0.027825 -0.753906 -0.035042 0.534621 0.476874 1.564510 -0.989509 1.427618 -0.810023 1.146358 -0.630292 -0.330394 -0.225732 -0.181787 43.948654 1.000000
2 0.396357 0.564524 -0.108033 0.855319 -0.565380 0.832005 0.808415 -0.103326 -0.362421 -0.740482 0.123305 0.650334 0.330302 -0.193475 1.073445 -0.765405 -1.660766 -1.096714 0.482708 0.143145 1.652199 0.317982 -1.665421 -1.191771 0.496966 -0.976325 0.155504 0.765011 -1.020109 0.068951 0.110301 0.189648 0.001578 -0.640316 -0.330091 -0.569493 -0.785655 1.401171 -0.945740 -1.730474 0.166804 -0.703168 0.546308 1.531869 -1.723029 0.238101 0.605772 0.244502 0.623347 -2.542231 0.466167 0.144087 -1.877745 0.273692 -0.874479 -0.685345 -1.082619 -1.805101 -0.828681 -0.735769 0.717829 0.045318 -1.069958 1.119838 1.010570 0.035938 -1.431192 1.215842 -1.530672 1.698506 -0.980897 -0.224690 0.109110 0.758627 0.428029 -0.296571 1.495323 0.804870 -1.728896 -1.785957 3.441410 1.000000
3 -1.033016 -1.097506 1.022431 2.560485 0.676395 -0.812364 1.395749 -0.373771 0.528510 -0.043573 0.127665 0.416641 -0.036378 0.988671 0.293981 0.098496 0.130435 0.226963 -0.920066 -0.205051 -0.708026 0.320611 0.580241 -0.403295 -0.197588 0.252351 -0.168250 -1.980763 -0.470794 1.548118 -0.730421 -0.195912 -0.816551 -0.058827 0.485594 -1.274653 1.750654 0.590772 0.306015 0.609266 0.768426 0.437346 0.891406 -0.613467 -0.237404 0.057421 1.432822 0.870166 -1.225527 -0.071114 -0.278399 -1.205950 -1.223441 -0.503536 1.911182 2.111187 -0.177614 1.145187 0.501525 0.818748 -0.183756 0.371740 1.105735 0.868849 1.379030 0.499911 2.255283 0.637521 -0.277375 -0.401828 0.272243 0.818398 -0.050857 0.029062 -0.942820 -1.099868 1.610506 -0.117860 2.355071 1.996091 7.066808 1.000000
4 -0.798503 -2.157685 1.401492 1.880457 -0.180431 0.559732 -0.873658 -0.677797 -1.350526 -1.032607 0.169252 1.186855 1.268667 -0.764008 1.396684 -0.473793 -0.188318 0.865199 -0.181667 -0.959718 -0.831662 -0.815942 0.545046 0.471464 -0.149291 -0.400044 -1.019233 -0.337209 0.905528 0.021974 0.118463 0.496210 -0.332717 -1.478898 1.624587 -0.057146 0.864663 1.056550 -1.122508 0.343752 0.826095 -1.250881 1.834959 0.043077 0.957503 1.732493 0.096604 -1.438427 -0.189151 0.658238 -1.184189 0.365475 1.402282 0.474815 0.649607 1.179188 -0.379270 0.525169 1.089217 1.477174 -0.277260 0.392895 -0.489713 -0.066476 0.270852 0.680491 -0.605603 0.064804 0.346144 0.187584 0.492216 -1.403660 -0.514150 0.771657 -0.051972 -0.454360 -0.714902 -1.089297 1.430424 1.142636 0.186427 1.000000
5 0.561790 0.729177 -0.340712 0.313589 -0.560112 0.094501 0.267220 0.913019 1.054176 0.117090 -1.094122 1.218582 0.024071 -0.429507 0.149195 0.767100 -0.515093 -0.413229 -0.162282 1.128664 -0.710843 -0.344992 -0.190610 -0.622098 1.282111 -1.813277 -1.345397 0.648227 0.078897 -0.400851 -1.034500 0.959537 -0.576974 -2.333567 0.329508 -2.901138 0.971081 -0.577619 -0.240490 0.974637 0.461978 -0.834379 -0.488369 0.443193 -1.973638 -2.436043 -0.183246 0.499517 0.146442 1.516908 -1.613947 -0.673591 -0.270889 0.071573 -0.078306 -0.828011 1.383532 -1.340719 -0.473188 0.315026 -1.779056 0.224414 -1.106493 -0.734349 -1.236695 0.641729 -2.047044 -0.433287 0.375329 -1.585946 -0.395864 -0.162012 0.385447 0.779228 0.667337 1.573189 0.498373 0.391508 1.646342 0.596030 3.178026 1.000000
6 -0.833877 0.820669 -0.015068 -0.701545 1.066271 0.199452 -0.400984 0.494936 1.229068 -0.714059 1.689929 0.718237 -1.107131 0.926892 0.077168 1.277178 0.466305 0.821609 -0.627115 -0.702565 0.541040 -0.201898 -0.991371 -1.336824 1.682585 0.204861 0.434391 1.177507 -0.449496 1.385575 1.357729 -0.762279 0.125439 0.584749 2.276118 0.237547 -0.978365 1.129579 0.572944 0.453118 1.580591 -1.890475 0.315496 0.540389 -0.830830 -0.302946 -0.342859 2.313193 1.748809 -2.435232 -1.871444 -0.230207 -1.239408 -1.268138 2.001172 -0.436594 0.186971 -0.261764 0.941245 0.946051 0.311072 0.296002 -0.002606 -0.060251 1.602403 -0.477093 -1.105652 -1.214021 0.073772 -0.947372 0.302212 0.455442 0.025156 -0.071685 -0.705143 -1.400644 0.325818 1.405676 0.615087 -0.042212 1.654135 1.000000
7 0.698419 0.243790 -0.991267 -0.499552 1.168770 -0.814753 0.229926 1.730526 2.026098 -0.897601 -0.151601 0.207202 0.692410 0.849830 0.686708 -0.002771 0.038927 -1.034783 0.982642 0.590651 0.257854 0.114853 0.958587 0.935600 -0.995769 -0.359459 -1.601575 -1.692280 -0.126201 -0.372783 -0.777579 0.513276 -0.412136 -0.189870 -1.049030 1.087197 -0.721921 0.958512 0.071895 1.817200 -0.823736 -0.028530 0.859104 -0.974036 -0.144602 -0.794455 -0.912961 -0.527582 0.395413 0.480158 -0.976218 0.943045 0.403820 -1.156602 -1.102573 0.902555 -0.125310 -1.426049 1.324961 0.824633 -1.549355 -1.133683 0.355552 -0.847315 -0.910056 1.302326 -0.033554 1.595486 0.062076 1.005048 -0.415299 -0.372345 0.144754 0.238476 0.652531 -0.690213 -0.115965 -1.319663 0.453712 -0.835455 0.817152 1.000000
8 1.126061 0.346154 -0.128360 -1.505732 0.459938 2.502865 0.858336 -0.840081 1.383874 1.045941 0.522956 -0.067812 -0.007831 0.741147 -0.523722 0.919144 0.108118 0.509271 -0.094823 0.352250 0.562550 0.336522 -1.166686 1.310830 -0.048903 0.523765 0.781414 -0.885115 -0.512107 0.102969 1.528092 0.405847 0.132725 0.639876 1.379382 0.901403 -0.042184 0.587250 0.190284 0.611430 -0.100297 0.220905 -0.484550 0.451292 -0.391626 -0.242994 -0.334755 1.132059 -0.382342 0.820443 -2.640603 -0.495181 0.212993 0.336799 -0.160727 0.969630 -3.259503 0.394858 1.471210 1.259357 1.569252 1.047073 0.653833 -1.763626 -0.982086 0.991304 -2.516351 0.843972 -0.686909 -1.126860 -0.658632 -1.221701 -0.081960 0.064340 -1.189848 0.070105 -0.910570 0.377194 0.186530 0.509059 6.954021 1.000000
9 -0.866298 -1.413527 -1.718459 -1.086557 0.329476 0.526999 -1.456426 0.181216 -0.699196 0.851359 0.671383 0.222495 0.819883 0.740173 0.142911 -0.408365 1.399168 3.067598 -1.237989 -0.685338 -0.747407 -0.454425 0.337608 0.211590 -0.640134 -0.805713 -0.169859 -0.298153 0.034806 0.457376 0.800170 1.771702 0.129130 -0.082574 2.281112 -0.135767 1.445334 0.834083 -1.445928 -0.266332 -1.242310 0.728958 1.604525 0.290488 -1.376449 1.802288 0.601628 -1.581649 -1.006423 1.117614 0.598177 0.031929 -0.226621 0.189630 0.770798 -0.172804 -0.043879 -0.437754 -1.740797 -0.072097 -1.526613 -0.342835 -1.298197 1.320645 -0.202492 -1.158764 -0.743370 -0.882568 1.413442 0.140503 0.869610 0.528844 0.208492 -2.168564 0.644873 -3.060309 -1.173740 2.352889 -1.460082 0.486280 42.597647 1.000000
10 0.882018 -0.306237 -1.000243 0.411992 -0.442769 -0.230448 0.108362 -2.497329 0.272805 -0.639516 -0.474928 0.713480 -1.566837 0.801601 0.988100 -1.343134 0.222317 -0.245578 -0.491989 1.197733 1.136052 0.874354 0.796172 -0.736151 0.513431 1.524532 0.343474 -0.952521 -0.241763 -0.651640 1.239325 -0.361396 0.958849 -0.333914 -0.282551 -0.394197 -0.395820 -0.133644 -1.228005 -1.596950 -0.814004 -2.041036 -0.146258 -0.872978 1.831243 -1.573313 0.706777 -2.060163 1.728466 0.840911 0.892911 -1.183169 -1.556874 1.345472 -1.131463 0.871174 0.585864 1.640661 1.388969 -0.843688 -2.537652 1.864744 -0.354389 2.159314 -0.334209 0.425601 2.617705 0.175895 1.789156 1.073508 -0.040750 -0.128577 0.332741 -1.997104 -0.140007 -0.188863 1.857828 -0.958243 -1.445844 -2.138769 2.275719 1.000000
11 -0.607321 0.531160 0.267420 0.998191 0.403772 -0.327800 0.761160 -1.149812 -0.692091 0.432908 -0.529307 2.581721 -0.315898 -2.077968 0.490705 -0.633009 -0.249409 -0.668193 1.128574 -1.114979 -0.106702 -0.457717 0.841130 -0.120562 1.581749 -0.374276 -2.686302 0.122125 0.001509 -0.200229 2.234534 -0.483892 1.367160 -0.139284 -0.867986 1.942469 0.292167 0.400255 -1.206928 1.720000 -0.022200 -1.222363 0.430926 -1.510520 -0.594063 -0.649020 0.632682 -0.126989 0.466650 -0.672681 0.133794 0.172247 0.251914 1.076149 -0.404911 -0.168744 -0.615329 -0.730356 1.474522 0.934935 -2.132513 -0.764959 0.912154 -2.931637 0.065720 0.155402 0.012755 0.564795 -0.374542 1.395932 0.328201 0.624163 -0.192290 -0.366465 -0.992543 -0.980297 -0.684009 0.908203 -0.355759 -0.892551 1.077113 1.000000
12 1.284595 0.285125 1.609337 1.945640 -0.636276 1.158313 1.604856 -0.641817 -0.022587 0.597459 -0.707917 1.671699 1.154891 -0.061317 0.712543 1.111480 -1.655049 -1.262469 -0.245299 -1.157296 -1.788471 0.044873 0.239146 -1.794815 -0.181725 -0.779618 0.043033 0.035173 -0.657242 -0.198795 -0.152994 -0.178828 1.233200 0.456721 0.357504 -0.556779 -0.279025 -0.773649 -0.820045 1.317468 -1.090870 0.519803 -1.001243 -0.059465 -1.112755 0.512868 -1.252187 -2.479857 -0.249318 -0.939093 0.658354 0.887209 0.317074 0.236816 0.780462 -1.660647 -1.494212 0.884121 0.609893 2.091778 1.340720 0.004602 0.353012 0.670041 2.065526 -0.275458 0.781334 -0.356831 -0.812150 0.980621 0.474757 -0.404435 0.910921 1.132747 0.512654 -1.097179 0.543022 1.884993 -0.442710 1.917272 0.784180 1.000000
13 0.403387 0.219630 1.487237 -0.272694 1.296734 -1.089977 -0.621339 -0.395548 -0.067014 -0.235895 0.742822 -0.192914 -0.560564 1.718106 -2.019199 -0.162877 0.317027 1.953381 1.167060 1.044364 -0.218393 -0.663606 0.627439 -1.413404 -0.544373 -0.695946 1.356248 -0.066930 1.871452 -0.349550 0.965833 -1.065490 -0.504236 -1.461286 -0.476445 -1.710930 -0.646721 0.931081 0.149587 -1.303623 0.210977 -2.630088 0.536400 0.386806 1.281735 0.476672 0.208068 -0.671054 0.460099 -1.673208 0.240906 0.041294 0.409466 0.579069 0.842453 0.216825 -0.275833 -0.333006 1.696142 0.918026 -0.136344 -0.059626 0.901584 -0.120592 0.874281 -0.021902 1.437480 0.359421 -1.370424 0.742785 -0.842429 0.692929 -0.588524 -0.308579 0.269032 -0.539916 -0.158952 0.789475 -1.310002 0.924548 0.300857 1.000000
14 1.408871 -0.233462 -0.341411 -1.270842 1.425134 0.901848 1.154937 -0.344859 -0.750402 -0.743403 -0.516623 -0.640722 0.543174 0.795261 0.780254 1.338496 -0.540710 -1.033339 0.216606 -0.591918 1.132689 -0.116019 3.050938 0.935726 -2.166910 -0.029321 0.174417 0.602888 -0.525822 1.193842 0.049414 -1.717734 0.179002 -0.550871 -0.656788 -1.777679 -1.828504 0.706091 0.733138 -0.308129 -0.439684 0.666183 -1.239668 0.026174 0.668758 0.585107 -0.708211 0.078877 -0.092983 -1.229558 -0.027406 0.384015 0.983133 0.164201 -0.289710 0.319301 -1.002839 0.567074 -0.832780 0.058229 0.283165 -1.059871 2.284636 0.600949 1.266305 0.913046 1.291360 -0.265937 0.454013 -1.552104 0.306314 -0.605218 -0.964671 -1.636596 -0.185796 1.185386 -0.135771 -1.442185 -0.222436 -0.652496 3.403037 1.000000
15 -0.026730 0.883620 0.334212 0.298173 0.766116 -1.879142 1.600152 2.366740 1.456999 0.733001 0.017899 1.239420 0.318346 1.822731 0.449386 0.248230 -0.182116 -1.740812 0.043027 -0.476156 -0.687198 0.555595 -0.097464 -0.834032 0.320223 1.511076 0.018783 -1.935617 0.767378 -1.477152 -0.809827 -0.757185 -0.282659 -1.682617 0.489819 -0.488346 1.738723 -1.429102 0.434206 0.657797 0.888951 -0.500935 0.500459 -0.343913 -0.650602 -0.913182 -1.796864 1.075536 -1.024368 -1.188398 2.050594 -0.179477 0.423349 0.377458 -2.037251 0.511726 -0.382431 -1.421876 0.977608 -0.397024 -0.288843 0.096729 0.279796 0.245078 1.922695 -0.985034 -0.467886 -0.070483 -2.116265 -0.437930 0.226507 0.422177 -0.714118 -1.818854 0.181759 0.135394 0.146549 0.666592 -1.138202 1.291961 1.399532 1.000000
16 0.138151 -0.198862 -1.856997 0.164102 0.070757 1.296183 1.490808 -0.601191 2.464493 0.791600 1.364041 -1.295207 -1.395651 -1.083495 -2.087436 0.075505 0.332672 -2.219874 1.115902 0.863683 -0.963695 0.131061 0.732992 0.137512 0.378751 0.226220 -0.819857 0.490094 -0.758941 2.157419 1.965132 -0.860976 1.166246 0.499092 -1.127082 -1.343184 -0.291033 2.031243 -1.369406 0.442463 -0.963238 -0.333970 0.596346 -0.034191 -1.481331 -1.072487 -1.783361 1.214431 1.128168 -0.923831 1.589675 1.475243 -0.286843 -1.014370 0.670147 -1.784262 0.333192 1.243528 -1.072424 0.077586 1.625105 0.379658 -0.897805 -0.263491 -0.117181 -0.637482 0.495254 0.176399 0.654731 -1.062683 -0.734149 -0.118123 1.823848 0.523711 -0.911871 1.425998 -0.998944 0.434260 -0.672022 0.981645 320.448604 1.000000
17 -1.361440 0.212999 -1.497935 0.935374 2.594488 -0.214252 -0.144936 0.050853 -0.324953 0.989340 0.856619 -0.714730 0.634656 0.268412 -0.659142 0.869881 0.367600 -2.186332 -1.825355 1.356575 0.982896 -1.393758 2.463148 0.223372 0.874966 0.087762 0.815454 0.067699 -2.815617 -0.752654 0.785636 0.920587 -0.788456 -0.734233 0.112887 1.251569 -0.289476 0.275392 0.866826 -1.238942 0.605859 -0.444535 0.478274 -0.886697 1.397209 1.595894 -0.395974 0.102324 1.240124 1.541956 0.631190 -0.048882 0.765014 0.234041 1.828301 -0.829105 0.991707 1.051489 0.254701 -0.508514 -1.032161 0.553430 -0.094044 -1.090152 0.400075 -1.290540 -0.771409 1.269475 0.633240 0.047472 0.682165 0.484510 -0.808349 -0.929377 -0.132556 -0.111078 0.683452 -0.048981 -0.238150 0.835148 0.240018 1.000000
18 -0.556638 0.950767 -1.043307 -0.411426 0.955769 -1.687219 -0.525944 -1.358615 2.211523 -0.077077 0.639119 -1.687850 -1.032543 -1.201232 1.990605 0.343360 -1.229729 -1.714057 1.078286 -0.961971 1.166403 0.941681 -0.318745 1.306318 0.819789 -0.121312 -0.637496 0.822986 1.097609 -0.099084 -1.093281 -0.984214 -1.367945 0.808297 -0.189512 -0.186124 -0.404486 1.541085 -0.484161 1.877936 -1.540816 -0.135845 -0.906891 0.156437 -0.539369 0.594686 0.826061 -0.419902 0.871214 -0.246279 0.957857 -0.579870 -0.344391 -1.089004 -0.115507 0.648967 0.484626 -0.672130 -1.490747 -1.152966 -0.143686 -0.351849 -0.320856 1.634728 0.483091 0.029484 1.157574 -0.124824 0.121448 1.429488 -0.338562 -1.189162 0.069864 1.994202 -1.449785 -1.458639 -0.659956 -0.699004 -1.812803 -0.096236 1.379712 1.000000
19 -0.348417 0.253777 0.072877 -0.814291 -0.844218 0.170951 0.979814 -0.144528 0.896488 -0.431655 1.581257 -0.608258 -0.161073 -1.559357 -1.364303 0.422425 -0.213738 -0.405053 -0.653548 -0.183691 0.614683 0.148592 1.598991 0.170362 0.011102 0.041771 1.046299 -1.895683 0.706624 -0.275873 -0.531262 0.190524 -1.058011 0.082641 -1.750025 1.700825 0.495260 0.261158 0.066703 -0.140747 -2.087872 -0.020009 -0.359711 0.742480 1.010823 -0.262109 0.109795 -1.554578 -0.165596 -1.726932 0.454485 -0.475227 -0.950687 -0.161435 0.713911 1.163327 0.087799 -0.183271 1.435351 -1.311381 0.482393 0.048932 2.340310 0.831638 -0.424187 0.301974 -0.719008 0.005288 -1.675437 0.263613 -0.980129 1.091680 1.245369 -0.636762 0.407595 -0.761272 -0.488459 1.399400 -0.726778 0.398981 6.922597 1.000000
20 0.688293 1.013096 -1.212197 -0.014415 -0.505593 0.527163 0.117071 -1.288946 0.592202 1.002357 -0.370473 -2.708430 -2.235162 0.149426 -0.354272 0.097966 0.293611 -0.117151 -1.248428 0.349968 0.351446 0.204828 -1.503068 0.699766 0.740757 -0.655924 0.438647 0.524099 0.552993 0.567305 -1.778769 0.630345 0.970161 0.968903 0.078512 -0.946507 -0.716463 -1.040200 0.182432 -0.138872 -2.390198 0.341803 0.647218 -0.502341 0.248224 0.761692 0.192845 0.453484 1.400871 -1.354741 1.198542 -0.422100 -1.123985 0.255673 0.749494 1.649999 -0.518776 -0.441455 1.116274 0.615423 -0.339873 -0.349354 -0.959347 0.062358 1.495616 -1.580610 -0.150603 -0.602138 0.134941 -1.467269 1.025943 -0.608979 0.079455 0.783241 -0.290053 0.780457 1.261932 0.374614 1.394764 -0.150706 10.446672 1.000000
21 -1.067616 1.321355 0.135003 -1.770219 1.083035 0.964693 -0.275254 -1.005031 -0.120901 0.606979 -0.078277 0.421558 -0.724101 -0.505636 1.123026 -1.023947 -1.307541 1.147318 -0.660195 -0.569312 -1.530291 -0.628432 1.251807 -0.035065 -1.474271 -1.095162 -1.277328 0.641017 -0.934187 -1.705598 -0.797983 1.025236 -0.378188 -2.337473 1.348739 0.261287 2.086724 1.494979 0.539973 -0.427468 -0.749281 1.909283 -0.459353 0.734798 0.036471 -0.890751 0.114196 -1.295019 -0.942228 0.288463 -0.815788 0.245558 -0.600300 -1.724696 0.469975 -1.521502 0.107382 2.005978 -2.039936 0.466755 0.731705 0.721151 -0.895017 2.068394 0.615107 -2.118833 0.922878 -0.036943 -0.144595 1.800524 -0.923984 -1.010153 0.329136 -1.084476 -0.290543 -0.556389 -1.907062 -0.825019 0.922084 -0.652270 0.925132 1.000000
22 0.156950 -0.522285 0.285008 -0.736415 0.857422 0.897746 0.297991 -0.570312 2.472295 -0.185112 -0.673411 0.113828 -1.462226 -0.028860 2.070170 -0.649904 0.488758 0.285024 -2.542530 -0.482365 1.937830 0.042454 0.370897 -1.022169 -0.720673 -0.008809 0.308689 -0.549503 -0.445388 -0.517264 0.189228 -0.590388 -0.214274 -0.612744 -0.972386 -3.423716 0.196588 0.724179 0.140219 0.328705 -1.530728 -0.432583 1.599000 -0.498783 -0.118307 -0.908599 0.413462 1.770234 0.847996 0.274157 -0.928463 -1.359501 -0.275906 0.097421 0.914097 -1.753814 -0.162463 -0.166703 -2.378290 0.235798 0.806880 -1.297594 -0.602603 -1.278464 -1.304162 -0.038490 -0.528790 0.267443 0.270575 -1.039401 1.650259 0.491060 0.696522 1.619119 0.415516 -0.728540 1.691342 -0.274389 -0.374443 -0.069013 3.277938 1.000000
23 -0.818198 2.123491 0.460385 -0.424278 0.298000 -0.695781 0.426105 0.470193 1.111850 -1.072098 0.008372 -0.419161 -1.085632 1.834878 -1.103349 0.593299 1.160713 0.330951 0.845346 -0.464358 -1.537452 -0.681050 -0.603297 0.708534 -0.542855 1.102695 0.470626 0.851607 -1.059204 0.655774 -0.474915 1.651387 0.169895 -0.142818 0.799395 2.578064 -1.100882 -0.351670 0.912178 3.018142 0.237184 -1.434377 -0.175107 -0.811426 -1.208288 0.095881 -0.579008 -1.106984 -0.461480 0.078693 1.744584 1.845506 0.979919 1.878646 -0.186821 0.882134 -1.038326 0.008824 0.328463 0.347289 0.506710 1.316942 0.968317 0.699056 -1.215847 0.932081 0.432839 0.869026 -0.875521 -0.694061 0.284498 -0.380942 1.563153 -0.227705 -0.570571 -0.405401 -1.641679 0.621431 0.185696 0.050406 2.271650 1.000000
24 0.542588 -0.401458 0.549925 -1.280308 0.837925 -1.653713 -0.594456 1.272868 1.570497 -1.523396 0.417565 0.980427 1.836377 0.372115 -0.760006 0.969269 -0.869900 -1.948650 -0.384738 0.129975 1.827205 0.045391 0.481779 0.394259 1.368483 2.037217 1.432157 0.810617 0.883981 -0.308377 -1.122817 -0.800764 -0.616965 0.237517 0.218533 -0.180718 -0.576484 0.609444 -0.724377 -1.610478 0.783818 -0.186315 0.357981 -0.719148 0.916976 1.303425 1.818551 0.936649 0.952267 0.527928 0.802098 -0.934042 0.825951 -0.646349 0.526805 0.881094 0.854314 -0.333732 -0.827969 1.328981 0.762059 0.717121 0.460175 -0.104457 1.420947 -1.390584 0.141984 0.236840 -1.792887 -1.169781 -2.052655 -1.494725 1.132778 -1.139460 -0.806640 0.640153 -2.004743 -1.284147 0.334528 0.139578 0.847314 1.000000
25 -0.913994 0.455905 0.320738 1.116576 1.960236 -0.060040 -0.772781 1.748583 0.037751 -1.773622 -0.621753 0.909991 -1.350464 -0.867537 0.604202 0.332335 1.020137 -0.415436 0.193496 0.264841 -0.403709 -1.837427 -0.630314 -0.772621 -0.369104 -1.470640 0.055709 -0.080903 -0.025798 -0.343236 -1.753734 -1.436854 -0.214151 0.034942 -0.781313 0.253361 0.583539 -0.836757 -0.861248 -0.794035 -1.659062 -1.164546 1.029442 0.505270 0.251044 0.623060 -0.751680 -0.738577 -0.969725 0.959245 -0.377783 1.124600 0.692761 0.872932 0.310299 -0.084947 0.574809 0.046531 1.123322 -0.253433 0.998660 0.136735 -0.035981 -1.873659 1.312893 -0.118262 0.115270 -0.790247 0.797839 1.036978 -0.284855 1.318847 -1.226197 0.275062 0.187316 0.029360 0.045604 0.065124 -0.721434 -0.023610 1.247001 1.000000
26 -0.676489 -0.178804 -0.126107 0.674121 0.682181 -1.527593 -1.727081 1.496271 0.837778 -0.764176 -0.919182 0.602389 -1.826175 0.882358 -0.130484 0.377965 -1.256044 1.740694 -0.881489 0.517660 -0.429392 -0.155480 -0.782549 0.765471 0.826080 1.315045 0.188952 -0.459672 0.215743 0.378897 0.000318 0.351071 -0.394125 -1.330591 0.355898 0.323334 -0.287069 -1.537177 0.707588 0.422362 0.733199 2.193612 -0.630100 -0.290367 0.601742 1.408091 -0.103295 1.634088 -0.347294 -0.963970 1.506666 0.385393 0.168182 0.429757 1.042294 -0.165563 1.436558 0.018118 0.751846 0.805529 1.379267 -0.675268 0.311455 -0.476721 -1.094766 -0.784328 1.562073 1.506161 -0.195911 -0.032037 0.844444 0.727817 0.286543 1.049436 -0.066746 -2.833338 -0.368131 -0.710479 -0.983151 0.788180 0.052816 1.000000
27 -0.772218 -0.186190 -0.115499 0.298679 -0.049818 0.243272 1.263162 -0.634560 0.209077 0.026737 1.154136 0.224495 -1.556267 -0.728180 1.140085 -0.147038 0.541702 -1.294654 -0.167679 0.219158 -1.437353 -0.390914 0.833816 -0.520731 0.617862 0.347629 -1.527710 0.246654 1.917872 -0.282404 -1.476391 -1.024907 -1.473020 1.543306 0.211242 -1.520335 -1.747081 1.059271 -1.056724 0.942107 1.036124 -0.269302 0.047681 0.454612 1.297641 1.475919 -0.650343 1.047089 1.042749 -0.439564 -0.780103 -1.532779 1.984722 -1.378552 0.168220 0.982386 0.279887 0.154866 0.648914 -0.788638 -0.969681 -1.057351 -0.733476 -0.085703 -0.898402 -0.241308 -0.008256 0.151904 -0.790254 -0.634934 0.105541 -1.006365 -0.811329 -0.689175 0.753425 0.063769 -0.562801 0.003823 -0.250366 -0.313371 8.496455 1.000000
28 0.336556 -0.873681 -1.524618 0.545813 1.324155 1.310459 -1.624536 -0.212049 0.233898 0.571014 0.188193 0.308062 -0.151402 1.381189 -1.664639 0.904421 -0.529596 -1.471443 -0.835432 0.338330 -1.183044 1.057352 0.102401 0.232205 -0.467612 1.635736 0.555940 -0.487177 2.180146 0.347755 -0.852870 0.324703 0.204443 -0.005340 -0.011676 -0.493712 -0.882904 -0.580371 -0.733195 -0.897676 -0.830587 -0.029447 -1.231927 1.361472 -0.311482 -1.014965 3.443450 -0.819904 0.550942 0.195297 -0.219341 -0.476526 -1.665229 -1.019864 -0.746023 0.113196 -0.103196 -0.127450 0.362604 0.520188 -0.690237 -1.738979 0.237595 -0.358305 -1.032179 -0.358143 0.130624 -1.073163 -0.945504 0.295638 0.138571 0.079734 -1.664068 -0.989741 1.480743 1.743314 -1.252155 1.355160 0.874730 0.525130 1.406107 1.000000
29 -1.498587 1.548424 2.002443 -1.367521 0.887209 -0.639284 -0.141487 -0.108701 -1.702096 -0.265676 1.452935 0.749988 -0.448323 0.340001 -1.367105 -0.137959 0.076653 1.047035 0.227871 -0.050817 -0.487037 0.256235 -1.318389 -0.206808 0.684615 1.172615 1.226195 -0.906371 -0.644071 -0.081854 -0.743972 -0.526122 1.473230 -0.646988 1.808787 0.213763 0.237972 -3.364521 -0.456793 -0.255192 -0.316806 0.205458 -1.208361 1.861092 -0.800145 0.888998 -0.058983 -0.600106 -0.620949 1.248982 0.379808 0.096570 0.778636 -0.621745 0.807235 -0.007511 1.248726 0.563723 -1.632839 0.202444 1.128557 -0.884529 0.329454 -0.135934 -0.384503 -0.904525 -1.539436 -0.758585 1.619384 2.056229 0.755221 0.213175 -0.208431 -1.345270 -0.306705 -0.619558 -1.663824 -0.331307 -1.039045 1.320026 0.077008 1.000000
30 0.453667 -0.289035 -0.908596 -0.294169 -2.288205 -0.263791 -1.117707 0.075643 -1.480713 -0.590400 -1.381363 0.008416 0.480229 -0.626709 0.418117 0.945957 1.651486 -1.627477 -1.449354 -0.424635 1.274033 1.427035 1.137432 -0.940016 -0.624648 0.754966 -0.246374 0.363033 -1.074842 0.183119 -0.118122 0.903204 0.063881 0.508855 0.063602 0.314490 -0.160971 1.034554 -0.038345 0.049608 -0.611080 -2.070464 -0.004276 -1.067698 -0.024365 -0.778476 -0.338416 -0.717678 -0.612076 -1.000019 0.843911 1.587765 0.712827 0.394505 0.959462 -0.551545 1.237201 -0.466195 0.501090 -1.734541 0.764918 -0.756634 -1.594434 -2.338882 -1.372062 0.224312 -0.471921 -0.167433 0.482537 0.294451 -0.734335 0.560038 -0.262793 0.354816 -0.337142 -0.015960 1.195183 0.248425 0.824637 0.681291 1.023306 1.000000
31 -0.769889 0.393600 -0.618059 -1.075265 1.131753 0.112612 -0.069285 -1.379666 1.685831 0.290343 0.781107 0.245399 1.893919 -0.733517 -1.577487 1.637119 -1.118177 1.686653 -1.164933 -0.084313 -1.305202 0.799846 0.271782 -0.274929 0.301080 -0.161132 1.041283 0.074361 1.141116 -0.736375 -0.178387 0.856017 -0.532723 1.418920 1.594425 0.763833 -0.275133 0.140663 0.083989 0.823868 -0.104025 -0.583847 -0.911524 -1.285578 1.582699 0.032245 0.642780 -0.994581 -0.538405 0.466980 -2.742104 -1.243288 2.467618 -0.143209 0.078306 -1.815244 2.147201 1.026412 0.252881 2.027968 0.610077 0.798224 0.281511 -0.192021 -1.101296 -0.728310 0.612230 2.666384 -0.229505 0.201323 -1.043926 -0.135847 -0.809584 -2.085218 -1.226312 -0.744253 0.121779 -0.634388 0.160412 1.762833 1.224215 1.000000
32 0.757336 0.213692 1.999369 -0.284648 1.556353 -0.034364 0.811485 0.513797 -0.395990 0.614629 0.882207 -0.246081 -1.328916 -0.555945 1.498633 -1.626850 1.273061 -2.281167 0.346435 0.826513 1.143609 -0.141981 -0.751214 1.241369 0.918337 -1.853747 1.050344 1.151540 -0.544281 -0.172735 -0.120455 -0.221512 0.253112 -0.435777 -2.004462 0.730107 0.204548 -0.470975 -0.583421 -0.212711 -0.340137 -0.635623 -1.406076 1.014821 -0.446444 -0.003034 0.153790 -0.288348 0.003426 -1.576550 -0.451017 1.325087 -0.054342 -0.400086 0.379555 0.621639 0.980123 1.713523 0.337563 1.018389 -0.602393 -0.485571 -0.248729 -0.867856 -0.516300 -0.398165 -0.256638 0.513070 -0.483702 -1.373561 -2.424267 -0.173533 0.495229 0.475931 -1.134448 -0.685679 -0.401130 0.357924 1.457710 0.543211 0.641718 1.000000
33 -1.573721 0.133304 -1.043798 1.439961 -1.416594 -0.819076 0.963462 -0.049577 -0.939178 0.805563 1.838333 2.214468 0.942860 0.438331 -0.359609 0.543158 1.270210 -0.526487 1.783231 1.697214 -0.240339 0.819096 -0.763261 1.716824 -0.437794 -1.227450 0.041351 -0.445218 0.838708 -0.498468 1.027017 -0.722193 -1.433033 -1.206038 0.022914 -1.651293 -0.292540 -0.277336 -0.817807 0.981099 -1.421278 -0.160822 0.106868 -0.013261 0.950128 -0.218635 -0.179501 1.579140 -1.654340 0.998697 1.046266 1.284157 1.319450 -0.068401 -0.320460 0.828915 -1.533619 -1.135316 -0.231579 -0.953031 0.345405 1.170803 1.588465 0.487964 1.557224 -1.915445 -1.119378 -0.349842 -0.770971 0.295862 0.872395 1.051836 1.637128 -1.838539 -0.200218 1.472499 0.990811 -1.202573 0.995210 -1.162463 11.146127 1.000000
34 0.038641 0.488150 0.774368 -0.474549 0.695933 -0.243924 0.577424 -0.157346 1.033101 0.782790 -1.419853 -0.975511 0.567441 0.096283 0.822570 2.667747 1.067691 -1.138068 0.103192 0.540683 0.273338 0.010225 0.893037 1.093292 0.588509 0.903594 -0.689845 0.581419 0.765078 -2.813819 0.189103 1.124243 -0.079747 0.152068 1.126671 0.300337 -0.711087 -1.048490 1.230050 -0.616533 -0.872506 -0.371663 -1.082416 1.419455 -2.852834 -1.019468 -1.617822 -0.108521 -0.478436 -0.081517 -1.404287 0.074226 -0.053376 1.131793 -1.088783 2.098372 0.758710 1.594173 0.827241 1.044312 0.188188 1.290528 0.941134 0.370531 -1.426751 0.483141 -0.887947 -0.019962 -0.640742 -1.347936 -0.009094 -0.450720 1.685663 -0.267507 0.371699 1.689456 -0.526210 1.170519 -0.535663 -1.111555 1.299218 1.000000
35 -1.109818 1.920771 0.775068 -0.410076 0.605283 0.357206 0.303515 -2.471069 -0.565966 -0.248478 2.036803 -1.350055 -1.139163 0.427827 0.194845 -0.256700 -0.185566 0.520594 -0.910207 1.564839 1.165237 0.189364 -1.158390 -0.201121 -0.737339 1.353183 0.742980 1.054167 -1.075356 0.584541 0.215655 -1.085934 1.296387 -1.399345 0.004692 0.129190 -2.386491 0.774028 0.630547 0.068792 -1.901191 -0.995329 -0.378672 -0.169152 1.110431 -0.731889 -0.046101 1.392077 0.142995 -2.060643 0.267436 -0.731418 -0.400527 1.298568 -0.494082 -0.257652 -2.024460 0.410847 -0.277473 1.111191 -1.961185 0.140055 -0.239192 -1.609683 -0.041443 0.058373 -1.380903 0.265267 -1.408347 0.727876 2.231425 -0.005934 -0.557726 -1.758327 -0.054748 -0.825530 -0.685074 -1.507214 -0.715706 0.277137 0.434434 1.000000
36 -0.431209 0.275300 0.544156 -0.541397 1.169156 2.542634 0.251002 -0.799896 0.234895 -0.741528 -0.319365 0.953857 0.585796 -0.011709 -0.076060 -0.875972 1.282920 -1.905529 0.128321 2.957143 -0.177511 0.196821 -0.864720 0.178318 1.796421 -0.252013 1.397260 -0.420394 -0.600382 -0.120919 0.811809 -3.577998 1.357926 0.308236 -0.575738 0.400865 -0.286092 -0.946142 -0.385762 0.324733 0.405181 0.706866 -1.168479 0.538022 1.830177 -0.683084 -0.233695 0.622656 0.701205 -1.168475 1.513300 -0.875925 -0.043944 -0.254385 0.414161 -0.043089 1.840916 -0.944619 -1.181925 0.300361 -1.485362 -0.747905 -1.037852 1.090515 -0.142609 0.655421 -0.124360 -0.333978 0.798858 0.183069 1.266075 0.860753 0.324288 -0.418612 -0.460381 1.939162 0.054971 0.197236 1.505686 0.230951 5.425074 1.000000
37 -0.000428 -0.882862 0.393656 0.213859 -0.036811 0.849960 -0.775219 -0.137704 -0.762041 1.548916 1.743704 -0.285437 -1.199008 -1.103862 -0.620723 -0.005745 -0.182752 1.431727 -1.112962 0.784582 -0.299756 0.305837 0.549688 -1.047244 0.252500 0.195623 -1.178002 -0.305741 1.315840 1.474197 0.249450 -0.499441 -1.251922 0.070094 -2.180217 2.032793 0.021136 0.696503 0.704293 -0.901641 0.963011 -0.351495 0.146792 -0.178155 1.597045 0.370342 1.381112 -0.495796 0.551232 -0.114997 -0.094733 0.876127 -0.679130 0.705025 0.111308 -1.537917 -0.408177 -0.083009 -2.943746 0.883275 -0.253402 0.831766 -0.006832 1.642709 -0.295728 0.883658 -0.200499 0.701067 0.281330 0.108258 1.200437 -0.668690 -1.023542 -0.493131 -1.426299 0.968792 0.876439 0.148635 0.112288 -1.252794 6.051740 1.000000
38 -1.056733 0.385522 -0.890396 -1.680840 -2.859720 -0.637592 -0.438728 -0.082204 -0.662819 1.600001 -0.032484 0.542148 -0.582525 -1.746586 1.210975 -0.125820 -0.222055 0.665931 0.563735 0.483903 -1.379669 1.656754 0.823102 -0.260184 1.570697 1.004634 0.101935 0.805671 -1.902163 1.375123 0.804245 0.859151 0.423558 0.789407 1.072458 -0.071720 -2.154451 0.318646 0.312049 0.945279 0.016658 -0.439181 -0.443871 -1.850614 0.663625 -1.236080 -0.938243 1.266524 -0.050431 1.551407 -0.380031 -0.831787 -1.528232 -0.408981 -1.361271 0.671532 0.354331 -0.391014 1.444047 1.201470 0.147959 -0.023807 1.228275 -0.779487 0.806123 -1.170496 -1.145470 0.632119 0.490581 -0.994280 2.653339 0.090328 0.485130 1.272153 0.270700 0.096876 -0.041232 0.720807 0.531846 0.209939 13.546986 1.000000
39 -0.573923 0.535542 -1.585839 -0.980461 0.098816 0.602719 -0.104397 0.604205 0.025180 -1.398374 -0.594813 -0.894900 0.099841 0.671235 1.102733 -0.853822 0.172394 0.901399 0.280325 -0.758376 -0.101295 1.264347 -1.717980 0.284405 -0.715121 0.797051 -0.497547 -0.776630 1.562794 0.547756 0.818374 -0.383905 -0.048081 -0.196794 1.138597 0.144398 0.409959 -0.986159 -0.051971 -1.053766 -0.111056 1.191431 0.421891 0.752345 0.424680 0.921454 -1.185997 -0.863549 -0.513043 -0.845801 -0.030915 0.388927 1.105854 0.960638 1.037836 -0.144517 0.334485 0.519965 -1.233549 -0.124967 -0.086640 -1.797779 -0.549348 -0.739242 0.444794 1.369140 -0.343612 0.569172 -0.063019 1.476736 -0.001897 0.965369 -1.349934 1.402405 0.924648 -1.334061 -0.263253 0.130432 0.679488 -0.268178 16.823959 1.000000
40 0.790773 0.560273 1.562917 -0.786882 0.887781 0.934437 0.546205 -0.397784 -2.208754 0.000014 -0.029683 1.182724 -2.452709 2.257876 0.377738 -1.673148 0.733575 -0.219376 0.957756 -0.318013 0.750723 -0.451257 0.866448 0.172978 0.747896 0.361061 0.541309 -1.383297 0.332258 -1.008554 0.659683 -0.277375 -0.641769 -0.801448 1.654636 -0.221720 -0.970560 -1.886405 0.510378 -1.514821 -0.359239 0.410928 -0.162998 1.108158 -0.348907 0.597289 -0.860146 0.237605 -1.667829 -0.307935 -1.435147 0.455171 1.015834 -0.880918 -1.018013 -0.602461 0.731727 -1.134473 0.044238 1.079364 1.397225 -0.313294 -0.329082 -2.349788 0.254318 -0.766916 0.968029 0.034208 1.084455 1.518465 0.088414 0.085802 0.079594 0.224345 1.073282 0.138568 -1.688847 0.198565 0.896822 -0.252768 0.343563 1.000000
41 3.330812 0.670787 0.103916 1.183178 -0.527700 -0.091232 0.131015 -1.413088 0.991491 0.687460 -0.189082 -1.092361 -1.324018 -1.199407 -0.704932 0.417568 0.118358 1.204720 2.535267 0.354480 -0.989224 -0.391109 0.214451 0.266880 0.711329 -0.179382 0.273907 -0.274514 -0.427069 -1.661595 0.434171 1.883482 0.789048 0.471486 -1.431745 -0.285163 -0.613928 0.768522 -0.344974 -0.699393 1.279348 -0.442677 -1.429691 1.503818 0.792256 -2.020910 1.288505 1.111673 0.997378 0.915191 -0.291680 -0.114574 -0.220690 1.226268 -0.167848 -0.107743 0.367791 -1.207082 0.181224 0.889271 -0.082686 -0.361913 0.721574 -2.262078 -0.817548 -0.399214 0.059365 0.132361 0.338447 -0.616198 0.916110 -0.802026 0.242667 -0.123658 1.229073 1.111596 -0.769091 -1.734080 -0.945131 -1.099645 0.174934 1.000000
42 1.039154 0.441820 -1.747764 -0.488205 0.687976 -0.152142 0.007176 -1.117123 -0.103616 0.686295 -0.839223 1.363736 -0.716810 -3.331548 -1.002344 0.339955 -0.283730 -0.294371 -1.519310 1.809718 1.312810 0.139215 -0.689750 0.857644 -0.375453 -1.045263 -0.479909 -0.454718 0.040339 -0.137418 0.815652 -0.161147 -0.761866 -0.482406 -1.264112 0.223552 0.347882 0.176576 -0.143856 0.804929 -1.165328 -0.289088 -0.913932 2.668996 -1.105441 -0.769161 1.031390 0.199589 0.004607 -0.505712 0.314136 -0.910565 -0.140220 -1.224130 -0.508415 0.850563 -0.315989 -1.335714 -0.256174 1.160902 -0.335611 -1.780425 -0.194046 0.121437 -0.630164 1.135697 1.514720 1.883946 -0.806291 0.487939 -0.932130 0.731710 0.594759 -0.930366 -0.714689 -2.607608 0.199424 0.169580 0.060567 -1.384937 1.532860 1.000000
43 -0.478361 0.113418 -1.169871 2.031297 1.024173 -0.165561 -0.187948 1.215371 0.391370 1.409979 -2.861167 -0.787363 -0.612440 -0.769997 1.686171 -0.760744 -1.817613 -1.480152 -0.023638 -0.563919 1.697032 0.062159 -2.504765 -0.748306 1.242273 -0.188572 2.332965 0.029068 -1.885462 0.351123 0.299799 -0.793232 0.412043 -1.121093 0.658857 1.297269 0.777678 -0.220893 -1.290654 -0.921237 0.875456 -2.180039 1.891687 0.144548 -0.884686 -0.385547 0.162390 -1.205337 -0.092628 -0.156550 -0.630029 -1.816478 -1.853812 0.324849 0.199127 -0.809679 -0.792354 -0.802397 -0.192981 0.957223 -0.841696 -1.758881 0.000344 -1.321696 1.185711 -0.949237 1.199497 0.315734 0.494211 -1.377508 2.699909 -1.109989 0.365108 -0.191498 -0.705897 -0.296453 -0.752168 0.162140 0.077294 -1.669218 0.872559 1.000000
44 0.944448 -0.154730 0.230488 0.156393 1.066309 0.987895 -0.915160 -0.359210 -2.651725 0.434755 0.599216 -0.604956 -0.943483 2.061525 -0.286110 -0.451240 0.204783 -1.200019 0.554480 1.936021 0.219166 1.167577 0.956287 -0.568238 1.000106 2.082037 -1.186320 0.278033 0.022117 -0.751409 0.441104 -1.574703 0.041391 0.377564 1.230286 0.526183 -0.466150 0.024964 0.226644 -1.818417 -1.091277 0.923151 -1.071363 -0.369886 -0.930489 1.213794 -0.689885 -0.143591 -0.599127 -0.785055 -0.484023 -1.031331 0.052225 -0.628901 -1.568239 1.280404 -1.077682 -0.519945 0.956572 -0.311203 -1.383220 -1.269862 1.114250 0.727442 -0.532307 0.291805 -0.064270 -1.328370 -0.987457 -0.243719 -1.387885 -0.745536 -0.521081 -0.509327 0.084612 -1.750843 -0.861147 0.674967 0.340955 -0.491654 0.614584 1.000000
45 -0.466588 1.168281 -0.999988 1.296618 -0.371663 2.054165 -0.167724 0.125905 1.245413 -0.566496 -1.863422 0.933944 0.377339 0.525935 -1.181326 -0.014396 1.660914 1.248200 -1.000168 0.116407 -0.489439 0.021884 -0.173264 -0.465285 -0.003857 0.347829 0.101013 1.833128 1.329650 0.217553 1.590636 1.269661 -1.773168 -0.671961 -0.523979 -0.390898 -0.174536 -0.727880 -0.455909 -0.356889 0.986536 -0.285003 -0.422179 0.430245 -0.381122 -0.926673 -0.917716 -1.297687 -0.199672 -0.165765 -0.947252 -0.053580 -0.249845 0.851862 0.020976 -1.339100 0.614860 0.807330 -1.239286 0.986191 -1.328773 -1.018436 -0.871870 -0.278411 -0.586904 0.210402 -0.254380 -0.390131 -1.467432 1.263568 0.699256 -0.308069 1.311850 -0.272437 -0.830758 0.174987 0.067349 0.998346 0.696496 0.145849 6.363807 1.000000
46 0.371440 0.521041 -1.095536 -0.494028 -1.423907 -0.041335 1.021576 -0.619222 -1.368823 -0.220589 0.009426 1.173496 -1.510190 0.264390 -1.105816 2.109502 1.949386 1.513480 1.176696 0.466605 0.425688 0.370098 0.533671 -0.172424 -0.332744 -0.627780 0.869079 -0.477252 -1.523434 -1.849697 -0.067092 -0.278139 0.138344 0.037445 0.039926 -1.433905 0.877287 0.010301 -0.761581 0.631815 -0.918285 0.168624 -0.295228 0.730431 -0.048212 0.264009 -0.355043 1.551082 -1.513466 -0.730012 0.367484 -0.529377 -1.529410 1.144843 -1.473679 -0.269896 -2.021213 -0.807520 -1.253545 2.027589 -1.996516 -0.332284 -1.370138 0.423895 1.377086 0.589268 -1.680892 1.393288 1.607336 -0.042180 -0.472382 -1.117513 -0.114754 0.381487 0.805294 0.405204 1.354615 0.950327 0.488535 0.523844 7.262533 1.000000
47 0.380279 1.114604 2.473516 0.537593 0.511655 0.027534 0.753925 0.922904 -0.627786 -0.476388 -0.673243 1.094456 0.754928 -0.612790 1.105341 -0.164728 0.693283 0.701964 0.210076 0.653077 1.297317 0.405531 -0.576306 -0.038906 0.027177 -0.028224 -0.083053 0.032247 -0.915737 0.745692 -1.136247 1.002629 1.119494 0.771697 0.067202 -1.236897 -0.118154 -0.602284 0.677378 -0.140636 -0.856622 -1.682760 1.703464 1.908176 1.188734 0.243761 1.551483 0.567082 -0.653020 1.887840 -0.393276 0.400954 -0.399330 -0.064240 0.480463 -0.013954 0.393256 1.138217 -0.095139 0.716295 -0.902716 -0.094109 -0.827608 0.427050 -0.160342 -0.151119 -0.825569 -1.138314 0.770737 1.827872 -1.437994 0.930762 0.941734 -0.484376 1.236941 1.252517 1.687335 1.020240 2.493259 -2.648088 0.118145 1.000000
48 0.792451 1.913456 0.979510 -2.037338 -0.915655 0.834606 -1.002101 0.067708 1.607590 0.223453 -0.646866 -0.971908 -0.678632 0.318711 2.750573 -1.173369 -1.863054 -2.370043 0.580468 1.545305 -0.467030 -0.158447 0.993486 -0.377714 -0.488160 1.364191 0.003167 -0.845314 0.524252 0.387443 0.016280 -0.237330 1.599923 -1.506464 0.112108 -0.476914 0.307022 -1.618889 -0.922360 -1.697881 -0.266215 -0.296987 -0.319151 0.627117 0.634258 -0.569885 -0.293929 0.640174 -0.569474 0.712345 0.382751 -1.345719 -0.709316 0.748286 1.450329 0.732445 -0.239064 1.014326 -2.441281 0.038647 -1.609213 -0.159522 -0.353134 -1.730908 -0.951006 0.841464 0.291843 -0.549815 0.220868 0.172243 -1.521043 1.468671 -0.636714 0.038183 -0.792170 0.002915 -0.355929 -1.143431 1.501547 1.965154 6.647747 1.000000
49 -0.507951 -1.028919 0.887970 0.592469 0.220149 -0.303390 0.301733 -0.771398 1.013805 1.824229 -0.250558 1.321899 -0.899585 2.051542 -0.664365 0.697373 -0.050806 -0.699186 0.096281 -1.248408 0.332792 0.134930 0.290457 0.281048 1.467733 0.741075 -0.102658 0.385289 -1.176002 -1.066441 -0.890998 0.240559 0.365009 -2.798021 -0.176849 -0.551342 2.061760 -1.179048 -0.480580 -0.315840 2.195846 -2.157738 1.937728 -0.128978 0.695484 -0.144174 0.416465 -2.168736 -0.592315 -0.142704 1.095790 -0.139407 -0.265213 0.559751 0.366151 0.233365 -0.905845 0.310821 -0.170773 -0.174742 0.092383 0.072553 0.296087 0.981900 1.085419 1.012400 -1.484053 -0.644314 -0.511473 -0.491371 -2.148253 -0.929959 -1.185492 0.503773 0.615743 -2.014017 0.054670 0.436095 0.037183 -1.067605 17.644461 1.000000
50 -2.059527 1.233748 -0.179354 -0.230696 -1.035657 -0.548236 1.537737 0.001734 0.678189 0.443032 -1.245205 -0.511047 0.809624 0.977465 -0.666827 -0.071588 -0.280083 2.432536 0.538820 -0.098010 -0.797723 1.145716 -0.548181 0.394022 0.063318 0.234519 -1.545761 -0.781160 -0.302325 -0.641604 -1.365904 -0.504595 0.128575 1.611262 0.283916 0.449232 1.761308 -0.335571 -0.067871 0.414124 0.233481 1.045901 -1.157634 1.651477 1.556154 -0.173553 0.577454 -0.737188 0.621949 -0.664022 0.000299 0.054492 1.352266 0.628127 1.659499 -1.445797 -0.971335 -0.760598 -2.136152 -0.473644 1.417876 1.003577 0.080205 1.149666 -0.663395 -1.536479 0.365038 -0.086300 1.445774 0.211901 -1.304579 2.372541 0.726541 -1.623856 1.400053 -0.838938 -0.795823 -0.558814 0.462609 1.914731 18.636189 1.000000
uncorrelated Gaussian covariates
missing covariate fraction: 0.000000
no latent classes
   lambda(t|risk 1)=C, <t>=4.000000 for zero covariates
   risk 1: beta[1]=0.500000
   risk 1: beta[2]=0.500000
   risk 1: beta[3]=0.500000
   risk 1: beta[4]=0.500000
   risk 1: beta[5]=0.500000
   risk 1: beta[6]=-0.500000
   risk 1: beta[7]=-0.500000
   risk 1: beta[8]=-0.500000
   risk 1: beta[9]=-0.500000
   risk 1: beta[10]=-0.500000
   risk 1: beta[11]=0.000000
   risk 1: beta[12]=0.000000
   risk 1: beta[13]=0.000000
   risk 1: beta[14]=0.000000
   risk 1: beta[15]=0.000000
   risk 1: beta[16]=0.000000
   risk 1: beta[17]=0.000000
   risk 1: beta[18]=0.000000
   risk 1: beta[19]=0.000000
   risk 1: beta[20]=0.000000
   risk 1: beta[21]=0.000000
   risk 1: beta[22]=0.000000
   risk 1: beta[23]=0.000000
   risk 1: beta[24]=0.000000
   risk 1: beta[25]=0.000000
   risk 1: beta[26]=0.000000
   risk 1: beta[27]=0.000000
   risk 1: beta[28]=0.000000
   risk 1: beta[29]=0.000000
   risk 1: beta[30]=0.000000
   risk 1: beta[31]=0.000000
   risk 1: beta[32]=0.000000
   risk 1: beta[33]=0.000000
   risk 1: beta[34]=0.000000
   risk 1: beta[35]=0.000000
   risk 1: beta[36]=0.000000
   risk 1: beta[37]=0.000000
   risk 1: beta[38]=0.000000
   risk 1: beta[39]=0.000000
   risk 1: beta[40]=0.000000
   risk 1: beta[41]=0.000000
   risk 1: beta[42]=0.000000
   risk 1: beta[43]=0.000000
   risk 1: beta[44]=0.000000
   risk 1: beta[45]=0.000000
   risk 1: beta[46]=0.000000
   risk 1: beta[47]=0.000000
   risk 1: beta[48]=0.000000
   risk 1: beta[49]=0.000000
   risk 1: beta[50]=0.000000
   risk 1: beta[51]=0.000000
   risk 1: beta[52]=0.000000
   risk 1: beta[53]=0.000000
   risk 1: beta[54]=0.000000
   risk 1: beta[55]=0.000000
   risk 1: beta[56]=0.000000
   risk 1: beta[57]=0.000000
   risk 1: beta[58]=0.000000
   risk 1: beta[59]=0.000000
   risk 1: beta[60]=0.000000
   risk 1: beta[61]=0.000000
   risk 1: beta[62]=0.000000
   risk 1: beta[63]=0.000000
   risk 1: beta[64]=0.000000
   risk 1: beta[65]=0.000000
   risk 1: beta[66]=0.000000
   risk 1: beta[67]=0.000000
   risk 1: beta[68]=0.000000
   risk 1: beta[69]=0.000000
   risk 1: beta[70]=0.000000
   risk 1: beta[71]=0.000000
   risk 1: beta[72]=0.000000
   risk 1: beta[73]=0.000000
   risk 1: beta[74]=0.000000
   risk 1: beta[75]=0.000000
   risk 1: beta[76]=0.000000
   risk 1: beta[77]=0.000000
   risk 1: beta[78]=0.000000
   risk 1: beta[79]=0.000000
   risk 1: beta[80]=0.000000
