1 -0.070179005455 0.954204490059
2 0.264942931563 0.862954123618
3 -0.047251485873 1.070523976575
4 -0.043507931275 1.044084871500
5 0.283736835155 1.025868318518
6 0.150262389877 0.961412234373
7 0.131717209802 0.843089741223
8 -0.164636404452 0.969366582861
9 0.236957807179 1.158317697085
10 0.084339896667 0.829844924599
11 0.026461791726 0.992501487957
12 0.204198807754 1.016581596748
13 -0.298090439394 1.041932625715
14 0.108523496486 1.134729805970
15 0.120413656442 1.103557066927
16 0.138392329247 0.885049809027
17 0.062886247425 0.921435216420
18 -0.186009688041 1.338301211626
19 -0.036923291290 0.976277374640
20 0.242720914297 0.897071922383
21 0.029876986014 0.992417824502
22 0.129777156298 0.665110019870
23 0.076997133971 1.048328348523
24 -0.001864569085 0.785634858836
25 0.208483721962 0.845922283400
26 0.149954352902 0.940478087514
27 0.034083198764 0.943866866417
28 -0.102675017961 0.843403253727
29 -0.076657574336 1.039639496932
30 -0.102500436739 0.918809970038
31 0.043248386446 0.942537686245
32 -0.054358020918 1.031105650858
33 -0.006382555270 0.823580432903
34 -0.269519111516 0.967586689996
35 0.137438897166 1.034206100158
36 -0.094635658105 1.167685061624
37 -0.065484481981 0.990269465058
38 -0.043871173383 1.057893750096
39 -0.142008299942 0.732098767620
40 -0.014794982003 1.040371462508
41 -0.232550808625 0.995384389912
42 -0.312361439679 1.030826993619
43 -0.004491169686 0.932361638051
44 0.183624667765 0.966872933125
45 0.071158680370 1.065593158523
46 -0.036490567662 0.962918231381
47 0.020508660803 0.961935401020
48 -0.045943452530 1.122957437810
49 -0.015264321013 0.832417430022
50 -0.219674778395 1.068057984931
51 -0.004662569018 1.051986389250
52 -0.140005430722 0.900668609928
53 -0.018814318350 0.976432120914
54 0.074972244775 0.815229805713
55 0.184397483053 0.956259262208
56 0.023566060662 0.994065242577
57 -0.067271816397 1.028002782902
58 0.006004534364 0.930554944493
59 -0.100596673093 1.189331461061
60 0.395403216465 0.862604977219
61 -0.152467022869 1.091486232402
62 -0.124076486503 0.871586990571
63 0.048531625386 0.887887349330
64 -0.160912315165 1.183301203243
65 0.076505171926 0.988994008060
66 -0.115665873807 0.860414911656
67 -0.090301702193 1.062789586928
68 0.133509941757 0.824156594865
69 -0.084624083792 0.930467137771
70 0.096393054823 1.009889264954
71 -0.004061134846 1.116929630290
72 0.037043838627 0.856073223169
73 0.059138112229 0.834059437035
74 -0.206140916040 1.034342759831
75 -0.062276530941 0.764818892279
76 -0.206994471979 1.166662196349
77 -0.128990643181 0.978865446795
78 0.104159616751 0.916711480742
79 0.127543137860 1.004312425977
80 0.038291465994 1.072321640574
