active=80: 1 2 3 4 5 6 7 8 9 10 11 12 13 14 15 16 17 18 19 20 21 22 23 24 25 26 27 28 29 30 31 32 33 34 35 36 37 38 39 40 41 42 43 44 45 46 47 48 49 50 51 52 53 54 55 56 57 58 59 60 61 62 63 64 65 66 67 68 69 70 71 72 73 74 75 76 77 78 79 80 
active=79: 1 2 3 4 5 6 7 8 9 10 11 12 13 14 15 16 17 18 19 20 21 22 23 24 25 26 27 28 29 30 31 32 33 34 35 36 37 38 39 40 41 42 43 44 45 46 47 49 50 51 52 53 54 55 56 57 58 59 60 61 62 63 64 65 66 67 68 69 70 71 72 73 74 75 76 77 78 79 80 
active=78: 1 2 3 4 5 6 7 8 9 10 11 12 13 14 15 16 17 18 19 20 21 22 23 24 25 26 27 28 29 30 31 32 33 34 35 36 37 38 39 40 41 42 43 44 45 46 47 49 50 51 52 53 54 55 56 57 58 59 60 61 62 63 64 65 66 67 68 69 70 71 72 73 74 75 77 78 79 80 
active=77: 1 2 3 4 5 6 7 8 9 10 11 12 13 14 15 16 17 18 19 20 21 22 23 24 25 26 27 28 29 30 31 32 33 34 35 37 38 39 40 41 42 43 44 45 46 47 49 50 51 52 53 54 55 56 57 58 59 60 61 62 63 64 65 66 67 68 69 70 71 72 73 74 75 77 78 79 80 
active=76: 1 2 3 4 5 6 7 8 9 10 11 12 13 14 15 16 17 18 20 21 22 23 24 25 26 27 28 29 30 31 32 33 34 35 37 38 39 40 41 42 43 44 45 46 47 49 50 51 52 53 54 55 56 57 58 59 60 61 62 63 64 65 66 67 68 69 70 71 72 73 74 75 77 78 79 80 
active=75: 1 2 3 4 5 6 7 8 9 10 11 12 13 14 15 16 17 18 20 21 22 23 24 25 26 27 28 29 30 31 32 34 35 37 38 39 40 41 42 43 44 45 46 47 49 50 51 52 53 54 55 56 57 58 59 60 61 62 63 64 65 66 67 68 69 70 71 72 73 74 75 77 78 79 80 
active=74: 1 2 3 4 5 6 7 8 9 10 11 12 13 14 15 16 17 18 20 21 22 23 24 25 26 27 28 29 30 31 32 34 35 37 38 39 40 41 42 43 44 45 46 47 49 50 51 52 53 54 55 56 57 59 60 61 62 63 64 65 66 67 68 69 70 71 72 73 74 75 77 78 79 80 
active=73: 1 2 3 4 5 6 7 8 9 10 11 12 13 14 15 16 17 18 20 21 22 23 24 25 26 27 28 29 30 31 32 34 35 37 38 39 40 41 42 43 44 45 46 47 49 51 52 53 54 55 56 57 59 60 61 62 63 64 65 66 67 68 69 70 71 72 73 74 75 77 78 79 80 
active=72: 1 2 3 4 5 6 7 8 9 10 11 12 13 14 15 16 17 18 20 21 22 23 24 25 27 28 29 30 31 32 34 35 37 38 39 40 41 42 43 44 45 46 47 49 51 52 53 54 55 56 57 59 60 61 62 63 64 65 66 67 68 69 70 71 72 73 74 75 77 78 79 80 
active=71: 1 2 3 4 5 6 7 8 9 10 11 12 13 14 15 16 17 18 20 21 22 23 24 25 27 28 29 30 31 32 34 35 37 38 39 40 41 42 43 44 45 46 47 49 51 52 53 54 55 56 57 59 61 62 63 64 65 66 67 68 69 70 71 72 73 74 75 77 78 79 80 
active=70: 1 2 3 4 5 6 7 8 9 10 11 12 13 14 15 16 17 18 20 21 22 23 24 25 27 28 29 30 31 32 34 35 37 38 39 40 41 42 43 44 45 46 47 49 51 52 53 54 55 56 57 59 61 62 63 64 65 66 67 68 69 70 72 73 74 75 77 78 79 80 
active=69: 1 2 3 4 5 6 7 8 9 10 11 12 13 14 15 16 17 18 20 21 22 23 24 25 27 28 29 30 31 32 34 35 37 38 39 40 41 42 43 44 45 46 47 49 52 53 54 55 56 57 59 61 62 63 64 65 66 67 68 69 70 72 73 74 75 77 78 79 80 
active=68: 1 2 3 4 5 6 7 8 9 10 11 12 13 14 15 16 17 18 20 21 22 23 24 25 27 28 29 30 31 32 34 35 37 38 39 40 41 42 43 44 45 46 47 49 52 53 54 55 56 57 59 61 62 63 64 65 66 67 68 69 70 72 73 75 77 78 79 80 
active=67: 1 2 3 4 5 6 7 8 9 10 11 12 13 14 15 16 17 18 20 21 22 23 24 25 27 28 29 30 31 32 34 35 37 38 39 40 41 42 43 44 45 46 47 49 52 53 54 55 56 57 59 62 63 64 65 66 67 68 69 70 72 73 75 77 78 79 80 
active=66: 1 2 3 4 5 6 7 8 9 10 11 12 13 14 16 17 18 20 21 22 23 24 25 27 28 29 30 31 32 34 35 37 38 39 40 41 42 43 44 45 46 47 49 52 53 54 55 56 57 59 62 63 64 65 66 67 68 69 70 72 73 75 77 78 79 80 
active=65: 1 2 3 4 5 6 7 8 9 10 11 12 13 14 16 17 20 21 22 23 24 25 27 28 29 30 31 32 34 35 37 38 39 40 41 42 43 44 45 46 47 49 52 53 54 55 56 57 59 62 63 64 65 66 67 68 69 70 72 73 75 77 78 79 80 
active=64: 1 2 3 4 5 6 7 8 9 10 11 12 13 14 16 17 20 21 22 23 24 25 27 28 29 30 31 32 34 35 37 38 39 40 41 42 43 44 45 46 47 49 52 53 54 55 56 57 59 62 63 64 65 66 67 68 69 72 73 75 77 78 79 80 
active=63: 1 2 3 4 5 6 7 8 9 10 11 12 13 14 16 17 20 21 22 24 25 27 28 29 30 31 32 34 35 37 38 39 40 41 42 43 44 45 46 47 49 52 53 54 55 56 57 59 62 63 64 65 66 67 68 69 72 73 75 77 78 79 80 
active=62: 1 2 3 4 5 6 7 8 9 10 11 13 14 16 17 20 21 22 24 25 27 28 29 30 31 32 34 35 37 38 39 40 41 42 43 44 45 46 47 49 52 53 54 55 56 57 59 62 63 64 65 66 67 68 69 72 73 75 77 78 79 80 
active=61: 1 2 3 4 5 6 7 8 9 10 11 13 14 16 17 20 21 22 24 25 27 28 29 31 32 34 35 37 38 39 40 41 42 43 44 45 46 47 49 52 53 54 55 56 57 59 62 63 64 65 66 67 68 69 72 73 75 77 78 79 80 
active=60: 1 2 3 4 5 6 7 8 9 10 11 13 14 16 17 20 22 24 25 27 28 29 31 32 34 35 37 38 39 40 41 42 43 44 45 46 47 49 52 53 54 55 56 57 59 62 63 64 65 66 67 68 69 72 73 75 77 78 79 80 
active=59: 1 2 3 4 5 6 7 8 9 10 11 13 14 16 17 20 22 24 25 27 29 31 32 34 35 37 38 39 40 41 42 43 44 45 46 47 49 52 53 54 55 56 57 59 62 63 64 65 66 67 68 69 72 73 75 77 78 79 80 
active=58: 1 2 3 4 5 6 7 8 9 10 11 13 14 16 17 20 22 24 25 27 29 31 32 34 35 37 38 39 40 41 42 43 44 45 46 47 49 52 53 54 55 56 57 59 62 63 64 65 66 67 68 69 72 73 75 77 78 80 
active=57: 1 2 3 4 5 6 7 8 9 10 11 13 14 16 17 20 22 24 25 27 29 31 32 34 35 37 38 39 40 41 42 43 44 45 47 49 52 53 54 55 56 57 59 62 63 64 65 66 67 68 69 72 73 75 77 78 80 
active=56: 1 2 3 4 5 6 7 8 9 10 13 14 16 17 20 22 24 25 27 29 31 32 34 35 37 38 39 40 41 42 43 44 45 47 49 52 53 54 55 56 57 59 62 63 64 65 66 67 68 69 72 73 75 77 78 80 
active=55: 1 2 3 4 5 6 7 8 9 10 13 14 16 17 20 22 24 25 27 29 31 32 34 35 37 38 39 40 41 42 43 44 45 47 49 52 53 54 55 56 57 59 62 63 64 66 67 68 69 72 73 75 77 78 80 
active=54: 1 2 3 4 5 6 7 8 9 10 13 14 16 17 20 24 25 27 29 31 32 34 35 37 38 39 40 41 42 43 44 45 47 49 52 53 54 55 56 57 59 62 63 64 66 67 68 69 72 73 75 77 78 80 
active=53: 1 2 3 4 5 6 7 8 9 10 13 14 16 17 20 24 25 27 29 31 32 34 35 37 38 39 40 41 42 43 44 45 47 49 52 54 55 56 57 59 62 63 64 66 67 68 69 72 73 75 77 78 80 
active=52: 1 2 3 4 5 6 7 8 9 10 13 14 17 20 24 25 27 29 31 32 34 35 37 38 39 40 41 42 43 44 45 47 49 52 54 55 56 57 59 62 63 64 66 67 68 69 72 73 75 77 78 80 
active=51: 1 2 3 4 5 6 7 8 9 10 13 14 17 20 24 25 27 29 31 32 34 35 37 38 39 40 41 42 43 44 45 47 49 52 54 55 56 57 59 62 64 66 67 68 69 72 73 75 77 78 80 
active=50: 1 2 3 4 5 6 7 8 9 10 13 14 17 20 24 25 27 29 31 32 34 35 37 38 39 40 41 42 43 44 45 47 49 52 54 55 56 57 59 62 64 66 67 68 69 72 73 75 78 80 
active=49: 1 2 3 4 5 6 7 8 9 10 13 14 17 20 24 25 27 29 31 32 35 37 38 39 40 41 42 43 44 45 47 49 52 54 55 56 57 59 62 64 66 67 68 69 72 73 75 78 80 
active=48: 1 2 3 4 5 6 7 8 9 10 13 14 17 20 24 25 27 29 31 32 35 37 38 39 40 41 42 43 44 45 47 49 52 54 55 56 57 59 62 64 66 68 69 72 73 75 78 80 
active=47: 1 2 3 4 5 6 7 8 9 10 13 14 17 20 24 25 29 31 32 35 37 38 39 40 41 42 43 44 45 47 49 52 54 55 56 57 59 62 64 66 68 69 72 73 75 78 80 
active=46: 1 2 3 4 5 6 7 8 9 10 13 14 17 20 24 25 29 31 32 35 37 38 39 40 41 42 44 45 47 49 52 54 55 56 57 59 62 64 66 68 69 72 73 75 78 80 
active=45: 1 2 3 4 5 6 7 8 9 10 13 14 17 20 24 25 29 31 32 35 37 38 39 40 41 42 44 45 47 49 52 54 55 56 57 59 62 64 66 68 72 73 75 78 80 
active=44: 1 2 3 4 5 6 7 8 9 10 13 14 17 20 24 25 31 32 35 37 38 39 40 41 42 44 45 47 49 52 54 55 56 57 59 62 64 66 68 72 73 75 78 80 
active=43: 1 2 3 4 5 6 7 8 9 10 13 14 17 20 24 25 31 32 35 37 38 39 40 41 42 44 45 47 49 52 54 55 56 57 62 64 66 68 72 73 75 78 80 
active=42: 1 2 3 4 5 6 7 8 9 10 13 14 17 20 24 25 31 35 37 38 39 40 41 42 44 45 47 49 52 54 55 56 57 62 64 66 68 72 73 75 78 80 
active=41: 1 2 3 4 5 6 7 8 9 10 13 14 17 20 24 25 31 35 37 38 39 40 41 42 44 45 47 49 52 54 55 56 57 62 64 66 68 72 73 75 78 
active=40: 1 2 3 4 5 6 7 8 9 10 13 14 17 20 24 25 31 35 37 38 39 40 41 42 44 45 47 49 52 54 55 56 57 62 64 68 72 73 75 78 
active=39: 1 2 3 4 5 6 7 8 9 10 13 14 17 20 24 25 31 35 37 38 39 40 41 42 44 45 47 49 52 54 56 57 62 64 68 72 73 75 78 
active=38: 1 2 3 4 5 6 7 8 9 10 13 14 17 20 24 25 31 35 37 38 39 40 41 42 45 47 49 52 54 56 57 62 64 68 72 73 75 78 
active=37: 1 2 3 4 5 6 7 8 9 10 13 14 17 20 24 25 35 37 38 39 40 41 42 45 47 49 52 54 56 57 62 64 68 72 73 75 78 
active=36: 1 2 3 4 5 6 7 8 9 10 13 14 17 20 24 25 35 37 38 40 41 42 45 47 49 52 54 56 57 62 64 68 72 73 75 78 
active=35: 1 2 3 4 5 6 7 8 9 10 13 14 20 24 25 35 37 38 40 41 42 45 47 49 52 54 56 57 62 64 68 72 73 75 78 
active=34: 1 2 3 4 5 6 7 8 9 10 13 14 20 24 25 35 37 38 40 41 42 45 49 52 54 56 57 62 64 68 72 73 75 78 
active=33: 1 2 3 4 5 6 7 8 9 10 13 14 20 24 25 35 37 38 40 41 42 45 49 54 56 57 62 64 68 72 73 75 78 
active=32: 1 2 3 4 5 6 7 8 9 10 13 14 20 24 25 35 37 38 40 41 42 45 49 54 56 57 62 64 68 72 73 78 
active=31: 1 2 3 4 5 6 7 8 9 10 13 14 20 24 25 35 37 38 40 41 45 49 54 56 57 62 64 68 72 73 78 
active=30: 1 2 3 4 5 6 7 8 9 10 13 14 20 24 25 35 37 38 40 41 49 54 56 57 62 64 68 72 73 78 
active=29: 1 2 3 4 5 6 7 8 9 10 13 14 20 24 25 35 37 38 41 49 54 56 57 62 64 68 72 73 78 
active=28: 1 2 3 4 5 6 7 8 9 10 13 14 20 24 25 35 37 38 41 49 54 56 62 64 68 72 73 78 
active=27: 1 2 3 4 5 6 7 8 9 10 13 14 20 24 25 35 37 38 41 49 54 56 62 68 72 73 78 
active=26: 1 2 3 4 5 6 7 8 9 10 13 14 20 24 25 35 37 38 41 49 54 56 68 72 73 78 
active=25: 1 2 3 4 5 6 7 8 9 10 13 14 20 24 25 35 37 38 41 49 54 56 68 73 78 
active=24: 1 2 3 4 5 6 7 8 9 10 13 14 20 24 25 35 37 38 41 49 54 56 68 73 
active=23: 1 2 3 4 5 6 7 8 9 10 14 20 24 25 35 37 38 41 49 54 56 68 73 
active=22: 1 2 3 4 5 6 7 8 9 10 14 20 24 25 37 38 41 49 54 56 68 73 
active=21: 1 2 3 4 5 6 7 8 9 10 14 20 24 37 38 41 49 54 56 68 73 
active=20: 1 2 3 4 5 6 7 8 9 10 14 20 24 37 38 41 49 54 68 73 
active=19: 1 2 3 4 5 6 7 8 9 10 14 20 24 38 41 49 54 68 73 
active=18: 1 2 3 4 5 6 7 8 9 10 14 20 24 38 41 49 54 73 
active=17: 1 2 3 4 5 6 7 8 9 10 14 20 24 41 49 54 73 
active=16: 1 2 3 4 5 6 7 8 9 10 14 20 41 49 54 73 
active=15: 1 2 3 4 5 6 7 8 9 10 14 20 41 49 54 
active=14: 1 2 3 4 5 6 7 8 9 10 20 41 49 54 
active=13: 1 2 3 4 5 6 7 8 9 10 41 49 54 
active=12: 1 2 3 4 5 6 7 8 9 10 41 54 
active=11: 1 2 3 4 5 6 7 8 9 10 41 
active=10: 1 2 3 4 5 6 7 8 9 10 
active=9: 1 2 3 4 5 6 7 8 9 
active=8: 1 2 3 4 6 7 8 9 
active=7: 1 2 4 6 7 8 9 
active=6: 1 2 4 6 7 8 
active=5: 1 2 6 7 8 
active=4: 2 6 7 8 
active=3: 6 7 8 
active=2: 7 8 
active=1: 7 
