0.000000 0.500000
1.000000 0.582600
2.000000 0.605200
3.000000 0.648000
4.000000 0.690500
5.000000 0.732500
6.000000 0.719800
7.000000 0.745400
8.000000 0.761200
9.000000 0.799800
10.000000 0.822200
11.000000 0.823700
12.000000 0.849800
13.000000 0.852400
14.000000 0.842900
15.000000 0.850700
16.000000 0.855600
17.000000 0.861900
18.000000 0.859900
19.000000 0.863000
20.000000 0.867800
21.000000 0.864700
22.000000 0.865000
23.000000 0.877800
24.000000 0.898000
25.000000 0.892900
26.000000 0.907100
27.000000 0.907300
28.000000 0.907200
29.000000 0.909900
30.000000 0.911900
31.000000 0.922900
32.000000 0.917900
33.000000 0.920900
34.000000 0.925700
35.000000 0.925100
36.000000 0.924800
37.000000 0.926400
38.000000 0.934300
39.000000 0.936900
40.000000 0.930800
41.000000 0.937000
42.000000 0.941600
43.000000 0.937400
44.000000 0.941100
45.000000 0.942800
46.000000 0.947900
47.000000 0.949900
48.000000 0.946900
49.000000 0.949800
50.000000 0.953900
51.000000 0.952300
52.000000 0.953900
53.000000 0.954600
54.000000 0.956700
55.000000 0.957700
56.000000 0.957100
57.000000 0.961000
58.000000 0.960800
59.000000 0.962400
60.000000 0.959200
61.000000 0.963600
62.000000 0.964200
63.000000 0.964400
64.000000 0.967400
65.000000 0.966000
66.000000 0.968000
67.000000 0.965000
68.000000 0.967200
69.000000 0.970200
70.000000 0.969600
71.000000 0.970600
72.000000 0.969700
73.000000 0.971500
74.000000 0.970800
75.000000 0.974000
76.000000 0.971400
77.000000 0.975000
78.000000 0.972600
79.000000 0.972900
80.000000 0.975600
