1 0.080416787234 0.999027961563
2 0.118904434783 1.102012769349
3 -0.150297021277 1.044696131619
4 -0.112495938776 1.143350295636
5 0.263654888889 0.817342639543
6 0.035078212766 1.152617063431
7 -0.042611391304 0.842558784345
8 -0.273544765957 1.024115703514
9 0.004946854167 1.080085578491
10 0.059082021277 1.049531284784
11 0.175232645833 0.943886031753
12 0.007637104167 1.230823666567
13 -0.266376765957 0.921951602989
14 0.083110531915 1.106057341390
15 -0.059241000000 0.995922824891
16 -0.038621816327 1.016582124375
17 0.017960847826 0.861320930393
18 0.216606734694 0.851825342790
19 -0.060276836735 0.904575123934
20 -0.135328361702 0.931291744708
21 0.200130816327 1.124098209123
22 0.112612836735 0.915779833079
23 -0.096098250000 0.858884096883
24 0.018924000000 1.037242029189
25 -0.148967613636 1.176761440831
26 0.124007333333 1.037290288174
27 0.276502500000 1.097266502464
28 -0.154141088889 1.051438869897
29 0.064411204082 1.052898368399
30 0.196919938776 0.944229772959
31 0.229027673469 1.052274293895
32 -0.034286408163 0.988006573879
33 -0.016625680000 0.939107922329
34 -0.024369260870 1.013663012245
35 -0.060840191489 0.919396150706
36 0.048279428571 0.851146048943
37 -0.110253152174 0.876964012611
38 -0.077100808511 1.061326019569
39 -0.177536888889 1.139987995999
40 -0.059710000000 1.105700318120
41 -0.002277448980 1.049751546801
42 -0.189531680851 0.966713462178
43 0.181600545455 0.942007466434
44 0.151345936170 1.044560389727
45 -0.240772224490 0.743854764455
46 -0.168454708333 0.984502770616
47 -0.031761163265 0.975008378498
48 0.007291521739 1.021966383878
49 -0.197981812500 1.035049174930
50 -0.048803021739 0.879880469063
51 -0.096527562500 0.923236248811
52 0.272980400000 1.045608286194
53 -0.139150085106 0.987269660969
54 -0.030124320000 1.134719033149
55 -0.142826458333 0.927590141518
56 0.177277875000 0.992981703872
57 -0.257915187500 0.944554585888
58 -0.042038425532 1.122683472373
59 0.258766000000 1.323389521870
60 -0.122977565217 1.174256922371
61 -0.104673729167 0.940947112865
62 0.161270166667 1.060293693874
63 -0.095368340000 1.032261753768
64 0.124804021277 1.117544825742
65 0.141614382979 0.710213213919
66 0.105872580000 0.948157395601
67 0.071028187500 0.845869244776
68 -0.215919469388 0.891418738192
69 0.018863020408 1.116831428192
70 -0.133124744681 1.034805413457
71 -0.188352571429 1.081584359982
72 -0.086811081633 0.946677375044
73 -0.102727734694 0.926083185220
74 0.224321489796 0.979571542737
75 0.094837553191 0.931943383272
76 0.090088739130 1.117834300388
77 -0.005360291667 1.270482105229
78 -0.091366319149 1.066734221760
79 -0.141963780000 1.026576639908
80 0.056834565217 0.896424850837
