0.000000 0.500000
1.000000 0.591159
2.000000 0.680488
3.000000 0.696159
4.000000 0.713841
5.000000 0.724695
6.000000 0.741098
7.000000 0.738963
8.000000 0.758293
9.000000 0.775671
10.000000 0.778659
11.000000 0.788049
12.000000 0.801402
13.000000 0.810183
14.000000 0.838293
15.000000 0.833415
16.000000 0.843171
17.000000 0.846951
18.000000 0.849878
19.000000 0.853659
20.000000 0.852805
21.000000 0.860061
22.000000 0.861463
23.000000 0.865427
24.000000 0.864207
25.000000 0.867622
26.000000 0.867073
27.000000 0.869634
28.000000 0.875854
29.000000 0.878902
30.000000 0.881037
31.000000 0.889939
32.000000 0.892195
33.000000 0.891402
34.000000 0.896768
35.000000 0.900122
36.000000 0.900732
37.000000 0.906951
38.000000 0.905183
39.000000 0.906220
40.000000 0.906585
41.000000 0.910427
42.000000 0.913293
43.000000 0.914329
44.000000 0.912378
45.000000 0.913720
46.000000 0.909817
47.000000 0.914939
48.000000 0.916829
49.000000 0.915183
50.000000 0.915244
51.000000 0.918049
52.000000 0.920183
53.000000 0.921098
54.000000 0.924207
55.000000 0.924268
56.000000 0.927378
57.000000 0.927988
58.000000 0.927439
59.000000 0.929207
60.000000 0.930000
61.000000 0.934512
62.000000 0.931829
63.000000 0.932195
64.000000 0.932012
65.000000 0.934695
66.000000 0.936463
67.000000 0.933720
68.000000 0.933476
69.000000 0.937134
70.000000 0.935610
71.000000 0.937683
72.000000 0.936524
73.000000 0.940000
74.000000 0.944634
75.000000 0.942988
76.000000 0.941585
77.000000 0.942256
78.000000 0.940366
79.000000 0.941707
80.000000 0.941829
81.000000 0.940488
82.000000 0.944329
83.000000 0.946220
84.000000 0.946768
85.000000 0.948110
86.000000 0.948171
87.000000 0.949329
88.000000 0.948171
89.000000 0.951037
90.000000 0.950305
91.000000 0.949207
92.000000 0.950671
93.000000 0.949390
94.000000 0.950671
95.000000 0.951829
96.000000 0.953415
97.000000 0.952805
98.000000 0.954512
99.000000 0.953537
100.000000 0.955183
101.000000 0.956402
102.000000 0.956463
103.000000 0.955122
104.000000 0.954573
105.000000 0.956220
106.000000 0.957439
107.000000 0.956220
108.000000 0.956463
109.000000 0.957866
110.000000 0.958354
111.000000 0.957439
112.000000 0.958049
113.000000 0.957500
114.000000 0.958963
115.000000 0.961402
116.000000 0.958110
117.000000 0.959085
118.000000 0.959817
119.000000 0.960366
120.000000 0.961768
121.000000 0.958780
122.000000 0.960305
123.000000 0.962195
124.000000 0.961890
125.000000 0.961524
126.000000 0.961037
127.000000 0.962439
128.000000 0.963415
129.000000 0.963415
130.000000 0.962866
131.000000 0.963171
132.000000 0.963476
133.000000 0.963841
134.000000 0.963415
135.000000 0.963293
136.000000 0.963963
137.000000 0.963902
138.000000 0.964878
139.000000 0.965000
140.000000 0.965671
141.000000 0.965732
142.000000 0.965732
143.000000 0.967012
144.000000 0.965976
145.000000 0.966220
146.000000 0.965122
147.000000 0.966768
148.000000 0.967012
149.000000 0.966707
150.000000 0.966646
151.000000 0.967622
152.000000 0.966768
153.000000 0.967805
154.000000 0.968293
155.000000 0.967988
156.000000 0.968537
157.000000 0.968354
158.000000 0.968110
159.000000 0.967927
160.000000 0.969085
