0.000000 0.500000
1.000000 0.614100
2.000000 0.625200
3.000000 0.653600
4.000000 0.655800
5.000000 0.655900
6.000000 0.654100
7.000000 0.686400
8.000000 0.728800
9.000000 0.740400
10.000000 0.743300
11.000000 0.773400
12.000000 0.791400
13.000000 0.786700
14.000000 0.809400
15.000000 0.804100
16.000000 0.800400
17.000000 0.814300
18.000000 0.809200
19.000000 0.798900
20.000000 0.821700
21.000000 0.830000
22.000000 0.821100
23.000000 0.818200
24.000000 0.817500
25.000000 0.800900
26.000000 0.806000
27.000000 0.800200
28.000000 0.817900
29.000000 0.808100
30.000000 0.818200
31.000000 0.809600
32.000000 0.812900
33.000000 0.814000
34.000000 0.813000
35.000000 0.802200
36.000000 0.796200
37.000000 0.794100
38.000000 0.805300
39.000000 0.796000
40.000000 0.799400
41.000000 0.797100
42.000000 0.789700
43.000000 0.796500
44.000000 0.786900
45.000000 0.790100
46.000000 0.780800
47.000000 0.775600
48.000000 0.777600
49.000000 0.765500
50.000000 0.768500
51.000000 0.772700
52.000000 0.767100
53.000000 0.766300
54.000000 0.747100
55.000000 0.751900
56.000000 0.752700
57.000000 0.746200
58.000000 0.737500
59.000000 0.739700
60.000000 0.740800
61.000000 0.730000
62.000000 0.734400
63.000000 0.723800
64.000000 0.730100
65.000000 0.724800
66.000000 0.719000
67.000000 0.717200
68.000000 0.716700
69.000000 0.717600
70.000000 0.712900
71.000000 0.700900
72.000000 0.700400
73.000000 0.693800
74.000000 0.699700
75.000000 0.689400
76.000000 0.683400
77.000000 0.679700
78.000000 0.681700
79.000000 0.681700
80.000000 0.681200
81.000000 0.675100
82.000000 0.678800
83.000000 0.670200
84.000000 0.664500
85.000000 0.669100
86.000000 0.660300
87.000000 0.656100
88.000000 0.659900
89.000000 0.653000
90.000000 0.652300
91.000000 0.643200
92.000000 0.654000
93.000000 0.649900
94.000000 0.640800
95.000000 0.641300
96.000000 0.640100
97.000000 0.630000
98.000000 0.631800
99.000000 0.622800
100.000000 0.630300
