0.000000 0.500000 0.500000
1.000000 0.614100 0.611900
2.000000 0.625200 0.638400
3.000000 0.653600 0.668400
4.000000 0.655800 0.690200
5.000000 0.655900 0.699000
6.000000 0.654100 0.704700
7.000000 0.686400 0.719800
8.000000 0.728800 0.782000
9.000000 0.740400 0.803500
10.000000 0.743300 0.806000
11.000000 0.773400 0.827500
12.000000 0.791400 0.851300
13.000000 0.786700 0.849100
14.000000 0.809400 0.858000
15.000000 0.804100 0.866100
16.000000 0.800400 0.856700
17.000000 0.814300 0.877000
18.000000 0.809200 0.876700
19.000000 0.798900 0.885800
20.000000 0.821700 0.900400
21.000000 0.830000 0.909100
22.000000 0.821100 0.911700
23.000000 0.818200 0.905200
24.000000 0.817500 0.907900
25.000000 0.800900 0.901300
26.000000 0.806000 0.913200
27.000000 0.800200 0.901400
28.000000 0.817900 0.911700
29.000000 0.808100 0.911900
30.000000 0.818200 0.921100
31.000000 0.809600 0.921000
32.000000 0.812900 0.924500
33.000000 0.814000 0.918100
34.000000 0.813000 0.935800
35.000000 0.802200 0.932700
36.000000 0.796200 0.933100
37.000000 0.794100 0.940300
38.000000 0.805300 0.939200
39.000000 0.796000 0.947800
40.000000 0.799400 0.945400
41.000000 0.797100 0.939300
42.000000 0.789700 0.943500
43.000000 0.796500 0.948500
44.000000 0.786900 0.950000
45.000000 0.790100 0.945100
46.000000 0.780800 0.947700
47.000000 0.775600 0.945000
48.000000 0.777600 0.953700
49.000000 0.765500 0.950000
50.000000 0.768500 0.952800
51.000000 0.772700 0.950500
52.000000 0.767100 0.955500
53.000000 0.766300 0.956700
54.000000 0.747100 0.958100
55.000000 0.751900 0.956700
56.000000 0.752700 0.960700
57.000000 0.746200 0.956400
58.000000 0.737500 0.957800
59.000000 0.739700 0.957500
60.000000 0.740800 0.956900
61.000000 0.730000 0.956000
62.000000 0.734400 0.959000
63.000000 0.723800 0.960400
64.000000 0.730100 0.962300
65.000000 0.724800 0.963400
66.000000 0.719000 0.960000
67.000000 0.717200 0.962900
68.000000 0.716700 0.963100
69.000000 0.717600 0.964100
70.000000 0.712900 0.964000
71.000000 0.700900 0.962700
72.000000 0.700400 0.963800
73.000000 0.693800 0.966200
74.000000 0.699700 0.965900
75.000000 0.689400 0.967300
76.000000 0.683400 0.967100
77.000000 0.679700 0.966700
78.000000 0.681700 0.968200
79.000000 0.681700 0.968000
80.000000 0.681200 0.968700
81.000000 0.675100 0.968000
82.000000 0.678800 0.970500
83.000000 0.670200 0.969800
84.000000 0.664500 0.969200
85.000000 0.669100 0.969700
86.000000 0.660300 0.970100
87.000000 0.656100 0.970900
88.000000 0.659900 0.971800
89.000000 0.653000 0.971800
90.000000 0.652300 0.971800
91.000000 0.643200 0.971300
92.000000 0.654000 0.972200
93.000000 0.649900 0.972900
94.000000 0.640800 0.974500
95.000000 0.641300 0.974800
96.000000 0.640100 0.973300
97.000000 0.630000 0.973800
98.000000 0.631800 0.973300
99.000000 0.622800 0.974700
100.000000 0.630300 0.974000
