0.000000 0.500000
1.000000 0.689583
2.000000 0.787292
3.000000 0.782083
4.000000 0.793542
5.000000 0.797708
6.000000 0.841042
7.000000 0.855833
8.000000 0.860417
9.000000 0.887500
10.000000 0.912708
11.000000 0.912083
12.000000 0.917917
13.000000 0.929375
14.000000 0.932292
15.000000 0.929792
16.000000 0.927292
17.000000 0.932500
18.000000 0.941875
19.000000 0.940417
20.000000 0.942083
21.000000 0.946250
22.000000 0.947708
23.000000 0.947917
24.000000 0.950625
25.000000 0.953542
26.000000 0.953125
27.000000 0.960417
28.000000 0.955833
29.000000 0.957708
30.000000 0.962083
31.000000 0.962500
32.000000 0.964167
33.000000 0.963333
34.000000 0.966667
35.000000 0.966458
36.000000 0.962708
37.000000 0.968333
38.000000 0.968750
39.000000 0.969167
40.000000 0.968750
