0.000000 0.509400
1.000000 0.654600
2.000000 0.674600
3.000000 0.758100
4.000000 0.777400
5.000000 0.792300
6.000000 0.826100
7.000000 0.831800
8.000000 0.847900
9.000000 0.854800
10.000000 0.870200
11.000000 0.870300
12.000000 0.873600
13.000000 0.890100
14.000000 0.886100
15.000000 0.900200
16.000000 0.906400
17.000000 0.903600
18.000000 0.900500
19.000000 0.909400
20.000000 0.907400
21.000000 0.920700
22.000000 0.919700
23.000000 0.913500
24.000000 0.919500
25.000000 0.926200
26.000000 0.918700
27.000000 0.919000
28.000000 0.922300
29.000000 0.915500
30.000000 0.912400
31.000000 0.919400
32.000000 0.919300
33.000000 0.923000
34.000000 0.920100
35.000000 0.922400
36.000000 0.920000
37.000000 0.923700
38.000000 0.932200
39.000000 0.928200
40.000000 0.930300
41.000000 0.927600
42.000000 0.932400
43.000000 0.930900
44.000000 0.931900
45.000000 0.932900
46.000000 0.933300
47.000000 0.935600
48.000000 0.937900
49.000000 0.937600
50.000000 0.940800
51.000000 0.936700
52.000000 0.942900
53.000000 0.945200
54.000000 0.944200
55.000000 0.945600
56.000000 0.947200
57.000000 0.950200
58.000000 0.950300
59.000000 0.949800
60.000000 0.953300
61.000000 0.952000
62.000000 0.953000
63.000000 0.953100
64.000000 0.954500
65.000000 0.956900
66.000000 0.959700
67.000000 0.958000
68.000000 0.958000
69.000000 0.958200
70.000000 0.961000
71.000000 0.962600
72.000000 0.963700
73.000000 0.962100
74.000000 0.963100
75.000000 0.964500
76.000000 0.963100
77.000000 0.962600
78.000000 0.966400
79.000000 0.968300
80.000000 0.967900
81.000000 0.965700
82.000000 0.966800
83.000000 0.968900
84.000000 0.968300
85.000000 0.966900
86.000000 0.967200
87.000000 0.970200
88.000000 0.969100
89.000000 0.969800
90.000000 0.970300
91.000000 0.971600
92.000000 0.969500
93.000000 0.971600
94.000000 0.970900
95.000000 0.972500
96.000000 0.974300
97.000000 0.971900
98.000000 0.974300
99.000000 0.972800
100.000000 0.974300
