0.000000 0.500000
1.000000 0.581042
2.000000 0.659271
3.000000 0.683958
4.000000 0.694167
5.000000 0.733958
6.000000 0.762292
7.000000 0.786562
8.000000 0.805000
9.000000 0.826250
10.000000 0.831771
11.000000 0.831458
12.000000 0.843750
13.000000 0.864062
14.000000 0.857292
15.000000 0.859583
16.000000 0.852187
17.000000 0.845208
18.000000 0.843333
19.000000 0.839583
20.000000 0.835104
21.000000 0.843125
22.000000 0.850729
23.000000 0.846250
24.000000 0.852187
25.000000 0.854375
26.000000 0.865000
27.000000 0.864375
28.000000 0.868854
29.000000 0.878229
30.000000 0.878021
31.000000 0.886250
32.000000 0.881562
33.000000 0.890312
34.000000 0.897917
35.000000 0.896875
36.000000 0.900625
37.000000 0.900104
38.000000 0.904583
39.000000 0.906250
40.000000 0.911667
41.000000 0.917292
42.000000 0.916146
43.000000 0.917187
44.000000 0.920521
45.000000 0.921042
46.000000 0.926146
47.000000 0.927708
48.000000 0.926875
49.000000 0.927812
50.000000 0.928854
51.000000 0.928750
52.000000 0.935729
53.000000 0.933229
54.000000 0.932083
55.000000 0.936771
56.000000 0.935417
57.000000 0.939687
58.000000 0.937500
59.000000 0.940417
60.000000 0.943125
61.000000 0.943229
62.000000 0.947396
63.000000 0.949687
64.000000 0.949167
65.000000 0.948333
66.000000 0.950938
67.000000 0.953542
68.000000 0.954688
69.000000 0.954062
70.000000 0.956250
71.000000 0.956563
72.000000 0.958125
73.000000 0.960313
74.000000 0.960208
75.000000 0.961042
76.000000 0.961875
77.000000 0.962500
78.000000 0.961354
79.000000 0.961042
80.000000 0.964271
