0.000000 0.500000 0.500000
1.000000 0.502300 0.531000
2.000000 0.515200 0.555900
3.000000 0.511000 0.557300
4.000000 0.508300 0.588900
5.000000 0.513600 0.596700
6.000000 0.503800 0.601300
7.000000 0.504700 0.599200
8.000000 0.491800 0.609400
9.000000 0.506200 0.616000
10.000000 0.496500 0.616000
11.000000 0.488900 0.623900
12.000000 0.485200 0.629000
13.000000 0.477700 0.642700
14.000000 0.477100 0.649700
15.000000 0.487300 0.663000
16.000000 0.472300 0.659000
17.000000 0.472700 0.670700
18.000000 0.470300 0.672700
19.000000 0.462100 0.683900
20.000000 0.465100 0.680400
