1 -0.110737655556 0.972684402222
2 0.144067037500 0.851680990910
3 -0.054932336957 1.074420744991
4 0.175763955556 0.857475696676
5 -0.009645640449 1.049032235107
6 -0.001108373626 0.955031981866
7 0.042868696629 0.882558390902
8 -0.075389764045 0.892302759267
9 -0.014331494382 0.996743042528
10 0.106705571429 0.988445850624
11 -0.012890861702 0.993385608193
12 -0.054527898876 0.960720905830
13 -0.093756329545 0.905397277448
14 -0.075776228261 1.028060324713
15 -0.029487528090 0.945566679289
16 -0.053890926316 0.964871233725
17 -0.247517225806 0.972980617154
18 -0.119895244681 1.004492240776
19 0.168814835165 1.055277898786
20 -0.085534230769 0.950624319693
21 0.014922443182 0.963071852049
22 -0.063220788889 0.897604323587
23 -0.182139404494 1.077441608385
24 0.187772238636 1.007748120297
25 0.069063522727 1.079337398248
26 0.085104139785 1.031638896869
27 0.122370431818 0.938168621269
28 -0.033652378947 1.014557580152
29 -0.041111011364 0.923548610320
30 -0.045778228261 1.051259659013
31 0.127122224719 1.005220667864
32 -0.028706302326 0.943633905438
33 0.114032631579 1.007635782390
34 -0.063218153846 0.915677396874
35 -0.152223755814 1.055449337772
36 0.082519758242 1.062136451988
37 -0.033398252632 0.937954443026
38 0.132978046512 0.906613445034
39 0.012753055556 0.996379900616
40 0.160981872093 1.070425682071
41 0.105851988889 0.895542410599
42 0.062551127660 1.041897642240
43 0.077501239130 0.960164549323
44 0.169968362637 1.202376435960
45 -0.013121392857 0.908858702814
46 0.008327144444 1.017565307205
47 -0.026786164835 1.091782483677
48 0.108390086957 1.085952726700
49 0.011465255556 0.997875122411
50 -0.056526608696 1.107495640966
51 0.111003733333 0.878999692504
52 -0.100049147727 0.974105716622
53 -0.103854836957 0.842235124599
54 -0.032836894737 0.981880400314
55 0.055353640449 1.020646633898
56 -0.140841655556 1.080934909809
57 0.039265736264 1.252568158348
58 0.078795965517 1.143130379592
59 0.005922516484 0.972712838948
60 -0.032586087912 1.023483653599
61 -0.077114860465 1.020325933614
62 -0.225917531915 1.063995499402
63 0.043474303371 0.981430682631
64 0.108959943820 0.974075423385
65 0.014004647727 0.953009489721
66 0.057540135417 1.046805393888
67 0.161058045455 0.989654773380
68 0.030987012048 1.052553639059
69 0.096187555556 0.922355954168
70 0.102681208333 1.074033643910
71 -0.092143818182 0.894103992284
72 0.152900722222 0.909424051720
73 0.059915168421 1.072815290833
74 -0.158861483146 0.933652277299
75 0.122198483516 0.989866160321
76 -0.006736988506 1.103933503207
77 -0.007757934066 0.911842208124
78 -0.012246895349 0.966841673353
79 0.065778521739 1.051503375707
80 -0.093563957447 1.021655213132
81 -0.014087478261 0.850995748902
82 -0.163511576087 1.107734306316
83 -0.085210105882 0.977252028651
84 -0.140131818182 1.001842870408
85 0.088551629213 0.935410659819
86 0.014141777778 1.033278846198
87 0.030321422222 0.994124560618
88 0.042904063830 1.032384635043
89 0.003447561798 0.939607817779
90 0.134338204545 0.999704278754
91 -0.010887586957 1.178586041437
92 -0.064861352273 1.040739094697
93 -0.051735943820 1.005048978879
94 -0.068618054945 0.887604050339
95 -0.039554595506 1.015639972758
96 -0.045431977011 1.018000312526
97 0.014646862069 0.932623228192
98 0.181362160920 1.065799995984
99 -0.032037574468 0.961971527393
100 -0.026340445652 1.050472201831
