1 -0.021957230000 0.926258553437
2 -0.031897020000 1.133548045097
3 -0.057734440000 0.894766947892
4 -0.138125570000 1.095639889609
5 -0.042673870000 1.066449666239
6 0.054565680000 1.004444276256
7 -0.038689740000 1.070707473015
8 0.104171010000 0.952734223046
9 -0.177453330000 1.069948823044
10 0.145820650000 1.054556651053
11 0.116884010000 1.092711518756
12 0.085150670000 1.035508246218
13 -0.001366730000 0.990677041964
14 -0.009332810000 1.083036045358
15 0.009627190000 0.984941307420
16 0.140746730000 0.930962219366
17 0.130724300000 0.938690547877
18 -0.044525130000 0.903389394136
19 0.029987950000 0.909771713950
20 0.097344790000 0.896765822856
21 -0.186352190000 1.104380381373
22 -0.046161350000 0.991211800684
23 -0.095589320000 1.003397901604
24 0.038752830000 0.914614344300
25 0.007427430000 1.048585246356
26 0.315255930000 0.783429288658
27 0.102503060000 1.079437234507
28 -0.152556640000 0.947966929395
29 0.041941580000 0.979416098371
30 -0.055290650000 1.064260222129
31 0.038241670000 0.889266867128
32 0.248590580000 1.146508744864
33 -0.042108140000 1.039203407340
34 0.086733180000 0.949408505980
35 -0.056019060000 0.864525802351
36 -0.047551030000 0.981383498940
37 -0.020554870000 0.912152340184
38 0.113907210000 0.961949301893
39 -0.011411980000 0.900152893887
40 -0.073241860000 1.071715584916
