N=100
P=40
R=2
1 0.288726 1.151453 0.717517 -0.290564 -0.563347 -0.715000 0.127711 -0.129137 0.939344 1.615591 -0.521131 -1.451304 0.144064 1.551272 -0.190655 -0.377774 0.791955 -0.156361 0.412452 -0.136578 -0.909942 0.106789 0.926124 1.316623 0.922470 -1.314825 -0.803902 0.691602 0.134746 0.091261 0.093407 -0.560798 -0.919584 -1.124312 -0.034300 -0.211799 -0.349414 2.057216 1.022034 0.645056 6.171302 1.000000
2 0.305267 -0.942313 -0.230169 -2.577530 -1.012038 2.059197 0.458055 2.668343 -0.855454 0.948481 2.530948 -0.855017 1.400403 2.795110 2.190938 -0.888219 0.211194 -0.786262 0.971837 -0.397730 -2.021660 -0.040008 1.625788 -1.371140 0.948804 0.650082 -0.091525 -0.309028 -0.884900 -0.251958 -0.366469 0.034688 0.580194 -1.115409 0.344509 1.387597 -0.464456 -1.307609 0.055421 0.057560 1.380674 1.000000
3 0.147563 -0.478120 -0.443998 1.569374 0.251068 -1.079009 1.353964 -1.293462 -0.025644 -0.673960 -1.433152 -0.044968 -0.139419 -1.825278 0.268869 0.252407 -0.090932 0.254191 -0.036119 0.743309 0.038885 -0.433533 1.168751 -0.349499 1.542397 1.465691 -0.084038 -1.021882 -0.651390 -0.034733 -0.531457 -0.411676 -1.056907 -0.710124 1.345403 1.655059 0.404230 0.429095 -0.437574 -0.813008 4.803447 1.000000
4 -0.656468 0.877646 1.624432 -0.735037 -0.673873 0.252524 -1.219681 0.286500 1.392402 2.973020 0.886042 -1.669393 1.371983 0.997533 1.429047 0.509629 0.399517 0.058266 0.406373 -1.120032 -1.864465 0.541892 -0.349777 0.957531 -0.215241 1.233553 1.169825 0.086528 0.185656 -1.619629 -0.687956 -0.632018 -0.408839 -0.420752 -0.130461 -0.938020 -0.492684 -0.379129 0.960632 -1.537533 1.685835 1.000000
5 -1.171628 0.886891 0.133152 0.397348 -2.882273 -0.328788 0.233757 -1.061768 -1.264616 -0.208359 0.234048 -1.313846 0.576767 0.165932 -0.359242 -0.347880 -1.683919 -0.055636 -0.796823 0.085663 -1.261262 1.726965 0.941028 -0.080667 -2.132447 0.631959 -0.075143 0.090114 -0.197231 0.401981 1.659812 1.264294 0.339046 0.319228 -0.535130 -0.014452 -1.243731 0.418981 -1.006816 -0.577348 5.093558 1.000000
6 -1.167023 0.957525 0.457784 -0.342996 -0.231294 0.065661 0.868365 1.181253 -1.960736 -1.531266 0.333132 3.583729 0.657120 -0.139579 0.377340 0.075790 0.348137 1.059592 0.301958 -1.604264 0.410073 -0.860127 0.724941 -0.891149 -0.881410 0.598522 -0.322360 -0.249644 1.271550 -0.020284 -0.076787 -0.613405 -0.553297 -0.295996 0.884450 0.184045 0.291157 -1.968148 1.512760 -2.250942 0.128635 1.000000
7 -0.289518 -0.682862 -1.428411 -0.713093 -0.958095 -0.114273 -1.956808 -0.342049 -0.362733 -0.638213 0.740725 -0.947465 -1.192926 -0.311510 -0.357429 0.166353 0.307701 -0.523232 -1.501737 -0.436447 -1.771052 -0.562135 -0.008652 -1.298326 -0.284048 2.120019 -0.640204 -1.318078 -1.753108 -0.212880 -2.027962 1.473995 0.589468 -1.052735 0.927459 -1.300955 1.899700 -0.503254 1.278550 0.912844 2.335027 1.000000
8 -1.104661 0.552399 0.381412 0.134528 -0.575948 -0.312097 -0.216038 0.723637 -1.531016 1.183098 1.639290 1.072205 0.263963 -0.584221 0.683963 0.350931 -0.254687 -0.120104 0.946290 0.348186 -0.027506 0.844364 -0.431946 0.678702 0.911569 0.875721 0.485437 -1.722574 0.836545 -0.263609 0.182106 1.024973 -1.555713 -1.370530 -0.698919 -0.558985 1.271137 1.315327 1.087533 0.254325 0.588813 1.000000
9 -0.276367 0.910449 -0.103996 0.361219 -0.444768 -1.014141 0.141973 0.646474 0.260972 -1.553188 1.827353 -0.068384 -0.366227 -2.466011 -0.960670 0.835469 1.409570 -0.918415 1.820063 0.257710 0.817597 -1.379057 -0.635972 1.116818 0.666781 -0.575141 0.911266 -0.141103 -1.286222 0.007262 -0.096957 -1.451943 0.829233 -0.368557 -0.698706 1.172683 0.435820 -1.039958 1.107128 1.602671 1.994259 1.000000
10 -0.542685 -0.500805 0.827485 2.118668 -1.824139 1.336463 -1.027615 0.525396 -0.195381 -0.155243 1.143244 1.511352 1.636373 2.344402 1.638849 0.023089 -0.550453 -2.100918 0.407456 0.995514 -1.959009 1.388555 -1.052630 0.880905 2.180860 1.253010 2.672875 1.588464 -0.186542 -1.956929 -0.451845 1.299700 0.075825 0.504690 -0.663239 0.698525 2.176561 0.546157 0.782385 0.555949 7.268661 1.000000
11 0.103096 -0.395470 0.062940 -1.698416 1.114585 2.477837 2.413873 0.360431 1.559440 1.409178 -0.117171 0.139691 -0.771483 -1.930911 0.856006 0.147864 0.959655 -0.461899 0.431196 0.073400 0.541266 -1.501903 -0.553615 0.357464 0.168170 1.461040 1.753773 -0.175602 -1.590821 1.817432 0.049364 1.001695 -0.234265 -1.248759 0.628258 0.433288 0.533650 -0.507115 2.164467 -0.058127 5.792878 1.000000
12 -0.384478 -2.865670 -0.036357 -0.693027 0.247623 -0.800939 2.046650 0.018862 -0.465382 1.607409 -1.629546 1.826610 -0.096937 -0.748776 -1.303818 1.399416 0.595878 -0.955233 -0.491500 1.278253 1.093120 -1.838156 -0.757482 0.198716 0.789493 -0.159948 -0.029914 -0.790144 -0.091090 1.579443 -0.062083 0.021102 1.271464 0.222682 -1.042684 0.122266 0.179332 -0.197068 -0.674068 -0.106140 2.364542 1.000000
13 -0.008879 0.597098 0.740698 1.368368 -0.185448 1.101762 -0.904971 0.026760 1.654943 0.918162 -1.179433 0.646851 0.151722 -0.724470 -0.258463 -0.856473 -0.289651 -0.764401 -0.942216 -0.515640 1.252326 0.365607 -0.184678 0.560452 -0.791750 0.874627 0.150942 -0.960713 1.660995 0.267592 -0.488195 0.023355 0.292873 0.642293 0.687252 -0.023071 -0.591502 -0.141209 -0.671615 0.580537 5.271400 1.000000
14 0.560052 0.263330 0.853091 -2.176050 -0.435459 0.063117 -0.290275 0.769001 -2.531844 -0.496296 -0.257989 -0.355502 -1.859138 0.806840 0.375899 -0.240265 0.340913 -0.631781 0.519915 -0.248468 -0.180429 0.692978 -0.233087 -1.416174 2.306201 0.928206 0.389694 0.170857 -0.094468 0.174248 -1.546837 0.468726 -0.425413 0.225081 -0.820456 0.424485 -1.083518 2.114340 1.391365 1.785874 15.786310 1.000000
15 0.001023 2.183135 0.021194 1.314809 -0.604854 1.617356 -2.389191 0.391981 -2.301112 1.215861 -0.951364 -0.450750 -0.614685 0.055109 0.031624 -0.949940 0.010410 0.338103 0.463441 0.604892 -0.917304 -2.272682 1.150393 0.117039 -1.685668 -0.381095 -1.619429 0.722425 0.358034 0.544749 0.172453 1.288182 1.033617 -0.938596 0.020111 0.866960 0.001712 0.557801 0.861528 -0.676062 1.101029 1.000000
16 -0.028182 -0.326706 -0.910133 0.522216 -2.022019 -0.326068 -0.673545 0.521126 -1.338696 -1.959553 1.306334 0.846211 1.492486 -0.660168 0.573392 -0.903490 -0.871226 0.562981 -0.304742 -0.927801 -2.763200 -0.554612 0.787047 1.794551 0.601863 -0.059972 0.434993 -0.718840 1.222880 -1.668521 -0.879891 0.178230 1.160053 -0.309105 -1.127506 -2.208285 -0.785543 0.375532 0.370983 -0.523511 6.554075 1.000000
17 0.177319 -1.505386 1.637480 0.351929 0.448409 -0.471240 -1.021135 -0.681529 -0.974449 0.611129 2.269725 -0.776949 -1.389600 0.678694 0.265756 1.854940 -0.681217 -1.279146 -0.620626 0.856011 -0.820534 -0.379396 -0.946918 -0.353649 0.409430 0.499328 1.823115 -1.211107 0.778430 -0.838716 0.333171 -0.977270 1.041530 0.384316 -0.989102 -0.822547 -0.238109 -0.774911 0.515353 -1.086695 1.194990 1.000000
18 1.152383 1.250732 1.013723 -1.035658 1.569570 -0.145003 -0.770723 1.384799 -0.432095 1.720180 0.457455 0.553026 -0.073856 -1.290481 -0.742359 -0.580162 -1.001628 1.323544 -0.719715 0.132507 -1.564046 -0.445049 -1.264104 -0.233010 -2.485373 0.039550 -0.478818 -0.556504 0.046250 1.127259 0.086117 -1.059603 0.593440 -0.512912 -0.495955 -1.285733 1.196291 -1.557348 0.872889 0.072147 2.251496 1.000000
19 -1.560810 -0.170297 0.489310 -2.402991 -0.807713 0.261895 -0.515119 0.605289 -0.780726 -0.517324 -1.091116 1.375695 -0.308462 -0.577640 -0.875431 -0.815650 -0.336432 0.401141 1.485317 -0.692838 -0.184070 0.350502 2.151546 -1.532064 0.757205 -0.224977 1.831571 0.238254 -0.098793 -0.997492 -0.461125 0.729069 0.766512 -0.923813 1.421437 -0.997188 -0.074959 0.009922 0.263082 -0.825587 0.300023 1.000000
20 -0.872260 0.665200 -2.641818 0.998679 0.534965 -1.428552 -0.406301 -0.600888 0.937915 -1.299973 0.317539 0.695486 0.050399 -0.411483 -0.338394 0.062666 0.900342 0.177802 0.349267 2.501762 0.289693 -0.829814 -0.703989 0.491842 -0.187201 -0.753799 1.988767 -1.129863 0.006003 -0.484773 0.030840 -0.110571 1.021306 1.290916 1.416187 -0.068495 -0.503635 -0.931088 0.485700 0.453814 3.951062 1.000000
21 -0.264223 0.285317 -0.332225 0.629819 -0.626393 2.107355 0.868596 0.975887 -0.825543 1.242472 -0.008230 0.196956 -1.835239 0.250326 0.474067 0.428386 1.150394 0.123442 1.327245 -0.285826 -1.541363 -0.253002 -1.548278 -1.671718 0.118959 -0.103282 0.283995 -1.082261 0.870037 1.027816 -0.248978 0.143897 1.904960 1.967815 1.341521 1.349129 -0.524951 -0.184977 -0.126793 -0.272256 1.663443 1.000000
22 -1.092306 0.112885 -0.707178 -0.742669 -0.699667 1.536086 1.384253 -0.533165 -0.141766 -0.409110 1.906705 -0.373830 -0.923914 0.837033 -0.018965 0.182632 -2.609085 -0.366075 0.459246 -1.375588 -0.957109 0.309242 -0.560432 0.046098 -0.304377 0.517053 -1.311295 -0.905965 -0.569687 0.983181 -0.192641 -0.944480 2.123585 -0.185564 -1.641102 1.879919 0.680273 0.746109 -0.613200 -0.980028 4.589771 1.000000
23 -0.474708 -0.505299 0.330167 0.840375 -0.958045 0.615814 -0.596404 -0.608251 0.455137 -0.553498 -0.017412 0.377187 -1.429114 0.801989 0.912615 1.253826 1.136251 -1.368567 0.265415 0.161116 0.113809 -0.186145 -1.734393 1.357245 -1.956737 0.601543 1.723801 -1.188989 2.174116 1.190440 0.183588 -1.328158 -1.579357 -0.871186 -0.722822 -1.373065 0.823254 1.366669 0.147857 0.019026 0.476789 1.000000
24 0.405244 0.514877 -0.458098 -1.228651 -0.358795 -0.395861 0.549724 -0.155241 1.300685 -0.252697 -0.004176 0.951401 0.733690 1.521185 0.839866 -0.638145 1.244523 -0.754074 0.727045 -0.363535 1.014424 0.696988 -1.827505 -0.830147 -0.793229 0.025349 -1.892375 0.421406 -1.895934 -2.066851 -1.521075 -0.201954 0.944771 1.262075 -0.041093 0.676159 -2.167063 0.874904 0.588244 -1.980071 12.924137 1.000000
25 1.674255 0.562265 -0.907526 -0.415608 1.108641 -0.418293 -0.817624 0.863596 -1.130465 0.392137 1.359087 -0.295598 -0.386648 0.814383 -1.394048 -1.569669 0.269177 -0.199980 0.121380 -0.119942 -0.846896 0.829231 0.247098 -0.101965 -0.822299 0.036504 -1.652803 -2.841188 -0.207116 0.109758 1.384797 -0.685043 0.135566 0.415848 -0.435019 -1.608517 1.278736 1.775488 -0.959094 -0.156771 0.784087 1.000000
26 -0.094712 -1.145833 0.467990 -1.125295 1.332378 -0.718395 -1.253705 -0.859250 0.937824 -1.506462 0.073214 0.195932 0.142721 0.957060 0.292081 -0.460445 0.312138 -0.530809 1.666351 -0.745356 0.083492 0.510310 0.296386 1.404364 -1.225016 -0.236294 -1.388105 1.570995 -0.136116 -1.347509 -0.431412 -0.658098 -1.872979 1.185608 -1.197463 0.390574 0.430961 0.617127 -0.402261 -1.248094 0.357414 1.000000
27 0.245350 0.675456 0.146705 -0.511105 -2.563470 0.989828 0.460101 -0.074157 -0.906259 1.686376 -0.992016 0.368160 -1.477266 -0.167156 0.420239 2.208273 0.382613 -0.408217 -0.606713 -0.126903 1.665272 -0.104708 -0.179937 0.597073 1.729113 -0.316066 -2.067769 0.247917 -1.157095 -0.348940 1.302294 0.030416 1.378358 -0.540807 -1.130918 0.966862 -1.392014 0.317136 1.448012 -1.405349 1.404174 1.000000
28 -0.125225 1.420722 0.968903 -0.423934 1.044697 2.029352 -1.792484 -1.201681 -0.901993 -0.755840 -1.700242 0.115926 0.797656 0.639970 -1.402840 -0.403021 -1.022049 0.517594 1.050743 -1.041678 0.789782 1.671921 1.038482 -0.734930 -0.943638 1.772352 0.856637 -0.792578 -0.259375 -1.239900 0.655648 -0.040666 0.261797 0.658946 -1.811335 -0.027530 0.013764 -0.355985 0.649679 -0.320175 5.825259 1.000000
29 1.764095 -1.027866 -0.932811 0.502612 -0.053254 0.160093 -0.017724 -0.742849 -3.164494 1.150667 0.183866 1.139738 0.350215 0.153005 0.329669 -0.429331 0.700686 1.287676 1.104189 0.301954 -0.539886 -0.869008 0.042417 1.104917 -0.334845 0.183447 -0.662988 0.326920 0.418309 0.190979 -1.465373 -2.218060 1.453103 1.346790 -0.096689 0.530124 -0.131670 0.718381 -0.228687 0.937932 2.658786 1.000000
30 -0.142158 0.958582 -1.399199 2.256954 1.189117 1.015977 -1.180672 -1.038701 -1.517460 -0.400909 1.079165 2.719548 0.412984 0.510952 -1.586044 -0.459002 1.706634 0.913415 1.305742 0.106536 0.157223 2.401442 -0.304662 -0.529664 -1.756100 -0.216293 0.000545 1.166664 0.742498 0.263333 -1.426234 2.334778 -0.956400 1.180231 0.979988 -1.216821 0.504450 -2.365490 0.269132 -0.777697 3.905612 1.000000
31 -1.260950 -1.952094 -0.359122 -0.336478 -0.550098 0.932267 0.781620 1.736752 -0.312857 -0.102685 1.515509 -1.365901 -0.339943 0.082946 1.711301 -1.939373 0.988303 0.807845 -1.038727 2.018589 2.949715 0.625273 0.082448 1.392670 -0.524404 2.160122 0.081059 0.014288 0.764394 -0.089711 -0.226605 1.467607 -0.802056 1.823138 0.589892 -0.019482 1.031343 -0.764391 -1.245927 -0.736009 8.113642 1.000000
32 2.506173 -0.447494 0.326367 1.014022 -0.900296 -1.387276 -0.758044 0.099785 0.870532 0.208906 -0.193353 0.779169 -0.649737 -0.472192 0.988418 -1.218117 0.237519 0.691760 1.522519 0.520657 0.459233 -0.007099 -0.162566 1.046111 1.167091 0.083800 -0.861030 -0.007183 -0.147775 0.324939 -1.065060 1.279010 1.472543 1.002552 0.324592 -0.429412 -0.575210 0.446708 2.254556 -0.564147 7.955912 1.000000
33 -0.150812 -0.848475 -0.213947 -0.252930 -1.032820 0.438665 -0.364678 -0.462649 1.163986 -0.504213 0.103056 -0.097082 -1.656281 -1.282467 -0.000544 -0.767085 -0.068560 -0.573584 -1.142591 1.079150 0.867141 -0.656494 0.036718 0.939188 -0.129378 0.132755 0.378683 0.062992 -0.482117 -0.008939 0.098234 0.967253 -0.508750 -0.321355 0.678125 0.717742 -1.798823 -1.060505 -0.272694 0.118790 4.062417 1.000000
34 0.413744 1.171220 -1.600610 0.766182 -0.253170 0.370017 0.426530 0.795899 0.421433 -0.606394 0.109261 -0.135821 -0.494280 0.228243 1.454836 1.340234 -1.277856 0.489719 -0.845015 -0.163780 0.826921 -0.972069 -2.056964 1.337925 0.103632 0.077143 0.651473 -1.189048 -1.659518 -0.199836 -0.314872 0.086939 -0.182770 -0.289430 -0.137065 0.435638 0.931583 0.648910 1.029177 -0.025577 1.600254 1.000000
35 0.471157 2.226354 0.358383 -2.910527 1.478659 0.739501 -0.873730 -0.708074 1.713171 -0.876777 0.974072 -0.051167 1.137189 -1.987789 -0.339550 1.530106 2.187609 -1.327977 -1.464763 -0.538507 3.259471 0.325254 -0.097316 0.177843 0.989720 -0.428865 2.478462 0.260513 0.490614 -0.411912 -1.200137 0.471625 -0.122241 -0.846242 0.352260 0.860028 -0.617863 0.031723 0.438796 0.967022 1.158751 1.000000
36 0.126410 -0.581847 0.427531 -0.145211 1.458372 0.501904 1.606234 -0.587057 -0.842009 0.154647 -0.017864 -1.227647 -0.301965 -0.102254 0.982273 -0.807315 0.338563 -0.407447 -1.611763 -0.399050 1.172610 -0.565955 -0.698565 0.264797 1.154361 -0.542570 0.610276 -1.627350 0.317746 0.331160 0.552091 -2.468427 0.457864 -1.898991 1.963354 0.476927 1.453475 1.747530 0.075886 0.694947 2.202228 1.000000
37 -0.993966 1.942160 0.107257 -0.331521 0.567159 1.566748 -0.993826 1.402498 -0.811846 0.088288 1.066865 1.211009 -1.672217 0.528456 0.232411 0.799966 1.344609 -1.525562 -0.655652 0.474492 -0.777834 0.226902 1.101945 1.068194 -1.583098 0.680014 -0.206761 -1.140211 0.279449 -0.498030 2.184011 -0.067345 -1.332834 -0.104194 0.489044 -0.942435 -0.602238 0.860897 -0.127571 0.596034 9.460432 1.000000
38 -0.140767 -0.607395 -0.535424 0.027678 0.754875 -2.460177 0.717615 -0.419806 0.630350 1.354723 -2.087022 0.542383 1.613823 1.691707 -0.597550 -1.180689 1.666685 -0.772122 0.171416 1.103766 1.195920 2.826603 -0.084485 1.126862 2.085035 0.750032 0.683672 -0.383206 0.915106 1.580606 -0.428617 1.497819 0.166780 -1.154028 -0.251284 0.151548 2.068968 -0.050281 0.262004 0.297805 8.277985 1.000000
39 -0.216717 -0.239708 -1.218823 -0.299482 -0.814878 -0.107182 1.155846 -0.863464 -0.378563 -0.807523 1.029302 -1.048503 0.302230 0.766549 1.568104 1.517374 0.455058 0.560192 -1.361873 2.025654 -0.674614 -1.562953 0.372424 -0.289528 1.706433 1.158371 -1.421961 0.667570 0.010589 -1.002960 2.071777 1.463130 -0.601419 0.829876 0.865118 -0.430583 -0.278375 0.141513 -0.657112 0.083541 2.456699 1.000000
40 -1.131860 -1.226255 0.816285 -0.681119 1.891664 0.903125 -2.322002 0.747957 -1.295900 -0.761979 1.354973 -0.568165 1.661971 0.548747 -0.721147 0.908082 -0.281330 0.043307 0.378394 -0.345683 -0.963466 0.962477 0.259441 0.039304 -0.697759 -0.173580 0.747640 -0.499804 0.567116 -0.162853 -0.733205 -2.008519 -0.477269 0.232892 0.939148 0.520561 -0.010672 0.540674 -1.057441 0.916092 1.224280 1.000000
41 0.865479 -1.307712 -1.277708 1.569973 1.856810 0.197347 -0.761302 -0.602772 0.722558 -1.957963 -1.168522 1.804930 0.095854 -0.136068 0.013057 1.298689 -0.436703 -1.479963 -0.144376 1.023359 -0.506720 -0.019872 -0.604068 -1.076551 -1.848513 -0.834310 0.874753 1.348581 2.072755 -0.366463 -0.355610 0.148350 -1.399307 -0.238789 0.780886 -1.312790 0.125462 0.355989 0.518733 0.444553 4.995152 1.000000
42 0.956124 -0.308174 -0.922122 1.560255 0.618115 0.431294 1.572495 0.735288 0.346434 -1.078888 -0.724176 0.285506 0.254679 -0.937873 0.223044 0.662561 -0.669582 1.782718 0.771285 0.363733 2.102468 -1.227823 0.391636 -0.412806 -0.048833 -0.000819 -0.569252 -0.533397 0.478921 -0.592598 1.058000 -0.234319 -0.652720 0.992195 -0.695302 -1.327336 -0.012776 0.568297 0.035818 1.049897 1.725169 1.000000
43 -0.292623 0.660045 0.847860 0.647695 0.832369 -0.877773 -1.913757 -1.379719 -1.098149 -1.476671 -0.433593 0.180472 1.251843 -0.353861 0.281271 -0.359841 1.140936 -0.566903 0.495640 0.161638 -0.856479 0.111776 -2.061532 0.812845 0.519685 0.081935 0.627439 -2.451162 1.469671 0.742468 -1.245360 0.106589 -2.651038 0.379236 0.488534 -0.932180 -1.213114 -0.360353 -1.297933 -0.082060 2.818974 1.000000
44 1.445731 -0.185625 0.418893 0.046048 -1.832993 -0.650245 1.895324 -0.094502 0.085537 1.334331 -0.724608 -1.816532 1.702726 0.149087 0.462533 1.727823 -0.030965 0.177007 -1.265223 2.314086 0.944926 1.143851 -0.001642 -0.105715 0.892036 -0.351397 1.086010 -0.185882 0.207449 -0.554906 -0.705226 1.704190 -0.401535 -1.429045 -0.926822 0.004437 0.519353 -0.796062 2.224617 -1.351275 10.194399 1.000000
45 -1.061620 -0.362806 0.384975 0.144678 0.337715 0.886002 0.348358 -0.508170 -0.981805 0.701897 1.361342 -1.773931 0.007983 0.395444 -0.028701 -0.036280 -0.676332 1.065638 0.934254 0.830532 -0.395561 1.153828 0.279120 0.759967 0.593203 -0.542533 -0.542047 -0.922394 0.416511 -0.079429 -0.675075 1.243298 -0.596534 -0.452436 -2.011114 -0.723533 1.475092 0.340884 -0.069872 0.864646 2.393130 1.000000
46 1.354105 -1.751263 0.785479 0.683663 0.517129 -0.879731 0.686252 0.516081 -0.224298 0.450715 0.563914 -0.203680 0.094168 -2.146296 -1.272663 0.769365 0.373281 -0.191528 0.773981 -0.392292 0.996336 0.230452 0.024064 0.048331 -0.158362 -1.330637 -0.538768 0.818379 0.150423 -0.665441 -1.820609 -0.960722 -1.574703 -0.369506 -1.774022 0.110829 0.146976 0.513321 0.324603 -0.793546 3.206743 1.000000
47 -0.878596 -0.574364 -1.683196 0.344721 0.859864 0.229265 -1.563136 0.458986 -0.856709 0.003834 -1.124779 -0.453112 -1.258659 0.395908 -0.816874 1.994820 0.462623 1.451385 0.866306 0.310421 0.929694 0.597896 0.769873 -1.964899 0.195718 1.475781 -0.391652 0.258915 -0.253689 -0.365111 -0.200907 0.919509 1.091790 0.327327 0.152111 -1.948124 -0.281561 0.773961 -2.151306 0.461239 6.322027 1.000000
48 0.009479 -0.918141 0.532692 -1.834996 0.506959 0.610790 0.215283 0.190646 1.757810 -0.017696 1.092523 0.536614 0.291648 -0.043868 -2.080007 1.060000 -0.507267 -0.404811 -1.679148 -0.422242 -0.213835 -1.697003 -1.380527 -0.087382 -0.373797 -0.822549 -0.790774 0.618610 1.491834 3.406553 0.765713 -1.264713 -0.473155 0.278878 -0.313187 -0.084208 -1.198324 1.776264 -0.230681 -1.109079 3.460484 1.000000
49 -1.066119 -1.211131 -0.589756 -1.663899 -0.349728 -0.540188 -0.017699 0.897647 -1.229522 -1.278397 -1.387375 -2.434967 1.231391 -1.312920 -0.875599 -0.069539 1.533317 -0.263467 1.703038 0.632310 -0.253037 -1.203393 -1.738573 0.916927 -1.022282 0.964619 0.170130 -0.474371 -0.363054 1.177333 0.795521 -0.841362 0.362615 0.918653 0.376769 -0.574960 -0.950273 -0.035069 -0.326194 0.357322 1.569065 1.000000
50 -1.311486 0.535842 -0.410110 0.068715 -0.598138 0.045024 1.477863 0.315279 1.439123 -1.093904 -0.952745 0.152692 -0.667683 -0.545014 -0.017890 -0.245587 2.303906 0.196321 0.767073 1.019261 -0.592838 -0.543342 0.388097 0.460432 -0.084154 0.488152 0.850423 0.025558 -0.742898 -1.096960 -0.222041 -0.815457 -0.699516 -0.201830 0.601311 0.266089 -1.706047 1.533231 -0.009917 -0.227010 5.048593 1.000000
51 0.074187 2.315807 0.386206 0.124850 -0.433552 -1.035160 -0.491490 -0.898622 -0.205065 0.270415 0.326615 -0.379965 -0.304710 0.350331 0.035626 1.496954 -1.074907 -1.667345 -1.752940 0.746217 -0.183302 -1.578250 0.693884 -0.100432 -0.564762 -0.380795 0.515444 -0.100620 -0.236213 0.731037 -0.667349 2.698118 0.206456 -0.663809 -0.716657 -0.973573 -0.601570 0.345095 -0.110915 -0.439907 0.151482 1.000000
52 -1.160152 -0.930869 0.718289 -0.596382 2.214922 -0.936568 -0.043819 -1.282448 -0.040725 -0.888184 -0.709424 -1.312534 -1.162698 -0.577030 -1.340842 -0.818724 0.786431 -0.431444 0.248937 -0.383108 -1.744934 -0.329920 -1.689627 -0.360855 0.201203 0.427651 -2.245930 -0.461855 1.460262 -0.211281 0.108085 0.315273 1.078154 -0.176549 -0.464181 -1.332923 0.739172 -0.199961 -0.255026 0.534115 1.254239 1.000000
53 -1.279118 -0.617473 1.000669 0.714478 0.778644 -0.527135 0.283912 -0.186359 2.039071 1.858693 -0.435845 -0.019456 0.201472 -0.816223 0.654686 0.199595 0.830539 0.235513 -0.406673 1.394920 1.132660 1.049869 0.478944 0.919062 -1.779008 0.902156 0.138967 1.577337 -0.640211 -1.167192 0.458644 -0.903949 -1.589929 0.142954 -0.180220 0.803667 -0.940123 1.423334 -0.297173 -0.979840 7.366514 1.000000
54 -0.522378 -0.169265 0.222840 -0.466125 -0.400988 0.903486 -0.797325 0.809140 -0.500818 0.781495 0.148393 -0.702921 1.878080 -1.172099 0.839797 0.004288 -0.228192 2.474984 -1.065917 1.795651 -0.821736 0.382953 -0.392682 0.572698 -0.878689 -0.643963 2.277451 0.533562 2.192288 1.187863 0.429669 2.329567 -0.448414 -0.847692 0.232214 -0.304623 0.002961 0.400785 -1.506288 0.095408 4.013676 1.000000
55 -0.075642 1.019132 0.156763 0.455061 0.864189 0.072503 -0.767323 -0.378612 -0.867350 2.125258 -1.186552 0.175422 -0.886445 -1.560059 -0.304476 1.126557 -0.886446 -0.336656 -0.022080 0.093351 0.712058 0.230104 -0.486075 0.458088 0.800116 0.742946 1.853587 -0.882494 0.209580 -0.475391 0.322156 -0.094726 0.669382 -0.850726 -1.575373 1.563758 0.165672 -0.923477 0.053018 -0.873906 0.058442 1.000000
56 0.304711 0.120529 -1.100553 0.102899 -1.266774 -1.016794 -0.449325 1.333901 -2.091814 -0.347336 1.164043 -0.549627 -0.526289 0.308600 0.216939 -0.702417 -0.870793 0.474472 0.594573 0.665032 0.011180 -1.691674 -0.286156 -1.609327 1.584368 0.153231 -2.141518 -0.648681 -1.214212 1.334445 -0.269466 -0.284758 -0.676593 -0.557834 1.076124 -1.389635 -1.399615 -0.502351 1.074489 -0.114988 10.258865 1.000000
57 -0.915913 1.958762 2.494085 0.265828 -2.581687 -0.493827 -0.470868 0.452042 -0.472277 0.053923 -0.117400 0.627824 1.128622 1.267806 -0.035127 1.820995 -1.221427 1.496454 0.547057 -0.035915 -0.790774 -0.744489 -0.167833 -0.646485 -0.305190 -0.880205 0.900223 1.051722 1.141859 1.305288 0.907319 0.469223 -0.218181 0.701058 1.193250 -1.020151 -0.567648 1.655077 -1.128500 1.971586 4.246220 1.000000
58 1.271289 -0.158484 -0.601389 -0.980160 -0.845016 -0.010085 -0.684003 -0.493100 0.940387 2.014886 0.081317 -1.798043 -1.107656 -0.141574 0.464463 0.495061 -0.350123 1.356263 -0.563514 -0.422306 0.581802 -0.966865 1.075404 -0.116021 -0.260492 -0.258816 0.594418 -1.796493 -0.810273 -1.511409 1.412658 0.861973 0.576282 1.048029 -0.087184 -0.575154 0.965106 1.434402 -0.043765 0.577826 1.843971 1.000000
59 0.187909 0.926578 -0.501850 -0.740975 -0.468225 0.952126 1.406151 -0.323118 1.767649 0.871362 1.999319 0.171091 -1.720231 0.905235 0.141865 0.699370 0.438789 -0.173476 0.217968 0.979107 -1.856568 -1.414906 1.293120 -0.642502 0.191531 0.144139 1.203258 1.488654 1.202900 0.560568 -1.123100 0.207742 1.226394 -1.088174 0.879454 -0.334493 -1.719244 0.992989 -0.986124 -0.742646 0.387842 1.000000
60 0.177333 0.080540 1.213129 -0.798906 -1.444188 0.464975 0.375954 1.105773 1.299496 1.062626 -1.283535 2.161180 -0.421728 -1.244721 0.056905 -1.018490 -0.218376 -1.098579 -0.997462 -0.880832 -0.758475 0.445998 0.212760 1.095888 -1.077354 -0.144431 0.646092 -0.039940 0.831528 -1.936346 -0.699990 1.227339 1.708603 0.244144 -0.464674 0.881372 -0.915955 0.532060 0.323302 0.063702 1.408155 1.000000
61 1.768136 1.066529 -1.108890 2.625598 0.506783 0.214094 0.377904 1.769949 0.902163 0.069429 0.750420 -1.211893 0.516385 0.652895 -1.596854 0.649747 0.599281 0.812597 -0.351427 -0.326818 -0.148965 0.266595 1.287263 -0.442286 -1.115358 1.934955 1.700605 -0.599763 -0.558699 -0.905211 -0.040425 0.829717 -0.846142 1.440302 -1.154350 -0.253280 -0.409664 -0.774989 -0.036139 -0.559908 0.536807 1.000000
62 1.572352 1.969505 0.773573 0.603324 -0.268469 -0.131810 -0.638167 -1.898068 0.312408 -0.386886 0.681197 -0.086642 -0.955224 -0.194078 -1.370182 -0.132746 0.436143 -1.402484 -0.003683 -0.085069 -1.018838 -0.555243 -1.877671 -0.748802 -0.235991 -0.807756 0.020333 0.652483 -0.772668 -0.068498 0.487876 2.731611 -1.011043 -2.014342 -0.195863 0.091391 2.347036 0.944111 -0.535560 -0.833562 3.361491 1.000000
63 0.584146 -0.511833 0.093119 -0.949349 -1.441270 1.406156 0.096281 0.179977 0.554485 0.445255 -1.275352 0.556258 2.179002 0.003034 0.883175 0.529486 0.594815 0.642959 0.647608 0.405786 -0.709305 0.648704 0.489281 -0.344466 1.093742 1.496709 0.276188 -0.539744 -0.540717 -0.712425 0.231131 1.398564 0.792988 -0.557581 -0.161656 1.692243 0.019547 -0.386583 0.269025 -1.497832 4.532426 1.000000
64 -0.636312 0.549462 0.428221 -0.271161 -0.365118 -0.416595 0.116402 1.855765 0.013632 0.982823 -1.608255 -0.886112 -0.239505 -0.528948 1.498125 2.057707 0.078885 0.417734 -0.472755 -0.716329 0.320089 -0.668700 0.412586 -0.379151 0.012232 1.042888 -1.682242 -1.101738 -0.293682 -1.494061 -0.739955 -1.635571 -0.050334 0.719721 -0.211636 -0.912036 -0.943262 -0.141985 0.584998 -1.148866 0.552147 1.000000
65 -0.032439 -0.796851 0.511052 -1.737478 -1.508333 -0.436936 1.467111 -0.183977 0.405712 -0.219326 0.681534 1.883643 -0.225134 0.111998 -0.140408 0.269522 1.748843 1.629368 -0.787271 2.474333 0.579518 -0.187987 1.142399 0.439844 1.676083 0.503933 -0.888656 -1.843267 -0.138032 0.434860 1.807065 -0.401078 -0.127278 -0.560770 -0.072697 0.420524 -0.162840 -1.487472 -1.372335 -1.760063 0.531231 1.000000
66 0.555026 1.842148 -0.393811 -1.258728 -1.099680 -0.449548 -1.644603 1.135035 -0.509896 0.773173 -0.775969 1.582008 0.304682 1.047616 -0.786616 0.887447 0.201441 -0.360082 1.211281 1.212214 0.593551 1.714748 0.352011 -0.525110 -1.364221 -0.180642 0.455632 -1.110351 -0.327031 0.492167 0.425360 -0.165219 -1.034629 -0.623653 -0.020933 0.190135 -0.812317 0.229999 -0.074015 0.315230 2.142391 1.000000
67 1.817202 -0.653574 0.478230 0.006862 0.843005 -2.022738 1.662844 -0.192468 -0.897375 1.155884 0.580783 -0.267579 0.167984 1.104327 -0.036607 0.150140 1.042111 1.196964 0.309715 -0.425557 0.431543 -0.028779 -0.824758 0.795749 -1.361173 1.303572 0.684764 -0.814770 0.086677 -0.947136 -0.335169 1.824680 1.249211 1.557845 -0.097580 -0.323828 -0.103915 -1.533342 -1.023741 2.343032 11.289611 1.000000
68 0.177861 -0.528981 -1.236110 -0.263617 -0.271412 0.271379 -0.800311 -1.661372 -0.209705 1.351802 1.199159 0.543164 0.265289 0.454126 0.582469 -0.713145 1.272449 0.390903 -1.474709 -0.486280 -1.497568 0.735602 1.456668 -0.660365 -0.252208 -0.134595 0.520742 0.649770 -0.333251 -0.478874 -1.458358 0.134482 -0.609257 0.421110 0.194298 2.291293 0.198951 -0.736036 -0.631160 0.334291 6.653060 1.000000
69 0.171473 -0.688792 -1.022281 -0.107343 0.522686 0.562086 0.673195 -0.066759 1.005098 0.128730 -0.037832 -0.459132 0.071045 -1.096737 -1.002907 1.401936 -0.294990 -0.235118 1.143213 0.266324 -1.390469 1.175605 0.834226 -0.518659 -0.625038 0.074324 -0.364546 -0.280178 0.844794 -1.276900 0.882095 0.796903 -1.555962 -0.632396 -0.900897 -0.177093 -0.808563 -0.387070 -0.136293 -1.008711 3.023789 1.000000
70 0.223070 1.603037 0.596385 -1.024469 0.189555 0.698593 -0.659711 1.699240 0.251872 -0.792349 -0.107702 1.321204 0.618476 0.015164 -0.224857 -0.274345 1.074150 -0.812330 1.269938 -0.305604 -0.415098 -0.200888 -0.344036 -1.921860 0.276308 -0.643616 0.698775 1.904133 -1.404691 -0.115177 0.085646 0.621342 0.812263 0.908124 -0.075288 -0.634448 1.574020 -2.160339 -0.921989 -1.802027 4.674365 1.000000
71 -0.527427 -1.346415 -1.102107 -1.518914 -0.784002 0.777330 -0.873152 -2.014425 1.250996 0.058926 0.751883 -0.060074 0.946830 0.255054 0.024593 -0.819803 0.034179 0.794722 0.185146 0.137990 -0.918699 0.162477 -2.571669 1.545807 -1.041668 0.115790 -0.466139 0.342387 -0.026461 0.496111 0.735799 0.673369 -2.184875 0.675532 0.174628 2.254325 0.942093 1.106959 0.329071 0.312378 0.046684 1.000000
72 -1.501683 1.209892 -0.685994 0.264495 2.036757 0.226012 0.172222 0.445914 -0.826336 -0.717600 -1.147007 0.036007 -0.081296 -0.616358 0.217329 -1.211929 1.570782 0.698650 -0.769287 -0.081355 0.808567 -0.503379 -1.352373 1.262508 -0.511187 -0.035492 0.678646 -0.302819 1.035206 -0.837544 1.046873 -1.544525 0.083150 -1.753045 0.786584 0.640073 -0.551916 -0.652496 -0.559045 -2.583666 4.548423 1.000000
73 0.619582 0.777477 0.168654 -1.269595 0.197983 -1.045826 0.605257 -1.272318 -0.760767 1.065811 0.236981 0.531404 0.201001 -2.666099 -1.770633 0.872832 -0.769290 0.027770 -0.582454 0.901356 0.409145 -0.793545 -1.537861 0.221035 1.050027 0.476502 0.669740 1.900489 -0.993791 2.315784 0.666545 1.594518 -1.391725 -0.042261 0.421037 0.902517 0.562822 0.185755 -0.159851 1.222193 0.447994 1.000000
74 1.804679 0.608048 -0.393904 -0.048299 1.512163 -1.370003 -0.324031 -1.260296 -0.545981 -0.972235 1.841848 -0.372225 -1.142142 2.286305 0.518102 0.857260 -0.308406 -1.418506 -1.024544 -0.257892 -1.035001 -0.402735 -0.430942 -0.291443 -0.498490 0.593928 -0.977999 -1.378901 -0.732671 -1.996615 1.342069 0.149993 0.090863 0.699137 -0.855195 0.136841 -0.186251 0.167643 -1.238785 0.821471 1.755925 1.000000
75 0.417830 0.697717 -0.375094 -0.549456 -0.328264 1.448558 -1.870304 -1.343653 -0.235024 -0.024503 2.702799 -0.241358 -1.081200 0.534217 1.050794 0.233173 0.453270 0.057277 0.244942 -0.766836 -0.890144 -1.053448 -0.038619 -0.743519 -1.081966 1.144575 -0.583560 0.438094 -1.306088 0.116311 -0.643263 -0.101782 -0.629037 0.380539 0.481296 -0.502774 -1.831290 0.102740 -0.736976 -0.398811 3.570586 1.000000
76 -0.604335 -0.160259 0.269297 -0.100098 -0.586079 0.870426 -0.453924 0.629830 0.585143 0.541006 -0.650496 -0.041625 1.345444 -0.476462 0.233435 -0.102089 -1.335743 -0.785608 -0.497293 -1.790513 -2.031226 -1.889641 -2.164109 0.490715 1.846859 0.818004 0.251894 0.905786 1.174832 -0.172181 1.074287 1.502272 -1.215488 0.114361 0.224627 0.915646 0.074540 -2.519993 -1.642914 0.493990 0.294882 1.000000
77 -1.787585 -0.593337 -0.257953 -0.084557 -0.100025 0.354963 -0.509792 1.130551 -0.089471 -0.324540 0.359117 1.089471 0.247994 0.231474 0.670623 2.475919 -0.814580 0.719424 -0.426568 -0.970115 -0.530350 0.733326 0.262629 0.516981 -0.404830 1.179636 0.099469 -0.706830 -1.987615 0.570040 0.664658 2.306229 1.455411 1.124296 0.310469 -0.912568 0.197437 1.034372 1.209189 3.909350 7.358210 1.000000
78 -2.124989 1.144929 -1.737005 -0.052443 0.933835 1.366604 -1.531511 -0.048326 -0.339159 0.018092 1.506810 -0.238027 -1.244429 0.434788 -2.058133 -0.270633 -0.094577 -1.327150 -0.096846 0.254056 -0.413304 0.762243 0.507639 -0.855732 0.975743 -0.084169 1.866407 -0.217154 3.207767 -3.286695 1.319805 -1.270364 0.613418 2.484957 0.366705 0.537502 -0.542790 -0.648210 -0.018110 1.874734 2.607952 1.000000
79 -0.887151 1.039657 0.710029 -0.165859 0.134803 0.904764 -0.031837 -1.366905 0.554676 -0.209488 -0.303821 -0.644353 0.203793 1.157766 -0.204131 -0.275009 0.540744 1.067888 -0.597135 0.918858 -1.385014 -0.969692 0.583896 0.066908 -0.187475 0.639863 -1.545443 -0.063923 -0.135819 0.530507 -0.156580 1.724709 -1.410216 0.521752 -0.186502 0.875935 -0.127373 0.335319 -0.839214 0.965142 11.673530 1.000000
80 -0.430949 -0.973854 -1.679588 0.834038 0.717897 -0.903084 1.175923 1.265832 -1.221689 -0.558206 -1.810052 -1.325632 -1.643260 -0.949826 -0.010579 0.904129 -0.216832 0.638205 0.932146 0.539647 0.507410 0.678142 -0.805712 -0.238827 -0.637166 1.681507 -1.837483 0.655649 -0.508286 0.344403 0.058079 1.074692 -0.511257 -0.324550 -0.068458 1.903943 0.910387 0.397176 -0.495688 2.131733 1.177198 1.000000
81 -0.575681 -1.032143 0.485723 0.063756 1.303021 1.443375 0.792987 0.051962 0.018720 0.111708 -1.433128 1.005733 0.485315 1.499786 -1.131613 -0.366751 0.029006 -0.345010 -0.692384 0.650617 -0.471248 -0.083335 -0.903332 0.414954 0.613339 -0.781588 -0.623271 -1.350850 0.183051 -0.897202 0.038118 0.188335 0.297327 -1.156468 -0.732444 -0.004724 -0.301243 0.773474 -0.791962 -1.124848 2.258279 1.000000
82 0.520723 -0.486605 -0.569445 -1.075232 0.863725 -0.404577 -0.175633 -0.996630 -0.369416 1.979082 0.327063 0.272908 1.520418 2.323180 2.144479 -0.534014 -0.565481 -0.178755 2.182895 -1.210165 -0.730898 -0.549013 0.175605 -0.609934 0.153159 2.015766 -0.537540 0.155262 1.370439 -0.529512 2.107668 0.543141 -0.848190 -0.146830 0.422807 0.127178 -0.676994 0.524857 -0.141729 -0.354054 10.453006 1.000000
83 1.153496 -1.285127 0.064757 -1.245616 0.080567 -1.039417 -1.193344 0.647793 -0.765153 -0.210469 -1.495978 2.018317 0.658121 1.415741 0.060008 0.216310 -0.040653 -0.623462 -0.621794 -0.488652 0.685501 1.146385 1.630120 1.894448 0.244898 -0.241646 1.395819 -0.576020 0.030537 -0.266175 0.287871 1.290125 0.563011 0.270924 -0.756676 -1.174913 -0.093619 0.053375 0.201929 -1.055624 4.489549 1.000000
84 -0.277325 0.305245 -0.559240 -0.049629 -0.241919 1.198150 1.021136 -0.349921 -1.294979 -2.073968 -0.067006 1.216711 -0.523540 -0.115093 -1.245439 -0.916819 -0.399716 0.722787 0.541662 -0.177769 -1.471674 0.050707 1.496007 -2.883537 -0.744754 -1.125464 0.032038 -1.062231 1.102957 0.123934 0.951965 -1.159516 1.890652 -0.483035 -1.078506 1.232107 -0.619550 -1.545762 0.781649 -0.523067 0.837077 1.000000
85 -0.045143 1.946584 1.617715 2.423748 -0.881747 -0.642062 -0.071204 -0.885885 -0.680606 0.902361 -1.364254 1.194991 1.786410 1.666767 -3.031807 0.204565 -0.737044 -1.915528 0.104329 -0.952117 -1.166654 -0.287865 -0.051877 1.866745 1.323630 -0.148745 0.112348 0.263701 -0.042818 -0.198886 0.235329 -0.864809 1.891156 1.705365 0.560045 0.558681 -0.379923 0.805832 -1.172490 1.480294 2.754630 1.000000
86 -0.987912 -1.645716 0.200214 0.362209 1.264400 -0.313808 0.052911 1.475352 0.688910 -1.228200 -0.903797 0.306812 -0.851602 -1.226553 1.131950 0.199414 -0.954701 0.553457 0.387847 0.030414 1.012162 -0.138964 0.006622 0.499119 1.244157 0.755425 -1.973988 0.715159 0.145455 2.389483 0.592328 1.491202 -1.595838 1.588133 -0.524373 1.704108 1.072587 -0.266640 0.878870 -1.901797 1.426729 1.000000
87 -0.602386 -1.997692 -1.335655 0.449578 -1.230649 -0.984163 0.484152 1.856769 -1.295239 1.345741 -0.461419 -1.467815 -0.604978 0.904686 -1.925283 -0.227998 1.125714 -2.154993 -0.860780 -1.737525 -0.156298 0.691686 0.667431 -0.032599 -2.158430 0.254970 0.216787 -0.832911 -1.049783 -0.281181 0.130795 2.064717 -1.064923 0.134247 -0.872504 -0.307815 0.754672 -0.459536 -0.300561 -0.774766 0.819231 1.000000
88 -0.923875 -0.026496 0.673042 -2.455859 0.818038 -0.436986 0.882856 -0.375750 -0.325643 -0.075513 -0.032214 -0.602105 0.367764 0.846699 0.168317 -0.702048 1.565201 0.308622 0.872052 0.312963 -0.909594 -2.659777 1.056368 -0.065483 1.586169 0.528162 0.256655 -0.279773 1.478485 -0.179292 -0.497373 0.780074 0.936669 0.278848 -0.426262 0.208721 1.095037 0.527024 0.444941 -0.196848 2.844293 1.000000
89 -0.940783 0.430203 -0.360093 0.634322 -0.427978 -0.486698 0.632018 -0.358622 -2.526669 1.075519 0.810832 -0.060728 1.279370 -1.688229 -0.042691 -0.513847 -1.076691 0.641655 2.131831 -0.146847 -1.425688 0.643545 -1.051611 -0.707704 0.222738 0.985861 0.139660 -1.375003 0.262153 0.682809 -0.222903 -0.876208 2.016559 -1.289287 1.950907 -2.542597 -0.282182 0.449201 0.717030 -0.124148 0.919444 1.000000
90 1.890795 -2.059325 -0.544319 1.268777 0.822657 -0.141644 -1.075360 -0.338138 0.389636 -0.227509 0.295270 0.091418 -0.666410 -0.950908 -1.030684 -1.153152 -0.238291 0.620999 -0.898773 -0.233134 -0.595221 0.441850 0.929376 -0.610325 0.682680 1.314649 -0.474057 -0.076924 -0.477993 0.389381 -0.124828 -0.683907 -0.521719 1.492997 -1.053619 -0.739787 -1.554538 1.416598 -0.844855 -0.808063 7.251655 1.000000
91 0.214418 -1.983752 2.091244 1.550878 -1.139517 0.441522 2.515727 1.057661 -2.166617 0.482612 0.750646 0.568870 0.895117 0.237855 -0.380955 0.385509 0.776289 -0.106733 -0.171550 -2.337263 -0.797568 0.831633 -1.778542 0.905902 0.803283 -0.279573 1.975721 1.011993 -1.339984 -0.105591 -0.410258 -1.741362 0.779878 -1.350562 0.035262 -0.495117 -0.079454 1.265374 -0.312669 0.725801 2.637568 1.000000
92 0.226351 0.455240 -0.164932 1.944592 -0.463062 -0.427623 1.629427 1.132545 0.811605 0.314410 1.914420 -0.913223 -0.144294 -1.938556 1.135973 0.126310 -2.249793 -0.223704 -0.893187 -0.334395 -1.031255 0.918176 1.532993 0.260533 0.402276 -0.509257 0.580976 -0.292324 -0.704446 2.468582 1.360400 1.402818 0.915807 0.825108 -1.223523 -0.900383 0.509099 0.187838 -0.895439 -1.319485 0.401846 1.000000
93 1.154991 -1.937904 -1.067583 -1.609236 -1.436468 -0.541818 -2.199701 1.098133 1.243684 -0.355700 0.084152 -0.297210 -0.205993 0.908795 -1.189520 -0.844016 0.171821 0.888866 0.508723 -0.642890 0.848581 -1.187454 0.435532 0.171539 0.569507 -0.694264 -0.265834 1.763751 -2.073881 1.003529 0.057593 -1.055215 0.015968 1.083380 -0.782448 -1.123981 0.743274 -1.123574 -1.004596 -0.099131 1.682211 1.000000
94 0.938300 -0.101085 -0.287369 -0.740563 0.338217 0.523611 0.309181 -0.710883 0.684202 2.620053 -0.276154 -0.704952 1.210166 -0.605945 0.076593 0.109266 0.903402 0.010088 -0.882799 0.249846 1.346475 0.354823 -0.583430 -0.361729 -0.392913 0.296907 -0.468077 0.759564 -0.191243 0.535325 -0.133925 -0.857908 -0.044882 2.025694 -0.421979 -1.472139 -0.130454 0.102687 -1.423557 -0.006220 5.873791 1.000000
95 0.953763 -2.034176 0.405987 -0.902084 0.687807 -1.808654 0.910902 0.676929 -0.831049 0.523083 -1.087773 0.873897 -1.157161 -1.238577 0.599558 0.284322 1.153250 0.614808 -1.446714 0.877583 2.274444 -0.620209 0.246344 0.193590 -1.317227 1.200398 -0.120349 0.452752 -0.754623 0.659540 -0.093777 -0.604817 -0.518266 1.001661 -0.653061 0.555581 0.436644 0.993593 0.040634 -0.850342 1.161739 1.000000
96 0.643415 -0.811130 1.055132 -0.419327 2.296211 2.284131 0.398502 0.256351 0.152789 0.801626 2.620406 -0.125420 -1.471496 -0.926649 1.399609 0.807132 -0.281196 -0.490678 -0.766329 -0.307185 0.039008 -0.897509 -0.897330 -0.692781 0.605733 0.571617 -1.573281 0.075899 -1.120789 -1.011592 0.021673 -0.005675 0.119920 -0.342898 2.934175 -0.370005 -0.645140 -0.300141 -0.227646 0.431068 0.137926 1.000000
97 -1.291518 0.246658 0.282623 0.988458 -1.022470 0.047775 -0.790609 0.432437 -0.222163 -0.572259 0.360637 1.340392 -2.036231 -0.952909 0.125506 1.534702 -1.870576 -0.121603 -0.001002 0.937194 -0.458044 1.259232 0.228304 0.682085 0.324920 0.902226 0.090624 -0.452196 0.059795 -0.562140 -1.239913 -0.093436 -0.934722 -0.368357 0.202654 -0.595994 0.777884 -1.074043 -1.420116 1.798289 1.120848 1.000000
98 -0.200697 -2.120898 -0.113251 -0.641282 1.092284 -1.255269 0.398498 2.054892 1.009072 1.307127 -0.345017 -0.783229 0.732240 -0.324341 1.359099 0.138643 -0.014626 -0.815585 0.093222 -0.970256 -1.689811 -0.838312 0.485589 -0.236582 -0.281172 0.873964 0.178352 1.426633 0.516637 0.668725 -0.854960 2.116003 -0.080769 1.226405 -0.022079 0.308634 0.485726 0.815908 2.305929 0.448181 0.652229 1.000000
99 -0.631339 0.437282 -0.499943 -0.748705 0.418053 -0.435782 1.556913 -0.324381 -1.140747 -0.205152 -0.713449 0.331868 0.899798 1.061873 0.933918 -0.342988 0.888358 -1.670496 0.015407 0.732535 0.361019 0.605539 -2.176801 -0.741086 0.451483 -0.027983 0.205744 0.696454 -0.034074 0.653188 2.060152 -0.009119 -1.409453 -0.180785 -0.019647 -0.862491 0.425363 0.445671 0.694700 0.653514 1.610154 1.000000
100 1.133003 1.418901 -1.709031 -1.296602 -0.376427 -2.633476 -0.492246 0.176552 -0.145080 -1.617544 0.400514 0.137389 0.233789 -0.421021 1.260542 -1.940054 -1.000236 0.360218 0.038668 0.706931 -0.453489 1.020742 0.239641 -1.352066 0.693051 0.001011 0.508517 -0.356626 0.777313 -1.790358 -0.276295 1.746459 -0.980906 0.772036 -0.168001 -0.215721 -0.252839 0.325336 -0.196914 -1.189914 1.906832 1.000000
uncorrelated Gaussian covariates
missing covariate fraction: 0.000000
no latent classes
   lambda(t|risk 1)=C, <t>=4.000000 for zero covariates
   risk 1: beta[1]=0.000000
   risk 1: beta[2]=0.000000
   risk 1: beta[3]=0.000000
   risk 1: beta[4]=0.000000
   risk 1: beta[5]=0.000000
   risk 1: beta[6]=0.000000
   risk 1: beta[7]=0.000000
   risk 1: beta[8]=0.000000
   risk 1: beta[9]=0.000000
   risk 1: beta[10]=0.000000
   risk 1: beta[11]=0.000000
   risk 1: beta[12]=0.000000
   risk 1: beta[13]=0.000000
   risk 1: beta[14]=0.000000
   risk 1: beta[15]=0.000000
   risk 1: beta[16]=0.000000
   risk 1: beta[17]=0.000000
   risk 1: beta[18]=0.000000
   risk 1: beta[19]=0.000000
   risk 1: beta[20]=0.000000
   risk 1: beta[21]=0.000000
   risk 1: beta[22]=0.000000
   risk 1: beta[23]=0.000000
   risk 1: beta[24]=0.000000
   risk 1: beta[25]=0.000000
   risk 1: beta[26]=0.000000
   risk 1: beta[27]=0.000000
   risk 1: beta[28]=0.000000
   risk 1: beta[29]=0.000000
   risk 1: beta[30]=0.000000
   risk 1: beta[31]=0.000000
   risk 1: beta[32]=0.000000
   risk 1: beta[33]=0.000000
   risk 1: beta[34]=0.000000
   risk 1: beta[35]=0.000000
   risk 1: beta[36]=0.000000
   risk 1: beta[37]=0.000000
   risk 1: beta[38]=0.000000
   risk 1: beta[39]=0.000000
   risk 1: beta[40]=0.000000
