1 0.039302075582 1.047219339669
2 0.113272901610 0.908532513743
3 -0.043496895347 1.025050082788
4 0.197592884422 1.123285339295
5 -0.004844606620 1.065597950787
6 0.109261097364 1.160187197947
7 -0.029756326944 1.232159606786
8 0.010996388911 0.922981889360
9 -0.111329164556 0.998304460413
10 0.063394385132 1.052493531617
11 -0.047426645088 0.987862719778
12 -0.053409996522 0.960672982062
13 -0.126157859835 1.019069420761
14 0.075752287691 0.892319001587
15 0.119930928281 0.931727744785
16 -0.094061747974 1.043937574653
17 -0.065216519967 0.883842312040
18 0.053160022738 0.997732799463
19 -0.167804808623 0.959035774008
20 -0.126170771604 0.976917918702
21 0.069718043114 0.941080596290
22 0.043326067310 0.959725748814
23 0.156356274826 1.002624665298
24 0.065882490226 1.105480878898
25 0.051758300919 0.954993356502
26 0.182140942589 1.029819917045
27 -0.138869471183 1.024614189255
28 -0.061668870575 1.018250152356
29 0.004834844528 0.922086304531
30 -0.048591106820 0.905876843441
31 -0.133925352040 0.944853451422
32 -0.100182683901 0.962769072297
33 -0.007609543664 0.979330506326
34 0.011716186794 0.940351272982
35 0.038968986356 0.916190591051
36 -0.065745771515 0.887798809170
37 -0.000406692981 1.015494230494
38 0.070892925559 1.050883736252
39 0.065611196666 0.939196997891
40 0.049627786045 1.044286116128
