active=40: 1 2 3 4 5 6 7 8 9 10 11 12 13 14 15 16 17 18 19 20 21 22 23 24 25 26 27 28 29 30 31 32 33 34 35 36 37 38 39 40 
active=39: 1 2 3 4 5 6 7 8 9 10 11 12 13 14 15 16 17 18 19 20 21 22 23 24 25 26 27 28 29 30 31 32 33 34 36 37 38 39 40 
active=38: 1 2 3 4 5 6 7 8 9 10 11 12 13 14 15 16 17 18 19 20 21 22 23 24 25 26 27 28 29 30 31 32 33 34 36 37 38 40 
active=37: 1 2 3 4 5 6 7 8 9 10 11 12 13 14 15 16 17 18 19 20 22 23 24 25 26 27 28 29 30 31 32 33 34 36 37 38 40 
active=36: 1 2 3 4 5 6 7 8 9 10 11 12 13 14 15 16 17 18 19 20 22 23 24 26 27 28 29 30 31 32 33 34 36 37 38 40 
active=35: 1 2 3 4 5 6 7 8 9 10 11 12 13 14 16 17 18 19 20 22 23 24 26 27 28 29 30 31 32 33 34 36 37 38 40 
active=34: 1 2 3 4 5 6 7 8 9 10 11 12 13 14 16 17 18 19 20 22 24 26 27 28 29 30 31 32 33 34 36 37 38 40 
active=33: 1 2 3 4 6 7 8 9 10 11 12 13 14 16 17 18 19 20 22 24 26 27 28 29 30 31 32 33 34 36 37 38 40 
active=32: 1 2 3 4 6 7 8 9 10 11 12 13 14 16 17 18 19 20 24 26 27 28 29 30 31 32 33 34 36 37 38 40 
active=31: 1 2 3 4 6 7 8 9 10 11 12 13 14 16 17 18 19 20 24 26 27 28 29 30 31 32 33 34 36 37 38 
active=30: 1 2 3 4 6 7 8 9 10 11 12 13 14 16 17 18 19 24 26 27 28 29 30 31 32 33 34 36 37 38 
active=29: 1 2 3 4 6 7 8 9 10 11 12 13 14 16 17 18 19 24 26 27 28 29 30 31 32 34 36 37 38 
active=28: 1 2 3 4 6 7 8 9 10 11 12 13 14 16 17 18 19 24 26 27 28 29 30 32 34 36 37 38 
active=27: 1 2 3 4 6 7 8 9 10 11 13 14 16 17 18 19 24 26 27 28 29 30 32 34 36 37 38 
active=26: 1 2 3 4 6 7 8 9 10 11 13 14 16 17 18 19 24 26 27 28 29 30 32 34 36 38 
active=25: 1 2 3 4 6 7 8 9 10 11 13 14 16 18 19 24 26 27 28 29 30 32 34 36 38 
active=24: 1 2 3 4 6 7 8 9 10 11 13 14 16 18 19 24 26 27 28 29 30 32 36 38 
active=23: 1 2 3 4 6 7 8 9 10 11 13 14 16 19 24 26 27 28 29 30 32 36 38 
active=22: 1 2 3 4 6 7 8 9 10 11 13 14 16 19 24 26 27 28 29 30 32 36 
active=21: 1 2 3 4 6 7 8 9 10 11 14 16 19 24 26 27 28 29 30 32 36 
active=20: 1 2 3 4 6 7 8 9 10 11 14 16 19 24 26 27 28 29 30 32 
active=19: 1 2 3 4 6 7 8 9 10 11 14 16 19 24 26 27 28 30 32 
active=18: 1 2 3 4 6 7 8 9 10 11 14 16 19 24 26 27 28 30 
active=17: 1 2 3 4 7 8 9 10 11 14 16 19 24 26 27 28 30 
active=16: 1 2 3 4 7 8 9 10 11 16 19 24 26 27 28 30 
active=15: 1 3 4 7 8 9 10 11 16 19 24 26 27 28 30 
active=14: 1 3 4 7 8 9 10 11 16 19 24 26 27 28 
active=13: 1 3 4 7 8 9 10 11 16 19 26 27 28 
active=12: 1 3 4 7 8 9 10 11 16 26 27 28 
active=11: 1 4 7 8 9 10 11 16 26 27 28 
active=10: 1 4 7 9 10 11 16 26 27 28 
active=9: 1 4 7 9 10 11 16 26 27 
active=8: 1 4 7 9 10 16 26 27 
active=7: 1 4 7 10 16 26 27 
active=6: 1 7 10 16 26 27 
active=5: 1 7 10 26 27 
active=4: 1 7 26 27 
active=3: 1 7 27 
active=2: 1 7 
active=1: 1 
