0.000000 0.480000 0.520000
1.000000 0.672200 0.681800
2.000000 0.708000 0.712600
3.000000 0.725600 0.753200
4.000000 0.728600 0.757200
5.000000 0.712400 0.769200
6.000000 0.726000 0.781200
7.000000 0.739200 0.802200
8.000000 0.753000 0.818200
9.000000 0.735000 0.825000
10.000000 0.736600 0.851800
11.000000 0.728800 0.827000
12.000000 0.724400 0.840600
13.000000 0.719600 0.849200
14.000000 0.726800 0.860000
15.000000 0.702800 0.856600
16.000000 0.701800 0.867000
17.000000 0.702200 0.885000
18.000000 0.695400 0.882800
19.000000 0.702800 0.884200
20.000000 0.687200 0.906200
21.000000 0.701600 0.911600
22.000000 0.685000 0.913800
23.000000 0.684000 0.920800
24.000000 0.681000 0.936200
25.000000 0.695200 0.930600
26.000000 0.678400 0.935000
27.000000 0.676200 0.942400
28.000000 0.663400 0.945600
29.000000 0.654400 0.946600
30.000000 0.666200 0.947400
31.000000 0.653000 0.953600
32.000000 0.659200 0.952200
33.000000 0.647400 0.955400
34.000000 0.643600 0.959800
35.000000 0.618000 0.961800
36.000000 0.623200 0.962600
37.000000 0.626200 0.966400
38.000000 0.616600 0.966600
39.000000 0.606000 0.964400
40.000000 0.592600 0.969000
