0.000000 0.480000
1.000000 0.672200
2.000000 0.708000
3.000000 0.725600
4.000000 0.728600
5.000000 0.712400
6.000000 0.726000
7.000000 0.739200
8.000000 0.753000
9.000000 0.735000
10.000000 0.736600
11.000000 0.728800
12.000000 0.724400
13.000000 0.719600
14.000000 0.726800
15.000000 0.702800
16.000000 0.701800
17.000000 0.702200
18.000000 0.695400
19.000000 0.702800
20.000000 0.687200
21.000000 0.701600
22.000000 0.685000
23.000000 0.684000
24.000000 0.681000
25.000000 0.695200
26.000000 0.678400
27.000000 0.676200
28.000000 0.663400
29.000000 0.654400
30.000000 0.666200
31.000000 0.653000
32.000000 0.659200
33.000000 0.647400
34.000000 0.643600
35.000000 0.618000
36.000000 0.623200
37.000000 0.626200
38.000000 0.616600
39.000000 0.606000
40.000000 0.592600
