active=60: 1 2 3 4 5 6 7 8 9 10 11 12 13 14 15 16 17 18 19 20 21 22 23 24 25 26 27 28 29 30 31 32 33 34 35 36 37 38 39 40 41 42 43 44 45 46 47 48 49 50 51 52 53 54 55 56 57 58 59 60 
active=59: 1 2 3 4 5 6 7 8 9 10 11 12 13 14 15 16 17 18 19 20 21 22 23 24 25 26 27 28 29 30 32 33 34 35 36 37 38 39 40 41 42 43 44 45 46 47 48 49 50 51 52 53 54 55 56 57 58 59 60 
active=58: 1 2 3 4 5 6 7 8 9 10 11 12 13 14 15 16 17 18 19 20 21 22 23 24 25 26 27 28 29 30 32 33 34 35 36 37 38 39 41 42 43 44 45 46 47 48 49 50 51 52 53 54 55 56 57 58 59 60 
active=57: 1 2 3 4 6 7 8 9 10 11 12 13 14 15 16 17 18 19 20 21 22 23 24 25 26 27 28 29 30 32 33 34 35 36 37 38 39 41 42 43 44 45 46 47 48 49 50 51 52 53 54 55 56 57 58 59 60 
active=56: 1 2 3 4 6 7 8 9 10 11 12 13 14 15 16 18 19 20 21 22 23 24 25 26 27 28 29 30 32 33 34 35 36 37 38 39 41 42 43 44 45 46 47 48 49 50 51 52 53 54 55 56 57 58 59 60 
active=55: 1 2 3 4 6 7 8 9 10 12 13 14 15 16 18 19 20 21 22 23 24 25 26 27 28 29 30 32 33 34 35 36 37 38 39 41 42 43 44 45 46 47 48 49 50 51 52 53 54 55 56 57 58 59 60 
active=54: 1 2 3 4 6 7 8 9 10 12 13 14 16 18 19 20 21 22 23 24 25 26 27 28 29 30 32 33 34 35 36 37 38 39 41 42 43 44 45 46 47 48 49 50 51 52 53 54 55 56 57 58 59 60 
active=53: 1 2 3 4 6 7 8 9 10 12 13 14 16 18 19 20 21 22 23 24 25 26 27 28 30 32 33 34 35 36 37 38 39 41 42 43 44 45 46 47 48 49 50 51 52 53 54 55 56 57 58 59 60 
active=52: 1 2 3 4 6 7 8 9 10 12 13 14 18 19 20 21 22 23 24 25 26 27 28 30 32 33 34 35 36 37 38 39 41 42 43 44 45 46 47 48 49 50 51 52 53 54 55 56 57 58 59 60 
active=51: 1 2 3 4 6 7 8 9 10 12 13 14 18 19 20 21 22 23 24 25 26 27 28 30 32 33 34 35 36 37 38 39 41 42 43 44 45 46 47 48 49 50 51 52 53 54 55 56 57 58 59 
active=50: 1 2 3 4 6 7 8 9 10 12 13 14 18 19 20 21 22 23 24 25 26 27 28 30 32 33 35 36 37 38 39 41 42 43 44 45 46 47 48 49 50 51 52 53 54 55 56 57 58 59 
active=49: 1 2 3 4 6 7 8 9 10 12 13 14 19 20 21 22 23 24 25 26 27 28 30 32 33 35 36 37 38 39 41 42 43 44 45 46 47 48 49 50 51 52 53 54 55 56 57 58 59 
active=48: 1 2 4 6 7 8 9 10 12 13 14 19 20 21 22 23 24 25 26 27 28 30 32 33 35 36 37 38 39 41 42 43 44 45 46 47 48 49 50 51 52 53 54 55 56 57 58 59 
active=47: 1 2 4 6 7 8 9 10 12 13 14 19 20 21 22 23 24 25 26 27 28 30 32 33 35 36 37 38 39 41 42 43 44 45 46 47 48 49 50 51 52 53 54 55 56 58 59 
active=46: 1 2 4 6 7 8 9 10 13 14 19 20 21 22 23 24 25 26 27 28 30 32 33 35 36 37 38 39 41 42 43 44 45 46 47 48 49 50 51 52 53 54 55 56 58 59 
active=45: 1 2 4 6 7 8 9 10 13 14 19 20 21 22 23 24 25 26 27 28 30 32 33 35 36 37 38 39 41 42 43 44 45 47 48 49 50 51 52 53 54 55 56 58 59 
active=44: 1 2 4 6 7 8 9 10 13 14 19 20 21 22 23 24 25 26 27 28 30 32 35 36 37 38 39 41 42 43 44 45 47 48 49 50 51 52 53 54 55 56 58 59 
active=43: 1 2 4 6 7 8 9 10 13 14 19 21 22 23 24 25 26 27 28 30 32 35 36 37 38 39 41 42 43 44 45 47 48 49 50 51 52 53 54 55 56 58 59 
active=42: 1 2 4 6 7 8 9 10 13 14 19 21 22 23 24 25 26 27 28 30 35 36 37 38 39 41 42 43 44 45 47 48 49 50 51 52 53 54 55 56 58 59 
active=41: 1 2 4 6 7 8 9 10 13 14 19 21 22 23 24 25 27 28 30 35 36 37 38 39 41 42 43 44 45 47 48 49 50 51 52 53 54 55 56 58 59 
active=40: 1 2 4 6 7 8 9 10 13 14 19 21 23 24 25 27 28 30 35 36 37 38 39 41 42 43 44 45 47 48 49 50 51 52 53 54 55 56 58 59 
active=39: 1 2 4 6 7 8 9 10 13 14 19 23 24 25 27 28 30 35 36 37 38 39 41 42 43 44 45 47 48 49 50 51 52 53 54 55 56 58 59 
active=38: 1 2 4 6 7 8 9 10 13 14 19 23 24 25 27 28 30 35 36 37 38 39 41 42 43 44 45 47 49 50 51 52 53 54 55 56 58 59 
active=37: 1 2 4 6 7 8 9 10 13 14 19 24 25 27 28 30 35 36 37 38 39 41 42 43 44 45 47 49 50 51 52 53 54 55 56 58 59 
active=36: 1 2 4 6 7 8 9 10 13 14 19 24 25 27 30 35 36 37 38 39 41 42 43 44 45 47 49 50 51 52 53 54 55 56 58 59 
active=35: 1 2 4 6 7 8 9 10 14 19 24 25 27 30 35 36 37 38 39 41 42 43 44 45 47 49 50 51 52 53 54 55 56 58 59 
active=34: 1 2 4 6 7 8 9 10 14 19 24 25 27 30 35 36 37 39 41 42 43 44 45 47 49 50 51 52 53 54 55 56 58 59 
active=33: 1 2 4 6 7 8 9 10 14 24 25 27 30 35 36 37 39 41 42 43 44 45 47 49 50 51 52 53 54 55 56 58 59 
active=32: 1 2 4 6 7 8 9 14 24 25 27 30 35 36 37 39 41 42 43 44 45 47 49 50 51 52 53 54 55 56 58 59 
active=31: 1 2 4 6 7 8 9 14 25 27 30 35 36 37 39 41 42 43 44 45 47 49 50 51 52 53 54 55 56 58 59 
active=30: 1 2 4 6 7 8 9 14 25 27 30 35 36 37 39 41 42 43 44 45 47 49 50 52 53 54 55 56 58 59 
active=29: 1 2 4 6 7 8 9 14 25 27 30 35 36 37 39 41 42 43 45 47 49 50 52 53 54 55 56 58 59 
active=28: 1 2 4 6 7 8 9 14 25 27 30 36 37 39 41 42 43 45 47 49 50 52 53 54 55 56 58 59 
active=27: 1 2 4 6 7 8 9 14 25 30 36 37 39 41 42 43 45 47 49 50 52 53 54 55 56 58 59 
active=26: 1 2 4 6 7 8 9 14 25 36 37 39 41 42 43 45 47 49 50 52 53 54 55 56 58 59 
active=25: 1 2 4 6 7 8 9 14 25 36 37 39 41 42 43 45 47 49 50 52 53 55 56 58 59 
active=24: 1 2 6 7 8 9 14 25 36 37 39 41 42 43 45 47 49 50 52 53 55 56 58 59 
active=23: 1 2 6 7 8 9 14 25 36 37 39 41 42 43 45 47 49 52 53 55 56 58 59 
active=22: 1 2 6 7 8 9 14 25 36 37 39 41 42 43 47 49 52 53 55 56 58 59 
active=21: 1 2 6 7 8 9 14 25 36 37 39 41 42 43 47 49 52 53 55 58 59 
active=20: 1 2 6 7 8 9 14 25 36 37 39 41 42 43 47 49 53 55 58 59 
active=19: 1 2 6 7 8 9 14 25 36 37 39 41 42 43 49 53 55 58 59 
active=18: 1 2 6 7 8 9 14 25 36 37 39 41 42 43 53 55 58 59 
active=17: 1 2 7 8 9 14 25 36 37 39 41 42 43 53 55 58 59 
active=16: 1 2 7 8 14 25 36 37 39 41 42 43 53 55 58 59 
active=15: 1 2 8 14 25 36 37 39 41 42 43 53 55 58 59 
active=14: 1 2 8 14 25 37 39 41 42 43 53 55 58 59 
active=13: 1 2 8 14 25 37 39 41 43 53 55 58 59 
active=12: 1 8 14 25 37 39 41 43 53 55 58 59 
active=11: 1 8 14 37 39 41 43 53 55 58 59 
active=10: 1 8 14 37 39 41 43 53 58 59 
active=9: 1 8 14 39 41 43 53 58 59 
active=8: 1 8 14 39 41 43 58 59 
active=7: 1 14 39 41 43 58 59 
active=6: 1 14 39 41 43 58 
active=5: 1 39 41 43 58 
active=4: 1 41 43 58 
active=3: 1 41 58 
active=2: 1 58 
active=1: 1 
