0.000000 0.500000 0.500000
1.000000 0.561500 0.564600
2.000000 0.571800 0.586900
3.000000 0.579300 0.613800
4.000000 0.622800 0.651000
5.000000 0.613700 0.666100
6.000000 0.626300 0.672400
7.000000 0.621000 0.670700
8.000000 0.618300 0.665800
9.000000 0.587300 0.659800
10.000000 0.623500 0.706100
11.000000 0.620300 0.705600
12.000000 0.644400 0.724100
13.000000 0.637200 0.722100
14.000000 0.637800 0.708300
15.000000 0.641700 0.721600
16.000000 0.644300 0.744000
17.000000 0.628400 0.738300
18.000000 0.625900 0.743900
19.000000 0.629900 0.755900
20.000000 0.630600 0.757900
21.000000 0.621200 0.770800
22.000000 0.636200 0.780600
23.000000 0.622800 0.782900
24.000000 0.627700 0.781100
25.000000 0.623700 0.783200
26.000000 0.612300 0.778900
27.000000 0.621600 0.789900
28.000000 0.600000 0.800800
29.000000 0.605000 0.800400
30.000000 0.601400 0.813200
31.000000 0.603100 0.805600
32.000000 0.596200 0.819300
33.000000 0.591300 0.815900
34.000000 0.582600 0.827500
35.000000 0.578200 0.826100
36.000000 0.578500 0.835600
37.000000 0.574900 0.832500
38.000000 0.567400 0.842600
39.000000 0.567600 0.842400
40.000000 0.565900 0.848600
41.000000 0.571500 0.847700
42.000000 0.562700 0.856000
43.000000 0.554300 0.859200
44.000000 0.558100 0.865600
45.000000 0.552700 0.875200
46.000000 0.557300 0.868000
47.000000 0.545200 0.870900
48.000000 0.544500 0.880000
49.000000 0.549800 0.880000
50.000000 0.534500 0.883900
51.000000 0.537600 0.893500
52.000000 0.534100 0.890000
53.000000 0.532800 0.894500
54.000000 0.531200 0.898000
55.000000 0.530100 0.898700
56.000000 0.521800 0.901600
57.000000 0.519100 0.907300
58.000000 0.506700 0.908700
59.000000 0.514400 0.916100
60.000000 0.509400 0.910600
