1 0.052867422850 0.942538100941
2 -0.095033888638 1.040627479129
3 0.004375358665 1.115767374921
4 0.002521826409 0.958903681609
5 0.070560105908 0.950356008373
6 -0.067742915462 1.030191683545
7 0.254152113496 1.036364604318
8 0.046216333552 0.927337201657
9 0.156901590486 0.935357194977
10 -0.135796096936 1.042576780491
11 -0.086503629342 0.976196179901
12 0.028804243510 1.025068574719
13 0.033522216531 0.939192867180
14 0.105660918038 1.038484001694
15 -0.107979933001 1.015793956415
16 0.085549722954 1.002245815441
17 -0.001808054854 0.977449496959
18 -0.069376250109 0.958469203406
19 -0.063884557861 0.973799504447
20 -0.069712045971 1.011428028568
