0.000000 0.500000
1.000000 0.659400
2.000000 0.635800
3.000000 0.685600
4.000000 0.730100
5.000000 0.759100
6.000000 0.754700
7.000000 0.756200
8.000000 0.751900
9.000000 0.753700
10.000000 0.782500
11.000000 0.807800
12.000000 0.797400
13.000000 0.786100
14.000000 0.779400
15.000000 0.779400
16.000000 0.789600
17.000000 0.781200
18.000000 0.781700
19.000000 0.776600
20.000000 0.780800
21.000000 0.766500
22.000000 0.774200
23.000000 0.765600
24.000000 0.771000
25.000000 0.764300
26.000000 0.765700
27.000000 0.767800
28.000000 0.782300
29.000000 0.770400
30.000000 0.780200
31.000000 0.782800
32.000000 0.783800
33.000000 0.781700
34.000000 0.788200
35.000000 0.776400
36.000000 0.777100
37.000000 0.779900
38.000000 0.775400
39.000000 0.782500
40.000000 0.783300
41.000000 0.775500
42.000000 0.776600
43.000000 0.768700
44.000000 0.770200
45.000000 0.761300
46.000000 0.756200
47.000000 0.754800
48.000000 0.753400
49.000000 0.751900
50.000000 0.756700
51.000000 0.743900
52.000000 0.745000
53.000000 0.748700
54.000000 0.733700
55.000000 0.735400
56.000000 0.737400
57.000000 0.728400
58.000000 0.725500
59.000000 0.717700
60.000000 0.710700
61.000000 0.711800
62.000000 0.707200
63.000000 0.705800
64.000000 0.697600
65.000000 0.705600
66.000000 0.699500
67.000000 0.700500
68.000000 0.702800
69.000000 0.689900
70.000000 0.681900
71.000000 0.684500
72.000000 0.680300
73.000000 0.684900
74.000000 0.678800
75.000000 0.678100
76.000000 0.679600
77.000000 0.673700
78.000000 0.680600
79.000000 0.667200
80.000000 0.670500
81.000000 0.662600
82.000000 0.656100
83.000000 0.654000
84.000000 0.655500
85.000000 0.656700
86.000000 0.641100
87.000000 0.650000
88.000000 0.650700
89.000000 0.645400
90.000000 0.644100
91.000000 0.644200
92.000000 0.641100
93.000000 0.641800
94.000000 0.639200
95.000000 0.633400
96.000000 0.628100
97.000000 0.628200
98.000000 0.628200
99.000000 0.627600
100.000000 0.623500
