0.000000 0.500000 0.500000
1.000000 0.665300 0.655200
2.000000 0.690500 0.704100
3.000000 0.692000 0.701800
4.000000 0.685200 0.706600
5.000000 0.690600 0.714100
6.000000 0.694900 0.735300
7.000000 0.700400 0.746600
8.000000 0.709500 0.752200
9.000000 0.690000 0.743200
10.000000 0.704000 0.769200
11.000000 0.714100 0.784200
12.000000 0.699200 0.771100
13.000000 0.708400 0.785200
14.000000 0.724900 0.793300
15.000000 0.726700 0.807200
16.000000 0.717300 0.808200
17.000000 0.719200 0.820900
18.000000 0.712500 0.821500
19.000000 0.724100 0.831200
20.000000 0.723700 0.828700
21.000000 0.725200 0.840700
22.000000 0.727900 0.835600
23.000000 0.721100 0.848300
24.000000 0.720800 0.853300
25.000000 0.719900 0.857000
26.000000 0.726300 0.863700
27.000000 0.734800 0.861200
28.000000 0.717100 0.879100
29.000000 0.733100 0.883100
30.000000 0.728600 0.890000
31.000000 0.740000 0.900400
32.000000 0.731900 0.910400
33.000000 0.728800 0.911400
34.000000 0.732300 0.904500
35.000000 0.709300 0.905400
36.000000 0.711300 0.916100
37.000000 0.710500 0.915900
38.000000 0.716600 0.918100
39.000000 0.708600 0.916600
40.000000 0.715700 0.924300
41.000000 0.708200 0.924000
42.000000 0.706500 0.934200
43.000000 0.705300 0.929500
44.000000 0.708600 0.933100
45.000000 0.702300 0.933800
46.000000 0.701000 0.932600
47.000000 0.701300 0.940400
48.000000 0.697300 0.939300
49.000000 0.693800 0.940200
50.000000 0.681400 0.939300
51.000000 0.674900 0.946700
52.000000 0.681600 0.947400
53.000000 0.680900 0.949800
54.000000 0.674400 0.949600
55.000000 0.670300 0.949900
56.000000 0.672700 0.945900
57.000000 0.660400 0.951800
58.000000 0.666200 0.953700
59.000000 0.658900 0.956800
60.000000 0.643700 0.955400
61.000000 0.648900 0.958600
62.000000 0.646300 0.956800
63.000000 0.651800 0.958900
64.000000 0.647700 0.960000
65.000000 0.637400 0.961800
66.000000 0.631400 0.963600
67.000000 0.638700 0.965800
68.000000 0.635400 0.966000
69.000000 0.640900 0.963600
70.000000 0.642000 0.967200
71.000000 0.635500 0.965100
72.000000 0.625300 0.966800
73.000000 0.621200 0.971200
74.000000 0.622700 0.967400
75.000000 0.619500 0.968600
76.000000 0.616500 0.969300
77.000000 0.618200 0.969700
78.000000 0.617900 0.970900
79.000000 0.618300 0.972200
80.000000 0.606500 0.972100
81.000000 0.610100 0.971500
82.000000 0.606600 0.971600
83.000000 0.599900 0.972200
84.000000 0.594400 0.973100
85.000000 0.597000 0.975700
86.000000 0.589500 0.974900
87.000000 0.600900 0.971200
88.000000 0.590600 0.972300
89.000000 0.595500 0.974100
90.000000 0.588400 0.975200
91.000000 0.587000 0.975500
92.000000 0.587300 0.974500
93.000000 0.583300 0.975800
94.000000 0.575100 0.976800
95.000000 0.578600 0.974800
96.000000 0.577800 0.976300
97.000000 0.568500 0.978300
98.000000 0.568400 0.977100
99.000000 0.563000 0.977400
100.000000 0.562800 0.978500
