N=50
P=20
R=2
1 0.288726 0.074187 1.151453 2.315807 0.717517 0.386206 -0.290564 0.124850 -0.563347 -0.433552 -0.715000 -1.035160 0.127711 -0.491490 -0.129137 -0.898622 0.939344 -0.205065 1.615591 0.270415 0.335116 1.000000
2 0.305267 -1.160152 -0.942313 -0.930869 -0.230169 0.718289 -2.577530 -0.596382 -1.012038 2.214922 2.059197 -0.936568 0.458055 -0.043819 2.668343 -1.282448 -0.855454 -0.040725 0.948481 -0.888184 0.053528 1.000000
3 0.147563 -1.279118 -0.478120 -0.617473 -0.443998 1.000669 1.569374 0.714478 0.251068 0.778644 -1.079009 -0.527135 1.353964 0.283912 -1.293462 -0.186359 -0.025644 2.039071 -0.673960 1.858693 339.031205 1.000000
4 -0.656468 -0.522378 0.877646 -0.169265 1.624432 0.222840 -0.735037 -0.466125 -0.673873 -0.400988 0.252524 0.903486 -1.219681 -0.797325 0.286500 0.809140 1.392402 -0.500818 2.973020 0.781495 0.167383 1.000000
5 -1.171628 -0.075642 0.886891 1.019132 0.133152 0.156763 0.397348 0.455061 -2.882273 0.864189 -0.328788 0.072503 0.233757 -0.767323 -1.061768 -0.378612 -1.264616 -0.867350 -0.208359 2.125258 0.850782 1.000000
6 -1.167023 0.304711 0.957525 0.120529 0.457784 -1.100553 -0.342996 0.102899 -0.231294 -1.266774 0.065661 -1.016794 0.868365 -0.449325 1.181253 1.333901 -1.960736 -2.091814 -1.531266 -0.347336 0.318669 1.000000
7 -0.289518 -0.915913 -0.682862 1.958762 -1.428411 2.494085 -0.713093 0.265828 -0.958095 -2.581687 -0.114273 -0.493827 -1.956808 -0.470868 -0.342049 0.452042 -0.362733 -0.472277 -0.638213 0.053923 0.974444 1.000000
8 -1.104661 1.271289 0.552399 -0.158484 0.381412 -0.601389 0.134528 -0.980160 -0.575948 -0.845016 -0.312097 -0.010085 -0.216038 -0.684003 0.723637 -0.493100 -1.531016 0.940387 1.183098 2.014886 0.030897 1.000000
9 -0.276367 0.187909 0.910449 0.926578 -0.103996 -0.501850 0.361219 -0.740975 -0.444768 -0.468225 -1.014141 0.952126 0.141973 1.406151 0.646474 -0.323118 0.260972 1.767649 -1.553188 0.871362 0.024656 1.000000
10 -0.542685 0.177333 -0.500805 0.080540 0.827485 1.213129 2.118668 -0.798906 -1.824139 -1.444188 1.336463 0.464975 -1.027615 0.375954 0.525396 1.105773 -0.195381 1.299496 -0.155243 1.062626 0.366677 1.000000
11 0.103096 1.768136 -0.395470 1.066529 0.062940 -1.108890 -1.698416 2.625598 1.114585 0.506783 2.477837 0.214094 2.413873 0.377904 0.360431 1.769949 1.559440 0.902163 1.409178 0.069429 1.766731 1.000000
12 -0.384478 1.572352 -2.865670 1.969505 -0.036357 0.773573 -0.693027 0.603324 0.247623 -0.268469 -0.800939 -0.131810 2.046650 -0.638167 0.018862 -1.898068 -0.465382 0.312408 1.607409 -0.386886 14.537886 1.000000
13 -0.008879 0.584146 0.597098 -0.511833 0.740698 0.093119 1.368368 -0.949349 -0.185448 -1.441270 1.101762 1.406156 -0.904971 0.096281 0.026760 0.179977 1.654943 0.554485 0.918162 0.445255 2.419167 1.000000
14 0.560052 -0.636312 0.263330 0.549462 0.853091 0.428221 -2.176050 -0.271161 -0.435459 -0.365118 0.063117 -0.416595 -0.290275 0.116402 0.769001 1.855765 -2.531844 0.013632 -0.496296 0.982823 0.406231 1.000000
15 0.001023 -0.032439 2.183135 -0.796851 0.021194 0.511052 1.314809 -1.737478 -0.604854 -1.508333 1.617356 -0.436936 -2.389191 1.467111 0.391981 -0.183977 -2.301112 0.405712 1.215861 -0.219326 1.291224 1.000000
16 -0.028182 0.555026 -0.326706 1.842148 -0.910133 -0.393811 0.522216 -1.258728 -2.022019 -1.099680 -0.326068 -0.449548 -0.673545 -1.644603 0.521126 1.135035 -1.338696 -0.509896 -1.959553 0.773173 0.027263 1.000000
17 0.177319 1.817202 -1.505386 -0.653574 1.637480 0.478230 0.351929 0.006862 0.448409 0.843005 -0.471240 -2.022738 -1.021135 1.662844 -0.681529 -0.192468 -0.974449 -0.897375 0.611129 1.155884 0.064837 1.000000
18 1.152383 0.177861 1.250732 -0.528981 1.013723 -1.236110 -1.035658 -0.263617 1.569570 -0.271412 -0.145003 0.271379 -0.770723 -0.800311 1.384799 -1.661372 -0.432095 -0.209705 1.720180 1.351802 0.181949 1.000000
19 -1.560810 0.171473 -0.170297 -0.688792 0.489310 -1.022281 -2.402991 -0.107343 -0.807713 0.522686 0.261895 0.562086 -0.515119 0.673195 0.605289 -0.066759 -0.780726 1.005098 -0.517324 0.128730 2.834329 1.000000
20 -0.872260 0.223070 0.665200 1.603037 -2.641818 0.596385 0.998679 -1.024469 0.534965 0.189555 -1.428552 0.698593 -0.406301 -0.659711 -0.600888 1.699240 0.937915 0.251872 -1.299973 -0.792349 5.999302 1.000000
21 -0.264223 -0.527427 0.285317 -1.346415 -0.332225 -1.102107 0.629819 -1.518914 -0.626393 -0.784002 2.107355 0.777330 0.868596 -0.873152 0.975887 -2.014425 -0.825543 1.250996 1.242472 0.058926 1.523376 1.000000
22 -1.092306 -1.501683 0.112885 1.209892 -0.707178 -0.685994 -0.742669 0.264495 -0.699667 2.036757 1.536086 0.226012 1.384253 0.172222 -0.533165 0.445914 -0.141766 -0.826336 -0.409110 -0.717600 0.336431 1.000000
23 -0.474708 0.619582 -0.505299 0.777477 0.330167 0.168654 0.840375 -1.269595 -0.958045 0.197983 0.615814 -1.045826 -0.596404 0.605257 -0.608251 -1.272318 0.455137 -0.760767 -0.553498 1.065811 1.168639 1.000000
24 0.405244 1.804679 0.514877 0.608048 -0.458098 -0.393904 -1.228651 -0.048299 -0.358795 1.512163 -0.395861 -1.370003 0.549724 -0.324031 -0.155241 -1.260296 1.300685 -0.545981 -0.252697 -0.972235 0.510924 1.000000
25 1.674255 0.417830 0.562265 0.697717 -0.907526 -0.375094 -0.415608 -0.549456 1.108641 -0.328264 -0.418293 1.448558 -0.817624 -1.870304 0.863596 -1.343653 -1.130465 -0.235024 0.392137 -0.024503 0.081119 1.000000
26 -0.094712 -0.604335 -1.145833 -0.160259 0.467990 0.269297 -1.125295 -0.100098 1.332378 -0.586079 -0.718395 0.870426 -1.253705 -0.453924 -0.859250 0.629830 0.937824 0.585143 -1.506462 0.541006 4.943519 1.000000
27 0.245350 -1.787585 0.675456 -0.593337 0.146705 -0.257953 -0.511105 -0.084557 -2.563470 -0.100025 0.989828 0.354963 0.460101 -0.509792 -0.074157 1.130551 -0.906259 -0.089471 1.686376 -0.324540 2.430613 1.000000
28 -0.125225 -2.124989 1.420722 1.144929 0.968903 -1.737005 -0.423934 -0.052443 1.044697 0.933835 2.029352 1.366604 -1.792484 -1.531511 -1.201681 -0.048326 -0.901993 -0.339159 -0.755840 0.018092 5.822574 1.000000
29 1.764095 -0.887151 -1.027866 1.039657 -0.932811 0.710029 0.502612 -0.165859 -0.053254 0.134803 0.160093 0.904764 -0.017724 -0.031837 -0.742849 -1.366905 -3.164494 0.554676 1.150667 -0.209488 4.003862 1.000000
30 -0.142158 -0.430949 0.958582 -0.973854 -1.399199 -1.679588 2.256954 0.834038 1.189117 0.717897 1.015977 -0.903084 -1.180672 1.175923 -1.038701 1.265832 -1.517460 -1.221689 -0.400909 -0.558206 8.581620 1.000000
31 -1.260950 -0.575681 -1.952094 -1.032143 -0.359122 0.485723 -0.336478 0.063756 -0.550098 1.303021 0.932267 1.443375 0.781620 0.792987 1.736752 0.051962 -0.312857 0.018720 -0.102685 0.111708 5.791889 1.000000
32 2.506173 0.520723 -0.447494 -0.486605 0.326367 -0.569445 1.014022 -1.075232 -0.900296 0.863725 -1.387276 -0.404577 -0.758044 -0.175633 0.099785 -0.996630 0.870532 -0.369416 0.208906 1.979082 0.734757 1.000000
33 -0.150812 1.153496 -0.848475 -1.285127 -0.213947 0.064757 -0.252930 -1.245616 -1.032820 0.080567 0.438665 -1.039417 -0.364678 -1.193344 -0.462649 0.647793 1.163986 -0.765153 -0.504213 -0.210469 1.459903 1.000000
34 0.413744 -0.277325 1.171220 0.305245 -1.600610 -0.559240 0.766182 -0.049629 -0.253170 -0.241919 0.370017 1.198150 0.426530 1.021136 0.795899 -0.349921 0.421433 -1.294979 -0.606394 -2.073968 2.047289 1.000000
35 0.471157 -0.045143 2.226354 1.946584 0.358383 1.617715 -2.910527 2.423748 1.478659 -0.881747 0.739501 -0.642062 -0.873730 -0.071204 -0.708074 -0.885885 1.713171 -0.680606 -0.876777 0.902361 0.143505 1.000000
36 0.126410 -0.987912 -0.581847 -1.645716 0.427531 0.200214 -0.145211 0.362209 1.458372 1.264400 0.501904 -0.313808 1.606234 0.052911 -0.587057 1.475352 -0.842009 0.688910 0.154647 -1.228200 51.472002 1.000000
37 -0.993966 -0.602386 1.942160 -1.997692 0.107257 -1.335655 -0.331521 0.449578 0.567159 -1.230649 1.566748 -0.984163 -0.993826 0.484152 1.402498 1.856769 -0.811846 -1.295239 0.088288 1.345741 0.521755 1.000000
38 -0.140767 -0.923875 -0.607395 -0.026496 -0.535424 0.673042 0.027678 -2.455859 0.754875 0.818038 -2.460177 -0.436986 0.717615 0.882856 -0.419806 -0.375750 0.630350 -0.325643 1.354723 -0.075513 44.554774 1.000000
39 -0.216717 -0.940783 -0.239708 0.430203 -1.218823 -0.360093 -0.299482 0.634322 -0.814878 -0.427978 -0.107182 -0.486698 1.155846 0.632018 -0.863464 -0.358622 -0.378563 -2.526669 -0.807523 1.075519 1.041032 1.000000
40 -1.131860 1.890795 -1.226255 -2.059325 0.816285 -0.544319 -0.681119 1.268777 1.891664 0.822657 0.903125 -0.141644 -2.322002 -1.075360 0.747957 -0.338138 -1.295900 0.389636 -0.761979 -0.227509 3.428658 1.000000
41 0.865479 0.214418 -1.307712 -1.983752 -1.277708 2.091244 1.569973 1.550878 1.856810 -1.139517 0.197347 0.441522 -0.761302 2.515727 -0.602772 1.057661 0.722558 -2.166617 -1.957963 0.482612 936.433286 1.000000
42 0.956124 0.226351 -0.308174 0.455240 -0.922122 -0.164932 1.560255 1.944592 0.618115 -0.463062 0.431294 -0.427623 1.572495 1.629427 0.735288 1.132545 0.346434 0.811605 -1.078888 0.314410 27.164229 1.000000
43 -0.292623 1.154991 0.660045 -1.937904 0.847860 -1.067583 0.647695 -1.609236 0.832369 -1.436468 -0.877773 -0.541818 -1.913757 -2.199701 -1.379719 1.098133 -1.098149 1.243684 -1.476671 -0.355700 0.951600 1.000000
44 1.445731 0.938300 -0.185625 -0.101085 0.418893 -0.287369 0.046048 -0.740563 -1.832993 0.338217 -0.650245 0.523611 1.895324 0.309181 -0.094502 -0.710883 0.085537 0.684202 1.334331 2.620053 0.478107 1.000000
45 -1.061620 0.953763 -0.362806 -2.034176 0.384975 0.405987 0.144678 -0.902084 0.337715 0.687807 0.886002 -1.808654 0.348358 0.910902 -0.508170 0.676929 -0.981805 -0.831049 0.701897 0.523083 1.466698 1.000000
46 1.354105 0.643415 -1.751263 -0.811130 0.785479 1.055132 0.683663 -0.419327 0.517129 2.296211 -0.879731 2.284131 0.686252 0.398502 0.516081 0.256351 -0.224298 0.152789 0.450715 0.801626 9.545133 1.000000
47 -0.878596 -1.291518 -0.574364 0.246658 -1.683196 0.282623 0.344721 0.988458 0.859864 -1.022470 0.229265 0.047775 -1.563136 -0.790609 0.458986 0.432437 -0.856709 -0.222163 0.003834 -0.572259 136.342733 1.000000
48 0.009479 -0.200697 -0.918141 -2.120898 0.532692 -0.113251 -1.834996 -0.641282 0.506959 1.092284 0.610790 -1.255269 0.215283 0.398498 0.190646 2.054892 1.757810 1.009072 -0.017696 1.307127 1.387211 1.000000
49 -1.066119 -0.631339 -1.211131 0.437282 -0.589756 -0.499943 -1.663899 -0.748705 -0.349728 0.418053 -0.540188 -0.435782 -0.017699 1.556913 0.897647 -0.324381 -1.229522 -1.140747 -1.278397 -0.205152 11.113854 1.000000
50 -1.311486 1.133003 0.535842 1.418901 -0.410110 -1.709031 0.068715 -1.296602 -0.598138 -0.376427 0.045024 -2.633476 1.477863 -0.492246 0.315279 0.176552 1.439123 -0.145080 -1.093904 -1.617544 0.505791 1.000000
uncorrelated Gaussian covariates
missing covariate fraction: 0.000000
no latent classes
   lambda(t|risk 1)=C, <t>=4.000000 for zero covariates
   risk 1: beta[1]=0.500000
   risk 1: beta[2]=0.500000
   risk 1: beta[3]=0.500000
   risk 1: beta[4]=0.500000
   risk 1: beta[5]=0.500000
   risk 1: beta[6]=-0.500000
   risk 1: beta[7]=-0.500000
   risk 1: beta[8]=-0.500000
   risk 1: beta[9]=-0.500000
   risk 1: beta[10]=-0.500000
   risk 1: beta[11]=0.000000
   risk 1: beta[12]=0.000000
   risk 1: beta[13]=0.000000
   risk 1: beta[14]=0.000000
   risk 1: beta[15]=0.000000
   risk 1: beta[16]=0.000000
   risk 1: beta[17]=0.000000
   risk 1: beta[18]=0.000000
   risk 1: beta[19]=0.000000
   risk 1: beta[20]=0.000000
