0.000000 0.480000 0.520000
1.000000 0.627800 0.648200
2.000000 0.720800 0.731200
3.000000 0.662600 0.700200
4.000000 0.661200 0.727400
5.000000 0.666600 0.735400
6.000000 0.702800 0.795600
7.000000 0.703600 0.820600
8.000000 0.747800 0.833600
9.000000 0.770600 0.853000
10.000000 0.768200 0.869800
11.000000 0.756200 0.879200
12.000000 0.750000 0.875000
13.000000 0.741400 0.876600
14.000000 0.748000 0.889800
15.000000 0.725400 0.897600
16.000000 0.721000 0.907600
17.000000 0.720200 0.907000
18.000000 0.705400 0.909000
19.000000 0.718000 0.930600
20.000000 0.727000 0.941800
21.000000 0.689200 0.942000
22.000000 0.685000 0.947400
23.000000 0.677400 0.954800
24.000000 0.662200 0.950000
25.000000 0.678000 0.955800
26.000000 0.663800 0.954600
27.000000 0.656000 0.957200
28.000000 0.644600 0.958800
29.000000 0.643600 0.963000
30.000000 0.630600 0.956800
