1 0.110500662623 1.021593027149
2 0.033186628732 0.891710881385
3 -0.110180171608 0.968658474537
4 -0.077025209538 0.999114869479
5 -0.032823524029 1.036575762273
6 0.126181737078 1.004585739784
7 0.055906149965 1.156671829867
8 0.085872122827 0.863462542050
9 -0.080461606236 0.933620937092
10 -0.057285854319 0.864064263570
11 0.117966526942 1.111981883830
12 -0.025164096742 0.991596191453
13 0.144870552141 0.896567036034
14 0.074778038632 1.209804111469
15 0.030209473474 0.998776358515
16 0.067948873069 1.032241497843
17 0.021823596057 1.071285879866
18 -0.040164077139 0.909412915330
19 0.108305666635 1.026646981242
20 -0.132710464572 1.027158006385
