0.000000 0.500000
1.000000 0.728333
2.000000 0.810625
3.000000 0.862917
4.000000 0.863333
5.000000 0.883542
6.000000 0.851250
7.000000 0.874375
8.000000 0.888958
9.000000 0.896042
10.000000 0.900417
11.000000 0.915833
12.000000 0.922917
13.000000 0.926667
14.000000 0.927917
15.000000 0.939583
16.000000 0.938750
17.000000 0.943125
18.000000 0.947083
19.000000 0.948542
20.000000 0.954792
21.000000 0.955208
22.000000 0.958542
23.000000 0.958750
24.000000 0.958958
25.000000 0.964583
26.000000 0.963958
27.000000 0.965625
28.000000 0.963125
29.000000 0.965833
30.000000 0.966042
31.000000 0.971042
32.000000 0.966667
33.000000 0.971458
34.000000 0.971458
35.000000 0.972708
36.000000 0.973958
37.000000 0.977500
38.000000 0.976458
39.000000 0.978125
40.000000 0.978125
41.000000 0.981250
42.000000 0.980417
43.000000 0.981042
44.000000 0.984167
45.000000 0.986667
46.000000 0.985417
47.000000 0.987500
48.000000 0.989167
49.000000 0.989792
50.000000 0.992292
51.000000 0.991458
52.000000 0.991875
53.000000 0.996042
54.000000 0.997500
55.000000 0.998958
56.000000 0.998125
57.000000 0.998958
58.000000 0.998542
59.000000 0.999375
60.000000 0.999792
