0.000000 0.500000
1.000000 0.545200
2.000000 0.578500
3.000000 0.624800
4.000000 0.653100
5.000000 0.660000
6.000000 0.636500
7.000000 0.639900
8.000000 0.665100
9.000000 0.687100
10.000000 0.696900
11.000000 0.706200
12.000000 0.705300
13.000000 0.732800
14.000000 0.738300
15.000000 0.740000
16.000000 0.747300
17.000000 0.752900
18.000000 0.758700
19.000000 0.765400
20.000000 0.771000
21.000000 0.775000
22.000000 0.779600
23.000000 0.786700
24.000000 0.790000
25.000000 0.798400
26.000000 0.803800
27.000000 0.805800
28.000000 0.819500
29.000000 0.824300
30.000000 0.820700
31.000000 0.829400
32.000000 0.841300
33.000000 0.846300
34.000000 0.836200
35.000000 0.844300
36.000000 0.846000
37.000000 0.855200
38.000000 0.864400
39.000000 0.858000
40.000000 0.860400
