0.000000 0.500000
1.000000 0.579300
2.000000 0.636300
3.000000 0.704300
4.000000 0.722100
5.000000 0.717600
6.000000 0.747000
7.000000 0.764400
8.000000 0.783700
9.000000 0.770600
10.000000 0.794600
11.000000 0.798300
12.000000 0.795800
13.000000 0.803700
14.000000 0.810000
15.000000 0.809900
16.000000 0.809500
17.000000 0.815800
18.000000 0.825100
19.000000 0.825900
20.000000 0.837300
21.000000 0.828000
22.000000 0.833600
23.000000 0.835100
24.000000 0.843200
25.000000 0.853300
26.000000 0.863900
27.000000 0.860000
28.000000 0.875200
29.000000 0.868800
30.000000 0.861500
31.000000 0.863300
32.000000 0.867100
33.000000 0.865100
34.000000 0.869000
35.000000 0.867500
36.000000 0.873800
37.000000 0.879400
38.000000 0.881300
39.000000 0.882700
40.000000 0.884600
