1 -0.048978300000 0.718585059521
2 0.446831300000 0.624107040262
3 0.549552800000 0.657779053490
4 0.196775625000 0.972600063472
5 0.290197700000 1.019458921674
6 -0.003429875000 0.736556236843
7 -0.269017800000 1.118691312898
8 -0.235678400000 0.737641061749
9 -0.241465700000 1.111042325029
10 -0.114003200000 0.997151607124
11 -0.305293000000 0.922073993135
12 0.198684100000 0.721884378290
13 0.300831777778 0.830450896255
14 -0.121034100000 0.528344639957
15 0.067626333333 0.839206334569
16 -0.349599200000 0.825182265865
17 -0.445378888889 1.232653273775
18 -0.520749400000 0.876083376444
19 0.244718250000 1.172756836587
20 -0.179926200000 0.624517546628
21 -0.469292333333 0.834261585023
22 0.557064750000 0.867143736002
23 0.107120700000 1.203560634476
24 0.351709100000 0.812697164442
25 -0.716206444444 1.195744860190
26 0.463490000000 1.325034924642
27 -0.505588444444 0.929716547834
28 0.013811444444 1.121218260329
29 -0.026956600000 0.686397855533
30 0.528012100000 1.347772605690
31 0.437879900000 1.015429512309
32 -0.036273444444 0.814668352867
33 0.320140300000 1.029174184395
34 0.523562222222 1.012558997769
35 -0.382665888889 0.468277566035
36 -0.223884100000 0.888934742545
37 -0.068463600000 1.046151501726
38 0.037960222222 1.115517920190
39 0.416410666667 1.099961272731
40 0.226156600000 1.111189075438
41 0.320267900000 0.853317880572
42 0.438683900000 1.164135725532
43 0.385792100000 0.856503000040
44 0.137833600000 0.936352951991
45 0.153002000000 1.518764959901
46 -0.204470555556 0.806969310344
47 -0.459572666667 0.780411301584
48 -0.232712200000 0.931830223988
49 -0.239804500000 1.150914101825
50 0.123272900000 0.833269110835
51 -0.061794900000 0.635422113497
52 0.160685600000 0.792139677882
53 0.158613200000 0.992983060815
54 -0.476641500000 0.517657570221
55 -0.173312200000 0.573410189616
56 -0.368249800000 0.762716583098
57 -0.219137444444 0.995654244195
58 0.208015200000 1.020485170896
59 0.657050000000 1.112652253929
60 -0.081255300000 0.930009996265
61 0.162981600000 0.936659895149
62 -0.215420200000 0.687743466593
63 -0.164539300000 1.010468191168
64 -0.290819700000 0.799707838427
65 0.358887500000 0.600406684104
66 0.409699400000 0.759900993148
67 -0.076736333333 1.081072133151
68 -0.505559000000 1.169061192535
69 -0.098089900000 0.889642840812
70 -0.175462875000 1.180193901237
71 -0.159533222222 0.507341391766
72 -0.241048400000 0.809246093837
73 0.427250400000 1.017021324327
74 -0.344390900000 0.734807531201
75 0.564530500000 0.950922602562
76 -0.131992444444 0.961008308524
77 0.333685500000 1.260486529236
78 0.249417400000 0.908478589860
79 0.098835555556 0.784489361951
80 -0.196610000000 0.872640457281
