active=40: 1 2 3 4 5 6 7 8 9 10 11 12 13 14 15 16 17 18 19 20 21 22 23 24 25 26 27 28 29 30 31 32 33 34 35 36 37 38 39 40 
active=39: 1 2 3 4 5 6 7 8 9 10 11 12 13 14 15 17 18 19 20 21 22 23 24 25 26 27 28 29 30 31 32 33 34 35 36 37 38 39 40 
active=38: 1 2 3 4 5 6 7 8 9 10 11 12 13 14 15 17 18 19 20 21 22 24 25 26 27 28 29 30 31 32 33 34 35 36 37 38 39 40 
active=37: 1 2 3 4 5 6 7 8 9 10 11 12 13 14 15 17 18 19 20 22 24 25 26 27 28 29 30 31 32 33 34 35 36 37 38 39 40 
active=36: 1 2 3 4 5 6 7 8 9 10 11 12 13 14 15 17 18 19 20 22 24 25 26 27 28 29 30 31 32 33 34 35 37 38 39 40 
active=35: 1 2 3 4 5 6 7 8 9 10 11 12 13 14 15 17 18 19 20 22 24 25 26 27 28 29 30 31 32 33 34 35 37 39 40 
active=34: 1 2 3 4 5 6 7 8 9 10 11 12 14 15 17 18 19 20 22 24 25 26 27 28 29 30 31 32 33 34 35 37 39 40 
active=33: 1 2 3 4 5 6 8 9 10 11 12 14 15 17 18 19 20 22 24 25 26 27 28 29 30 31 32 33 34 35 37 39 40 
active=32: 1 3 4 5 6 8 9 10 11 12 14 15 17 18 19 20 22 24 25 26 27 28 29 30 31 32 33 34 35 37 39 40 
active=31: 1 3 4 5 8 9 10 11 12 14 15 17 18 19 20 22 24 25 26 27 28 29 30 31 32 33 34 35 37 39 40 
active=30: 1 3 4 5 8 9 10 11 12 14 15 17 18 19 20 22 24 25 26 27 28 29 30 31 32 33 34 35 37 39 
active=29: 1 4 5 8 9 10 11 12 14 15 17 18 19 20 22 24 25 26 27 28 29 30 31 32 33 34 35 37 39 
active=28: 1 4 5 8 9 10 11 12 14 15 17 18 19 20 22 24 25 26 27 28 29 30 31 32 33 35 37 39 
active=27: 1 4 5 8 9 10 11 12 14 15 17 18 19 20 22 24 25 26 27 28 29 30 32 33 35 37 39 
active=26: 1 4 5 8 9 10 11 12 14 15 17 18 19 22 24 25 26 27 28 29 30 32 33 35 37 39 
active=25: 1 4 5 8 9 10 11 12 14 15 17 18 19 22 24 25 26 27 28 29 30 32 33 35 37 
active=24: 1 4 5 8 9 10 11 12 15 17 18 19 22 24 25 26 27 28 29 30 32 33 35 37 
active=23: 1 4 5 8 9 10 12 15 17 18 19 22 24 25 26 27 28 29 30 32 33 35 37 
active=22: 1 4 5 8 9 10 12 17 18 19 22 24 25 26 27 28 29 30 32 33 35 37 
active=21: 1 4 5 8 9 10 12 18 19 22 24 25 26 27 28 29 30 32 33 35 37 
active=20: 1 4 5 8 9 10 12 18 19 22 24 25 26 27 28 29 32 33 35 37 
active=19: 1 4 5 8 9 10 12 18 19 22 24 25 26 27 29 32 33 35 37 
active=18: 1 4 5 8 9 10 12 18 22 24 25 26 27 29 32 33 35 37 
active=17: 1 4 5 8 9 10 12 18 22 24 25 26 27 29 32 33 35 
active=16: 1 4 5 8 9 10 12 18 22 25 26 27 29 32 33 35 
active=15: 1 4 5 8 9 10 18 22 25 26 27 29 32 33 35 
active=14: 1 4 5 8 9 10 22 25 26 27 29 32 33 35 
active=13: 1 4 5 8 9 10 22 25 27 29 32 33 35 
active=12: 1 4 5 8 9 10 22 25 27 29 32 33 
active=11: 1 4 5 8 9 10 22 25 27 32 33 
active=10: 1 4 5 8 9 10 22 25 32 33 
active=9: 1 4 5 8 9 10 22 25 33 
active=8: 4 5 8 9 10 22 25 33 
active=7: 4 5 8 9 10 25 33 
active=6: 4 5 8 9 10 33 
active=5: 4 5 8 9 10 
active=4: 4 5 9 10 
active=3: 4 5 9 
active=2: 5 9 
active=1: 9 
