0.000000 0.480000 0.520000
1.000000 0.652800 0.671000
2.000000 0.718800 0.747400
3.000000 0.773600 0.804200
4.000000 0.788600 0.825600
5.000000 0.803200 0.857400
6.000000 0.865200 0.899600
7.000000 0.851400 0.895200
8.000000 0.843600 0.900200
9.000000 0.853000 0.909000
10.000000 0.819000 0.909000
11.000000 0.828600 0.901000
12.000000 0.821800 0.921400
13.000000 0.816200 0.920800
14.000000 0.833600 0.927800
15.000000 0.804800 0.932200
16.000000 0.830400 0.934400
17.000000 0.810800 0.935200
18.000000 0.809400 0.937800
19.000000 0.794800 0.940000
20.000000 0.802000 0.941200
21.000000 0.786000 0.940800
22.000000 0.775600 0.939600
23.000000 0.762600 0.948600
24.000000 0.772200 0.951200
25.000000 0.764800 0.955200
26.000000 0.756000 0.953000
27.000000 0.763400 0.956800
28.000000 0.740600 0.960000
29.000000 0.737200 0.959200
30.000000 0.740400 0.955200
31.000000 0.732000 0.955000
32.000000 0.712000 0.963800
33.000000 0.707800 0.964000
34.000000 0.715000 0.964600
35.000000 0.712800 0.962400
36.000000 0.706600 0.964400
37.000000 0.682600 0.968000
38.000000 0.670400 0.966600
39.000000 0.667800 0.965400
40.000000 0.657800 0.969000
