N=50
P=30
R=2
1 -0.104991 -0.251486 0.112509 0.761713 -0.627645 -0.211896 2.154253 -0.599065 0.404795 0.191559 -0.874612 -1.185519 1.559526 0.651054 -0.605220 1.353985 -0.359674 1.640610 0.785703 1.090583 -1.010497 0.308747 -3.783064 1.417679 -0.331758 -0.071235 0.636909 0.835685 -0.771054 -0.915714 12.413195 1.000000
2 -1.569634 -2.507384 0.936837 -0.797812 -0.735690 -0.834932 -1.362151 -1.726336 -0.001491 0.739832 -0.566182 1.329384 0.420878 0.678635 0.070915 -0.200708 -2.287860 0.068648 0.798262 1.099731 2.093927 1.409558 -0.533799 -0.694085 1.053311 -0.201425 0.613075 0.167482 -0.928215 0.367984 3.876559 1.000000
3 0.214657 1.849320 1.261330 0.711760 -2.042603 -1.345950 -1.418842 0.374254 1.366216 0.514062 0.484965 -1.190621 0.378238 -0.277093 0.452118 -0.480171 0.386336 0.598163 0.407937 0.435915 -0.626496 -0.213285 -0.630809 0.629282 -2.347418 1.132086 -2.563343 -2.259197 0.431138 0.839954 9.960333 1.000000
4 -0.289242 1.502344 0.519720 -0.142310 0.839636 -1.624172 1.506369 -0.143470 1.393470 0.188338 0.622699 0.503577 -1.642220 -0.787717 1.007015 -1.377214 0.763118 -0.124103 -0.630856 -0.089312 0.353352 0.256844 0.054412 -1.397470 1.420766 1.506483 0.370639 1.313842 1.243678 -0.174565 0.876622 1.000000
5 0.190616 2.128162 0.106005 -0.008660 -1.658553 -1.142260 -1.483363 0.572731 0.451013 -0.514360 -0.132995 -0.028117 -0.186833 0.098554 1.996582 0.706035 -2.111638 -0.723030 -0.195153 0.056267 1.404891 -0.436519 -1.686310 0.735092 0.324278 -0.562492 -1.062538 1.860255 -1.159825 -0.748079 0.559047 1.000000
6 0.571148 1.697965 -0.981494 -0.474580 -2.205647 0.968844 0.006243 1.122514 0.116163 1.060180 -0.772270 -0.893524 -0.441787 1.264650 0.353787 0.306558 1.448447 1.687669 -1.171535 1.284139 -0.760697 1.225753 0.706605 0.419381 0.856918 -0.715968 -0.343804 -0.622806 0.139487 -0.668441 16.169023 1.000000
7 -0.387038 -2.222437 -0.763398 1.456945 1.161129 1.352855 -0.046095 -1.106005 0.108456 -0.407020 -0.503130 -0.283894 -1.334408 1.203247 -0.057857 -0.046679 -0.641997 -1.138224 2.808036 -2.430625 -1.032563 -0.050944 -0.781520 1.302360 2.195721 -0.536102 1.066167 0.396307 -1.280332 0.625503 3.020146 1.000000
8 0.333037 -0.669236 -0.386796 -0.437026 -0.744885 0.723239 0.319329 -0.938264 0.270108 0.443730 -1.740153 0.755805 -1.026590 0.474232 0.756488 0.252177 -1.578582 0.374501 0.302679 1.178965 0.640431 -0.597526 -0.353016 -1.073598 -0.186758 1.112709 1.044505 1.572571 -0.045286 -0.803341 49.251037 1.000000
9 0.306228 0.578659 -0.115112 -1.589433 -1.413641 1.031080 -1.644252 0.692844 -0.134456 -1.892492 -0.907601 -0.063249 -0.857048 -0.981851 1.944810 -0.767608 0.126727 -0.649947 0.799829 -0.353027 -1.741312 -0.774323 -0.317494 -0.562929 -0.068960 0.047961 0.524104 0.504874 -0.227706 0.623491 4.963068 1.000000
10 0.604453 0.847405 2.049236 0.557620 -0.725724 1.245781 -1.066941 -0.535371 -0.410388 0.522020 0.246455 -1.119946 0.515170 1.924183 -1.951175 0.002566 -0.899867 1.299315 -0.248062 -2.456528 -2.145402 -2.129187 1.239795 -0.410540 1.159381 -0.344866 -0.100033 -1.151100 1.526444 -0.989724 1.260322 1.000000
11 0.271479 1.213038 -0.201128 0.551863 -0.591741 -0.835637 -0.662396 -0.932598 0.494357 0.485410 1.535338 0.530155 0.900559 -1.760792 0.396938 -0.875326 0.002082 1.562719 -0.426554 0.144901 0.246637 1.480759 0.319568 -0.011487 -0.184620 -0.951777 -0.507644 0.488833 1.081101 -0.517409 3.069476 1.000000
12 -0.766115 0.538745 -1.131225 -0.243721 -0.197477 -0.717696 1.141515 -0.123764 -0.578216 -0.831133 0.809853 -0.128097 0.424241 0.678775 0.591988 -0.618068 -0.696201 -0.064517 -1.428206 -0.182104 0.711686 0.946530 0.574211 -1.579127 0.239593 1.268855 1.181658 -0.506673 -0.183011 0.683055 0.305252 1.000000
13 -1.207287 1.852249 0.785258 -0.890065 1.656158 1.043321 0.218875 1.518109 1.118836 1.194700 0.986270 0.346202 -0.004012 0.844676 0.403450 0.081623 -3.257304 0.792181 -0.625618 0.203116 -0.395876 -2.916128 0.244227 -1.271482 -0.040235 -0.834938 -0.181133 -1.516709 2.320182 -1.216094 19.033158 1.000000
14 -0.840337 -0.990453 1.806490 -0.272971 0.508793 -0.582147 0.494135 -1.284921 -0.999705 0.269947 0.264914 -0.940625 -0.056607 0.292451 -1.508462 0.872931 -0.321627 0.964739 1.751847 0.085929 -0.277944 0.642063 0.108806 -1.377291 -0.955430 -1.065424 -2.234546 1.033693 -1.181055 0.340268 0.207946 1.000000
15 -0.801121 1.105305 -0.111519 -0.894724 -1.007063 -1.427586 0.752560 0.248843 -0.476476 -0.229340 -0.674590 0.343304 0.287517 1.549746 -0.324610 -0.060510 2.226018 0.316504 -1.492787 -0.697163 -0.869761 -0.490723 0.817766 -0.087762 -1.369356 0.534254 -0.731875 -1.222094 -0.994333 -0.420086 1.926859 1.000000
16 0.019220 1.363242 -0.208096 -0.579994 0.166668 0.811084 -1.630904 0.204831 -1.009713 -0.089612 -0.294851 -0.639897 1.380811 0.805786 -1.433352 0.752696 0.900383 -0.766542 -0.230980 1.479726 -1.163212 0.651599 1.511682 -1.185583 -0.584456 1.263406 -0.296053 -0.313410 0.579424 -0.545974 2.636958 1.000000
17 -0.170838 -0.181575 -0.809045 -0.593967 -1.252230 -1.804319 -0.153675 0.818498 -0.139905 0.064300 0.653073 0.832738 -1.816883 1.049237 1.800289 1.774509 -2.146513 -0.585990 0.449861 0.255479 0.849958 0.467668 -2.279651 -0.125909 0.578617 -1.130829 -0.056660 -1.604198 -0.169540 0.136010 9.276693 1.000000
18 1.039419 -0.361822 -0.264743 -0.494714 0.137951 0.417383 1.323219 -0.502154 1.690463 0.145085 -0.702161 0.619824 -0.403126 -0.448415 -0.351521 -1.454559 0.996209 -0.117990 -0.788901 -1.136601 -0.129926 -0.533677 0.696825 -1.657431 0.541105 1.022127 -2.835551 0.551357 0.989947 -0.781663 16.838637 1.000000
19 -0.555912 -1.042147 -1.860125 0.051180 -1.177138 1.007671 1.739972 -1.968903 -1.299547 1.177139 0.144697 -0.140881 1.356951 0.131747 -0.249650 1.709459 -0.600691 2.182766 0.189384 1.592222 -0.977405 0.015283 -0.011499 0.921164 1.008165 0.433970 0.221429 0.459682 -0.376254 -1.393245 9.795212 1.000000
20 0.353270 -1.340506 2.534878 0.077490 -1.337456 -0.171058 1.280186 0.549821 2.571887 -1.405375 0.605856 -1.207941 -1.252222 1.360710 -0.146291 0.127414 -1.630853 0.526000 -0.699015 1.318249 -0.036655 -0.018667 -1.122386 1.099676 -2.048912 -1.969291 0.583214 0.154606 -0.916783 -0.005472 13.112014 1.000000
21 1.253341 -0.440561 -0.496301 0.802518 0.025250 -0.056846 -0.013934 1.626895 -0.471132 0.810757 -0.630236 0.667423 -1.458631 -0.339596 2.256087 0.334038 -0.102706 -0.099926 -0.576922 1.194212 -1.358986 -1.579946 1.687470 -1.641717 0.292967 0.750248 -0.950982 -0.373090 0.093806 0.419152 2.487680 1.000000
22 0.111764 2.350720 -0.198584 0.522625 0.952714 2.061096 -1.606603 1.566844 0.650812 -0.674959 -0.488013 -0.166328 0.908839 -0.643866 0.765630 -1.149236 -0.746798 -0.923065 0.450650 -0.248892 -1.199653 0.058154 -0.540653 2.111703 -0.862243 -0.877377 -0.094675 -0.206718 -0.516933 0.012567 0.582877 1.000000
23 -0.565641 -1.342998 0.999244 -0.335954 -1.603206 -0.882436 -1.675795 -0.226680 0.396490 -1.957452 0.428752 -0.030728 -0.717882 -0.757343 0.045647 0.163720 -2.078833 -0.413902 -2.436610 0.153186 -0.332061 -1.503859 -1.218044 -2.590532 0.553242 0.856045 0.699744 -1.345386 1.354871 1.687292 2.286373 1.000000
24 0.071443 0.796680 2.193424 -0.237645 -0.940072 -0.241415 -0.524313 -1.900842 0.884798 0.108149 -1.033830 -2.189983 0.357476 0.632364 1.629574 -1.932608 -0.216190 -0.360737 0.072285 2.330374 -0.395367 0.513119 0.799764 -2.271432 0.878420 0.837474 -0.355647 -1.437694 1.605732 -1.808543 0.146220 1.000000
25 -2.098483 -0.714893 0.113670 -0.780694 -0.625673 0.452215 -0.131476 0.319155 -1.629600 -0.204487 1.221557 0.278768 -0.942490 -0.351117 0.360280 0.074557 -0.873673 -1.270800 1.382407 -0.305482 0.674997 1.099095 -0.018861 -0.809926 -0.014470 0.122200 -0.563486 1.417225 -0.409472 3.450017 5.872039 1.000000
26 1.924754 1.220581 0.010495 -1.296793 0.145682 -0.500975 -0.277341 -0.119858 -0.128909 0.121807 0.014068 -0.368821 -1.374321 -0.464855 0.989590 0.170023 0.304829 1.488825 0.446995 -0.207728 1.292660 -0.968447 0.707329 0.554639 -0.854465 -0.859461 -1.712949 0.264498 -0.923425 1.247053 8.586170 1.000000
27 -0.027032 0.193460 -1.315170 0.411374 0.464448 0.644805 1.295236 -0.232234 -1.921094 -1.684730 0.160361 -0.856469 0.794598 -0.182926 0.215788 -0.094140 -0.063075 0.006163 0.049267 -2.553779 -1.097427 0.523206 -0.646110 0.148322 1.929926 -0.459114 -0.896632 -0.124774 0.678584 0.007692 1.206762 1.000000
28 0.005160 -0.379057 -0.276021 -0.259191 0.173852 -2.837277 -0.659596 0.263532 -0.019865 -1.408889 -0.547877 1.930496 -0.157384 -2.033840 -0.301843 -0.166247 0.798537 0.171792 -1.436673 0.107984 1.424067 0.734151 0.112060 -1.873967 -1.388557 0.758495 -0.996652 1.046808 -0.855782 -0.046239 3.071774 1.000000
29 -0.202006 0.113390 -0.690402 -0.026783 -0.365215 -1.675506 -0.424426 0.210713 -0.372792 0.020975 -1.304905 0.417444 0.223346 -1.279399 0.704248 -0.883485 -2.354112 -0.916931 1.526131 -2.490555 -1.474796 -2.168619 0.385855 -2.070171 -0.293882 0.058316 0.398424 -0.272868 1.666575 0.578769 7.839419 1.000000
30 -0.340447 -1.532590 -1.445470 -0.746419 -0.828170 -0.171091 -0.946479 0.198112 -1.412122 -0.855546 -0.845165 0.533841 -0.581455 -0.594858 0.596261 -2.048186 0.262320 -0.716357 2.079363 -2.141341 -1.008612 1.081700 -1.258847 0.953947 -0.241106 -0.651934 -0.903490 -2.056940 -0.341605 -1.345881 5.779832 1.000000
31 0.549084 1.747712 0.429623 0.193593 -0.771701 0.374449 0.940724 -0.654494 1.335323 -1.244172 -0.702968 -1.188255 -0.627714 -0.844800 1.011396 -0.365342 -0.504183 -0.019457 1.508022 0.426215 -0.622470 -0.196140 1.636784 1.065680 0.596217 1.284289 -0.417334 -0.281143 0.010247 -0.141561 1.019802 1.000000
32 0.007391 -0.714223 -0.747945 0.716569 -0.172735 1.363282 -1.199268 0.607759 0.847770 -0.369228 -2.568687 0.801519 -1.710763 -1.257736 0.391013 2.193814 -0.239696 0.949705 1.192798 0.355394 -0.624120 1.085497 -0.419169 -1.187056 -1.112180 -1.247492 -0.072249 -0.697111 1.857940 0.101468 4.199240 1.000000
33 -1.694099 0.783961 1.271050 -0.425367 -0.470468 0.583616 1.666700 -0.002606 -1.005166 -0.093224 1.266816 0.904385 0.763838 -0.599607 -1.675860 -0.994351 1.192970 0.074911 0.772546 0.563261 0.005468 0.534253 -0.271152 -0.649925 0.145791 0.159487 -1.432322 -0.084598 -0.144713 -0.094036 8.479811 1.000000
34 -0.430792 0.301125 0.164570 0.084128 -0.657865 -0.090619 1.304205 -1.757327 -0.697696 0.400158 1.347140 1.806685 1.812432 0.293769 -1.440520 -0.648481 -2.620371 -1.246985 0.763932 1.472056 2.342279 -1.611694 -1.162179 -0.497289 -1.069738 -2.067860 -1.529320 0.075259 -0.110701 0.810056 4.993563 1.000000
35 0.433318 -0.051867 0.364852 -0.345966 1.651632 -2.861608 -0.922179 2.691016 1.221483 -0.272419 -0.648055 -0.007491 1.211695 -0.702030 0.309886 0.084829 0.048749 0.419355 1.293224 -0.192686 -0.205175 -0.752365 -0.722625 0.275738 -0.245122 -0.725308 1.658290 -0.010997 -0.995807 -1.522925 1.270891 1.000000
36 0.751989 -2.691395 0.957185 -0.635530 -1.015115 2.136326 0.748075 -0.316463 1.957197 0.542217 -0.479672 0.813386 -0.117930 0.034437 -0.060093 0.191215 -1.204093 0.965238 -0.213106 0.016231 1.300900 -0.154125 0.539309 1.237282 -0.637073 0.941327 -2.071624 -1.851832 1.773239 0.678819 25.152620 1.000000
37 0.948679 0.087703 -0.116329 -1.744555 0.885383 0.201458 -0.448276 -0.916489 1.080011 1.390550 0.045083 -0.332649 -0.552845 -0.697617 -0.131848 -1.177092 2.178436 0.303933 0.158799 -0.515654 -0.545356 -0.629527 -0.628994 -0.719983 0.341536 1.484441 0.462049 -0.236475 -0.664979 1.064446 8.386564 1.000000
38 0.370233 1.195975 0.911141 0.014306 0.360419 -1.765061 -1.868215 1.048531 -0.411825 0.128211 1.073160 0.594589 -0.413350 -0.984279 -0.811058 -0.711997 0.793162 -1.636216 0.175756 -0.687557 -0.459762 0.714684 -0.994068 -0.498897 -1.351983 -0.215690 0.127263 -0.749872 -0.392078 0.875305 0.708489 1.000000
39 0.419136 -0.080742 -0.983266 -0.305766 -0.314500 -0.920687 0.495156 -0.508192 0.590474 0.967613 -0.239106 -0.592621 -0.381401 -1.949104 -0.697341 0.250722 -0.608755 -0.304951 -1.768903 0.087079 0.634988 0.463803 -0.642545 0.405782 -0.758590 -0.153628 0.796758 1.667137 -0.331945 -1.181431 40.318080 1.000000
40 -0.102177 0.687166 -1.540324 -0.354640 0.836275 -0.997117 1.651210 0.245770 0.994958 -0.189755 -2.382582 2.788803 0.203634 -1.296692 -0.972297 1.025738 0.576199 -0.530844 -0.662403 1.903409 -0.520864 0.456676 -0.549815 -1.189805 -0.442210 0.016050 1.038738 0.187551 0.761312 1.112927 1.763804 1.000000
41 1.088180 -0.396107 0.821478 0.137028 -1.005623 -1.177817 0.112384 2.040082 1.486741 -0.127674 1.786859 0.045703 0.697913 0.253596 0.124760 0.035176 0.150729 0.975466 -0.997781 0.895720 0.536372 -0.760879 -0.182892 -0.658025 -0.940687 -1.112437 -0.387149 1.809523 0.251637 -0.233176 18.016167 1.000000
42 0.505488 -0.075608 -1.083290 -1.065634 -0.035926 -1.035472 0.447412 -2.070616 -0.754832 -0.517931 0.458017 0.791474 -1.938654 1.789814 1.175535 -0.319545 -0.585358 0.080991 -0.242167 -0.163064 1.056961 2.649707 0.018697 -0.785909 0.075233 0.796090 1.467403 1.861618 0.170349 -1.801325 1.218056 1.000000
43 0.819838 -0.010719 1.048140 -0.528776 -0.289403 0.832864 -1.407033 -2.490181 0.693254 -0.100928 2.482897 -0.216193 0.882842 0.796976 0.709716 -0.667116 1.801784 0.844070 -0.060715 0.319760 -1.393849 0.903036 -0.621348 -0.416349 -0.086301 -0.201010 0.942353 1.143123 1.142138 -0.625787 2.321135 1.000000
44 0.690049 0.182491 -0.066606 0.336770 -0.555272 1.593549 -0.586271 2.074342 -0.493820 0.365440 -1.249798 -0.547620 -0.948361 -0.155394 0.211613 0.501815 0.119410 0.178380 -1.089666 -1.116215 -1.651525 -0.691173 0.119995 -0.263724 0.351286 -0.843090 0.579358 -0.752850 0.747530 1.136605 1.075460 1.000000
45 -1.628704 -1.128556 -0.140405 -0.604164 1.042274 -0.464442 0.425908 -2.802954 -0.587910 -1.655866 -0.992485 -0.640736 1.439683 -0.793993 -1.229719 0.086906 -0.283507 -0.650892 -2.150260 -0.331710 1.197432 -0.692948 0.588210 -0.703414 0.004600 0.140130 -0.424513 -0.010037 -1.786396 -1.203884 1.204314 1.000000
46 -1.167569 1.131657 1.437549 -1.310990 0.597350 -0.927069 -1.511237 0.261940 -0.716268 0.472199 -1.096485 0.072934 0.524241 -0.006134 0.923184 -0.190614 -0.563822 -0.300446 -0.988489 0.698189 0.523429 -0.911705 1.468320 -0.138817 -1.546565 2.127038 0.441815 1.484847 0.418512 -1.314578 0.745371 1.000000
47 -0.923391 0.263080 0.328422 0.741771 -1.347870 -0.533337 -1.262775 -0.636042 -0.344942 -0.841522 0.348600 -0.882377 0.123770 0.848246 -0.138168 -0.481486 -0.369600 1.552100 0.062362 1.008744 -1.511645 0.800974 1.197111 0.006686 0.015064 0.600675 -1.894883 0.992883 -1.585725 0.288206 1.005021 1.000000
48 -0.147055 -2.474877 0.024723 -0.134169 -1.150884 2.086205 -0.006245 -1.634782 -0.861372 -0.796524 -0.498130 2.037926 0.754702 -1.440141 0.989796 0.626230 0.985983 0.266473 -0.607161 -0.035887 -0.585402 -0.290765 -1.900707 -0.656893 0.071337 0.431030 -1.560736 0.679955 1.458674 0.986437 4.966480 1.000000
49 0.709713 0.044082 -1.924422 -0.655862 -0.342227 0.292144 -0.008066 0.395197 1.471212 1.235782 0.685692 -0.010282 -1.179972 0.873199 0.832989 -1.606525 0.002389 -0.136723 0.396714 0.699662 -0.300222 -0.895803 0.681595 -0.415836 1.291696 -1.348907 1.359697 0.831076 1.198678 0.748460 24.659343 1.000000
50 0.004898 -0.982974 0.319578 -0.393924 0.567915 0.108406 1.478827 -0.797381 0.135311 0.612276 0.108656 0.857261 -0.930037 0.263724 -0.319201 0.105214 1.371400 -0.108850 0.214695 0.248294 -0.080000 0.576971 -0.040488 -2.277594 -1.700959 -0.504963 0.030988 0.616731 -0.473010 -1.066023 21.650107 1.000000
uncorrelated Gaussian covariates
missing covariate fraction: 0.000000
no latent classes
   lambda(t|risk 1)=C, <t>=4.000000 for zero covariates
   risk 1: beta[1]=0.100000
   risk 1: beta[2]=0.200000
   risk 1: beta[3]=0.300000
   risk 1: beta[4]=0.400000
   risk 1: beta[5]=0.500000
   risk 1: beta[6]=-0.100000
   risk 1: beta[7]=-0.200000
   risk 1: beta[8]=-0.300000
   risk 1: beta[9]=-0.400000
   risk 1: beta[10]=-0.500000
   risk 1: beta[11]=0.000000
   risk 1: beta[12]=0.000000
   risk 1: beta[13]=0.000000
   risk 1: beta[14]=0.000000
   risk 1: beta[15]=0.000000
   risk 1: beta[16]=0.000000
   risk 1: beta[17]=0.000000
   risk 1: beta[18]=0.000000
   risk 1: beta[19]=0.000000
   risk 1: beta[20]=0.000000
   risk 1: beta[21]=0.000000
   risk 1: beta[22]=0.000000
   risk 1: beta[23]=0.000000
   risk 1: beta[24]=0.000000
   risk 1: beta[25]=0.000000
   risk 1: beta[26]=0.000000
   risk 1: beta[27]=0.000000
   risk 1: beta[28]=0.000000
   risk 1: beta[29]=0.000000
   risk 1: beta[30]=0.000000
