0.000000 0.500102
1.000000 0.592245
2.000000 0.571837
3.000000 0.627143
4.000000 0.687653
5.000000 0.709082
6.000000 0.737653
7.000000 0.729184
8.000000 0.745204
9.000000 0.756429
10.000000 0.773571
11.000000 0.782551
12.000000 0.777653
13.000000 0.769184
14.000000 0.766224
15.000000 0.778878
16.000000 0.785714
17.000000 0.797653
18.000000 0.788469
19.000000 0.793776
20.000000 0.799796
21.000000 0.803469
22.000000 0.801327
23.000000 0.800510
24.000000 0.796429
25.000000 0.794898
26.000000 0.783980
27.000000 0.777653
28.000000 0.783673
29.000000 0.775000
30.000000 0.783163
31.000000 0.786939
32.000000 0.795306
33.000000 0.799082
34.000000 0.790714
35.000000 0.791327
36.000000 0.788265
37.000000 0.779388
38.000000 0.779184
39.000000 0.776531
40.000000 0.790510
41.000000 0.775204
42.000000 0.772245
43.000000 0.773980
44.000000 0.767959
45.000000 0.766633
46.000000 0.773776
47.000000 0.772449
48.000000 0.774694
49.000000 0.767551
50.000000 0.761020
51.000000 0.767245
52.000000 0.755000
53.000000 0.747347
54.000000 0.744796
55.000000 0.738265
56.000000 0.736327
57.000000 0.728878
58.000000 0.732653
59.000000 0.732755
60.000000 0.729898
61.000000 0.727041
62.000000 0.719388
63.000000 0.722449
64.000000 0.728878
65.000000 0.721224
66.000000 0.717959
67.000000 0.713776
68.000000 0.712551
69.000000 0.711837
70.000000 0.708673
71.000000 0.704490
72.000000 0.696224
73.000000 0.690714
74.000000 0.687347
75.000000 0.690612
76.000000 0.686837
77.000000 0.681939
78.000000 0.680714
79.000000 0.676429
80.000000 0.675510
81.000000 0.666020
82.000000 0.670816
83.000000 0.673878
84.000000 0.664082
85.000000 0.665714
86.000000 0.658673
87.000000 0.655204
88.000000 0.651224
89.000000 0.656633
90.000000 0.646735
91.000000 0.653878
92.000000 0.644184
93.000000 0.643878
94.000000 0.636224
95.000000 0.640510
96.000000 0.638571
97.000000 0.629592
98.000000 0.623673
99.000000 0.637245
100.000000 0.618776
