active=40: 1 2 3 4 5 6 7 8 9 10 11 12 13 14 15 16 17 18 19 20 21 22 23 24 25 26 27 28 29 30 31 32 33 34 35 36 37 38 39 40 
active=39: 1 2 3 4 5 6 7 8 9 10 11 12 13 14 15 16 17 18 19 20 21 22 23 24 25 26 27 28 29 30 31 32 33 34 35 36 37 39 40 
active=38: 1 2 3 4 5 6 7 8 9 10 11 12 13 14 15 16 17 18 19 20 21 22 23 24 25 26 27 28 30 31 32 33 34 35 36 37 39 40 
active=37: 1 2 3 4 5 6 7 8 9 10 11 12 13 14 15 16 17 18 19 20 21 22 23 24 25 26 27 28 30 31 33 34 35 36 37 39 40 
active=36: 1 2 3 4 5 6 7 8 9 10 11 12 13 14 15 16 17 18 19 20 21 22 23 24 25 26 27 28 30 31 33 34 35 36 37 40 
active=35: 1 2 3 4 5 6 7 8 9 10 11 12 13 14 15 16 17 18 19 20 21 22 23 24 25 27 28 30 31 33 34 35 36 37 40 
active=34: 1 2 3 4 5 6 7 8 9 10 11 12 13 14 15 16 17 18 19 20 21 22 24 25 27 28 30 31 33 34 35 36 37 40 
active=33: 1 2 3 4 5 6 7 8 9 10 11 12 13 14 15 16 17 18 19 20 21 22 24 25 27 30 31 33 34 35 36 37 40 
active=32: 1 2 3 4 5 6 7 8 9 10 11 12 13 14 15 16 17 18 19 20 21 22 24 27 30 31 33 34 35 36 37 40 
active=31: 1 2 3 4 5 6 7 8 9 10 11 12 13 14 15 16 17 18 19 20 21 22 24 30 31 33 34 35 36 37 40 
active=30: 1 2 3 4 5 6 7 8 9 10 11 12 13 14 15 16 17 18 20 21 22 24 30 31 33 34 35 36 37 40 
active=29: 1 2 3 4 5 6 7 8 9 10 11 12 13 14 15 16 17 18 20 21 22 24 30 33 34 35 36 37 40 
active=28: 1 2 3 4 5 6 7 8 9 10 11 12 13 14 15 16 17 18 20 21 24 30 33 34 35 36 37 40 
active=27: 1 2 3 4 5 6 7 8 9 10 11 12 13 14 15 16 17 18 20 24 30 33 34 35 36 37 40 
active=26: 1 2 3 4 5 6 7 8 9 10 11 12 13 14 15 16 17 18 20 24 30 33 34 35 36 40 
active=25: 1 2 3 4 5 6 7 8 9 10 11 12 13 14 15 16 17 18 20 24 30 33 34 35 40 
active=24: 1 2 3 4 5 6 7 8 9 10 11 12 13 14 15 16 17 18 20 24 30 33 35 40 
active=23: 1 2 3 4 5 6 7 8 9 10 11 12 13 14 15 16 17 18 20 24 30 35 40 
active=22: 1 2 3 4 5 6 7 8 9 10 11 12 13 14 15 16 17 18 20 24 35 40 
active=21: 1 2 3 4 5 6 7 8 9 10 11 12 13 14 15 16 17 18 20 35 40 
active=20: 1 2 3 4 5 6 7 8 9 10 11 12 13 14 15 16 17 18 20 40 
active=19: 1 2 3 4 5 6 7 9 10 11 12 13 14 15 16 17 18 20 40 
active=18: 1 2 3 4 5 6 7 9 10 12 13 14 15 16 17 18 20 40 
active=17: 1 2 3 4 5 6 7 9 10 12 13 14 16 17 18 20 40 
active=16: 1 2 3 4 5 6 7 9 10 12 13 14 16 17 18 20 
active=15: 1 2 3 4 5 6 7 9 10 12 13 16 17 18 20 
active=14: 1 2 3 4 6 7 9 10 12 13 16 17 18 20 
active=13: 1 2 4 6 7 9 10 12 13 16 17 18 20 
active=12: 1 2 4 6 7 9 10 12 16 17 18 20 
active=11: 1 2 4 6 7 9 10 12 16 17 20 
active=10: 1 2 4 6 7 10 12 16 17 20 
active=9: 2 4 6 7 10 12 16 17 20 
active=8: 4 6 7 10 12 16 17 20 
active=7: 4 6 7 10 12 16 17 
active=6: 6 7 10 12 16 17 
active=5: 6 7 10 12 16 
active=4: 6 7 10 16 
active=3: 7 10 16 
active=2: 7 10 
active=1: 7 
