0.000000 0.489362 0.510638
1.000000 0.653085 0.658723
2.000000 0.709574 0.723936
3.000000 0.680851 0.723085
4.000000 0.695319 0.744043
5.000000 0.709043 0.763298
6.000000 0.744787 0.802340
7.000000 0.745745 0.804255
8.000000 0.756064 0.805851
9.000000 0.736064 0.795745
10.000000 0.730638 0.805851
11.000000 0.736170 0.817979
12.000000 0.738936 0.825000
13.000000 0.740426 0.839574
14.000000 0.746489 0.840319
15.000000 0.751489 0.853404
16.000000 0.749149 0.868936
17.000000 0.748511 0.859574
18.000000 0.750532 0.870106
19.000000 0.738298 0.866596
20.000000 0.729149 0.867021
21.000000 0.730213 0.871064
22.000000 0.744681 0.875213
23.000000 0.736809 0.882979
24.000000 0.736170 0.882447
25.000000 0.738936 0.891277
26.000000 0.731383 0.898511
27.000000 0.727128 0.900745
28.000000 0.729468 0.901809
29.000000 0.723936 0.900319
30.000000 0.715213 0.905745
31.000000 0.716277 0.906596
32.000000 0.713085 0.914043
33.000000 0.694468 0.913404
34.000000 0.700106 0.914787
35.000000 0.698723 0.914468
36.000000 0.690745 0.916809
37.000000 0.683085 0.922447
38.000000 0.681596 0.923404
39.000000 0.680532 0.923404
40.000000 0.677979 0.927234
