0.000000 0.489362
1.000000 0.653085
2.000000 0.709574
3.000000 0.680851
4.000000 0.695319
5.000000 0.709043
6.000000 0.744787
7.000000 0.745745
8.000000 0.756064
9.000000 0.736064
10.000000 0.730638
11.000000 0.736170
12.000000 0.738936
13.000000 0.740426
14.000000 0.746489
15.000000 0.751489
16.000000 0.749149
17.000000 0.748511
18.000000 0.750532
19.000000 0.738298
20.000000 0.729149
21.000000 0.730213
22.000000 0.744681
23.000000 0.736809
24.000000 0.736170
25.000000 0.738936
26.000000 0.731383
27.000000 0.727128
28.000000 0.729468
29.000000 0.723936
30.000000 0.715213
31.000000 0.716277
32.000000 0.713085
33.000000 0.694468
34.000000 0.700106
35.000000 0.698723
36.000000 0.690745
37.000000 0.683085
38.000000 0.681596
39.000000 0.680532
40.000000 0.677979
