1 0.097381963054 0.925026860327
2 -0.045379708574 1.057388720012
3 0.216999612516 0.996400272258
4 -0.016459597325 0.920430501467
5 0.160648851923 1.010442625677
6 0.115330299740 1.008536704805
7 -0.094783471454 1.108129680027
8 0.129402992844 1.000328191336
9 -0.061561720308 1.155652972229
10 0.102898811504 0.947880790770
11 0.079827071156 0.846243020335
12 0.037566282443 0.927179605535
13 0.179219037432 0.894929155343
14 -0.034295909598 0.897653918511
15 -0.089579005537 0.981171741183
16 -0.005554817236 0.989019630392
17 -0.137950833393 0.908055382600
18 0.021401619531 1.109053641702
19 -0.054677827682 1.024696630099
20 -0.078401640972 0.901785173887
21 -0.272456124152 1.014046163364
22 0.089566749039 0.954420053506
23 0.017334056354 1.016979468848
24 -0.012717395864 1.046078645359
25 -0.117469549704 0.962953387896
26 -0.072333999870 0.981590075638
27 0.028078963212 0.900671217090
28 0.103981771858 0.978654907583
29 -0.030633641016 0.981174535484
30 0.147403271686 1.068083474316
31 -0.138271754686 0.987777578439
32 -0.056190344889 1.051303729855
33 -0.019580350940 0.931903381148
34 0.021604119782 0.957549378603
35 0.005884485516 0.975199729332
36 0.016491351891 0.995298440637
37 -0.073501401906 0.948869477521
38 -0.134635501460 0.989070336125
39 -0.012415513215 0.955436293980
40 0.082917301927 1.039831736456
