0.000000 0.500000 0.500000
1.000000 0.562200 0.560800
2.000000 0.565200 0.571300
3.000000 0.608300 0.635900
4.000000 0.607100 0.643700
5.000000 0.616500 0.663200
6.000000 0.619600 0.674800
7.000000 0.626000 0.685200
8.000000 0.619200 0.684600
9.000000 0.630500 0.702200
10.000000 0.635100 0.724500
11.000000 0.644600 0.737500
12.000000 0.664700 0.770300
13.000000 0.671500 0.778900
14.000000 0.666300 0.785900
15.000000 0.672800 0.790800
16.000000 0.672700 0.794000
17.000000 0.672400 0.796200
18.000000 0.672200 0.804600
19.000000 0.678100 0.816500
20.000000 0.684600 0.826700
21.000000 0.691700 0.830200
22.000000 0.691900 0.832300
23.000000 0.679000 0.840400
24.000000 0.678500 0.829600
25.000000 0.673500 0.830200
26.000000 0.676200 0.834100
27.000000 0.674900 0.846100
28.000000 0.670200 0.840000
29.000000 0.675800 0.848700
30.000000 0.666300 0.859700
31.000000 0.662300 0.860600
32.000000 0.667200 0.857200
33.000000 0.656100 0.848200
34.000000 0.652500 0.866200
35.000000 0.655700 0.863800
36.000000 0.638700 0.866500
37.000000 0.646000 0.869500
38.000000 0.642700 0.874700
39.000000 0.639800 0.878100
40.000000 0.636200 0.877900
41.000000 0.639300 0.885100
42.000000 0.637400 0.888600
43.000000 0.630400 0.894300
44.000000 0.633100 0.892400
45.000000 0.639800 0.896700
46.000000 0.642500 0.901200
47.000000 0.638100 0.902200
48.000000 0.630300 0.909100
49.000000 0.624800 0.907700
50.000000 0.636200 0.907000
51.000000 0.619000 0.912000
52.000000 0.617600 0.917600
53.000000 0.613000 0.916200
54.000000 0.607600 0.917500
55.000000 0.613900 0.923300
56.000000 0.608500 0.920300
57.000000 0.598600 0.925500
58.000000 0.603400 0.922200
59.000000 0.592400 0.929600
60.000000 0.590400 0.927300
61.000000 0.582300 0.929400
62.000000 0.581900 0.930500
63.000000 0.583200 0.932100
64.000000 0.580700 0.934300
65.000000 0.579100 0.937100
66.000000 0.575100 0.938900
67.000000 0.569800 0.939100
68.000000 0.569600 0.943400
69.000000 0.558000 0.942300
70.000000 0.556100 0.943300
71.000000 0.550300 0.942600
72.000000 0.554400 0.949300
73.000000 0.546900 0.945600
74.000000 0.552600 0.950300
75.000000 0.546800 0.953300
76.000000 0.545200 0.951300
77.000000 0.540500 0.952200
78.000000 0.548500 0.956800
79.000000 0.534700 0.958200
80.000000 0.534600 0.954900
81.000000 0.531400 0.955600
82.000000 0.543100 0.955400
83.000000 0.524700 0.958200
84.000000 0.527700 0.960500
85.000000 0.526100 0.961000
86.000000 0.519000 0.961200
87.000000 0.516300 0.961700
88.000000 0.519300 0.959500
89.000000 0.515600 0.963200
90.000000 0.511000 0.965300
91.000000 0.502800 0.966800
92.000000 0.505200 0.964500
93.000000 0.503300 0.965200
94.000000 0.507900 0.964700
95.000000 0.495100 0.964800
96.000000 0.492900 0.965900
97.000000 0.498700 0.968400
98.000000 0.485200 0.969300
99.000000 0.491600 0.970300
100.000000 0.487400 0.969600
