0.000000 0.500000 0.500000
1.000000 0.508700 0.515900
2.000000 0.617100 0.637700
3.000000 0.594500 0.613500
4.000000 0.605400 0.615800
5.000000 0.614800 0.638600
6.000000 0.629300 0.656400
7.000000 0.620900 0.662000
8.000000 0.634900 0.699500
9.000000 0.677300 0.729700
10.000000 0.684900 0.748600
11.000000 0.696200 0.747000
12.000000 0.697900 0.744000
13.000000 0.674300 0.748900
14.000000 0.692500 0.751500
15.000000 0.702400 0.780500
16.000000 0.716400 0.785600
17.000000 0.708500 0.779900
18.000000 0.693700 0.772600
19.000000 0.700000 0.778300
20.000000 0.697700 0.790200
21.000000 0.704100 0.800300
22.000000 0.712500 0.807100
23.000000 0.712600 0.824800
24.000000 0.704600 0.821000
25.000000 0.694900 0.816500
26.000000 0.685700 0.826000
27.000000 0.690600 0.818900
28.000000 0.684700 0.828500
29.000000 0.681800 0.829000
30.000000 0.683000 0.836700
31.000000 0.677400 0.837600
32.000000 0.677100 0.844300
33.000000 0.666300 0.843900
34.000000 0.668700 0.853900
35.000000 0.668500 0.858000
36.000000 0.660600 0.858300
37.000000 0.656300 0.865500
38.000000 0.655000 0.861500
39.000000 0.653000 0.871800
40.000000 0.643800 0.871200
41.000000 0.633900 0.870500
42.000000 0.626100 0.869800
43.000000 0.628000 0.872400
44.000000 0.618100 0.884600
45.000000 0.622400 0.881100
46.000000 0.627100 0.888600
47.000000 0.630200 0.892600
48.000000 0.620300 0.897600
49.000000 0.617600 0.902600
50.000000 0.616700 0.900300
51.000000 0.623000 0.903800
52.000000 0.622700 0.906300
53.000000 0.618500 0.912600
54.000000 0.616500 0.914800
55.000000 0.615100 0.917100
56.000000 0.611500 0.915900
57.000000 0.603300 0.918100
58.000000 0.607700 0.922600
59.000000 0.608200 0.926700
60.000000 0.606900 0.928300
61.000000 0.605300 0.923400
62.000000 0.590500 0.930800
63.000000 0.590300 0.927600
64.000000 0.588700 0.931700
65.000000 0.590800 0.931500
66.000000 0.583400 0.935700
67.000000 0.583700 0.934900
68.000000 0.583100 0.938300
69.000000 0.580500 0.940900
70.000000 0.582400 0.942400
71.000000 0.571000 0.945700
72.000000 0.565500 0.946500
73.000000 0.563900 0.947200
74.000000 0.566600 0.946900
75.000000 0.557100 0.949400
76.000000 0.566100 0.950300
77.000000 0.562500 0.949900
78.000000 0.557100 0.951000
79.000000 0.564800 0.953600
80.000000 0.567000 0.953100
81.000000 0.555700 0.955600
82.000000 0.550200 0.957500
83.000000 0.552600 0.956700
84.000000 0.561200 0.958300
85.000000 0.549700 0.959900
86.000000 0.549300 0.959300
87.000000 0.545600 0.960300
88.000000 0.546200 0.961300
89.000000 0.548200 0.961200
90.000000 0.542500 0.962400
91.000000 0.534800 0.965500
92.000000 0.532200 0.963000
93.000000 0.532300 0.964900
94.000000 0.529000 0.964600
95.000000 0.528200 0.966300
96.000000 0.527400 0.964200
97.000000 0.523700 0.967000
98.000000 0.525800 0.966700
99.000000 0.516300 0.969600
100.000000 0.510800 0.969100
