0.000000 0.484844
1.000000 0.597969
2.000000 0.621875
3.000000 0.644687
4.000000 0.648594
5.000000 0.645469
6.000000 0.667656
7.000000 0.656250
8.000000 0.639062
9.000000 0.673438
10.000000 0.692187
11.000000 0.678438
12.000000 0.680625
13.000000 0.692344
14.000000 0.698438
15.000000 0.712656
16.000000 0.701094
17.000000 0.695000
18.000000 0.691562
19.000000 0.691250
20.000000 0.691875
21.000000 0.685937
22.000000 0.681406
23.000000 0.684844
24.000000 0.676406
25.000000 0.680312
26.000000 0.676562
27.000000 0.681406
28.000000 0.663594
29.000000 0.651563
30.000000 0.643437
31.000000 0.645781
32.000000 0.643594
33.000000 0.639219
34.000000 0.641250
35.000000 0.613594
36.000000 0.616563
37.000000 0.614531
38.000000 0.607656
39.000000 0.613906
40.000000 0.596406
