0.000000 0.500000
1.000000 0.551196
2.000000 0.703587
3.000000 0.669565
4.000000 0.654783
5.000000 0.654891
6.000000 0.687283
7.000000 0.677609
8.000000 0.683913
9.000000 0.689348
10.000000 0.688478
11.000000 0.690435
12.000000 0.695000
13.000000 0.709022
14.000000 0.704239
15.000000 0.707174
16.000000 0.710543
17.000000 0.695326
18.000000 0.694022
19.000000 0.696304
20.000000 0.681413
21.000000 0.695652
22.000000 0.689022
23.000000 0.682391
24.000000 0.677283
25.000000 0.680543
26.000000 0.672500
27.000000 0.675000
28.000000 0.670652
29.000000 0.665978
30.000000 0.650543
31.000000 0.653478
32.000000 0.657065
33.000000 0.636413
34.000000 0.642717
35.000000 0.632826
36.000000 0.639022
37.000000 0.626630
38.000000 0.619565
39.000000 0.620435
40.000000 0.619022
