N=100
P=80
R=2
1 0.735616 -0.821558 -0.637725 0.796037 1.378743 -0.571835 -0.990119 0.317935 -0.544932 -1.227390 -0.135402 -1.051050 0.657325 -1.074695 0.327774 0.116707 1.396624 1.731258 1.090998 -2.181575 1.999056 -0.067399 2.928403 -1.034814 0.320187 0.733518 -0.277410 -0.238389 1.482061 1.010456 -2.414130 -1.180946 -0.046169 -0.503248 -1.573234 -0.412994 -0.587904 -1.574776 0.213256 -0.632995 0.698583 1.326214 -0.393269 0.644826 0.640554 -0.089121 -2.203330 -0.913067 0.217489 0.703479 0.699668 -0.727072 0.260323 -1.050587 -0.659556 0.798439 -0.075849 -0.538259 -1.387800 -0.271947 -0.710363 -0.755974 -1.727241 -0.164353 -0.767841 2.417251 -0.005641 0.309590 0.054819 -0.731757 -0.082783 0.895670 -0.578022 1.719085 1.491537 -0.180875 0.568658 0.473671 -0.165600 -0.397765 5.451083 1.000000
2 -0.909334 0.051293 0.219837 1.428151 0.885716 0.453455 0.495875 -0.090085 -0.302260 1.123911 -2.469889 -1.305852 2.162408 -0.628845 0.823527 0.840129 0.272411 -0.483182 1.118216 -0.266515 -0.540089 1.031085 -0.386424 -0.067674 1.061774 -0.882792 -2.146469 0.576908 1.380486 -0.108519 0.066629 1.314719 1.868740 0.582274 -0.749682 -1.113194 0.485172 -1.436354 -0.240899 0.413527 1.872612 0.375959 -0.092115 -1.127389 0.086763 -0.062022 -0.538451 0.871759 -1.247344 0.205510 1.387000 1.798586 0.616469 0.415410 0.022024 -0.081038 -0.131858 -0.502092 1.290938 1.681244 0.050291 1.553491 0.502737 0.946802 0.602531 1.640704 0.214307 0.748470 -1.184886 -0.841990 -0.028489 -2.507216 0.980027 0.015746 -0.592617 -0.002393 1.612986 1.186055 -1.328726 0.361842 4.135674 1.000000
3 0.081128 0.631552 0.349115 0.861311 -0.570486 0.238967 -0.927324 0.053777 -0.442218 1.002698 1.207184 0.524545 1.173322 -1.531883 0.113425 2.334995 -1.234335 0.191011 -1.519362 0.894745 0.600681 -1.626386 -0.145036 -0.396094 1.223666 -1.388922 -1.081955 -0.390437 -0.015201 0.562304 -0.244572 -1.671126 -0.008817 0.640458 -0.398747 1.318932 -0.197012 -0.720675 -1.015272 1.001221 0.055461 0.084200 0.435634 2.309261 0.782475 0.026762 -0.566504 -1.148261 -0.775767 1.052684 -0.077631 0.185571 0.650403 -1.846645 -0.336373 0.412836 -0.481849 0.557058 -0.627191 -0.458039 0.099724 -1.692949 1.296656 -1.784980 1.258713 -0.029234 2.083992 0.133466 -0.048343 -0.054617 0.482839 0.402359 -0.201094 0.171065 1.821640 -1.680058 0.023164 2.626481 0.438799 -1.545451 6.391309 1.000000
4 -1.148771 1.415190 -1.303086 0.071005 0.207348 -0.085064 -0.945061 -0.299004 -1.564111 0.621862 2.206279 0.184891 1.326264 -1.787265 1.683058 0.238326 -0.122830 -0.248420 -0.441052 -0.599686 0.439481 -0.028296 0.038536 -0.035568 0.996300 -0.658616 0.206102 -0.062264 0.350183 -0.271894 0.757838 1.800656 -0.231786 1.452710 -0.669042 -1.925415 -0.110187 -0.478868 0.570162 -0.286278 0.320318 0.902081 1.175081 -0.129811 1.415956 0.702283 -0.636819 0.039500 0.660755 -0.239711 0.322077 0.564444 -0.585187 0.123423 0.586726 -0.144693 0.707831 -0.841233 -0.304000 -1.126058 0.031313 -0.242061 -1.949152 0.967579 0.443649 1.618247 -0.053672 -0.653391 1.987661 0.179429 0.986780 -2.052297 -0.736805 1.282558 -0.788236 -0.681747 0.846720 1.889195 0.388439 0.424719 1.568480 1.000000
5 0.428234 -1.387455 -1.577641 -0.706624 -0.440083 -0.538207 0.702867 -0.492236 -0.882881 -0.221601 -0.627765 -1.066805 0.873360 2.250570 0.243921 1.051739 0.504344 -0.548336 -0.922739 -0.567108 -0.754671 0.564239 0.739538 0.722978 -0.168401 0.373813 0.764486 2.135680 0.550429 1.256933 0.361701 0.485320 -1.488451 -0.333232 0.731311 0.466064 -0.715014 -0.808394 0.191425 0.860324 -1.015433 0.348539 0.435648 0.150881 -1.188025 1.529754 0.790560 0.327831 1.265269 1.724159 0.308462 -1.941779 -0.326393 0.422755 0.479042 -0.829143 -1.112732 0.775932 -0.208645 1.813960 -1.559461 -1.317159 -0.318487 1.503284 0.343143 -0.292073 -1.610112 0.905613 0.359358 1.915238 -1.827547 0.824591 2.025607 0.020122 -1.078156 -0.269481 -2.913520 0.573217 -0.249649 1.329783 2.031042 1.000000
6 0.068109 -0.003702 -0.414680 -0.741779 -0.610251 0.963595 -0.566626 -1.154014 -1.156903 -2.575017 -1.779896 -0.707695 0.480717 0.058930 0.639072 -0.199550 0.854632 0.452116 -1.821182 0.200298 0.585427 0.794641 -0.798647 2.422953 -0.260099 0.775093 -0.505139 0.871730 1.027763 0.473201 1.055190 -0.826250 1.749586 1.192063 1.239664 2.273852 -0.786389 -1.249640 -0.122764 0.423502 0.280228 -0.223005 -0.261407 -0.146807 0.188567 0.174234 0.467785 0.498661 0.841739 -0.700427 -1.298841 0.404685 -1.064784 -1.282986 0.767978 -0.044967 0.532605 0.728009 0.688648 0.362264 -1.306240 1.571718 -0.213831 0.201617 0.853157 -0.797568 0.263770 2.030238 1.099783 0.013876 -1.647938 0.041011 0.479794 0.576337 -1.031359 0.915633 -0.257939 -0.202963 2.200435 -0.180458 1.741506 1.000000
7 -0.194682 -0.606531 -0.594861 2.522316 0.823301 0.257451 1.743021 -0.657646 -0.109591 0.064785 -0.278706 -1.144763 -0.684105 1.273540 0.306942 1.655651 1.010655 -1.567498 -2.087661 1.020627 -1.110067 0.170337 0.398432 -0.361314 -0.956301 1.484382 -2.570685 -1.392276 -0.015095 -1.115265 1.113147 1.126393 0.624627 -0.056304 1.331058 -1.920437 -0.318158 0.688308 -0.955538 1.082939 -1.921974 -0.611701 1.304928 -0.496558 1.571143 -0.708838 1.416637 0.793150 0.144916 0.241256 -1.295980 -0.021259 -0.890956 -0.037542 1.358813 1.784696 -1.313436 0.233538 0.033373 -1.192622 -1.088704 1.695030 0.485951 -0.985599 0.588015 1.918742 -0.420323 0.829871 0.837747 0.194870 0.337940 1.277896 0.500577 -0.120346 0.465667 -0.702461 0.009467 0.158501 1.248201 -0.860140 0.320416 1.000000
8 0.355413 -1.476752 -1.483794 -0.045753 1.730049 0.565258 0.458356 0.691550 -1.486681 -1.061211 -0.995308 -0.373646 0.779870 0.545215 -1.976282 -0.625345 1.454582 0.267268 -0.798690 -0.337749 0.358895 -1.387131 -0.071436 -1.052360 -0.711453 1.262577 0.182991 0.796565 -0.112655 -0.694586 1.255013 0.625404 0.657920 0.091616 0.067577 -0.150012 -2.028556 -0.600720 -1.589429 -0.461545 -0.150853 0.937304 -0.700250 -0.066336 -0.033208 -1.245596 -0.284967 -2.087077 3.354889 -0.415701 0.349262 -0.078228 -2.197888 -1.057326 0.806920 1.336301 -0.221314 0.011991 -0.558191 -0.132343 -0.165745 -0.510252 -0.782749 0.229053 -0.113083 0.337729 0.535174 -0.244308 1.145501 0.782051 0.457347 0.483401 1.449442 0.030775 -0.048335 2.389382 0.303304 -0.155947 -0.772259 0.621228 5.900445 1.000000
9 -0.986346 -0.903102 0.988062 -0.732270 -0.806538 -1.133649 1.386413 0.019869 0.400115 -0.433617 1.234753 0.176490 -0.700893 -0.485204 1.452227 -0.739754 0.247160 0.859798 -0.238955 0.278189 -0.207476 0.130733 -0.952532 -0.050477 1.380218 0.605529 -1.415153 -0.823454 -0.596629 1.409269 0.189325 -0.012494 -0.061239 -0.272325 0.714985 -1.717888 -1.166820 -0.625118 -0.766211 -1.624154 1.029188 0.158246 2.460387 0.548837 0.724458 0.938302 -0.460907 -0.384606 -0.313325 1.222807 -0.383310 0.623262 -0.873664 0.935716 0.568923 0.780630 0.189292 1.791864 0.544974 -2.355221 0.941930 -1.129551 -1.412153 -1.603438 -0.664509 0.180179 1.502807 -0.310795 -0.348793 0.324078 -0.858584 -0.610544 -0.939053 1.263437 -0.350950 0.411067 -1.100640 1.800942 -0.245623 0.114393 6.041380 1.000000
10 1.080850 0.349726 -0.363719 0.926405 0.604880 -0.767920 0.272414 -0.318181 0.415191 -0.063744 0.616151 1.992224 -2.025871 0.052119 1.776866 0.106957 -0.584253 -0.850381 -0.931141 -0.426985 0.954086 -0.414832 0.735727 0.935722 0.546110 0.755890 -1.170245 -1.826289 -0.038663 1.359863 -0.209189 -1.572667 -2.588241 -0.090772 0.722892 0.977390 0.038153 -0.801952 -2.150709 -1.803341 1.201223 1.035783 -1.176218 0.335963 -1.286307 -0.389932 0.610534 -0.222333 0.027398 0.214411 -0.860022 -0.506843 0.132248 -0.586345 -1.043932 -2.058720 -0.297490 -0.990627 0.082152 1.824796 -0.230896 -1.873856 -0.416959 0.024693 -0.272402 -0.718845 -0.418159 0.524662 -0.306542 0.655971 0.297472 -0.902566 -0.284578 0.403972 -0.055531 -0.260565 0.631960 -0.245022 1.177245 0.954205 0.052909 1.000000
11 -0.062394 -0.606182 0.749340 0.976414 -1.690157 -1.653326 -0.961591 0.324399 -0.304753 0.015956 -0.497780 -0.035743 -2.206994 0.667090 0.667681 0.588973 0.055190 0.798165 -0.263828 0.379866 -0.046479 0.277671 -1.032262 0.689669 -0.274955 0.672489 -0.020235 -0.112250 0.550919 0.495511 0.421918 -0.202815 0.848842 -0.200902 2.220874 0.464160 -0.373254 0.340721 0.316418 0.826104 0.312559 0.439331 -0.055613 0.072547 0.467936 -2.096983 -1.687779 -1.120970 -1.651436 -2.580548 0.775022 0.334599 1.270047 0.657911 1.626113 -0.033411 -1.483726 -0.249994 0.342348 0.593198 0.428020 -0.134217 1.667901 0.178358 0.502709 1.762746 -1.131813 -0.735446 -0.172350 1.714470 0.134622 -0.852202 -0.305505 1.186419 -0.158104 -0.422982 -0.532416 -0.247112 0.230025 0.722078 0.618979 1.000000
12 -0.053114 1.151230 0.123818 0.292690 1.365898 0.337631 -0.538828 -0.547615 -0.257214 0.898044 -0.408300 -0.788664 -0.445167 0.183157 0.722156 1.362174 0.084914 -0.464392 0.575898 0.436992 -0.369887 -1.080019 -1.239075 0.179400 0.680200 -1.533005 -0.980581 -1.620928 -1.043644 1.085390 0.770866 -0.443924 -0.992793 0.081586 -0.599808 1.546271 -1.462317 -0.402666 0.121448 0.772987 0.918695 1.309925 -1.180846 -0.607909 -1.155160 1.070652 -1.844004 0.459088 -0.352069 -2.524943 2.112152 1.317217 2.021058 -0.931714 -0.696585 0.790374 -0.368187 0.691123 1.163242 0.064486 -0.333857 -0.494426 -3.479725 -1.503975 0.343831 0.074000 -1.392189 -0.563806 0.295718 -1.181627 -0.107950 0.663672 -0.674774 1.740721 -1.371857 0.799103 0.752393 1.765048 -0.937669 -0.587759 3.605691 1.000000
13 1.171269 0.428095 0.227463 -0.699317 2.156626 1.234196 1.112700 -0.346036 1.290155 -0.316838 1.237923 1.204487 0.349495 -1.743247 0.864033 -0.525659 0.982946 -0.858546 1.092958 0.408010 -0.221715 0.732144 1.093640 -0.922518 0.026403 -1.011254 0.079616 -1.123245 -0.259968 0.381197 0.151985 0.162253 -0.209692 -1.198516 0.041475 -1.056478 2.369438 0.938797 1.353644 0.284095 0.487230 0.857643 -0.083466 -1.069835 0.140616 -0.324091 -0.383258 -0.106901 -0.118771 -0.332547 -0.426629 0.030109 -1.714573 -0.408537 1.643690 1.656847 -0.107821 0.638062 -0.907275 -0.983877 0.212563 -0.907049 0.150022 -0.040909 -0.839758 -1.976377 -0.212218 1.162392 0.047970 -1.415264 -0.603813 0.375526 0.216115 -0.149620 0.687527 0.302520 1.221403 0.474728 2.380543 2.521536 0.687287 1.000000
14 -0.758097 -0.696286 1.352173 -0.412035 0.011287 -0.136117 -0.541224 -0.019078 0.351728 0.411334 -0.238136 -0.919596 1.244420 0.170058 -0.937628 1.586931 -1.406345 -1.159020 -1.863292 1.119965 1.200730 -1.379172 1.185240 1.223833 1.054453 -0.024348 0.647804 1.313500 -0.236601 0.077968 0.300087 0.233296 -0.935801 1.463096 1.469039 0.085656 2.270567 3.058226 0.729227 0.972668 0.036212 0.217744 0.306896 3.157093 0.236492 1.240484 -2.032521 -0.033523 0.301795 -0.882880 0.612741 -0.587582 0.655410 -1.151471 0.179774 0.220124 0.979318 1.044307 -1.169190 0.399148 1.148509 -1.747160 -1.788243 0.416353 -0.190597 -1.006422 -1.110185 0.131225 -1.141847 -0.075322 1.590161 0.114792 1.712015 0.397268 0.495966 1.775788 -0.373520 -1.628147 -1.699720 -1.173794 9.683853 1.000000
15 0.803944 0.038541 1.080125 -1.783125 -0.744099 0.369790 -0.243668 1.492300 -1.819839 0.548179 -1.039852 1.075459 -0.117281 0.884645 1.103973 0.224460 0.093216 -0.066124 0.647034 -0.942650 -1.074271 1.751443 -0.420361 -1.170066 0.611823 -0.106048 1.165144 0.501213 -0.159513 -0.700981 0.306769 -0.220179 -0.291030 -1.115748 0.810334 1.122329 -1.048150 -0.459979 -0.986722 0.176545 -0.535352 0.626383 0.003361 -1.456618 -0.990346 -1.448976 -0.757079 -1.388369 1.572539 -2.036343 -0.347094 -1.431118 0.856772 0.785199 0.157562 -1.396463 0.102648 0.645098 -0.966567 -1.616939 0.202294 -2.060330 -0.346181 1.443525 1.067657 -0.289248 -0.472404 -1.425959 -1.412084 1.240872 -0.266151 -0.200890 -0.349069 1.302607 -1.036930 0.208457 -1.675466 -0.559982 -2.133916 0.583754 7.205494 1.000000
16 -0.075648 -0.450115 0.829425 -0.393367 1.209986 -0.357606 0.212827 -0.462554 -0.346116 0.362158 0.485078 0.434045 0.214628 -1.147675 0.567380 -1.283511 -0.190995 0.634464 1.646945 -0.831497 0.440043 0.633320 -1.119102 -0.328749 -1.206597 -0.036995 -0.926467 -0.317569 -0.274556 1.164289 1.922895 0.095854 0.174978 -2.651976 0.436176 0.872462 -1.059512 -0.383212 0.360083 -1.899565 0.382384 0.442125 0.236040 -0.071607 1.172552 -0.106440 -0.776932 0.751763 0.995802 0.051656 -0.136096 -0.158960 1.443063 1.934672 -0.945165 -0.454200 0.776055 0.217191 0.084547 1.773141 -0.706387 0.071275 0.059332 0.067155 0.903943 0.765212 -0.760553 -3.023431 0.118380 -0.228931 -2.224501 1.239725 0.017535 0.036390 0.371363 -1.030549 -0.243131 0.615793 0.828854 -0.866983 4.653899 1.000000
17 0.549201 1.425408 0.817669 0.978858 1.291730 1.249857 -0.605051 0.078901 -0.484777 0.790188 -0.936725 -0.186887 -0.135587 -1.955538 0.761722 -0.127156 0.948745 -0.248201 -0.727327 1.607345 0.742715 0.108437 0.898569 0.390759 -2.039440 -0.272270 -0.130363 -1.015912 -1.633981 -1.361917 -0.415397 0.386433 0.309148 0.746484 1.053955 -0.426705 -0.929505 -2.284390 1.832523 0.341520 0.494230 -1.035640 1.043129 0.651169 0.207859 0.347691 0.653203 -2.218013 -0.976703 -0.020166 1.951117 -2.183167 0.147300 0.605762 1.509402 0.713541 2.422301 1.843755 1.474594 1.090190 1.084675 -0.223154 -2.505042 0.387757 0.255635 0.615458 -0.500423 0.398885 0.503669 -0.525263 -1.685180 -1.040236 -0.717703 -0.731192 0.768697 -0.473193 -0.457904 -2.177717 2.721508 -1.452837 0.972162 1.000000
18 1.282357 -0.270561 -1.105717 -0.270877 1.468048 0.367613 -1.296258 -0.072034 0.935548 0.523007 1.306704 0.419873 -0.721364 -0.861082 0.302777 -0.462171 -0.462502 -0.885893 -0.390418 -0.869450 -0.033391 0.835928 0.714707 -0.532776 0.763477 0.172775 -0.138755 -0.293364 -0.897039 -0.699141 2.290720 -1.411206 -0.128896 0.558859 -0.293120 0.633893 -0.215736 0.324343 0.930971 0.887919 0.610349 -1.059079 3.381487 -0.321251 1.621084 0.632057 -0.905801 0.682740 -1.166952 1.361036 0.418664 0.543196 0.518451 0.908214 -0.388599 -1.433886 -0.303101 0.310342 -1.829834 0.327234 0.816389 -2.146993 0.645673 -0.036956 0.060456 -0.639280 -0.281737 0.683661 1.335611 -1.812775 0.440291 -0.557475 -1.889364 -0.425551 -1.562318 0.375012 0.306735 1.963753 1.018982 1.260114 0.592680 1.000000
19 0.951927 0.967459 -0.656325 -1.578777 -0.461061 0.382818 0.506846 -1.611056 -0.990599 -1.883353 -1.221029 -0.424306 1.368479 1.975365 -1.911417 1.258226 -0.555722 1.953800 -3.466349 1.164108 -0.649522 0.185149 0.242510 -0.802782 -0.519742 0.308659 -1.635687 -0.642156 -0.152455 -1.381858 0.010999 -1.118022 -0.059694 -0.133609 0.256231 -0.521524 -0.020015 0.260452 -1.197727 -1.613389 0.162396 -0.206764 -0.100662 0.784843 1.322194 -0.373006 0.958053 0.981540 -0.126588 -0.333599 2.257260 0.262729 -1.184132 -0.256619 -1.627130 -1.562042 -0.036877 -0.634308 -0.050945 -1.171293 -0.809729 -0.671017 0.275347 -1.265592 0.975453 0.686878 0.363515 -0.299345 -0.095342 0.413535 0.879888 -0.225728 -1.241590 2.028423 -0.618035 -0.091551 -1.031265 1.223833 -1.450616 -0.029377 8.733994 1.000000
20 0.658868 -0.000748 1.389828 0.779950 -0.221419 -0.188000 0.200045 -1.247711 0.253997 1.657976 0.718532 -0.299184 -2.054576 1.757606 0.139413 0.867195 0.063154 -0.535747 -0.087739 1.901417 0.003198 0.718945 2.633708 1.096076 -0.568887 1.249703 0.377122 0.850308 2.264678 -1.012484 -0.225061 0.929845 1.807785 -0.469932 1.194795 0.388864 0.072398 1.927662 -0.041312 -0.093866 -0.588089 -0.012487 -0.500995 1.143031 -1.215788 -1.165807 -0.542663 0.836925 -0.535078 0.882712 1.229592 -1.019730 -1.836857 -0.742554 0.578966 -1.541624 -0.323371 1.233853 -0.078839 0.106894 -0.667435 -0.746470 0.099315 -0.726757 -1.168580 -0.098764 0.767050 0.565661 -0.731108 0.829552 0.229211 -0.187057 -0.935959 0.570648 1.156420 -0.119625 -0.669523 1.479805 -0.973588 -0.891134 7.206994 1.000000
21 1.262686 1.370648 -0.740009 1.990748 -0.798521 0.526251 0.106983 0.475857 1.644516 0.009880 1.318656 -0.834874 -0.122519 -1.929125 0.943079 0.392061 1.182009 0.223693 0.655278 0.598517 1.133742 -1.096363 0.800440 -0.430194 0.396932 0.901949 0.548313 0.141735 -0.489695 -1.376365 0.209043 0.421879 0.689378 -0.131016 -0.441457 -0.631641 -0.821216 0.594856 2.966459 1.000876 -0.081621 -1.543061 -0.823153 1.552705 -1.297023 0.220164 0.588955 1.210395 -0.073757 0.490566 1.197156 0.104579 0.201177 1.148490 -0.787654 0.110011 -0.533469 1.406681 1.807247 0.468967 -0.630712 -0.312618 -1.857004 -1.064423 -0.308871 -0.998659 -0.443946 -0.151871 -1.491692 0.612898 -1.234016 1.177248 1.571573 -0.029589 1.311562 -0.224821 -2.314382 -0.409250 -0.959402 0.384374 11.411375 1.000000
22 0.613430 0.436008 0.384844 -0.244011 0.648654 0.157849 -2.158704 0.899729 0.411569 -2.383265 0.947485 -0.216863 -0.989316 -1.102422 0.474048 -0.179276 -0.942644 0.137774 -1.108414 -1.324433 0.742365 1.722700 -0.297046 0.717710 0.491896 2.294310 0.596173 -3.337451 0.887976 0.800376 1.228291 -1.064166 1.653432 -0.467464 -0.093162 -0.639671 -0.462667 -0.317676 -1.444981 -0.668321 -1.878142 -1.081040 1.266557 -0.222069 -0.969692 -1.070181 0.347490 1.253244 0.637685 0.311778 0.357407 -0.337502 -1.233226 0.295730 0.597730 -0.979268 0.292071 0.460034 0.189239 0.844621 0.510127 -0.617068 1.141854 0.168317 -0.029889 0.324185 1.268361 1.734642 0.427352 0.632602 0.503103 -1.791382 -1.253455 1.209221 -1.462415 -0.312549 0.322832 1.357630 -0.870645 -1.619198 0.467383 1.000000
23 -0.387545 0.746070 -0.826425 0.131760 0.478666 0.827540 -0.483162 -1.963101 -0.433921 0.182768 0.295480 -0.906400 -0.143316 0.913402 0.601614 -0.396693 1.740436 0.649598 -0.495467 -0.022323 0.904672 0.170737 1.164963 0.424678 0.397788 0.411451 0.543305 -0.106483 0.024083 0.439965 -0.265256 -0.499315 -0.075234 -0.038838 -1.255328 1.508295 0.279833 -0.305883 -0.206174 1.387035 -0.053359 2.535322 1.464895 0.286100 -0.491184 -0.705334 -0.382417 0.822198 -0.656197 -0.820680 0.351977 -0.196977 0.251069 1.493284 0.373706 0.974201 -0.975677 -0.279285 -2.070744 -0.043028 -0.271688 -0.268089 0.545411 0.834835 0.159289 0.933023 -1.079411 0.424905 -0.138505 -0.898680 -0.883509 0.932258 -1.261917 -0.630432 -0.409778 1.491431 -0.484018 1.847252 0.172274 0.845677 0.626004 1.000000
24 0.793390 -0.233983 -0.066998 1.399523 1.327819 0.104465 0.764982 1.462714 -0.273554 -0.607710 0.386353 1.128865 0.602924 0.026910 0.393929 0.214222 -1.462245 0.127696 0.712436 -1.238708 -0.166768 0.012251 1.663794 0.143017 1.253850 0.571633 0.432751 1.540264 -0.718398 0.929988 0.575688 -0.828842 0.843582 -1.095890 0.282860 0.076945 0.740420 -0.624604 -0.815701 0.546142 1.061279 -1.989813 -1.861658 1.187638 0.072561 1.046305 -0.602146 0.590536 0.723827 -0.838130 -0.330190 1.453223 -0.767792 -1.681656 0.894051 0.284530 1.091942 0.473641 -0.398118 0.281913 -0.770345 0.636806 -0.999231 -0.994913 -0.616192 -0.830859 -1.271448 0.494740 -1.470322 -2.098120 -2.229441 0.026324 0.226824 -0.761476 0.281778 -1.950040 -0.552667 0.445602 0.071119 1.303248 0.248357 1.000000
25 1.215899 1.179067 -1.290930 -0.738854 0.469999 0.794921 -0.704371 1.903456 -1.497496 -0.283319 -1.434465 -0.597577 -0.824635 -0.530096 0.923807 0.764850 0.854189 -0.423360 -0.002050 0.436476 -0.701881 -0.376891 -0.114828 1.691322 -1.447757 0.152943 0.155001 -0.662598 -0.433194 -0.974348 -0.757587 0.271370 -0.962965 -1.161253 -1.565739 1.732725 0.514328 0.003665 -0.372844 -0.807030 -0.983612 -1.704986 1.243511 1.229177 -0.925174 -0.050523 0.075003 -0.800782 -0.572097 0.869099 -1.340649 -0.675845 0.051568 -1.586898 -0.255148 -0.597557 -1.680566 -1.060681 0.184508 -0.287816 -0.620973 -0.485739 0.001802 -0.417451 -1.213543 0.208274 0.299766 -1.328841 1.044107 0.194650 -0.453835 1.082478 -0.188314 -1.395866 -0.651199 0.482873 0.504555 -0.922326 0.726643 -0.312266 3.150377 1.000000
26 1.661305 0.667199 0.849846 1.124998 -0.335698 1.837091 -1.148999 0.129173 -1.853390 -0.101976 -1.009244 -0.266265 1.385603 0.300500 -1.626871 0.144863 -1.126863 -0.840653 1.892566 0.807142 0.276664 -1.259782 -2.204811 -1.629366 0.680883 1.883567 0.408339 0.473479 -0.120745 0.675532 -1.983549 -0.543980 -3.580140 0.200897 -1.912399 -0.083922 -0.262518 0.418724 0.734590 0.415761 1.284249 -0.293384 2.082581 1.657062 -0.263091 -1.792888 2.077087 -0.434075 1.324945 -0.653225 -1.853019 0.839158 -1.033043 0.024485 -1.120169 -0.477726 -0.022410 -0.099618 -0.164592 -1.535936 0.378736 0.731859 -1.459033 0.349377 1.014699 0.124613 -0.927846 -1.044856 -0.179498 1.488278 -1.402942 -0.106153 1.801660 -1.439221 0.359474 -0.066657 -0.647245 0.407518 -0.545474 -0.070572 0.956901 1.000000
27 0.537669 -0.236847 -0.156552 0.544344 2.120148 -1.205317 0.171233 -0.370614 1.226238 -0.282892 -0.896615 -1.908837 -0.968440 0.474111 0.187562 0.458788 1.718802 1.010267 -0.047442 0.465679 0.132443 -2.244920 -2.437099 -0.562815 1.018233 0.544416 1.219834 -0.922182 -0.611900 1.877651 -0.652125 -0.127133 0.991298 -1.318676 -1.255908 -1.561174 -0.882932 -0.536327 -0.267362 0.150000 -0.387554 1.087787 2.052091 -0.836435 0.439577 1.286433 -0.179072 -0.171853 -0.704065 1.135052 -1.708949 -0.180328 -0.562045 0.804994 -1.323189 -0.294658 0.366978 -0.547270 1.700826 -0.983145 0.101584 1.908478 0.165822 0.160575 1.969269 -1.056492 -0.816690 0.895221 0.738233 -0.451554 -0.268746 0.816602 -1.637089 -2.127035 -0.033196 -0.730224 -0.739745 2.343994 -1.021181 0.808844 6.140291 1.000000
28 -0.257785 -0.117235 -1.290739 -0.209940 -0.800324 0.428041 0.346681 1.028323 0.200206 -0.320381 -0.968894 0.119795 -0.018936 -0.472343 1.806826 0.070770 -0.101003 0.286019 -0.070776 -1.149944 0.057449 1.329053 -1.133946 -0.532103 1.157856 -0.638902 1.162037 0.777246 -0.714946 1.694580 -1.889843 0.637291 0.620332 -0.327549 -0.578180 1.274225 -0.016716 0.737439 -0.011482 0.090175 0.029722 -0.709656 0.350682 0.389433 0.596121 -1.542899 0.128226 0.016375 0.245936 2.208922 -0.426875 -1.154174 1.678913 -0.397341 -1.008344 -0.724260 -0.629214 0.586213 0.554040 0.174038 -1.536197 -1.394523 -0.348059 -0.260084 0.447434 0.926874 -1.591746 0.485548 0.673302 -1.129243 0.703425 0.895153 0.156675 0.201749 1.439651 1.530520 -0.955344 1.087387 -1.224264 0.680412 4.849426 1.000000
29 0.005836 -1.562866 2.480611 -1.653294 0.260803 -1.863025 -0.259843 0.519267 2.421421 0.891313 -1.434270 -1.308177 1.223334 -0.083406 -0.506795 0.017074 -0.192785 -1.947600 1.578104 0.532672 -0.608347 1.470368 -0.097330 0.120485 -1.215056 -1.161472 -0.688394 0.596798 -1.969789 -0.533025 0.525129 -0.230746 -0.724100 0.207410 1.248666 0.470897 0.251022 -0.138456 0.836458 0.229000 -1.097720 -2.057583 1.511933 -1.624362 -1.612623 1.482421 -1.010891 -0.455884 0.251450 -0.110938 1.406982 0.044693 -1.763150 0.638966 1.363730 1.359460 0.865567 0.039996 0.085076 -0.317518 -0.416980 -0.134722 -0.806804 -0.334347 1.034180 1.899969 -0.675229 1.386461 0.188905 -0.725899 -0.605543 -0.070556 0.611174 1.184646 0.269976 -0.997867 1.907342 0.104806 -0.543407 -0.824092 0.173619 1.000000
30 0.050643 0.222578 1.727559 0.856129 0.486375 -0.021684 1.719807 0.187700 0.064435 0.545453 0.158340 1.223450 1.376360 -0.815188 0.663220 -0.565077 1.523817 -0.434130 -0.457535 -0.603172 -1.443536 2.325942 -1.528630 0.161301 -1.192788 -0.133557 -0.575257 -0.925062 0.632801 -0.161487 -0.130563 0.108054 0.722419 -1.730441 0.237667 1.512729 1.409445 0.717846 0.886768 0.318617 0.977886 -0.605054 -0.094608 -0.253817 -0.068936 0.466157 -1.556680 1.087344 -0.694297 1.840039 0.251033 0.485670 1.401296 0.249633 -0.027969 -0.582724 0.587773 -0.239171 0.481246 0.117790 -0.364816 0.085154 0.530791 -2.189111 -0.698651 -1.146864 -0.377578 -0.326278 -1.791841 -0.284445 -0.903128 1.486046 -0.980363 -0.710038 0.094548 -0.308458 -0.218279 -0.362756 -1.958570 -0.904503 0.381633 1.000000
31 -0.003006 -0.293259 -0.001609 1.340345 0.448594 -0.233301 -0.523059 -1.450335 -0.132427 2.144098 0.262521 -0.762744 -2.348904 0.606439 -0.230410 -0.413386 1.037817 -0.473887 -0.761632 -0.680264 0.205015 -1.812067 -0.213169 1.867584 -0.140223 -0.232891 0.109192 -0.797096 -2.618270 -0.574929 -1.830522 0.230621 0.046775 0.666918 -0.296923 -0.510671 1.219803 0.476013 0.129501 -0.198123 1.408491 0.288796 0.367586 0.147952 1.477687 0.495223 -1.337926 -0.688685 -0.620071 0.890924 0.233465 0.379480 -0.586465 0.355158 0.652433 0.211107 0.915673 -0.287772 0.035932 1.202518 -0.039568 1.468983 1.131803 0.584852 -1.877370 0.398686 0.716767 -1.768563 -0.115474 0.054638 -0.749919 -0.404642 -1.377065 0.919250 0.476193 -0.951866 -0.192559 1.552294 -0.684687 -0.390259 1.336140 1.000000
32 -0.037992 -0.183325 0.932355 0.187118 0.166824 -0.993416 -0.240782 -0.183051 -0.803968 -0.577051 0.202938 -0.750178 -0.298052 -0.971749 0.549419 0.608578 -2.039105 0.465336 -1.780519 0.455217 -0.420686 0.703919 -1.778556 1.517469 0.144809 0.629557 0.105774 -1.951517 -1.721015 -0.411617 -1.246598 -1.730477 0.093390 -1.218819 -0.173938 0.561318 0.239915 -0.654171 0.653487 -1.263952 -0.120154 0.282382 1.312365 0.402464 1.477517 0.373757 -1.134121 0.340406 0.324205 -0.590506 0.766875 -0.920384 -0.422662 -0.497787 -1.373202 0.851927 0.475826 -0.520725 0.564581 0.118381 1.145403 0.030028 -0.779125 0.167191 1.375673 0.407260 -1.482230 0.201243 -0.503115 -0.660173 1.721135 -0.774166 0.013623 1.060164 -0.520716 0.296169 0.994118 -1.502848 -0.168701 -0.787732 2.579603 1.000000
33 0.974118 -0.004941 0.029026 1.028359 -1.061288 -0.146644 1.536839 0.244900 1.135948 0.970123 0.201637 0.074073 0.099698 -1.156917 0.143613 -0.444632 -1.004975 0.806343 0.316592 0.708229 0.219605 -0.477038 1.051161 0.396182 2.375760 -1.766325 0.572208 1.053372 0.898418 0.867959 -0.752118 -0.323616 -1.154808 -1.004632 0.706146 1.245645 1.391568 -1.509828 0.127349 0.270077 -0.409490 -0.231722 0.738115 0.451078 -0.704793 -1.502252 0.160648 1.402101 -0.591151 0.078779 -0.514774 2.175498 0.338463 -0.618013 -1.230277 -1.089518 -0.348807 0.648883 0.360995 0.137980 -0.132375 -0.092692 2.424228 -0.929249 1.969186 0.830130 -0.005174 -1.029527 1.923502 0.223949 -1.008584 -0.605548 -1.395173 0.056691 1.726641 0.034623 1.097829 -2.114827 1.042218 -0.008847 2.988869 1.000000
34 2.245390 -0.866417 1.054403 0.392117 0.144515 -0.311795 -0.344492 -0.002383 -0.461642 0.728046 -1.301242 0.736811 -0.053317 -1.187832 -0.257599 0.194316 2.622086 0.347173 0.295901 0.228738 -1.219116 -0.479514 1.185240 -2.275075 -0.468064 -0.321854 -1.260484 0.099945 -0.222191 0.650116 0.267644 0.633859 0.890470 0.216742 -0.797671 -1.052929 0.796486 -0.848616 -0.550894 0.490184 -0.371656 1.345834 0.563973 -1.756762 -0.234186 -0.490663 1.320861 0.381335 0.929811 -3.644631 -0.481121 -1.324435 0.496688 -0.188242 0.674267 -0.805585 -1.247523 -1.191410 1.631496 -1.018743 0.968467 0.732904 0.530887 1.072362 -0.022961 -0.697594 -0.761878 0.488655 0.110916 0.430093 1.391088 0.696992 1.124977 -0.183888 -0.422792 -1.587704 -0.430169 1.541952 0.362432 -0.662561 3.052877 1.000000
35 0.509683 -0.435443 -0.441991 0.936106 1.906700 -0.577140 -0.012334 1.067925 -0.269224 -0.053732 -0.670526 0.595475 -0.408755 -1.307836 0.187903 -0.914114 -0.156150 -1.185701 0.414969 -1.937585 1.028926 2.400002 -0.029384 0.639809 -0.390767 -0.654294 -1.799381 -0.650566 -0.976748 0.688220 2.867713 1.299393 0.606450 0.852423 1.554864 0.684264 1.992689 -0.306403 -1.431444 0.576458 -0.184304 -0.887329 -0.613320 1.421982 -1.144244 -0.383761 0.293266 0.033419 0.292179 -0.468487 0.113219 -0.051483 -0.533919 0.023664 -0.610325 0.651711 -0.767785 1.072531 0.041477 -0.047798 1.152040 -0.110686 0.380976 -1.249011 0.763515 1.018082 -1.177256 1.729925 0.301678 0.469339 -1.684583 0.301013 1.200977 0.728523 0.106619 -0.551933 0.192704 -0.213766 1.903645 -3.566109 3.758130 1.000000
36 -0.449261 0.612532 -0.930786 -1.217266 1.177110 -1.486793 -0.154226 -1.397545 -0.566561 0.545450 -1.389149 0.036145 0.001606 1.278167 0.559615 1.285292 0.131895 -0.361604 1.729136 -1.573413 0.842162 0.710350 -0.090027 1.610556 -0.048149 0.933824 0.403705 -0.505902 0.438960 -0.024923 -0.464280 -0.267524 0.253966 0.312247 0.652689 0.311160 -1.013242 -0.569187 -1.258795 -1.106193 0.793973 -0.339188 -1.916774 -2.139293 -0.327941 -0.692528 0.240807 0.183687 -1.398702 -1.456020 -0.758336 0.029831 1.003508 1.156860 1.145215 1.611702 0.332682 0.390382 -2.127701 0.380560 -0.540974 -0.630010 -0.550906 -0.507540 -0.384420 0.161945 -0.482151 0.853795 1.343666 -0.974691 1.095487 -2.925711 -0.064857 -0.674222 -2.494174 0.084474 0.565401 -0.790052 0.302859 0.751229 0.328821 1.000000
37 -0.020979 -0.014573 -0.602591 -0.219130 0.175005 -0.345533 -1.878992 -0.274940 -0.172387 0.018213 -0.198792 0.023643 -0.098339 0.597281 1.481391 -1.135742 -0.185467 0.382543 -1.738625 -0.319364 -1.717602 -0.953574 -0.219075 -0.615928 -0.146707 -1.174100 -0.083952 0.589332 1.918436 0.100377 -0.154695 1.252650 0.588879 -1.741677 -0.192105 0.941168 -0.501722 0.606083 -0.395373 1.395912 0.579943 -0.311585 0.746064 1.188784 0.511460 1.414085 -0.381956 0.234515 0.005365 -0.060747 0.477158 -0.311067 1.306481 1.245981 -0.730139 0.058427 -0.057275 0.513060 0.038753 -0.059532 -0.229341 0.391111 -1.102289 1.184000 -0.898900 0.116547 -0.040670 0.179526 -0.176615 0.689530 -0.703008 2.057953 -0.501024 -1.557619 -1.166428 -0.711570 -0.376435 -0.327846 1.570713 -1.120195 7.828742 1.000000
38 -0.694582 0.596861 1.660803 2.374568 -0.808358 -1.013183 -0.887779 -0.085427 0.482787 -0.659657 0.565234 -0.667111 0.860502 -0.362032 -0.832227 0.362671 -1.817875 -0.458250 -0.532116 1.510034 2.408488 0.298620 0.073097 -0.800104 0.513512 1.246930 0.053641 -0.185976 -1.004797 -0.726730 0.520002 0.410722 0.005811 -1.156489 -0.471338 -0.161836 0.348591 -2.165721 -1.505199 -2.029297 -0.379934 0.603528 2.303610 -1.915779 0.080736 -1.792752 0.337703 -0.208024 1.203004 -0.589409 -0.950713 1.961628 -1.053689 1.019991 0.626629 -1.179753 0.519788 1.143617 -0.649150 -0.873870 -1.691932 -0.292903 -1.303057 -0.453138 -0.688919 0.309903 0.222479 -1.060458 -0.640194 1.416045 -0.539753 -0.198520 -0.109705 0.156889 0.695342 -0.553163 0.319887 1.242288 -0.637889 -0.494277 0.005027 1.000000
39 -0.970145 0.379437 1.020864 -1.440825 0.503173 0.022896 -0.251269 -1.057737 -0.167040 -0.303091 1.743545 -1.823060 -2.212263 0.737024 0.033038 0.966584 -2.125037 0.875688 -0.380925 0.125245 -0.428867 1.207299 0.357685 -1.822785 3.283023 0.530349 -0.192233 -0.169283 0.281566 0.653992 -0.609897 1.843865 0.617354 0.342892 -1.704717 -3.446633 -0.058680 -0.861403 -0.363184 0.695513 0.314657 -1.836524 -0.676296 -0.767833 -0.392383 -0.726364 -2.205021 1.191494 -0.449489 0.713551 -0.818256 -0.133053 -0.843671 0.598463 -0.283099 -2.008773 -1.199866 0.159770 -0.772737 -1.403245 -0.054307 0.134464 -0.667382 -0.841203 1.196081 -0.917816 0.962783 -0.166231 0.931472 1.668364 -1.859523 0.472056 -0.482074 -0.463903 -0.064979 1.224813 -0.667799 -0.262862 -1.989775 0.808816 0.397474 1.000000
40 0.835867 -1.001213 0.796617 0.113402 -1.273939 0.318494 -0.152103 -0.305316 -0.057056 -0.869758 0.058546 -0.586709 0.187365 0.166922 0.507375 0.989888 0.173478 0.922709 -0.367978 -1.138013 -0.257233 0.411814 -0.699878 1.242933 0.603604 0.455206 0.276960 -1.498748 0.522953 2.125423 -0.464587 -0.014842 0.423608 0.057945 0.076604 -0.476699 0.327409 0.417869 0.658904 0.464318 -0.736629 -0.601334 0.372352 -0.342063 1.767191 -1.100281 0.889086 1.717829 1.425180 -0.188463 0.690933 0.670189 -0.046063 0.543976 -0.771711 0.299980 0.100753 1.340779 0.845724 -0.040341 -1.072488 -1.067910 0.584104 1.255084 -0.001983 1.017730 -0.718947 -0.734308 -0.208565 -0.867855 0.316522 -0.044857 1.217105 -0.604358 1.521073 -0.366968 -0.270962 0.352296 0.034898 0.799050 2.224797 1.000000
41 0.679161 -0.262008 -1.705463 -0.415636 -2.562012 -0.865347 0.493280 2.749636 1.882903 1.232086 0.096522 0.003692 1.298434 0.106593 -0.224771 0.104370 -0.836247 0.355695 -0.387577 0.140932 0.164151 1.262134 -0.615276 0.352788 0.846201 0.197490 1.421578 1.310305 0.014736 0.205287 -1.694649 -0.791023 0.703607 0.037025 0.099755 -0.103583 0.092359 -1.086291 1.999074 0.894075 1.240896 -1.310492 -0.776833 2.203327 0.508434 1.197989 0.655370 0.798412 0.561004 -1.261572 0.053940 0.388486 0.183658 0.026710 -1.510406 0.850031 0.666687 -0.109088 0.637812 -0.261235 -1.287058 2.047553 -0.377792 0.331901 -0.574389 0.927083 2.630774 -0.360773 0.505809 0.296155 0.916035 0.643114 0.327520 0.296488 -1.026688 -0.145139 1.258816 0.076866 -0.604008 0.103931 1.544815 1.000000
42 1.846617 0.301832 1.130154 -0.811325 -0.711700 0.404877 1.070899 0.406266 2.401215 1.156746 0.290342 0.574794 0.442798 -0.203318 0.276366 1.154137 1.942948 1.422549 0.088028 2.159375 -0.329467 -0.730845 0.842672 1.333078 -1.686332 0.674705 -1.303975 -2.379033 -0.034379 1.707136 1.041093 -0.245893 0.939660 0.885758 0.932276 -0.802205 1.071462 -0.194244 -0.377423 -0.729583 0.871898 -0.022957 0.911470 0.097491 -0.109088 -1.602344 0.228930 -2.938510 -0.314846 -1.741517 -1.767289 0.363734 -0.102927 0.534788 0.101905 0.272677 0.087775 0.718330 -0.450078 -2.118933 -0.286699 1.294470 -2.058567 0.732506 0.390232 -1.382538 0.900829 -0.139137 0.527495 -0.763090 0.686831 -1.977849 -0.892895 0.147677 0.267458 0.381217 1.248563 -0.005873 -0.919811 -0.412033 3.556098 1.000000
43 1.976745 0.353283 -0.781183 -0.245308 0.989842 -0.288236 -0.692499 -0.236266 -0.501729 0.423325 0.209326 1.155379 -0.457213 1.261576 -0.390196 -0.180130 0.380609 -1.019127 0.865377 0.516617 -2.041734 2.520866 0.948709 0.564948 0.724352 -0.912547 1.519260 2.214592 -0.593733 -1.010492 -0.343781 0.995462 1.258963 1.106377 0.486916 -0.749459 0.454921 0.922669 -0.395969 -2.041840 0.435954 -0.509040 0.410848 0.353583 -0.189641 -1.393785 0.113501 -0.780437 -1.427306 -0.116069 -1.409457 -1.258053 1.186111 0.060788 -1.293556 0.138316 -0.029871 -1.508327 -0.810977 0.290387 0.917191 0.027836 1.117206 0.077714 -0.908131 -0.081202 -0.178970 -0.206683 0.107986 -0.342014 -0.402284 -0.935394 -0.314493 0.904393 0.332773 -1.495266 -1.555322 -0.732108 0.298468 -0.065231 1.872622 1.000000
44 -1.299833 -0.307343 -1.807381 0.699503 0.693770 -0.227937 0.740421 -0.409969 0.051763 0.467628 -0.203489 0.054000 -0.600557 -0.254152 0.211298 -1.748951 -1.636842 0.309545 0.284891 0.908698 -0.494347 -1.387129 1.162219 0.046882 0.098717 0.048518 0.075167 -1.265764 -0.195189 -0.589604 3.283873 -0.228421 1.466918 -0.679125 0.683358 -0.423891 -0.705442 0.976736 0.363566 0.805366 -0.883610 1.114960 1.027048 1.546444 -0.576585 1.179152 0.136779 -1.161679 0.606419 -0.792154 0.327152 -0.030317 -0.241451 -0.045957 1.542157 0.267761 0.304481 0.199845 1.587484 0.283253 -0.431956 -0.535241 -0.923555 -0.042621 1.067392 1.407589 -1.633508 -0.967274 -1.204780 -1.542605 1.627215 0.510991 -1.084842 -0.268393 0.026305 0.146557 1.035071 0.157709 1.285790 1.025876 0.891707 1.000000
45 -0.716892 -0.605030 -0.129740 -0.125352 2.200822 -0.090604 -0.392330 0.004845 1.536580 0.003734 1.573197 -0.373817 0.011366 1.909308 1.555488 0.782587 -0.118975 -0.520270 0.022482 -1.441074 -0.021558 0.256505 0.940813 0.856254 -0.711109 -0.893789 0.122894 -1.379846 -0.002870 1.067490 -0.156621 0.055464 -1.118715 -0.512074 1.104479 0.034555 -1.406297 0.694646 -0.950990 1.791171 0.488969 0.128580 0.853444 0.443313 0.974467 -0.479998 0.426329 -0.603116 1.360895 -0.662247 -0.072240 -0.639713 1.344988 2.123078 -0.665424 -0.468901 0.167795 0.729330 -0.655578 0.071401 0.026063 -0.773707 1.174538 0.182122 1.435388 0.196380 0.357161 -0.339262 -1.259498 -1.002640 0.985920 -0.342617 0.008133 -0.831349 0.095690 -0.525409 0.233976 0.962478 -0.407195 1.339183 2.632804 1.000000
46 0.532490 -1.014460 1.006716 -0.149834 -1.002624 -0.698054 0.868727 0.181870 0.090582 -0.891432 0.605346 1.338370 -2.196154 -0.355358 0.102762 1.110294 -0.697259 -1.215467 -1.572905 1.688626 -0.481470 0.018746 -0.731880 -0.197910 -0.252013 0.013660 -0.777487 -0.179903 -0.181904 -2.348612 1.252090 0.717593 1.699099 -2.151257 -0.017816 1.250008 0.222836 -0.295786 0.492158 0.384835 -0.400242 -0.014420 1.128112 -1.010702 -0.783534 0.075251 0.963170 -0.796750 -0.317685 -0.942735 1.180504 1.674076 0.256513 -1.127536 -0.000403 0.163898 -1.274392 -1.373640 -0.286351 0.117826 -1.730753 -0.057929 0.231927 0.232208 -0.575464 -0.610927 0.265805 0.533914 -0.613909 -1.277642 0.582237 0.563499 -0.453927 0.565393 -1.796042 -0.937332 -0.890460 -1.357998 -0.542887 -2.348738 10.119544 1.000000
47 -0.835499 1.530215 -2.698070 -0.968647 -0.690097 0.113119 0.173242 1.332804 -1.802095 -0.054681 -0.858274 0.726062 0.530578 -0.586489 -0.364882 -0.352026 1.337747 1.270554 0.722760 -0.526422 0.575205 -0.322829 0.271269 0.717005 1.694671 0.880992 0.762230 -2.448236 -0.897576 -0.446461 0.751512 0.173420 -0.612716 0.672495 -1.481222 0.600273 -0.235420 -0.925859 -0.470468 -0.999264 0.299633 -0.751613 0.030745 0.102064 -0.337834 -0.910116 -1.417611 0.707469 -2.861544 0.179888 0.474996 0.137927 0.689204 -0.430604 -0.284122 -0.289150 -2.225707 -0.675433 0.044558 0.821378 0.080937 0.718279 -1.563827 1.698634 -0.473771 -2.136052 -0.517208 -0.114439 -0.213268 0.996549 0.123748 -1.329768 1.444278 0.246664 0.446394 1.607369 1.096483 -0.395326 0.476869 -1.643619 8.174700 1.000000
48 0.166247 1.030801 -0.580280 0.173823 -0.865800 -1.038729 -0.264579 -0.489247 -1.383271 0.565137 -0.135121 -0.306018 0.527304 1.314831 -1.227314 -0.295792 -0.229945 1.065049 0.642413 0.432618 0.544213 -1.319916 -0.904895 1.384092 -0.734400 -0.346896 1.417394 -0.277761 -0.336359 -0.186420 1.003375 -0.482573 0.801899 -0.460168 1.218078 0.595519 0.371568 -0.096427 0.164435 0.713903 -0.541094 0.004553 0.414006 -0.554494 -0.951004 1.415216 -0.892806 0.134858 -0.154069 2.036790 1.917637 2.175010 0.632790 -0.623487 1.227262 0.856378 2.288166 0.663864 -0.141826 0.779002 1.010614 1.582488 -0.239900 0.770270 1.840776 0.106486 1.560131 -0.241778 1.219833 -0.771374 0.244982 0.462104 0.390314 0.771608 -0.000341 0.199515 -0.419669 -0.872262 -1.058408 0.399829 7.323783 1.000000
49 0.063488 -0.846294 -0.880611 0.251666 0.831520 0.976215 1.111733 0.966294 0.576684 0.117830 0.783467 -0.635225 1.175259 -0.594249 -0.008586 -0.224756 -0.503269 -0.288553 1.632115 3.320520 -1.341475 -1.016803 2.042800 0.202170 -0.640585 -1.228917 -0.884725 0.026076 0.982507 -0.158284 -0.562592 1.540325 -1.035380 -0.920846 -0.103159 0.797648 -0.442654 -0.212073 1.286164 0.454362 0.450245 0.325706 1.280181 0.606630 -1.139132 1.426852 -0.993496 -0.227892 0.612594 1.666679 0.931802 -0.065530 0.853309 1.556175 0.445045 -1.637882 -0.101281 0.077938 -0.427563 -1.611645 -0.504615 0.322229 0.025025 -1.074992 0.686827 0.603770 -0.135865 -1.931548 -0.811411 -0.156793 0.975803 -0.010700 0.123897 -0.859903 1.147203 0.453896 0.800685 -0.793855 -0.177553 1.426011 1.880891 1.000000
50 0.489453 0.780924 1.835334 -1.153380 2.646299 -0.018426 0.479981 1.139072 1.514175 0.493017 1.138771 0.351802 -0.100784 -1.451045 0.433361 0.769802 1.906979 1.053032 -2.254783 -0.302572 0.292447 -0.407006 -0.574830 0.428191 0.083237 0.247905 -0.405306 0.067648 -0.684610 0.649655 -0.229200 0.950065 0.061615 0.789342 -0.704516 -0.088852 0.984819 -0.744498 0.582103 0.713451 1.331002 0.896170 1.027022 0.286892 -1.761214 -0.219479 1.166359 -0.411216 -1.797352 0.945989 -0.140587 -0.868286 0.570528 0.845260 1.516817 -1.177033 -0.884421 -0.491100 -1.084365 0.591629 0.436435 0.429328 -0.507793 0.303121 -0.052826 -0.124478 1.324089 -0.965746 -0.656341 -0.374074 0.109171 0.532041 0.574679 -0.732772 0.569008 -0.025122 1.241134 -0.860931 1.754116 1.467768 0.613615 1.000000
51 0.408151 -0.832559 1.198104 0.933785 -1.349068 -0.905168 1.177922 -0.108689 1.215753 -0.382927 0.344588 0.779352 -0.556362 -0.061261 1.030069 -1.496690 0.046825 1.539295 0.285759 -0.930438 0.596856 -0.028863 -0.152484 -0.386381 -1.580620 -0.510055 0.415657 -0.779354 1.128350 1.050527 0.422339 -1.287915 -1.756254 0.965375 1.757435 0.037216 0.411284 0.551942 -0.861446 -2.136377 0.237586 0.347297 -0.083501 0.939188 1.095838 -0.300122 0.646841 0.689996 -1.357262 -1.199333 0.118162 -1.334597 -0.426690 1.765768 1.712388 0.350661 -0.837966 -0.120447 -0.582025 -1.345676 0.759839 -1.225816 1.601524 -0.884962 0.782389 0.009449 -0.182658 0.890204 -0.415778 0.160337 -1.067273 0.196885 -0.778964 -1.926330 0.460184 0.359949 -0.066210 1.400671 0.135445 0.332928 0.385285 1.000000
52 -0.706606 -1.082877 -0.452255 0.022001 -0.831182 -0.148836 -0.793534 0.769568 -0.150588 0.025485 0.144371 1.602936 0.933693 2.796194 0.091404 1.730861 0.012808 -0.393574 0.383708 -2.306273 -0.616043 -1.506119 -0.099804 0.582324 -0.481102 -0.619152 -0.218181 -1.572146 1.265406 -0.901764 -1.167043 -0.225236 0.074188 -1.010184 2.776073 3.714151 0.733665 -2.763636 0.572290 1.246693 0.210791 0.034994 -0.421622 -1.494108 -0.960823 0.189023 0.496953 -1.540497 -1.540121 2.936877 0.658911 -1.429800 -0.110695 -0.776317 0.437172 0.329737 -0.473957 1.240451 1.783049 -1.570989 -0.305302 0.914013 -1.041534 -0.275161 0.678525 -1.566515 -0.016636 -0.890138 1.864165 1.131513 1.109400 -1.256098 0.436749 -1.146021 -0.016575 -0.041044 0.019178 -0.840243 0.320353 -2.304390 10.663201 1.000000
53 -0.728802 0.756179 0.237469 1.170879 1.114252 -0.047146 0.964760 0.091898 -0.727621 -0.617725 -0.682705 -0.677452 -0.557862 -0.247045 0.489616 -0.047561 1.218106 -0.509903 -1.337428 -1.197663 1.469177 -0.129839 -0.520170 1.846095 -1.585146 1.147425 1.352075 0.006634 -0.742950 0.795085 -1.203396 1.088073 -0.516010 -0.352616 -0.496417 0.372232 0.810896 0.191939 0.382363 -0.359159 0.236061 2.439819 0.730505 2.585946 -0.217431 0.321442 2.150016 -0.618176 -1.165442 -0.815407 2.413366 -2.105595 0.396813 0.647338 -2.230936 -1.487824 0.873559 0.453974 0.203362 -0.018347 1.165557 0.969109 0.571787 -0.854868 -0.849614 1.054733 1.368510 0.762627 0.326454 -1.265605 0.797926 0.265761 0.634982 -1.255195 -0.090858 1.393220 -1.164494 -0.644230 -0.694220 -0.526604 0.175366 1.000000
54 0.434154 -0.196345 -1.154390 -0.848187 -1.206904 1.563319 -0.807008 -0.006662 -0.970566 -1.275469 0.041665 -0.250840 -2.536306 -0.424483 -0.961037 0.229435 -0.347570 0.559912 1.554525 -0.034183 1.630541 0.110424 0.656030 0.696623 1.217800 1.101718 0.378581 -0.340598 0.777924 1.121432 0.068425 0.550787 1.403668 1.772781 -0.961228 1.251618 -0.586688 0.272559 0.705359 0.606444 0.018745 -0.733771 0.115690 0.270265 -0.204000 -0.374399 -1.396686 -1.079012 0.974735 0.130245 1.397878 0.248896 0.013902 -1.238713 0.598467 1.260950 -0.101954 -1.728490 -0.112878 -0.811254 0.843494 -0.459233 -0.059026 0.174792 -0.859552 -0.271237 0.280905 -0.445074 -0.741291 0.964249 0.372723 0.173994 0.479198 1.584930 -0.963349 1.496120 -0.432139 0.563089 0.066178 -1.244723 3.844101 1.000000
55 1.709988 -0.858476 2.862059 0.343393 -0.498643 0.173863 1.302548 1.598728 -1.032497 -0.140836 1.305708 -0.330810 -1.350130 -1.035701 0.084220 -0.496821 -0.711100 0.701703 0.981163 -0.968702 0.768341 1.052858 -1.199429 0.073982 0.662353 -0.021267 -1.318353 -1.732528 0.204455 0.845726 1.423991 -0.291380 0.677377 -0.998965 0.330157 -0.744377 -0.355414 1.745058 -0.040944 -0.082125 -1.310294 -0.878124 -0.357668 -0.316204 1.120720 -0.784689 -0.796094 -0.284824 -0.913867 0.498333 1.908182 0.478963 0.042977 -1.044486 0.213038 -1.160863 0.214421 -0.838845 -0.754998 -0.335293 -0.197084 0.516561 0.809096 -0.593593 0.806595 0.363929 0.565805 0.725259 0.413072 -0.042376 -1.458017 -0.665654 0.014503 -0.229848 -1.004569 1.703427 1.631129 -1.035914 -0.139487 -0.123813 2.357553 1.000000
56 -0.570495 0.766776 -0.157557 -0.796817 -0.385949 -1.157847 0.694118 -0.851111 -1.390474 0.945842 1.106473 1.405368 -0.353966 1.971523 1.403846 0.907225 1.270332 -0.585391 0.934076 -0.415066 0.359011 0.564737 1.758164 -0.789356 -1.490719 -1.840177 1.030506 -0.304714 1.217084 0.008903 1.290803 -1.425271 1.592686 -0.856218 0.323589 0.324171 0.477499 0.845747 0.999228 -0.993452 -0.508895 -0.534665 -0.146511 -1.377678 0.873711 0.910747 1.202494 0.119042 1.738942 -0.045899 2.043741 -1.599051 -0.623672 0.983858 -0.954463 2.165347 0.795603 2.507463 -0.335091 1.018224 -0.345762 0.561744 0.931139 1.118563 -0.507927 -0.428649 -0.179914 -1.729967 -0.791189 2.006283 0.024129 0.241379 0.759389 -1.271724 0.333993 0.884489 1.151752 0.294190 -3.030688 -1.126509 1.252076 1.000000
57 -0.394555 -2.006056 -1.436551 -1.437652 0.433943 -0.728404 0.681350 1.114076 0.023103 -1.805896 -0.184379 0.166905 -0.138308 -1.075515 -0.713401 -0.072030 -0.125933 0.061465 -0.693368 0.343325 0.546554 0.080505 -0.009566 0.911591 1.101163 -1.036418 -0.525815 1.098855 -1.277217 0.383972 -0.522757 0.081765 1.015583 0.156732 -0.083388 -0.708685 0.733094 -2.329845 1.054394 -1.607792 0.327484 -0.712268 0.505869 -0.111132 -0.541445 -0.230745 0.616805 1.220026 0.949929 -1.644685 0.289560 2.028675 -1.288911 -0.272040 -0.254670 -0.440622 -1.379103 0.166221 -0.641223 -0.256531 -1.455893 -0.058255 0.524676 0.390050 0.677815 -1.024485 -1.360031 0.308885 -1.057070 0.282697 -0.434263 0.623972 0.690251 2.136419 -0.470960 2.176352 -1.386705 1.102959 -0.704295 -1.059023 0.502580 1.000000
58 0.112286 0.108068 0.780147 -1.023852 0.602926 -0.782922 0.883958 -2.006640 -2.457435 -1.437489 0.805490 1.480790 -0.250949 1.601129 -1.050279 -0.219340 -1.211203 1.554539 -0.130745 -0.758504 0.291260 0.631513 0.151737 -0.427337 0.175335 0.549435 -1.800527 0.871650 -1.392714 1.893500 0.834074 -0.494618 0.476356 -1.022521 -1.114608 0.707002 0.344551 -1.780375 1.099086 -1.020937 -0.965929 0.312656 1.693662 1.645399 -0.317025 -0.845762 -0.308636 -0.057916 -0.265850 1.052100 -1.020079 -0.047819 -1.625873 0.271654 0.301191 -0.125925 -0.810405 0.239161 -0.477059 -0.956935 0.542096 -0.591655 -0.840287 -0.919523 -0.240188 -0.688326 0.701015 1.105971 1.526543 0.884496 0.730620 1.276972 0.127207 -1.076450 0.330586 2.337613 -0.931862 -1.578469 -1.909307 0.868036 1.225164 1.000000
59 -0.175198 0.227219 0.729084 0.532796 0.280390 -0.899539 0.459978 0.063324 0.426195 -0.660679 0.628178 1.032606 0.166871 1.567344 -0.307334 -0.217634 -2.221352 -0.570898 0.436243 -0.680731 0.921482 -0.007744 -1.925379 0.664960 -0.018894 2.991055 0.114717 -0.780620 -0.068855 0.354476 0.764762 -1.546217 0.468986 -1.156014 -0.490971 -0.600782 -0.051965 1.524974 0.357296 0.438493 -0.846099 0.329318 0.279805 0.064901 0.825107 -0.232253 0.376644 -2.816944 -1.123134 -1.368622 -1.396836 -0.724747 2.108648 -1.754479 -0.124442 0.523741 0.098336 -0.407421 1.098568 0.382978 0.350830 1.629855 -0.312714 0.605396 1.247702 -1.272966 -0.360995 -0.528506 -0.363745 1.229795 0.813695 -0.248761 -0.397497 -1.110818 0.447727 1.719104 -0.755348 0.138817 0.466672 0.424222 5.023696 1.000000
60 -0.414817 -0.377921 1.181722 -1.135187 -0.126889 -0.749818 -0.467098 -0.738348 1.299677 0.538935 -0.905179 0.328184 -0.501169 -1.350743 1.196374 1.673500 -1.077968 1.497796 -0.772315 -0.747076 -0.188935 1.669062 -0.507002 0.910770 1.667931 0.918898 -1.170369 0.459840 -1.758484 -0.239000 -0.467731 -0.548302 -0.080105 0.664785 -1.965401 -1.578244 -1.392882 1.438241 -0.070617 0.442326 -0.335682 -0.615695 0.360653 0.109909 0.661747 0.503400 -0.876968 -1.592735 0.900833 1.200188 -0.261095 0.035559 0.074947 0.797528 0.878286 -0.652545 0.006515 -1.130027 -0.251583 -0.476320 0.723068 0.952382 -1.377307 0.325844 -0.571234 0.918381 0.639766 -2.196196 0.612404 0.868399 -0.952347 0.818555 0.011163 -0.649704 -1.106895 1.080856 -0.560153 0.005020 0.780420 -1.105541 1.538187 1.000000
61 -1.805229 -2.624670 -1.507839 0.899611 0.528390 -0.081484 -0.657713 0.620592 0.501781 -0.005649 0.295866 0.613224 -0.759391 0.836830 0.870048 -0.544979 -0.312866 -1.952543 2.469729 -0.825123 0.461932 0.296142 0.837883 0.592768 1.702961 0.414320 0.995212 -1.364905 1.152768 -1.071432 -0.212650 -0.497274 -0.713150 1.005198 -0.078739 -0.986998 1.327862 -0.310882 -1.254319 0.660103 1.233607 -1.823841 0.317858 0.148192 1.171488 0.379462 -0.443274 -1.291394 -0.530472 0.725900 -0.218232 -0.585010 -0.708938 -0.819908 0.115807 1.736600 -0.753138 -1.470962 -0.709454 -0.973475 0.485766 -0.553824 -0.582332 0.518939 0.302491 0.429362 -1.173779 -0.233733 -0.165231 0.676947 0.872958 0.090748 -0.315645 0.407405 -1.888709 0.206257 -1.696137 -1.663884 -1.703507 -0.532814 2.726727 1.000000
62 -0.918561 0.119048 -0.455584 -2.752678 0.215700 -0.135525 0.745466 0.804417 0.742113 -0.609519 0.457079 1.144554 -0.146634 0.100239 -0.207228 -0.497186 0.875568 0.628351 0.586087 1.351934 -1.073630 1.647210 -1.146913 -1.048921 -0.067086 -1.782205 -0.040906 0.400722 -0.422086 1.274025 -0.959282 -0.804207 -0.733674 -0.375057 0.226813 0.231879 0.639899 0.640894 -1.261767 0.991865 0.454616 0.109121 1.370045 -0.576751 -0.228185 -0.831994 -0.554849 -0.335696 0.445716 -0.474623 1.451043 0.041177 -1.745331 0.355500 -0.921678 1.010180 -0.263393 0.579042 -0.658244 1.442464 -1.323631 0.176799 0.228115 0.981961 -0.059438 -0.383138 0.671646 0.391337 0.095120 0.400576 -0.418989 -0.055079 -0.721360 1.225309 1.423424 1.655812 1.166549 0.440007 0.337814 1.196764 0.314977 1.000000
63 -0.068050 -0.196645 -0.763472 -0.235433 -0.626143 -0.824183 -0.595220 0.280107 0.344807 0.717239 -0.840148 -0.467177 0.734875 1.536165 0.027284 -0.169381 1.342702 0.827307 1.083044 0.907546 -0.506784 -0.854697 0.961362 -1.215177 -0.709796 -0.861198 -1.041517 -0.373573 1.012248 0.000541 0.316789 0.728180 -2.220102 1.294990 -0.043089 -0.150732 0.112151 -1.408407 0.517935 0.165109 0.902321 0.815332 2.430419 -0.667389 -1.083169 1.139000 -0.320992 -1.102278 0.448388 0.193119 -0.176507 -2.018924 0.894796 -0.202029 -0.249225 1.210695 -0.532100 1.565906 -1.486919 -0.339585 1.704258 0.679077 1.807055 -0.278097 0.178449 -0.118442 1.133812 1.873621 -1.646760 0.956259 0.371353 -2.648866 0.283273 -0.874523 -2.476742 -1.270887 -0.339704 -1.731189 -0.853567 1.572525 4.516152 1.000000
64 -0.348862 -1.962126 -1.632607 0.486963 -1.233879 0.008839 -0.056086 -1.136550 -0.922193 -1.080018 -0.336636 -0.549457 0.432669 0.666586 -0.729897 -0.277133 -1.899558 2.123152 -1.653393 -0.045112 -2.068004 1.238553 1.464064 0.219366 -0.880502 -1.625137 -0.076735 -1.088644 0.191368 1.533290 -0.662058 -3.109633 0.883476 1.124418 -0.731751 0.601121 -0.016743 0.263632 -0.058302 -0.322911 0.299264 -0.556135 -0.391061 -0.406222 0.856741 0.496845 0.023593 -0.271044 -0.115386 -0.090256 0.241843 2.165163 0.551985 -1.182422 -0.012150 -0.975782 -1.812667 -1.612572 1.316327 0.063574 0.482108 2.213030 -0.362397 -0.997986 0.687047 0.600451 0.517135 -1.051138 1.609336 -0.165377 0.179146 0.801712 -0.566185 0.315953 -0.184186 -0.516746 0.650504 -0.449731 1.221584 0.698820 1.738858 1.000000
65 -1.233815 -0.706077 -0.484601 -0.040006 0.589291 -1.913484 1.393432 -0.310325 0.498277 0.210972 -0.868153 -0.061818 -1.182730 2.020594 0.128507 -3.082558 -1.418537 0.147398 0.941304 0.767666 -0.628659 -0.144425 -0.000338 -0.887460 1.317861 -0.852875 -0.846900 -1.131370 2.027629 -0.435121 -0.326351 1.008666 -0.688204 1.635895 -0.754093 -0.313207 2.022230 -1.456587 -1.767769 -0.767782 2.431885 0.689779 1.287990 0.372760 -0.241090 -0.090980 2.179714 0.316907 0.835658 -0.046802 0.449265 0.398749 2.048553 0.732825 -1.386557 -0.780955 0.346542 0.537004 0.822258 0.173901 -0.496812 -1.637366 2.185171 1.174149 -1.227570 -0.219680 -0.406534 -0.409855 0.484802 -1.137646 0.830144 -0.142219 0.705084 -1.747074 -0.452168 1.694488 0.995864 1.138695 0.272892 -0.557414 4.720662 1.000000
66 0.018866 0.395023 1.295230 0.323868 0.867529 -0.274328 -0.495185 1.872854 -0.283368 0.331994 0.510350 0.733781 -0.405342 -0.444890 -1.084982 1.020618 0.120655 1.103276 1.084298 0.421728 -1.223538 -0.313552 -0.383484 1.019646 -0.396659 3.192749 -0.264216 -0.134171 -0.762544 0.624282 0.886677 -2.125865 1.972280 0.274791 -0.984572 -0.081514 -0.008872 -0.805205 -0.609104 0.158084 0.893945 -0.919385 0.409324 2.329548 -0.760364 1.792303 -0.112563 -1.128751 0.447895 1.800837 0.650287 2.292613 -0.153618 -1.738056 -0.234101 1.171117 0.085250 0.351979 -0.502585 0.542978 -0.587272 0.111442 1.495166 0.851338 -1.743787 1.163196 -0.488222 0.793865 0.614344 0.625182 0.840334 -0.942071 -0.863125 -0.457737 0.961086 0.489273 -0.245250 1.309126 -0.222075 -0.189835 3.233537 1.000000
67 0.007158 -0.715600 -0.434610 -0.799461 -1.438541 -0.688413 -1.638192 1.202242 -1.337206 -1.030241 0.701883 -0.414861 -2.624375 0.457136 -0.210331 -0.037851 1.203361 -0.965640 1.347395 1.905666 -0.425751 -1.054093 -0.585686 1.068012 2.203938 1.184523 -0.746283 -1.506959 1.135799 0.538824 -0.217008 -0.029320 -0.629756 0.431077 0.221058 0.559795 -0.262650 0.054388 -0.833548 0.705181 -1.026587 0.252124 -0.101886 0.341003 0.522150 0.759241 -0.031569 -0.102077 -0.566145 0.130683 1.300664 0.848538 -1.303791 0.389390 -1.057587 -0.737725 1.118306 0.494492 0.437002 1.349853 0.122542 0.839477 -1.116032 0.088654 -0.119073 -1.539392 0.393302 1.118458 -1.451785 0.682398 -1.209268 0.180850 1.142305 -1.071255 -0.113778 0.584216 0.565573 0.610308 0.143065 0.857269 0.994689 1.000000
68 0.780411 -0.563880 0.137334 -0.039375 -0.744140 -0.046170 -1.301150 -1.981936 -0.303222 0.512098 -0.068356 -0.347077 -0.351588 0.361016 -0.763635 -0.645156 0.793824 0.185927 -0.672422 0.994957 -1.271714 0.482455 2.183943 0.410916 1.898935 0.349383 -2.916535 -1.913094 1.956918 -0.329886 0.153283 -1.016116 -0.029700 1.111525 0.718358 0.876247 0.677088 2.342880 -0.612311 0.923533 -0.003763 1.529171 0.302697 -0.829731 -0.601350 -0.019795 0.828714 -0.426832 0.597301 -1.012695 0.543483 -1.975554 0.354743 1.079275 -2.276850 -0.397047 0.984030 -0.998229 -0.711677 0.128389 -0.670469 1.205260 -0.300842 -3.202011 -0.403149 -1.260844 -0.345691 0.555601 -0.240463 -2.119308 -0.454235 1.655061 -0.134369 -1.681492 -0.694668 -1.549650 -1.758264 -1.175724 -1.336980 -1.050984 12.684553 1.000000
69 2.240668 1.888867 -0.091736 1.226711 0.046081 2.096042 1.614303 2.343827 0.523472 -1.002312 -0.091055 0.933123 -0.282466 0.242049 -0.725304 -0.991705 0.324350 0.922194 0.055782 0.819866 -0.269761 -0.043375 -1.594259 -1.369503 0.294086 -0.511302 -0.868576 0.921770 1.326290 0.450843 -0.914707 -1.474907 -1.716263 0.315950 -1.523782 -2.046626 1.332156 -0.698203 0.243689 1.132433 0.941888 -1.811516 0.904917 -0.445517 0.701122 0.194192 -0.369213 -0.794634 0.539906 1.512085 -0.647140 -2.114718 0.966938 -1.072967 -0.472052 -0.620263 -0.613839 -1.373951 1.103594 -1.142384 -0.347190 0.918238 -1.007038 -1.345897 0.000022 0.200007 -0.015178 -0.896492 -1.998460 -0.490297 -1.247065 -0.916312 -0.117306 -0.121805 -1.028216 0.419204 0.712372 -0.773370 0.532064 -0.804707 2.241086 1.000000
70 -1.362764 -0.357950 -2.120250 0.245164 -1.472913 -0.249056 0.243632 -0.358373 -0.004251 0.054840 -0.197600 1.638135 -0.152799 -0.123981 -0.455782 0.589498 -0.540827 -0.354331 0.477016 -0.777013 0.939486 -0.119128 -1.253620 0.522760 -0.442243 1.667804 0.411328 -0.633281 -2.373780 -0.731504 0.600036 0.383621 -0.175956 -1.192477 -0.529489 1.956331 0.148729 1.547003 -0.067245 1.406734 1.661705 -0.705593 0.334443 1.382113 1.592340 0.109709 -0.273505 1.125042 0.168043 1.027680 -0.042224 -1.158863 -0.830981 0.396342 -1.532012 0.040601 -0.151941 0.401004 0.770760 0.015162 0.096426 0.107442 0.748434 -0.429576 0.188285 -1.197420 0.563680 -0.322226 0.875411 0.813330 0.454500 0.544467 -1.767431 -0.879560 -1.207394 -0.231997 1.081722 -0.839788 0.591243 0.555983 9.841454 1.000000
71 -0.618475 -0.281156 0.817158 -0.912838 0.363251 0.897549 -2.157081 -0.219475 -0.443056 -0.981445 -0.023016 1.291718 1.189239 1.022712 -0.366027 0.634882 0.036992 0.990581 -0.895990 1.302042 1.670841 -0.349585 0.061803 0.273741 -0.999144 0.452111 -0.253184 -0.336550 -0.816444 0.126203 -0.845465 1.871213 -0.526071 -0.659973 0.251722 -1.387243 0.636400 -0.940339 -0.463238 1.125974 -1.864290 -0.139168 -1.398140 1.481853 0.029503 -0.594059 -1.078312 -2.210336 0.987164 1.637328 0.716853 1.185040 -0.950827 0.358744 0.786213 1.543200 0.732686 -0.422665 -2.146432 -0.963641 0.546736 0.721514 -0.088532 0.180105 -0.002117 0.711426 1.411534 0.117592 -1.119056 0.173709 -0.090827 0.843996 0.205285 1.385816 1.918448 -0.822617 0.101406 -0.293204 -1.210028 -1.067609 6.796421 1.000000
72 -1.068943 -1.444514 0.030997 -0.621372 0.548935 0.658398 1.159657 -0.775199 -0.736785 -1.466313 0.607353 -1.684123 0.659041 -1.177274 0.431740 -1.508495 -0.203025 0.114089 -0.015503 -0.586836 -1.519484 -0.126308 0.339274 0.628548 0.804170 -1.905271 0.066031 0.720001 0.475631 0.413976 -0.008107 -0.424192 0.964894 -0.126635 1.820328 0.280742 0.078843 0.124609 -0.250093 1.132497 -0.265774 0.380920 -0.874252 -0.118311 -0.223613 0.566480 0.143892 -0.101343 0.599500 0.032068 -2.869292 -1.890786 0.922967 -0.097459 -1.703214 1.729486 -2.711137 -0.769564 -0.034522 -1.403898 -2.118465 -0.079099 0.255724 1.133377 0.341698 -0.883540 -0.337810 -0.672808 0.856057 -1.408730 -0.127652 -0.072459 0.213733 -0.119337 -0.585518 0.640166 2.201427 0.927555 1.044254 -0.207587 1.886561 1.000000
73 -0.319087 -0.860815 1.599637 0.820002 -1.117949 0.870177 -0.736972 0.353747 -1.240887 -1.025275 -1.169904 -0.253166 -0.371082 1.394545 -1.163096 1.346285 -2.184224 0.846546 -0.254793 -0.867808 -0.261644 0.368577 0.782845 0.573912 0.041407 -0.102867 -0.653647 1.146571 -0.391337 0.860037 0.530605 -1.076587 -0.528794 0.083582 1.445184 1.639660 -1.368431 -0.802487 1.427338 -1.091657 -1.594146 0.042890 -1.282234 0.374701 0.916037 0.889513 -2.008664 -0.404971 -0.274925 1.762860 0.986224 -0.730224 1.251763 1.164803 0.459131 -1.958610 1.413479 -1.335918 0.521965 0.188442 -0.035234 -0.280527 -0.736306 -0.401379 0.739504 0.086132 1.581414 0.601354 0.526119 0.246182 0.972978 0.816420 -0.049852 -1.078989 -0.897390 1.897611 0.962634 0.711397 -0.211221 1.928740 5.751673 1.000000
74 -1.072742 -1.637470 -0.556205 1.497100 -0.449747 -1.009268 -2.345966 -0.911863 -0.752313 -0.410208 -0.711340 0.519130 -0.114154 1.295946 -0.357519 -1.192393 -0.474807 -1.170993 2.263265 -0.008267 0.366417 -0.734106 -0.487071 0.113812 0.733763 -1.989670 0.548501 0.623186 -0.868285 -0.408468 -1.310394 -0.516312 1.660914 0.417413 -0.356968 0.979775 0.397151 -0.320077 -0.264337 -0.550136 0.401835 0.261583 0.284834 -0.950910 1.116272 1.566925 1.671787 -0.009075 -0.218568 0.104007 0.110279 -0.224970 -0.247294 0.247449 -1.192609 1.550989 -0.532884 1.657216 -0.410872 -0.259071 0.101211 0.214566 -0.516720 -0.040798 -0.368107 -0.514499 0.626867 -0.788326 -0.819610 -0.506600 -0.621688 0.547712 -0.279454 0.664744 0.133122 1.935715 -0.648019 0.509658 -1.209951 0.149361 5.468110 1.000000
75 -1.362050 -0.532602 -1.836422 1.722353 -0.457306 -0.697483 0.520640 0.383550 0.560089 0.254517 -1.131191 0.254088 0.615775 -0.037566 0.544430 0.642869 -2.483528 -0.363990 1.047535 0.824965 0.760687 -0.596485 0.141783 0.034774 -0.746330 0.225717 2.191412 0.213516 -1.185956 -0.517535 0.666188 0.597421 1.440645 -0.034146 1.427890 -1.096327 1.123039 -0.632454 -0.556229 -0.135057 0.479863 1.076743 1.000479 -1.671573 -0.678878 0.642742 0.132103 -1.708402 -0.810073 0.513230 -0.402808 -1.530681 0.519554 -0.620108 0.713094 -0.190384 -0.945576 -0.152728 -0.884157 -0.117177 -0.060390 -1.187284 0.238327 -1.689113 -0.417164 1.715720 -0.382782 1.286501 1.245741 -0.729291 -0.131416 1.026902 1.713031 0.492591 -0.845423 0.884671 0.765374 -2.283733 0.282607 0.140893 5.437240 1.000000
76 0.403591 0.756503 1.305298 -0.080376 -2.351517 -0.643958 -0.443048 1.302868 0.024605 2.499151 -0.388126 -0.654582 0.322532 -1.889042 -0.551150 0.507881 -0.315241 -0.701312 -1.313822 0.567182 0.260123 -1.472510 -0.445381 0.288980 -0.415005 0.121998 -0.539946 -0.004018 -0.214604 1.285913 -0.097421 -0.666501 -0.754957 -0.548490 -0.433868 -0.631329 -0.157722 0.586327 -0.576743 1.623996 1.195218 0.119222 1.119610 1.136754 1.468318 -2.251855 -1.856860 0.935431 -0.230539 0.495258 -1.083227 -0.087196 -1.156243 0.401125 0.116679 1.369631 2.035286 -1.916619 -2.889834 0.311687 1.195461 0.144990 1.189312 0.680710 0.325053 -1.279469 0.974829 -0.665240 -1.287046 1.075603 -0.699156 0.758458 -0.603398 -0.352306 -0.222973 1.456906 0.006700 -1.076768 0.108066 0.355918 0.047738 1.000000
77 -0.007163 1.244571 -1.589536 0.061288 1.146977 -1.394962 -0.904863 -0.585050 -0.185931 0.643967 0.204216 -0.973718 1.139654 0.621007 2.540814 1.624142 -0.569457 -0.675337 -1.713613 1.998256 1.002543 0.023017 -1.393442 0.827316 0.337519 -1.201820 0.887689 -0.005574 0.212053 -2.960573 0.758484 -0.577183 0.379805 1.726772 -1.023282 0.295132 0.076563 0.838982 -0.188282 1.238455 -0.158900 -1.048574 -1.126940 -0.209611 0.681314 0.040635 0.389820 0.323157 0.295622 -0.214764 0.378605 -0.384647 -0.114304 1.150294 0.559668 -1.308659 0.863479 -2.851194 2.541015 -0.501079 0.903672 -0.164064 -1.006965 -0.330474 -0.552485 0.748347 2.125841 -0.909888 -1.780719 0.341605 1.310644 -0.171723 -0.337844 0.778989 0.274139 -0.102731 0.011222 0.393423 1.627664 0.685443 0.279043 1.000000
78 0.471238 -0.385274 -1.404323 -0.373882 0.176825 1.058224 -1.255441 0.068924 -0.968928 -0.071654 -1.284010 0.776906 -0.157516 -0.040424 0.145945 0.690507 0.240497 -1.883835 -0.331417 -2.594995 1.120145 -1.980545 -1.108210 1.325419 0.726575 0.823616 -1.562887 -1.335255 0.606516 0.845452 1.117595 0.252490 0.126225 0.056787 1.525728 -1.755171 -0.435801 0.746917 0.408702 -0.880130 1.899417 0.715463 -0.298988 -2.507627 1.239779 1.206811 -0.613351 0.396757 -0.200117 0.396415 0.578828 0.929340 -1.319066 0.933010 1.408122 1.543829 0.539461 -0.390556 0.161443 -0.600071 0.233741 -1.466309 -0.736218 -0.743081 -0.336462 -0.172578 0.074250 -0.422270 -0.786928 -0.380271 0.108393 -0.657799 -0.203459 -0.465751 -0.941211 3.232774 2.082824 -0.660920 -1.727853 0.508694 2.997768 1.000000
79 0.953607 -0.798864 -0.061712 -0.568572 0.250412 1.920243 1.146585 2.124069 -0.702146 0.945077 0.662605 0.000323 0.353740 -0.356954 -1.176868 -0.597295 0.967391 0.814209 1.440655 1.566465 0.398635 0.388266 0.981158 -1.920871 -1.041059 -0.756420 0.185826 1.262760 0.399546 -2.001599 0.823230 0.908590 -1.648432 2.007613 2.096898 -0.517676 -0.229249 -0.505503 0.593765 -0.705524 0.708461 0.967558 0.442759 0.016515 0.412807 0.347713 -1.550173 -0.426987 0.214755 0.025329 -0.256424 -0.697000 0.536419 1.271292 -0.738842 -0.027202 -0.589747 -0.046781 -1.174255 -0.698947 0.836869 -1.743700 -0.336966 1.192651 -0.053081 0.153459 -0.285716 1.430790 -0.226222 0.087461 1.558768 -0.650502 -1.379086 0.893037 -0.117099 -1.477060 -0.407890 0.055014 -1.379853 -0.118027 3.816672 1.000000
80 0.263240 -1.267873 0.415088 -2.114899 -0.437003 0.421232 -0.039101 0.752603 2.168498 0.152442 -0.806488 -0.371811 1.007310 -0.461124 1.295284 1.750266 1.313442 -1.581569 0.451859 -0.440722 0.256377 0.356465 -0.015917 0.642299 -2.522576 0.070010 0.562100 1.143103 -0.140271 0.416261 -0.460064 0.075037 -0.760768 1.452588 -0.171718 -0.436238 -2.226449 0.525290 0.033782 -1.648943 1.068001 0.667137 -0.122122 0.864509 -0.335629 0.415378 0.370460 0.424090 -0.454733 -0.451241 -1.223838 -0.860834 -0.661512 -0.776047 -0.740892 -0.552660 -0.644718 -1.034302 -0.825957 0.103028 1.296208 0.255216 0.458239 -0.075679 0.865832 -0.679523 -0.880804 -1.643573 0.351425 0.252259 0.897780 -0.627668 0.382959 2.046406 0.322998 1.143688 0.906921 0.157274 0.722667 -0.682554 1.293502 1.000000
81 0.266540 0.598517 0.603380 0.821920 0.526456 0.624099 -0.323646 0.478950 0.056924 -0.191873 0.611515 0.949198 -0.070074 -0.057610 0.893045 -1.363889 0.467720 0.455890 0.603022 -1.011516 1.289129 0.180938 0.044005 -0.730279 1.213026 0.916069 -0.361189 0.907693 -0.382127 -1.276834 0.592020 0.708377 -1.014863 -2.112107 0.153862 -0.747770 0.327121 0.391765 1.369359 0.272203 -0.606403 -1.051715 -0.559736 -0.011303 -1.269452 0.325871 -0.675166 -0.142495 -1.415374 -0.817616 -0.206971 0.917483 -1.625038 -1.190264 0.618363 2.216739 -0.234937 1.249808 -0.938696 0.422052 0.188728 -0.550174 -0.326080 2.166063 -1.317593 -0.261686 -1.341780 0.067100 -0.572376 -0.466676 0.669050 0.594927 -0.809135 -1.332387 -0.463383 -0.029603 -0.930830 0.817605 -1.624922 -0.448006 0.397913 1.000000
82 -0.994887 1.095534 0.400080 0.135634 -0.654850 1.265780 0.694574 -0.431456 1.189857 -0.486404 -0.265712 -1.296086 0.724059 0.634013 -0.182501 -0.632242 1.012147 1.303772 -1.837173 -0.112528 1.539094 -0.594050 -0.132991 1.666705 -0.594393 2.924691 1.048724 -0.332075 -0.883627 3.070422 -0.102248 -1.084902 -1.010446 1.557899 1.912057 -0.527210 0.135401 -0.648413 0.076428 -0.237910 -0.907266 -0.709760 -1.958522 -0.670094 -0.540964 0.530194 -1.643484 1.694014 1.017401 -2.092432 1.225915 1.621243 -0.722302 -0.905756 -0.063911 1.508072 -0.165364 0.517473 0.355392 2.482022 0.971429 0.509487 -0.343855 -0.292703 0.177511 1.280117 -0.128948 1.635570 0.967091 0.035124 0.322777 1.246601 0.000487 1.154466 1.067990 -0.698826 -1.607033 1.500301 -1.148054 2.129285 2.941984 1.000000
83 1.849740 1.096013 -0.436128 0.564947 0.256845 -0.046373 1.731855 -0.459730 1.367866 -1.175333 -0.173212 0.520296 1.447932 -0.313743 0.215499 -1.203702 -0.134230 -0.443966 0.852812 1.160428 0.528160 -0.224526 -1.274080 0.126585 -0.294794 -0.634635 -0.435156 0.161068 0.721727 -0.477752 -0.669476 0.459343 -1.625575 -0.681465 1.878559 0.317889 -2.195803 0.966909 1.061880 1.109721 -0.487063 0.279101 -1.928445 -1.147205 1.469181 0.394129 1.306059 0.010298 -0.084212 1.286417 -0.663505 1.226054 1.894234 -0.507552 0.542207 0.087046 0.599071 -0.307361 1.020280 1.404737 -0.188856 -1.111642 2.215840 0.439520 0.768109 0.587271 0.514845 -0.285104 -0.275157 -0.710218 1.838617 -0.220156 -0.783220 -0.134205 -0.667608 2.050737 1.595339 -0.506181 -0.174353 -1.355808 17.470021 1.000000
84 -0.981430 0.542600 -1.215435 1.411742 -1.022113 0.857976 -1.423626 -0.080145 -1.346157 -1.234087 1.242981 -0.083334 0.205149 -0.309750 -0.196973 0.135586 -0.573835 -1.323560 0.591076 -0.061801 1.021143 1.992129 -1.014571 0.610272 -0.995127 -0.519232 -1.151924 -1.669650 2.172704 1.234304 -0.304786 -1.190050 0.727125 0.975119 1.123665 0.315709 0.043312 0.050462 -0.449044 1.403004 0.730992 0.676906 -0.542015 0.021033 -0.503006 -0.712016 1.822131 -0.616972 0.782725 0.178579 0.058372 -2.683643 0.022727 1.656102 -1.261479 0.401502 -0.512824 -0.287880 -1.111310 -1.567474 0.184439 0.297264 -1.147048 0.647451 0.165064 -1.034329 0.027395 1.299758 1.015439 -0.185195 -1.270526 0.463217 -0.755401 0.315949 -0.069637 -0.527128 0.479123 -1.753796 0.027568 -1.472217 5.138350 1.000000
85 -0.038422 0.211448 1.238143 2.263595 2.177109 -1.980536 0.529887 1.002207 0.968485 -0.808044 1.612484 -0.997404 0.501060 -0.230566 1.542651 2.463829 0.148514 -0.505340 -0.438798 -1.486705 -0.262418 -0.322466 -0.630370 0.997505 -0.991323 0.793292 -0.144950 -1.332637 1.085143 -0.542122 -1.848561 -0.727285 0.067995 -0.844566 -1.148844 0.748776 -2.233438 -0.290731 0.546198 1.172918 1.594692 -0.711189 0.984680 0.998222 0.235840 -1.857487 0.615808 0.716874 1.605931 -0.837810 -0.894671 -0.234938 0.468414 -0.272991 1.578250 -0.464155 -0.010092 -0.426599 -0.136260 -0.300956 0.443205 -0.693235 -0.196660 -0.478363 0.314750 -0.101570 -0.730213 1.805615 0.259041 0.351129 -0.319769 -0.265758 0.797148 0.203674 0.020550 0.831527 -0.335362 -0.494927 2.071522 1.204403 3.632933 1.000000
86 -0.468711 0.983344 -0.934538 1.322373 -1.354752 1.770348 0.071403 -0.570821 0.457468 0.561868 1.456316 -0.388009 0.170532 -0.885417 2.364413 -1.878845 -1.739713 0.208748 0.005135 -0.422399 -0.151666 -1.373842 -0.553710 0.922948 1.895475 -0.330357 -1.556544 0.143393 0.434226 -0.295000 1.102498 -0.304019 -0.561936 -0.269484 0.818791 0.562485 -1.037079 1.587171 -0.130709 0.207284 -0.689673 -1.474419 0.609023 -0.592507 0.051416 -0.032410 0.845060 1.159927 0.241734 -0.010059 0.428025 -1.119744 -0.711723 3.655917 0.162619 0.642737 -0.191781 0.434511 -0.645996 1.750735 -0.275657 -0.361362 -0.580111 1.193872 0.135602 -0.512562 -2.193222 -0.289087 1.379596 1.108387 1.221437 1.102292 1.031736 1.485143 0.707391 -0.774010 0.113918 -0.613811 0.291126 -0.090684 0.934025 1.000000
87 -2.257961 -2.560981 0.258093 -0.964971 -0.522575 1.698951 -1.131065 0.904280 0.191230 0.046555 -0.305493 1.318829 0.289863 -0.745990 -0.849659 -0.536376 -1.224382 1.191067 -0.927282 1.069521 -1.868602 0.158323 -0.820936 0.927924 -0.471466 0.102810 -0.270725 0.443054 -0.847588 0.994844 -0.045199 -0.597688 0.060188 -0.809484 1.627097 -0.604920 -1.643367 -0.926875 -1.689828 0.094270 0.346786 0.910102 1.358466 -0.242835 0.809425 0.748958 0.687968 -0.004878 1.685411 0.526873 -0.389443 -1.007120 0.054469 1.223185 0.476811 1.377872 -0.290878 -0.358554 0.372669 -0.915241 1.392704 0.707984 -0.664048 -0.931022 -0.399605 -0.823074 -0.850311 0.279937 -0.650645 -0.191563 -0.488567 -0.787898 1.247640 0.424909 -0.539842 0.036517 -0.068038 -1.964605 -0.718114 -0.602739 6.410436 1.000000
88 -0.071740 -0.067342 -0.099672 -0.989326 -1.803490 1.539676 -0.099938 -0.078111 0.506642 0.507051 -0.800523 -0.712176 1.137503 -0.315552 -0.455513 1.533746 -1.132515 0.866339 0.189368 -0.587037 0.170243 -0.190591 1.439502 -1.496997 0.848607 2.214536 -0.683986 0.570290 -0.707469 1.125889 1.911392 -0.326091 -0.488567 -0.559370 0.069719 -0.964361 -0.190005 -0.096465 -1.447248 -0.728780 0.593150 -1.178406 -0.197031 -0.435104 -0.160450 -0.315568 -1.603577 0.066171 0.927398 -1.495791 0.546988 -3.358963 1.425353 -1.037445 0.290135 1.932911 -0.443574 0.491247 0.627947 -1.887798 0.713424 -0.058885 0.341940 -2.114486 -0.766933 -1.469338 0.843291 -2.574564 -1.933896 -1.018258 0.215981 -0.040701 0.826881 1.273746 0.077658 -0.802461 -1.167304 0.498035 1.777747 0.639659 0.763512 1.000000
89 1.169965 1.675285 0.100864 -0.960229 0.975267 -0.385982 -0.133288 -1.170538 0.335334 -0.903381 1.304288 -0.541657 -0.357706 -1.084323 1.024635 0.191695 1.389195 -1.424311 0.805109 0.884573 1.022018 1.141667 -0.299778 0.930853 -0.218180 -0.927176 1.311893 -0.225343 -0.167771 -0.226378 -0.727585 1.245254 0.170601 0.349721 2.230240 0.735968 0.873121 -1.148252 -0.667259 -0.083593 -0.351559 -1.011082 0.887104 -0.268538 -2.784854 1.028227 1.414317 -1.974198 -1.952502 0.047138 0.363369 -0.156756 0.554988 0.404768 0.432032 2.448458 -0.073836 -0.221430 -1.019124 0.215045 0.060028 0.575178 0.573035 2.021559 -0.302760 0.952804 1.179454 -0.394785 1.071676 0.097415 -1.169360 -0.485551 -1.226105 -0.287830 -2.302641 -1.274388 -0.017060 -1.507256 -1.825624 1.814291 7.357030 1.000000
90 -0.887751 0.462206 -0.184353 -0.847315 -0.975942 1.226561 -0.897055 1.214739 -2.547101 1.030112 0.141252 1.703666 3.022484 0.729869 -0.162239 -0.428767 1.226207 -0.665630 0.841744 -0.350588 0.636209 0.292040 -1.091172 1.241555 -2.851533 -0.652108 0.358920 0.881698 1.567312 -2.042231 -0.894381 1.207282 0.681368 -0.860529 0.764091 -0.566346 -0.049171 -0.956941 0.859341 -1.015044 0.286006 -2.386549 0.281883 1.493902 1.297339 -0.286833 -0.993833 -0.295441 1.572129 -0.370292 0.851754 -0.024052 1.070235 -0.079445 1.095586 1.096098 0.488322 -0.769878 -0.810195 0.753786 0.245169 1.350459 0.570483 -0.515444 0.633584 1.852951 0.866348 -0.947016 1.216197 1.611938 -0.685877 -0.137748 0.498930 -0.142652 0.555457 0.260657 -0.941309 0.026600 0.149433 0.190298 0.225295 1.000000
91 0.929813 -0.018079 1.011281 1.280072 0.860647 0.926621 -0.284470 -0.856865 -0.859877 0.140404 -0.457183 -0.933447 -0.009274 -0.761460 -0.537607 -0.212774 0.431326 -0.871605 -1.674318 -1.364798 -0.087828 0.293255 -0.896137 -1.346199 -0.013629 1.579645 -0.178827 -0.704527 0.833346 0.789406 1.323241 1.317881 -0.423921 1.703684 -1.012937 1.340571 0.703289 0.715752 1.291786 -0.319510 0.342698 0.731316 0.171818 -0.298249 0.446166 -0.079903 -1.238639 -1.208005 0.824962 0.051927 -0.465431 0.553292 0.662079 -0.755985 0.609243 0.571430 0.712850 1.778660 -0.391440 0.633409 0.660388 -0.087983 -1.000043 0.740714 1.268695 0.006194 0.417647 1.514704 0.982979 -0.221503 0.674705 -0.176474 0.255439 -1.236924 0.129719 0.889743 3.852810 -0.036159 -1.537210 1.871911 7.828973 1.000000
92 0.551066 -0.814188 0.579202 1.468225 -0.409554 1.191440 1.502525 -0.337320 -1.638044 0.883648 1.630117 -1.057400 -1.291542 -1.379412 0.548153 1.119888 0.358673 -1.437968 0.807784 0.086848 1.564903 -0.037882 -0.182031 0.278115 -0.074094 -0.041174 -0.088405 0.508112 2.827004 -0.957196 1.163163 0.643488 -0.726143 -0.938656 0.412732 -2.116797 0.143637 0.635160 -1.431678 -1.301789 -0.770422 -0.148970 -1.022609 0.466000 -0.197593 -0.178339 0.138002 -0.649658 0.763086 -0.467203 1.991259 -0.375156 -0.625881 -1.827040 -0.767961 -0.924438 0.357693 0.092781 -0.591407 1.440838 -1.002618 0.726369 0.685230 1.180559 0.998302 -0.144107 -1.180040 1.082475 -1.961337 0.636341 1.379929 -1.893303 1.087635 -2.216518 1.165487 -0.923963 -0.484697 -0.669271 1.041856 2.161781 9.238454 1.000000
93 -0.655160 0.687622 -0.029659 -1.274852 0.498872 -0.940324 -0.704500 -0.061440 2.188941 -1.300934 -0.673489 -0.182159 -0.210982 0.716101 1.859299 -0.047885 -0.234294 0.004011 0.755684 -1.077498 0.248998 -1.104521 -0.065981 -1.143555 -1.401385 0.225535 -0.443091 0.265158 -0.674902 0.150328 0.045878 0.225598 -0.102295 -0.000600 -0.659093 -0.213752 0.605891 0.747573 -0.075591 -1.036690 0.063014 0.501217 -0.945772 0.523606 0.751378 -0.101646 -0.594102 -0.826741 -0.914819 -0.404155 1.353828 1.726487 -0.487929 0.537361 -0.211871 1.042918 -0.179600 0.802542 -0.271495 -1.518477 0.470792 0.161233 1.549086 -0.719044 0.660171 -1.723266 -1.316016 1.744604 -0.712137 0.278425 -0.883449 -0.701269 -2.746371 -1.222248 0.265416 0.325528 1.096592 0.448997 0.148723 -1.281205 3.397426 1.000000
94 -1.408384 -0.560327 0.951592 -0.055219 0.311241 -1.240072 0.858026 0.789381 1.516986 1.076031 0.094646 -1.373208 0.187067 -0.471110 -0.881941 -1.221821 0.590219 -0.131083 0.435238 -0.436437 0.019430 -0.166824 0.087141 -0.426866 0.440824 0.673679 0.719864 -0.956095 0.258679 0.028092 0.113559 -0.473219 -0.520565 0.044189 0.661613 -1.951532 1.388367 -0.657470 1.200567 0.979713 0.444820 0.816593 0.301410 -0.510754 -0.245482 0.496214 0.309407 -2.209909 0.705706 1.367705 0.593108 -0.457044 2.690668 -1.467201 -0.451566 0.015260 0.455093 1.326587 -0.150301 0.187137 1.554242 -2.300813 -0.051752 1.109372 -0.497285 -1.523745 -1.181723 -1.551869 -2.173524 -0.992845 -0.368605 1.953446 -0.593873 -1.117876 -0.357243 -0.046622 -0.274581 -0.856666 -0.523001 -1.406411 0.793778 1.000000
95 0.075908 0.735776 2.517010 -0.346509 -0.101564 0.876635 -0.191535 1.837373 -1.043374 -1.895251 -1.844925 -0.313562 0.500066 0.581375 -0.420989 -1.272271 -1.606264 2.116895 -0.948979 -0.758725 -0.136088 -0.534676 0.575021 -0.567475 0.171499 -3.058003 -0.809787 0.520784 -0.019118 -0.168716 -1.164117 0.062046 -0.346045 -0.617452 1.484479 -0.725396 1.229611 -0.028939 -0.193141 0.873771 -0.843289 0.950812 0.161497 -0.162791 -0.126587 1.077486 0.447033 1.585250 -1.373951 -0.060100 2.405671 1.110610 -0.493629 -1.501103 -0.161083 0.465728 0.745455 0.185889 0.789970 -0.478078 -0.166122 -0.310535 -0.656666 -0.457069 -3.874906 -1.378613 -0.481360 0.480534 -0.565591 0.315433 -0.992889 0.471747 -0.504678 -0.369965 1.791661 -1.030198 1.048623 -0.665052 -0.251315 0.371912 3.760928 1.000000
96 0.276543 -0.461108 0.079519 -1.463533 -0.533833 -0.129286 0.885984 0.765140 0.641856 0.914451 0.878838 -0.112045 -1.003269 -0.194478 0.655863 -0.060576 0.778797 -1.319212 1.059655 -0.590639 0.002190 -0.133736 0.348820 1.297084 -2.259407 0.125423 -0.263449 -1.077108 0.927041 1.410281 0.121380 1.168774 1.449924 -1.512898 0.186784 1.028763 -2.550895 0.225209 0.191523 1.581095 -0.006338 -0.134139 -1.916700 0.083577 -0.574259 -0.953876 -0.890204 -0.445318 2.226880 0.229501 0.048777 0.310331 0.677233 -1.649979 -2.029455 1.011900 0.656228 -0.719920 -0.668299 -0.476719 -1.391947 0.028131 0.680400 0.701633 0.383003 0.344024 0.326528 -1.234009 1.223807 0.092845 -0.329303 -0.616427 -1.708841 -0.977879 1.141571 0.534011 1.339552 0.545963 -0.199072 -1.157117 11.554395 1.000000
97 0.234672 -0.191824 1.444024 -0.215479 -1.245191 1.033511 0.324771 -2.064387 1.197818 0.593855 -0.017039 -0.475501 -0.479601 0.002556 -0.033918 1.810403 1.745095 -1.169055 -1.100160 0.812821 1.944845 0.224095 -2.116454 -0.871427 0.073640 -0.550367 0.992206 -1.105560 -1.087023 -1.032213 -1.041032 -0.637038 0.069816 -0.586350 1.273650 -0.637944 0.746875 -0.799995 -0.177212 -1.308625 0.683695 1.938794 0.580158 1.241413 0.348826 -0.701795 0.171926 0.409462 2.163595 -1.406698 -0.839474 -0.229231 0.161979 0.937118 1.096883 0.207960 0.289053 0.448032 0.324380 -0.145107 1.288563 0.031869 0.802942 -0.191673 1.183114 0.123348 1.140937 0.578312 -3.303155 0.319894 1.399628 -0.735220 0.541263 -0.205977 -0.200138 0.460308 -1.538581 0.631295 0.714298 -0.339706 7.003199 1.000000
98 0.971182 0.220594 1.463332 -0.074535 0.031157 -0.738320 -0.723055 -0.753107 -1.391759 -0.458925 -0.400304 -0.923522 1.122623 2.508993 2.252173 -0.490269 -0.437730 -1.834759 0.909261 -0.839529 -0.311748 0.715029 0.038891 -0.959557 2.761366 -1.005090 -0.747684 -0.664494 -1.380436 0.895218 -0.611379 0.093951 1.592318 -0.827748 -0.450201 -0.278306 -2.032630 -0.132093 1.647804 0.611213 -2.242400 0.530692 -1.671680 -0.081934 0.143236 -1.079163 0.233894 0.586372 0.421356 1.355561 0.088962 0.504899 -0.050478 1.450328 2.083524 0.293570 -0.874115 -1.203077 1.117483 -0.784239 -0.582336 1.447749 0.164601 -1.672185 0.936561 -0.977387 0.508230 -0.831393 -0.421274 -1.555174 -1.427875 -0.083474 2.215154 -1.474202 -1.422812 -1.317272 0.846806 0.093374 0.010473 1.369826 3.963058 1.000000
99 -2.317506 -1.390843 -2.847407 0.842993 -0.170366 -0.965700 -1.462615 0.500307 0.871834 -1.408291 -0.552248 1.413505 0.108219 1.370099 1.158871 -0.523526 -1.702538 -0.632244 0.704896 -1.996476 0.085210 0.867900 -0.464758 -2.588040 -0.491364 1.476231 0.110945 0.045790 -0.510637 1.965761 -0.667791 0.481087 -2.683457 0.713232 0.952078 -0.843928 -0.329264 0.181736 -0.377552 -0.403168 0.010317 -2.392645 -2.492611 1.235604 -1.831644 -1.075716 -2.902868 -1.412495 0.047474 0.045211 -0.568999 -0.189162 0.542579 -0.792347 -0.929264 -0.911355 -0.132140 -1.080802 0.691877 -1.002096 1.066778 -0.920392 0.211298 -0.157557 0.047201 1.792583 0.525092 -0.625451 -0.770256 0.948457 0.001081 1.026002 -0.906449 0.539849 -0.491445 0.663286 -1.463198 0.129360 -0.554902 -0.549002 2.440113 1.000000
100 0.201834 -0.006885 0.111227 2.100403 1.991320 -0.827058 -2.084839 0.248801 -0.181501 0.019338 0.235789 -1.293602 1.165339 1.575641 0.383484 -1.347972 -1.430003 -1.555751 -0.215945 -0.358252 1.220091 0.077226 -0.003566 -0.876536 1.278362 0.350898 -0.661059 0.215779 -1.379847 1.709939 1.987668 -0.614114 1.319467 -2.237651 0.083103 -0.674899 0.365096 -1.809463 1.219897 -2.155654 0.854439 -2.677849 1.512002 0.838235 1.317095 -0.514507 0.340873 -0.130719 0.011005 0.161413 -0.434806 0.827142 0.795693 -0.447408 0.543035 -0.240500 0.221218 0.641672 -0.661578 1.317113 0.322202 0.417686 2.755378 0.916448 -0.533100 -0.056485 0.857215 -1.204192 -2.583785 -0.527078 0.242198 0.227627 -0.738444 0.996860 -1.143872 -0.325977 -1.341832 0.499548 0.837714 -0.610712 2.542189 1.000000
uncorrelated Gaussian covariates
missing covariate fraction: 0.000000
no latent classes
   lambda(t|risk 1)=C, <t>=4.000000 for zero covariates
   risk 1: beta[1]=0.000000
   risk 1: beta[2]=0.000000
   risk 1: beta[3]=0.000000
   risk 1: beta[4]=0.000000
   risk 1: beta[5]=0.000000
   risk 1: beta[6]=0.000000
   risk 1: beta[7]=0.000000
   risk 1: beta[8]=0.000000
   risk 1: beta[9]=0.000000
   risk 1: beta[10]=0.000000
   risk 1: beta[11]=0.000000
   risk 1: beta[12]=0.000000
   risk 1: beta[13]=0.000000
   risk 1: beta[14]=0.000000
   risk 1: beta[15]=0.000000
   risk 1: beta[16]=0.000000
   risk 1: beta[17]=0.000000
   risk 1: beta[18]=0.000000
   risk 1: beta[19]=0.000000
   risk 1: beta[20]=0.000000
   risk 1: beta[21]=0.000000
   risk 1: beta[22]=0.000000
   risk 1: beta[23]=0.000000
   risk 1: beta[24]=0.000000
   risk 1: beta[25]=0.000000
   risk 1: beta[26]=0.000000
   risk 1: beta[27]=0.000000
   risk 1: beta[28]=0.000000
   risk 1: beta[29]=0.000000
   risk 1: beta[30]=0.000000
   risk 1: beta[31]=0.000000
   risk 1: beta[32]=0.000000
   risk 1: beta[33]=0.000000
   risk 1: beta[34]=0.000000
   risk 1: beta[35]=0.000000
   risk 1: beta[36]=0.000000
   risk 1: beta[37]=0.000000
   risk 1: beta[38]=0.000000
   risk 1: beta[39]=0.000000
   risk 1: beta[40]=0.000000
   risk 1: beta[41]=0.000000
   risk 1: beta[42]=0.000000
   risk 1: beta[43]=0.000000
   risk 1: beta[44]=0.000000
   risk 1: beta[45]=0.000000
   risk 1: beta[46]=0.000000
   risk 1: beta[47]=0.000000
   risk 1: beta[48]=0.000000
   risk 1: beta[49]=0.000000
   risk 1: beta[50]=0.000000
   risk 1: beta[51]=0.000000
   risk 1: beta[52]=0.000000
   risk 1: beta[53]=0.000000
   risk 1: beta[54]=0.000000
   risk 1: beta[55]=0.000000
   risk 1: beta[56]=0.000000
   risk 1: beta[57]=0.000000
   risk 1: beta[58]=0.000000
   risk 1: beta[59]=0.000000
   risk 1: beta[60]=0.000000
   risk 1: beta[61]=0.000000
   risk 1: beta[62]=0.000000
   risk 1: beta[63]=0.000000
   risk 1: beta[64]=0.000000
   risk 1: beta[65]=0.000000
   risk 1: beta[66]=0.000000
   risk 1: beta[67]=0.000000
   risk 1: beta[68]=0.000000
   risk 1: beta[69]=0.000000
   risk 1: beta[70]=0.000000
   risk 1: beta[71]=0.000000
   risk 1: beta[72]=0.000000
   risk 1: beta[73]=0.000000
   risk 1: beta[74]=0.000000
   risk 1: beta[75]=0.000000
   risk 1: beta[76]=0.000000
   risk 1: beta[77]=0.000000
   risk 1: beta[78]=0.000000
   risk 1: beta[79]=0.000000
   risk 1: beta[80]=0.000000
