active=100: 1 2 3 4 5 6 7 8 9 10 11 12 13 14 15 16 17 18 19 20 21 22 23 24 25 26 27 28 29 30 31 32 33 34 35 36 37 38 39 40 41 42 43 44 45 46 47 48 49 50 51 52 53 54 55 56 57 58 59 60 61 62 63 64 65 66 67 68 69 70 71 72 73 74 75 76 77 78 79 80 81 82 83 84 85 86 87 88 89 90 91 92 93 94 95 96 97 98 99 100 
active=99: 1 2 3 4 5 6 7 8 9 10 11 12 13 14 15 16 17 18 19 20 21 22 23 24 25 26 27 28 29 30 31 32 33 34 35 36 37 38 39 40 42 43 44 45 46 47 48 49 50 51 52 53 54 55 56 57 58 59 60 61 62 63 64 65 66 67 68 69 70 71 72 73 74 75 76 77 78 79 80 81 82 83 84 85 86 87 88 89 90 91 92 93 94 95 96 97 98 99 100 
active=98: 1 2 3 4 5 6 7 8 9 10 11 12 13 14 15 16 17 18 19 20 21 22 23 24 25 26 27 28 29 30 31 32 33 34 35 36 37 38 39 40 42 43 44 45 46 47 48 49 50 51 52 53 54 55 56 57 58 59 60 61 62 63 64 65 66 67 68 69 70 71 72 73 74 75 76 77 78 79 80 81 82 83 84 85 86 87 88 89 90 91 92 93 94 95 96 98 99 100 
active=97: 1 2 3 4 5 6 7 8 9 10 11 12 13 14 15 16 17 18 19 20 21 22 23 24 25 26 27 28 29 30 31 32 33 34 35 37 38 39 40 42 43 44 45 46 47 48 49 50 51 52 53 54 55 56 57 58 59 60 61 62 63 64 65 66 67 68 69 70 71 72 73 74 75 76 77 78 79 80 81 82 83 84 85 86 87 88 89 90 91 92 93 94 95 96 98 99 100 
active=96: 1 2 3 4 5 6 7 8 9 10 11 12 13 14 15 16 17 18 19 20 21 22 23 24 25 26 27 28 29 30 31 32 33 34 35 37 38 39 40 42 43 44 45 46 47 48 49 50 51 53 54 55 56 57 58 59 60 61 62 63 64 65 66 67 68 69 70 71 72 73 74 75 76 77 78 79 80 81 82 83 84 85 86 87 88 89 90 91 92 93 94 95 96 98 99 100 
active=95: 1 2 3 4 5 6 7 8 9 10 11 12 13 14 15 16 17 18 19 20 21 22 23 24 25 26 27 28 29 30 31 33 34 35 37 38 39 40 42 43 44 45 46 47 48 49 50 51 53 54 55 56 57 58 59 60 61 62 63 64 65 66 67 68 69 70 71 72 73 74 75 76 77 78 79 80 81 82 83 84 85 86 87 88 89 90 91 92 93 94 95 96 98 99 100 
active=94: 1 2 3 4 5 6 7 8 9 10 11 12 13 14 15 16 17 18 19 20 21 22 23 24 25 26 27 28 29 30 31 33 35 37 38 39 40 42 43 44 45 46 47 48 49 50 51 53 54 55 56 57 58 59 60 61 62 63 64 65 66 67 68 69 70 71 72 73 74 75 76 77 78 79 80 81 82 83 84 85 86 87 88 89 90 91 92 93 94 95 96 98 99 100 
active=93: 1 2 3 4 5 6 7 8 9 10 11 12 13 14 15 16 17 18 19 20 21 22 23 24 25 26 27 28 29 30 33 35 37 38 39 40 42 43 44 45 46 47 48 49 50 51 53 54 55 56 57 58 59 60 61 62 63 64 65 66 67 68 69 70 71 72 73 74 75 76 77 78 79 80 81 82 83 84 85 86 87 88 89 90 91 92 93 94 95 96 98 99 100 
active=92: 1 2 3 4 5 6 7 8 9 10 11 12 13 14 15 16 17 18 19 20 21 22 23 24 25 26 27 28 29 30 33 35 37 38 39 40 42 43 44 45 46 47 48 49 50 51 53 54 55 56 57 58 59 60 61 62 63 64 65 66 67 68 69 70 71 72 73 74 75 76 77 78 79 80 81 83 84 85 86 87 88 89 90 91 92 93 94 95 96 98 99 100 
active=91: 1 2 3 4 5 6 7 8 9 10 11 12 13 14 15 16 17 18 19 20 21 22 23 24 25 26 27 28 29 30 33 35 37 38 39 40 42 43 44 45 46 47 48 49 50 51 53 54 55 56 57 58 59 60 61 62 63 64 65 66 67 68 69 70 71 72 73 74 75 76 77 78 79 80 81 83 84 85 86 87 88 89 90 91 92 93 94 95 98 99 100 
active=90: 1 2 3 4 5 6 7 8 9 10 11 12 13 14 15 16 17 18 19 20 21 22 23 24 25 26 27 28 29 30 33 35 37 38 39 40 42 43 44 45 46 47 48 49 50 51 53 54 55 56 57 58 59 60 61 62 63 64 65 66 67 68 69 71 72 73 74 75 76 77 78 79 80 81 83 84 85 86 87 88 89 90 91 92 93 94 95 98 99 100 
active=89: 1 2 3 4 5 6 7 8 9 10 11 12 13 14 15 16 17 18 19 20 21 22 23 24 25 26 27 28 29 30 33 35 37 38 39 40 42 43 44 45 46 47 48 49 50 51 53 54 55 56 57 59 60 61 62 63 64 65 66 67 68 69 71 72 73 74 75 76 77 78 79 80 81 83 84 85 86 87 88 89 90 91 92 93 94 95 98 99 100 
active=88: 1 2 3 4 5 6 7 8 9 10 11 12 13 14 15 16 17 18 19 20 21 22 23 24 25 26 27 28 29 30 33 35 37 38 39 40 42 43 44 45 46 47 48 49 50 51 53 54 55 56 57 59 60 61 62 63 64 65 66 67 68 69 71 72 73 74 75 76 77 78 79 80 81 83 84 85 86 87 89 90 91 92 93 94 95 98 99 100 
active=87: 1 2 3 4 5 6 7 8 9 10 11 12 13 14 15 16 17 18 19 20 21 22 23 25 26 27 28 29 30 33 35 37 38 39 40 42 43 44 45 46 47 48 49 50 51 53 54 55 56 57 59 60 61 62 63 64 65 66 67 68 69 71 72 73 74 75 76 77 78 79 80 81 83 84 85 86 87 89 90 91 92 93 94 95 98 99 100 
active=86: 1 2 3 4 5 6 7 8 9 10 11 12 13 14 15 16 17 18 19 20 21 22 23 25 26 27 28 29 30 33 35 37 38 39 40 42 43 44 45 46 47 48 50 51 53 54 55 56 57 59 60 61 62 63 64 65 66 67 68 69 71 72 73 74 75 76 77 78 79 80 81 83 84 85 86 87 89 90 91 92 93 94 95 98 99 100 
active=85: 1 2 3 4 5 6 7 8 9 10 11 12 13 14 15 16 17 18 19 20 21 22 23 25 26 27 28 29 30 33 35 37 39 40 42 43 44 45 46 47 48 50 51 53 54 55 56 57 59 60 61 62 63 64 65 66 67 68 69 71 72 73 74 75 76 77 78 79 80 81 83 84 85 86 87 89 90 91 92 93 94 95 98 99 100 
active=84: 1 2 3 4 5 6 7 8 9 10 11 12 13 14 15 16 17 18 19 20 21 22 23 25 26 27 28 29 30 33 35 37 40 42 43 44 45 46 47 48 50 51 53 54 55 56 57 59 60 61 62 63 64 65 66 67 68 69 71 72 73 74 75 76 77 78 79 80 81 83 84 85 86 87 89 90 91 92 93 94 95 98 99 100 
active=83: 1 2 3 4 5 6 7 8 9 10 11 12 13 14 15 16 17 18 19 20 21 22 23 25 26 27 28 29 30 33 35 37 40 42 43 44 45 46 47 48 50 51 53 54 55 56 57 59 60 61 62 63 64 65 66 67 68 69 71 72 73 74 75 76 77 79 80 81 83 84 85 86 87 89 90 91 92 93 94 95 98 99 100 
active=82: 1 2 3 4 5 6 7 8 9 10 11 12 13 14 15 16 17 18 19 20 21 22 23 25 26 27 28 29 30 33 35 37 40 42 43 44 45 46 47 48 50 51 53 54 55 57 59 60 61 62 63 64 65 66 67 68 69 71 72 73 74 75 76 77 79 80 81 83 84 85 86 87 89 90 91 92 93 94 95 98 99 100 
active=81: 1 2 3 4 5 6 7 8 9 10 11 12 13 14 15 16 17 18 19 20 21 22 23 25 26 27 28 29 30 33 35 37 40 42 43 44 45 46 47 48 50 51 53 54 55 57 59 60 61 62 63 64 65 66 67 68 69 71 72 73 74 75 76 77 79 80 81 83 84 85 86 87 89 90 91 92 93 94 95 98 99 
active=80: 1 2 3 4 5 6 7 8 9 10 11 12 13 14 15 16 17 18 19 20 21 22 23 25 26 27 28 29 30 33 35 37 40 42 43 44 45 46 47 48 50 51 53 54 55 57 59 60 61 62 63 64 65 66 67 68 69 71 72 73 74 75 76 77 79 80 81 83 84 85 86 87 90 91 92 93 94 95 98 99 
active=79: 1 2 3 4 5 6 7 8 9 10 11 12 13 14 15 16 17 18 19 20 21 22 23 25 26 27 28 29 30 33 35 37 40 42 43 44 45 46 47 48 50 51 53 54 55 57 59 60 61 62 63 64 65 66 67 68 69 71 72 73 74 75 76 77 79 80 81 83 84 85 87 90 91 92 93 94 95 98 99 
active=78: 1 2 3 4 5 6 7 8 9 10 11 12 13 14 15 16 17 18 19 20 21 22 23 25 26 27 28 29 30 33 35 37 40 42 43 44 45 46 47 48 50 51 53 54 55 57 59 60 62 63 64 65 66 67 68 69 71 72 73 74 75 76 77 79 80 81 83 84 85 87 90 91 92 93 94 95 98 99 
active=77: 1 2 3 4 5 6 7 8 9 10 11 12 13 14 15 16 17 18 19 20 21 22 23 25 26 27 28 29 30 33 35 37 40 42 43 44 45 46 47 48 50 51 53 54 55 57 59 60 62 63 65 66 67 68 69 71 72 73 74 75 76 77 79 80 81 83 84 85 87 90 91 92 93 94 95 98 99 
active=76: 1 2 3 4 5 6 7 8 9 10 11 12 13 14 15 16 17 18 19 20 21 22 23 25 26 27 28 29 30 33 35 37 40 43 44 45 46 47 48 50 51 53 54 55 57 59 60 62 63 65 66 67 68 69 71 72 73 74 75 76 77 79 80 81 83 84 85 87 90 91 92 93 94 95 98 99 
active=75: 1 2 3 4 5 6 7 8 9 10 11 12 13 14 15 16 17 18 19 20 21 22 23 25 26 27 28 29 30 33 35 37 40 43 44 45 46 47 48 50 51 53 54 55 57 59 60 62 65 66 67 68 69 71 72 73 74 75 76 77 79 80 81 83 84 85 87 90 91 92 93 94 95 98 99 
active=74: 1 2 3 4 5 6 7 8 9 10 11 12 13 14 15 16 17 18 19 20 21 22 23 26 27 28 29 30 33 35 37 40 43 44 45 46 47 48 50 51 53 54 55 57 59 60 62 65 66 67 68 69 71 72 73 74 75 76 77 79 80 81 83 84 85 87 90 91 92 93 94 95 98 99 
active=73: 1 2 3 4 5 6 7 8 9 10 11 12 13 14 15 16 17 18 19 20 21 22 23 26 27 28 29 30 33 35 37 40 43 44 45 46 47 48 50 51 53 54 55 59 60 62 65 66 67 68 69 71 72 73 74 75 76 77 79 80 81 83 84 85 87 90 91 92 93 94 95 98 99 
active=72: 1 2 3 4 5 6 7 8 9 10 11 12 13 14 15 16 17 18 19 20 21 22 23 26 27 28 29 30 33 35 37 40 43 44 45 46 47 48 50 51 53 54 55 59 60 62 65 66 67 68 69 71 72 73 74 75 76 77 79 80 81 84 85 87 90 91 92 93 94 95 98 99 
active=71: 1 2 3 4 5 6 7 8 9 10 11 12 13 14 15 16 17 18 19 20 21 22 23 26 27 28 29 30 33 35 37 40 43 44 45 46 47 48 50 51 53 54 55 59 60 62 66 67 68 69 71 72 73 74 75 76 77 79 80 81 84 85 87 90 91 92 93 94 95 98 99 
active=70: 1 2 3 4 5 6 7 8 9 10 11 12 13 14 15 16 17 18 19 20 21 22 23 26 27 28 29 30 33 35 37 40 43 44 45 46 47 48 50 51 53 54 55 59 60 62 66 67 68 69 71 72 73 74 75 77 79 80 81 84 85 87 90 91 92 93 94 95 98 99 
active=69: 1 2 3 4 5 6 7 8 9 10 11 12 13 14 15 16 17 18 19 20 21 22 23 26 27 28 29 30 33 35 37 40 43 44 45 46 47 48 50 51 53 54 55 59 60 62 66 67 68 69 71 72 73 74 77 79 80 81 84 85 87 90 91 92 93 94 95 98 99 
active=68: 1 2 3 4 5 6 7 8 9 10 11 12 13 14 15 16 17 18 19 20 21 22 23 26 27 28 29 30 35 37 40 43 44 45 46 47 48 50 51 53 54 55 59 60 62 66 67 68 69 71 72 73 74 77 79 80 81 84 85 87 90 91 92 93 94 95 98 99 
active=67: 1 2 3 4 5 6 7 8 9 10 11 12 13 14 15 16 17 18 19 20 21 22 23 26 27 28 29 30 35 37 40 43 44 45 46 47 48 50 51 54 55 59 60 62 66 67 68 69 71 72 73 74 77 79 80 81 84 85 87 90 91 92 93 94 95 98 99 
active=66: 1 2 3 4 5 6 7 8 9 10 11 12 13 14 15 16 17 18 19 20 21 22 23 26 27 28 29 30 35 37 40 43 44 45 46 47 48 50 51 54 59 60 62 66 67 68 69 71 72 73 74 77 79 80 81 84 85 87 90 91 92 93 94 95 98 99 
active=65: 1 2 3 4 5 6 7 8 9 10 11 12 13 14 15 16 17 18 19 20 21 22 23 26 28 29 30 35 37 40 43 44 45 46 47 48 50 51 54 59 60 62 66 67 68 69 71 72 73 74 77 79 80 81 84 85 87 90 91 92 93 94 95 98 99 
active=64: 1 2 3 4 5 6 7 8 9 10 11 12 13 14 15 16 17 18 19 20 21 22 23 26 29 30 35 37 40 43 44 45 46 47 48 50 51 54 59 60 62 66 67 68 69 71 72 73 74 77 79 80 81 84 85 87 90 91 92 93 94 95 98 99 
active=63: 1 2 3 4 5 6 7 8 9 10 11 12 13 14 15 16 17 18 19 20 21 22 23 26 29 30 35 37 43 44 45 46 47 48 50 51 54 59 60 62 66 67 68 69 71 72 73 74 77 79 80 81 84 85 87 90 91 92 93 94 95 98 99 
active=62: 1 2 3 4 5 6 7 8 9 10 11 12 13 14 15 16 17 18 19 20 22 23 26 29 30 35 37 43 44 45 46 47 48 50 51 54 59 60 62 66 67 68 69 71 72 73 74 77 79 80 81 84 85 87 90 91 92 93 94 95 98 99 
active=61: 1 2 3 4 5 6 7 8 9 10 11 12 13 14 15 16 17 18 19 20 22 23 26 29 30 35 37 43 44 45 46 47 48 50 51 54 59 60 62 66 67 68 69 71 72 73 74 77 79 80 81 84 85 87 90 91 92 93 94 98 99 
active=60: 1 2 3 4 5 6 7 8 9 10 11 12 13 14 15 16 17 18 19 20 22 23 26 29 30 35 37 43 44 45 46 47 48 50 51 54 59 60 62 66 67 68 69 71 72 73 74 77 79 80 81 84 85 87 90 91 92 93 94 99 
active=59: 1 2 3 4 5 6 7 8 9 10 11 12 13 14 15 16 17 18 19 20 22 23 26 29 30 35 37 43 44 45 46 47 48 50 51 54 59 60 62 66 67 68 69 71 72 73 74 77 79 80 84 85 87 90 91 92 93 94 99 
active=58: 1 2 3 4 5 6 7 8 9 10 11 12 13 14 15 16 17 18 19 20 22 23 26 29 30 35 37 43 44 45 46 47 48 50 51 54 59 60 62 66 67 68 71 72 73 74 77 79 80 84 85 87 90 91 92 93 94 99 
active=57: 1 2 3 4 5 6 7 8 9 11 12 13 14 15 16 17 18 19 20 22 23 26 29 30 35 37 43 44 45 46 47 48 50 51 54 59 60 62 66 67 68 71 72 73 74 77 79 80 84 85 87 90 91 92 93 94 99 
active=56: 1 2 3 4 5 6 7 8 9 11 12 13 14 15 16 17 18 19 20 22 23 26 29 30 35 37 43 44 45 46 47 48 50 51 54 59 62 66 67 68 71 72 73 74 77 79 80 84 85 87 90 91 92 93 94 99 
active=55: 1 2 3 4 5 6 7 8 9 11 12 13 14 15 16 17 18 19 20 22 23 26 29 30 35 37 43 44 46 47 48 50 51 54 59 62 66 67 68 71 72 73 74 77 79 80 84 85 87 90 91 92 93 94 99 
active=54: 1 2 3 4 5 6 7 8 9 11 12 13 14 15 16 17 18 19 20 22 23 26 29 30 35 37 43 44 46 47 48 50 51 54 59 62 66 67 68 71 72 73 74 79 80 84 85 87 90 91 92 93 94 99 
active=53: 1 2 3 4 5 6 7 8 9 11 12 13 14 15 16 17 18 19 20 22 23 26 29 30 35 37 43 44 46 47 48 50 54 59 62 66 67 68 71 72 73 74 79 80 84 85 87 90 91 92 93 94 99 
active=52: 1 2 3 4 5 6 7 8 9 11 12 13 14 15 16 17 18 19 20 22 26 29 30 35 37 43 44 46 47 48 50 54 59 62 66 67 68 71 72 73 74 79 80 84 85 87 90 91 92 93 94 99 
active=51: 1 2 3 4 5 6 7 8 9 11 12 13 14 15 16 17 18 19 20 22 26 29 30 35 37 43 44 46 48 50 54 59 62 66 67 68 71 72 73 74 79 80 84 85 87 90 91 92 93 94 99 
active=50: 1 2 3 4 5 6 7 8 9 11 12 13 14 15 16 17 18 19 20 22 26 29 30 35 37 43 44 46 48 50 54 59 62 66 67 68 72 73 74 79 80 84 85 87 90 91 92 93 94 99 
active=49: 1 2 3 4 5 6 7 8 9 11 12 13 14 15 16 17 18 19 20 22 26 29 30 35 37 43 44 46 48 50 54 59 66 67 68 72 73 74 79 80 84 85 87 90 91 92 93 94 99 
active=48: 1 2 3 4 5 6 7 8 9 11 12 13 14 15 16 17 18 19 20 22 26 29 30 35 37 43 44 46 48 50 54 59 66 67 68 72 73 74 80 84 85 87 90 91 92 93 94 99 
active=47: 1 2 3 4 5 6 7 8 9 11 12 13 14 15 16 17 18 19 20 22 26 29 30 35 37 43 44 46 48 50 54 59 66 67 68 72 73 74 80 84 85 87 90 91 92 93 94 
active=46: 1 2 3 4 5 6 7 8 9 11 12 13 14 15 16 17 18 19 20 22 26 29 30 35 37 43 44 46 48 50 54 59 66 68 72 73 74 80 84 85 87 90 91 92 93 94 
active=45: 1 2 3 4 5 6 7 8 9 11 12 13 14 15 16 17 18 19 20 22 26 30 35 37 43 44 46 48 50 54 59 66 68 72 73 74 80 84 85 87 90 91 92 93 94 
active=44: 1 2 3 4 5 6 7 8 9 11 12 13 14 15 16 17 18 19 20 22 26 30 35 37 43 44 46 48 50 54 59 66 68 72 73 74 80 84 85 87 91 92 93 94 
active=43: 1 2 3 4 5 6 7 8 9 11 12 13 14 15 16 17 18 19 20 22 26 30 35 37 44 46 48 50 54 59 66 68 72 73 74 80 84 85 87 91 92 93 94 
active=42: 1 2 3 4 5 6 7 8 9 11 12 13 14 15 16 17 18 19 20 22 26 30 37 44 46 48 50 54 59 66 68 72 73 74 80 84 85 87 91 92 93 94 
active=41: 1 2 3 4 5 6 7 8 9 11 12 13 14 15 16 17 18 19 20 22 26 30 44 46 48 50 54 59 66 68 72 73 74 80 84 85 87 91 92 93 94 
active=40: 1 2 3 4 5 6 7 8 9 11 12 13 14 15 16 17 18 19 20 22 26 30 44 46 48 50 54 59 66 68 72 73 74 80 84 85 87 91 92 93 
active=39: 1 2 3 4 5 6 7 8 9 11 12 13 14 15 16 17 18 19 20 22 26 30 44 46 48 50 54 59 68 72 73 74 80 84 85 87 91 92 93 
active=38: 1 2 3 4 5 6 7 8 9 11 12 13 14 15 16 17 18 19 20 22 26 30 44 46 48 50 54 59 72 73 74 80 84 85 87 91 92 93 
active=37: 1 2 3 4 5 6 7 8 9 11 12 13 14 15 16 17 18 19 20 22 26 30 44 46 48 50 54 59 72 73 74 84 85 87 91 92 93 
active=36: 1 2 3 4 5 6 7 8 9 11 12 13 14 15 16 17 18 19 20 22 26 30 44 46 48 50 54 59 72 73 74 84 85 87 92 93 
active=35: 1 2 3 4 5 6 7 8 9 11 12 13 14 15 16 17 18 19 20 22 26 30 44 46 48 50 59 72 73 74 84 85 87 92 93 
active=34: 1 2 3 4 5 6 7 8 9 11 12 13 14 15 16 17 18 19 20 22 26 30 44 46 48 50 59 72 74 84 85 87 92 93 
active=33: 1 2 3 4 5 6 7 8 9 11 12 13 14 15 16 17 18 19 20 22 26 30 44 46 48 50 59 72 74 85 87 92 93 
active=32: 1 2 3 4 5 6 7 8 9 11 12 13 14 15 16 17 18 19 20 22 26 30 44 46 48 50 59 72 85 87 92 93 
active=31: 1 2 3 4 5 6 7 8 9 11 12 13 14 15 16 17 18 19 20 22 26 30 44 46 48 50 72 85 87 92 93 
active=30: 1 2 3 4 5 6 7 8 9 11 12 13 14 15 16 17 18 19 20 22 30 44 46 48 50 72 85 87 92 93 
active=29: 1 2 3 4 5 6 7 8 9 11 12 13 14 15 16 17 18 19 20 22 30 44 48 50 72 85 87 92 93 
active=28: 1 2 3 4 5 6 7 8 9 11 12 13 14 15 16 17 18 19 20 22 44 48 50 72 85 87 92 93 
active=27: 1 2 3 4 5 6 7 8 9 11 12 13 14 15 16 17 18 19 20 44 48 50 72 85 87 92 93 
active=26: 1 2 3 4 5 6 7 8 9 11 12 13 14 15 16 17 18 19 20 48 50 72 85 87 92 93 
active=25: 1 2 3 4 5 6 7 8 9 11 12 13 14 15 16 17 18 19 20 48 72 85 87 92 93 
active=24: 1 2 3 4 5 6 7 8 9 11 12 13 14 15 16 17 18 19 20 48 72 85 87 92 
active=23: 1 2 3 4 5 6 7 8 9 11 12 13 14 15 16 17 18 19 20 48 72 85 87 
active=22: 1 2 3 4 5 6 8 9 11 12 13 14 15 16 17 18 19 20 48 72 85 87 
active=21: 1 2 3 4 5 6 8 9 11 12 13 14 15 16 18 19 20 48 72 85 87 
active=20: 2 3 4 5 6 8 9 11 12 13 14 15 16 18 19 20 48 72 85 87 
active=19: 2 3 4 5 6 8 9 11 12 13 14 16 18 19 20 48 72 85 87 
active=18: 2 3 4 5 6 8 9 11 12 13 14 16 18 19 20 72 85 87 
active=17: 2 3 4 5 6 8 9 11 12 13 14 16 18 19 20 72 85 
active=16: 2 3 4 5 6 8 9 11 12 13 14 16 18 19 20 72 
active=15: 2 3 4 5 6 8 9 11 12 13 14 16 18 19 72 
active=14: 2 3 4 5 6 8 9 11 12 13 14 18 19 72 
active=13: 2 3 4 5 8 9 11 12 13 14 18 19 72 
active=12: 2 3 4 5 8 9 12 13 14 18 19 72 
active=11: 2 3 4 5 8 9 12 13 18 19 72 
active=10: 2 3 4 5 8 9 12 13 19 72 
active=9: 2 3 5 8 9 12 13 19 72 
active=8: 2 3 5 8 9 12 13 19 
active=7: 2 3 5 8 9 12 13 
active=6: 2 5 8 9 12 13 
active=5: 2 8 9 12 13 
active=4: 2 8 9 13 
active=3: 2 9 13 
active=2: 9 13 
active=1: 9 
