0.000000 0.500000
1.000000 0.636755
2.000000 0.628032
3.000000 0.691543
4.000000 0.721117
5.000000 0.730479
6.000000 0.737234
7.000000 0.749362
8.000000 0.769947
9.000000 0.767287
10.000000 0.765691
11.000000 0.773883
12.000000 0.792500
13.000000 0.809043
14.000000 0.828457
15.000000 0.832447
16.000000 0.842074
17.000000 0.844628
18.000000 0.852713
19.000000 0.858245
20.000000 0.864574
21.000000 0.874468
22.000000 0.882766
23.000000 0.879787
24.000000 0.887340
25.000000 0.890745
26.000000 0.894202
27.000000 0.898989
28.000000 0.902128
29.000000 0.903511
30.000000 0.908298
31.000000 0.907819
32.000000 0.908883
33.000000 0.911277
34.000000 0.916809
35.000000 0.917872
36.000000 0.921064
37.000000 0.923883
38.000000 0.917553
39.000000 0.926489
40.000000 0.925479
41.000000 0.926543
42.000000 0.930851
43.000000 0.933989
44.000000 0.931543
45.000000 0.932340
46.000000 0.933351
47.000000 0.931543
48.000000 0.933617
49.000000 0.934043
50.000000 0.932979
51.000000 0.934096
52.000000 0.933191
53.000000 0.937021
54.000000 0.939468
55.000000 0.937074
56.000000 0.938670
57.000000 0.939149
58.000000 0.935053
59.000000 0.937234
60.000000 0.938298
61.000000 0.937340
62.000000 0.937979
63.000000 0.936064
64.000000 0.941170
65.000000 0.935798
66.000000 0.937021
67.000000 0.939787
68.000000 0.939043
69.000000 0.938138
70.000000 0.941543
71.000000 0.944362
72.000000 0.941862
73.000000 0.941915
74.000000 0.942340
75.000000 0.944574
76.000000 0.945904
77.000000 0.944309
78.000000 0.945106
79.000000 0.947394
80.000000 0.946702
81.000000 0.949096
82.000000 0.947447
83.000000 0.948457
84.000000 0.951383
85.000000 0.952074
86.000000 0.953617
87.000000 0.952128
88.000000 0.954521
89.000000 0.955532
90.000000 0.954043
91.000000 0.953617
92.000000 0.955532
93.000000 0.954734
94.000000 0.958670
95.000000 0.958191
96.000000 0.956755
97.000000 0.958298
98.000000 0.957500
99.000000 0.958245
100.000000 0.961064
