active=60: 1 2 3 4 5 6 7 8 9 10 11 12 13 14 15 16 17 18 19 20 21 22 23 24 25 26 27 28 29 30 31 32 33 34 35 36 37 38 39 40 41 42 43 44 45 46 47 48 49 50 51 52 53 54 55 56 57 58 59 60 
active=59: 1 2 3 4 5 6 7 8 9 10 11 12 13 14 15 16 17 18 19 20 21 22 23 24 25 26 27 29 30 31 32 33 34 35 36 37 38 39 40 41 42 43 44 45 46 47 48 49 50 51 52 53 54 55 56 57 58 59 60 
active=58: 1 2 3 4 5 6 7 8 9 10 11 12 13 14 15 16 17 18 19 20 21 22 23 24 25 26 27 29 30 31 32 33 34 35 36 37 38 39 40 41 42 43 44 45 46 47 48 49 50 51 52 53 54 55 57 58 59 60 
active=57: 1 2 3 4 5 6 7 8 9 10 11 12 13 15 16 17 18 19 20 21 22 23 24 25 26 27 29 30 31 32 33 34 35 36 37 38 39 40 41 42 43 44 45 46 47 48 49 50 51 52 53 54 55 57 58 59 60 
active=56: 1 2 3 4 5 6 7 8 9 10 11 12 13 15 16 17 18 19 20 21 22 23 24 25 26 27 29 30 31 32 33 34 35 37 38 39 40 41 42 43 44 45 46 47 48 49 50 51 52 53 54 55 57 58 59 60 
active=55: 1 2 3 4 5 6 7 8 9 10 11 12 13 15 16 17 18 19 20 21 22 23 25 26 27 29 30 31 32 33 34 35 37 38 39 40 41 42 43 44 45 46 47 48 49 50 51 52 53 54 55 57 58 59 60 
active=54: 1 2 3 4 5 6 7 8 9 10 11 12 13 15 16 17 18 19 20 21 22 23 25 26 27 29 30 31 33 34 35 37 38 39 40 41 42 43 44 45 46 47 48 49 50 51 52 53 54 55 57 58 59 60 
active=53: 1 2 3 4 5 6 7 8 9 10 11 12 13 15 16 17 18 19 20 21 22 23 25 26 27 29 30 33 34 35 37 38 39 40 41 42 43 44 45 46 47 48 49 50 51 52 53 54 55 57 58 59 60 
active=52: 1 2 3 4 5 6 7 8 9 10 11 12 13 15 16 17 18 19 20 21 22 23 25 26 27 29 30 33 34 35 37 38 39 40 41 42 43 44 45 46 47 48 49 50 51 52 53 54 55 57 58 60 
active=51: 1 2 3 4 5 6 7 8 9 10 11 12 13 15 16 17 18 19 20 21 22 23 25 26 27 29 30 33 34 35 37 38 39 40 41 42 43 45 46 47 48 49 50 51 52 53 54 55 57 58 60 
active=50: 1 2 3 4 5 6 7 8 9 10 11 12 13 15 16 17 18 19 20 21 22 23 25 26 27 29 30 33 34 35 37 38 39 40 41 42 43 45 46 48 49 50 51 52 53 54 55 57 58 60 
active=49: 1 2 3 4 5 6 7 8 9 10 11 12 13 15 16 17 18 19 20 21 22 23 25 26 27 29 30 33 34 35 37 38 39 40 41 42 43 45 46 48 49 50 51 52 53 55 57 58 60 
active=48: 1 2 3 4 5 6 7 8 9 10 11 12 13 15 16 17 18 19 20 21 22 23 25 26 27 29 30 33 34 35 37 38 39 40 41 42 43 45 46 49 50 51 52 53 55 57 58 60 
active=47: 1 2 3 4 5 6 7 8 9 10 11 12 13 15 16 17 18 19 21 22 23 25 26 27 29 30 33 34 35 37 38 39 40 41 42 43 45 46 49 50 51 52 53 55 57 58 60 
active=46: 1 2 3 4 5 6 7 8 9 10 11 12 13 15 16 17 18 19 21 22 23 25 26 27 29 30 33 34 35 37 38 39 41 42 43 45 46 49 50 51 52 53 55 57 58 60 
active=45: 1 2 3 4 5 6 7 8 9 10 11 12 13 15 16 17 18 19 21 22 23 25 26 27 29 30 33 34 35 37 38 39 41 42 43 45 46 49 50 51 52 53 55 57 58 
active=44: 1 2 3 4 5 6 7 8 9 10 11 12 13 15 16 17 19 21 22 23 25 26 27 29 30 33 34 35 37 38 39 41 42 43 45 46 49 50 51 52 53 55 57 58 
active=43: 1 2 3 4 5 6 7 8 9 10 11 12 13 15 16 17 21 22 23 25 26 27 29 30 33 34 35 37 38 39 41 42 43 45 46 49 50 51 52 53 55 57 58 
active=42: 1 2 3 4 5 6 7 9 10 11 12 13 15 16 17 21 22 23 25 26 27 29 30 33 34 35 37 38 39 41 42 43 45 46 49 50 51 52 53 55 57 58 
active=41: 1 2 3 4 5 6 7 9 10 11 12 13 15 16 17 21 22 23 25 26 27 29 30 33 34 35 37 38 39 41 42 43 45 49 50 51 52 53 55 57 58 
active=40: 1 2 3 4 5 6 7 9 10 11 12 13 15 16 17 21 22 23 25 26 27 29 30 34 35 37 38 39 41 42 43 45 49 50 51 52 53 55 57 58 
active=39: 1 2 3 4 5 6 7 9 10 11 12 13 15 16 17 21 22 23 25 26 27 29 30 34 35 37 38 39 42 43 45 49 50 51 52 53 55 57 58 
active=38: 1 2 3 4 5 6 7 9 10 12 13 15 16 17 21 22 23 25 26 27 29 30 34 35 37 38 39 42 43 45 49 50 51 52 53 55 57 58 
active=37: 1 2 3 4 5 6 7 9 10 12 13 15 16 17 21 22 23 25 26 27 29 30 34 35 37 38 39 42 43 45 49 50 51 53 55 57 58 
active=36: 1 2 3 4 5 6 7 9 10 12 13 15 16 17 22 23 25 26 27 29 30 34 35 37 38 39 42 43 45 49 50 51 53 55 57 58 
active=35: 1 2 3 4 5 6 7 9 10 12 13 15 16 17 22 23 26 27 29 30 34 35 37 38 39 42 43 45 49 50 51 53 55 57 58 
active=34: 1 2 3 4 5 6 7 9 10 12 13 16 17 22 23 26 27 29 30 34 35 37 38 39 42 43 45 49 50 51 53 55 57 58 
active=33: 1 2 3 4 5 6 7 9 10 12 13 16 17 22 23 26 27 29 30 34 35 37 38 39 42 43 45 49 50 51 53 55 57 
active=32: 1 2 3 4 5 6 7 9 10 12 13 16 17 22 23 26 27 29 30 34 35 37 38 39 42 43 45 50 51 53 55 57 
active=31: 1 2 3 4 5 6 7 9 10 12 13 16 17 22 23 26 27 29 30 34 35 37 38 39 43 45 50 51 53 55 57 
active=30: 1 2 3 4 5 6 7 9 10 12 13 16 17 22 23 26 27 29 30 34 35 37 39 43 45 50 51 53 55 57 
active=29: 1 2 3 4 5 6 7 9 10 12 13 16 17 22 23 27 29 30 34 35 37 39 43 45 50 51 53 55 57 
active=28: 1 2 3 4 5 6 7 9 10 12 13 16 17 22 23 27 29 30 34 35 37 39 43 45 50 51 55 57 
active=27: 1 2 3 4 5 6 7 9 10 12 13 16 17 22 23 27 29 34 35 37 39 43 45 50 51 55 57 
active=26: 1 2 3 4 5 6 7 9 10 12 13 17 22 23 27 29 34 35 37 39 43 45 50 51 55 57 
active=25: 1 2 3 4 5 6 7 9 10 12 13 17 22 23 27 34 35 37 39 43 45 50 51 55 57 
active=24: 1 2 3 4 5 6 7 9 10 12 13 17 22 23 27 34 35 39 43 45 50 51 55 57 
active=23: 1 2 3 4 5 6 7 9 10 12 13 17 22 23 27 34 35 39 45 50 51 55 57 
active=22: 1 2 3 4 5 6 7 9 10 12 13 17 22 23 27 34 35 39 50 51 55 57 
active=21: 1 2 3 4 5 6 7 9 10 12 13 17 22 23 27 34 35 39 50 51 55 
active=20: 1 2 3 4 5 6 7 9 10 12 13 17 22 23 27 34 35 39 51 55 
active=19: 1 2 3 4 5 6 7 9 10 12 13 17 22 23 27 34 35 39 55 
active=18: 1 2 3 4 5 6 7 9 10 12 13 17 22 27 34 35 39 55 
active=17: 1 2 3 4 5 6 7 9 10 12 13 17 22 27 34 39 55 
active=16: 1 2 3 4 5 6 7 9 10 12 13 22 27 34 39 55 
active=15: 1 2 3 4 5 6 7 9 10 12 22 27 34 39 55 
active=14: 1 2 3 4 5 6 7 9 10 22 27 34 39 55 
active=13: 1 2 3 4 5 6 7 9 10 22 27 39 55 
active=12: 1 2 3 4 5 6 7 9 10 22 27 55 
active=11: 1 2 3 4 5 6 7 9 10 22 55 
active=10: 1 2 3 4 5 6 7 9 10 22 
active=9: 1 2 4 5 6 7 9 10 22 
active=8: 1 4 5 6 7 9 10 22 
active=7: 1 4 5 7 9 10 22 
active=6: 1 4 5 7 9 10 
active=5: 4 5 7 9 10 
active=4: 4 5 7 10 
active=3: 5 7 10 
active=2: 7 10 
active=1: 10 
