0.000000 0.500000
1.000000 0.644900
2.000000 0.653900
3.000000 0.730400
4.000000 0.717300
5.000000 0.716700
6.000000 0.736000
7.000000 0.714100
8.000000 0.716800
9.000000 0.752100
10.000000 0.763900
11.000000 0.759000
12.000000 0.753600
13.000000 0.752500
14.000000 0.760600
15.000000 0.759400
16.000000 0.764300
17.000000 0.754400
18.000000 0.753800
19.000000 0.742600
20.000000 0.751500
21.000000 0.743700
22.000000 0.740800
23.000000 0.733200
24.000000 0.721000
25.000000 0.719300
26.000000 0.721900
27.000000 0.715900
28.000000 0.707500
29.000000 0.699500
30.000000 0.705700
31.000000 0.688300
32.000000 0.688900
33.000000 0.678900
34.000000 0.680400
35.000000 0.672800
36.000000 0.661000
37.000000 0.664400
38.000000 0.662400
39.000000 0.657000
40.000000 0.658600
41.000000 0.657200
42.000000 0.646400
43.000000 0.647800
44.000000 0.636900
45.000000 0.630900
46.000000 0.636500
47.000000 0.630600
48.000000 0.618500
49.000000 0.618600
50.000000 0.610100
51.000000 0.613300
52.000000 0.612200
53.000000 0.612800
54.000000 0.604100
55.000000 0.596900
56.000000 0.606600
57.000000 0.596400
58.000000 0.593800
59.000000 0.593900
60.000000 0.589700
