1 -0.169811633097 0.923439752976
2 0.055327366442 0.884160688329
3 0.004523220477 1.004417756396
4 -0.132880998416 0.960885931867
5 -0.115771511778 1.001318352703
6 -0.002281067264 1.085805586499
7 -0.197021892389 0.957544915204
8 -0.023951709589 1.098087863671
9 0.119118895980 1.099898369466
10 0.048774232796 0.920480810130
11 0.016895948087 1.058119225100
12 -0.092462898881 0.926665244129
13 0.029003287513 1.036152522279
14 -0.061456875344 0.976300605938
15 0.086298396831 0.947859195834
16 0.199725300096 0.972619551990
17 -0.124298745790 1.028579526713
18 -0.091488569860 1.079687183999
19 0.197939181456 0.845379899594
20 -0.251513327002 0.934553375807
21 0.053585375864 1.039792299644
22 -0.026786079452 1.009146804578
23 -0.037467089228 1.035583060900
24 -0.054377703563 0.993591299805
25 0.009005019097 0.980492746112
26 -0.015363849369 1.007347759800
27 0.007025296345 1.006784086354
28 -0.002509667840 1.026724062061
29 -0.059428330620 1.009547222310
30 -0.013416824138 0.922630479324
31 0.072961494599 1.026855193019
32 -0.164550238983 1.000612908967
33 -0.251624174221 0.923279526143
34 -0.044244823429 0.866930018636
35 -0.053307260057 0.978021777726
36 0.059205777192 1.008140392220
37 -0.121053128501 0.922726313127
38 0.188495060439 1.112964132656
39 0.044017357128 1.139554959865
40 -0.045791680390 0.985203709324
41 -0.045544529533 1.065330305128
42 0.181616134013 0.987420166323
43 -0.024584888139 0.959343153676
44 -0.013528711648 1.065862458837
45 0.066034510803 1.005540208900
46 0.038169685177 0.966506621090
47 0.111696428957 0.921075011036
48 0.157554996752 1.025727799820
49 0.000998947445 0.887670220883
50 0.275756894375 1.102028037215
51 0.120528350947 0.947668751057
52 -0.008300783858 1.075088141924
53 -0.154498393210 1.125254774674
54 -0.061915576287 0.929264516334
55 0.103611603180 0.942140365827
56 -0.163252913763 0.983814466039
57 -0.137274532140 0.876403179972
58 -0.036928750977 1.057886853329
59 -0.186851324162 0.994759894663
60 0.055454168314 1.100424003907
61 0.060071078436 1.042710726470
62 0.079561684496 1.042594917609
63 -0.002831620216 0.961558541122
64 -0.048472838897 0.949473850820
65 -0.006984891488 1.094168859022
66 0.096955987453 0.935468856751
67 0.174448553491 0.932186107264
68 0.099350825671 1.009916872625
69 -0.056369112298 0.887003017567
70 -0.008602600648 1.047123308850
71 0.044851142011 0.958711491223
72 0.033610325424 0.927187008907
73 0.141432655172 0.833221858104
74 -0.310927614242 1.095278352081
75 0.151541467155 0.965141852645
76 -0.018113581762 0.942247556474
77 0.014345461774 0.889264789464
78 -0.001390428290 1.010008664172
79 0.092351842842 1.141316750018
80 -0.132759054555 1.096229190409
81 0.023528058706 0.862934977295
82 0.027126421865 0.931197819296
83 -0.085890080454 1.105062802546
84 -0.011600781848 1.034012930500
85 -0.085036183025 1.056489238825
86 -0.062745039909 0.940399421025
87 -0.030815179948 0.931959393828
88 -0.063479060084 0.955276849693
89 0.113151987314 0.973886651458
90 0.014388342013 1.014950012986
91 0.052151124310 0.940098720272
92 -0.034256775636 0.901876214170
93 0.151965192473 1.095979037410
94 0.122935745667 1.007626069710
95 0.039062066024 1.035586746588
96 -0.064767998495 0.939391440499
97 0.169484016491 0.850833021876
98 0.023202863309 0.958200099418
99 0.149132240991 1.058503526422
100 -0.044896431037 0.975892434593
