1 0.276284448980 0.826228435652
2 0.130772958333 0.971480075349
3 -0.142042148936 1.082264437363
4 0.099904957447 0.981833751005
5 -0.003611775510 0.992200801122
6 -0.024279083333 0.871616113677
7 0.070626780000 1.120066123749
8 0.011312489796 1.038899435915
9 0.063215695652 0.859457917339
10 -0.236334420000 0.881052824913
11 -0.010883854167 0.939969071598
12 0.103503895833 0.999506833477
13 -0.056487428571 0.861677654409
14 0.146963978261 1.143645712835
15 0.027532166667 1.035032854201
16 0.213635826087 1.067661604021
17 0.298276875000 0.965467576797
18 -0.068100489796 1.108284667922
19 0.061998266667 0.933377281117
20 0.131832395833 1.096324289631
21 0.022558420000 0.800789912216
22 -0.016450408163 0.967676287208
23 -0.001403444444 0.870939373767
24 -0.121935326531 1.107453874297
25 -0.138911458333 0.782686382140
26 0.086118693878 0.962816690120
27 -0.078789404255 0.982036385237
28 -0.090228163265 1.019192884144
29 0.029455367347 0.948521375508
30 -0.385175913043 0.851048062650
31 0.232189695652 1.012336890253
32 0.318401347826 1.058888034633
33 -0.136128425532 0.956218423626
34 -0.018770723404 0.812018427700
35 -0.034476666667 1.069264467286
36 0.197285510638 1.236210864294
37 0.149683340426 1.007683938367
38 0.033746456522 0.871250055432
39 0.392539938776 0.968343683452
40 -0.040054688889 0.874757882869
