active=100: 1 2 3 4 5 6 7 8 9 10 11 12 13 14 15 16 17 18 19 20 21 22 23 24 25 26 27 28 29 30 31 32 33 34 35 36 37 38 39 40 41 42 43 44 45 46 47 48 49 50 51 52 53 54 55 56 57 58 59 60 61 62 63 64 65 66 67 68 69 70 71 72 73 74 75 76 77 78 79 80 81 82 83 84 85 86 87 88 89 90 91 92 93 94 95 96 97 98 99 100 
active=99: 1 2 3 4 5 6 7 8 9 10 11 12 13 14 15 16 18 19 20 21 22 23 24 25 26 27 28 29 30 31 32 33 34 35 36 37 38 39 40 41 42 43 44 45 46 47 48 49 50 51 52 53 54 55 56 57 58 59 60 61 62 63 64 65 66 67 68 69 70 71 72 73 74 75 76 77 78 79 80 81 82 83 84 85 86 87 88 89 90 91 92 93 94 95 96 97 98 99 100 
active=98: 1 2 3 4 5 6 7 8 9 10 11 12 13 14 15 16 18 19 20 21 22 23 24 25 26 27 28 29 30 31 32 33 34 35 36 37 38 39 40 41 42 43 44 45 46 47 48 49 50 51 52 53 54 55 56 57 58 59 60 61 62 63 65 66 67 68 69 70 71 72 73 74 75 76 77 78 79 80 81 82 83 84 85 86 87 88 89 90 91 92 93 94 95 96 97 98 99 100 
active=97: 1 2 3 4 5 6 7 8 9 10 11 12 13 14 15 16 18 19 20 21 22 23 24 25 26 27 28 29 30 31 32 33 34 35 36 37 38 39 40 41 42 43 44 45 46 47 48 49 50 51 52 53 54 55 56 57 58 59 60 61 63 65 66 67 68 69 70 71 72 73 74 75 76 77 78 79 80 81 82 83 84 85 86 87 88 89 90 91 92 93 94 95 96 97 98 99 100 
active=96: 1 2 3 4 5 6 7 8 9 10 11 12 13 14 15 16 18 19 20 21 22 23 24 25 26 27 28 29 30 31 32 33 34 35 36 37 38 39 40 41 42 43 44 45 46 47 48 49 50 51 52 53 54 55 56 57 58 59 60 61 63 65 66 67 68 69 70 71 72 73 74 75 76 77 78 79 80 81 82 83 84 85 86 87 89 90 91 92 93 94 95 96 97 98 99 100 
active=95: 1 2 3 4 5 6 7 8 9 10 11 12 13 14 15 16 18 19 20 21 22 23 24 25 26 27 28 29 30 31 32 33 34 35 36 37 38 39 40 41 42 43 44 45 46 47 48 49 50 51 52 53 54 55 56 57 58 59 60 61 63 65 66 67 68 69 70 71 72 73 74 75 76 77 78 79 80 81 82 83 84 85 86 87 89 90 91 92 93 94 95 96 98 99 100 
active=94: 1 2 3 4 5 6 7 8 9 10 11 12 13 14 15 16 19 20 21 22 23 24 25 26 27 28 29 30 31 32 33 34 35 36 37 38 39 40 41 42 43 44 45 46 47 48 49 50 51 52 53 54 55 56 57 58 59 60 61 63 65 66 67 68 69 70 71 72 73 74 75 76 77 78 79 80 81 82 83 84 85 86 87 89 90 91 92 93 94 95 96 98 99 100 
active=93: 1 2 3 4 5 6 7 8 9 10 11 12 13 14 15 16 19 20 21 22 23 24 25 26 27 28 29 30 31 32 33 34 35 36 37 38 39 40 41 42 43 44 45 46 47 48 49 50 51 52 53 54 55 56 57 58 59 60 61 63 65 66 67 68 69 71 72 73 74 75 76 77 78 79 80 81 82 83 84 85 86 87 89 90 91 92 93 94 95 96 98 99 100 
active=92: 1 2 3 4 5 6 7 8 9 10 11 12 13 14 15 16 19 20 21 22 23 24 25 26 27 28 29 30 31 32 33 34 35 36 37 38 39 40 41 42 43 44 45 46 47 48 49 50 51 52 53 54 55 56 57 58 59 60 61 63 65 66 67 68 69 71 72 73 74 75 76 77 78 79 80 81 82 83 84 85 86 87 89 90 91 92 93 94 95 96 99 100 
active=91: 1 2 3 4 5 6 7 8 9 10 11 12 13 14 15 16 19 20 21 22 23 24 25 26 27 28 29 30 31 32 33 34 35 36 37 39 40 41 42 43 44 45 46 47 48 49 50 51 52 53 54 55 56 57 58 59 60 61 63 65 66 67 68 69 71 72 73 74 75 76 77 78 79 80 81 82 83 84 85 86 87 89 90 91 92 93 94 95 96 99 100 
active=90: 1 2 3 4 5 6 7 8 9 10 11 12 13 14 15 16 19 20 21 22 23 24 25 26 27 28 29 30 31 32 33 34 35 36 37 40 41 42 43 44 45 46 47 48 49 50 51 52 53 54 55 56 57 58 59 60 61 63 65 66 67 68 69 71 72 73 74 75 76 77 78 79 80 81 82 83 84 85 86 87 89 90 91 92 93 94 95 96 99 100 
active=89: 1 2 3 4 5 6 7 8 9 10 11 12 13 14 15 16 19 20 21 22 23 24 25 26 27 28 29 30 31 32 33 34 35 36 37 40 42 43 44 45 46 47 48 49 50 51 52 53 54 55 56 57 58 59 60 61 63 65 66 67 68 69 71 72 73 74 75 76 77 78 79 80 81 82 83 84 85 86 87 89 90 91 92 93 94 95 96 99 100 
active=88: 1 2 3 4 5 6 7 8 9 10 11 12 13 14 15 16 19 20 21 22 23 24 25 26 28 29 30 31 32 33 34 35 36 37 40 42 43 44 45 46 47 48 49 50 51 52 53 54 55 56 57 58 59 60 61 63 65 66 67 68 69 71 72 73 74 75 76 77 78 79 80 81 82 83 84 85 86 87 89 90 91 92 93 94 95 96 99 100 
active=87: 1 2 3 4 5 6 7 8 9 10 11 12 13 14 15 16 19 20 21 22 23 24 25 26 28 29 30 31 32 33 34 35 36 37 40 42 43 44 45 46 47 48 49 50 51 52 53 54 55 56 57 58 59 60 61 63 65 66 67 68 69 71 72 74 75 76 77 78 79 80 81 82 83 84 85 86 87 89 90 91 92 93 94 95 96 99 100 
active=86: 1 2 3 4 5 6 7 8 9 10 11 12 13 14 15 16 19 20 21 22 23 24 25 26 28 29 30 31 32 33 34 35 36 37 40 42 43 44 46 47 48 49 50 51 52 53 54 55 56 57 58 59 60 61 63 65 66 67 68 69 71 72 74 75 76 77 78 79 80 81 82 83 84 85 86 87 89 90 91 92 93 94 95 96 99 100 
active=85: 1 2 3 4 5 6 7 8 9 10 11 12 13 14 15 16 19 20 21 22 23 24 25 26 28 29 30 31 32 33 34 35 36 37 40 42 43 44 46 47 48 49 50 51 52 53 54 55 56 57 58 59 60 61 63 65 66 67 68 69 71 72 74 75 76 78 79 80 81 82 83 84 85 86 87 89 90 91 92 93 94 95 96 99 100 
active=84: 1 2 3 4 5 6 7 8 9 10 11 12 13 14 15 16 19 20 21 22 23 24 26 28 29 30 31 32 33 34 35 36 37 40 42 43 44 46 47 48 49 50 51 52 53 54 55 56 57 58 59 60 61 63 65 66 67 68 69 71 72 74 75 76 78 79 80 81 82 83 84 85 86 87 89 90 91 92 93 94 95 96 99 100 
active=83: 1 2 3 4 5 6 7 8 9 10 11 12 13 14 15 16 19 20 21 22 23 24 26 28 29 30 31 32 33 34 35 36 37 40 42 43 44 46 47 48 49 50 51 52 53 54 55 56 57 58 59 60 61 63 65 66 67 68 69 71 72 74 75 76 78 79 81 82 83 84 85 86 87 89 90 91 92 93 94 95 96 99 100 
active=82: 1 2 3 4 5 6 7 8 9 10 11 12 13 14 15 16 19 20 21 22 23 24 26 28 29 30 31 32 33 34 35 36 37 40 42 43 44 47 48 49 50 51 52 53 54 55 56 57 58 59 60 61 63 65 66 67 68 69 71 72 74 75 76 78 79 81 82 83 84 85 86 87 89 90 91 92 93 94 95 96 99 100 
active=81: 1 2 3 4 5 6 7 8 9 10 11 12 13 14 15 16 19 20 21 22 23 24 26 28 29 30 31 32 33 34 35 36 37 40 42 43 44 47 48 49 50 51 52 53 54 55 56 57 58 59 60 61 63 66 67 68 69 71 72 74 75 76 78 79 81 82 83 84 85 86 87 89 90 91 92 93 94 95 96 99 100 
active=80: 1 2 3 4 5 6 7 8 9 10 11 12 13 14 15 16 19 20 21 22 23 24 26 28 29 30 31 32 33 34 35 36 37 40 42 43 44 47 48 50 51 52 53 54 55 56 57 58 59 60 61 63 66 67 68 69 71 72 74 75 76 78 79 81 82 83 84 85 86 87 89 90 91 92 93 94 95 96 99 100 
active=79: 1 2 3 4 5 6 7 8 9 10 11 12 13 14 15 16 19 20 21 22 23 24 26 28 29 30 31 32 33 34 35 36 37 40 43 44 47 48 50 51 52 53 54 55 56 57 58 59 60 61 63 66 67 68 69 71 72 74 75 76 78 79 81 82 83 84 85 86 87 89 90 91 92 93 94 95 96 99 100 
active=78: 1 2 3 4 5 6 7 8 9 10 11 12 14 15 16 19 20 21 22 23 24 26 28 29 30 31 32 33 34 35 36 37 40 43 44 47 48 50 51 52 53 54 55 56 57 58 59 60 61 63 66 67 68 69 71 72 74 75 76 78 79 81 82 83 84 85 86 87 89 90 91 92 93 94 95 96 99 100 
active=77: 1 2 3 4 5 6 7 8 9 10 11 12 14 15 16 19 20 21 22 23 24 26 28 29 30 31 32 33 34 35 36 37 40 43 44 47 48 50 51 52 53 54 55 56 57 58 60 61 63 66 67 68 69 71 72 74 75 76 78 79 81 82 83 84 85 86 87 89 90 91 92 93 94 95 96 99 100 
active=76: 1 2 3 4 5 6 7 8 9 10 11 12 14 15 16 19 20 21 22 23 24 26 28 29 30 31 32 33 34 36 37 40 43 44 47 48 50 51 52 53 54 55 56 57 58 60 61 63 66 67 68 69 71 72 74 75 76 78 79 81 82 83 84 85 86 87 89 90 91 92 93 94 95 96 99 100 
active=75: 1 2 3 4 5 6 7 8 9 10 11 12 14 15 16 19 20 21 22 23 24 26 28 29 30 31 32 33 34 36 37 40 43 44 47 48 50 51 52 53 54 55 56 57 58 60 61 63 66 67 68 69 71 72 74 75 76 78 79 81 82 83 84 85 86 87 89 90 91 92 93 94 96 99 100 
active=74: 1 2 3 4 5 6 7 8 9 10 11 12 14 15 16 19 20 21 22 23 24 26 28 29 30 31 32 33 34 36 37 40 43 44 47 48 50 51 52 53 54 55 56 57 58 60 61 63 66 67 68 69 71 72 74 75 76 78 79 81 83 84 85 86 87 89 90 91 92 93 94 96 99 100 
active=73: 1 2 3 4 5 6 7 8 9 10 11 12 14 15 16 19 20 21 22 23 24 26 28 29 30 31 32 33 34 36 37 40 43 44 47 48 50 51 52 53 54 55 56 57 58 60 61 63 66 67 68 69 71 72 74 75 76 78 79 81 83 84 85 86 87 89 90 91 92 94 96 99 100 
active=72: 1 2 3 4 5 6 7 8 9 10 11 12 14 15 16 19 20 21 22 23 24 26 28 29 30 31 32 33 34 36 37 40 43 44 47 48 50 51 52 53 54 55 56 57 58 60 61 63 66 67 69 71 72 74 75 76 78 79 81 83 84 85 86 87 89 90 91 92 94 96 99 100 
active=71: 1 2 3 4 5 6 7 8 9 10 11 12 14 15 19 20 21 22 23 24 26 28 29 30 31 32 33 34 36 37 40 43 44 47 48 50 51 52 53 54 55 56 57 58 60 61 63 66 67 69 71 72 74 75 76 78 79 81 83 84 85 86 87 89 90 91 92 94 96 99 100 
active=70: 1 2 3 4 5 6 7 8 9 10 11 12 14 15 19 20 21 22 23 24 26 28 29 30 31 32 33 34 36 37 40 44 47 48 50 51 52 53 54 55 56 57 58 60 61 63 66 67 69 71 72 74 75 76 78 79 81 83 84 85 86 87 89 90 91 92 94 96 99 100 
active=69: 1 2 3 4 5 6 7 8 9 10 11 12 14 15 19 20 21 22 23 24 28 29 30 31 32 33 34 36 37 40 44 47 48 50 51 52 53 54 55 56 57 58 60 61 63 66 67 69 71 72 74 75 76 78 79 81 83 84 85 86 87 89 90 91 92 94 96 99 100 
active=68: 1 2 3 4 5 6 7 8 9 10 11 12 14 15 19 20 21 22 23 24 28 29 30 31 32 33 34 36 37 40 44 47 48 50 51 52 53 54 55 56 57 58 60 61 63 66 67 69 71 72 74 75 76 78 79 81 83 84 85 86 87 89 90 91 92 94 96 99 
active=67: 1 2 3 4 5 6 7 8 9 10 11 12 14 15 19 20 21 22 24 28 29 30 31 32 33 34 36 37 40 44 47 48 50 51 52 53 54 55 56 57 58 60 61 63 66 67 69 71 72 74 75 76 78 79 81 83 84 85 86 87 89 90 91 92 94 96 99 
active=66: 1 2 3 4 5 6 7 8 9 10 11 12 14 15 19 20 21 22 24 28 29 30 31 32 33 34 36 37 40 44 47 48 50 51 52 53 54 55 56 57 58 60 61 63 66 67 69 71 72 74 75 76 78 79 81 83 84 85 87 89 90 91 92 94 96 99 
active=65: 1 2 3 4 5 6 7 8 9 10 11 12 14 15 20 21 22 24 28 29 30 31 32 33 34 36 37 40 44 47 48 50 51 52 53 54 55 56 57 58 60 61 63 66 67 69 71 72 74 75 76 78 79 81 83 84 85 87 89 90 91 92 94 96 99 
active=64: 1 2 3 4 5 6 7 8 9 10 11 12 14 15 20 21 22 24 28 29 30 31 32 33 34 36 37 40 44 47 48 50 51 53 54 55 56 57 58 60 61 63 66 67 69 71 72 74 75 76 78 79 81 83 84 85 87 89 90 91 92 94 96 99 
active=63: 1 2 3 4 5 6 7 8 9 10 11 12 15 20 21 22 24 28 29 30 31 32 33 34 36 37 40 44 47 48 50 51 53 54 55 56 57 58 60 61 63 66 67 69 71 72 74 75 76 78 79 81 83 84 85 87 89 90 91 92 94 96 99 
active=62: 1 2 3 4 5 6 7 8 9 10 11 12 15 20 21 22 24 28 29 30 31 32 33 34 36 37 40 44 47 48 50 51 53 54 55 56 57 58 60 61 63 66 67 69 71 72 74 75 76 78 79 81 83 84 85 87 89 91 92 94 96 99 
active=61: 1 2 3 4 5 6 7 8 9 10 11 12 15 20 21 22 24 28 29 30 32 33 34 36 37 40 44 47 48 50 51 53 54 55 56 57 58 60 61 63 66 67 69 71 72 74 75 76 78 79 81 83 84 85 87 89 91 92 94 96 99 
active=60: 1 2 3 4 5 6 7 8 9 10 11 12 15 20 21 22 24 28 29 30 32 33 34 36 37 40 44 48 50 51 53 54 55 56 57 58 60 61 63 66 67 69 71 72 74 75 76 78 79 81 83 84 85 87 89 91 92 94 96 99 
active=59: 1 2 3 4 5 6 7 8 9 10 11 12 15 20 21 22 24 28 29 30 32 33 34 36 37 40 44 48 50 51 53 54 55 56 57 58 60 61 63 66 67 69 71 72 74 75 78 79 81 83 84 85 87 89 91 92 94 96 99 
active=58: 1 2 3 4 5 6 7 8 9 10 11 12 15 20 21 22 24 28 29 30 32 33 36 37 40 44 48 50 51 53 54 55 56 57 58 60 61 63 66 67 69 71 72 74 75 78 79 81 83 84 85 87 89 91 92 94 96 99 
active=57: 1 2 3 4 5 6 7 8 9 10 11 12 15 20 21 22 24 28 29 30 32 33 36 37 40 44 48 50 51 53 55 56 57 58 60 61 63 66 67 69 71 72 74 75 78 79 81 83 84 85 87 89 91 92 94 96 99 
active=56: 1 2 3 4 5 6 7 8 9 10 11 12 15 20 21 22 24 28 29 30 32 33 36 37 40 44 50 51 53 55 56 57 58 60 61 63 66 67 69 71 72 74 75 78 79 81 83 84 85 87 89 91 92 94 96 99 
active=55: 1 2 3 4 5 6 7 8 9 10 11 12 15 20 21 22 24 28 29 30 32 33 36 37 40 44 50 51 53 55 56 57 58 60 61 63 66 67 69 71 72 74 75 78 79 81 83 84 85 87 89 91 92 94 99 
active=54: 1 2 3 4 5 6 7 8 9 10 11 15 20 21 22 24 28 29 30 32 33 36 37 40 44 50 51 53 55 56 57 58 60 61 63 66 67 69 71 72 74 75 78 79 81 83 84 85 87 89 91 92 94 99 
active=53: 1 2 3 4 5 6 7 8 9 10 15 20 21 22 24 28 29 30 32 33 36 37 40 44 50 51 53 55 56 57 58 60 61 63 66 67 69 71 72 74 75 78 79 81 83 84 85 87 89 91 92 94 99 
active=52: 1 2 3 4 5 6 7 8 9 10 15 20 21 22 24 28 29 30 32 33 36 37 40 44 50 51 53 55 56 57 58 60 61 63 66 67 69 71 74 75 78 79 81 83 84 85 87 89 91 92 94 99 
active=51: 1 2 3 4 5 6 7 8 9 10 15 20 21 22 24 28 29 30 32 33 36 37 40 44 50 51 53 55 56 57 58 60 61 63 66 67 69 71 74 75 78 79 81 83 84 85 87 89 91 94 99 
active=50: 1 2 3 4 5 6 7 8 9 10 15 20 21 22 24 28 29 30 32 33 36 37 40 44 50 51 53 55 56 57 60 61 63 66 67 69 71 74 75 78 79 81 83 84 85 87 89 91 94 99 
active=49: 1 2 3 4 5 6 7 8 9 10 15 20 21 22 24 28 29 30 32 33 36 37 40 44 50 51 53 55 56 57 60 61 63 66 67 69 71 74 75 78 79 81 83 84 85 87 89 94 99 
active=48: 1 2 3 4 5 6 7 8 9 10 15 20 21 22 24 28 29 30 32 33 36 37 40 44 50 51 53 55 56 57 60 61 63 66 67 69 71 74 75 78 81 83 84 85 87 89 94 99 
active=47: 1 2 3 4 5 6 7 8 9 10 15 20 21 22 24 28 29 30 32 33 36 37 40 44 50 51 53 56 57 60 61 63 66 67 69 71 74 75 78 81 83 84 85 87 89 94 99 
active=46: 1 2 3 4 5 6 7 8 9 10 15 20 21 22 24 28 29 30 33 36 37 40 44 50 51 53 56 57 60 61 63 66 67 69 71 74 75 78 81 83 84 85 87 89 94 99 
active=45: 1 2 3 4 5 6 7 8 9 10 15 20 21 22 24 28 29 30 33 36 37 40 44 50 51 53 56 57 60 61 63 66 67 69 74 75 78 81 83 84 85 87 89 94 99 
active=44: 1 2 3 4 5 6 7 8 9 10 15 20 21 24 28 29 30 33 36 37 40 44 50 51 53 56 57 60 61 63 66 67 69 74 75 78 81 83 84 85 87 89 94 99 
active=43: 1 2 3 4 5 6 7 8 9 10 15 20 21 24 28 29 30 33 36 37 44 50 51 53 56 57 60 61 63 66 67 69 74 75 78 81 83 84 85 87 89 94 99 
active=42: 1 2 3 4 5 6 7 8 9 10 15 20 21 24 28 29 30 33 36 37 44 50 51 53 56 57 60 61 63 66 67 69 74 75 78 81 84 85 87 89 94 99 
active=41: 1 2 3 4 5 6 7 8 9 10 15 20 21 24 28 29 30 33 36 37 44 50 51 53 56 57 60 61 63 66 67 69 74 75 78 81 84 85 87 89 94 
active=40: 1 2 3 4 5 6 7 8 9 10 15 20 21 24 28 29 30 33 36 37 44 50 51 53 56 57 60 63 66 67 69 74 75 78 81 84 85 87 89 94 
active=39: 1 2 3 4 5 6 7 8 9 10 15 20 21 24 28 29 30 33 36 37 44 50 51 53 56 57 60 63 66 67 69 74 75 78 81 84 85 89 94 
active=38: 1 2 3 4 5 6 7 8 9 10 15 20 21 24 28 29 30 33 36 37 44 50 51 53 56 57 60 63 66 67 69 74 75 78 84 85 89 94 
active=37: 1 2 3 4 5 6 7 8 9 10 15 20 21 24 28 29 33 36 37 44 50 51 53 56 57 60 63 66 67 69 74 75 78 84 85 89 94 
active=36: 1 2 3 4 5 6 7 8 9 10 15 21 24 28 29 33 36 37 44 50 51 53 56 57 60 63 66 67 69 74 75 78 84 85 89 94 
active=35: 1 2 3 4 5 6 7 8 9 10 15 21 24 28 29 33 36 37 44 50 51 53 56 57 60 63 66 67 69 74 75 78 84 89 94 
active=34: 1 2 3 4 5 6 7 8 9 10 15 21 24 28 29 33 36 37 44 51 53 56 57 60 63 66 67 69 74 75 78 84 89 94 
active=33: 1 2 3 4 5 6 7 8 9 10 15 21 24 28 29 33 36 37 44 51 53 56 57 60 66 67 69 74 75 78 84 89 94 
active=32: 1 2 3 4 5 6 7 8 9 10 15 21 24 28 29 33 36 37 44 53 56 57 60 66 67 69 74 75 78 84 89 94 
active=31: 1 2 3 4 5 6 7 8 9 10 15 21 24 28 29 33 36 37 44 53 56 57 60 66 67 69 74 75 84 89 94 
active=30: 1 2 3 4 5 6 7 8 9 10 15 21 24 28 33 36 37 44 53 56 57 60 66 67 69 74 75 84 89 94 
active=29: 1 2 3 4 5 6 7 8 9 10 15 21 24 28 33 36 37 44 53 56 57 60 66 67 69 74 75 84 89 
active=28: 1 2 3 4 5 6 7 8 9 10 15 21 24 28 33 36 37 44 53 56 57 60 66 67 69 74 75 84 
active=27: 1 2 3 4 5 6 7 8 9 10 15 21 24 28 33 36 44 53 56 57 60 66 67 69 74 75 84 
active=26: 1 2 3 4 5 6 7 8 9 10 15 21 24 28 33 36 44 53 56 57 60 66 67 74 75 84 
active=25: 1 2 3 4 5 6 7 8 9 10 15 21 24 28 33 36 44 53 56 57 60 66 74 75 84 
active=24: 1 2 3 4 5 6 7 8 9 10 15 21 28 33 36 44 53 56 57 60 66 74 75 84 
active=23: 1 2 3 4 5 6 7 8 9 10 15 21 28 33 36 44 53 56 57 60 74 75 84 
active=22: 1 2 3 4 5 6 7 8 9 10 15 21 28 33 36 44 53 57 60 74 75 84 
active=21: 1 2 3 4 5 6 7 8 9 10 15 21 28 33 36 44 53 60 74 75 84 
active=20: 1 2 3 4 5 6 7 8 9 10 15 21 28 33 36 44 53 60 74 75 
active=19: 1 2 3 4 5 6 7 8 9 10 15 21 28 33 36 53 60 74 75 
active=18: 1 2 3 4 5 6 7 8 9 10 15 21 28 33 36 60 74 75 
active=17: 1 2 3 4 5 6 7 8 9 10 15 28 33 36 60 74 75 
active=16: 1 2 3 4 5 6 7 8 9 10 15 28 36 60 74 75 
active=15: 1 2 3 4 5 6 7 8 9 10 28 36 60 74 75 
active=14: 1 2 3 4 5 6 7 8 9 10 28 36 60 75 
active=13: 1 2 3 4 5 6 7 8 9 10 28 36 75 
active=12: 1 2 3 4 5 6 7 8 9 10 28 75 
active=11: 1 2 3 4 5 6 7 8 9 10 75 
active=10: 1 2 3 4 5 6 7 8 9 10 
active=9: 1 3 4 5 6 7 8 9 10 
active=8: 1 3 4 6 7 8 9 10 
active=7: 1 4 6 7 8 9 10 
active=6: 4 6 7 8 9 10 
active=5: 4 6 7 8 9 
active=4: 4 6 7 8 
active=3: 4 6 7 
active=2: 4 7 
active=1: 7 
