0.000000 0.500000 0.500000
1.000000 0.659400 0.650600
2.000000 0.635800 0.650600
3.000000 0.685600 0.703000
4.000000 0.730100 0.762800
5.000000 0.759100 0.786200
6.000000 0.754700 0.779800
7.000000 0.756200 0.791000
8.000000 0.751900 0.791600
9.000000 0.753700 0.806800
10.000000 0.782500 0.832200
11.000000 0.807800 0.849800
12.000000 0.797400 0.848800
13.000000 0.786100 0.842900
14.000000 0.779400 0.841300
15.000000 0.779400 0.846000
16.000000 0.789600 0.844900
17.000000 0.781200 0.857000
18.000000 0.781700 0.858400
19.000000 0.776600 0.867400
20.000000 0.780800 0.862700
21.000000 0.766500 0.868000
22.000000 0.774200 0.869100
23.000000 0.765600 0.872500
24.000000 0.771000 0.877900
25.000000 0.764300 0.886600
26.000000 0.765700 0.881200
27.000000 0.767800 0.884600
28.000000 0.782300 0.892000
29.000000 0.770400 0.892800
30.000000 0.780200 0.896600
31.000000 0.782800 0.905100
32.000000 0.783800 0.908400
33.000000 0.781700 0.919700
34.000000 0.788200 0.917900
35.000000 0.776400 0.923200
36.000000 0.777100 0.920700
37.000000 0.779900 0.922900
38.000000 0.775400 0.932300
39.000000 0.782500 0.935000
40.000000 0.783300 0.934400
41.000000 0.775500 0.945500
42.000000 0.776600 0.941800
43.000000 0.768700 0.942600
44.000000 0.770200 0.945300
45.000000 0.761300 0.950200
46.000000 0.756200 0.952200
47.000000 0.754800 0.946300
48.000000 0.753400 0.948300
49.000000 0.751900 0.949400
50.000000 0.756700 0.950900
51.000000 0.743900 0.952300
52.000000 0.745000 0.955700
53.000000 0.748700 0.951400
54.000000 0.733700 0.952500
55.000000 0.735400 0.954400
56.000000 0.737400 0.953700
57.000000 0.728400 0.955100
58.000000 0.725500 0.956400
59.000000 0.717700 0.957500
60.000000 0.710700 0.956300
61.000000 0.711800 0.960900
62.000000 0.707200 0.962300
63.000000 0.705800 0.960000
64.000000 0.697600 0.965900
65.000000 0.705600 0.961600
66.000000 0.699500 0.961200
67.000000 0.700500 0.965200
68.000000 0.702800 0.963500
69.000000 0.689900 0.968000
70.000000 0.681900 0.968200
71.000000 0.684500 0.970700
72.000000 0.680300 0.972500
73.000000 0.684900 0.970700
74.000000 0.678800 0.971200
75.000000 0.678100 0.973000
76.000000 0.679600 0.970700
77.000000 0.673700 0.971800
78.000000 0.680600 0.972400
79.000000 0.667200 0.971100
80.000000 0.670500 0.973300
81.000000 0.662600 0.974900
82.000000 0.656100 0.973000
83.000000 0.654000 0.975900
84.000000 0.655500 0.973800
85.000000 0.656700 0.974700
86.000000 0.641100 0.975700
87.000000 0.650000 0.976100
88.000000 0.650700 0.976300
89.000000 0.645400 0.975800
90.000000 0.644100 0.977600
91.000000 0.644200 0.976400
92.000000 0.641100 0.976500
93.000000 0.641800 0.978100
94.000000 0.639200 0.978700
95.000000 0.633400 0.978100
96.000000 0.628100 0.979000
97.000000 0.628200 0.980000
98.000000 0.628200 0.979300
99.000000 0.627600 0.978300
100.000000 0.623500 0.980600
