0.000000 0.500000 0.500000
1.000000 0.624783 0.618152
2.000000 0.647500 0.660435
3.000000 0.658261 0.687283
4.000000 0.667717 0.711522
5.000000 0.660870 0.705435
6.000000 0.672174 0.728370
7.000000 0.691522 0.743478
8.000000 0.678804 0.743587
9.000000 0.678696 0.739783
10.000000 0.673478 0.758261
11.000000 0.690217 0.757935
12.000000 0.708261 0.790217
13.000000 0.710870 0.797500
14.000000 0.715000 0.808478
15.000000 0.712391 0.812826
16.000000 0.710217 0.810000
17.000000 0.696087 0.811630
18.000000 0.717717 0.827935
19.000000 0.722609 0.835978
20.000000 0.722283 0.839239
21.000000 0.735761 0.851196
22.000000 0.726957 0.854674
23.000000 0.717500 0.847717
24.000000 0.705761 0.839674
25.000000 0.703478 0.856848
26.000000 0.699239 0.848913
27.000000 0.716196 0.861087
28.000000 0.712391 0.877500
29.000000 0.709783 0.871848
30.000000 0.706739 0.868696
31.000000 0.709348 0.882065
32.000000 0.707283 0.884348
33.000000 0.688043 0.887609
34.000000 0.689239 0.892500
35.000000 0.693804 0.897717
36.000000 0.691739 0.898370
37.000000 0.688043 0.900435
38.000000 0.685000 0.906848
39.000000 0.679674 0.907500
40.000000 0.688261 0.911522
41.000000 0.683370 0.917717
42.000000 0.676848 0.923043
43.000000 0.677609 0.917609
44.000000 0.685543 0.925326
45.000000 0.670435 0.926848
46.000000 0.679239 0.931087
47.000000 0.669891 0.932500
48.000000 0.667826 0.935543
49.000000 0.669891 0.934239
50.000000 0.663696 0.938587
51.000000 0.662065 0.932826
52.000000 0.649457 0.936739
53.000000 0.645761 0.941196
54.000000 0.639783 0.942717
55.000000 0.641630 0.942065
56.000000 0.645652 0.949022
57.000000 0.644891 0.948261
58.000000 0.631087 0.948370
59.000000 0.636087 0.951848
60.000000 0.634348 0.951522
61.000000 0.632283 0.950109
62.000000 0.631522 0.955543
63.000000 0.623804 0.952174
64.000000 0.614239 0.955761
65.000000 0.625761 0.955870
66.000000 0.622826 0.955652
67.000000 0.615978 0.959783
68.000000 0.607717 0.958696
69.000000 0.605109 0.959783
70.000000 0.603804 0.959239
71.000000 0.605543 0.958804
72.000000 0.615543 0.958804
73.000000 0.594674 0.959783
74.000000 0.601196 0.960978
75.000000 0.591087 0.962065
76.000000 0.587935 0.962391
77.000000 0.592609 0.964022
78.000000 0.594348 0.963261
79.000000 0.575435 0.964457
80.000000 0.575652 0.967065
81.000000 0.570870 0.967500
82.000000 0.585109 0.966196
83.000000 0.565978 0.964348
84.000000 0.570870 0.965870
85.000000 0.560652 0.967609
86.000000 0.563587 0.967609
87.000000 0.557826 0.968261
88.000000 0.557826 0.969674
89.000000 0.555109 0.969674
90.000000 0.557500 0.969130
91.000000 0.548804 0.970000
92.000000 0.541304 0.969457
93.000000 0.541413 0.970326
94.000000 0.542174 0.970761
95.000000 0.537065 0.970109
96.000000 0.539457 0.970652
97.000000 0.535109 0.970000
98.000000 0.525978 0.972391
99.000000 0.529674 0.972065
100.000000 0.532609 0.973804
