0.000000 0.520000
1.000000 0.592600
2.000000 0.712600
3.000000 0.748400
4.000000 0.737400
5.000000 0.766600
6.000000 0.776800
7.000000 0.791000
8.000000 0.784800
9.000000 0.804800
10.000000 0.816800
11.000000 0.859600
12.000000 0.851000
13.000000 0.855400
14.000000 0.884400
15.000000 0.891400
16.000000 0.898400
17.000000 0.905200
18.000000 0.908800
19.000000 0.909600
20.000000 0.922000
21.000000 0.923400
22.000000 0.930000
23.000000 0.928000
24.000000 0.936000
25.000000 0.943800
26.000000 0.947200
27.000000 0.952400
28.000000 0.956600
29.000000 0.959800
30.000000 0.958200
31.000000 0.960200
32.000000 0.961200
33.000000 0.966000
34.000000 0.965200
35.000000 0.963400
36.000000 0.967200
37.000000 0.964600
38.000000 0.969000
39.000000 0.970600
40.000000 0.970600
41.000000 0.973000
42.000000 0.973800
43.000000 0.973800
44.000000 0.975400
45.000000 0.976000
46.000000 0.974000
47.000000 0.977000
48.000000 0.976600
49.000000 0.976000
50.000000 0.975800
