0.000000 0.480000
1.000000 0.576200
2.000000 0.666000
3.000000 0.689000
4.000000 0.695600
5.000000 0.690400
6.000000 0.693600
7.000000 0.671600
8.000000 0.673800
9.000000 0.686600
10.000000 0.692400
11.000000 0.729200
12.000000 0.705400
13.000000 0.710400
14.000000 0.713000
15.000000 0.714400
16.000000 0.709000
17.000000 0.699600
18.000000 0.726200
19.000000 0.712200
20.000000 0.700600
21.000000 0.703000
22.000000 0.697600
23.000000 0.701400
24.000000 0.700400
25.000000 0.696000
26.000000 0.707200
27.000000 0.709400
28.000000 0.699800
29.000000 0.700800
30.000000 0.687800
31.000000 0.666800
32.000000 0.671800
33.000000 0.673000
34.000000 0.651000
35.000000 0.643800
36.000000 0.653800
37.000000 0.629800
38.000000 0.645200
39.000000 0.644800
40.000000 0.637000
41.000000 0.639000
42.000000 0.618800
43.000000 0.631000
44.000000 0.615200
45.000000 0.605200
46.000000 0.595000
47.000000 0.593000
48.000000 0.591800
49.000000 0.587800
50.000000 0.582000
