0.000000 0.480000 0.520000
1.000000 0.559200 0.567600
2.000000 0.607200 0.627000
3.000000 0.630000 0.688000
4.000000 0.622600 0.696800
5.000000 0.623600 0.705800
6.000000 0.607000 0.689200
7.000000 0.597800 0.700600
8.000000 0.614200 0.714400
9.000000 0.614600 0.748800
10.000000 0.614200 0.760400
11.000000 0.629200 0.776400
12.000000 0.618200 0.809400
13.000000 0.622600 0.810000
14.000000 0.610200 0.819000
15.000000 0.606000 0.826000
16.000000 0.597000 0.835000
17.000000 0.576400 0.834000
18.000000 0.580000 0.836200
19.000000 0.568600 0.836000
20.000000 0.557400 0.854200
