1 -0.180426260417 0.893782377153
2 -0.202501747475 0.877985241979
3 -0.035605731183 1.037859554401
4 0.048184294737 1.038956098539
5 0.017743402062 0.984219785235
6 0.111863577320 0.944085579386
7 0.102359010204 1.081569756622
8 0.023028827957 1.026388880333
9 -0.031073092784 0.963703506226
10 0.072823652632 0.999286301185
11 0.042423765957 0.898610527031
12 0.051791010417 1.090317420511
13 0.025676797872 0.906233581952
14 -0.227297894737 0.969957633762
15 0.084176408163 1.038278491490
16 0.098467095745 0.875457261946
17 -0.057414076087 1.031872036594
18 -0.063109200000 0.814970807109
19 0.008053185567 1.012570152652
20 0.064730687500 0.903647088850
21 -0.028859819149 1.101571438858
22 0.072964835052 1.089198160215
23 0.183247000000 0.988001617025
24 -0.009001818182 0.981429921787
25 0.098746768421 0.889347767021
26 -0.215962989474 0.956305150810
27 -0.126769567010 1.037934956298
28 0.043058111111 0.944520562753
29 0.150517258065 1.068151659322
30 -0.042196094737 0.949775177574
31 0.012802863158 0.988274874570
32 -0.038448265957 0.857032906115
33 0.002106239130 0.957011471297
34 0.075076236559 0.986496781249
35 0.028390577320 1.031429122273
36 0.026487244898 1.128887960068
37 -0.042581442105 0.967740111242
38 0.164293239583 1.043089295025
39 0.043092447917 0.935113462448
40 -0.058167221053 0.962236405736
41 0.210877297872 1.046150857632
42 0.025674858696 1.101070115405
43 -0.026144747475 1.175797713467
44 -0.218322989247 0.904513127722
45 -0.004196010526 0.933703693042
46 0.131971684211 1.216923602823
47 -0.008630597826 1.042944628103
48 0.053012531250 0.991886623878
49 -0.026207117021 0.965103165753
50 -0.001633070707 0.897888917813
51 0.082813680851 0.996466467646
52 -0.250652450549 0.902324232291
53 -0.115138117021 1.018134484071
54 -0.053940791667 0.950548821242
55 -0.111174978495 0.903052258162
56 -0.032072368421 0.933706530162
57 -0.023556312500 1.143853011874
58 -0.101650270833 1.012772686203
59 -0.024823979381 1.170608734832
60 0.049920789474 0.934781725696
