N=100
P=40
R=2
1 0.258054 0.509513 -0.303764 0.105168 -1.937958 0.546859 NA 0.789665 -0.544816 1.893034 0.643136 0.443730 -0.853611 -1.047075 -1.063905 0.747630 1.386644 -0.227846 -0.328570 -0.258782 -0.097047 -0.796330 -0.236884 0.902970 1.224240 0.828239 -1.508171 0.239722 NA -0.007513 -0.603995 2.207277 -0.340645 1.895317 -0.838031 -1.611075 -0.809173 -1.291706 1.041839 1.941839 0.908057 1.000000
2 -0.559696 0.184896 -2.606117 1.114079 -1.987301 -0.583610 0.644901 -0.078250 -0.453024 0.057466 -1.612484 NA -0.738954 0.043059 0.950655 1.019308 0.513726 1.508847 0.659209 0.203357 0.171733 -0.084331 0.267738 -0.182779 -0.105986 0.287215 0.983595 2.347794 1.264318 -0.963094 -0.984688 -0.318165 -0.235514 1.424344 0.514517 -0.149140 NA -0.673686 1.812035 0.455948 1.125817 0.000000
3 0.477808 0.880480 -1.734557 -1.700505 -1.263917 0.832614 -0.202654 0.278368 1.993492 -1.543514 -0.188187 -2.108622 0.710552 -0.199947 -1.498234 1.694830 -1.936368 NA -0.038567 1.986017 0.038150 -0.672891 -0.507745 -1.866372 -0.822059 0.410166 NA 0.947028 -0.302975 -1.522693 0.126428 -0.845834 -0.485943 1.103044 -0.066178 -0.027563 0.101443 0.308402 2.613151 -0.781039 1.196167 0.000000
4 1.206504 0.227158 0.392965 0.365405 0.941936 -0.788534 -0.250393 -0.616130 -1.360215 2.232280 -1.083698 -0.538317 0.332097 0.747763 -1.494719 -0.083528 NA -0.133422 0.250555 0.152583 0.163723 -0.192469 0.216777 -0.146090 -0.890253 1.122411 -0.083582 -0.665702 -0.320982 -0.959768 -0.633595 -0.410420 1.338845 -1.085289 0.723653 1.972650 -0.674716 NA 0.775690 0.271573 0.953280 1.000000
5 -0.100852 1.019333 0.520597 -0.162748 0.150474 0.707715 -1.110594 -0.156237 -0.643894 -0.271628 -0.561723 -1.438059 -0.255098 0.176156 2.138940 -0.152368 -0.334946 NA 0.834237 -0.379185 -0.910486 0.120409 -1.567131 1.175133 -0.011110 0.863653 1.486593 -0.220623 0.089991 0.109476 2.005455 -1.052475 -0.835105 0.413664 0.089229 -1.155993 -0.749832 0.709062 0.376557 -2.103083 4.797477 0.000000
6 -0.530267 -2.833550 0.187768 1.831984 0.688688 0.614697 0.197517 -0.566607 NA -0.558910 -0.484444 0.354666 -0.099514 -1.477693 0.207032 NA -0.908849 NA 0.235033 -0.529274 -0.833024 0.692133 -0.288214 -2.187736 -0.179710 0.641407 -0.507197 -0.428447 1.337552 -0.267149 NA NA -0.070401 -2.432328 0.510041 -0.534078 -0.073660 0.412948 -1.092361 -1.234871 4.476299 1.000000
7 0.879938 1.102299 0.750916 0.954989 -1.072836 -0.245298 1.779212 -0.412518 0.185890 0.727129 -0.792682 0.539855 2.207159 0.258238 0.243518 1.253656 -0.175355 -1.030675 -0.418521 -0.589866 0.644945 NA -0.003876 0.997956 -1.285928 0.633214 0.824883 -1.779277 -0.851747 -0.468160 -1.759043 1.258571 0.069334 1.880707 -0.744997 0.731515 1.225883 -0.175007 -0.169174 0.038234 5.082681 0.000000
8 0.770960 1.409482 -0.265379 0.561220 2.441118 NA -0.995289 1.852437 0.993636 1.171767 0.520608 0.567723 0.525570 -0.493222 0.808294 -0.322676 1.314742 NA 0.393752 1.086522 1.716020 1.226280 0.647690 0.325224 0.882142 1.938283 -0.263323 -1.407478 0.432509 -0.945431 -0.367667 -1.556644 -1.531938 -0.053568 0.238696 NA 2.116420 1.309478 -0.568299 -0.585657 4.693737 1.000000
9 -0.516755 0.842403 -2.229616 0.519055 0.041186 0.765524 -2.054463 -1.108384 0.259612 1.047805 0.283615 -0.896695 -1.564189 0.567375 0.741689 -1.294961 -1.097841 0.390682 -0.509035 -0.281606 -2.321960 -1.578187 -1.436193 -0.599191 0.122762 -0.262956 0.848687 -1.556960 -0.160843 -0.032364 -2.976543 0.940829 0.055425 -1.889678 1.797888 1.313818 0.178568 0.535428 -0.506138 0.530747 2.827087 1.000000
10 0.625829 1.119347 -0.787173 -0.763231 0.943408 -1.075208 0.162789 0.400970 0.138792 -1.223310 1.616381 0.345092 -0.546386 0.704545 -0.642399 -0.207638 2.210852 -0.327743 -0.338837 0.492562 -0.389520 1.406375 0.265111 1.172884 0.427207 -1.432121 0.988796 0.309110 -0.115018 -0.697856 0.706708 0.353679 -1.817326 -0.374393 1.501565 0.329732 0.682753 -0.384171 1.218791 -2.684554 0.195202 1.000000
11 2.011801 2.543023 -0.829265 -1.632569 0.562311 -2.401581 0.947077 0.192561 0.073358 0.532909 NA 0.594700 -0.709256 0.527282 0.796706 -0.427849 1.088600 0.783634 -0.305080 0.235743 0.358632 -0.266593 1.174608 1.527567 -0.037481 -1.408541 0.630031 0.123380 -0.229747 -1.008575 -0.832357 -1.361300 -1.854108 1.035592 0.470040 0.584312 NA -0.356480 -0.607373 2.371475 2.801844 1.000000
12 1.759182 -1.039405 -0.558025 0.015724 -1.282301 1.743922 2.005802 -0.726780 -0.878641 0.937209 -0.179538 -0.255860 0.197460 -1.180439 -2.000481 0.363679 0.174651 NA 2.349944 0.137410 0.536299 -0.549026 1.404751 -0.545216 -0.313311 NA -0.136042 -0.140211 -0.787041 0.857933 -0.950416 -0.242907 0.368117 0.930812 -0.010142 -1.024933 -0.127370 NA 1.382382 2.311881 3.235928 1.000000
13 0.163006 1.591012 0.419961 -0.767696 0.194600 2.392213 0.477114 0.904348 1.821872 -0.108633 0.809661 0.462913 1.425072 0.893137 0.981913 0.491372 -0.585928 -1.316661 -0.843884 0.645794 0.260779 2.250577 3.012131 0.452541 1.133880 -0.109049 1.444863 0.641379 -1.481784 0.150054 2.299276 0.053127 -0.192775 -0.600062 -0.316193 0.253457 1.395677 0.023677 NA -0.809516 1.483540 1.000000
14 -1.063001 -1.078534 0.174480 -1.551959 1.297864 1.273011 -0.124201 -0.208555 -0.653399 -0.768408 0.480849 2.618622 0.319078 0.621172 1.299678 -0.090962 0.009508 -0.395614 0.073021 0.302714 -0.391908 -1.520196 -0.993396 1.485014 1.022941 -0.021800 -0.444640 -0.947387 -0.133469 -1.088302 1.713277 -0.638004 -1.457330 1.648941 -1.076935 -0.536980 -0.943827 0.875591 -0.837017 -0.375837 5.255933 1.000000
15 -0.325041 -0.666832 -0.181238 -0.580850 0.887322 -0.648063 -0.289437 -0.047238 NA 0.085568 0.172706 1.067066 -1.066564 1.274574 -0.157600 -0.239693 0.414683 -1.133757 -0.750781 0.237235 -0.679780 -2.117717 0.176358 0.062693 -1.709196 -0.369055 0.591936 -0.207559 -0.936141 0.663465 -0.480020 -1.393273 1.259963 -0.060509 0.260506 0.258762 0.181573 0.292310 -0.004385 -0.606200 1.640216 0.000000
16 -0.256087 -0.239922 1.051728 0.065762 0.336156 -1.507697 -0.421620 -0.232632 0.367098 -0.118771 -1.183286 -0.208079 0.082339 -0.274839 NA 0.091922 -1.685461 -1.429070 0.221035 0.844083 NA 1.363129 -0.902274 -1.038881 0.902642 0.737452 0.975819 1.268718 -1.938762 -0.021940 0.412753 0.429249 0.429433 0.251219 1.550178 -0.555044 -1.140724 -0.019216 1.152074 -2.312366 8.188135 1.000000
17 -0.749431 -1.097393 1.730128 NA 0.023598 0.851607 0.579099 0.241018 1.139103 0.657973 -1.164146 1.676450 -0.495475 -1.621254 1.420471 -2.656392 -2.485620 0.781902 -1.246178 0.608389 0.360430 -0.645366 -0.740481 0.644284 0.325265 0.749632 -2.473027 0.885261 -1.546714 0.407972 -0.011200 1.937230 0.705287 -0.731034 1.662852 -0.467416 0.897864 2.076860 -0.055175 2.330555 1.087290 1.000000
18 -0.697155 -0.630557 -0.768460 -0.510857 1.179999 -0.260050 -0.289180 -1.644091 -0.197325 -0.729583 0.704377 -0.719760 0.261817 -0.509571 -1.394382 1.977650 -0.895135 2.338940 0.047900 -1.336022 -0.410149 -0.490537 -0.035697 -0.301123 1.394621 0.041697 -0.923870 NA -0.166541 -0.286066 -0.140522 0.966896 1.392291 0.647552 1.372425 1.165725 NA -0.658333 0.336942 NA 0.118331 1.000000
19 0.575405 -1.359959 -1.097314 0.646985 -0.689708 -1.470416 -0.230778 0.066157 1.634392 0.018626 -0.639076 -0.989713 -0.194879 -1.412610 1.390898 0.605872 NA 1.405889 -0.646461 0.009590 -1.153608 -1.371962 -0.281868 0.729539 0.061305 1.337686 0.299389 0.021914 -0.359062 NA -0.888953 0.673303 -1.320880 1.704388 1.260591 -1.390143 0.931143 -0.761490 0.787804 0.632197 0.827656 1.000000
20 0.177765 -0.461592 -1.318561 -0.490097 -0.467464 2.137175 0.577174 -0.750470 -0.661227 0.401137 0.089847 2.034661 -0.267756 -1.793220 -0.643093 NA 1.510003 -0.622781 0.922501 -1.092948 -1.414168 0.295326 -0.447542 NA -0.656237 -0.247303 -0.225833 0.941435 -1.553684 0.156444 0.775430 -0.830919 0.407177 -0.292158 -0.018915 -0.464568 -0.358856 1.778687 -0.068488 1.379094 3.352732 1.000000
21 0.062249 0.123075 0.535506 -1.121364 0.031630 -0.269319 -0.526282 1.084521 2.600148 0.113264 NA -0.549767 -0.616516 0.337030 1.129121 -0.378478 -1.013712 2.202322 1.170577 NA -0.230626 -1.046415 0.041062 -1.007206 -1.595182 -1.005143 -1.475657 0.303661 -0.117185 -0.073382 -0.637402 0.155591 1.566050 1.873184 1.292337 NA NA -0.414361 -0.504301 0.062010 0.357405 1.000000
22 0.534231 -0.299567 NA 0.148433 -0.344030 0.402531 -1.102599 -2.264467 -0.075719 0.027938 0.101675 -0.282570 -1.285341 -0.261800 0.369547 -1.078636 -0.511781 0.115372 0.245861 -0.322733 -1.913258 -0.080564 -0.020552 0.475647 0.238594 0.965643 0.975875 0.906707 -0.542413 0.265144 0.359787 0.089086 -0.440273 0.443849 -2.335484 -0.376179 -0.102503 -1.092813 -0.410882 0.968369 0.782593 1.000000
23 -0.080370 -2.100092 -0.357856 0.319352 -0.345775 -1.751307 -0.098213 0.252614 0.112323 1.185385 0.196606 1.555059 0.170077 1.512920 -0.311896 -1.797754 -0.566614 0.535177 -0.111307 0.576039 0.981032 1.031544 0.037806 2.138820 NA -0.228161 -0.628131 -0.040078 NA 1.131614 -0.050001 1.133339 -0.617837 0.962390 -0.341469 1.123981 -0.962622 0.321977 1.235404 0.534897 0.186824 1.000000
24 -2.064174 -0.459131 -1.808918 1.696053 -0.796376 0.754449 0.796171 0.038600 0.599491 -1.755526 -0.770294 0.062982 0.177149 -0.968542 1.055771 -0.534418 0.646978 -2.032225 2.578248 -0.958846 0.364885 0.148710 -0.266725 -0.297643 -0.126515 2.293849 0.152450 NA -0.632520 NA -0.961754 -1.070604 0.521701 -0.563183 0.228600 -0.110068 1.049765 2.045510 0.070334 -0.608972 1.756800 0.000000
25 NA NA 0.086555 0.180978 2.186938 0.581908 -0.338730 -0.407520 0.213681 -0.257855 -0.892204 0.298681 -0.222165 -0.139492 0.251503 0.601424 -0.542499 -0.618046 -0.481806 -0.736903 1.293402 1.558393 0.431483 -1.540759 -0.439081 0.625251 -0.728655 -0.133004 0.029398 NA 1.160726 0.547634 -0.772950 0.262435 -0.568953 0.254779 -0.895810 0.752426 0.129882 1.059193 0.346521 1.000000
26 -1.787463 0.951097 -2.307673 -0.272214 -0.403642 1.714917 0.528480 0.351708 0.858587 -0.897638 -2.382252 0.553610 -2.090857 -0.465627 NA 1.544861 -0.575343 0.972620 -0.551649 0.380954 -1.067393 NA 0.684718 0.114499 -0.231245 -0.429897 -1.488997 -0.814606 0.597022 0.614830 0.287893 0.483672 -0.288958 NA 0.522167 0.053587 -0.297949 -1.023480 -1.214370 0.653371 1.339387 0.000000
27 -1.234899 1.110881 0.630612 0.569131 0.384873 0.374344 -1.002253 -0.190941 0.108608 -2.097535 -0.593749 0.583099 0.072003 -0.345691 0.651644 0.039815 -0.350869 -0.747809 0.037746 -0.550731 -0.510133 0.228051 1.460398 -1.061117 0.451699 1.625483 0.382639 1.055500 -0.466659 -0.017286 0.966255 NA 0.129495 0.230330 -2.231857 -1.007196 0.989033 0.160490 -1.031710 -0.362903 0.106967 1.000000
28 -0.828430 -0.139014 0.230117 -0.769507 0.153944 -0.701275 0.337280 1.028707 0.891341 0.481283 -0.324222 0.134317 -1.097894 -0.021984 NA -0.072766 1.074743 0.109482 -1.738349 -1.796342 0.804372 -0.704164 NA 0.113896 0.040162 -1.103128 1.292667 1.337980 -0.289754 -0.298310 -0.386143 -0.872479 0.574107 0.586843 NA 0.481850 -0.849746 0.848777 -0.466147 0.362689 1.119542 1.000000
29 NA 1.755650 0.881143 NA NA 0.788694 NA 0.549181 -0.805139 -0.431104 0.557110 -0.175933 0.979059 0.290074 1.014396 1.313236 -0.960162 -0.696016 0.622814 -2.082033 NA 1.575660 0.006052 0.272828 -1.038356 0.481819 -0.086959 -0.421443 0.339879 0.004525 -1.568211 1.236200 0.353122 1.032483 -2.133781 -1.264768 1.386136 3.261159 -0.651746 -0.104943 3.307015 1.000000
30 -1.572768 -0.184936 -0.683794 -0.347265 -0.837796 -0.976175 1.041874 -0.961740 -2.585535 0.172969 -0.126255 0.634132 0.314945 1.165724 0.212284 0.376871 NA 0.010981 1.262584 -0.632266 -0.692476 0.622120 1.145148 0.153998 NA -0.471226 -0.784620 -0.526582 -1.242387 -1.590490 NA 0.295062 2.925629 NA -0.898477 -2.032787 0.060762 -1.321214 -1.365361 -1.037254 4.997830 0.000000
31 -0.736985 NA 0.057385 1.565157 0.268079 0.241394 -0.700566 -0.663204 0.554274 -0.833465 -0.358735 0.630737 -0.959486 1.733788 1.059810 0.722605 -1.059597 -0.537486 -0.676325 0.026121 -2.125867 1.361379 -0.060490 -0.993836 0.628472 -0.689307 -0.425129 0.289601 -0.372729 -0.380705 0.307220 -1.440772 -0.948733 1.468911 1.087610 0.258269 -0.557976 -0.992790 0.585020 NA 4.733387 0.000000
32 0.191432 NA 0.154232 -1.556041 NA 1.656191 -0.433574 NA -0.073060 -1.019415 -0.956503 1.245359 -0.382058 -1.325150 -0.766896 0.814700 -0.328160 1.242777 -0.207327 -0.416226 0.885619 2.413419 0.827434 -0.682841 0.264764 0.653988 NA -2.464462 0.119949 -0.631755 1.837778 0.189361 -1.507406 1.136195 -0.860202 0.341341 NA 0.514834 -1.433373 -0.211855 1.595784 1.000000
33 -0.478852 0.312873 -0.324862 -1.912351 0.304596 -0.419841 1.095838 0.325775 -0.384356 0.151161 0.599623 -0.567319 1.177448 -0.092994 -2.013619 0.608913 0.598949 0.497764 2.337578 -0.282398 0.028381 0.824231 1.144380 0.021015 -0.593503 1.083299 -0.756499 0.219626 1.580316 -0.067712 0.130027 -0.259948 1.588488 1.019048 NA 0.334751 0.598618 0.737588 -1.064144 -1.416341 3.369366 1.000000
34 NA NA NA 1.484268 -1.046583 -1.138726 -0.704342 -0.203418 0.107998 0.309119 0.441732 0.619272 0.277849 -0.400566 1.374892 -1.413618 0.258025 -0.149631 1.484843 -0.939906 -1.698803 0.330080 -1.198993 -1.064206 2.312269 -0.567553 1.727269 1.148120 -0.596275 -0.850971 1.806482 -0.011431 0.708018 -1.375076 -0.415371 -0.886408 0.379940 0.409652 1.648957 0.471197 2.728893 0.000000
35 -0.010110 0.315816 -0.978014 0.422967 -0.314080 -0.838457 -1.103609 -0.191995 0.083946 -1.558231 -1.535908 1.235302 0.254498 1.106018 0.259486 -0.404853 1.195765 1.805931 -0.328513 0.733669 0.078404 1.071005 0.993159 -1.175576 -2.444062 1.820404 1.603989 -0.794234 -0.125447 0.144308 -0.499342 -0.039006 -0.628283 -1.482225 0.929781 0.145980 -0.295517 0.334189 -1.277363 0.789697 3.500740 1.000000
36 -0.030482 1.377375 0.228254 1.137330 -0.117080 2.054635 -1.788871 0.229236 0.270368 -2.641023 0.817203 -0.577601 1.625943 0.125363 -0.694136 -0.021117 -0.667507 1.422185 0.254281 2.077538 0.682391 0.822304 0.114519 0.608748 -0.676208 0.167190 NA -2.279120 0.223383 1.828448 1.102940 0.249688 -1.519204 -1.285612 NA -0.271734 -0.635915 -0.665259 0.692950 -0.520615 3.270950 1.000000
37 -0.038111 -0.859230 -0.632744 0.189327 NA 0.532252 -0.546077 -0.986585 -0.617986 0.392353 0.796302 1.008307 0.029576 0.157841 -0.121954 1.296786 -0.356566 1.012130 2.167447 -0.769323 1.201334 1.022160 1.885451 -1.531696 -0.291423 -2.916039 0.380547 0.535177 0.960331 0.399599 0.351315 0.601158 0.983367 0.595704 -0.164390 -0.588534 1.530227 -0.158996 -0.099971 1.264096 1.657672 1.000000
38 2.421736 0.448473 1.337946 -1.729386 -0.414626 -0.797698 0.761037 1.629430 0.663236 -1.761536 -1.457121 -0.523451 0.062001 -0.322013 0.470576 1.043941 1.008030 -0.802936 0.080525 -0.861543 1.261553 0.499820 0.036695 0.653541 -0.314779 1.016528 1.299949 -0.809327 -0.193290 -0.457254 0.895910 -1.109735 -0.635182 -1.165779 0.027160 -0.078279 -1.312274 0.055752 0.129757 -0.562936 3.065332 1.000000
39 -0.722041 0.868150 0.258941 -0.197269 0.028472 0.534274 0.301112 -0.799891 -0.030009 -1.995139 -0.316487 -0.357961 -0.015926 -0.034724 -1.008107 0.523071 -0.533733 1.428527 0.241509 1.571513 -0.255427 -0.710320 0.303070 -0.089191 -0.221312 0.119083 0.589564 -0.669765 0.708725 1.547024 0.276375 1.098825 -0.130858 -1.965939 0.482187 -0.670872 0.841648 -0.418173 2.471892 -1.315491 1.262582 1.000000
40 0.874786 0.992516 0.725433 -0.228018 NA NA 0.841403 -1.004956 -0.249995 0.940972 0.895739 0.013079 -0.230227 -0.573035 1.365627 1.384501 2.431788 -0.791406 0.038225 -0.030252 -0.630578 -2.211117 0.360296 -0.500902 0.816897 1.003127 0.661077 0.414731 0.365283 0.095083 0.402530 0.716869 -0.781833 0.720700 -0.197100 0.344479 1.152722 -0.004334 NA -0.257134 0.374582 1.000000
41 -1.698095 -0.594604 0.960988 0.945395 0.367764 -3.331036 0.484674 -0.098312 2.302239 -1.088180 -0.377891 -0.627147 -2.038698 0.397623 0.870881 NA 0.568934 0.754347 -0.678347 0.568608 0.794375 1.361605 -2.558052 0.680041 -0.163434 -0.709131 -0.392825 0.335269 0.596381 1.422164 1.080714 -0.195285 0.132712 0.451030 -1.130654 0.931538 NA 0.030518 0.752417 1.033914 3.563277 1.000000
42 0.618073 NA -0.080547 -0.091968 1.215865 -0.329200 0.105931 0.645684 -0.445174 1.207015 0.096054 0.281167 1.518289 0.991478 -0.892055 0.283799 1.499191 0.745867 0.299193 -0.614605 -1.416146 1.576003 1.058717 -0.547497 -0.970537 0.493158 -1.083232 1.460527 NA -0.662695 0.218556 -0.289604 NA 0.552408 0.007623 -0.233889 -0.076014 NA -0.005408 0.403523 1.063024 1.000000
43 -0.868947 0.629813 0.064886 -0.293725 -0.014027 -0.322219 0.141179 -1.189989 0.531322 0.363285 -0.604688 0.731033 -0.904815 -1.029264 NA -0.157477 NA 0.416905 2.515331 0.513936 -0.349655 0.468606 -0.352248 0.444934 -2.105167 0.282124 0.492429 NA 0.947215 -1.281559 -0.421273 -0.107995 -0.703571 0.476449 0.480856 1.396194 0.090850 0.865909 0.770408 -1.308220 0.633837 1.000000
44 -0.030304 0.532318 -0.899865 -0.237665 -0.785242 2.056842 -0.617018 -1.100706 1.884251 -0.464045 -1.209473 -1.296727 1.851926 -0.520647 2.041123 -0.390054 0.420030 -1.522719 -2.018150 0.454897 -1.168381 1.110538 -0.538160 0.664033 0.706186 -0.366531 NA 0.357890 0.931948 2.136032 -1.302853 1.087222 0.310091 1.246206 1.353548 -0.794267 -1.997953 -0.200369 -0.390678 1.404509 2.042191 0.000000
45 0.968714 0.526840 0.503845 -0.531919 0.159355 -1.003450 -0.629897 2.254882 0.235118 0.796808 0.843093 0.806919 0.024053 0.425977 -1.110756 0.382149 -0.088424 NA -1.445396 NA -1.801067 0.922490 1.221945 0.406949 -0.202213 0.076994 0.013028 0.612888 -1.084807 -0.481598 -0.272513 -1.122403 1.004626 0.597405 NA -0.494628 1.237166 0.575284 0.102370 0.848986 1.191672 1.000000
46 -0.207589 NA -0.483405 -0.616658 -0.292115 NA -0.645901 0.262727 -2.637097 0.274165 -0.583526 -0.679925 0.128242 -1.011884 1.542357 -0.862079 2.112013 -0.145303 0.247915 -0.737681 -1.310746 1.587365 0.500326 -0.509720 NA -1.578881 0.471144 0.152379 1.498479 0.244135 0.308701 -0.011763 -0.463015 2.332951 1.631699 -0.814408 0.523563 -0.799334 0.437388 0.789733 4.526079 1.000000
47 2.685114 -0.279038 0.236381 -0.996376 -0.266149 0.315727 -0.737644 -0.588669 1.519046 -0.277504 1.548344 -0.956754 0.509780 NA 0.446404 0.145424 -0.591807 -1.741723 -0.362434 -1.343130 -0.471186 0.137773 -0.805064 -0.573743 1.126299 1.098421 0.351029 NA -1.136620 0.569742 0.251370 1.140289 0.834985 -0.829538 2.002069 -1.273871 0.593857 -0.214647 NA 1.788290 10.101081 0.000000
48 0.124166 -0.361208 -0.847666 -1.418382 -1.506118 -0.755514 0.481215 -1.438895 0.818078 -1.716697 -0.293402 0.421091 0.061662 -0.697449 -0.122027 0.291576 -0.537012 0.783017 0.990177 1.330601 0.841736 -1.949473 -1.605507 1.082684 -2.045928 1.755431 -0.456238 -1.222996 0.009886 -0.597737 -0.433096 -1.233898 -0.514058 NA -0.507497 1.563429 0.333196 0.971999 1.294601 0.305024 0.452608 1.000000
49 -0.812392 -2.046811 -0.364572 1.382987 -0.191054 -0.347192 -0.615458 -1.038276 0.673681 0.584887 1.345685 -0.076227 -0.414264 -0.107861 -1.063008 1.487820 -0.860206 -0.384416 1.420339 0.632092 0.457921 -0.508884 -0.003767 0.464841 1.367674 -1.045055 -2.158943 -0.727887 1.187814 0.753901 1.352555 -0.818764 -1.573161 -0.612948 -0.661149 -0.175163 0.444305 -1.021229 -0.296790 -0.499055 0.029049 1.000000
50 1.347483 0.195158 0.892475 -1.210352 0.524100 -1.046130 -0.636391 -1.587660 -0.762901 0.022571 0.693509 1.443847 -0.710461 -0.673539 0.183954 -0.876496 0.400374 -0.282190 1.216200 0.352881 0.342366 0.060400 1.290064 -1.164829 -1.834383 0.031864 1.118248 -0.412837 -0.483469 -2.212481 -1.041096 1.339474 0.211506 -0.243354 NA 1.541625 -1.523572 -0.470074 -0.499668 0.963092 3.795015 1.000000
51 NA 0.001664 0.715788 -0.367911 -0.189188 NA -0.629508 -0.745980 -0.259928 1.237450 -0.993583 1.254084 -0.134353 1.128303 -1.269446 0.920657 -0.899594 0.762688 -0.643493 0.497193 0.227583 -0.370218 0.679860 0.483506 -0.849775 1.174938 0.762975 0.878756 0.278252 0.452132 0.542096 0.621277 -2.509386 0.014110 -0.935469 -0.450280 0.270101 0.640104 -0.791073 0.994591 0.101845 1.000000
52 0.463023 -0.666808 1.494018 -0.295743 0.035423 -0.879157 0.541059 0.193955 -1.932919 1.898898 -3.019130 -1.097397 0.548619 -0.913954 -0.804613 0.763688 0.549147 -0.255992 -1.334280 2.157760 -1.147610 -0.941017 0.038551 -0.460633 -1.451520 -1.930673 NA -1.495021 0.778321 0.880862 -0.549884 1.093012 -1.724975 1.173615 0.080830 -1.005944 0.713208 -0.893696 -1.013094 0.273212 2.529840 0.000000
53 2.062867 -0.187565 NA -0.477274 0.490400 -0.977114 0.415377 0.527548 -0.159941 0.366638 1.491645 -0.420288 0.512496 -0.293351 -0.054441 1.095165 0.617743 -0.062884 -0.260843 0.264855 -1.054592 1.479396 0.297490 -0.621054 1.160828 1.000487 0.671136 0.260256 1.070372 -0.579762 -2.534896 -0.235601 2.036853 1.186339 -1.201843 -0.372141 NA 0.760247 0.372975 1.016571 9.492545 1.000000
54 -1.696018 0.338034 0.342922 -0.027123 -0.676268 -1.008714 0.522477 0.377075 -1.116964 0.112532 NA -3.213495 -0.279838 -1.071541 0.128654 -0.936241 1.578978 -0.232495 0.461401 -0.855030 2.153346 NA 0.619398 -1.000639 -2.410342 -0.297314 0.301019 -1.253984 0.040655 NA -0.655711 -0.239260 -0.271428 -0.453129 0.953121 0.184888 0.508441 -0.929738 -1.220598 1.554444 2.313255 0.000000
55 -0.580488 -2.542230 1.182206 2.056905 1.592442 1.872663 0.558799 -0.209058 2.488535 -0.196952 1.051320 0.314089 -0.084119 2.351944 -0.363888 0.548259 1.469093 0.590260 -1.114357 0.757732 -1.323242 0.991606 -0.327502 0.606726 -1.350437 -0.868568 -1.516770 -0.707200 0.928776 NA NA -0.393278 -0.641956 -2.188283 0.750463 -1.593232 1.009747 -1.077458 1.007508 0.683908 0.280735 1.000000
56 -1.944604 NA 0.912956 NA 0.760684 0.695420 -0.339318 -0.585448 0.923248 0.903314 0.177706 0.765056 1.017116 -1.598446 1.419437 2.059573 NA NA 1.678376 -1.560852 0.383313 -0.769420 0.280281 0.174784 -0.567567 -1.618362 -0.074063 0.222059 0.833668 -0.728254 -0.507304 -0.224312 -0.522009 -1.287774 -2.502399 -0.201880 -0.864870 -0.249301 0.756686 NA 1.435369 1.000000
57 1.908260 1.650046 0.336985 0.992248 -0.243571 1.575597 1.160509 0.999038 1.958403 1.784610 -0.445976 -0.901009 -0.386736 -1.605256 0.867206 -1.188782 1.893914 -0.694589 0.689748 -0.871454 -1.581731 0.443508 0.618214 1.399060 -0.910139 0.681948 0.286279 NA 1.684520 NA 0.281043 2.008933 -0.092896 -1.426121 -1.021064 0.876526 -1.405606 -0.048552 0.920629 0.246748 6.725611 1.000000
58 1.868169 1.558958 1.550066 NA 1.700525 0.440079 -0.918827 -0.877047 -0.166467 -0.151049 0.689376 -0.567000 -1.028389 -1.429772 -1.029516 1.156243 -0.190126 -1.716654 0.134282 NA -0.073918 0.308577 -0.875869 1.212696 -0.786105 -0.321309 -0.820702 1.681295 -1.251046 1.110114 0.216561 NA 0.133171 0.773687 -1.104525 -0.520647 1.239369 1.776108 -1.694421 0.090714 7.037091 0.000000
59 -0.278742 1.823957 -0.028094 2.028691 -0.125264 -2.188810 -0.624163 1.015355 0.134333 1.458238 -1.425760 -0.244199 -1.886001 1.322852 -0.087533 -1.155596 -0.519936 -0.044145 -0.746579 0.814120 -1.827943 0.165617 0.662346 -0.461994 -0.917641 1.301785 0.052795 -1.759204 1.432695 0.282486 1.689135 1.063869 0.371266 -1.477605 1.568373 -0.207778 1.108276 -1.653789 0.468530 0.922542 4.715403 1.000000
60 1.910920 NA -1.235079 0.158728 -1.245868 0.773531 -1.301441 1.024777 0.394139 -0.282393 -0.014894 NA -0.122366 -2.053074 NA 1.624564 -1.192112 -0.198320 -0.850349 -0.328806 -0.179484 0.685140 0.032479 -1.030553 -0.686770 -0.707201 0.827636 -0.249821 1.620815 0.195064 -1.212977 0.119866 -1.091740 0.153887 -0.981437 0.615624 1.802437 0.019841 1.231431 0.572215 1.023545 1.000000
61 0.889615 0.867606 -0.492961 -0.275564 0.611778 -1.912621 -0.565749 -1.157336 0.599237 NA 0.067639 0.824715 1.631121 0.017638 -1.123843 0.275224 0.919208 -0.249033 0.274134 -1.422388 -0.475469 1.334169 -0.211430 1.660029 NA 0.635959 0.406407 0.332984 -1.419181 0.641506 -0.226234 0.620922 0.344196 -0.573399 -0.642494 -2.084509 NA NA 0.459754 -0.801099 1.540715 1.000000
62 0.908818 -0.871502 1.098951 0.800669 0.850456 -0.875723 -0.893798 -0.275175 0.943644 0.604826 -1.073872 -0.240372 -0.096330 -0.744896 1.373295 -1.713908 0.220144 1.557639 0.862134 -1.384055 1.011341 0.463608 2.139878 -1.295619 0.591088 1.233965 1.237721 0.947993 0.751458 NA -0.757299 0.713885 -0.628058 1.028498 0.574848 -0.527380 0.824474 1.330399 1.181054 -0.743763 1.045725 1.000000
63 0.111777 -1.209113 0.817571 -0.550852 -0.046836 -1.999913 0.104119 0.693912 -0.380546 1.064023 -0.459706 -0.372656 -0.817716 0.933728 0.342036 0.450799 0.276554 0.694512 -1.574393 1.401099 0.145201 0.388564 -1.163440 -0.982084 -0.256648 -0.185775 0.450687 0.946837 1.319874 -0.728519 0.667241 -0.857083 0.291917 -0.115595 1.335636 -2.314530 -0.904603 0.168496 -0.548612 -0.896921 1.846462 1.000000
64 -0.016271 1.758770 -0.684025 NA -0.933446 NA -0.772104 1.984302 -0.837616 -1.943209 0.830399 0.466925 NA -0.172660 1.066452 -0.912437 -1.064067 -0.156980 0.806831 1.288361 0.661828 -1.708762 -0.164200 1.829035 0.693001 0.136260 -1.587022 -0.256171 0.818831 1.637293 -0.398571 -1.527396 -0.510235 -0.628167 0.105544 -0.610428 0.511141 -0.821952 -0.490581 -0.513888 5.293436 1.000000
65 0.494551 0.233851 -0.295334 -0.266593 -0.901021 -1.077143 1.168074 -0.859848 0.165827 1.916487 0.238461 -0.332633 -0.607799 -1.254075 -0.120062 -0.046414 -0.609256 0.245263 -1.182061 1.937372 0.155875 -2.464775 0.251471 -1.136766 -0.737868 0.981930 -0.021574 2.329823 0.611833 NA 1.281769 -0.787055 -0.045651 0.467810 0.857063 0.859569 -0.627840 0.987304 -1.203258 -1.018503 4.134944 1.000000
66 -0.686677 -0.747887 0.629766 0.222193 0.934846 0.350877 NA 0.976497 -0.837548 0.902728 2.072646 -1.209326 -0.514207 1.088113 NA 0.590770 1.466522 -2.281942 0.714527 -0.457165 0.155276 -0.119590 -1.963594 0.370974 -0.470045 -0.278182 0.243808 0.308553 0.424195 1.297825 0.295258 0.526270 0.177772 -1.079699 -0.923798 -0.487480 -0.448089 0.782665 0.751949 -0.427732 6.412314 1.000000
67 0.733222 -0.217995 0.714516 -1.166091 0.267516 0.216678 -0.198248 -1.191876 -0.031599 -0.900713 -1.010765 0.335588 -0.265052 1.841626 1.335241 -0.825596 -0.630867 0.605295 2.702397 1.072689 -0.410213 0.282368 0.144954 NA -0.360107 -1.647555 0.697011 0.787712 -0.286119 0.537494 0.970786 1.616797 -0.246218 -1.076277 0.882562 NA 1.360282 -0.695796 -1.093434 1.249225 1.273068 1.000000
68 -1.426714 -0.701648 NA 0.897461 -0.355811 -2.274194 -0.215349 0.472128 2.614212 -1.101042 0.461255 0.204259 1.694870 0.032094 1.069367 -0.412000 0.295499 -1.879889 -0.924630 -1.511071 -0.046284 -1.169121 0.534406 NA -1.217991 -1.283851 1.216912 -1.283979 -0.690689 0.191613 1.242332 0.411519 0.848117 -0.303966 -0.090693 -0.288395 1.257608 -1.347877 0.818307 -0.555745 1.743567 0.000000
69 -0.495186 -0.152109 NA 0.715807 -0.413753 0.645416 NA -0.177729 0.422879 -0.166444 1.196639 -0.822338 -1.197421 -1.492235 0.738213 0.896237 -1.762137 -0.313330 -0.113210 0.680911 -0.490990 -0.698708 -0.609421 -0.603005 -0.184126 1.757899 0.927216 NA -0.501790 0.927572 0.161260 -1.122194 NA -0.753621 -1.207436 2.175649 -0.580937 -1.329003 0.413891 0.129360 1.261761 0.000000
70 NA 1.373111 -1.207154 NA -0.182875 -1.499353 -1.140921 1.162788 -0.334284 1.447161 -0.556926 0.276071 0.232856 0.652539 -0.002809 -0.803087 0.462547 0.485143 0.327863 -0.349362 -1.022171 -1.451542 1.167108 -0.772630 0.076097 -0.527677 -1.729921 1.067959 -0.701150 -1.036233 0.508308 0.218451 0.187796 -0.035851 0.396507 -0.267908 1.137485 -0.245779 NA -0.032510 0.826475 1.000000
71 -0.246708 -2.167787 -0.643018 -0.340652 -0.717408 -0.146100 -1.246524 -1.126477 0.546394 -1.537938 -0.918733 -0.680045 0.985921 0.737934 0.788444 2.029734 0.735426 -1.802752 -0.742298 0.556524 0.261735 -0.361698 1.927869 1.109344 1.613310 1.314058 -0.848045 0.309937 NA 0.757666 -1.547507 0.817617 1.117262 -0.264292 1.775463 -0.885001 -0.244825 -1.423381 -0.204382 -1.672190 2.918527 1.000000
72 0.460415 0.762981 0.705931 0.683847 -0.142368 0.196303 -1.826059 0.050503 -1.409619 0.529311 0.635888 -0.553328 0.791070 0.876867 NA -0.281263 0.555831 3.407697 -0.620716 0.916109 0.997359 -0.726632 -0.933376 1.173881 0.271841 0.888464 0.474952 0.528220 0.143424 -0.296707 -0.981961 1.103159 -0.110319 -0.034021 0.374344 -0.307906 -0.896982 -1.051047 0.190978 -0.331098 4.551309 1.000000
73 -1.817513 -0.694045 1.095684 -0.284379 -0.108604 -1.835863 -1.189630 1.284451 0.445564 0.030421 1.030461 0.726446 -0.631281 1.028417 NA -1.701601 2.346302 0.358447 0.245219 -0.373376 0.424372 -2.485952 2.234194 0.532133 -2.640273 -0.335481 -0.984847 0.706671 0.128995 0.286802 0.080858 0.323236 1.081408 -0.071733 0.414582 NA -0.045224 -1.272547 -0.678882 0.910237 1.928768 1.000000
74 0.864719 0.023956 -0.461218 0.326844 0.113779 1.425363 -1.051638 -0.074788 0.601212 2.952946 0.013491 -0.720697 -0.900096 0.948580 -0.399136 0.093684 0.220144 0.078344 -0.329352 1.107284 -0.024146 0.153394 -0.031246 0.372178 -0.022202 -0.261663 0.672631 -0.958605 NA -1.799641 -1.773188 0.993762 0.023858 0.130666 -0.749363 -1.063290 0.707275 1.304868 -0.060347 1.305399 0.484295 1.000000
75 -0.179070 0.921185 -0.437929 1.701365 1.254177 -0.177511 -0.116620 2.999108 1.065935 0.718581 -0.317104 -1.378897 1.624654 -0.969833 -1.002957 -0.542994 0.675468 -0.026224 0.155824 -0.133915 -0.028475 -0.641751 0.190493 -1.380649 NA 0.056044 0.340885 -2.131459 -0.124299 1.214624 -1.440708 -0.074721 0.390763 1.172263 -0.474194 2.566683 0.685205 -0.760737 -0.648756 -1.432259 6.496048 1.000000
76 1.021501 -0.534410 0.743582 0.666184 2.965276 -0.826768 0.236763 NA 1.862274 0.186256 -0.147814 -1.015199 0.152010 -0.121664 0.412614 0.189283 NA 0.220349 0.799707 0.697566 -0.573250 1.948737 -3.089965 0.971646 2.097339 -1.123313 0.389472 0.130343 0.444187 0.412319 1.891661 0.521574 1.276245 -1.342277 -0.332733 -0.921828 0.229972 -1.021272 -1.029947 1.385615 5.987101 1.000000
77 0.591692 1.713015 0.747189 -0.698552 0.460265 -0.019812 -0.065134 -0.493926 -1.833587 1.117403 0.275122 -1.629386 -0.244328 -2.253592 -0.970702 -0.591487 NA -1.468419 -0.841627 0.735588 1.185305 0.093915 1.149611 -0.213279 0.574383 2.383529 -1.362603 -0.789013 -0.161137 -0.457897 0.344787 -1.132929 -0.383426 0.803538 1.253823 2.967331 0.257178 -0.356344 0.510539 NA 9.718774 0.000000
78 -0.194148 -0.290991 0.600923 -1.098060 -1.198707 1.192108 0.711300 1.672386 -0.220576 -0.419930 -0.074793 1.549576 -0.924073 0.816479 0.939939 1.087235 -0.405218 -0.536927 0.765261 0.053764 1.046597 1.637535 0.782045 0.935654 -0.652764 -1.932530 0.376316 -0.307868 1.751829 0.133712 -0.758567 -0.085299 1.151859 0.017159 0.091972 -0.535513 -0.066624 -0.125632 0.774021 0.718186 4.984895 1.000000
79 0.639366 -0.474526 -1.020297 1.958422 -0.617206 0.860588 -1.438240 NA 0.618845 0.299321 -0.339494 1.292086 -1.260064 -0.931782 -0.008791 0.223131 0.885590 -0.528507 1.091493 -0.271186 0.124459 0.582258 -1.991800 0.398866 -0.355189 0.829392 -0.010223 0.611940 -0.150903 0.596875 -1.109302 0.824304 -0.154495 -0.605780 0.903606 -0.251733 -2.349664 0.990192 0.481393 NA 1.017718 1.000000
80 0.301370 -0.338453 0.568405 -1.342122 -0.809725 1.787625 -3.512967 -1.532579 0.714500 0.205576 NA 0.992517 0.167831 -0.280469 0.459809 0.661771 0.667921 0.678948 -0.354162 -0.948996 -0.665680 0.581678 -1.584217 -0.019271 -1.693957 0.471350 0.714776 1.076862 0.564993 0.028512 0.179309 NA 1.398003 0.011517 -0.587226 -0.913280 2.392021 -0.325137 0.759720 -0.531800 1.281501 0.000000
81 -1.513234 1.168459 -0.309232 0.133920 1.550227 -2.186785 0.932023 0.828688 0.953404 -0.765955 0.469927 0.065936 0.436587 -0.623364 -1.109872 0.921278 -0.491184 0.230048 0.089784 -0.108932 -1.365540 -0.086488 -2.024555 0.322535 -0.748140 0.205146 -0.111584 0.856033 0.741465 -1.800081 -2.791346 0.547443 1.427720 1.118464 0.114579 0.558475 -0.515933 0.446557 -0.550684 -1.054648 1.336598 1.000000
82 -1.083455 1.448014 0.828887 0.258475 0.508220 1.974999 2.033872 -0.725557 -1.230001 0.196791 0.054253 -0.164346 -0.313852 -0.558076 NA 0.357578 1.540151 NA 1.770097 -0.029939 0.971866 NA 0.635225 -0.652804 -0.104581 0.186521 -0.143119 1.285863 -0.789489 0.322807 -0.682957 -0.640714 2.977300 0.880258 1.165686 1.060819 1.609816 0.257517 -1.248023 0.923778 4.735933 1.000000
83 0.890838 -0.053168 -1.269081 -0.699752 -1.221144 -0.747899 -0.343034 -2.730723 -0.642740 0.697419 -0.536183 -1.036925 -1.245479 0.212580 -0.480305 -0.393235 0.143877 -1.544816 0.890554 -0.693467 0.692314 0.453469 0.452446 -0.761106 -0.421721 -0.733979 -0.303159 1.127702 -0.095459 0.743858 -0.265552 -0.425688 -1.459077 0.389613 0.720670 -0.620870 -0.435488 NA 0.359150 0.914239 2.902142 1.000000
84 -1.556592 -1.877130 0.531545 -0.456808 1.773124 -2.615212 NA 1.086149 0.143644 1.592602 -0.781632 0.349735 -0.292584 0.238072 -1.254546 NA -1.626909 0.922292 0.089684 0.378630 -0.656185 -0.881308 2.306524 -0.110183 1.301396 -0.137516 0.437954 1.516891 0.483289 1.435844 1.605850 -0.401292 0.001323 -0.559453 1.050439 -0.326432 1.673501 -0.021231 -0.341501 0.648900 5.227972 0.000000
85 -0.691192 NA 1.522297 1.922915 -0.071714 -1.095767 0.164885 -1.700458 -0.584717 1.499684 1.424170 1.569799 0.453848 -0.328939 -0.116779 -1.769112 -0.550916 NA -0.557416 -0.892175 1.454477 0.931269 -0.106356 0.278403 0.283692 0.204814 0.147319 0.436644 -1.893831 -0.477624 -0.177898 1.191913 -0.348771 -0.354919 1.433828 -2.809611 2.349675 1.125792 -0.230334 1.540426 4.799296 0.000000
86 -0.221661 0.806134 0.409123 -1.024123 0.853166 -0.240981 -1.588631 1.089390 NA -0.062862 -0.777416 -0.437505 0.544722 0.613887 1.556580 0.588096 0.144743 -0.371520 -0.141534 -0.183383 -0.943613 -0.723237 -0.019891 -1.533324 -2.245022 -0.374750 -0.142656 NA 0.204104 -0.370191 -0.263127 -0.488851 NA -1.398848 -1.061139 -0.515977 -0.016881 -0.667898 0.992501 -0.233316 1.644779 1.000000
87 -1.860517 0.493041 0.732563 0.735497 0.733637 1.464004 0.809327 0.674124 NA -0.531137 1.021729 0.097406 -1.060539 -0.619533 0.221719 -1.182794 0.714228 -1.095241 -0.357980 -0.203903 -0.660818 -0.410014 0.450095 -1.376559 NA -0.475741 1.414437 -0.920247 0.361606 -1.871679 -0.774689 -0.307069 -0.123064 -0.206819 -0.566071 0.314046 0.965348 -1.127516 0.786592 -0.734803 1.744421 1.000000
88 0.924984 0.418255 -1.147134 0.642092 -0.139904 1.810351 0.367559 0.388870 -1.039724 0.085530 1.466748 0.267675 -0.736994 -1.859268 -0.973572 0.120457 0.206366 -0.664940 -0.840988 -0.031014 0.723657 0.678739 -0.153555 0.105676 0.051601 -0.505881 -0.960423 -0.885255 -1.038907 0.059673 -0.818196 -0.428563 0.355703 0.204357 -3.116647 -0.357646 -1.882084 0.161285 0.961184 0.754324 1.332059 1.000000
89 -1.961090 -0.589527 0.577216 0.090965 1.797318 2.217357 -0.353123 -0.757190 1.998116 0.382719 -1.429572 -0.351983 -0.418542 -0.708033 -0.092374 0.246228 -0.438177 1.009590 0.887580 -0.841682 -0.043268 0.311988 0.040093 -2.149444 0.704121 -0.130118 -0.083955 1.197521 0.115107 1.161446 -1.517737 -0.583391 -0.586593 -0.241680 0.086940 -0.298365 -0.297741 0.918097 0.978083 0.067807 1.981943 1.000000
90 -0.675045 -0.261990 -0.180302 -1.433048 0.129867 0.160426 1.031568 0.223128 -0.433549 NA -1.395828 0.766707 -0.533364 -2.659457 -2.997185 0.305822 1.699197 1.677617 0.275965 -0.139193 1.874195 -0.239104 0.896081 -0.062177 0.490472 0.189667 -0.387125 0.233621 0.791921 0.397621 0.503427 0.785068 0.508248 1.468400 0.374442 -0.690080 -1.582611 1.027016 -0.448828 -0.123832 1.783077 1.000000
91 0.581513 0.005227 0.945232 0.676099 1.027614 -0.268200 0.293401 -0.065213 -1.179169 0.916365 0.350530 0.386286 0.132067 0.208669 -0.426980 -0.561996 NA -0.859598 0.263203 -1.160959 -0.223227 -0.902564 NA -1.239026 1.226902 0.041792 -0.310014 -0.749551 -0.838098 -0.638045 -1.869153 0.389500 0.416830 1.732274 0.153753 -0.999040 -0.387248 -2.339135 0.302142 -0.234988 1.577488 0.000000
92 -0.232774 1.681398 0.788520 0.705718 0.422970 0.499388 1.163855 -0.049299 -0.604475 0.043033 -1.229833 -0.635896 0.142981 -1.645754 0.237640 0.157255 0.657327 0.893482 0.868064 -1.013269 NA 0.599170 -0.622380 -1.103506 -0.601510 1.294047 0.706460 0.264134 0.219000 -1.409818 0.656911 -1.502542 -1.805823 -0.402286 1.893345 1.234892 -1.735949 -0.390761 0.431025 0.273354 3.088524 1.000000
93 0.473417 -0.727226 -1.837045 -0.586037 3.414432 -0.070616 0.228794 0.047446 -1.387780 0.266753 NA -1.311240 -0.229738 -0.507499 1.348310 -1.789011 0.856925 0.970057 -1.424450 -0.144802 0.214004 -0.128108 -0.695045 -0.075160 1.640098 1.198780 -1.404413 NA -1.198001 0.001401 -0.671993 -2.786183 -1.843831 1.260821 -0.260597 -0.041136 0.893003 -0.175593 1.232387 0.628849 0.517425 1.000000
94 -0.581847 1.238328 -0.028897 -0.227885 -1.379247 0.349207 NA -0.427947 -1.180265 -1.299187 -1.359291 0.679007 1.290628 0.653170 0.406526 -0.028642 0.301826 -0.715282 1.837436 0.198210 -0.687618 -0.972349 0.645397 NA 1.185528 -0.679112 0.468919 -0.268199 0.048015 0.803041 1.368927 -0.589936 1.142911 0.097795 NA 1.065902 1.458695 1.513973 -0.977688 0.271872 2.097990 0.000000
95 -0.236332 0.932418 NA -1.715426 -1.255932 1.795057 0.506232 -1.919236 0.506346 0.721206 0.346952 -0.652686 0.179032 0.034066 -1.130227 1.538930 -0.760333 -0.920560 -0.564249 0.761629 0.414979 0.398109 0.433358 -0.146253 1.020883 1.526149 0.119378 -1.760812 0.656141 0.713401 0.241671 1.881684 -0.387758 -0.335363 NA -0.134056 -0.069762 -0.199444 0.190371 -0.381829 3.102738 1.000000
96 -0.338869 -0.003029 -1.462249 -1.440894 NA -0.195198 0.391066 1.560703 NA -0.159715 0.292848 1.964469 -0.721856 1.014490 -0.419940 0.118114 -2.614882 0.755438 2.083176 1.253531 1.605486 0.466617 0.953968 1.135811 0.946136 -0.185886 0.425147 1.475511 -0.964022 0.098332 NA 0.144796 -1.300522 -0.886829 -0.042188 -0.137962 -0.516651 -0.343651 -0.847453 -0.052346 9.467786 0.000000
97 NA 0.058724 0.265037 -1.437405 -0.173259 -0.418438 -0.188900 0.995486 0.401715 -0.320875 0.494881 1.013091 0.444337 2.371866 -0.679314 NA 1.576705 -1.116375 -2.038564 NA -0.217233 1.522254 1.116383 0.225836 -0.987301 -0.466530 1.995450 -0.962845 -0.864935 0.360852 -1.604704 0.704111 0.256119 -0.711916 1.003811 1.749231 NA -0.060037 -0.676895 0.986544 0.428581 1.000000
98 -0.289669 -0.751967 -0.829020 0.694696 1.636294 -0.123970 -0.228438 0.376786 1.981845 0.367502 0.730020 0.080481 3.022611 -0.459062 0.734658 1.282205 0.577322 -1.124487 0.313657 0.955894 1.140354 -1.178152 1.149327 -1.931732 0.066462 -0.791641 1.549614 -0.023062 0.781830 -1.521717 -0.528203 0.298054 0.616850 -1.121006 -0.105798 0.754904 0.758391 1.297084 -0.514270 -0.873197 1.774080 1.000000
99 -1.563472 1.181127 1.051027 -0.124379 -0.464780 NA 0.896589 -1.094508 NA 0.144652 0.636142 -2.214442 -2.051689 -1.101950 NA -1.601063 1.356046 0.187524 -0.100752 -0.743222 0.338973 0.269165 0.581935 0.420588 0.529738 0.972657 -0.242579 0.314058 -0.321861 -1.305176 -2.024120 -0.275900 1.876993 -2.191680 0.238823 -0.776748 -0.614422 -0.851705 -1.342176 1.010540 1.294656 1.000000
100 2.231158 -0.242185 1.414410 0.125757 0.163195 1.681195 0.442127 NA 0.316592 -0.794883 -0.360687 0.345493 1.636996 -0.794833 -0.067023 -1.448346 -2.097886 -0.300285 -0.564774 -1.228473 0.682720 1.025884 1.216669 0.929136 -0.156405 -0.253260 1.052263 -0.922352 -0.081664 0.399123 -0.197082 NA 1.583937 0.345467 0.405526 -1.116415 NA 0.160833 -0.281271 1.200295 5.490369 0.000000
uncorrelated Gaussian covariates
missing covariate fraction: 0.050000
no latent classes
   lambda(t|risk 1)=C, <t>=4.000000 for zero covariates
   risk 1: beta[1]=0.000000
   risk 1: beta[2]=0.000000
   risk 1: beta[3]=0.000000
   risk 1: beta[4]=0.000000
   risk 1: beta[5]=0.000000
   risk 1: beta[6]=0.000000
   risk 1: beta[7]=0.000000
   risk 1: beta[8]=0.000000
   risk 1: beta[9]=0.000000
   risk 1: beta[10]=0.000000
   risk 1: beta[11]=0.000000
   risk 1: beta[12]=0.000000
   risk 1: beta[13]=0.000000
   risk 1: beta[14]=0.000000
   risk 1: beta[15]=0.000000
   risk 1: beta[16]=0.000000
   risk 1: beta[17]=0.000000
   risk 1: beta[18]=0.000000
   risk 1: beta[19]=0.000000
   risk 1: beta[20]=0.000000
   risk 1: beta[21]=0.000000
   risk 1: beta[22]=0.000000
   risk 1: beta[23]=0.000000
   risk 1: beta[24]=0.000000
   risk 1: beta[25]=0.000000
   risk 1: beta[26]=0.000000
   risk 1: beta[27]=0.000000
   risk 1: beta[28]=0.000000
   risk 1: beta[29]=0.000000
   risk 1: beta[30]=0.000000
   risk 1: beta[31]=0.000000
   risk 1: beta[32]=0.000000
   risk 1: beta[33]=0.000000
   risk 1: beta[34]=0.000000
   risk 1: beta[35]=0.000000
   risk 1: beta[36]=0.000000
   risk 1: beta[37]=0.000000
   risk 1: beta[38]=0.000000
   risk 1: beta[39]=0.000000
   risk 1: beta[40]=0.000000
uniform censoring on time interval [1.000000,12.000000]
