active=20: 1 2 3 4 5 6 7 8 9 10 11 12 13 14 15 16 17 18 19 20 
active=19: 1 3 4 5 6 7 8 9 10 11 12 13 14 15 16 17 18 19 20 
active=18: 1 3 4 5 6 7 8 9 10 11 12 13 14 16 17 18 19 20 
active=17: 1 3 4 5 6 7 8 9 10 11 12 13 14 17 18 19 20 
active=16: 3 4 5 6 7 8 9 10 11 12 13 14 17 18 19 20 
active=15: 3 4 5 6 7 8 9 10 12 13 14 17 18 19 20 
active=14: 4 5 6 7 8 9 10 12 13 14 17 18 19 20 
active=13: 4 5 6 7 9 10 12 13 14 17 18 19 20 
active=12: 4 5 6 7 9 10 12 13 14 17 19 20 
active=11: 4 5 7 9 10 12 13 14 17 19 20 
active=10: 4 5 7 9 10 13 14 17 19 20 
active=9: 4 5 7 9 10 13 14 19 20 
active=8: 4 5 7 9 10 14 19 20 
active=7: 4 5 7 9 14 19 20 
active=6: 4 5 7 9 19 20 
active=5: 5 7 9 19 20 
active=4: 5 7 19 20 
active=3: 5 7 20 
active=2: 5 7 
active=1: 5 
