active=100: 1 2 3 4 5 6 7 8 9 10 11 12 13 14 15 16 17 18 19 20 21 22 23 24 25 26 27 28 29 30 31 32 33 34 35 36 37 38 39 40 41 42 43 44 45 46 47 48 49 50 51 52 53 54 55 56 57 58 59 60 61 62 63 64 65 66 67 68 69 70 71 72 73 74 75 76 77 78 79 80 81 82 83 84 85 86 87 88 89 90 91 92 93 94 95 96 97 98 99 100 
active=99: 1 2 3 4 5 6 7 8 9 10 11 12 13 14 15 16 17 18 19 20 21 22 23 24 25 26 27 28 29 30 31 32 33 34 35 36 37 38 39 40 41 42 43 44 45 46 47 48 49 50 51 52 53 54 55 56 57 58 59 60 61 62 63 64 65 66 67 68 69 70 71 72 74 75 76 77 78 79 80 81 82 83 84 85 86 87 88 89 90 91 92 93 94 95 96 97 98 99 100 
active=98: 1 2 3 4 5 6 7 8 9 10 11 12 13 14 15 16 17 18 19 20 21 22 23 24 25 26 27 28 29 30 31 32 33 34 35 36 37 38 39 40 41 42 43 44 45 46 47 48 49 50 51 52 53 54 55 56 57 58 59 60 61 62 63 64 65 66 67 68 69 70 71 72 74 75 76 77 78 79 80 81 82 83 84 85 86 87 88 89 90 91 92 94 95 96 97 98 99 100 
active=97: 1 2 3 4 5 6 7 8 9 10 11 12 13 14 15 16 17 18 19 20 21 22 23 24 25 26 27 28 29 30 31 32 33 34 35 36 37 38 39 40 41 42 43 44 45 46 47 48 49 50 51 52 53 54 55 56 57 58 59 60 61 62 63 64 65 66 67 68 69 70 71 72 74 75 76 77 78 80 81 82 83 84 85 86 87 88 89 90 91 92 94 95 96 97 98 99 100 
active=96: 1 2 3 4 5 6 7 8 9 10 11 12 13 14 15 16 17 18 19 20 21 22 23 24 25 26 27 28 29 30 31 32 33 34 35 36 37 38 39 40 41 42 43 44 45 46 47 48 49 50 51 52 53 54 55 56 57 59 60 61 62 63 64 65 66 67 68 69 70 71 72 74 75 76 77 78 80 81 82 83 84 85 86 87 88 89 90 91 92 94 95 96 97 98 99 100 
active=95: 1 2 3 4 5 6 7 9 10 11 12 13 14 15 16 17 18 19 20 21 22 23 24 25 26 27 28 29 30 31 32 33 34 35 36 37 38 39 40 41 42 43 44 45 46 47 48 49 50 51 52 53 54 55 56 57 59 60 61 62 63 64 65 66 67 68 69 70 71 72 74 75 76 77 78 80 81 82 83 84 85 86 87 88 89 90 91 92 94 95 96 97 98 99 100 
active=94: 1 2 3 4 5 6 7 9 10 11 12 13 14 15 16 17 19 20 21 22 23 24 25 26 27 28 29 30 31 32 33 34 35 36 37 38 39 40 41 42 43 44 45 46 47 48 49 50 51 52 53 54 55 56 57 59 60 61 62 63 64 65 66 67 68 69 70 71 72 74 75 76 77 78 80 81 82 83 84 85 86 87 88 89 90 91 92 94 95 96 97 98 99 100 
active=93: 1 2 3 4 5 6 7 9 10 11 12 13 14 15 16 17 19 20 21 22 23 24 25 26 27 28 29 30 31 32 33 34 36 37 38 39 40 41 42 43 44 45 46 47 48 49 50 51 52 53 54 55 56 57 59 60 61 62 63 64 65 66 67 68 69 70 71 72 74 75 76 77 78 80 81 82 83 84 85 86 87 88 89 90 91 92 94 95 96 97 98 99 100 
active=92: 1 2 3 4 5 6 7 9 10 11 12 13 14 15 16 17 19 20 21 22 23 24 25 26 27 28 29 30 31 32 33 34 36 37 38 39 40 41 42 43 44 45 46 47 48 49 50 51 52 53 54 55 56 57 59 60 61 62 63 64 65 66 67 68 69 70 71 72 74 75 76 77 78 80 81 82 83 84 86 87 88 89 90 91 92 94 95 96 97 98 99 100 
active=91: 1 2 3 4 5 6 7 9 10 12 13 14 15 16 17 19 20 21 22 23 24 25 26 27 28 29 30 31 32 33 34 36 37 38 39 40 41 42 43 44 45 46 47 48 49 50 51 52 53 54 55 56 57 59 60 61 62 63 64 65 66 67 68 69 70 71 72 74 75 76 77 78 80 81 82 83 84 86 87 88 89 90 91 92 94 95 96 97 98 99 100 
active=90: 1 2 3 4 5 6 7 9 10 12 13 14 15 16 17 19 20 21 22 23 24 25 26 27 28 29 30 31 32 33 34 36 37 38 39 40 41 42 43 44 45 46 47 48 49 50 51 52 53 54 55 56 57 59 60 61 62 63 64 65 66 67 68 69 70 71 72 74 75 76 77 78 80 81 82 83 84 86 87 88 89 90 91 92 94 95 96 97 98 99 
active=89: 1 2 3 4 5 6 7 9 10 12 13 14 15 16 17 19 20 21 22 23 24 25 26 27 28 29 30 31 32 33 34 36 37 38 39 40 41 42 43 44 45 46 47 48 49 50 51 52 53 54 55 56 57 59 60 61 63 64 65 66 67 68 69 70 71 72 74 75 76 77 78 80 81 82 83 84 86 87 88 89 90 91 92 94 95 96 97 98 99 
active=88: 1 2 3 4 5 6 7 9 10 12 13 14 15 16 17 19 20 21 22 23 24 25 26 27 28 29 30 31 32 33 34 36 37 38 39 40 41 42 43 44 45 46 47 48 49 50 51 52 53 54 56 57 59 60 61 63 64 65 66 67 68 69 70 71 72 74 75 76 77 78 80 81 82 83 84 86 87 88 89 90 91 92 94 95 96 97 98 99 
active=87: 1 2 3 4 5 6 7 9 10 12 13 14 15 16 17 19 20 21 22 23 25 26 27 28 29 30 31 32 33 34 36 37 38 39 40 41 42 43 44 45 46 47 48 49 50 51 52 53 54 56 57 59 60 61 63 64 65 66 67 68 69 70 71 72 74 75 76 77 78 80 81 82 83 84 86 87 88 89 90 91 92 94 95 96 97 98 99 
active=86: 1 2 3 4 5 6 7 9 10 12 13 14 15 16 17 19 20 21 22 23 25 26 27 28 29 30 31 32 33 34 36 37 38 39 40 41 42 43 44 45 46 47 48 49 50 51 52 53 54 56 57 59 60 61 63 64 65 66 67 68 69 70 71 72 74 75 76 77 78 80 81 82 83 84 86 87 88 89 91 92 94 95 96 97 98 99 
active=85: 1 2 3 4 5 6 7 9 10 12 13 14 15 16 17 19 20 21 22 23 25 26 27 28 29 30 31 32 33 34 36 37 38 39 40 41 42 43 44 45 46 47 48 49 50 51 52 53 54 56 57 59 60 61 63 64 65 66 67 68 69 71 72 74 75 76 77 78 80 81 82 83 84 86 87 88 89 91 92 94 95 96 97 98 99 
active=84: 1 2 3 4 5 6 7 9 10 12 13 14 15 16 17 19 20 21 22 23 25 26 27 28 29 30 31 32 33 34 36 37 38 39 40 41 42 43 44 45 46 47 48 49 50 51 52 53 54 56 57 60 61 63 64 65 66 67 68 69 71 72 74 75 76 77 78 80 81 82 83 84 86 87 88 89 91 92 94 95 96 97 98 99 
active=83: 1 2 3 4 5 6 7 9 10 12 13 14 15 16 17 19 20 21 22 23 25 26 27 28 29 30 31 32 33 34 36 37 38 39 40 41 43 44 45 46 47 48 49 50 51 52 53 54 56 57 60 61 63 64 65 66 67 68 69 71 72 74 75 76 77 78 80 81 82 83 84 86 87 88 89 91 92 94 95 96 97 98 99 
active=82: 1 2 3 4 5 6 7 9 10 12 13 14 15 16 17 19 20 21 22 23 25 26 27 28 29 30 31 32 33 34 36 37 38 39 40 41 43 44 45 46 47 48 49 50 51 52 53 54 56 57 60 61 63 64 65 66 67 68 69 71 72 74 75 76 77 78 80 81 82 83 84 86 87 88 89 91 92 94 95 96 98 99 
active=81: 1 2 3 4 5 6 7 9 10 12 13 14 15 16 17 19 20 21 22 23 25 26 27 28 29 30 32 33 34 36 37 38 39 40 41 43 44 45 46 47 48 49 50 51 52 53 54 56 57 60 61 63 64 65 66 67 68 69 71 72 74 75 76 77 78 80 81 82 83 84 86 87 88 89 91 92 94 95 96 98 99 
active=80: 1 2 3 4 5 6 7 9 10 12 13 14 15 16 17 19 20 21 22 23 25 26 27 28 29 30 32 33 34 36 37 38 39 40 41 43 44 45 46 47 48 49 50 51 52 53 54 56 57 60 61 63 64 65 66 67 68 69 71 72 74 75 76 77 78 80 81 82 83 84 86 87 88 89 91 92 94 95 96 98 
active=79: 1 2 3 4 5 6 7 9 10 12 13 14 15 16 17 19 20 21 22 23 25 26 27 28 30 32 33 34 36 37 38 39 40 41 43 44 45 46 47 48 49 50 51 52 53 54 56 57 60 61 63 64 65 66 67 68 69 71 72 74 75 76 77 78 80 81 82 83 84 86 87 88 89 91 92 94 95 96 98 
active=78: 1 2 3 4 5 6 7 9 10 12 13 14 15 16 17 19 20 21 22 23 25 26 27 28 30 32 33 34 36 37 38 39 40 43 44 45 46 47 48 49 50 51 52 53 54 56 57 60 61 63 64 65 66 67 68 69 71 72 74 75 76 77 78 80 81 82 83 84 86 87 88 89 91 92 94 95 96 98 
active=77: 1 2 3 4 5 6 7 9 12 13 14 15 16 17 19 20 21 22 23 25 26 27 28 30 32 33 34 36 37 38 39 40 43 44 45 46 47 48 49 50 51 52 53 54 56 57 60 61 63 64 65 66 67 68 69 71 72 74 75 76 77 78 80 81 82 83 84 86 87 88 89 91 92 94 95 96 98 
active=76: 1 2 3 4 5 6 7 9 12 13 14 15 16 17 19 20 21 22 23 25 26 27 28 30 32 33 34 36 37 38 39 40 43 44 45 46 47 48 49 50 51 52 53 54 56 57 60 61 63 64 65 66 67 68 69 71 72 74 75 76 77 78 80 81 82 83 84 86 87 88 91 92 94 95 96 98 
active=75: 1 2 3 4 5 6 7 9 12 13 14 15 16 17 19 20 21 22 23 25 26 27 28 30 32 33 34 36 37 38 39 40 43 44 45 46 47 48 49 50 51 52 53 54 56 57 60 61 63 64 65 66 68 69 71 72 74 75 76 77 78 80 81 82 83 84 86 87 88 91 92 94 95 96 98 
active=74: 1 2 3 4 5 6 7 9 12 13 14 15 16 17 19 20 21 22 23 25 26 27 28 30 32 33 34 36 37 38 39 40 43 44 45 46 47 48 49 50 51 52 53 54 56 57 60 61 63 64 65 66 68 69 71 72 74 75 76 78 80 81 82 83 84 86 87 88 91 92 94 95 96 98 
active=73: 1 2 3 4 5 6 7 9 12 13 14 15 16 17 19 20 21 22 23 25 26 27 28 30 32 33 34 36 37 38 39 40 43 44 45 46 47 48 49 50 51 53 54 56 57 60 61 63 64 65 66 68 69 71 72 74 75 76 78 80 81 82 83 84 86 87 88 91 92 94 95 96 98 
active=72: 1 2 3 4 5 6 7 9 12 13 14 15 16 17 19 20 21 22 23 25 26 27 28 30 32 33 34 36 37 38 39 40 43 44 45 46 47 48 49 50 51 53 54 56 57 60 61 63 64 65 66 68 69 71 72 74 75 76 78 80 81 82 83 84 87 88 91 92 94 95 96 98 
active=71: 1 2 3 4 5 6 7 12 13 14 15 16 17 19 20 21 22 23 25 26 27 28 30 32 33 34 36 37 38 39 40 43 44 45 46 47 48 49 50 51 53 54 56 57 60 61 63 64 65 66 68 69 71 72 74 75 76 78 80 81 82 83 84 87 88 91 92 94 95 96 98 
active=70: 1 2 3 4 5 6 7 12 13 14 15 16 17 19 20 21 22 23 25 26 27 30 32 33 34 36 37 38 39 40 43 44 45 46 47 48 49 50 51 53 54 56 57 60 61 63 64 65 66 68 69 71 72 74 75 76 78 80 81 82 83 84 87 88 91 92 94 95 96 98 
active=69: 1 2 3 4 5 6 7 12 13 14 15 16 17 19 20 21 22 23 25 26 27 30 32 33 34 36 37 38 39 40 43 44 45 46 47 48 49 50 51 54 56 57 60 61 63 64 65 66 68 69 71 72 74 75 76 78 80 81 82 83 84 87 88 91 92 94 95 96 98 
active=68: 1 2 3 4 5 6 7 13 14 15 16 17 19 20 21 22 23 25 26 27 30 32 33 34 36 37 38 39 40 43 44 45 46 47 48 49 50 51 54 56 57 60 61 63 64 65 66 68 69 71 72 74 75 76 78 80 81 82 83 84 87 88 91 92 94 95 96 98 
active=67: 1 2 3 4 5 6 7 13 14 15 16 17 19 20 21 22 23 25 26 27 30 32 33 34 36 37 38 39 40 43 44 45 46 47 48 49 50 51 54 56 57 60 63 64 65 66 68 69 71 72 74 75 76 78 80 81 82 83 84 87 88 91 92 94 95 96 98 
active=66: 1 2 3 4 5 6 7 13 14 15 16 17 19 20 21 22 23 25 26 27 30 32 33 34 37 38 39 40 43 44 45 46 47 48 49 50 51 54 56 57 60 63 64 65 66 68 69 71 72 74 75 76 78 80 81 82 83 84 87 88 91 92 94 95 96 98 
active=65: 1 2 3 4 5 6 7 13 14 15 16 17 19 20 21 22 23 25 26 27 30 32 33 34 37 38 39 40 43 44 45 46 47 48 49 50 51 56 57 60 63 64 65 66 68 69 71 72 74 75 76 78 80 81 82 83 84 87 88 91 92 94 95 96 98 
active=64: 1 2 3 4 5 6 7 13 14 15 16 17 19 20 21 22 23 25 26 27 30 32 34 37 38 39 40 43 44 45 46 47 48 49 50 51 56 57 60 63 64 65 66 68 69 71 72 74 75 76 78 80 81 82 83 84 87 88 91 92 94 95 96 98 
active=63: 1 2 3 4 5 6 7 13 14 15 16 17 19 20 22 23 25 26 27 30 32 34 37 38 39 40 43 44 45 46 47 48 49 50 51 56 57 60 63 64 65 66 68 69 71 72 74 75 76 78 80 81 82 83 84 87 88 91 92 94 95 96 98 
active=62: 1 2 3 4 5 6 7 13 14 15 16 17 19 20 22 23 25 26 27 30 32 34 37 38 39 40 43 44 45 46 47 48 49 50 51 57 60 63 64 65 66 68 69 71 72 74 75 76 78 80 81 82 83 84 87 88 91 92 94 95 96 98 
active=61: 2 3 4 5 6 7 13 14 15 16 17 19 20 22 23 25 26 27 30 32 34 37 38 39 40 43 44 45 46 47 48 49 50 51 57 60 63 64 65 66 68 69 71 72 74 75 76 78 80 81 82 83 84 87 88 91 92 94 95 96 98 
active=60: 2 3 4 5 6 7 13 14 15 16 17 19 20 22 23 25 26 27 30 32 34 37 38 39 40 43 44 45 46 47 48 49 50 51 57 60 63 64 65 66 68 69 71 72 74 75 78 80 81 82 83 84 87 88 91 92 94 95 96 98 
active=59: 2 3 4 5 6 7 13 15 16 17 19 20 22 23 25 26 27 30 32 34 37 38 39 40 43 44 45 46 47 48 49 50 51 57 60 63 64 65 66 68 69 71 72 74 75 78 80 81 82 83 84 87 88 91 92 94 95 96 98 
active=58: 2 3 4 5 6 7 13 15 16 17 19 20 22 23 25 26 27 30 32 34 37 38 39 40 43 44 45 46 47 48 49 50 57 60 63 64 65 66 68 69 71 72 74 75 78 80 81 82 83 84 87 88 91 92 94 95 96 98 
active=57: 2 3 4 5 6 7 13 15 16 17 19 20 22 23 25 26 27 30 32 34 37 38 39 40 43 44 45 46 47 48 49 50 60 63 64 65 66 68 69 71 72 74 75 78 80 81 82 83 84 87 88 91 92 94 95 96 98 
active=56: 2 3 4 5 6 7 13 15 16 17 19 20 22 23 25 26 27 30 32 34 37 38 39 40 43 44 45 47 48 49 50 60 63 64 65 66 68 69 71 72 74 75 78 80 81 82 83 84 87 88 91 92 94 95 96 98 
active=55: 2 3 4 5 6 7 13 15 16 17 19 20 22 23 25 26 27 30 32 34 37 38 39 40 43 44 45 47 48 49 50 60 63 64 65 66 68 69 71 72 74 75 78 80 81 82 83 84 87 88 91 92 95 96 98 
active=54: 2 3 4 5 6 7 13 15 16 17 19 20 22 23 25 26 27 30 32 34 37 38 39 40 43 44 45 47 48 49 50 60 63 64 65 66 68 69 71 74 75 78 80 81 82 83 84 87 88 91 92 95 96 98 
active=53: 2 3 4 5 6 7 13 15 16 17 19 20 22 23 25 26 27 30 32 34 37 38 39 40 43 45 47 48 49 50 60 63 64 65 66 68 69 71 74 75 78 80 81 82 83 84 87 88 91 92 95 96 98 
active=52: 2 3 4 5 6 7 13 15 16 17 19 20 22 23 25 26 27 30 32 34 37 38 39 40 43 45 47 48 49 50 60 63 64 65 66 68 69 71 74 75 78 80 81 83 84 87 88 91 92 95 96 98 
active=51: 2 3 4 5 6 7 13 15 16 17 19 20 22 23 25 26 27 30 32 34 37 38 39 40 43 45 47 48 49 50 60 63 64 65 66 68 71 74 75 78 80 81 83 84 87 88 91 92 95 96 98 
active=50: 2 3 4 5 6 7 13 15 16 17 19 20 22 23 25 26 27 30 32 34 37 39 40 43 45 47 48 49 50 60 63 64 65 66 68 71 74 75 78 80 81 83 84 87 88 91 92 95 96 98 
active=49: 2 3 4 5 6 7 13 16 17 19 20 22 23 25 26 27 30 32 34 37 39 40 43 45 47 48 49 50 60 63 64 65 66 68 71 74 75 78 80 81 83 84 87 88 91 92 95 96 98 
active=48: 2 3 5 6 7 13 16 17 19 20 22 23 25 26 27 30 32 34 37 39 40 43 45 47 48 49 50 60 63 64 65 66 68 71 74 75 78 80 81 83 84 87 88 91 92 95 96 98 
active=47: 2 3 5 6 7 13 16 17 19 20 22 25 26 27 30 32 34 37 39 40 43 45 47 48 49 50 60 63 64 65 66 68 71 74 75 78 80 81 83 84 87 88 91 92 95 96 98 
active=46: 2 3 5 6 7 13 16 19 20 22 25 26 27 30 32 34 37 39 40 43 45 47 48 49 50 60 63 64 65 66 68 71 74 75 78 80 81 83 84 87 88 91 92 95 96 98 
active=45: 2 3 5 6 7 13 16 19 20 22 25 26 27 30 32 34 37 39 43 45 47 48 49 50 60 63 64 65 66 68 71 74 75 78 80 81 83 84 87 88 91 92 95 96 98 
active=44: 2 3 5 6 7 13 16 19 20 22 25 26 27 30 32 34 37 39 45 47 48 49 50 60 63 64 65 66 68 71 74 75 78 80 81 83 84 87 88 91 92 95 96 98 
active=43: 2 3 5 6 7 13 16 19 22 25 26 27 30 32 34 37 39 45 47 48 49 50 60 63 64 65 66 68 71 74 75 78 80 81 83 84 87 88 91 92 95 96 98 
active=42: 2 3 5 6 7 13 16 19 22 25 26 27 30 32 34 37 39 45 47 48 49 50 60 63 64 65 66 68 71 74 75 78 80 81 83 84 87 88 91 92 95 96 
active=41: 2 3 5 6 7 13 16 19 22 25 26 27 30 32 34 37 39 45 47 48 49 50 60 63 64 65 66 71 74 75 78 80 81 83 84 87 88 91 92 95 96 
active=40: 2 3 5 6 7 13 16 19 22 25 27 30 32 34 37 39 45 47 48 49 50 60 63 64 65 66 71 74 75 78 80 81 83 84 87 88 91 92 95 96 
active=39: 2 3 5 6 7 13 16 19 25 27 30 32 34 37 39 45 47 48 49 50 60 63 64 65 66 71 74 75 78 80 81 83 84 87 88 91 92 95 96 
active=38: 2 3 5 6 7 13 16 19 25 27 30 32 34 37 39 45 47 48 49 50 60 63 64 65 66 71 74 75 78 80 81 83 84 87 88 91 92 96 
active=37: 2 3 5 6 7 13 16 19 25 27 30 32 34 37 39 45 47 48 49 50 60 63 64 65 66 71 74 75 78 80 81 83 84 87 88 91 92 
active=36: 2 3 5 6 7 13 16 19 25 27 30 32 34 37 39 45 47 48 49 50 60 63 64 65 66 71 74 75 78 80 81 83 84 87 88 91 
active=35: 2 3 5 6 7 13 16 19 25 27 30 32 34 37 39 45 47 48 49 50 60 63 64 65 66 71 74 75 78 81 83 84 87 88 91 
active=34: 2 3 5 6 7 13 16 19 25 27 30 32 34 37 39 45 47 48 49 50 60 63 65 66 71 74 75 78 81 83 84 87 88 91 
active=33: 2 3 5 6 7 13 16 19 25 27 30 32 34 37 39 45 47 48 49 50 60 63 65 66 71 74 75 78 81 83 84 87 88 
active=32: 2 3 5 6 7 13 16 19 25 27 30 32 34 37 39 45 47 48 49 50 60 63 65 66 71 74 75 78 81 83 87 88 
active=31: 2 3 5 6 7 13 16 19 25 27 30 32 34 37 39 45 47 48 49 50 60 63 65 66 71 74 75 81 83 87 88 
active=30: 2 3 5 6 7 13 16 19 25 27 30 32 34 37 39 45 47 48 49 60 63 65 66 71 74 75 81 83 87 88 
active=29: 2 3 5 6 7 13 16 19 25 27 30 32 34 37 39 45 47 48 49 60 63 65 66 71 74 75 81 83 88 
active=28: 2 3 5 6 7 13 16 19 25 27 30 32 34 37 39 45 47 48 49 60 63 65 66 71 75 81 83 88 
active=27: 2 3 5 6 7 13 16 19 25 27 30 32 34 37 39 47 48 49 60 63 65 66 71 75 81 83 88 
active=26: 2 3 5 6 7 13 16 19 25 27 30 32 34 37 39 47 48 49 60 63 65 66 75 81 83 88 
active=25: 2 3 5 6 7 13 19 25 27 30 32 34 37 39 47 48 49 60 63 65 66 75 81 83 88 
active=24: 2 5 6 7 13 19 25 27 30 32 34 37 39 47 48 49 60 63 65 66 75 81 83 88 
active=23: 2 5 6 7 19 25 27 30 32 34 37 39 47 48 49 60 63 65 66 75 81 83 88 
active=22: 2 5 6 7 19 25 27 30 32 34 37 39 47 48 49 60 63 65 66 81 83 88 
active=21: 2 5 6 7 19 25 27 30 32 34 37 39 48 49 60 63 65 66 81 83 88 
active=20: 2 5 6 7 19 25 27 30 32 34 37 39 48 49 60 63 65 66 83 88 
active=19: 2 5 6 7 19 25 27 30 32 37 39 48 49 60 63 65 66 83 88 
active=18: 2 5 6 7 19 25 27 30 32 37 39 48 49 60 63 65 66 88 
active=17: 2 5 6 7 19 25 27 32 37 39 48 49 60 63 65 66 88 
active=16: 2 5 6 7 19 25 27 32 37 39 48 60 63 65 66 88 
active=15: 2 5 6 7 25 27 32 37 39 48 60 63 65 66 88 
active=14: 2 6 7 25 27 32 37 39 48 60 63 65 66 88 
active=13: 2 6 7 25 27 32 37 39 48 60 65 66 88 
active=12: 2 6 7 25 27 32 39 48 60 65 66 88 
active=11: 2 6 7 25 27 32 39 48 60 65 88 
active=10: 2 6 7 25 27 32 39 48 60 88 
active=9: 2 6 7 25 27 32 39 60 88 
active=8: 2 6 7 25 27 39 60 88 
active=7: 2 6 7 25 39 60 88 
active=6: 2 6 7 25 39 60 
active=5: 2 6 7 25 39 
active=4: 2 7 25 39 
active=3: 2 7 39 
active=2: 2 39 
active=1: 2 
