0.000000 0.510100
1.000000 0.568400
2.000000 0.650400
3.000000 0.667000
4.000000 0.693600
5.000000 0.705200
6.000000 0.729900
7.000000 0.721700
8.000000 0.752000
9.000000 0.747600
10.000000 0.747900
11.000000 0.736600
12.000000 0.732600
13.000000 0.729700
14.000000 0.738600
15.000000 0.745700
16.000000 0.746200
17.000000 0.754100
18.000000 0.764300
19.000000 0.766100
20.000000 0.759400
21.000000 0.763600
22.000000 0.758800
23.000000 0.754800
24.000000 0.770300
25.000000 0.769900
26.000000 0.755100
27.000000 0.750900
28.000000 0.760600
29.000000 0.760900
30.000000 0.758500
31.000000 0.751200
32.000000 0.753300
33.000000 0.754400
34.000000 0.752500
35.000000 0.744900
36.000000 0.741400
37.000000 0.746300
38.000000 0.746600
39.000000 0.740200
40.000000 0.729000
41.000000 0.727700
42.000000 0.730100
43.000000 0.725400
44.000000 0.725900
45.000000 0.722700
46.000000 0.708800
47.000000 0.719600
48.000000 0.718100
49.000000 0.719200
50.000000 0.715800
51.000000 0.701800
52.000000 0.711000
53.000000 0.707200
54.000000 0.698600
55.000000 0.702500
56.000000 0.690200
57.000000 0.698500
58.000000 0.693300
59.000000 0.689500
60.000000 0.683400
61.000000 0.675900
62.000000 0.682100
63.000000 0.672300
64.000000 0.673600
65.000000 0.672100
66.000000 0.668600
67.000000 0.665800
68.000000 0.669400
69.000000 0.662900
70.000000 0.658400
71.000000 0.660200
72.000000 0.656000
73.000000 0.649000
74.000000 0.645900
75.000000 0.648300
76.000000 0.648600
77.000000 0.633000
78.000000 0.635100
79.000000 0.634600
80.000000 0.640400
81.000000 0.632100
82.000000 0.629200
83.000000 0.634600
84.000000 0.617100
85.000000 0.615900
86.000000 0.621500
87.000000 0.615800
88.000000 0.612900
89.000000 0.609800
90.000000 0.602900
91.000000 0.604000
92.000000 0.601800
93.000000 0.607500
94.000000 0.605200
95.000000 0.600600
96.000000 0.597300
97.000000 0.592700
98.000000 0.585900
99.000000 0.590100
100.000000 0.583700
