1 0.107916510000 0.926482034775
2 0.015764620000 1.010841515662
3 0.030031950000 1.007602650702
4 0.061092820000 1.052431223738
5 0.065685120000 0.921084423514
6 0.064470820000 0.993485066352
7 0.179893560000 1.025776575705
8 -0.045005920000 0.927679000429
9 -0.038956120000 1.045255548991
10 0.053371750000 0.945497951857
11 0.005159490000 1.000901438191
12 -0.015690380000 0.919102235728
13 -0.103227340000 0.971030311954
14 -0.037613980000 1.065117721230
15 0.007279680000 1.056190177361
16 0.024096690000 0.915575907593
17 0.006598100000 1.059900605622
18 0.075997760000 1.057777393195
19 -0.149553670000 0.866465468423
20 0.059542210000 1.068116275669
21 0.102271150000 0.839081638909
22 -0.041036350000 0.948362827069
23 -0.002372140000 0.970464421967
24 -0.035515800000 1.049413658402
25 -0.160491220000 0.901261492817
26 0.205492960000 1.050509590758
27 -0.021236430000 0.972154670290
28 -0.152194620000 0.958472513868
29 -0.023067650000 0.998584446625
30 -0.126947780000 1.050005498509
31 0.144102710000 0.984557411464
32 0.142526900000 1.030345706930
33 -0.065028700000 1.033379212451
34 -0.013137590000 1.095609818948
35 0.076717640000 1.021659441578
36 0.048819160000 1.047758380917
37 -0.043217140000 1.011765074271
38 -0.055081550000 0.969787584774
39 0.023965840000 0.932382432828
40 0.026659910000 0.931067497847
41 -0.181875490000 0.988725621149
42 0.041360830000 1.228837773454
43 -0.053148780000 0.922840706479
44 0.042277730000 1.121286367314
45 -0.022716000000 1.012388365902
46 0.037408140000 0.929581249104
47 0.187955540000 1.030537763543
48 -0.225127750000 1.092296725455
49 -0.005306390000 0.984866120891
50 -0.109797220000 1.036764842088
51 -0.009132260000 0.980006023985
52 -0.091857010000 1.063304208591
53 -0.012755100000 0.972629895719
54 0.070422270000 1.087922966671
55 -0.124030120000 1.002297997795
56 0.187045330000 0.987157768670
57 0.011521170000 1.007070209231
58 -0.104306270000 0.980124498481
59 0.022223230000 0.976223702745
60 0.022786600000 1.020432488486
61 -0.125740120000 0.952239259240
62 -0.071283530000 0.985344291217
63 0.026871700000 0.997891942079
64 -0.239870240000 1.050135823798
65 -0.032632460000 0.978046546823
66 -0.097804740000 1.147155535576
67 0.010807620000 0.984074872733
68 0.193427290000 1.003710367644
69 0.015933980000 1.079991637883
70 0.000333300000 0.997725155493
71 -0.231754240000 1.199403598205
72 0.154298550000 1.069694388736
73 -0.095805850000 0.957435687570
74 -0.019818530000 0.978353168933
75 -0.129609090000 0.876172972516
76 -0.071388060000 1.061292372683
77 -0.063033710000 0.941252094419
78 -0.038006940000 1.038139577139
79 -0.030738690000 1.058273030515
80 -0.122093590000 1.008861162074
81 0.093756860000 1.145442564892
82 0.047889990000 0.960472106037
83 -0.310080640000 1.165783909098
84 0.164248700000 0.871969427423
85 0.080155380000 1.132747153407
86 -0.055261870000 0.956068525072
87 0.005172400000 1.016716170077
88 -0.213679030000 0.943359651954
89 0.035993590000 1.008886856657
90 0.082050420000 1.016262318476
91 0.037187360000 0.999428228852
92 -0.055202510000 0.983572389176
93 0.107311640000 1.105095502486
94 0.048313480000 0.958356103307
95 0.007407700000 0.941532542253
96 -0.021191390000 1.015799198413
97 -0.044428260000 0.978364014021
98 -0.124582760000 0.954235137314
99 0.057126720000 0.908190406186
100 0.017989620000 0.935933913081
