active=40: 1 2 3 4 5 6 7 8 9 10 11 12 13 14 15 16 17 18 19 20 21 22 23 24 25 26 27 28 29 30 31 32 33 34 35 36 37 38 39 40 
active=39: 1 2 3 4 5 6 8 9 10 11 12 13 14 15 16 17 18 19 20 21 22 23 24 25 26 27 28 29 30 31 32 33 34 35 36 37 38 39 40 
active=38: 1 2 3 4 5 6 8 10 11 12 13 14 15 16 17 18 19 20 21 22 23 24 25 26 27 28 29 30 31 32 33 34 35 36 37 38 39 40 
active=37: 1 2 3 4 5 8 10 11 12 13 14 15 16 17 18 19 20 21 22 23 24 25 26 27 28 29 30 31 32 33 34 35 36 37 38 39 40 
active=36: 1 2 3 4 5 8 10 11 12 13 14 15 16 17 18 19 20 21 22 23 24 25 26 27 28 29 30 31 32 33 35 36 37 38 39 40 
active=35: 1 2 3 4 5 8 10 11 12 13 14 15 16 17 18 19 20 21 22 24 25 26 27 28 29 30 31 32 33 35 36 37 38 39 40 
active=34: 1 2 3 4 5 8 10 11 12 13 14 15 16 17 19 20 21 22 24 25 26 27 28 29 30 31 32 33 35 36 37 38 39 40 
active=33: 1 2 3 4 5 8 10 11 12 13 14 15 16 17 19 20 21 22 25 26 27 28 29 30 31 32 33 35 36 37 38 39 40 
active=32: 1 2 3 4 5 8 10 11 12 13 14 15 16 17 19 20 21 22 25 26 27 29 30 31 32 33 35 36 37 38 39 40 
active=31: 1 2 3 4 5 10 11 12 13 14 15 16 17 19 20 21 22 25 26 27 29 30 31 32 33 35 36 37 38 39 40 
active=30: 1 2 3 4 5 10 12 13 14 15 16 17 19 20 21 22 25 26 27 29 30 31 32 33 35 36 37 38 39 40 
active=29: 1 2 3 4 5 10 12 13 14 15 16 17 19 20 21 25 26 27 29 30 31 32 33 35 36 37 38 39 40 
active=28: 1 2 4 5 10 12 13 14 15 16 17 19 20 21 25 26 27 29 30 31 32 33 35 36 37 38 39 40 
active=27: 2 4 5 10 12 13 14 15 16 17 19 20 21 25 26 27 29 30 31 32 33 35 36 37 38 39 40 
active=26: 2 4 5 10 12 13 14 15 16 17 19 20 21 25 26 27 29 30 31 32 33 36 37 38 39 40 
active=25: 2 5 10 12 13 14 15 16 17 19 20 21 25 26 27 29 30 31 32 33 36 37 38 39 40 
active=24: 2 5 10 12 13 14 15 16 17 19 20 21 25 26 27 30 31 32 33 36 37 38 39 40 
active=23: 2 5 10 12 13 14 15 16 17 19 20 21 25 26 27 30 31 32 33 36 37 39 40 
active=22: 2 5 10 12 13 14 15 16 17 19 20 21 25 26 27 30 31 32 36 37 39 40 
active=21: 2 5 10 13 14 15 16 17 19 20 21 25 26 27 30 31 32 36 37 39 40 
active=20: 2 5 10 13 14 15 16 19 20 21 25 26 27 30 31 32 36 37 39 40 
active=19: 2 5 10 13 14 15 16 19 20 21 25 27 30 31 32 36 37 39 40 
active=18: 2 5 10 13 14 15 16 19 20 21 25 27 30 31 32 37 39 40 
active=17: 2 5 10 13 14 16 19 20 21 25 27 30 31 32 37 39 40 
active=16: 2 5 10 14 16 19 20 21 25 27 30 31 32 37 39 40 
active=15: 2 5 14 16 19 20 21 25 27 30 31 32 37 39 40 
active=14: 2 5 14 16 20 21 25 27 30 31 32 37 39 40 
active=13: 2 5 14 16 20 21 25 27 31 32 37 39 40 
active=12: 2 5 16 20 21 25 27 31 32 37 39 40 
active=11: 2 5 16 21 25 27 31 32 37 39 40 
active=10: 2 5 16 21 25 27 31 37 39 40 
active=9: 2 16 21 25 27 31 37 39 40 
active=8: 16 21 25 27 31 37 39 40 
active=7: 16 21 25 27 31 37 40 
active=6: 21 25 27 31 37 40 
active=5: 21 25 27 31 40 
active=4: 21 25 27 31 
active=3: 25 27 31 
active=2: 25 27 
active=1: 25 
