active=140: 1 2 3 4 5 6 7 8 9 10 11 12 13 14 15 16 17 18 19 20 21 22 23 24 25 26 27 28 29 30 31 32 33 34 35 36 37 38 39 40 41 42 43 44 45 46 47 48 49 50 51 52 53 54 55 56 57 58 59 60 61 62 63 64 65 66 67 68 69 70 71 72 73 74 75 76 77 78 79 80 81 82 83 84 85 86 87 88 89 90 91 92 93 94 95 96 97 98 99 100 101 102 103 104 105 106 107 108 109 110 111 112 113 114 115 116 117 118 119 120 121 122 123 124 125 126 127 128 129 130 131 132 133 134 135 136 137 138 139 140 
active=139: 1 2 3 4 5 6 7 8 9 10 11 12 13 14 15 16 17 18 19 20 21 22 23 24 25 26 27 28 29 30 31 32 33 34 35 36 37 38 39 40 41 42 43 44 45 46 47 48 49 50 51 52 53 54 55 56 57 58 59 60 61 62 63 64 65 66 67 68 69 70 71 72 74 75 76 77 78 79 80 81 82 83 84 85 86 87 88 89 90 91 92 93 94 95 96 97 98 99 100 101 102 103 104 105 106 107 108 109 110 111 112 113 114 115 116 117 118 119 120 121 122 123 124 125 126 127 128 129 130 131 132 133 134 135 136 137 138 139 140 
active=138: 1 2 3 4 5 6 7 8 9 10 11 12 13 14 15 16 17 18 19 20 21 22 23 24 25 26 27 28 29 30 31 32 33 34 35 36 37 38 39 40 41 42 43 44 45 46 47 48 49 50 52 53 54 55 56 57 58 59 60 61 62 63 64 65 66 67 68 69 70 71 72 74 75 76 77 78 79 80 81 82 83 84 85 86 87 88 89 90 91 92 93 94 95 96 97 98 99 100 101 102 103 104 105 106 107 108 109 110 111 112 113 114 115 116 117 118 119 120 121 122 123 124 125 126 127 128 129 130 131 132 133 134 135 136 137 138 139 140 
active=137: 1 2 3 4 5 6 7 8 9 10 11 12 13 14 15 16 17 18 19 20 21 22 23 24 25 26 27 28 29 30 31 32 33 34 36 37 38 39 40 41 42 43 44 45 46 47 48 49 50 52 53 54 55 56 57 58 59 60 61 62 63 64 65 66 67 68 69 70 71 72 74 75 76 77 78 79 80 81 82 83 84 85 86 87 88 89 90 91 92 93 94 95 96 97 98 99 100 101 102 103 104 105 106 107 108 109 110 111 112 113 114 115 116 117 118 119 120 121 122 123 124 125 126 127 128 129 130 131 132 133 134 135 136 137 138 139 140 
active=136: 1 2 3 4 5 6 7 8 9 10 11 12 13 14 15 16 17 18 19 20 21 22 23 24 25 26 27 28 29 30 31 32 33 34 36 37 38 39 40 41 42 43 44 45 46 47 48 49 50 52 53 54 55 56 57 58 59 60 61 62 63 64 65 66 67 68 69 70 71 72 74 75 76 77 78 79 80 81 82 83 84 85 86 87 88 89 90 91 92 93 94 95 96 97 98 99 100 101 102 103 104 105 106 107 108 109 110 111 112 113 114 115 116 117 118 119 120 121 122 123 125 126 127 128 129 130 131 132 133 134 135 136 137 138 139 140 
active=135: 1 2 3 4 5 6 7 8 9 10 11 12 13 14 15 16 17 18 19 20 21 22 23 24 25 26 27 28 29 30 31 32 33 34 36 37 38 39 40 41 42 43 44 45 46 47 48 49 50 52 53 54 55 56 57 58 59 60 61 62 63 64 65 66 67 68 69 70 71 72 74 75 76 77 78 79 80 81 82 83 84 85 87 88 89 90 91 92 93 94 95 96 97 98 99 100 101 102 103 104 105 106 107 108 109 110 111 112 113 114 115 116 117 118 119 120 121 122 123 125 126 127 128 129 130 131 132 133 134 135 136 137 138 139 140 
active=134: 1 2 3 4 5 6 7 8 9 10 11 12 13 14 15 16 17 18 19 20 21 22 23 24 25 26 27 28 29 30 31 32 33 36 37 38 39 40 41 42 43 44 45 46 47 48 49 50 52 53 54 55 56 57 58 59 60 61 62 63 64 65 66 67 68 69 70 71 72 74 75 76 77 78 79 80 81 82 83 84 85 87 88 89 90 91 92 93 94 95 96 97 98 99 100 101 102 103 104 105 106 107 108 109 110 111 112 113 114 115 116 117 118 119 120 121 122 123 125 126 127 128 129 130 131 132 133 134 135 136 137 138 139 140 
active=133: 1 2 3 4 5 6 7 8 9 10 11 12 13 14 15 16 17 18 19 20 21 22 23 24 25 26 27 28 29 30 31 32 33 36 37 38 39 40 41 42 43 44 45 46 47 48 49 50 52 53 54 55 56 57 58 59 60 61 62 63 64 65 66 67 68 69 70 71 72 74 75 76 77 78 79 80 81 82 83 84 85 87 88 89 90 91 92 93 94 95 96 97 98 99 101 102 103 104 105 106 107 108 109 110 111 112 113 114 115 116 117 118 119 120 121 122 123 125 126 127 128 129 130 131 132 133 134 135 136 137 138 139 140 
active=132: 1 2 3 4 5 6 7 8 9 10 11 12 13 14 15 16 17 18 19 20 21 22 23 24 25 26 27 28 29 30 31 32 33 36 37 38 39 40 41 42 43 44 45 46 47 48 49 50 52 53 54 55 56 57 58 59 60 61 62 63 64 65 66 67 68 69 70 71 72 74 75 76 77 78 79 80 81 82 83 84 85 87 88 89 90 91 92 93 94 95 96 97 98 99 101 102 103 105 106 107 108 109 110 111 112 113 114 115 116 117 118 119 120 121 122 123 125 126 127 128 129 130 131 132 133 134 135 136 137 138 139 140 
active=131: 1 2 3 4 5 6 7 8 9 10 11 12 13 14 15 16 17 18 19 20 21 22 23 24 25 26 27 28 29 30 31 32 33 36 37 38 39 40 41 42 43 44 45 46 47 48 49 50 52 53 54 55 56 57 58 59 60 61 62 63 64 65 66 67 68 69 70 71 72 74 75 76 77 78 79 80 81 82 83 84 85 87 88 89 90 91 92 93 94 95 96 97 98 99 101 102 103 105 106 107 108 109 110 111 112 113 114 115 116 117 118 119 120 121 123 125 126 127 128 129 130 131 132 133 134 135 136 137 138 139 140 
active=130: 1 2 3 4 5 6 7 8 9 10 11 12 13 14 15 16 17 18 19 20 21 22 23 24 25 26 27 28 29 30 31 32 33 36 37 38 39 40 41 42 43 44 45 46 47 48 49 50 52 53 54 55 56 57 58 59 60 61 62 63 64 65 66 67 68 69 70 71 72 74 75 76 77 78 79 80 81 82 84 85 87 88 89 90 91 92 93 94 95 96 97 98 99 101 102 103 105 106 107 108 109 110 111 112 113 114 115 116 117 118 119 120 121 123 125 126 127 128 129 130 131 132 133 134 135 136 137 138 139 140 
active=129: 1 2 3 4 5 6 7 8 9 10 11 12 13 14 15 16 17 18 19 20 21 22 23 24 25 26 27 28 29 30 31 32 33 36 37 38 39 40 41 42 43 44 45 46 47 48 49 50 52 53 54 55 56 57 58 59 60 61 62 63 64 65 66 67 68 69 70 71 72 74 75 76 77 78 79 80 81 82 84 85 87 88 89 90 91 92 93 95 96 97 98 99 101 102 103 105 106 107 108 109 110 111 112 113 114 115 116 117 118 119 120 121 123 125 126 127 128 129 130 131 132 133 134 135 136 137 138 139 140 
active=128: 1 2 3 4 5 6 7 8 9 10 11 12 13 14 15 16 17 18 19 20 21 22 23 24 25 26 27 28 29 30 31 32 33 36 37 38 39 40 41 42 43 44 45 46 47 48 49 50 52 53 54 55 56 57 58 59 60 61 62 63 64 65 66 67 68 69 70 71 72 74 75 76 77 78 79 80 81 82 84 85 87 88 89 90 91 92 93 95 96 97 98 99 101 102 103 105 106 107 108 109 110 111 112 113 114 115 116 117 118 119 120 121 123 125 126 127 128 129 130 131 132 133 134 136 137 138 139 140 
active=127: 1 2 3 4 5 6 7 8 9 10 11 12 13 14 15 16 17 18 19 20 21 22 23 24 25 26 27 28 29 30 31 32 33 36 37 38 39 40 41 42 43 44 45 46 47 48 49 50 52 53 54 55 56 57 58 59 60 61 62 63 64 65 66 67 68 70 71 72 74 75 76 77 78 79 80 81 82 84 85 87 88 89 90 91 92 93 95 96 97 98 99 101 102 103 105 106 107 108 109 110 111 112 113 114 115 116 117 118 119 120 121 123 125 126 127 128 129 130 131 132 133 134 136 137 138 139 140 
active=126: 1 2 3 4 5 6 7 8 9 10 11 12 13 14 15 16 17 18 19 20 21 22 23 24 25 26 27 28 29 30 31 32 33 36 37 38 39 40 41 42 43 44 45 46 47 48 49 50 52 53 54 55 56 57 58 59 60 61 62 63 64 65 66 67 68 70 71 72 74 75 76 77 78 79 80 81 82 84 85 87 88 89 90 91 92 93 95 96 97 98 99 101 102 103 105 106 107 108 109 110 111 112 113 115 116 117 118 119 120 121 123 125 126 127 128 129 130 131 132 133 134 136 137 138 139 140 
active=125: 1 2 3 4 5 6 7 8 9 10 11 12 13 14 15 16 17 18 19 20 21 22 23 24 25 26 27 28 29 30 31 32 33 36 37 38 39 40 41 42 43 44 45 46 47 48 49 50 52 53 54 55 56 57 58 59 60 61 62 63 64 65 66 67 68 70 71 72 74 75 76 77 78 79 80 81 82 84 85 87 88 90 91 92 93 95 96 97 98 99 101 102 103 105 106 107 108 109 110 111 112 113 115 116 117 118 119 120 121 123 125 126 127 128 129 130 131 132 133 134 136 137 138 139 140 
active=124: 1 2 3 4 5 6 7 8 9 10 11 12 13 14 15 16 17 18 19 20 21 22 23 24 25 26 27 28 29 30 31 32 33 36 37 38 39 40 41 42 43 44 45 46 47 48 49 50 52 53 54 55 56 57 58 59 60 61 62 63 64 65 66 67 68 70 71 72 74 75 76 77 78 79 80 81 82 84 85 87 88 90 91 92 93 95 96 97 98 99 101 102 105 106 107 108 109 110 111 112 113 115 116 117 118 119 120 121 123 125 126 127 128 129 130 131 132 133 134 136 137 138 139 140 
active=123: 1 2 3 4 5 6 7 8 9 10 11 12 13 14 15 16 17 18 19 20 21 22 23 24 25 26 27 28 29 30 31 33 36 37 38 39 40 41 42 43 44 45 46 47 48 49 50 52 53 54 55 56 57 58 59 60 61 62 63 64 65 66 67 68 70 71 72 74 75 76 77 78 79 80 81 82 84 85 87 88 90 91 92 93 95 96 97 98 99 101 102 105 106 107 108 109 110 111 112 113 115 116 117 118 119 120 121 123 125 126 127 128 129 130 131 132 133 134 136 137 138 139 140 
active=122: 1 2 3 4 5 6 7 8 9 10 11 12 13 14 15 16 17 18 19 20 21 22 23 24 25 26 27 28 29 30 31 33 36 37 38 39 40 41 42 43 44 45 46 47 48 49 50 52 53 54 55 56 57 58 59 60 61 62 63 64 65 66 67 68 70 71 72 74 75 76 77 78 79 80 81 82 84 85 87 88 90 91 92 93 95 96 97 98 99 101 102 105 106 107 108 109 110 112 113 115 116 117 118 119 120 121 123 125 126 127 128 129 130 131 132 133 134 136 137 138 139 140 
active=121: 1 2 3 4 5 6 7 8 9 10 11 12 13 14 15 16 17 18 19 20 21 22 23 24 25 26 27 28 29 30 31 33 36 37 38 39 40 41 42 43 44 45 46 47 48 49 50 52 53 55 56 57 58 59 60 61 62 63 64 65 66 67 68 70 71 72 74 75 76 77 78 79 80 81 82 84 85 87 88 90 91 92 93 95 96 97 98 99 101 102 105 106 107 108 109 110 112 113 115 116 117 118 119 120 121 123 125 126 127 128 129 130 131 132 133 134 136 137 138 139 140 
active=120: 1 2 3 4 5 6 7 8 9 10 11 12 13 14 15 16 17 18 19 20 21 22 23 24 25 26 27 28 29 30 31 33 36 37 38 39 40 41 42 43 44 45 46 47 48 49 50 52 53 55 56 57 58 59 60 61 62 63 64 65 66 67 68 70 71 74 75 76 77 78 79 80 81 82 84 85 87 88 90 91 92 93 95 96 97 98 99 101 102 105 106 107 108 109 110 112 113 115 116 117 118 119 120 121 123 125 126 127 128 129 130 131 132 133 134 136 137 138 139 140 
active=119: 1 2 3 4 5 6 7 8 9 10 11 12 13 14 15 16 17 18 19 20 21 22 23 24 25 26 27 28 29 30 31 33 36 37 38 39 40 41 42 43 44 45 46 47 48 49 50 52 53 55 56 57 58 59 60 61 62 63 64 65 66 67 68 70 71 74 75 76 77 78 79 80 81 82 84 85 87 88 90 91 92 93 95 96 97 98 99 101 102 105 106 107 108 109 112 113 115 116 117 118 119 120 121 123 125 126 127 128 129 130 131 132 133 134 136 137 138 139 140 
active=118: 1 2 3 4 5 6 7 8 9 10 11 12 13 14 15 16 17 18 19 20 21 22 23 24 25 26 27 28 29 30 31 33 36 37 38 39 40 41 42 43 45 46 47 48 49 50 52 53 55 56 57 58 59 60 61 62 63 64 65 66 67 68 70 71 74 75 76 77 78 79 80 81 82 84 85 87 88 90 91 92 93 95 96 97 98 99 101 102 105 106 107 108 109 112 113 115 116 117 118 119 120 121 123 125 126 127 128 129 130 131 132 133 134 136 137 138 139 140 
active=117: 1 2 3 4 5 6 7 8 9 10 11 12 13 14 15 16 17 18 19 20 21 22 23 24 25 26 27 28 29 30 31 33 36 37 38 39 40 41 42 43 45 46 47 48 49 50 52 53 56 57 58 59 60 61 62 63 64 65 66 67 68 70 71 74 75 76 77 78 79 80 81 82 84 85 87 88 90 91 92 93 95 96 97 98 99 101 102 105 106 107 108 109 112 113 115 116 117 118 119 120 121 123 125 126 127 128 129 130 131 132 133 134 136 137 138 139 140 
active=116: 1 2 3 4 5 6 7 8 9 10 11 12 13 14 15 16 17 18 19 20 21 22 23 24 25 26 27 28 30 31 33 36 37 38 39 40 41 42 43 45 46 47 48 49 50 52 53 56 57 58 59 60 61 62 63 64 65 66 67 68 70 71 74 75 76 77 78 79 80 81 82 84 85 87 88 90 91 92 93 95 96 97 98 99 101 102 105 106 107 108 109 112 113 115 116 117 118 119 120 121 123 125 126 127 128 129 130 131 132 133 134 136 137 138 139 140 
active=115: 1 2 3 4 5 6 7 8 9 10 11 12 13 14 15 16 17 18 19 20 21 22 23 24 25 26 27 28 30 31 33 36 37 38 39 40 41 42 43 45 46 47 48 49 50 52 53 56 57 58 59 60 61 62 63 64 65 66 67 68 70 71 74 75 76 77 78 79 80 81 82 84 85 87 88 90 91 92 93 95 96 97 98 99 101 102 106 107 108 109 112 113 115 116 117 118 119 120 121 123 125 126 127 128 129 130 131 132 133 134 136 137 138 139 140 
active=114: 1 2 3 4 5 6 7 8 9 10 11 12 13 14 15 16 17 18 19 20 21 22 23 24 25 26 27 28 30 31 33 36 37 38 39 40 41 42 43 45 46 47 48 49 50 52 53 56 57 58 59 60 61 62 63 64 65 66 67 68 70 71 74 75 76 77 78 79 80 81 82 84 85 87 88 90 91 92 93 95 97 98 99 101 102 106 107 108 109 112 113 115 116 117 118 119 120 121 123 125 126 127 128 129 130 131 132 133 134 136 137 138 139 140 
active=113: 1 2 3 4 5 6 7 8 9 10 11 12 13 14 15 16 17 18 19 20 21 22 23 24 25 26 27 28 30 31 33 36 37 38 39 40 41 42 43 45 46 47 48 49 50 52 53 56 57 58 59 60 61 62 63 65 66 67 68 70 71 74 75 76 77 78 79 80 81 82 84 85 87 88 90 91 92 93 95 97 98 99 101 102 106 107 108 109 112 113 115 116 117 118 119 120 121 123 125 126 127 128 129 130 131 132 133 134 136 137 138 139 140 
active=112: 1 2 3 4 5 6 7 8 9 10 11 12 13 14 15 16 17 18 19 20 21 22 23 24 25 26 27 28 30 31 33 36 37 38 39 40 41 42 43 45 46 47 48 49 50 52 53 56 57 58 59 60 61 62 63 65 66 67 68 70 71 74 75 76 77 78 79 80 81 82 84 85 87 88 90 91 92 93 95 97 98 99 101 102 106 107 108 112 113 115 116 117 118 119 120 121 123 125 126 127 128 129 130 131 132 133 134 136 137 138 139 140 
active=111: 1 2 3 4 5 6 7 8 9 10 11 12 13 14 15 16 17 18 19 20 21 22 23 24 25 26 27 28 30 31 33 36 37 38 39 40 41 42 43 45 46 48 49 50 52 53 56 57 58 59 60 61 62 63 65 66 67 68 70 71 74 75 76 77 78 79 80 81 82 84 85 87 88 90 91 92 93 95 97 98 99 101 102 106 107 108 112 113 115 116 117 118 119 120 121 123 125 126 127 128 129 130 131 132 133 134 136 137 138 139 140 
active=110: 1 2 3 4 5 6 7 8 9 10 11 12 13 14 15 16 17 18 20 21 22 23 24 25 26 27 28 30 31 33 36 37 38 39 40 41 42 43 45 46 48 49 50 52 53 56 57 58 59 60 61 62 63 65 66 67 68 70 71 74 75 76 77 78 79 80 81 82 84 85 87 88 90 91 92 93 95 97 98 99 101 102 106 107 108 112 113 115 116 117 118 119 120 121 123 125 126 127 128 129 130 131 132 133 134 136 137 138 139 140 
active=109: 1 2 3 4 5 6 7 8 9 10 11 12 13 14 15 16 17 18 20 21 22 23 24 25 26 27 28 30 31 33 36 37 38 39 40 41 42 43 45 46 48 49 50 52 53 56 57 58 59 60 61 62 63 65 66 67 68 70 71 74 75 76 77 78 79 80 81 82 84 85 87 88 90 91 92 93 95 97 98 99 101 102 106 107 108 112 113 115 116 117 118 119 120 121 125 126 127 128 129 130 131 132 133 134 136 137 138 139 140 
active=108: 2 3 4 5 6 7 8 9 10 11 12 13 14 15 16 17 18 20 21 22 23 24 25 26 27 28 30 31 33 36 37 38 39 40 41 42 43 45 46 48 49 50 52 53 56 57 58 59 60 61 62 63 65 66 67 68 70 71 74 75 76 77 78 79 80 81 82 84 85 87 88 90 91 92 93 95 97 98 99 101 102 106 107 108 112 113 115 116 117 118 119 120 121 125 126 127 128 129 130 131 132 133 134 136 137 138 139 140 
active=107: 2 3 4 5 6 7 8 9 10 11 12 13 14 15 16 17 18 20 21 22 23 24 25 26 27 28 30 31 33 36 37 38 39 40 41 42 43 45 46 48 49 50 52 53 56 57 58 59 60 61 62 63 65 66 67 68 70 71 74 75 76 77 78 79 80 81 82 84 85 87 88 90 91 92 93 95 97 98 99 101 102 106 107 108 112 113 115 116 117 118 119 120 121 125 126 127 128 129 131 132 133 134 136 137 138 139 140 
active=106: 2 3 4 5 6 7 8 9 10 11 12 13 14 15 16 17 18 20 21 22 23 24 25 26 27 28 30 31 33 36 37 38 39 40 41 42 43 45 46 48 49 50 52 53 56 57 58 59 60 61 62 63 65 66 67 68 70 71 74 75 76 77 78 79 80 81 82 84 85 87 88 90 91 92 93 95 97 98 99 101 102 106 107 108 112 113 115 116 117 118 119 120 121 125 127 128 129 131 132 133 134 136 137 138 139 140 
active=105: 2 3 4 5 6 7 8 9 10 11 12 13 14 15 16 17 18 21 22 23 24 25 26 27 28 30 31 33 36 37 38 39 40 41 42 43 45 46 48 49 50 52 53 56 57 58 59 60 61 62 63 65 66 67 68 70 71 74 75 76 77 78 79 80 81 82 84 85 87 88 90 91 92 93 95 97 98 99 101 102 106 107 108 112 113 115 116 117 118 119 120 121 125 127 128 129 131 132 133 134 136 137 138 139 140 
active=104: 2 3 4 5 6 7 8 9 10 11 12 13 14 15 16 17 18 21 22 23 24 25 26 27 28 30 31 33 36 37 38 39 40 41 42 43 45 46 48 49 50 52 53 56 57 58 59 60 61 62 63 65 66 67 68 70 71 74 75 76 77 78 79 80 81 82 84 85 87 88 90 91 92 93 95 97 98 99 101 102 106 107 108 112 113 115 116 117 118 119 120 121 125 127 129 131 132 133 134 136 137 138 139 140 
active=103: 2 3 4 5 6 7 8 9 10 11 12 13 14 15 16 17 18 21 22 23 24 25 26 27 28 30 31 33 36 37 38 39 40 41 42 43 45 48 49 50 52 53 56 57 58 59 60 61 62 63 65 66 67 68 70 71 74 75 76 77 78 79 80 81 82 84 85 87 88 90 91 92 93 95 97 98 99 101 102 106 107 108 112 113 115 116 117 118 119 120 121 125 127 129 131 132 133 134 136 137 138 139 140 
active=102: 2 3 4 5 6 7 8 9 10 11 12 13 14 15 16 17 18 21 22 23 24 25 26 27 28 30 31 33 36 37 38 39 40 41 42 43 45 48 49 50 52 53 56 57 58 59 60 61 62 63 65 66 67 68 70 71 74 75 76 77 78 79 80 81 82 84 85 87 88 90 91 92 93 95 97 98 99 101 102 106 107 112 113 115 116 117 118 119 120 121 125 127 129 131 132 133 134 136 137 138 139 140 
active=101: 2 3 4 5 6 7 8 9 10 11 12 13 14 15 16 17 18 21 22 23 24 25 26 27 28 30 31 33 36 37 38 39 40 41 42 43 45 48 49 50 52 53 56 57 58 59 60 61 62 63 65 66 67 68 70 71 74 75 76 77 78 79 80 81 82 84 85 87 90 91 92 93 95 97 98 99 101 102 106 107 112 113 115 116 117 118 119 120 121 125 127 129 131 132 133 134 136 137 138 139 140 
active=100: 2 3 4 5 6 7 8 9 10 11 12 13 14 15 16 17 18 21 22 23 24 25 26 27 28 30 31 33 36 37 38 39 40 41 42 43 45 48 49 50 52 53 56 57 58 59 60 61 62 65 66 67 68 70 71 74 75 76 77 78 79 80 81 82 84 85 87 90 91 92 93 95 97 98 99 101 102 106 107 112 113 115 116 117 118 119 120 121 125 127 129 131 132 133 134 136 137 138 139 140 
active=99: 2 3 4 5 6 7 8 9 10 11 12 13 14 15 16 17 18 21 22 23 24 25 26 27 28 30 31 33 36 37 38 39 40 41 42 43 45 48 49 50 52 53 56 57 58 59 60 61 62 65 66 67 70 71 74 75 76 77 78 79 80 81 82 84 85 87 90 91 92 93 95 97 98 99 101 102 106 107 112 113 115 116 117 118 119 120 121 125 127 129 131 132 133 134 136 137 138 139 140 
active=98: 2 3 4 5 6 7 8 9 10 11 12 13 14 15 16 17 18 21 22 23 24 25 26 27 28 30 31 33 36 37 38 39 40 41 42 43 45 48 49 50 52 53 56 57 59 60 61 62 65 66 67 70 71 74 75 76 77 78 79 80 81 82 84 85 87 90 91 92 93 95 97 98 99 101 102 106 107 112 113 115 116 117 118 119 120 121 125 127 129 131 132 133 134 136 137 138 139 140 
active=97: 2 4 5 6 7 8 9 10 11 12 13 14 15 16 17 18 21 22 23 24 25 26 27 28 30 31 33 36 37 38 39 40 41 42 43 45 48 49 50 52 53 56 57 59 60 61 62 65 66 67 70 71 74 75 76 77 78 79 80 81 82 84 85 87 90 91 92 93 95 97 98 99 101 102 106 107 112 113 115 116 117 118 119 120 121 125 127 129 131 132 133 134 136 137 138 139 140 
active=96: 2 4 5 6 7 8 9 10 11 12 13 14 15 16 17 18 21 22 23 24 25 26 27 28 30 31 33 36 37 38 39 40 41 42 43 45 49 50 52 53 56 57 59 60 61 62 65 66 67 70 71 74 75 76 77 78 79 80 81 82 84 85 87 90 91 92 93 95 97 98 99 101 102 106 107 112 113 115 116 117 118 119 120 121 125 127 129 131 132 133 134 136 137 138 139 140 
active=95: 2 4 5 6 7 8 9 10 11 12 13 14 15 16 17 18 21 22 23 24 25 26 27 28 30 31 33 36 37 38 39 40 41 42 43 45 49 50 52 53 56 57 59 60 61 62 65 66 67 70 71 74 75 76 77 78 79 80 81 82 84 85 87 90 91 92 93 95 97 98 99 101 102 106 107 112 113 115 116 117 119 120 121 125 127 129 131 132 133 134 136 137 138 139 140 
active=94: 2 4 5 6 7 8 9 10 11 12 13 14 15 16 17 18 21 22 23 24 25 26 27 28 30 31 33 36 37 38 39 40 41 42 43 45 49 50 52 53 56 57 59 60 61 62 65 66 67 70 71 74 75 76 78 79 80 81 82 84 85 87 90 91 92 93 95 97 98 99 101 102 106 107 112 113 115 116 117 119 120 121 125 127 129 131 132 133 134 136 137 138 139 140 
active=93: 2 4 5 6 7 8 9 10 11 12 13 14 15 16 17 18 21 22 23 24 25 26 27 28 30 31 33 36 37 38 39 41 42 43 45 49 50 52 53 56 57 59 60 61 62 65 66 67 70 71 74 75 76 78 79 80 81 82 84 85 87 90 91 92 93 95 97 98 99 101 102 106 107 112 113 115 116 117 119 120 121 125 127 129 131 132 133 134 136 137 138 139 140 
active=92: 2 4 5 6 7 8 9 10 11 12 13 14 15 16 17 18 21 22 23 24 25 26 27 28 30 31 33 36 37 38 41 42 43 45 49 50 52 53 56 57 59 60 61 62 65 66 67 70 71 74 75 76 78 79 80 81 82 84 85 87 90 91 92 93 95 97 98 99 101 102 106 107 112 113 115 116 117 119 120 121 125 127 129 131 132 133 134 136 137 138 139 140 
active=91: 2 4 5 6 7 8 9 10 11 12 13 14 15 16 17 18 21 22 23 24 25 26 27 28 30 31 33 36 37 38 41 42 43 45 49 50 52 53 56 57 59 60 61 62 65 66 67 70 71 74 75 76 78 79 80 81 82 84 85 87 90 91 92 93 95 97 98 99 102 106 107 112 113 115 116 117 119 120 121 125 127 129 131 132 133 134 136 137 138 139 140 
active=90: 2 4 5 6 7 8 9 10 11 12 13 14 15 16 17 18 21 22 23 24 25 26 27 28 30 31 33 36 37 38 41 42 43 45 49 50 52 53 56 57 59 60 61 62 65 66 67 70 71 74 75 76 78 79 80 81 82 84 85 87 90 91 92 93 95 97 98 99 102 106 107 112 113 115 116 117 119 120 121 125 129 131 132 133 134 136 137 138 139 140 
active=89: 2 4 5 6 7 8 9 10 11 12 13 14 15 16 17 18 21 22 23 24 25 26 27 28 30 31 33 36 37 38 41 42 43 45 49 50 52 53 56 57 59 60 61 62 65 66 67 70 71 74 75 76 78 79 80 81 82 85 87 90 91 92 93 95 97 98 99 102 106 107 112 113 115 116 117 119 120 121 125 129 131 132 133 134 136 137 138 139 140 
active=88: 2 4 5 6 7 8 9 10 11 12 13 14 15 16 17 18 21 22 23 24 25 26 27 28 30 31 33 36 37 38 41 42 43 45 49 50 52 53 56 57 59 60 61 62 65 66 67 70 71 74 75 76 78 79 80 81 82 85 87 90 91 92 93 95 97 98 99 102 106 107 112 113 115 116 117 119 120 121 125 129 131 132 134 136 137 138 139 140 
active=87: 2 4 5 6 7 8 9 10 11 12 13 14 15 16 17 18 21 22 23 24 25 26 27 28 31 33 36 37 38 41 42 43 45 49 50 52 53 56 57 59 60 61 62 65 66 67 70 71 74 75 76 78 79 80 81 82 85 87 90 91 92 93 95 97 98 99 102 106 107 112 113 115 116 117 119 120 121 125 129 131 132 134 136 137 138 139 140 
active=86: 2 4 5 6 7 8 9 10 11 12 13 14 15 16 17 18 21 22 23 24 25 26 27 28 31 33 36 37 38 41 42 43 45 49 50 52 53 56 57 59 60 61 62 65 66 67 70 71 74 75 76 78 79 80 81 82 85 87 90 91 92 93 95 98 99 102 106 107 112 113 115 116 117 119 120 121 125 129 131 132 134 136 137 138 139 140 
active=85: 2 4 5 6 7 8 9 10 11 12 13 14 15 16 17 18 21 22 23 24 25 26 27 28 31 33 36 37 38 41 42 43 45 49 50 52 53 56 57 59 60 61 62 65 66 67 70 71 74 75 76 78 79 80 81 82 85 87 90 91 92 93 95 98 99 102 106 107 112 113 116 117 119 120 121 125 129 131 132 134 136 137 138 139 140 
active=84: 2 4 5 6 7 8 9 10 11 12 13 14 15 16 17 18 21 22 23 24 25 26 27 28 31 33 36 37 38 42 43 45 49 50 52 53 56 57 59 60 61 62 65 66 67 70 71 74 75 76 78 79 80 81 82 85 87 90 91 92 93 95 98 99 102 106 107 112 113 116 117 119 120 121 125 129 131 132 134 136 137 138 139 140 
active=83: 2 4 5 6 7 8 9 10 11 12 13 14 15 16 17 18 21 22 23 24 25 26 27 31 33 36 37 38 42 43 45 49 50 52 53 56 57 59 60 61 62 65 66 67 70 71 74 75 76 78 79 80 81 82 85 87 90 91 92 93 95 98 99 102 106 107 112 113 116 117 119 120 121 125 129 131 132 134 136 137 138 139 140 
active=82: 2 4 5 6 7 8 9 10 11 12 13 14 15 16 17 18 21 22 23 24 25 26 27 31 33 37 38 42 43 45 49 50 52 53 56 57 59 60 61 62 65 66 67 70 71 74 75 76 78 79 80 81 82 85 87 90 91 92 93 95 98 99 102 106 107 112 113 116 117 119 120 121 125 129 131 132 134 136 137 138 139 140 
active=81: 2 4 5 6 7 8 9 10 11 12 13 14 15 16 17 18 21 22 23 24 25 26 27 31 33 37 38 42 43 45 49 50 52 53 56 57 59 60 62 65 66 67 70 71 74 75 76 78 79 80 81 82 85 87 90 91 92 93 95 98 99 102 106 107 112 113 116 117 119 120 121 125 129 131 132 134 136 137 138 139 140 
active=80: 2 4 5 6 7 8 9 10 11 12 13 14 15 16 17 18 21 22 23 24 25 26 27 31 33 38 42 43 45 49 50 52 53 56 57 59 60 62 65 66 67 70 71 74 75 76 78 79 80 81 82 85 87 90 91 92 93 95 98 99 102 106 107 112 113 116 117 119 120 121 125 129 131 132 134 136 137 138 139 140 
active=79: 2 4 5 6 7 8 9 10 11 12 13 14 15 16 17 18 21 22 23 24 25 26 27 31 33 38 42 43 45 49 50 52 53 56 57 59 60 62 65 66 67 70 71 74 75 76 78 79 80 81 82 85 87 90 91 92 93 95 98 99 102 106 107 112 113 117 119 120 121 125 129 131 132 134 136 137 138 139 140 
active=78: 2 4 5 6 7 8 9 10 11 12 13 14 15 16 17 18 21 22 23 24 25 26 27 31 33 38 42 43 45 49 50 52 53 56 57 59 60 62 65 66 67 70 71 74 75 76 78 79 80 81 82 85 87 90 91 92 93 98 99 102 106 107 112 113 117 119 120 121 125 129 131 132 134 136 137 138 139 140 
active=77: 2 4 5 6 7 8 9 10 11 12 13 14 15 16 17 18 21 23 24 25 26 27 31 33 38 42 43 45 49 50 52 53 56 57 59 60 62 65 66 67 70 71 74 75 76 78 79 80 81 82 85 87 90 91 92 93 98 99 102 106 107 112 113 117 119 120 121 125 129 131 132 134 136 137 138 139 140 
active=76: 2 4 5 6 7 8 9 10 11 12 13 14 15 16 17 18 21 23 24 25 26 27 31 33 38 42 43 45 49 50 52 53 56 57 59 60 62 65 66 67 70 71 74 76 78 79 80 81 82 85 87 90 91 92 93 98 99 102 106 107 112 113 117 119 120 121 125 129 131 132 134 136 137 138 139 140 
active=75: 2 4 5 6 7 8 9 10 11 12 13 14 15 16 17 18 21 23 24 26 27 31 33 38 42 43 45 49 50 52 53 56 57 59 60 62 65 66 67 70 71 74 76 78 79 80 81 82 85 87 90 91 92 93 98 99 102 106 107 112 113 117 119 120 121 125 129 131 132 134 136 137 138 139 140 
active=74: 2 4 5 6 7 8 9 10 11 12 13 14 15 16 17 18 21 23 24 26 27 31 33 38 42 43 45 49 50 52 53 57 59 60 62 65 66 67 70 71 74 76 78 79 80 81 82 85 87 90 91 92 93 98 99 102 106 107 112 113 117 119 120 121 125 129 131 132 134 136 137 138 139 140 
active=73: 2 4 5 6 7 8 9 10 11 12 13 14 15 16 17 18 21 23 24 26 27 31 33 38 42 43 45 49 50 52 53 57 59 60 62 65 66 67 70 71 74 76 78 79 80 81 82 85 87 90 91 92 93 98 99 102 106 107 112 117 119 120 121 125 129 131 132 134 136 137 138 139 140 
active=72: 2 4 5 6 7 8 9 10 11 12 13 14 15 16 17 18 21 23 24 26 27 31 33 38 42 43 45 49 50 52 53 57 59 60 62 65 66 67 70 71 74 76 78 79 80 81 82 85 87 90 91 92 93 98 99 102 107 112 117 119 120 121 125 129 131 132 134 136 137 138 139 140 
active=71: 2 4 5 6 7 8 9 10 11 12 13 14 15 16 17 18 21 23 24 26 27 31 33 38 42 43 49 50 52 53 57 59 60 62 65 66 67 70 71 74 76 78 79 80 81 82 85 87 90 91 92 93 98 99 102 107 112 117 119 120 121 125 129 131 132 134 136 137 138 139 140 
active=70: 2 4 5 6 7 8 9 10 11 12 13 14 15 16 17 18 21 23 24 26 27 31 33 38 42 43 49 50 52 53 57 59 60 62 66 67 70 71 74 76 78 79 80 81 82 85 87 90 91 92 93 98 99 102 107 112 117 119 120 121 125 129 131 132 134 136 137 138 139 140 
active=69: 2 4 5 6 7 8 9 10 11 12 13 14 15 16 17 18 21 23 24 26 27 31 33 38 42 43 49 50 52 53 57 59 60 62 66 67 70 71 74 76 78 79 80 81 82 85 87 90 91 92 93 98 102 107 112 117 119 120 121 125 129 131 132 134 136 137 138 139 140 
active=68: 2 4 5 6 7 8 9 10 11 12 13 14 15 16 17 18 21 23 24 26 27 33 38 42 43 49 50 52 53 57 59 60 62 66 67 70 71 74 76 78 79 80 81 82 85 87 90 91 92 93 98 102 107 112 117 119 120 121 125 129 131 132 134 136 137 138 139 140 
active=67: 2 4 5 6 7 8 9 10 11 12 13 14 15 16 17 18 21 23 24 26 27 33 38 42 43 49 52 53 57 59 60 62 66 67 70 71 74 76 78 79 80 81 82 85 87 90 91 92 93 98 102 107 112 117 119 120 121 125 129 131 132 134 136 137 138 139 140 
active=66: 2 4 5 6 7 8 9 10 11 12 13 14 15 16 17 18 23 24 26 27 33 38 42 43 49 52 53 57 59 60 62 66 67 70 71 74 76 78 79 80 81 82 85 87 90 91 92 93 98 102 107 112 117 119 120 121 125 129 131 132 134 136 137 138 139 140 
active=65: 2 4 5 6 7 8 9 10 11 12 13 14 15 16 17 18 23 24 26 27 33 38 42 43 49 52 53 57 59 60 62 66 67 70 71 74 76 78 79 80 81 82 85 87 90 91 92 93 98 102 107 112 119 120 121 125 129 131 132 134 136 137 138 139 140 
active=64: 2 4 5 6 7 8 9 10 11 12 13 14 15 16 17 18 23 24 26 27 33 38 42 43 49 52 53 57 59 60 62 66 67 70 71 74 76 78 79 80 81 82 85 87 91 92 93 98 102 107 112 119 120 121 125 129 131 132 134 136 137 138 139 140 
active=63: 2 4 5 6 7 8 9 10 11 12 13 14 15 16 17 18 23 24 26 27 33 38 42 43 49 52 53 57 59 60 66 67 70 71 74 76 78 79 80 81 82 85 87 91 92 93 98 102 107 112 119 120 121 125 129 131 132 134 136 137 138 139 140 
active=62: 2 4 5 6 7 8 9 10 11 12 13 14 15 16 17 18 23 24 26 27 33 42 43 49 52 53 57 59 60 66 67 70 71 74 76 78 79 80 81 82 85 87 91 92 93 98 102 107 112 119 120 121 125 129 131 132 134 136 137 138 139 140 
active=61: 2 4 5 6 7 8 9 10 11 12 13 14 15 16 17 18 23 24 26 27 33 42 43 49 52 53 57 59 60 66 67 70 71 74 76 78 79 80 81 82 85 87 92 93 98 102 107 112 119 120 121 125 129 131 132 134 136 137 138 139 140 
active=60: 2 4 5 6 7 8 9 10 11 12 13 14 15 16 17 18 23 24 26 27 33 42 43 49 52 53 57 59 60 66 67 71 74 76 78 79 80 81 82 85 87 92 93 98 102 107 112 119 120 121 125 129 131 132 134 136 137 138 139 140 
active=59: 2 4 5 6 7 8 9 10 11 12 13 14 15 16 17 18 23 24 26 27 33 42 43 49 52 53 57 59 60 66 67 71 74 76 78 79 80 81 82 85 87 92 93 98 107 112 119 120 121 125 129 131 132 134 136 137 138 139 140 
active=58: 2 4 5 6 7 8 9 10 11 12 13 14 15 16 17 18 23 24 26 27 33 42 43 49 52 53 57 59 60 66 67 71 74 76 78 79 80 81 82 85 87 92 93 98 107 112 119 120 121 125 129 131 132 136 137 138 139 140 
active=57: 2 4 5 6 7 8 9 10 11 12 13 14 15 16 17 18 23 24 26 27 33 42 43 49 52 53 57 59 60 66 71 74 76 78 79 80 81 82 85 87 92 93 98 107 112 119 120 121 125 129 131 132 136 137 138 139 140 
active=56: 2 4 5 6 7 8 9 10 11 12 13 14 15 16 17 18 23 24 26 27 33 42 43 49 52 53 57 59 60 66 71 74 76 78 79 80 81 82 85 87 92 93 98 107 119 120 121 125 129 131 132 136 137 138 139 140 
active=55: 2 4 5 6 7 8 9 10 11 12 13 14 15 16 17 18 23 24 26 27 33 42 43 49 52 53 57 59 60 66 71 74 76 78 79 80 81 82 85 87 92 93 98 107 119 120 121 125 131 132 136 137 138 139 140 
active=54: 2 4 5 6 7 8 9 10 11 12 13 14 15 16 17 18 24 26 27 33 42 43 49 52 53 57 59 60 66 71 74 76 78 79 80 81 82 85 87 92 93 98 107 119 120 121 125 131 132 136 137 138 139 140 
active=53: 2 4 5 6 7 8 9 10 11 12 13 14 15 16 17 18 24 26 27 33 42 49 52 53 57 59 60 66 71 74 76 78 79 80 81 82 85 87 92 93 98 107 119 120 121 125 131 132 136 137 138 139 140 
active=52: 2 4 5 6 7 8 9 10 11 12 13 14 15 16 17 18 24 26 27 33 42 49 52 53 57 59 60 66 71 74 76 78 79 80 81 82 85 87 92 93 107 119 120 121 125 131 132 136 137 138 139 140 
active=51: 2 4 5 6 7 8 9 10 11 12 13 14 15 16 17 18 24 26 27 33 42 49 52 53 57 59 60 66 71 74 76 79 80 81 82 85 87 92 93 107 119 120 121 125 131 132 136 137 138 139 140 
active=50: 2 4 5 6 7 8 9 10 11 12 13 14 15 16 17 18 24 26 27 33 42 49 52 53 57 59 60 66 71 74 76 79 80 81 82 85 87 92 93 119 120 121 125 131 132 136 137 138 139 140 
active=49: 2 4 5 6 7 8 9 10 11 12 13 14 15 16 17 18 24 26 27 33 42 49 52 53 57 59 60 66 71 74 76 79 80 81 82 85 87 92 93 119 120 125 131 132 136 137 138 139 140 
active=48: 2 4 5 6 7 8 9 10 11 12 13 14 15 16 17 18 24 26 27 33 49 52 53 57 59 60 66 71 74 76 79 80 81 82 85 87 92 93 119 120 125 131 132 136 137 138 139 140 
active=47: 2 4 5 6 7 8 9 10 11 12 13 14 15 16 17 18 24 26 27 33 49 52 53 57 59 60 66 71 74 76 79 80 81 82 85 92 93 119 120 125 131 132 136 137 138 139 140 
active=46: 2 4 5 6 7 8 9 10 11 12 13 14 15 16 17 18 24 26 27 33 49 53 57 59 60 66 71 74 76 79 80 81 82 85 92 93 119 120 125 131 132 136 137 138 139 140 
active=45: 2 4 5 6 7 8 9 10 11 12 13 14 15 16 17 18 24 26 27 33 49 53 57 59 60 66 71 74 79 80 81 82 85 92 93 119 120 125 131 132 136 137 138 139 140 
active=44: 2 4 5 6 7 8 9 10 11 12 13 14 15 16 17 18 24 26 27 33 49 53 59 60 66 71 74 79 80 81 82 85 92 93 119 120 125 131 132 136 137 138 139 140 
active=43: 2 4 5 6 7 8 9 10 11 12 13 14 15 16 17 18 24 26 27 33 49 53 59 66 71 74 79 80 81 82 85 92 93 119 120 125 131 132 136 137 138 139 140 
active=42: 2 4 5 6 7 8 9 10 11 12 13 14 15 16 17 18 24 26 27 33 49 53 59 66 74 79 80 81 82 85 92 93 119 120 125 131 132 136 137 138 139 140 
active=41: 2 4 5 6 7 8 9 10 11 12 13 14 15 16 17 18 24 26 27 33 49 53 59 66 74 79 80 82 85 92 93 119 120 125 131 132 136 137 138 139 140 
active=40: 2 4 5 6 7 8 9 10 11 12 13 14 15 16 17 18 24 26 27 33 49 53 59 66 74 79 82 85 92 93 119 120 125 131 132 136 137 138 139 140 
active=39: 2 4 5 6 7 8 9 10 11 12 13 14 15 16 17 18 24 26 27 33 49 53 59 66 74 79 82 85 92 93 119 120 125 131 132 136 138 139 140 
active=38: 2 4 5 6 7 8 9 10 11 12 13 14 15 16 17 18 24 26 27 33 49 53 59 66 74 79 82 85 92 93 120 125 131 132 136 138 139 140 
active=37: 2 4 5 6 7 8 9 10 11 12 13 14 15 16 17 18 24 26 27 33 49 53 59 66 74 79 82 85 92 93 120 125 131 132 138 139 140 
active=36: 2 4 5 6 7 8 9 10 11 12 14 15 16 17 18 24 26 27 33 49 53 59 66 74 79 82 85 92 93 120 125 131 132 138 139 140 
active=35: 2 4 5 6 7 8 9 10 11 12 14 15 16 17 18 24 26 27 33 49 53 59 66 79 82 85 92 93 120 125 131 132 138 139 140 
active=34: 2 4 5 6 7 8 9 10 11 12 14 15 16 17 18 24 26 33 49 53 59 66 79 82 85 92 93 120 125 131 132 138 139 140 
active=33: 2 4 5 6 7 8 9 10 11 12 14 15 16 17 18 24 26 33 49 53 59 66 79 82 85 93 120 125 131 132 138 139 140 
active=32: 2 4 5 6 7 8 9 10 11 12 14 15 16 17 18 24 26 33 49 53 59 66 79 82 85 93 120 125 131 132 139 140 
active=31: 2 4 5 6 7 8 9 10 11 12 14 15 16 17 18 24 26 33 49 53 59 66 79 82 93 120 125 131 132 139 140 
active=30: 2 4 5 6 7 8 9 10 11 12 14 15 16 17 18 24 26 33 49 53 66 79 82 93 120 125 131 132 139 140 
active=29: 2 4 5 6 7 8 9 10 11 12 14 15 16 17 18 24 26 33 49 53 79 82 93 120 125 131 132 139 140 
active=28: 2 4 5 6 7 8 9 10 11 12 14 15 16 17 18 24 26 33 53 79 82 93 120 125 131 132 139 140 
active=27: 2 4 5 6 7 8 9 10 11 12 14 15 16 17 18 24 26 33 53 79 93 120 125 131 132 139 140 
active=26: 2 4 5 6 7 8 9 10 11 12 14 15 16 17 18 24 26 33 53 79 93 120 125 131 132 139 
active=25: 2 4 5 6 7 8 9 10 11 12 14 15 16 17 18 24 26 33 53 79 93 125 131 132 139 
active=24: 2 4 5 6 7 8 9 10 11 12 14 15 16 17 18 24 26 33 53 79 93 125 131 132 
active=23: 2 4 5 6 7 8 9 10 11 12 14 15 16 17 18 26 33 53 79 93 125 131 132 
active=22: 2 4 5 6 7 8 9 11 12 14 15 16 17 18 26 33 53 79 93 125 131 132 
active=21: 4 5 6 7 8 9 11 12 14 15 16 17 18 26 33 53 79 93 125 131 132 
active=20: 4 5 6 7 8 9 11 12 14 15 16 17 18 33 53 79 93 125 131 132 
active=19: 4 5 6 7 8 9 11 12 14 15 16 17 18 33 53 79 125 131 132 
active=18: 4 5 6 7 8 9 11 12 14 15 16 17 18 33 53 79 131 132 
active=17: 4 5 6 7 8 9 11 12 14 15 16 17 18 53 79 131 132 
active=16: 4 5 6 7 8 9 11 12 14 15 16 17 18 53 79 131 
active=15: 4 5 6 7 8 9 11 12 14 15 16 17 18 53 131 
active=14: 4 5 6 7 8 9 12 14 15 16 17 18 53 131 
active=13: 4 5 6 7 8 9 12 14 15 16 17 18 131 
active=12: 4 5 6 7 8 9 12 14 15 16 17 18 
active=11: 5 6 7 8 9 12 14 15 16 17 18 
active=10: 5 7 8 9 12 14 15 16 17 18 
active=9: 5 7 8 9 14 15 16 17 18 
active=8: 5 7 8 9 15 16 17 18 
active=7: 7 8 9 15 16 17 18 
active=6: 7 8 9 16 17 18 
active=5: 7 9 16 17 18 
active=4: 9 16 17 18 
active=3: 9 16 17 
active=2: 9 17 
active=1: 9 
