0.000000 0.530000
1.000000 0.636950
2.000000 0.678000
3.000000 0.691000
4.000000 0.719250
5.000000 0.724050
6.000000 0.731300
7.000000 0.735100
8.000000 0.756500
9.000000 0.766900
10.000000 0.778200
11.000000 0.779300
12.000000 0.783600
13.000000 0.778400
14.000000 0.787650
15.000000 0.788150
16.000000 0.790250
17.000000 0.788300
18.000000 0.792950
19.000000 0.782700
20.000000 0.787900
21.000000 0.791750
22.000000 0.794550
23.000000 0.799550
24.000000 0.793650
25.000000 0.793050
26.000000 0.796950
27.000000 0.795900
28.000000 0.797200
29.000000 0.801500
30.000000 0.799850
31.000000 0.796750
32.000000 0.802550
33.000000 0.796850
34.000000 0.793950
35.000000 0.799900
36.000000 0.800950
37.000000 0.804300
38.000000 0.800550
39.000000 0.799400
40.000000 0.803300
41.000000 0.806100
42.000000 0.806450
43.000000 0.802050
44.000000 0.805500
45.000000 0.807200
46.000000 0.807150
47.000000 0.800950
48.000000 0.801950
49.000000 0.800700
50.000000 0.792300
51.000000 0.795750
52.000000 0.797400
53.000000 0.795750
54.000000 0.790050
55.000000 0.787450
56.000000 0.786100
57.000000 0.791800
58.000000 0.794300
59.000000 0.792400
60.000000 0.789500
61.000000 0.797000
62.000000 0.792600
63.000000 0.789800
64.000000 0.784950
65.000000 0.787800
66.000000 0.782800
67.000000 0.778500
68.000000 0.781550
69.000000 0.779350
70.000000 0.782900
71.000000 0.777550
72.000000 0.778550
73.000000 0.776000
74.000000 0.770550
75.000000 0.777800
76.000000 0.777400
77.000000 0.773550
78.000000 0.771900
79.000000 0.766800
80.000000 0.764200
81.000000 0.767100
82.000000 0.761950
83.000000 0.762200
84.000000 0.755500
85.000000 0.758500
86.000000 0.756100
87.000000 0.754900
88.000000 0.754000
89.000000 0.751650
90.000000 0.749300
91.000000 0.750600
92.000000 0.744700
93.000000 0.746700
94.000000 0.741050
95.000000 0.737250
96.000000 0.741800
97.000000 0.736850
98.000000 0.734850
99.000000 0.739450
100.000000 0.735100
101.000000 0.730900
102.000000 0.727450
103.000000 0.726650
104.000000 0.723900
105.000000 0.725200
106.000000 0.726800
107.000000 0.722000
108.000000 0.723050
109.000000 0.720750
110.000000 0.717000
111.000000 0.717550
112.000000 0.716400
113.000000 0.712850
114.000000 0.716100
115.000000 0.713500
116.000000 0.713400
117.000000 0.708350
118.000000 0.706100
119.000000 0.706400
120.000000 0.702550
121.000000 0.704850
122.000000 0.694550
123.000000 0.695050
124.000000 0.701250
125.000000 0.695000
126.000000 0.689250
127.000000 0.693550
128.000000 0.692250
129.000000 0.692400
130.000000 0.683350
131.000000 0.685250
132.000000 0.684850
133.000000 0.685300
134.000000 0.683800
135.000000 0.679650
136.000000 0.680550
137.000000 0.681500
138.000000 0.684650
139.000000 0.678650
140.000000 0.675250
