0.000000 0.530000 0.530000
1.000000 0.636950 0.637550
2.000000 0.678000 0.674150
3.000000 0.691000 0.699200
4.000000 0.719250 0.732900
5.000000 0.724050 0.744450
6.000000 0.731300 0.751550
7.000000 0.735100 0.754300
8.000000 0.756500 0.783250
9.000000 0.766900 0.785800
10.000000 0.778200 0.808300
11.000000 0.779300 0.810750
12.000000 0.783600 0.806900
13.000000 0.778400 0.812550
14.000000 0.787650 0.817950
15.000000 0.788150 0.828450
16.000000 0.790250 0.820450
17.000000 0.788300 0.822650
18.000000 0.792950 0.829850
19.000000 0.782700 0.827650
20.000000 0.787900 0.832450
21.000000 0.791750 0.842350
22.000000 0.794550 0.843300
23.000000 0.799550 0.841550
24.000000 0.793650 0.840500
25.000000 0.793050 0.853500
26.000000 0.796950 0.847200
27.000000 0.795900 0.853000
28.000000 0.797200 0.854100
29.000000 0.801500 0.861950
30.000000 0.799850 0.858800
31.000000 0.796750 0.858650
32.000000 0.802550 0.859800
33.000000 0.796850 0.861950
34.000000 0.793950 0.860600
35.000000 0.799900 0.869750
36.000000 0.800950 0.867800
37.000000 0.804300 0.871150
38.000000 0.800550 0.877450
39.000000 0.799400 0.878950
40.000000 0.803300 0.882500
41.000000 0.806100 0.880150
42.000000 0.806450 0.879350
43.000000 0.802050 0.882400
44.000000 0.805500 0.889600
45.000000 0.807200 0.893950
46.000000 0.807150 0.892100
47.000000 0.800950 0.892450
48.000000 0.801950 0.895400
49.000000 0.800700 0.896350
50.000000 0.792300 0.899750
51.000000 0.795750 0.899100
52.000000 0.797400 0.894550
53.000000 0.795750 0.896100
54.000000 0.790050 0.896550
55.000000 0.787450 0.898550
56.000000 0.786100 0.900750
57.000000 0.791800 0.902200
58.000000 0.794300 0.904050
59.000000 0.792400 0.905450
60.000000 0.789500 0.907200
61.000000 0.797000 0.907600
62.000000 0.792600 0.909800
63.000000 0.789800 0.909600
64.000000 0.784950 0.910500
65.000000 0.787800 0.912450
66.000000 0.782800 0.909000
67.000000 0.778500 0.907650
68.000000 0.781550 0.907050
69.000000 0.779350 0.910350
70.000000 0.782900 0.911150
71.000000 0.777550 0.911700
72.000000 0.778550 0.910750
73.000000 0.776000 0.915050
74.000000 0.770550 0.916050
75.000000 0.777800 0.916000
76.000000 0.777400 0.916150
77.000000 0.773550 0.916750
78.000000 0.771900 0.920350
79.000000 0.766800 0.918700
80.000000 0.764200 0.921050
81.000000 0.767100 0.919200
82.000000 0.761950 0.920600
83.000000 0.762200 0.921100
84.000000 0.755500 0.921550
85.000000 0.758500 0.921400
86.000000 0.756100 0.925900
87.000000 0.754900 0.921950
88.000000 0.754000 0.925400
89.000000 0.751650 0.923000
90.000000 0.749300 0.922450
91.000000 0.750600 0.925450
92.000000 0.744700 0.928050
93.000000 0.746700 0.926500
94.000000 0.741050 0.927950
95.000000 0.737250 0.929800
96.000000 0.741800 0.931900
97.000000 0.736850 0.932150
98.000000 0.734850 0.932650
99.000000 0.739450 0.932600
100.000000 0.735100 0.932300
101.000000 0.730900 0.932100
102.000000 0.727450 0.936200
103.000000 0.726650 0.935400
104.000000 0.723900 0.938750
105.000000 0.725200 0.938950
106.000000 0.726800 0.939450
107.000000 0.722000 0.935350
108.000000 0.723050 0.939450
109.000000 0.720750 0.937250
110.000000 0.717000 0.940050
111.000000 0.717550 0.940450
112.000000 0.716400 0.939900
113.000000 0.712850 0.941550
114.000000 0.716100 0.943600
115.000000 0.713500 0.941750
116.000000 0.713400 0.944050
117.000000 0.708350 0.944650
118.000000 0.706100 0.945100
119.000000 0.706400 0.945500
120.000000 0.702550 0.946400
121.000000 0.704850 0.949550
122.000000 0.694550 0.946500
123.000000 0.695050 0.950250
124.000000 0.701250 0.947100
125.000000 0.695000 0.948400
126.000000 0.689250 0.951100
127.000000 0.693550 0.950450
128.000000 0.692250 0.952550
129.000000 0.692400 0.951450
130.000000 0.683350 0.952350
131.000000 0.685250 0.954450
132.000000 0.684850 0.956300
133.000000 0.685300 0.954600
134.000000 0.683800 0.955150
135.000000 0.679650 0.954900
136.000000 0.680550 0.955650
137.000000 0.681500 0.954650
138.000000 0.684650 0.957500
139.000000 0.678650 0.958450
140.000000 0.675250 0.956200
