0.000000 0.480000
1.000000 0.581000
2.000000 0.602200
3.000000 0.633200
4.000000 0.678400
5.000000 0.701800
6.000000 0.713600
7.000000 0.712200
8.000000 0.717800
9.000000 0.717000
10.000000 0.729600
11.000000 0.738400
12.000000 0.722600
13.000000 0.730800
14.000000 0.738800
15.000000 0.742400
16.000000 0.737400
17.000000 0.726400
18.000000 0.713000
19.000000 0.697800
20.000000 0.709200
21.000000 0.704000
22.000000 0.691000
23.000000 0.687000
24.000000 0.682800
25.000000 0.666600
26.000000 0.663800
27.000000 0.659200
28.000000 0.652800
29.000000 0.651800
30.000000 0.656400
31.000000 0.646800
32.000000 0.628400
33.000000 0.642600
34.000000 0.629800
35.000000 0.617800
36.000000 0.601000
37.000000 0.607600
38.000000 0.591400
39.000000 0.589600
40.000000 0.581800
