0.000000 0.480000 0.520000
1.000000 0.581000 0.586800
2.000000 0.602200 0.623400
3.000000 0.633200 0.691200
4.000000 0.678400 0.729400
5.000000 0.701800 0.762800
6.000000 0.713600 0.791400
7.000000 0.712200 0.791800
8.000000 0.717800 0.817600
9.000000 0.717000 0.831400
10.000000 0.729600 0.830200
11.000000 0.738400 0.866800
12.000000 0.722600 0.861000
13.000000 0.730800 0.889400
14.000000 0.738800 0.902200
15.000000 0.742400 0.900200
16.000000 0.737400 0.895600
17.000000 0.726400 0.912400
18.000000 0.713000 0.913400
19.000000 0.697800 0.925000
20.000000 0.709200 0.925800
21.000000 0.704000 0.930800
22.000000 0.691000 0.935800
23.000000 0.687000 0.937600
24.000000 0.682800 0.932200
25.000000 0.666600 0.947400
26.000000 0.663800 0.942000
27.000000 0.659200 0.948600
28.000000 0.652800 0.958600
29.000000 0.651800 0.959000
30.000000 0.656400 0.956800
31.000000 0.646800 0.968200
32.000000 0.628400 0.970200
33.000000 0.642600 0.971800
34.000000 0.629800 0.968600
35.000000 0.617800 0.971800
36.000000 0.601000 0.971800
37.000000 0.607600 0.976600
38.000000 0.591400 0.971000
39.000000 0.589600 0.974600
40.000000 0.581800 0.977600
