0.000000 0.511111
1.000000 0.647667
2.000000 0.706111
3.000000 0.729444
4.000000 0.730333
5.000000 0.727778
6.000000 0.758556
7.000000 0.787111
8.000000 0.809000
9.000000 0.816333
10.000000 0.820333
11.000000 0.833889
12.000000 0.842333
13.000000 0.857111
14.000000 0.845889
15.000000 0.865000
16.000000 0.872556
17.000000 0.878556
18.000000 0.892333
19.000000 0.899000
20.000000 0.902778
21.000000 0.906333
22.000000 0.901111
23.000000 0.911778
24.000000 0.915667
25.000000 0.923667
26.000000 0.923556
27.000000 0.932444
28.000000 0.934444
29.000000 0.936556
30.000000 0.934556
31.000000 0.932667
32.000000 0.935333
33.000000 0.937667
34.000000 0.936111
35.000000 0.937778
36.000000 0.943222
37.000000 0.939333
38.000000 0.946667
39.000000 0.946889
40.000000 0.945778
41.000000 0.946000
42.000000 0.947667
43.000000 0.948778
44.000000 0.949444
45.000000 0.951333
46.000000 0.951444
47.000000 0.950778
48.000000 0.953667
49.000000 0.950333
50.000000 0.954111
51.000000 0.955111
52.000000 0.956667
53.000000 0.959778
54.000000 0.959444
55.000000 0.960667
56.000000 0.960111
57.000000 0.957889
58.000000 0.959111
59.000000 0.961111
60.000000 0.961222
61.000000 0.962889
62.000000 0.962333
63.000000 0.965000
64.000000 0.964000
65.000000 0.966778
66.000000 0.965778
67.000000 0.966333
68.000000 0.965222
69.000000 0.966222
70.000000 0.966889
71.000000 0.965444
72.000000 0.967222
73.000000 0.967333
74.000000 0.967556
75.000000 0.968889
76.000000 0.967444
77.000000 0.969333
78.000000 0.969444
79.000000 0.969667
80.000000 0.968222
81.000000 0.970889
82.000000 0.970222
83.000000 0.971222
84.000000 0.972222
85.000000 0.971778
86.000000 0.971778
87.000000 0.971667
88.000000 0.973556
89.000000 0.974000
90.000000 0.974333
91.000000 0.973000
92.000000 0.973667
93.000000 0.973556
94.000000 0.975889
95.000000 0.975222
96.000000 0.974889
97.000000 0.975889
98.000000 0.976000
99.000000 0.975889
100.000000 0.976222
