0.000000 0.488889
1.000000 0.630111
2.000000 0.684778
3.000000 0.693444
4.000000 0.678444
5.000000 0.700111
6.000000 0.706222
7.000000 0.741333
8.000000 0.762556
9.000000 0.757000
10.000000 0.754889
11.000000 0.753556
12.000000 0.759889
13.000000 0.762333
14.000000 0.753222
15.000000 0.767333
16.000000 0.775556
17.000000 0.775556
18.000000 0.771000
19.000000 0.772778
20.000000 0.763222
21.000000 0.779000
22.000000 0.772778
23.000000 0.772889
24.000000 0.779778
25.000000 0.782000
26.000000 0.784444
27.000000 0.788222
28.000000 0.795556
29.000000 0.783889
30.000000 0.778333
31.000000 0.779111
32.000000 0.766667
33.000000 0.759889
34.000000 0.762333
35.000000 0.751667
36.000000 0.751778
37.000000 0.755222
38.000000 0.746333
39.000000 0.751889
40.000000 0.743667
41.000000 0.737000
42.000000 0.736222
43.000000 0.718444
44.000000 0.735333
45.000000 0.734556
46.000000 0.726111
47.000000 0.716778
48.000000 0.705333
49.000000 0.719778
50.000000 0.709222
51.000000 0.710556
52.000000 0.696889
53.000000 0.691111
54.000000 0.694111
55.000000 0.687111
56.000000 0.689111
57.000000 0.690333
58.000000 0.684333
59.000000 0.672778
60.000000 0.673444
61.000000 0.662667
62.000000 0.660556
63.000000 0.657667
64.000000 0.653333
65.000000 0.652889
66.000000 0.653667
67.000000 0.655778
68.000000 0.640111
69.000000 0.645444
70.000000 0.640556
71.000000 0.631000
72.000000 0.634667
73.000000 0.626778
74.000000 0.618667
75.000000 0.615667
76.000000 0.609222
77.000000 0.620111
78.000000 0.615000
79.000000 0.603556
80.000000 0.606556
81.000000 0.598667
82.000000 0.594000
83.000000 0.587667
84.000000 0.597778
85.000000 0.591222
86.000000 0.588222
87.000000 0.586889
88.000000 0.576333
89.000000 0.585444
90.000000 0.571556
91.000000 0.563556
92.000000 0.567000
93.000000 0.556000
94.000000 0.559667
95.000000 0.555778
96.000000 0.554556
97.000000 0.547222
98.000000 0.551444
99.000000 0.546778
100.000000 0.545667
