0.000000 0.500000
1.000000 0.553000
2.000000 0.644000
3.000000 0.692400
4.000000 0.720700
5.000000 0.745700
6.000000 0.722800
7.000000 0.756400
8.000000 0.754900
9.000000 0.775700
10.000000 0.790000
11.000000 0.814200
12.000000 0.817800
13.000000 0.826700
14.000000 0.838600
15.000000 0.854500
16.000000 0.854400
17.000000 0.860000
18.000000 0.861500
19.000000 0.856600
20.000000 0.869500
21.000000 0.870900
22.000000 0.870700
23.000000 0.871700
24.000000 0.869000
25.000000 0.878800
26.000000 0.882900
27.000000 0.887700
28.000000 0.894200
29.000000 0.888700
30.000000 0.900300
31.000000 0.902600
32.000000 0.907800
33.000000 0.910000
34.000000 0.912000
35.000000 0.908000
36.000000 0.906900
37.000000 0.909100
38.000000 0.911200
39.000000 0.911800
40.000000 0.911800
41.000000 0.913200
42.000000 0.919500
43.000000 0.930200
44.000000 0.934800
45.000000 0.935500
46.000000 0.929000
47.000000 0.928300
48.000000 0.934500
49.000000 0.935700
50.000000 0.938900
51.000000 0.946900
52.000000 0.944100
53.000000 0.944600
54.000000 0.947200
55.000000 0.949800
56.000000 0.952000
57.000000 0.955700
58.000000 0.955100
59.000000 0.957700
60.000000 0.954200
61.000000 0.959300
62.000000 0.960600
63.000000 0.961600
64.000000 0.963300
65.000000 0.960700
66.000000 0.961100
67.000000 0.962100
68.000000 0.965000
69.000000 0.963400
70.000000 0.963100
71.000000 0.965700
72.000000 0.966900
73.000000 0.966300
74.000000 0.966900
75.000000 0.967800
76.000000 0.968300
77.000000 0.964100
78.000000 0.967600
79.000000 0.970000
80.000000 0.966700
81.000000 0.966400
82.000000 0.971000
83.000000 0.970000
84.000000 0.969200
85.000000 0.970400
86.000000 0.970800
87.000000 0.973200
88.000000 0.970800
89.000000 0.971800
90.000000 0.972800
91.000000 0.974300
92.000000 0.974300
93.000000 0.973400
94.000000 0.974600
95.000000 0.975000
96.000000 0.974700
97.000000 0.974400
98.000000 0.975200
99.000000 0.973500
100.000000 0.974800
