active=50: 1 2 3 4 5 6 7 8 9 10 11 12 13 14 15 16 17 18 19 20 21 22 23 24 25 26 27 28 29 30 31 32 33 34 35 36 37 38 39 40 41 42 43 44 45 46 47 48 49 50 
active=49: 1 2 3 4 5 6 7 8 9 10 11 12 13 14 15 16 17 18 19 20 21 22 23 24 25 26 27 28 29 30 31 32 33 34 35 37 38 39 40 41 42 43 44 45 46 47 48 49 50 
active=48: 1 2 3 4 5 6 7 8 9 10 11 12 13 14 15 16 17 18 19 20 21 22 23 24 25 26 27 28 29 30 31 32 33 34 35 37 38 39 40 41 42 43 44 45 47 48 49 50 
active=47: 1 2 3 4 5 6 7 8 9 10 11 12 13 14 15 17 18 19 20 21 22 23 24 25 26 27 28 29 30 31 32 33 34 35 37 38 39 40 41 42 43 44 45 47 48 49 50 
active=46: 1 2 3 4 5 6 7 8 9 10 11 12 13 14 15 17 18 19 20 21 22 23 25 26 27 28 29 30 31 32 33 34 35 37 38 39 40 41 42 43 44 45 47 48 49 50 
active=45: 1 2 3 4 5 6 7 8 9 10 11 12 13 14 15 17 18 19 20 21 22 23 25 26 27 28 29 30 31 32 33 34 35 37 38 40 41 42 43 44 45 47 48 49 50 
active=44: 1 2 3 4 5 6 7 8 9 10 11 12 13 14 15 17 18 19 20 21 23 25 26 27 28 29 30 31 32 33 34 35 37 38 40 41 42 43 44 45 47 48 49 50 
active=43: 1 2 3 4 5 6 7 8 9 10 11 12 13 14 15 17 18 19 20 21 23 25 26 27 28 29 30 31 32 33 34 35 37 40 41 42 43 44 45 47 48 49 50 
active=42: 1 2 3 4 5 6 7 8 9 10 11 12 13 14 15 17 18 19 20 21 23 25 27 28 29 30 31 32 33 34 35 37 40 41 42 43 44 45 47 48 49 50 
active=41: 1 2 3 4 5 6 7 8 9 10 11 12 13 14 15 17 18 19 20 21 23 25 27 28 29 30 31 32 33 34 35 37 40 41 43 44 45 47 48 49 50 
active=40: 1 2 3 4 5 6 7 8 9 10 11 12 13 14 15 17 18 19 20 21 23 25 27 28 29 30 31 32 33 34 37 40 41 43 44 45 47 48 49 50 
active=39: 1 2 3 4 5 6 7 8 9 10 11 12 13 14 15 17 18 19 20 21 23 25 28 29 30 31 32 33 34 37 40 41 43 44 45 47 48 49 50 
active=38: 1 2 3 4 5 6 7 8 9 10 11 12 13 14 15 17 18 19 20 21 23 25 28 29 30 31 32 33 34 37 40 43 44 45 47 48 49 50 
active=37: 1 2 3 4 5 6 7 8 9 10 11 12 13 14 15 17 18 19 20 21 23 25 28 29 31 32 33 34 37 40 43 44 45 47 48 49 50 
active=36: 1 2 3 4 5 6 7 8 9 10 11 13 14 15 17 18 19 20 21 23 25 28 29 31 32 33 34 37 40 43 44 45 47 48 49 50 
active=35: 1 2 3 4 5 6 7 8 9 10 11 13 14 15 17 18 19 20 21 23 25 28 29 31 32 33 34 37 40 43 44 45 47 48 50 
active=34: 1 2 3 4 5 6 7 8 9 10 11 13 14 15 17 18 19 21 23 25 28 29 31 32 33 34 37 40 43 44 45 47 48 50 
active=33: 1 2 3 4 5 6 7 8 9 10 11 13 14 15 17 18 19 21 23 25 28 29 31 33 34 37 40 43 44 45 47 48 50 
active=32: 1 2 3 4 5 6 7 8 9 10 11 13 14 15 17 18 19 21 23 25 28 29 31 33 34 40 43 44 45 47 48 50 
active=31: 1 2 3 4 5 6 7 8 9 10 11 13 14 15 17 18 19 21 23 25 28 29 31 33 40 43 44 45 47 48 50 
active=30: 1 2 3 4 5 6 7 9 10 11 13 14 15 17 18 19 21 23 25 28 29 31 33 40 43 44 45 47 48 50 
active=29: 1 2 3 4 5 6 7 9 10 11 13 14 15 17 18 19 21 23 25 28 29 31 33 40 43 44 45 47 48 
active=28: 1 2 3 4 5 6 7 9 10 11 13 14 15 17 18 19 21 23 25 28 29 31 40 43 44 45 47 48 
active=27: 1 2 3 4 5 6 7 9 10 11 13 14 15 17 18 19 21 25 28 29 31 40 43 44 45 47 48 
active=26: 1 2 3 4 5 6 7 9 10 11 13 14 15 17 18 19 21 25 28 29 31 43 44 45 47 48 
active=25: 1 2 3 4 5 6 7 9 10 11 13 14 17 18 19 21 25 28 29 31 43 44 45 47 48 
active=24: 1 2 3 4 5 6 7 9 10 11 13 14 17 18 19 21 25 28 29 31 44 45 47 48 
active=23: 1 2 3 4 5 6 7 9 10 11 13 14 18 19 21 25 28 29 31 44 45 47 48 
active=22: 1 2 3 4 5 6 7 9 11 13 14 18 19 21 25 28 29 31 44 45 47 48 
active=21: 1 2 3 4 5 6 7 9 11 13 14 18 19 21 25 28 29 31 44 45 48 
active=20: 1 2 3 4 5 6 7 9 11 13 18 19 21 25 28 29 31 44 45 48 
active=19: 1 2 3 4 5 6 7 9 11 13 18 21 25 28 29 31 44 45 48 
active=18: 1 2 3 4 5 6 7 9 11 13 18 21 28 29 31 44 45 48 
active=17: 1 2 3 4 5 6 7 9 11 13 18 21 28 29 31 44 45 
active=16: 2 3 4 5 6 7 9 11 13 18 21 28 29 31 44 45 
active=15: 2 3 4 5 6 7 9 11 13 18 21 28 29 31 45 
active=14: 2 3 4 5 6 9 11 13 18 21 28 29 31 45 
active=13: 2 3 4 5 6 9 11 13 21 28 29 31 45 
active=12: 2 3 4 5 6 9 11 13 21 29 31 45 
active=11: 2 3 4 5 6 9 11 13 21 29 31 
active=10: 2 3 4 5 6 9 13 21 29 31 
active=9: 2 3 4 5 6 9 13 29 31 
active=8: 2 3 5 6 9 13 29 31 
active=7: 2 3 5 9 13 29 31 
active=6: 3 5 9 13 29 31 
active=5: 3 5 9 13 31 
active=4: 5 9 13 31 
active=3: 5 9 13 
active=2: 5 9 
active=1: 5 
