0.000000 0.487805 0.512195
1.000000 0.684756 0.688537
2.000000 0.697927 0.706585
3.000000 0.669512 0.699024
4.000000 0.699634 0.734756
5.000000 0.706463 0.742195
6.000000 0.712317 0.769268
7.000000 0.726951 0.770244
8.000000 0.718780 0.787317
9.000000 0.726220 0.787805
10.000000 0.736829 0.809024
11.000000 0.739146 0.808780
12.000000 0.741585 0.816951
13.000000 0.725122 0.817683
14.000000 0.742073 0.818902
15.000000 0.737439 0.839756
16.000000 0.740732 0.853293
17.000000 0.743293 0.853293
18.000000 0.732805 0.850244
19.000000 0.740854 0.848659
20.000000 0.728780 0.855854
21.000000 0.715854 0.859390
22.000000 0.728902 0.863415
23.000000 0.725244 0.863780
24.000000 0.721951 0.877439
25.000000 0.723049 0.881220
26.000000 0.724634 0.890366
27.000000 0.728902 0.893780
28.000000 0.723049 0.903902
29.000000 0.715854 0.898659
30.000000 0.706463 0.907927
31.000000 0.716829 0.908171
32.000000 0.703415 0.914634
33.000000 0.703659 0.919634
34.000000 0.698780 0.918537
35.000000 0.693537 0.923171
36.000000 0.692683 0.925000
37.000000 0.681951 0.922195
38.000000 0.675122 0.929268
39.000000 0.673415 0.928171
40.000000 0.675366 0.932195
41.000000 0.668780 0.927683
42.000000 0.667317 0.931829
43.000000 0.662805 0.936463
44.000000 0.652805 0.935610
45.000000 0.657317 0.937561
46.000000 0.653537 0.939512
47.000000 0.638659 0.945854
48.000000 0.645854 0.945366
49.000000 0.644756 0.946585
50.000000 0.636707 0.948049
