active=100: 1 2 3 4 5 6 7 8 9 10 11 12 13 14 15 16 17 18 19 20 21 22 23 24 25 26 27 28 29 30 31 32 33 34 35 36 37 38 39 40 41 42 43 44 45 46 47 48 49 50 51 52 53 54 55 56 57 58 59 60 61 62 63 64 65 66 67 68 69 70 71 72 73 74 75 76 77 78 79 80 81 82 83 84 85 86 87 88 89 90 91 92 93 94 95 96 97 98 99 100 
active=99: 1 2 3 4 6 7 8 9 10 11 12 13 14 15 16 17 18 19 20 21 22 23 24 25 26 27 28 29 30 31 32 33 34 35 36 37 38 39 40 41 42 43 44 45 46 47 48 49 50 51 52 53 54 55 56 57 58 59 60 61 62 63 64 65 66 67 68 69 70 71 72 73 74 75 76 77 78 79 80 81 82 83 84 85 86 87 88 89 90 91 92 93 94 95 96 97 98 99 100 
active=98: 1 2 3 4 6 7 8 9 10 11 12 13 14 15 16 17 18 19 20 21 22 23 24 25 26 27 28 29 30 31 32 33 34 35 37 38 39 40 41 42 43 44 45 46 47 48 49 50 51 52 53 54 55 56 57 58 59 60 61 62 63 64 65 66 67 68 69 70 71 72 73 74 75 76 77 78 79 80 81 82 83 84 85 86 87 88 89 90 91 92 93 94 95 96 97 98 99 100 
active=97: 1 2 3 4 6 7 8 9 10 11 12 13 14 15 16 17 18 19 20 21 22 23 24 25 26 27 28 29 30 31 32 33 34 35 37 38 39 40 41 42 43 44 45 46 47 48 49 50 51 52 53 54 55 56 58 59 60 61 62 63 64 65 66 67 68 69 70 71 72 73 74 75 76 77 78 79 80 81 82 83 84 85 86 87 88 89 90 91 92 93 94 95 96 97 98 99 100 
active=96: 1 2 3 4 6 7 8 9 10 11 12 13 14 15 16 17 18 19 20 21 22 23 24 25 26 27 28 29 30 31 32 33 34 35 37 38 39 40 41 42 43 44 45 46 47 48 49 50 51 52 53 54 55 58 59 60 61 62 63 64 65 66 67 68 69 70 71 72 73 74 75 76 77 78 79 80 81 82 83 84 85 86 87 88 89 90 91 92 93 94 95 96 97 98 99 100 
active=95: 1 2 3 4 6 7 8 9 10 11 13 14 15 16 17 18 19 20 21 22 23 24 25 26 27 28 29 30 31 32 33 34 35 37 38 39 40 41 42 43 44 45 46 47 48 49 50 51 52 53 54 55 58 59 60 61 62 63 64 65 66 67 68 69 70 71 72 73 74 75 76 77 78 79 80 81 82 83 84 85 86 87 88 89 90 91 92 93 94 95 96 97 98 99 100 
active=94: 1 2 3 4 6 7 8 9 10 11 13 14 15 16 17 18 19 20 21 22 23 24 25 26 27 28 29 30 31 32 33 34 35 37 38 39 40 41 42 43 44 45 46 47 48 49 50 51 52 53 54 55 58 59 60 61 62 63 64 65 66 67 68 69 70 71 72 73 74 75 76 77 78 79 81 82 83 84 85 86 87 88 89 90 91 92 93 94 95 96 97 98 99 100 
active=93: 1 2 3 4 6 7 8 9 10 11 13 14 15 16 17 18 19 20 21 22 23 24 25 26 27 28 29 31 32 33 34 35 37 38 39 40 41 42 43 44 45 46 47 48 49 50 51 52 53 54 55 58 59 60 61 62 63 64 65 66 67 68 69 70 71 72 73 74 75 76 77 78 79 81 82 83 84 85 86 87 88 89 90 91 92 93 94 95 96 97 98 99 100 
active=92: 1 2 3 4 6 7 8 9 10 11 13 14 15 16 17 18 19 20 21 22 23 24 25 26 27 28 29 31 32 33 34 35 37 38 39 40 41 42 43 44 45 46 47 48 49 50 51 52 53 54 55 58 59 60 62 63 64 65 66 67 68 69 70 71 72 73 74 75 76 77 78 79 81 82 83 84 85 86 87 88 89 90 91 92 93 94 95 96 97 98 99 100 
active=91: 1 2 3 4 6 7 8 9 10 11 13 14 15 16 17 18 19 20 21 22 23 24 25 26 27 28 29 31 32 33 34 35 37 38 39 40 41 42 43 44 45 47 48 49 50 51 52 53 54 55 58 59 60 62 63 64 65 66 67 68 69 70 71 72 73 74 75 76 77 78 79 81 82 83 84 85 86 87 88 89 90 91 92 93 94 95 96 97 98 99 100 
active=90: 1 2 3 4 6 7 8 9 10 11 13 14 15 16 17 18 19 20 21 22 23 24 25 26 27 28 29 31 32 33 34 35 37 38 39 40 41 42 43 44 45 48 49 50 51 52 53 54 55 58 59 60 62 63 64 65 66 67 68 69 70 71 72 73 74 75 76 77 78 79 81 82 83 84 85 86 87 88 89 90 91 92 93 94 95 96 97 98 99 100 
active=89: 1 2 3 4 6 7 8 9 10 11 13 14 15 16 17 18 19 20 21 22 23 24 25 26 27 28 29 31 32 33 34 35 37 38 39 40 41 42 43 44 45 48 49 50 51 52 53 54 55 59 60 62 63 64 65 66 67 68 69 70 71 72 73 74 75 76 77 78 79 81 82 83 84 85 86 87 88 89 90 91 92 93 94 95 96 97 98 99 100 
active=88: 1 2 3 4 6 7 8 9 10 11 13 14 15 16 17 18 19 20 21 22 23 24 25 26 27 28 29 31 32 33 34 35 37 38 39 40 41 42 43 44 45 48 49 50 51 52 53 54 55 59 60 63 64 65 66 67 68 69 70 71 72 73 74 75 76 77 78 79 81 82 83 84 85 86 87 88 89 90 91 92 93 94 95 96 97 98 99 100 
active=87: 1 2 3 4 6 7 8 9 10 11 14 15 16 17 18 19 20 21 22 23 24 25 26 27 28 29 31 32 33 34 35 37 38 39 40 41 42 43 44 45 48 49 50 51 52 53 54 55 59 60 63 64 65 66 67 68 69 70 71 72 73 74 75 76 77 78 79 81 82 83 84 85 86 87 88 89 90 91 92 93 94 95 96 97 98 99 100 
active=86: 1 2 3 4 6 7 8 9 10 11 14 15 16 17 18 19 20 21 22 23 24 25 26 27 28 29 31 32 33 34 35 37 38 39 40 41 42 43 44 45 48 49 50 51 52 53 55 59 60 63 64 65 66 67 68 69 70 71 72 73 74 75 76 77 78 79 81 82 83 84 85 86 87 88 89 90 91 92 93 94 95 96 97 98 99 100 
active=85: 1 2 3 4 6 7 8 9 10 11 14 15 16 17 18 19 20 21 23 24 25 26 27 28 29 31 32 33 34 35 37 38 39 40 41 42 43 44 45 48 49 50 51 52 53 55 59 60 63 64 65 66 67 68 69 70 71 72 73 74 75 76 77 78 79 81 82 83 84 85 86 87 88 89 90 91 92 93 94 95 96 97 98 99 100 
active=84: 1 2 3 4 6 7 8 9 10 11 14 15 16 17 18 19 20 21 23 24 25 26 27 28 29 31 32 33 34 35 37 38 39 40 41 42 43 44 45 48 49 50 51 52 53 55 59 60 63 64 65 66 67 68 69 70 71 72 73 74 75 76 77 78 79 81 82 83 84 85 86 87 88 89 90 91 92 93 94 95 96 97 99 100 
active=83: 1 2 3 4 6 7 8 9 10 11 14 15 16 17 18 19 20 21 23 24 26 27 28 29 31 32 33 34 35 37 38 39 40 41 42 43 44 45 48 49 50 51 52 53 55 59 60 63 64 65 66 67 68 69 70 71 72 73 74 75 76 77 78 79 81 82 83 84 85 86 87 88 89 90 91 92 93 94 95 96 97 99 100 
active=82: 1 2 3 4 6 7 8 9 10 11 14 15 16 17 18 19 20 21 23 24 26 27 28 29 31 32 33 34 35 37 38 39 40 41 42 43 44 45 48 49 50 51 52 53 55 59 60 63 64 65 66 67 69 70 71 72 73 74 75 76 77 78 79 81 82 83 84 85 86 87 88 89 90 91 92 93 94 95 96 97 99 100 
active=81: 1 2 3 4 6 7 8 9 10 11 14 15 16 17 18 19 20 21 23 24 26 27 28 29 31 32 33 34 35 37 38 39 40 41 42 43 44 45 48 49 50 51 52 53 55 59 60 63 64 65 66 67 69 70 72 73 74 75 76 77 78 79 81 82 83 84 85 86 87 88 89 90 91 92 93 94 95 96 97 99 100 
active=80: 1 2 3 4 6 7 8 9 10 11 14 15 16 17 18 19 20 21 23 24 26 27 28 29 31 32 33 34 35 37 38 39 40 41 42 43 44 45 48 49 50 51 53 55 59 60 63 64 65 66 67 69 70 72 73 74 75 76 77 78 79 81 82 83 84 85 86 87 88 89 90 91 92 93 94 95 96 97 99 100 
active=79: 1 2 3 4 6 7 8 9 10 11 14 15 16 17 18 19 20 21 23 24 26 27 28 29 31 32 33 34 35 37 38 39 40 41 42 43 44 45 48 49 50 51 53 55 59 60 63 64 65 66 67 69 70 72 73 74 75 77 78 79 81 82 83 84 85 86 87 88 89 90 91 92 93 94 95 96 97 99 100 
active=78: 1 2 3 4 6 7 8 9 10 11 14 15 16 17 18 20 21 23 24 26 27 28 29 31 32 33 34 35 37 38 39 40 41 42 43 44 45 48 49 50 51 53 55 59 60 63 64 65 66 67 69 70 72 73 74 75 77 78 79 81 82 83 84 85 86 87 88 89 90 91 92 93 94 95 96 97 99 100 
active=77: 1 2 3 4 6 7 8 9 10 11 14 15 16 17 18 20 21 23 24 26 27 28 29 31 32 33 34 35 37 38 39 40 41 42 43 44 45 48 49 50 51 53 55 59 60 63 65 66 67 69 70 72 73 74 75 77 78 79 81 82 83 84 85 86 87 88 89 90 91 92 93 94 95 96 97 99 100 
active=76: 1 2 3 4 6 7 8 9 10 11 14 15 16 17 18 20 21 23 24 26 27 28 29 31 32 33 34 35 37 38 39 40 41 42 43 44 45 48 49 50 51 53 55 60 63 65 66 67 69 70 72 73 74 75 77 78 79 81 82 83 84 85 86 87 88 89 90 91 92 93 94 95 96 97 99 100 
active=75: 1 2 3 4 6 7 8 9 10 11 14 15 16 17 18 20 21 23 24 26 27 28 29 31 32 33 34 35 37 38 39 40 41 42 43 44 45 48 49 50 51 53 55 60 63 65 66 67 69 70 72 73 74 75 77 78 79 81 82 83 84 85 86 87 88 89 91 92 93 94 95 96 97 99 100 
active=74: 1 2 3 4 6 7 8 9 10 14 15 16 17 18 20 21 23 24 26 27 28 29 31 32 33 34 35 37 38 39 40 41 42 43 44 45 48 49 50 51 53 55 60 63 65 66 67 69 70 72 73 74 75 77 78 79 81 82 83 84 85 86 87 88 89 91 92 93 94 95 96 97 99 100 
active=73: 1 2 3 4 6 7 8 9 10 14 15 16 17 18 20 21 23 24 26 27 28 29 31 32 33 34 35 37 38 39 40 41 42 43 44 45 48 49 50 51 53 55 60 63 65 66 67 69 70 72 73 74 75 77 78 79 81 82 83 84 85 86 87 88 89 92 93 94 95 96 97 99 100 
active=72: 2 3 4 6 7 8 9 10 14 15 16 17 18 20 21 23 24 26 27 28 29 31 32 33 34 35 37 38 39 40 41 42 43 44 45 48 49 50 51 53 55 60 63 65 66 67 69 70 72 73 74 75 77 78 79 81 82 83 84 85 86 87 88 89 92 93 94 95 96 97 99 100 
active=71: 2 3 4 6 7 8 9 10 14 15 16 17 18 20 21 23 24 26 27 28 29 31 32 33 34 35 37 38 39 40 41 42 43 44 45 48 49 50 51 53 55 60 63 65 66 67 69 70 72 73 75 77 78 79 81 82 83 84 85 86 87 88 89 92 93 94 95 96 97 99 100 
active=70: 2 3 4 6 7 8 9 10 14 15 16 17 18 20 21 23 24 26 27 28 29 31 32 33 34 35 37 38 39 40 41 42 43 44 45 48 49 50 51 53 55 60 63 65 66 67 69 70 72 73 75 77 78 79 81 82 83 84 85 86 87 88 89 92 93 94 95 97 99 100 
active=69: 2 3 4 6 7 8 9 10 14 15 16 17 18 20 21 23 24 26 27 28 29 31 32 33 34 35 37 38 39 40 41 42 43 44 45 48 49 50 51 53 55 60 63 65 66 67 69 70 72 73 75 77 78 79 81 82 83 84 85 86 87 88 89 92 93 94 97 99 100 
active=68: 2 3 4 6 7 8 9 10 15 16 17 18 20 21 23 24 26 27 28 29 31 32 33 34 35 37 38 39 40 41 42 43 44 45 48 49 50 51 53 55 60 63 65 66 67 69 70 72 73 75 77 78 79 81 82 83 84 85 86 87 88 89 92 93 94 97 99 100 
active=67: 2 3 4 6 7 8 9 10 15 16 17 20 21 23 24 26 27 28 29 31 32 33 34 35 37 38 39 40 41 42 43 44 45 48 49 50 51 53 55 60 63 65 66 67 69 70 72 73 75 77 78 79 81 82 83 84 85 86 87 88 89 92 93 94 97 99 100 
active=66: 2 3 4 6 7 8 9 10 15 16 17 20 21 23 24 26 27 28 29 31 32 33 34 35 37 38 39 40 41 42 43 44 45 48 49 50 51 53 55 60 63 65 66 67 69 70 72 73 75 77 78 79 81 82 83 84 85 86 87 88 89 92 94 97 99 100 
active=65: 2 3 4 6 7 8 9 10 15 16 17 20 21 23 24 26 27 28 29 31 32 33 34 35 37 38 39 40 41 42 43 44 45 48 49 50 51 53 55 60 63 65 67 69 70 72 73 75 77 78 79 81 82 83 84 85 86 87 88 89 92 94 97 99 100 
active=64: 2 3 4 6 7 8 9 10 15 16 17 20 21 23 24 26 27 28 29 31 32 33 34 35 37 38 39 40 41 42 43 44 45 48 49 50 51 53 55 60 63 65 67 69 70 72 73 75 77 78 79 81 82 83 84 85 87 88 89 92 94 97 99 100 
active=63: 2 3 4 6 8 9 10 15 16 17 20 21 23 24 26 27 28 29 31 32 33 34 35 37 38 39 40 41 42 43 44 45 48 49 50 51 53 55 60 63 65 67 69 70 72 73 75 77 78 79 81 82 83 84 85 87 88 89 92 94 97 99 100 
active=62: 3 4 6 8 9 10 15 16 17 20 21 23 24 26 27 28 29 31 32 33 34 35 37 38 39 40 41 42 43 44 45 48 49 50 51 53 55 60 63 65 67 69 70 72 73 75 77 78 79 81 82 83 84 85 87 88 89 92 94 97 99 100 
active=61: 3 4 6 8 9 10 15 16 17 20 21 23 24 26 27 28 29 31 32 33 34 35 37 38 39 40 41 42 43 44 45 48 49 50 51 53 55 60 63 65 67 69 70 72 73 75 77 78 79 81 82 83 84 85 87 88 92 94 97 99 100 
active=60: 3 4 6 8 9 10 15 16 17 20 21 23 24 26 27 28 29 31 32 33 34 35 37 38 39 40 42 43 44 45 48 49 50 51 53 55 60 63 65 67 69 70 72 73 75 77 78 79 81 82 83 84 85 87 88 92 94 97 99 100 
active=59: 3 4 6 8 9 10 15 16 17 20 21 23 24 26 27 28 29 31 32 33 34 35 37 38 39 42 43 44 45 48 49 50 51 53 55 60 63 65 67 69 70 72 73 75 77 78 79 81 82 83 84 85 87 88 92 94 97 99 100 
active=58: 3 4 6 8 9 10 15 16 17 20 21 23 24 26 27 28 29 31 32 33 34 35 37 38 39 42 43 44 45 48 49 50 51 53 55 60 63 65 67 69 70 72 73 75 77 78 79 81 82 83 84 85 87 92 94 97 99 100 
active=57: 3 4 6 8 9 10 15 16 17 20 21 23 24 26 27 28 29 31 32 33 34 35 37 38 39 42 43 44 45 48 49 50 51 53 55 60 63 65 67 69 70 72 75 77 78 79 81 82 83 84 85 87 92 94 97 99 100 
active=56: 3 4 6 8 9 10 15 16 17 20 21 23 24 26 27 28 29 31 32 33 34 35 37 38 39 42 43 44 45 48 49 50 51 53 55 60 63 65 67 69 70 72 75 77 78 79 81 82 83 84 85 87 92 97 99 100 
active=55: 3 4 6 8 10 15 16 17 20 21 23 24 26 27 28 29 31 32 33 34 35 37 38 39 42 43 44 45 48 49 50 51 53 55 60 63 65 67 69 70 72 75 77 78 79 81 82 83 84 85 87 92 97 99 100 
active=54: 3 4 6 8 10 15 16 17 20 21 23 24 26 27 28 29 31 32 33 34 37 38 39 42 43 44 45 48 49 50 51 53 55 60 63 65 67 69 70 72 75 77 78 79 81 82 83 84 85 87 92 97 99 100 
active=53: 3 4 6 8 10 15 16 17 20 21 23 24 26 27 28 29 31 32 33 34 37 38 39 42 43 44 45 49 50 51 53 55 60 63 65 67 69 70 72 75 77 78 79 81 82 83 84 85 87 92 97 99 100 
active=52: 3 4 6 8 10 15 16 17 20 21 23 24 26 27 28 29 31 32 33 34 37 38 39 42 43 44 45 49 50 51 53 55 60 63 65 67 69 70 72 75 77 78 79 81 82 84 85 87 92 97 99 100 
active=51: 3 4 6 8 10 15 16 17 20 21 23 24 26 27 28 29 31 32 33 37 38 39 42 43 44 45 49 50 51 53 55 60 63 65 67 69 70 72 75 77 78 79 81 82 84 85 87 92 97 99 100 
active=50: 3 4 6 8 10 15 16 17 20 21 23 24 26 27 28 29 31 32 33 37 38 39 42 43 44 45 49 50 51 53 55 60 63 65 67 69 70 72 75 77 78 79 82 84 85 87 92 97 99 100 
active=49: 3 4 6 8 10 15 16 17 20 21 23 24 26 27 28 29 31 32 33 37 38 39 42 43 44 45 49 50 51 53 55 60 63 65 67 69 72 75 77 78 79 82 84 85 87 92 97 99 100 
active=48: 3 4 6 8 10 15 16 17 20 21 23 24 26 27 28 31 32 33 37 38 39 42 43 44 45 49 50 51 53 55 60 63 65 67 69 72 75 77 78 79 82 84 85 87 92 97 99 100 
active=47: 3 4 6 8 10 15 16 17 20 21 23 24 26 27 28 31 32 33 37 38 39 42 44 45 49 50 51 53 55 60 63 65 67 69 72 75 77 78 79 82 84 85 87 92 97 99 100 
active=46: 3 4 6 8 10 15 16 17 20 21 23 24 26 28 31 32 33 37 38 39 42 44 45 49 50 51 53 55 60 63 65 67 69 72 75 77 78 79 82 84 85 87 92 97 99 100 
active=45: 3 4 6 10 15 16 17 20 21 23 24 26 28 31 32 33 37 38 39 42 44 45 49 50 51 53 55 60 63 65 67 69 72 75 77 78 79 82 84 85 87 92 97 99 100 
active=44: 3 4 6 10 15 16 17 20 21 23 24 26 28 31 32 33 37 38 39 42 44 45 49 50 51 53 55 60 63 65 67 69 72 75 77 78 79 82 84 85 87 92 99 100 
active=43: 3 4 6 10 15 16 17 20 21 23 24 26 28 31 32 33 37 38 39 42 44 45 50 51 53 55 60 63 65 67 69 72 75 77 78 79 82 84 85 87 92 99 100 
active=42: 3 4 6 10 15 16 17 20 21 23 24 26 28 31 32 33 37 39 42 44 45 50 51 53 55 60 63 65 67 69 72 75 77 78 79 82 84 85 87 92 99 100 
active=41: 3 4 6 10 15 16 17 20 21 23 24 26 28 31 32 33 37 39 42 44 45 50 51 53 55 60 63 65 67 69 72 75 77 78 79 82 84 85 87 92 100 
active=40: 3 4 6 10 15 16 17 20 21 23 24 26 31 32 33 37 39 42 44 45 50 51 53 55 60 63 65 67 69 72 75 77 78 79 82 84 85 87 92 100 
active=39: 3 4 6 10 15 16 17 20 21 23 24 26 31 32 33 39 42 44 45 50 51 53 55 60 63 65 67 69 72 75 77 78 79 82 84 85 87 92 100 
active=38: 3 4 6 10 15 16 17 20 21 23 24 26 31 32 33 39 42 44 45 50 51 53 55 60 63 67 69 72 75 77 78 79 82 84 85 87 92 100 
active=37: 3 4 6 10 15 16 17 20 21 23 24 26 31 32 33 39 42 44 45 50 51 53 55 60 63 67 69 72 75 77 78 79 82 84 85 92 100 
active=36: 3 4 6 10 15 16 17 20 21 23 24 26 31 32 33 39 42 44 45 50 51 53 55 60 63 67 69 72 77 78 79 82 84 85 92 100 
active=35: 3 4 10 15 16 17 20 21 23 24 26 31 32 33 39 42 44 45 50 51 53 55 60 63 67 69 72 77 78 79 82 84 85 92 100 
active=34: 3 4 10 15 16 17 20 21 23 24 26 31 32 33 39 44 45 50 51 53 55 60 63 67 69 72 77 78 79 82 84 85 92 100 
active=33: 3 4 10 15 16 17 20 21 24 26 31 32 33 39 44 45 50 51 53 55 60 63 67 69 72 77 78 79 82 84 85 92 100 
active=32: 3 4 10 15 16 17 20 21 24 31 32 33 39 44 45 50 51 53 55 60 63 67 69 72 77 78 79 82 84 85 92 100 
active=31: 3 4 10 15 16 17 20 21 24 31 33 39 44 45 50 51 53 55 60 63 67 69 72 77 78 79 82 84 85 92 100 
active=30: 4 10 15 16 17 20 21 24 31 33 39 44 45 50 51 53 55 60 63 67 69 72 77 78 79 82 84 85 92 100 
active=29: 4 10 15 16 17 20 21 24 31 33 39 44 45 50 51 55 60 63 67 69 72 77 78 79 82 84 85 92 100 
active=28: 10 15 16 17 20 21 24 31 33 39 44 45 50 51 55 60 63 67 69 72 77 78 79 82 84 85 92 100 
active=27: 10 15 16 20 21 24 31 33 39 44 45 50 51 55 60 63 67 69 72 77 78 79 82 84 85 92 100 
active=26: 10 15 16 21 24 31 33 39 44 45 50 51 55 60 63 67 69 72 77 78 79 82 84 85 92 100 
active=25: 10 15 16 21 24 31 33 39 44 45 50 51 55 60 63 67 69 72 77 78 79 82 84 85 92 
active=24: 10 15 16 21 24 33 39 44 45 50 51 55 60 63 67 69 72 77 78 79 82 84 85 92 
active=23: 10 15 16 21 24 33 39 44 50 51 55 60 63 67 69 72 77 78 79 82 84 85 92 
active=22: 10 15 16 21 33 39 44 50 51 55 60 63 67 69 72 77 78 79 82 84 85 92 
active=21: 10 15 16 21 39 44 50 51 55 60 63 67 69 72 77 78 79 82 84 85 92 
active=20: 10 15 16 21 44 50 51 55 60 63 67 69 72 77 78 79 82 84 85 92 
active=19: 15 16 21 44 50 51 55 60 63 67 69 72 77 78 79 82 84 85 92 
active=18: 15 16 21 44 50 55 60 63 67 69 72 77 78 79 82 84 85 92 
active=17: 15 16 21 44 50 55 60 63 67 69 72 77 78 82 84 85 92 
active=16: 15 16 44 50 55 60 63 67 69 72 77 78 82 84 85 92 
active=15: 15 44 50 55 60 63 67 69 72 77 78 82 84 85 92 
active=14: 15 44 50 55 63 67 69 72 77 78 82 84 85 92 
active=13: 15 44 50 55 63 67 72 77 78 82 84 85 92 
active=12: 15 44 50 63 67 72 77 78 82 84 85 92 
active=11: 15 44 50 63 67 72 77 78 82 84 92 
active=10: 44 50 63 67 72 77 78 82 84 92 
active=9: 44 50 63 67 72 77 82 84 92 
active=8: 50 63 67 72 77 82 84 92 
active=7: 50 67 72 77 82 84 92 
active=6: 50 67 72 77 82 92 
active=5: 67 72 77 82 92 
active=4: 67 77 82 92 
active=3: 67 82 92 
active=2: 67 82 
active=1: 67 
