1 -0.042871140787 1.019916014777
2 0.079676736017 0.935524690190
3 -0.103273658279 0.924912324142
4 -0.236365556444 1.152963997048
5 0.205320792661 1.155249167009
6 -0.000923360963 1.081714249967
7 0.034804766341 1.058015346570
8 0.073631492112 0.923992875657
9 0.111952955648 0.977024422090
10 -0.054174629665 1.017420667316
11 -0.083328882076 0.913672340669
12 0.139891090584 0.848989297360
13 -0.061478239552 0.953414306759
14 -0.046771918795 0.982246219049
15 0.131215208893 1.008440478480
16 -0.078299575240 1.066636189191
17 0.226227659610 0.966373573604
18 -0.045056917805 1.044388723318
19 0.235792376165 1.077610036070
20 -0.149244268438 0.907796703060
21 -0.046725522587 0.850877676852
22 -0.058928940264 0.974837991816
23 0.144544367049 0.901948283509
24 0.023475108649 0.943554611147
25 -0.008985723774 0.966213083096
26 0.117281552647 1.021022019990
27 -0.031571568064 0.900587232450
28 0.220781695730 0.817239524501
29 -0.092681902375 1.090470986639
30 0.044250070181 1.040312262551
31 -0.036475877011 1.040602995249
32 -0.033799155393 1.058823629033
33 0.070924926807 0.862184585862
34 -0.095556456991 0.983980327007
35 0.093936356235 0.968336161997
36 0.024722006794 0.851318741444
37 -0.020158670996 1.028885525875
38 -0.103445555999 0.910928517782
39 0.095986042217 0.924971573235
40 -0.199135579359 1.101912394217
41 0.103650842445 1.138069477216
42 -0.101708837085 1.093098832861
43 0.086782115398 1.094402266705
44 -0.114309200797 1.026249999324
45 0.037358338392 1.033122348116
46 -0.205273118005 0.994343802754
47 -0.180462551707 0.924832902105
48 -0.058136871038 0.840255008786
49 0.115059531633 0.924722454951
50 -0.009825370504 0.957792925287
51 -0.098386195597 0.975345531746
52 0.022672907958 1.064152421679
53 -0.020990032726 1.001106702737
54 0.238368441804 0.928991578329
55 -0.071010398235 0.963796535060
56 -0.134883701778 1.088808434553
57 -0.100579600425 0.891917067612
58 -0.216387735746 1.037126915829
59 -0.062209811617 1.028155205431
60 -0.143384705805 0.872103822882
61 0.061387683280 1.018459147648
62 0.101770844248 0.908976612596
63 0.150522133846 0.864209413898
64 0.290542098207 1.000342416996
65 0.155071160828 1.017332265898
66 -0.050301460841 0.991146173376
67 0.202790987275 1.014723643197
68 0.030262995268 1.183027931813
69 0.044337003834 0.937196259368
70 -0.249728382646 0.911758686563
71 0.050023842615 0.871338062129
72 0.211229792735 0.902265843702
73 -0.118651130825 0.953375827855
74 0.029754807994 0.996596554612
75 -0.101295756877 0.955987673940
76 0.091443194000 0.899026754458
77 0.141097306266 1.010352929426
78 0.041205244083 1.101071820098
79 0.214798436826 0.845246323531
80 0.050992918590 0.952439162961
81 -0.115517382006 0.834393006008
82 -0.188096771991 0.841471502637
83 0.003069717854 0.882943829995
84 0.127085610937 1.177007744321
85 0.390658754208 0.890296261732
86 -0.146502010768 0.978374498649
87 0.166796474681 0.938791818100
88 -0.057070734947 1.108680841048
89 -0.138099420568 0.988491887730
90 0.068161266675 1.030378526762
91 0.243446736148 0.957384085616
92 0.048979313986 0.822447889148
93 -0.333867298772 0.867781955403
94 0.082709610632 0.873028727216
95 -0.056992285121 0.915587646416
96 -0.120472291660 0.955152215995
97 0.027860685908 0.914760430898
98 -0.022665488672 0.918098101943
99 -0.199683756129 0.886461816022
100 -0.141410005023 1.010283888733
