0.000000 0.500000
1.000000 0.612800
2.000000 0.661600
3.000000 0.693800
4.000000 0.709300
5.000000 0.715100
6.000000 0.698600
7.000000 0.713600
8.000000 0.736600
9.000000 0.746500
10.000000 0.741900
11.000000 0.762900
12.000000 0.760300
13.000000 0.763900
14.000000 0.763700
15.000000 0.770100
16.000000 0.766900
17.000000 0.757600
18.000000 0.757400
19.000000 0.746800
20.000000 0.757000
21.000000 0.747500
22.000000 0.755300
23.000000 0.752600
24.000000 0.756700
25.000000 0.750800
26.000000 0.747700
27.000000 0.754100
28.000000 0.749300
29.000000 0.756600
30.000000 0.752800
31.000000 0.757500
32.000000 0.747100
33.000000 0.736700
34.000000 0.733100
35.000000 0.746000
36.000000 0.742400
37.000000 0.738600
38.000000 0.746000
39.000000 0.740800
40.000000 0.733200
41.000000 0.732000
42.000000 0.728700
43.000000 0.733400
44.000000 0.727500
45.000000 0.725900
46.000000 0.727700
47.000000 0.713500
48.000000 0.719800
49.000000 0.706700
50.000000 0.711100
51.000000 0.703100
52.000000 0.700600
53.000000 0.701600
54.000000 0.693900
55.000000 0.682000
56.000000 0.683100
57.000000 0.684200
58.000000 0.678000
59.000000 0.685700
60.000000 0.668800
61.000000 0.663300
62.000000 0.665300
63.000000 0.666100
64.000000 0.654800
65.000000 0.659500
66.000000 0.646300
67.000000 0.650700
68.000000 0.658800
69.000000 0.648900
70.000000 0.640800
71.000000 0.639600
72.000000 0.650100
73.000000 0.642000
74.000000 0.640100
75.000000 0.634800
76.000000 0.630800
77.000000 0.635800
78.000000 0.628300
79.000000 0.621000
80.000000 0.621700
81.000000 0.628100
82.000000 0.627700
83.000000 0.622000
84.000000 0.617900
85.000000 0.609600
86.000000 0.603700
87.000000 0.607200
88.000000 0.606500
89.000000 0.608700
90.000000 0.597700
91.000000 0.602200
92.000000 0.588200
93.000000 0.597400
94.000000 0.595700
95.000000 0.583700
96.000000 0.589800
97.000000 0.580400
98.000000 0.578400
99.000000 0.581700
100.000000 0.578600
