0.000000 0.500000
1.000000 0.637100
2.000000 0.682000
3.000000 0.726200
4.000000 0.736400
5.000000 0.737700
6.000000 0.746400
7.000000 0.744600
8.000000 0.776100
9.000000 0.782900
10.000000 0.792400
11.000000 0.814000
12.000000 0.821100
13.000000 0.825100
14.000000 0.832700
15.000000 0.837600
16.000000 0.833700
17.000000 0.838100
18.000000 0.837300
19.000000 0.841200
20.000000 0.840000
21.000000 0.844400
22.000000 0.851600
23.000000 0.848800
24.000000 0.850500
25.000000 0.855900
26.000000 0.861000
27.000000 0.859900
28.000000 0.874000
29.000000 0.874300
30.000000 0.879700
31.000000 0.884800
32.000000 0.882100
33.000000 0.878600
34.000000 0.892100
35.000000 0.897800
36.000000 0.900100
37.000000 0.901200
38.000000 0.905800
39.000000 0.912600
40.000000 0.912000
41.000000 0.904800
42.000000 0.913700
43.000000 0.913100
44.000000 0.923200
45.000000 0.926200
46.000000 0.923700
47.000000 0.927800
48.000000 0.924600
49.000000 0.928200
50.000000 0.932500
51.000000 0.934900
52.000000 0.934100
53.000000 0.934900
54.000000 0.938400
55.000000 0.942300
56.000000 0.945800
57.000000 0.945300
58.000000 0.944300
59.000000 0.950200
60.000000 0.947600
61.000000 0.950400
62.000000 0.951500
63.000000 0.954600
64.000000 0.953700
65.000000 0.955400
66.000000 0.956700
67.000000 0.956300
68.000000 0.958100
69.000000 0.958400
70.000000 0.961300
71.000000 0.962100
72.000000 0.960000
73.000000 0.963800
74.000000 0.961300
75.000000 0.962700
76.000000 0.963400
77.000000 0.964700
78.000000 0.965300
79.000000 0.963600
80.000000 0.966700
81.000000 0.967400
82.000000 0.968900
83.000000 0.969500
84.000000 0.967600
85.000000 0.969500
86.000000 0.967900
87.000000 0.970100
88.000000 0.969800
89.000000 0.969100
90.000000 0.970500
91.000000 0.970500
92.000000 0.972300
93.000000 0.969600
94.000000 0.971000
95.000000 0.972300
96.000000 0.973500
97.000000 0.973000
98.000000 0.972700
99.000000 0.973400
100.000000 0.973100
