N=100
P=100
R=2
1 0.438086 NA -0.277938 -1.107383 -0.675018 NA -1.774355 0.608251 -0.017858 NA 1.125806 -0.733063 -1.452178 1.534035 1.400527 NA -1.176770 NA -1.006711 2.158917 NA NA -0.376022 NA -1.496994 NA 2.189488 NA -1.391490 NA NA NA 0.126998 NA 0.745210 NA 0.582107 0.340630 -0.190792 0.982352 NA -0.621094 -1.261534 1.283450 NA 0.759529 NA 0.047427 0.560460 NA -1.082620 -0.887117 -0.045098 -1.145350 0.805406 -0.284291 NA -0.597720 NA -0.947936 0.014432 -0.989827 0.372452 0.402814 NA NA NA NA NA NA NA NA -1.150792 NA 0.504135 0.610261 NA NA NA NA -1.133003 1.770356 NA NA -1.343120 -1.051322 -0.506224 NA NA NA -1.287733 NA 0.374856 NA 0.741684 NA -1.225609 0.599893 1.163194 -0.283628 13.911828 1.000000
2 NA -0.028280 NA -0.366557 NA NA 0.411676 0.415979 -0.789864 -0.590548 2.028697 NA 0.984439 1.361086 1.949247 NA 0.135745 NA 0.105848 NA NA -0.588313 -0.855936 -1.279590 -0.539847 NA 0.057842 NA 0.069955 0.955024 NA -1.977219 1.319684 NA NA -1.044759 0.291937 NA 0.436328 NA 0.335639 0.621247 -0.855620 NA 1.636775 NA 0.123207 -0.940890 NA 0.782596 NA -1.517302 -0.160958 -0.504040 0.237847 -1.225278 NA 0.355792 NA NA NA NA NA -0.596348 0.115126 -0.477743 NA 0.743948 -1.692785 NA -1.154824 -0.077449 NA 1.143542 -0.913500 -1.409692 NA 0.077983 1.358613 NA -1.668354 NA 0.812877 -0.443087 0.949712 -0.392374 NA 0.973700 0.403390 -0.380583 -0.303533 NA NA NA -0.427062 NA NA -1.969580 NA -0.591698 0.425103 1.000000
3 1.000907 -0.549196 -0.864882 NA 2.447166 -1.456598 0.958858 NA NA 0.026029 0.158305 0.552179 NA NA -0.171225 NA -1.003475 NA NA 0.575049 NA NA 1.434298 -1.102916 NA NA -1.149820 0.412622 1.771057 NA 1.373800 NA -0.819432 NA NA NA NA -0.826639 -1.638371 -0.211650 NA NA 0.811321 0.201864 0.275576 NA 1.517821 0.315386 0.277181 -0.938302 NA 0.371979 NA -0.129268 -1.294245 -0.969235 0.766112 1.299016 0.533703 -0.882740 1.658940 NA NA -1.424079 -0.495908 -1.197162 -0.665361 2.521811 2.129840 NA -1.294413 0.535195 NA 0.670863 0.382291 0.241801 NA 0.202591 -0.969824 0.719290 NA NA NA NA -0.273390 NA 1.867394 NA 0.473034 -0.196536 -0.295722 NA NA NA 1.313943 NA -1.118464 NA 1.189070 NA 0.527920 1.000000
4 NA 1.408308 NA 1.079097 NA -2.128376 -1.811691 0.386960 NA 0.203052 NA -1.079237 0.451383 NA 1.203521 NA -0.226523 -0.935017 0.171254 NA 0.621104 NA NA NA NA 0.486293 -0.672558 0.275676 NA -1.138714 NA NA 0.018926 NA NA NA NA 1.268250 NA NA -0.862686 0.926639 0.382536 1.031389 0.896166 0.547524 NA 1.085249 NA 0.263385 0.932110 1.081170 NA 0.609949 -0.212953 0.574577 NA NA NA NA 0.340802 0.119088 1.714141 0.645501 1.028899 NA NA 2.012606 -0.736685 1.215243 NA NA -0.129518 -0.606762 -0.470679 -1.146741 NA NA NA 0.779013 0.936740 NA 0.557564 NA NA -0.286921 -0.583974 0.520447 NA -1.165819 NA 1.654243 NA -2.348433 NA -0.763733 -0.582791 NA -1.130031 1.892404 0.162937 1.000000
5 NA NA 0.446863 1.422953 NA -0.785487 NA -0.162926 0.661791 -0.191857 NA 0.784828 NA NA 0.160860 0.005003 -0.031377 -0.099369 -2.502915 1.015842 NA NA -0.260574 -1.303348 NA -0.386674 -1.369159 0.601420 0.888516 -1.243589 0.992051 NA 0.222938 -0.859969 0.544638 -2.233470 NA -0.053726 NA NA -0.161002 0.156394 0.823528 1.333356 1.567710 NA NA NA 0.232721 NA NA -1.980085 0.032727 NA NA 0.088825 0.554790 -0.366690 1.150617 -1.337936 NA 1.681288 0.792192 NA 0.154373 NA -1.516166 0.855485 1.291524 0.161170 -0.884495 NA NA -1.173166 2.046438 1.811736 -0.407129 0.920255 0.699208 0.198210 NA -0.653942 -0.740441 -1.214639 -0.231609 0.779050 -0.878681 NA 1.886164 -0.356646 0.174297 0.485790 -1.057703 0.462768 0.607130 1.210300 -0.198202 NA NA -0.525149 0.360157 1.000000
6 1.101511 2.674327 0.248223 0.794897 0.203588 NA NA 0.944336 -0.249263 NA 1.134240 NA NA NA NA -0.966805 -0.927755 -0.435792 -1.286592 -1.044974 0.961867 -0.823197 NA -0.918887 -0.920653 NA NA 1.241652 -0.802736 NA 0.637895 1.043518 NA NA -0.803209 0.854672 1.093566 NA -1.757304 -0.850969 -0.970663 0.633393 0.619517 -0.417885 0.897703 -2.124771 -0.860483 NA 0.777869 NA NA 1.694073 NA 1.369010 1.334199 NA -0.187199 0.559389 NA 0.213160 1.473823 -0.357135 0.424643 -0.239021 2.016135 NA 1.910247 NA -1.593138 NA NA 0.140018 0.055347 -1.307248 NA -0.982842 -0.850666 -0.235421 0.316342 -0.089052 1.683951 0.838612 NA -0.421810 -0.236340 0.903559 -0.781704 -0.547424 1.018778 -1.444407 NA NA 0.485225 -1.001592 2.729047 NA NA NA -1.025941 NA 0.458989 1.000000
7 NA 0.572267 NA NA -0.287860 0.051830 -0.365156 NA NA NA -0.010057 NA -0.829829 -0.058674 -1.809696 NA NA NA 0.323371 NA NA 0.485229 0.122323 NA -0.223443 NA -0.437288 -1.234476 -0.070096 -2.056065 1.798017 NA -0.106371 2.098808 NA -0.903307 -0.084410 0.670312 NA NA 1.894444 NA -0.703047 0.475391 0.420659 -2.416999 0.241134 NA NA -0.207434 0.903958 0.488917 NA 2.025874 NA NA 0.015370 -1.231487 NA 0.817549 0.474606 NA NA 1.312348 NA NA NA 1.750478 NA -0.245307 0.357068 -1.141480 NA NA -0.775864 0.275971 -0.094704 NA NA -0.738002 -0.757968 NA NA NA NA -0.455972 NA 0.961426 0.714753 0.388416 NA 1.416786 1.670280 -0.699990 NA 0.628211 NA NA 0.234031 0.885987 1.665901 1.000000
8 0.688386 NA NA -1.066052 1.534083 0.543985 NA NA 0.862520 -0.515041 NA 0.637196 NA 0.658710 -0.977444 NA 0.643194 0.708685 -0.391523 -0.071207 -1.643800 NA 1.338273 NA -0.539553 -0.124692 -1.415468 0.283625 0.606339 -1.362500 NA NA 1.683563 0.742850 1.208146 NA NA 0.511597 -1.181907 NA NA NA NA 0.024884 0.287718 NA 0.525394 NA NA 0.602307 NA 1.256022 1.333771 NA 0.863414 -0.177426 -2.677815 -0.601829 NA 1.213030 NA -0.520884 -0.783199 -0.320871 NA 0.917873 0.352352 NA -1.003273 NA NA NA -1.416423 -1.084199 0.426697 0.230001 0.246602 -1.037041 0.410219 0.144643 -1.354323 NA 0.916240 NA NA 0.895954 -0.762885 1.259342 -0.941267 0.124022 NA NA -0.630056 NA -0.275064 -0.204872 -0.887561 NA 1.167719 NA 0.598885 1.000000
9 0.460921 NA 0.624257 NA -0.751784 1.544292 1.060424 NA NA NA NA 0.256216 0.678788 NA NA NA -1.443142 NA 0.428054 -0.407467 NA -0.678101 0.324916 NA 0.092056 NA -0.692105 NA NA 2.069297 -0.469784 -0.535759 -0.131537 NA 1.002563 1.441838 NA NA -0.950172 -1.536952 0.141528 0.647222 0.359860 NA NA -1.182549 0.448851 2.605166 1.628408 NA NA NA NA -1.218990 1.221719 NA -0.314748 -0.073539 -0.233016 1.279594 NA 0.441826 NA NA 0.424995 -1.909758 NA 0.877052 NA 0.616474 1.448294 NA 1.632210 0.351697 NA NA -0.217897 -1.321049 -1.139504 0.261219 -0.411285 0.109216 0.734765 NA NA NA NA NA 0.661857 NA -1.611342 -0.804045 NA NA -0.948962 -0.026233 NA NA -0.681002 NA 2.193550 1.000000
10 -0.424454 1.268342 NA NA 0.432840 -0.614801 0.965937 0.271017 NA 1.242507 0.847234 NA NA 0.195709 -0.902696 -0.780705 NA NA -0.640252 NA 0.047395 -0.278028 1.115863 0.815894 -0.432260 NA NA NA NA 1.374270 -0.801693 0.552540 -0.889128 0.611922 1.099230 -0.995363 0.183446 -0.445972 NA -1.599192 -2.360172 NA 2.616635 NA -0.748912 NA 1.940280 0.517009 NA 1.148135 NA -0.985329 NA NA 0.357417 NA -1.764388 NA 0.859521 0.314855 NA 0.675532 0.619246 0.433171 0.330821 -1.978414 -0.429406 NA NA -0.161306 -0.473570 -0.827989 1.243884 -0.004281 0.646882 0.350398 -1.520558 1.079362 NA 1.272926 0.770959 NA -0.162354 NA -0.769554 0.974574 NA -2.373275 NA NA NA NA 0.462365 NA -0.144931 0.934806 NA 0.547250 NA -0.340319 2.807784 1.000000
11 NA -0.153982 NA -0.506808 NA NA 0.745727 0.406146 1.231327 -0.883759 NA NA -0.054165 NA -1.154162 -0.372748 0.577235 NA -2.546638 NA NA -1.089108 0.563947 -0.688198 0.089481 -1.030914 0.114772 NA -0.027170 0.877361 -0.412545 NA 0.423699 NA NA NA NA -0.261367 -0.162208 -1.416470 -3.383023 -0.666418 0.069960 NA 0.610422 1.337023 -0.679217 NA 0.238990 NA NA NA -0.180631 -0.011112 0.304395 NA -0.076481 NA -0.592929 -0.718365 NA NA NA 0.104198 -1.789557 0.471714 NA -0.610443 0.225154 NA NA -0.985844 -0.322834 -0.091287 -1.259579 NA 0.247062 NA -2.432056 NA 0.420989 -0.236249 2.464243 NA -1.481765 0.872077 -0.826394 NA NA 0.887830 NA NA 2.514335 -0.931182 0.802829 NA NA NA -0.716870 0.659752 32.059394 1.000000
12 -0.879088 NA 1.315234 NA NA -0.161528 -1.369205 0.067623 NA 0.277406 NA 1.309568 -0.310739 -1.696321 -2.318664 0.457419 0.560827 -0.049117 0.135484 1.534269 NA NA 0.306224 NA 0.193418 1.303165 NA NA NA -0.538606 NA -0.041987 -1.472193 NA NA NA -0.137471 0.049527 -1.138830 -1.601696 -0.773104 NA -0.897200 0.760778 -1.371316 -0.530640 -0.172898 -0.321260 -1.571031 1.007997 NA -0.280633 0.794871 -1.169751 NA NA -1.183278 1.707483 NA NA NA NA 0.226547 -0.835580 0.538616 NA NA NA NA -1.621226 NA -0.521380 0.132101 0.210785 0.106706 NA -0.052896 -0.220425 1.953342 -0.369741 -0.916681 -0.119896 NA NA 0.154366 NA -0.222052 NA NA -0.874914 1.897722 0.240922 -0.546948 NA NA NA NA -0.669042 -1.499208 NA 0.650066 1.000000
13 -0.618990 -0.528384 0.662903 NA NA 0.959395 0.195028 0.504929 NA NA NA NA NA NA -0.285092 -1.504320 0.181762 -0.655456 -1.547677 0.276481 -0.005245 -0.719036 -0.301576 1.176340 NA -0.317145 -1.308717 1.817762 -0.267892 NA 0.007739 -0.876409 0.287110 -2.053054 NA NA NA -0.785552 -0.936670 1.051408 -0.015898 NA -1.311919 1.288366 NA NA 0.126488 1.277355 NA -1.102694 NA 0.513956 1.858434 -0.200455 -0.732528 1.246284 NA NA NA NA -0.726245 -0.745234 NA 0.720394 -1.544803 NA -0.254714 0.454889 0.724303 NA 0.607056 0.270134 -0.630670 2.191024 0.527929 0.432956 -0.199841 1.257733 -0.268624 NA NA 1.415770 NA -0.193022 -1.201247 0.444751 -0.338828 1.518497 NA -0.803307 NA 1.836626 -0.780643 1.300625 -0.263465 NA -0.845001 1.654437 NA -1.981051 1.443393 1.000000
14 -1.458292 NA NA -1.236968 1.105389 NA -3.400948 NA -0.085539 -1.161771 0.354740 -1.347711 -0.114996 NA 0.633701 -0.733192 0.936225 -0.879957 0.081490 NA NA -1.306243 -0.481426 NA NA -0.025877 NA -1.054810 0.779733 NA NA 0.808274 NA NA 0.849109 -1.423997 -1.419449 NA -1.245168 -1.158578 -0.252267 0.502094 NA 1.458295 -0.169636 NA -3.349809 -0.335561 NA NA 0.200130 NA -0.075295 1.279743 NA NA 0.383884 -3.055494 1.521701 NA -0.119892 -0.097723 NA -0.249474 1.113996 1.312180 1.461825 NA -0.789380 -0.916842 0.629766 NA 0.519426 1.937231 0.373024 NA NA -1.138445 NA NA -1.571920 0.504918 -1.117047 0.195656 0.880221 -0.311884 -1.344690 NA NA NA 2.004407 0.145294 NA 1.851054 -0.550285 NA NA NA 2.121099 NA 0.152494 1.000000
15 NA NA -0.470283 -0.021934 NA -1.434706 NA NA -0.735332 0.286331 0.517487 0.412592 -1.756992 -0.995858 NA 1.275366 NA -1.400016 1.036762 1.407971 -0.057263 NA 0.832304 -1.414668 1.565367 0.579309 0.742143 1.064067 -0.269294 NA NA NA NA 0.601058 NA NA 0.502753 NA -0.358265 NA -1.351026 0.676414 0.289824 0.495671 -0.463216 -0.417634 NA 0.904163 -0.542881 NA NA NA -0.084900 0.395207 NA -0.476661 NA -1.296966 0.426015 NA 2.109003 NA 0.437687 1.321678 0.281461 NA NA -0.367542 NA -0.603753 0.055721 1.223989 -0.274795 -0.241019 0.093271 NA -0.903250 NA NA -0.282372 1.175338 NA NA NA 1.221020 -1.245729 0.235880 -0.378870 0.308851 NA -0.732680 2.310583 -0.873417 2.440668 0.250220 NA 0.243183 0.516515 -0.193580 NA 0.821537 1.000000
16 NA NA -0.984698 0.357147 -0.150972 -1.093802 NA NA 2.802995 NA -0.184286 -0.778812 0.295692 NA NA -1.780727 0.388707 1.502241 -0.962640 0.369551 NA -0.736764 NA NA -0.019842 NA 0.779336 NA -2.284636 0.024582 NA NA NA NA 0.542209 0.050092 0.139058 -0.625414 NA 0.357831 1.155037 -0.401611 0.205963 NA NA 1.456716 -0.315157 -0.258346 NA NA NA -1.315855 -2.023498 1.150375 -0.531360 1.100402 NA NA -0.688725 -0.600902 NA NA NA NA -1.173952 NA NA -1.126145 NA -1.375976 0.294347 NA -0.318952 0.041378 -0.557255 0.694625 1.626900 NA NA 0.118042 NA 0.701808 -0.680262 NA -0.344734 -0.670445 -1.177055 NA -1.376054 -1.014421 1.800142 NA -0.344911 NA NA NA 0.228816 -0.839374 -0.097431 0.503108 7.145337 1.000000
17 -0.259495 2.577749 NA 0.356529 -1.093025 -0.387351 -2.584703 1.243583 NA NA -2.523458 NA -1.137623 -0.230307 NA NA 0.054973 NA -0.496387 1.157647 NA NA -0.339300 3.101462 NA NA NA NA -0.137721 NA -0.690430 -1.585076 -1.087434 NA 0.825231 NA -0.867335 NA 1.078978 -2.058665 NA -1.591782 NA NA 0.842930 NA NA NA NA NA NA -0.492591 NA -1.043310 -0.000306 NA -0.090604 -1.349152 0.894000 0.896717 -0.168930 NA NA -0.195282 NA NA 0.617825 1.100830 1.561256 NA 0.167457 0.394012 NA -1.715636 NA NA NA NA 2.232161 NA NA NA -0.015090 -0.232281 NA 0.202446 1.451113 2.045109 NA 0.104376 1.995200 NA -1.260317 -2.575296 NA NA NA -0.648295 0.943465 -0.575741 0.365371 1.000000
18 NA NA -0.044093 1.020917 1.724901 NA NA 0.594804 NA NA -0.275910 NA -2.181118 NA NA 0.611475 -0.828256 -0.506247 1.017410 -0.664397 0.752687 NA 0.072029 NA NA -0.842482 NA NA -0.162543 NA NA -0.750005 0.169002 NA -0.084012 NA 1.899080 NA 0.098805 -0.192132 0.305615 0.063855 NA NA -0.029057 NA NA NA -1.281999 0.731433 NA NA 1.525468 -0.517558 0.018618 0.298347 0.367303 NA 0.478906 0.605293 0.470116 NA -0.546733 -0.722186 -0.745062 -1.416397 NA NA -0.049087 -0.014913 0.153216 NA NA 1.386801 -0.504964 -0.178126 NA NA -2.160537 1.915403 0.247596 NA -2.513432 NA -0.721010 -0.584699 1.131822 NA 0.608380 NA NA NA -0.095028 0.226199 NA 0.693799 1.936736 NA -0.274252 0.759788 0.856230 1.000000
19 NA NA 0.605392 NA 0.173042 NA NA 0.176145 NA -1.065769 -0.199776 0.359475 -0.808421 NA NA NA 0.574286 -2.439821 NA NA -1.088430 -0.084102 0.582481 1.161999 -0.337342 NA -1.221665 NA -0.032096 0.009919 -1.311690 0.153689 1.316264 NA 0.930791 NA 0.503685 0.333121 0.565291 NA NA NA 0.111435 0.640805 NA -0.561140 -0.129256 -1.159077 NA -0.893860 0.621448 0.151772 NA NA NA NA 1.797287 NA NA -0.771665 NA 1.119962 0.863071 NA NA -0.148899 0.162975 -2.163589 NA 1.571910 0.650412 NA 0.157167 -0.612540 -1.020993 NA NA NA 0.349422 -0.234217 -0.644853 1.293620 NA -1.476678 NA -0.241263 NA 0.180434 NA 0.150019 -0.981341 -1.366081 NA NA -1.034631 -1.005704 0.353569 NA 0.871025 NA 0.574220 1.000000
20 NA 0.864014 0.284902 0.424623 -1.492663 1.229067 -0.535968 -0.726331 NA 0.071847 NA -0.757399 NA -0.481538 -1.113942 -0.195858 0.466573 NA NA NA 0.689825 NA 0.830593 0.582748 NA -0.280697 -0.282620 NA -1.057700 0.029458 -0.282002 2.672286 1.631918 1.173355 NA NA -1.876970 -0.917388 0.495903 -0.875937 -0.705909 -0.182327 NA -0.131704 -1.059429 NA -2.002988 0.301658 -0.497659 -0.604064 0.853009 NA -0.878095 NA 1.241675 0.673560 1.006054 1.391664 NA -0.779402 -1.598258 NA NA 0.651874 1.052593 1.020251 0.054489 -1.510532 NA NA 0.504992 NA 0.648800 NA 1.549619 -0.179941 0.442192 1.660746 NA 1.436270 NA -1.247847 -0.140017 0.314601 NA 0.400522 NA NA 0.155497 1.936931 -0.333034 NA NA NA -0.870398 0.642659 NA NA -0.746810 NA 17.346646 1.000000
21 0.049521 NA NA 0.479345 0.962435 -1.373983 1.218854 NA NA NA 2.161332 NA NA -1.523631 NA NA -1.190005 0.674162 NA NA NA NA -1.030407 NA -0.218128 -2.260846 NA NA -0.182829 NA NA NA NA NA -0.289817 -0.769565 1.387580 0.137963 -2.215146 0.960734 0.385711 -0.553223 NA 0.380670 1.056971 -0.719162 NA NA 1.490815 -0.242919 1.443873 NA 0.935288 0.236600 0.246683 -0.149530 -0.222002 NA 0.472707 1.894433 NA NA -0.003025 -0.074813 -0.330284 -0.556740 NA 0.080436 0.094160 -1.057383 NA -1.699985 0.819628 NA 0.450107 -0.708582 -0.128256 NA NA 0.568870 -1.952942 NA 1.749855 -0.338050 -0.037810 1.033096 -1.100456 1.037442 -0.815286 NA 0.047527 NA 1.106059 3.151553 -0.697855 NA 0.283287 NA -1.332622 -0.575232 0.480427 1.000000
22 -1.052518 0.359482 NA 0.026017 NA 1.319672 0.109604 1.272064 -0.940101 NA -0.250783 NA -0.847333 -0.310264 0.012893 NA -0.541594 -0.358165 1.062005 -0.455936 NA NA 1.392166 NA 0.659435 NA NA 1.341032 NA NA NA 0.549027 0.058899 NA NA 0.268582 -1.757982 NA 0.036161 -0.515789 -0.185213 NA 1.424209 -1.117350 1.990966 -0.275484 -0.727738 1.436333 NA 1.440270 0.304172 0.343439 NA 1.339505 -0.766011 -0.166948 -0.504294 NA 0.390452 NA NA -0.951827 0.410722 NA 1.470000 0.442451 NA -0.532496 0.849761 NA -0.663776 0.491578 0.920714 0.771904 -0.636974 NA NA -1.724151 0.786203 NA 0.896352 NA NA 1.113095 NA 1.449840 -1.126547 NA -0.873482 -0.277684 -0.240547 -0.687457 1.280898 1.047607 0.887762 0.050692 -1.099621 NA NA 0.520496 5.804093 1.000000
23 -0.589094 -0.756136 1.345171 -1.233478 -0.596546 0.384476 -0.749906 NA 0.265393 -0.889841 0.990924 NA -0.336313 NA 1.518207 NA NA NA -0.762755 NA -0.822270 3.135171 -0.010715 -0.068037 -0.029038 NA NA -0.146533 -0.441065 -1.039144 NA 0.179348 NA -1.432698 NA 0.749171 NA NA 0.625955 -0.688810 1.274574 1.468702 0.015088 -0.168600 NA -0.571944 -0.555934 -0.782400 NA -0.372674 NA -0.673099 -1.048771 NA NA NA 0.284068 -0.311598 0.219939 NA -0.399147 1.513208 -0.945330 0.061551 NA NA NA NA -0.164177 -0.547469 0.296194 NA NA -1.062167 -0.998124 NA NA NA NA NA 0.925727 NA -0.109482 -0.294601 -0.257215 -0.660328 NA -0.926267 1.873871 0.183180 NA 0.399237 NA NA NA NA -0.350515 -0.557392 -1.562321 NA 4.384256 1.000000
24 -0.686310 NA -1.097883 -1.295129 1.438583 NA -0.325625 0.191483 0.814063 0.881413 NA NA NA 0.574965 0.620133 -0.364385 0.440557 -1.485928 -2.013645 0.442876 -1.234000 -1.458479 1.206423 -0.639694 NA 0.682325 0.617336 NA NA -2.202140 NA -0.149826 NA 1.021573 NA 0.756615 -0.465150 -0.712666 0.292154 -0.957083 0.736426 1.177676 -0.772837 1.012678 NA 0.625962 NA NA 0.705748 -0.104708 0.218110 0.340822 -0.636666 NA -0.351593 NA NA 0.552692 0.228518 NA NA 0.374985 0.908695 NA NA NA NA -0.034528 -0.901028 NA NA -1.846449 -0.374346 0.569645 -1.533649 NA 0.031026 0.247921 NA NA NA -0.648207 1.111730 NA 1.420139 -1.984634 -0.472589 NA NA -0.482947 0.222222 NA NA -0.203037 -0.178121 NA -0.636429 NA NA NA 208.012643 1.000000
25 -1.822704 -0.664126 -1.790461 NA -1.293382 -1.929066 -0.976060 -0.387137 1.713070 NA NA -0.613863 -0.581632 -0.227241 -1.011210 -0.230687 -1.229953 0.760971 0.278559 NA 0.371760 NA 0.066978 NA NA -0.108532 -0.999898 1.536676 -1.962308 -2.116626 NA NA 0.091838 NA NA -0.941780 NA 0.095089 -0.160078 -0.763532 0.375003 -0.019055 -1.449776 NA 0.595656 -0.602302 1.178386 0.236038 -0.427865 NA NA NA -0.920515 1.168865 -0.530973 0.487784 1.276062 0.398831 NA -1.269474 NA NA NA 2.430783 1.742804 -0.716981 NA NA NA NA NA 0.053902 NA -0.833320 0.055425 NA 0.522101 NA -1.256257 NA -0.071659 1.172968 NA 0.145444 0.549948 -0.022941 -1.261143 -0.551160 1.471979 0.302821 -1.919676 NA -0.757199 NA 0.105430 NA 0.841593 NA 1.838991 NA 25.209448 1.000000
26 -1.278597 -1.288704 -0.590684 1.704872 0.211460 NA 0.200858 NA 0.171874 0.931518 NA 0.863184 NA 0.244345 -0.471494 NA -0.711710 -0.202773 -0.919523 NA 0.491974 0.479179 -0.331773 0.691076 NA 1.665767 NA 0.728065 0.490931 NA NA -0.106103 NA 0.707067 -0.754994 0.341601 -2.603420 0.170881 NA NA NA -0.120141 -0.474322 0.420529 -1.877687 -0.157375 1.120557 0.929524 NA 0.048754 NA NA NA NA NA 1.067668 NA NA -0.444060 0.406334 -0.279834 NA 1.366159 0.052156 -0.142276 NA 0.010839 -0.232661 NA -0.187489 2.158791 NA 1.249061 0.094090 NA 0.680400 1.191869 NA -0.443928 -0.288128 NA NA -1.541283 NA -0.631489 -0.755207 -1.060102 0.463986 0.670286 -0.147165 NA NA NA NA -0.343902 NA NA -1.034403 NA 0.538022 38.937381 1.000000
27 NA NA -0.103038 -0.519185 0.782040 NA 0.892363 NA -0.530258 NA -1.125751 -0.219900 NA 1.139684 -0.602523 -0.322959 NA -0.793533 -0.641201 1.355042 0.528159 -0.625869 NA 0.746304 -0.389125 NA -0.169824 NA NA 1.061613 NA NA -2.261702 0.824501 -0.995970 0.843888 -0.846588 0.088183 NA NA -0.260009 NA NA NA -0.758346 NA -0.048191 -0.545437 0.231988 0.951287 -0.837063 NA -2.079749 NA -1.097372 1.428691 0.254984 NA 1.085830 NA NA -3.001034 -0.148660 NA NA 0.844737 0.928762 NA NA NA 0.001000 NA -0.378575 NA NA -0.380678 NA NA -0.030103 NA -0.764125 2.226823 -1.371684 0.572249 -1.890187 NA 0.109682 -0.985601 NA NA -0.816724 -1.508155 -1.100217 0.623112 -0.283146 -1.533040 NA -0.147278 NA NA 0.642382 1.000000
28 NA -0.647955 -2.766206 NA -0.247877 NA -1.777940 -0.130598 -0.154093 NA NA NA 1.317942 NA NA -0.351684 NA -1.607657 -0.439317 -0.921473 -0.350438 0.021400 NA -1.042801 NA -0.419795 -0.093730 0.011681 NA -0.529481 NA 0.428805 NA 1.771906 -0.749141 -0.749072 -0.610726 NA 0.842830 0.446918 NA 1.123299 NA 0.623081 -0.527557 NA 0.743819 0.604932 -0.252617 -0.112626 NA 0.241403 -1.511384 NA NA 0.239178 -0.051623 NA 2.123912 NA -0.848814 -2.182487 1.208617 1.126370 NA -0.181061 NA NA -0.536141 NA NA NA -0.505022 0.552447 -0.914708 NA NA 0.203019 1.063790 NA 0.926156 NA NA NA -1.151843 -0.360238 -1.367692 0.023267 -0.019051 NA -2.714149 0.104962 -0.803677 0.402658 2.317110 1.547205 0.850505 -0.950393 0.424818 -0.629399 2.771733 1.000000
29 0.788026 0.045666 NA 0.663326 NA 2.034596 NA NA -0.639004 0.529795 NA -1.313266 -0.464060 NA 0.782219 NA -0.928363 NA NA 0.033570 NA 0.053571 0.980267 NA 0.495127 -0.291485 NA NA NA -0.937971 -0.567005 NA NA NA -0.200072 -0.745309 NA 1.354661 NA 1.126290 -0.031934 NA -0.054514 0.283571 NA 0.202149 0.677457 NA NA NA 0.183173 NA NA 1.099732 -0.184429 -0.956465 NA 0.371939 0.054078 -1.032623 -0.086284 NA NA NA -0.365593 NA -0.960253 1.799014 NA 1.455077 NA 0.297833 NA NA -0.862636 -0.739804 NA 0.349480 -1.082689 -0.585835 -0.155676 NA NA -0.597985 NA 0.236280 -0.341285 NA -0.356660 1.228188 NA 0.957791 1.192922 -0.549364 NA NA -0.495280 NA NA NA 9.602299 1.000000
30 0.247090 1.199972 2.157446 NA -0.310750 NA NA 0.300905 -0.712155 NA -0.736248 NA -1.335398 0.859941 -0.141307 1.124022 -0.736066 -0.179617 NA 1.169762 NA NA 0.761194 NA NA NA 0.055905 0.011034 -0.483752 -1.523232 0.287017 -0.526641 NA NA NA -1.384524 -1.000635 0.165664 1.028724 0.553681 -0.517010 -1.409456 NA -0.233514 NA NA 1.485847 -0.329144 1.341971 0.844504 NA NA 1.828904 -0.293599 NA -0.631413 1.024865 -0.339703 NA NA 0.624016 NA -0.600979 NA -0.619263 NA 0.648460 1.512112 NA 0.533593 NA -1.508875 -1.203723 NA 0.341528 NA NA NA 0.083677 NA -0.771972 NA 0.003230 0.169897 -0.714936 -1.873903 NA NA 0.486338 -0.682965 0.487891 NA -1.106837 -0.006178 1.569323 NA -1.231060 0.807306 NA 1.072165 1.001665 1.000000
31 1.079160 0.940288 NA NA NA NA NA NA -0.554745 -1.616387 -0.386060 NA NA NA -1.075891 1.197456 -1.448651 NA 0.868258 1.230890 0.049896 NA -0.917554 1.055725 1.124952 NA -0.617850 -0.326686 NA -0.147814 1.181713 -1.275771 -0.448161 -0.710499 NA NA -1.655516 NA -1.644940 NA -0.265425 0.415314 1.336943 NA NA 0.471091 0.228641 0.683009 2.221436 NA NA 0.467527 -0.126972 -0.636196 -0.120555 NA 0.241219 NA 1.185318 -0.379411 NA NA 0.542985 NA NA NA -1.192341 NA NA NA NA 0.140581 -0.465033 NA NA 0.252623 NA 0.067842 0.922851 -0.751911 0.612878 -1.697564 0.974238 NA NA -0.826908 NA NA -1.980525 NA -0.224444 0.836027 NA 0.393086 NA -0.718295 NA NA 0.008155 -0.727703 0.023728 1.000000
32 NA -0.833634 NA NA 1.707667 -0.035826 NA -0.914614 -1.601756 1.736049 -0.748738 NA NA -2.349323 NA -1.338728 0.879055 -0.383074 NA NA 1.044766 -0.203033 NA NA 0.073933 0.077150 0.025634 NA 1.551054 2.203830 NA 0.588134 NA -0.658549 -0.324902 -0.357952 -1.070082 -0.869078 NA NA NA 0.884996 -0.537319 -0.080218 NA NA NA -0.842245 0.896676 0.750105 NA -0.195779 NA NA NA -0.517788 NA 0.278341 NA NA -0.654782 -0.120385 -0.666349 NA 0.022098 NA NA 0.595828 0.448905 -0.526419 -0.383692 -0.328003 0.252052 0.291516 NA -0.549035 NA NA NA -3.350032 NA NA -0.046109 -1.028076 -0.043283 -0.552977 -0.964740 1.370253 -0.992480 0.103142 NA NA NA NA 0.043458 NA -0.144378 0.005755 -1.302214 NA 0.250904 1.000000
33 NA 0.927471 0.823681 NA NA 0.536953 -0.298977 2.016985 NA -0.257578 NA NA 1.515981 -0.467496 0.462504 -1.352902 0.296797 NA -2.606012 2.136142 NA -0.177366 0.999369 0.103944 -2.050940 1.602485 NA 0.290053 NA NA NA -1.000592 -1.849568 -1.060260 -0.024676 1.040853 -0.167252 -0.696367 -0.860018 NA NA -0.782509 NA NA -0.889751 NA NA -0.804825 1.653354 NA NA NA NA NA NA -0.134970 NA NA NA 0.849422 0.223804 0.873066 1.086055 NA NA 0.328111 NA -0.780701 -1.712486 0.991085 1.442737 1.244218 1.415548 -0.118725 0.561022 NA 0.700338 -1.034954 NA -0.827147 -0.751502 -0.424759 NA 0.113462 -1.151524 0.775527 1.057684 -0.185497 0.281962 NA -0.418976 NA 0.517912 NA -0.844499 -1.302320 -1.760504 2.415678 NA -0.158207 1.053533 1.000000
34 0.679281 2.222854 NA 0.482695 -0.829760 NA -1.750507 -1.050098 0.226695 0.395874 NA 0.812444 0.254181 NA -1.352404 NA -0.732523 0.683689 -0.182918 -0.704495 -1.030306 NA NA 0.080677 -0.473244 -0.748931 0.810702 NA NA -0.615627 NA -0.577510 NA 1.208331 0.633168 -0.464124 1.129220 1.415196 -0.538511 -0.019937 -1.519795 -1.336806 -1.020991 0.456235 NA -0.714653 1.530666 -0.060116 NA 0.049282 NA 1.216568 -1.329908 0.969872 NA NA NA -0.010352 -2.144553 -1.642690 NA -1.270236 -0.692426 NA -0.197394 NA 0.308788 NA NA -2.194090 -1.207809 NA 0.481362 NA -1.681601 NA NA NA NA 1.395269 0.514342 -1.171226 NA 0.151500 NA NA -0.501716 NA -1.364857 0.994919 NA 0.037693 -0.358258 1.254812 -0.350565 0.920892 1.574837 NA 1.178212 NA 1.331488 1.000000
35 -0.216752 0.141431 -1.905214 0.589750 -1.132489 NA -0.492456 NA 1.341590 NA NA NA 0.792306 NA -0.364304 1.189355 NA 0.877421 NA NA -0.154924 0.445814 0.460542 NA 1.668775 -0.173963 NA NA 0.235022 NA -2.275741 -1.018219 0.268081 NA NA 1.127028 NA -0.179152 NA -0.056512 NA 1.046124 NA -0.337799 0.450683 1.512922 NA 0.386714 0.467048 NA NA NA 0.222403 NA 1.209674 1.702750 -1.117735 -0.672319 NA -0.894257 -1.103835 0.047025 NA -0.254915 NA 1.093816 NA NA NA 0.114404 NA -1.845499 0.718344 NA 2.596872 NA -0.989681 NA 0.328422 2.304742 NA 0.021492 NA NA NA -0.543110 -0.176010 -0.023772 NA -0.729937 NA -1.440766 0.461356 NA 1.850716 -1.206444 NA NA 0.519435 -0.149587 41.851536 1.000000
36 0.953730 -0.777710 NA 1.059977 NA 0.587690 NA 0.756767 -1.323268 -1.130346 NA NA -0.731577 NA NA -0.395865 0.620730 NA NA 0.535431 NA NA -0.788300 0.459288 NA NA NA NA -0.472125 0.857219 NA -0.606471 0.054595 0.091732 0.723838 0.705365 NA -0.514023 -0.487405 NA NA NA 0.679395 -0.416442 NA NA NA -0.728742 0.851244 NA NA NA NA NA -0.605780 2.092281 -1.440252 NA 1.271899 NA NA 0.265850 0.634097 -1.923171 0.532805 NA -0.779999 -1.044706 -1.234866 0.109181 0.868600 -0.037891 -1.543422 0.552033 NA NA NA 1.165828 NA NA -0.558839 0.282969 NA 0.734221 NA 0.005544 -0.685481 1.227637 NA 0.030576 -0.790136 -0.347201 0.305504 1.545171 0.905550 NA 0.761507 0.453237 -1.632682 NA 1.012879 1.000000
37 NA -1.449246 NA NA 1.260414 NA -1.456027 NA 1.472311 0.915609 -0.248957 -1.231423 NA -0.196475 -0.206200 1.095097 -0.625367 NA NA NA 1.534786 -0.347120 NA 0.234430 -1.436204 NA -0.365049 NA 0.404349 -0.610397 NA -0.855801 -1.617606 -0.736662 -2.112990 NA 0.614262 NA NA 0.617860 NA -0.490787 0.401595 0.788296 NA 1.912663 -0.381890 NA NA -0.358276 0.438865 NA NA 0.140450 -0.270794 NA -0.628324 0.627162 0.924760 NA -0.277064 -1.505215 1.648541 1.176295 -0.106794 NA 0.710067 0.041214 0.534075 -0.541151 -0.512194 NA 2.235306 -0.876825 0.571029 NA 0.561129 NA 0.758444 0.194811 -1.107355 NA NA NA NA -0.415749 NA NA NA 1.694845 NA NA -1.080936 NA -1.521701 -0.763703 NA NA -0.721857 -0.578036 1.237927 1.000000
38 -0.861477 NA 1.993045 -0.991084 NA -0.464165 -0.726656 -0.928770 -1.657037 NA NA -1.985169 NA 1.641277 NA 0.569447 NA 0.229641 -1.009103 0.767105 -0.676638 1.926458 -1.090098 0.504209 NA -1.160735 -0.546654 NA -0.258590 NA NA 0.754898 0.374856 NA NA -0.786230 -0.989313 -0.493222 NA 1.088890 -1.316134 -1.041610 NA -1.159895 0.914118 -0.929889 -0.113943 -0.150040 NA NA NA NA 0.517751 0.541595 0.412805 -0.203295 -0.901994 NA -0.405992 NA 0.051653 NA 0.310445 NA 0.416101 0.669299 NA 1.251127 -1.182259 -0.756447 NA NA NA 0.380961 0.722728 -1.191628 -0.033048 -1.258091 NA NA NA -1.083434 NA 1.247775 NA NA NA -0.269987 1.702699 -0.257447 0.183585 -0.469635 0.904366 0.709280 1.837418 NA 2.137151 NA NA 1.075306 0.952196 1.000000
39 0.596258 -0.379649 -0.867444 NA 0.256743 NA -0.074556 NA -3.074939 NA 0.551981 -1.768081 -1.148551 NA 0.603957 -0.486586 NA -0.409784 -2.551976 0.036493 NA -0.598076 0.390963 0.191645 -1.029069 NA 0.371030 -1.073351 NA NA NA 0.330241 0.529102 NA -0.644889 -0.675234 NA NA -0.312828 NA NA -0.345056 0.803483 NA NA -0.021678 -0.599631 -0.196648 NA NA 0.894369 0.877314 NA NA NA 0.654348 0.069077 -1.618352 -0.606792 NA NA 2.502843 0.897578 -2.182568 NA NA 0.969938 1.809504 0.270683 -0.548974 -0.293923 0.697133 0.101954 0.059396 -1.400235 -1.082303 0.049488 NA NA -0.583183 0.426359 NA NA 2.677532 -1.724541 -0.927447 NA NA -1.377319 NA 0.877721 1.233831 NA -0.343015 1.676701 0.461263 -1.243898 NA NA 0.947045 4.089572 1.000000
40 0.813113 NA NA NA 0.144556 NA NA 0.034159 NA -2.271392 -1.043032 0.107462 0.449670 -1.098155 -0.985849 0.813654 NA -0.288556 -0.639761 1.349003 1.170519 -1.669481 NA NA NA NA NA -1.223064 NA -0.673126 NA NA -1.115936 -0.921884 NA 1.446684 -1.404935 0.706956 NA NA NA 1.059507 NA 0.934562 -0.066089 NA -0.602127 0.495229 0.081672 -0.684031 NA NA NA NA NA 1.140119 NA -0.680258 NA 0.558062 NA 0.419570 NA -0.074115 NA NA -0.403568 NA NA NA NA 0.596102 -1.697160 -1.529438 -0.912999 -0.740649 NA -0.387965 NA NA -0.041569 0.362820 NA NA 0.374435 -1.779251 NA NA 2.318925 NA NA 1.929261 -0.099429 NA NA -0.178376 -0.829402 -0.325964 -0.441798 -0.256308 0.128130 1.000000
41 NA -0.077734 -0.948435 -0.137094 -0.196166 NA 1.231439 -1.181401 0.701889 1.577952 1.035841 NA NA NA -0.324257 NA NA NA 0.875680 NA NA -0.033905 NA NA NA 2.091804 0.433148 NA 0.188307 NA 0.693687 NA NA -2.070166 0.217546 0.357050 0.167040 NA -1.286927 NA -0.584119 NA NA NA 0.803453 NA -1.098982 -0.540332 -0.578336 0.010088 0.045344 -1.533315 -0.094508 0.814945 NA 0.653157 NA -0.899992 -0.614379 -0.055271 0.740454 1.920662 NA -0.157241 1.036235 0.804025 0.436604 0.621476 NA NA 0.207199 0.986028 NA -1.386230 0.331589 NA NA NA 0.837645 -0.982857 NA NA -1.194897 NA -0.861818 NA -0.812983 -0.137623 -1.500642 NA -0.257108 1.440961 -1.327125 -1.174363 2.996462 NA -0.740310 NA -0.247357 0.870418 12.405144 1.000000
42 NA -0.441485 -0.488691 1.061313 NA -0.179064 NA -0.232931 NA -0.074448 -0.643964 2.079848 NA -0.338363 -1.534302 0.970953 0.249542 -2.231297 -1.368652 -0.793654 0.663273 -0.818953 NA 1.168929 NA NA -0.612262 0.404643 1.484384 -0.924916 NA -0.219896 -1.692252 1.143585 -2.114874 0.505585 -0.550442 -0.439370 NA -0.309461 0.528130 NA -0.735859 NA NA 0.665949 0.673463 NA 0.317909 -1.103752 -0.189285 NA -0.252419 -1.083783 -0.689122 0.465335 1.926336 -0.111362 0.538190 0.179125 -1.872503 NA NA 0.295106 NA 0.399222 -0.829107 0.331672 NA 0.326606 NA NA NA NA NA 0.907189 -0.391256 NA NA 1.163801 NA 0.127426 0.379098 NA -0.042121 0.047861 0.775508 NA -0.356048 -0.021027 NA NA 0.955501 0.446038 1.758754 NA 1.492516 0.010039 NA -0.644579 0.251734 1.000000
43 0.374761 -0.306678 NA -0.216539 NA -0.861989 NA -0.913972 0.443355 -1.423671 NA 1.563900 NA NA NA -1.992101 0.396277 NA NA NA -0.214797 NA 0.021031 -1.083817 0.290642 0.590401 NA NA 0.659496 NA NA NA NA -0.317913 NA 0.283651 -0.998779 -1.866036 -0.565051 NA NA NA 0.794863 0.486534 NA NA NA 0.720709 NA NA NA -1.575219 1.171537 2.106798 NA 0.540676 0.206277 -0.384168 0.506686 0.491306 -0.463472 -2.014343 2.551903 0.241914 -1.104185 1.877515 -0.849076 0.388325 -1.005326 NA -0.216069 -1.230947 NA NA 0.596948 NA NA -0.634267 0.737234 NA NA NA -0.467842 0.079762 0.012920 -0.700203 NA 0.815070 NA -0.538198 NA NA -0.825250 1.668898 -1.473296 NA -0.258754 0.068347 -1.005797 NA 2.644480 1.000000
44 -0.094945 NA NA NA NA NA NA NA NA NA NA NA -1.574214 NA NA 1.059397 -0.571974 NA NA NA NA 0.285455 -1.930980 -0.300456 -0.235446 NA -1.953297 NA 0.777626 -1.605715 NA NA -1.210577 NA -0.107341 NA NA 0.480834 NA NA NA 1.322836 NA -0.556367 NA -1.077177 0.370447 NA 0.718348 NA -0.396249 -0.841437 0.249564 1.445091 NA -0.590452 -0.694393 NA NA NA 1.034838 2.758797 NA NA NA NA 0.579967 1.230749 -0.439913 0.937602 -1.594563 NA -0.538570 -0.222196 1.158646 NA -1.142389 2.033048 1.401319 NA 0.226918 -1.447875 NA 0.971847 NA 0.499979 1.652347 -0.676833 NA -0.224370 NA -0.364638 -0.776548 NA NA NA NA -1.934797 NA NA 0.092894 1.000000
45 -0.587128 -0.787076 1.291466 1.569732 -0.151431 NA 2.773034 0.879130 1.595665 -0.439770 0.324485 NA NA 0.693683 -0.191328 NA -0.689120 -0.522124 NA NA NA NA 0.225174 -0.020737 NA NA 1.962178 -0.535673 NA NA -0.628413 -0.366818 NA 1.044835 1.855230 0.347237 NA NA NA NA -1.138343 NA NA NA NA NA 0.078003 NA NA -0.507185 0.403497 NA NA NA 0.813884 -1.460935 0.524099 0.284798 NA -0.953237 0.240258 -0.230805 -0.970713 -0.121902 -1.262682 -0.344569 1.025843 NA NA 0.168350 NA 0.448031 0.354117 2.818494 2.054765 -0.400167 0.846818 0.762273 -2.811072 NA 0.551069 -0.013398 0.503586 NA 0.406177 -0.626349 NA -1.008539 0.399305 NA -0.272318 NA -0.986582 0.037209 1.101755 -1.224228 0.386596 -1.587555 NA 0.751151 38.660311 1.000000
46 NA 0.374305 NA -1.064821 NA 1.141485 1.526037 NA -0.658117 0.083681 -0.855349 NA 0.501107 -1.376203 NA 0.439662 -0.256149 NA 1.505113 NA -0.683444 -0.136548 -0.367972 1.234106 0.621298 0.187614 -1.076917 0.672757 NA NA -0.103369 1.435368 1.518481 NA -0.774048 -1.246233 NA -1.361449 NA NA NA 0.185273 1.166485 -0.767201 NA -1.453818 0.294917 0.739682 -1.237218 NA NA 1.519720 -0.096989 NA NA 0.294922 -1.001543 NA NA NA 1.368626 -1.202572 NA -1.980361 -0.020327 -0.095826 NA -0.866004 -1.027985 NA -0.690580 0.851428 -0.071230 -0.878805 0.283494 NA 1.065114 NA 1.591180 NA NA NA 0.053578 NA -0.669600 0.514227 0.142377 NA -1.681211 0.374886 NA NA NA 0.467213 NA 0.643847 NA 1.047590 NA NA 12.328778 1.000000
47 1.438999 NA NA 1.887550 0.690530 1.268635 -0.947031 1.211238 1.258252 NA 0.123274 NA -1.245399 NA NA -0.689775 1.221348 NA 0.276791 -1.958132 1.712798 0.425012 -0.690888 1.042719 0.268653 0.199204 -1.546998 1.018856 NA 1.252835 NA NA NA -0.057823 NA NA 0.297319 -1.817078 0.349440 NA 0.498673 NA -0.419668 -0.434708 NA 0.024097 NA -0.744027 NA -0.241099 NA NA -1.465543 NA -0.439403 NA -1.318285 NA NA -0.105966 NA NA 0.420455 -1.280770 1.928198 0.595222 NA -0.032582 NA NA NA -0.271654 NA 1.146400 NA NA 0.754305 0.934321 1.475979 NA 0.732395 NA 1.254707 -1.420226 0.815804 -0.144308 0.268956 -2.207162 NA 0.745156 NA NA -0.330539 0.539365 NA 0.183142 NA NA -0.051542 1.988662 0.164855 1.000000
48 NA -0.405624 0.614003 1.096512 -1.478263 NA 0.923690 NA -1.578207 0.572786 1.191385 0.278744 NA 0.534465 1.309989 -0.138065 0.459687 0.526133 0.468096 NA NA NA NA NA NA NA NA NA 1.210279 NA 1.625504 0.987686 -0.050787 -0.078420 -0.713066 NA -0.116763 NA NA 1.027361 NA 1.559818 0.121061 0.349096 NA NA NA NA 0.171898 -1.641131 0.511195 NA NA NA NA -1.682327 0.003672 0.060684 1.091512 -0.182198 NA -2.118090 -0.337719 -0.354854 0.292254 NA 0.419058 -0.960309 NA 0.073322 -0.494896 -0.152476 -0.053479 NA 0.278725 NA -0.809846 1.088204 NA -0.600552 NA NA -1.447357 NA 1.409910 NA 0.932752 NA NA NA 0.489652 -1.434140 -0.834852 0.556039 NA -2.427805 NA -1.490546 NA NA 15.053685 1.000000
49 NA 0.014308 NA 0.276613 0.918843 NA NA NA -1.288237 NA 0.544173 1.541922 -0.241760 NA NA -0.527928 1.958559 NA 1.805843 -1.004872 0.095185 NA NA NA NA NA NA -1.428057 -2.334229 NA 1.352109 0.763237 NA -1.156534 NA -0.249066 NA 0.185283 -0.801907 -1.310442 NA 0.484596 -1.203729 NA NA NA NA 0.173489 -1.740509 0.169249 0.075497 -1.521714 1.888541 1.419107 NA -0.332881 NA NA 0.202255 1.259869 NA -1.016629 NA -0.938851 -0.945558 NA NA -0.999580 -3.518727 NA -0.365154 NA 0.548932 -0.206650 NA 1.736550 NA NA NA -0.456798 NA 1.591214 NA 1.787331 NA NA NA -0.271635 NA NA 0.318926 0.959877 0.828549 -0.921895 NA NA NA -1.520205 -1.008446 -1.086063 0.001382 1.000000
50 -0.375268 -1.249708 -1.567693 0.078187 -0.322459 -0.525584 NA NA -0.984812 -0.852396 NA NA NA 0.169332 NA 1.495730 0.710960 0.621303 NA -0.183951 0.262850 NA -1.218938 NA NA -1.654554 0.324554 -0.708782 NA -0.307614 NA NA 1.221502 NA 0.210132 0.773237 -0.518815 0.185979 1.830459 0.583428 NA 0.616624 -1.978410 -0.971655 NA NA 0.697648 -0.118636 NA 0.555120 -0.363467 NA 0.302777 NA 0.641192 1.303092 1.773162 0.431212 0.939780 -0.290404 0.014158 -1.213450 -0.558986 NA -1.777167 -0.814727 0.830530 0.692519 -0.994558 0.601932 1.701445 NA -0.218875 -1.303055 1.738435 0.247030 -1.214867 -2.065672 0.769024 NA NA -0.480480 NA NA -0.407629 1.029783 -1.376123 NA -1.524555 0.690443 NA NA NA -0.942759 -1.190595 NA NA NA 1.088829 0.366097 5.202603 1.000000
51 -0.335811 -0.759835 NA NA 1.210041 -0.358971 NA NA NA -0.186070 NA NA NA 0.989042 -1.302732 -2.176792 1.400891 NA NA -0.620600 0.861462 0.732975 0.390786 NA NA NA NA NA NA NA -0.712416 NA -0.644555 NA 0.962342 NA -0.549202 -0.548014 NA NA NA -0.042638 -1.978353 1.557550 -0.167890 NA NA NA NA -0.128359 NA -1.719207 1.231392 NA NA NA 0.718298 NA NA 0.136900 0.398027 2.017393 -1.643257 NA NA -1.114232 NA NA NA 0.765511 -1.461967 NA -0.607890 0.775861 0.045585 NA -0.691017 0.820890 NA NA 1.405778 -0.192794 NA 2.044723 0.944067 -0.870658 NA NA -0.705793 NA 1.162675 -1.710240 NA -0.108090 -0.157330 NA 1.159026 NA -0.419536 -0.938056 2.412566 1.000000
52 1.992710 -0.071193 NA NA NA NA NA NA -0.558455 NA NA NA NA 1.214078 0.080173 -0.622719 NA NA 0.787176 NA NA -2.943913 -1.924048 NA 0.413459 -0.220872 NA 0.391431 1.829442 NA 0.914736 NA -2.015005 0.055401 -0.059514 NA 0.746088 NA NA -0.086841 1.372512 NA NA 1.374255 -0.971293 -1.641758 NA NA -0.830144 -1.223752 0.146216 NA 0.212764 NA 0.821354 NA 1.665274 NA NA 0.399800 0.104772 -0.115315 NA NA -0.407264 1.390623 NA -2.478708 NA 1.223884 -0.735352 NA NA 0.330333 -0.087220 NA NA 0.087789 -2.069866 0.709592 -0.236406 0.357069 NA 1.879423 1.712198 -0.312197 -1.490403 NA 1.461366 NA NA 0.300834 NA NA -0.608949 NA NA NA NA -1.311330 0.680648 1.000000
53 -0.897839 -0.292371 1.287687 0.296909 NA -1.465708 -0.424426 -1.775342 1.350662 NA NA 0.828169 NA NA 0.890868 -0.121402 -0.905967 NA 1.320119 -0.196333 0.838370 -0.360958 1.354326 NA NA NA 0.278170 -0.697854 -1.631949 -0.553015 -0.306311 -0.427172 NA NA NA NA -1.030277 NA -1.635267 NA NA 0.195725 1.596837 NA NA 0.532772 -1.096961 NA NA -1.146681 NA -0.912810 NA NA NA NA -0.192287 NA NA -0.519880 NA 0.527979 NA NA NA 1.366939 0.171564 NA -1.828408 0.640258 NA -2.302059 -1.493983 NA NA NA NA NA -0.751360 0.339713 0.636655 1.070193 NA NA -1.292220 0.091229 NA 1.168877 NA 1.008612 NA 0.748840 -0.126215 1.585948 NA 1.227726 NA NA 0.150499 NA 2.275734 1.000000
54 NA NA NA NA 0.337989 -0.223214 NA NA 2.203172 0.344687 -0.353273 -1.737414 -0.934272 1.044155 -0.416516 0.359610 -0.782935 -1.312223 NA NA 0.067725 0.076707 NA 1.379103 0.902404 0.686067 NA -1.156341 0.646370 -0.254469 NA NA 0.977533 0.655265 NA -0.031519 -1.891572 -0.085091 1.633891 NA NA -0.539122 0.674271 -1.641665 NA -0.459058 NA -0.473752 1.167619 NA NA -0.184973 -0.297946 NA 0.027413 NA -1.006371 0.833029 NA 0.778549 NA -0.228761 0.788484 1.884179 NA NA -0.410700 -1.028027 1.100343 -0.150099 NA NA -0.782203 -0.124689 NA -0.851903 0.021576 0.471876 -0.558767 -1.172984 NA -1.718554 1.226816 -1.101916 1.676741 -0.060189 2.082740 0.916019 NA NA NA 1.234222 -0.245371 NA -0.003842 NA 1.908590 NA 1.065548 NA 3.519085 1.000000
55 NA 1.335839 NA NA NA 0.609055 0.302085 NA -0.689293 0.404942 NA 0.910294 -1.540733 -0.136088 -0.153728 NA 0.316426 NA -1.561082 NA NA -0.635682 0.154272 NA -0.410441 1.130660 -0.492704 -1.161541 0.976144 NA -0.656414 NA NA NA -0.404650 NA -1.463916 -0.123546 -1.491009 NA -1.289830 0.616895 NA 0.901974 NA NA -1.048440 0.483690 -0.343447 NA NA NA -0.898204 0.329932 NA 0.111473 NA NA 1.382498 1.126255 NA NA 0.069411 NA -1.295141 0.625777 NA -0.520994 0.624183 -0.084144 NA -0.114769 0.316648 NA -1.661377 NA NA NA -0.369913 -0.467397 -0.193054 -1.689547 NA -0.996465 0.375390 1.440941 -0.167057 0.164791 -0.395237 0.666605 -1.157462 1.145994 NA NA NA 0.404490 0.847441 NA -0.107572 0.398674 1.521471 1.000000
56 NA 0.024911 -2.398811 NA -0.542662 1.585547 0.805042 NA NA -1.818100 NA -2.552862 -0.071699 1.461681 NA 0.051161 NA 1.526145 NA 0.017315 0.973216 NA NA 0.259300 NA -0.769095 NA 1.061407 -1.069231 NA NA NA -1.123954 NA -0.255160 -1.030660 0.195403 NA 1.178111 NA 0.103838 NA 0.870676 -0.170519 1.175259 1.492537 -0.263175 NA 1.266669 0.972824 -0.926238 0.722857 1.531529 -0.325539 0.912437 NA 2.379114 0.427215 0.087478 0.991864 -0.676211 0.550583 -0.272478 0.431094 NA -1.321056 0.217423 -1.858488 0.492678 -1.377668 -1.516114 -0.294062 0.063735 -1.263942 NA NA -1.333146 -0.756452 NA NA 0.141451 0.376710 0.372181 0.798998 0.271193 1.064354 -1.084767 NA NA -0.215061 NA NA -0.157130 NA NA 0.292776 0.433218 -0.760709 0.776262 -1.626674 35.428655 1.000000
57 1.902461 NA NA -2.126061 -0.185886 -0.233650 -0.591082 0.476485 0.953377 1.170226 -0.034376 -0.856831 NA NA -0.535284 -1.380574 1.532488 0.504416 0.094310 -0.524789 -1.292230 NA NA NA -0.599215 2.276344 0.558103 NA NA NA 0.566632 NA 1.147158 NA 0.397953 NA -0.910624 -1.138439 NA NA 0.652244 NA -0.832773 -0.153848 NA 2.033350 -0.638190 1.785628 NA 0.557141 -2.436469 NA 0.829822 0.396877 NA NA -0.331795 0.398823 0.234299 0.360545 0.985459 NA 0.482095 -1.210946 0.401834 NA NA 0.135918 NA 1.213145 -0.846530 0.191269 NA -0.199729 -0.080597 NA NA -0.303554 -1.135674 1.397267 NA 0.134608 -0.132361 0.784695 0.536265 NA 0.874986 -0.231463 -1.688520 -0.656837 -1.715517 0.970894 NA NA NA -0.632748 0.051853 -1.848069 NA 0.993964 40.540945 1.000000
58 -1.340485 -0.511363 1.216454 -0.928045 0.804561 NA 0.810485 NA -0.383006 NA -0.803834 1.390791 0.126553 NA -0.401841 0.088807 1.445855 NA 0.214023 NA NA -0.823440 2.100415 NA NA NA -0.429232 -0.464646 NA NA NA NA NA 1.994703 NA -0.162226 NA -0.574762 0.692091 NA NA -1.489923 NA NA NA -0.781033 NA NA NA NA 0.806716 NA -1.723885 0.291402 1.410599 1.138482 0.123062 NA NA -1.087242 -1.072642 NA 0.828445 -0.115080 1.217116 0.359075 NA NA 1.134951 NA NA -0.521566 NA 0.043401 0.259964 NA 0.939839 NA 0.218616 1.017265 NA 0.657765 1.181891 -1.064952 -2.078768 -0.827320 0.415585 -1.520755 0.242378 NA NA NA 0.460790 -0.602994 0.107011 -0.226044 -0.880362 0.108534 -2.855259 -1.032621 22.555050 1.000000
59 -0.660065 NA 0.624846 -1.092044 0.543372 NA 0.594223 1.501404 NA -0.672957 0.075041 NA 1.217191 -0.985709 0.069733 -0.885967 -0.705887 NA 0.622753 NA -0.540885 -1.592871 2.625229 -0.248398 0.468534 NA NA -0.455269 -0.249034 NA -1.462315 NA 1.292270 -1.009839 1.504675 NA -0.683428 -0.078447 0.896943 -0.922819 -0.542766 1.891109 -1.081198 NA -1.075717 0.749228 1.780951 -0.804416 0.292084 -0.987773 NA -0.182221 NA 2.123593 NA 0.711196 NA 2.177903 -0.706467 1.921902 -0.003656 -1.901114 NA -0.408907 0.149276 0.721790 NA NA 1.235229 -0.406134 NA -1.124369 NA NA -0.457548 -1.411525 NA 0.926376 -1.496112 NA 2.338448 0.787957 NA NA -0.019232 NA 1.034189 NA NA NA NA 1.155883 -0.045265 NA NA -1.233525 NA -2.396008 -0.173930 NA 108.045174 1.000000
60 -0.359996 -2.495676 -1.057652 -1.496954 1.059786 -0.013902 -1.603505 NA NA NA 2.640531 NA NA NA NA -1.011479 0.689905 NA NA NA NA NA -0.907958 -0.203834 NA NA 0.039728 -0.697716 NA NA NA NA -1.502850 0.407988 1.568186 -0.664922 0.131645 -0.934750 0.916931 1.009157 -0.327553 -0.214389 -1.713177 NA NA NA 0.029696 NA 0.804092 NA -0.968285 NA -1.127901 NA NA NA 0.346676 NA 1.990998 NA NA NA -1.655767 -1.853133 1.073276 0.549318 NA NA NA NA -0.303519 NA NA NA -0.239142 0.067173 0.164327 1.581537 -0.073362 NA -0.093884 0.372327 NA -0.402498 NA NA 1.582803 NA 0.875137 NA NA NA NA NA 1.345107 NA 0.370837 -0.322403 0.549304 NA 6.850204 1.000000
61 -0.334681 NA 0.578879 -0.074080 NA NA NA -0.005101 NA 0.896803 NA NA NA -0.939925 0.290431 -0.514196 1.346331 NA 0.932177 -1.398594 NA 0.998359 -1.902434 NA -1.263839 0.291144 -0.386329 0.704921 NA NA 0.911462 0.400462 -0.253834 0.766284 -0.864610 -0.131270 -1.114891 NA NA NA NA -0.189188 -1.431084 NA 0.584908 -1.698587 1.008904 NA 0.557267 NA NA -0.706177 0.509631 NA 0.039254 1.200394 -0.990944 2.001461 0.113274 0.297971 0.097587 NA 0.565322 0.063418 0.051737 -1.057787 -0.803715 -0.911063 -0.379362 NA NA 0.374411 0.087261 1.312198 NA NA NA NA 1.028834 1.212244 NA NA NA 0.141715 1.629892 -0.054952 NA -0.398656 NA NA -0.421378 0.868672 0.116517 NA 1.496837 -0.334378 NA 3.475354 1.386931 0.675685 7.713928 1.000000
62 -0.264508 NA NA -1.118271 NA NA -1.156300 0.946764 1.531607 -0.851186 0.245704 1.696161 0.953214 NA 1.402144 NA 0.651741 -2.257895 -0.074440 -0.230169 NA NA NA NA NA 1.439089 -1.766658 -0.379819 -1.446042 NA -0.425401 NA 0.883541 NA NA NA -0.509759 NA -1.787846 -0.238148 NA 1.441344 1.645446 NA NA 0.960548 -1.077480 NA -0.010649 NA NA NA NA -0.604788 -0.571680 1.547044 -0.460437 NA 0.225045 -1.041690 -0.986807 NA NA 0.653764 -0.908866 1.554282 NA NA NA -0.921407 -1.150189 2.563197 -0.859613 -0.740970 -0.115970 -0.020026 1.967843 NA -0.345893 0.483357 NA NA -1.043197 0.220526 NA -1.480237 1.516138 -0.155418 NA -0.665927 -0.715927 NA NA NA -0.573369 0.032019 -1.686178 NA -0.220107 NA 5.369456 1.000000
63 -1.882317 NA NA NA -0.422901 NA -1.192769 0.057195 0.858698 NA 0.603590 0.522899 0.015070 -0.822012 NA -0.559127 NA NA NA NA -1.014338 NA -0.651046 0.472237 -1.066808 1.060392 NA -0.075033 0.271320 0.413710 NA NA -0.667475 0.743297 0.323931 -1.293273 NA -0.888758 0.647716 -0.863304 NA 1.197581 -0.291700 NA 1.245042 -0.993264 -0.186646 NA 1.356067 NA NA -1.368332 NA NA NA 0.484631 -0.059770 -0.769324 NA 0.307531 -1.557883 NA NA -0.359474 0.756584 NA 0.855098 -0.577280 NA -0.924102 -0.130810 NA 0.094698 0.293570 0.213364 NA -1.421011 NA -0.913669 NA -0.194889 0.415714 0.847784 NA 0.479690 0.353156 0.006077 0.935603 -1.346458 0.740245 2.392710 NA 1.615079 NA -0.154940 0.646868 -1.400914 0.039132 NA -0.422190 0.121762 1.000000
64 1.203709 -1.526978 NA NA NA -0.299737 NA -2.080324 -0.976258 NA 1.346983 -1.569040 -1.419764 0.634415 -1.569821 0.573600 -0.995266 NA NA NA -0.296730 NA 0.932988 NA 0.383600 NA NA -0.301011 0.372594 NA -0.844180 NA NA 0.338119 NA NA 0.745745 NA 0.757716 0.897264 -0.885803 1.205218 0.170615 0.801865 NA -1.442075 NA NA NA -0.169575 0.202203 NA 1.796007 0.567997 -0.991176 1.285838 NA -0.763717 NA NA 0.518437 NA NA 0.688653 -0.052319 NA NA NA -1.316259 NA NA 1.126370 NA 0.187560 0.843284 NA 0.198048 0.656416 -2.239547 NA 1.066986 1.292188 0.652122 NA NA 0.323172 -0.023007 -1.140579 NA NA NA -0.714255 0.267770 NA 1.038809 NA 0.739567 NA NA -0.341358 0.292344 1.000000
65 1.751763 NA 0.445570 0.635766 -0.689691 NA 1.572146 NA -0.342847 NA 1.661622 -0.415897 -1.934321 0.006011 NA NA 0.156349 NA -0.121604 NA -0.563647 1.304798 0.995360 -1.992208 0.029536 0.888347 -0.194725 NA 0.070535 NA NA -0.771797 0.535890 NA NA NA NA 0.889871 NA NA NA -1.188620 -0.209472 0.849359 -0.156520 0.177258 NA NA 0.128450 -0.330478 NA -1.283650 -0.075340 NA -1.037191 -0.816348 2.769314 1.395067 0.089081 -1.055480 NA NA -0.798111 NA 0.771033 -0.723676 0.426184 0.119083 0.794186 -0.626506 0.630544 NA -0.014516 -0.213538 -1.219930 NA NA -0.380608 -0.475392 NA 0.041682 -1.478095 -0.469238 NA NA 0.264050 0.207898 NA 0.528118 -0.115267 NA -1.974687 NA -2.095432 -0.141472 NA 0.535946 NA 1.294691 NA 3.519048 1.000000
66 NA -1.229827 NA -0.124604 0.828967 -0.691039 0.597055 NA 0.526791 0.577165 -1.157096 -0.988014 1.825657 -2.405153 -1.540337 0.051293 NA NA 1.404293 0.432072 -0.706682 1.488167 0.662628 NA 0.712099 1.806898 NA NA NA NA NA NA 0.302353 NA NA NA 0.248459 -1.500766 1.874787 0.523922 -0.527097 NA -0.533109 NA NA NA -0.002941 0.089117 NA NA 3.138839 -0.063285 -1.911505 -0.368269 NA NA -0.008650 NA 0.181054 NA NA NA 0.558977 NA 0.344707 -1.938202 NA 0.360739 NA NA -0.248497 0.254182 NA -0.470205 -0.223720 0.828388 NA -0.382456 NA -0.659493 0.095672 NA -0.397654 NA NA NA -0.193433 0.326288 NA NA 2.383473 NA -0.979367 0.009185 NA NA 0.762455 0.847299 0.363768 NA 2.761806 1.000000
67 NA NA 1.143330 1.108352 NA -0.701511 NA -0.394540 -1.621207 0.080286 1.406146 1.795959 0.737707 -1.272485 NA 0.393799 -1.567555 NA -0.644015 -1.754548 -0.435124 NA NA -0.845211 1.778593 -0.910794 1.341591 0.344371 NA 0.013213 0.156190 NA -0.909931 NA -1.614551 NA NA NA 1.000095 NA -0.142336 -0.396363 NA -1.341374 NA -1.171703 NA 0.278149 1.544301 -0.015456 -0.970456 NA 1.324596 -1.086549 -0.763268 NA NA NA -0.842766 NA 0.539263 NA NA 0.269218 NA NA 0.604548 NA NA -1.693935 -0.478234 -0.870990 NA NA NA -1.312786 -1.856853 -1.037219 NA 2.363042 NA 2.175933 NA NA NA 0.898858 NA NA NA 1.256818 NA -0.728296 -1.355731 0.835393 0.143458 0.241631 NA 0.596230 NA -0.847423 0.207106 1.000000
68 0.862458 -0.486239 0.842331 -0.565947 NA 0.718105 NA 0.950377 -0.799294 NA -1.037349 0.343190 NA 0.576464 1.000804 -0.803098 NA NA -1.313514 NA -0.601196 0.315232 -0.372541 -0.004121 0.487290 1.736928 NA -0.292783 0.286588 -0.682053 1.770693 NA NA NA -0.402522 -0.091947 1.097919 0.078745 NA -1.071818 -0.514948 NA 1.232219 0.285086 -0.520549 -0.513711 NA NA NA NA -0.997348 -0.009257 NA -0.013089 0.649647 NA 0.106228 NA 0.128983 1.590133 NA -0.735670 NA -0.062241 0.055022 -0.125134 NA 0.787870 -0.162236 0.585450 0.447348 NA NA NA 0.932751 NA -0.541283 1.383732 -0.063538 2.211143 -1.454986 1.026842 -1.360394 0.225061 NA 2.059883 NA NA -2.970096 NA NA NA 3.034100 0.061672 0.556242 NA -1.188441 1.435819 -2.308761 -0.998735 1.203107 1.000000
69 0.819752 NA NA -0.968938 -0.187367 -1.141964 -2.735680 NA 0.053161 NA NA -0.855528 1.671883 -0.489299 -0.488133 NA 0.202015 1.219376 NA NA -0.143760 0.323658 0.600846 0.183309 -0.443030 -0.493184 0.893508 1.034992 0.432912 NA NA -0.167074 NA -1.529706 NA NA NA 0.621566 NA NA -0.603979 NA 0.878145 NA NA -1.569050 -0.076986 -1.214398 1.356644 NA 1.422793 NA -0.419418 1.499814 NA NA 1.640725 -0.281867 NA NA 1.068487 NA NA 1.644939 NA NA -1.401126 NA NA NA -1.720978 NA NA NA 0.427207 -0.265497 NA -0.384199 -0.405933 -1.095896 -0.388622 NA NA NA -1.023920 NA NA 0.484672 0.496760 NA NA 0.917907 0.486344 NA -0.185685 -0.829242 -0.855188 0.338239 -1.653377 0.255819 3.505363 1.000000
70 1.818231 NA NA -0.391343 NA NA -1.419912 NA 1.974496 -1.409506 0.003541 NA -0.391788 NA NA -0.742141 -1.521969 NA 1.380113 NA NA NA -0.148601 -0.888393 -0.811799 -1.060761 NA -1.243175 0.437492 NA 0.111992 -1.358733 NA 0.510185 NA -1.159982 -0.949486 NA NA -0.914697 0.705234 NA 0.630247 -0.079152 -1.647588 NA NA NA -0.894217 NA 1.865620 NA -2.589691 -1.356777 NA 0.526785 1.475825 NA -0.601610 -0.448922 -1.490199 2.028343 NA 1.190275 NA -0.631525 NA -0.980729 0.124528 NA -0.590872 NA 1.405943 -0.789135 NA -0.913635 NA -1.187331 NA 0.253458 0.999657 -0.136080 NA NA 0.351529 -0.227600 -1.791229 NA 0.188918 -1.143725 -2.049140 1.129145 1.751839 NA NA 1.341772 1.195863 NA 0.084888 -1.155156 0.305608 1.000000
71 0.221041 NA -0.487744 0.437298 0.481528 NA NA 0.782485 NA -0.759157 NA 0.506917 0.024505 NA 0.526147 0.814465 NA 0.585992 0.148015 NA NA 0.166319 1.060695 1.048333 NA NA NA -0.785270 0.233586 NA -0.045740 -0.062656 -1.001735 -0.331985 0.778088 0.304030 NA NA -0.633699 0.159881 -0.896596 0.034446 -0.692773 NA NA NA NA -0.955589 NA 0.118472 NA 0.971021 1.646063 NA 1.843884 NA -1.367222 NA -1.277526 NA NA NA NA 2.299373 NA NA NA NA -1.026705 -1.233750 0.409430 -0.209846 -0.224782 0.364660 NA -0.726060 -0.940604 NA 0.023902 NA 0.071529 NA NA -1.324123 NA 0.872963 0.034018 NA 0.817776 NA -0.358080 -1.453852 NA 0.524767 NA -2.454147 NA -1.021135 NA 0.570779 0.297857 1.000000
72 NA NA -0.978750 0.757769 NA NA NA NA NA NA -1.162276 NA -1.171119 NA 2.163809 NA 1.014342 NA 0.330976 NA NA NA 1.324248 NA 0.520621 NA -1.844383 -0.248214 0.146703 0.323600 NA -0.778531 0.408849 -1.918478 0.144576 -1.038894 0.641359 NA 1.262276 -0.946729 2.007847 NA 0.276946 0.964830 NA NA 1.381856 NA NA 1.527470 NA NA NA -0.725639 -1.342806 -0.308563 1.779716 NA 1.663191 -0.286229 0.809791 NA -1.644119 -1.544474 1.381861 NA -1.481464 0.513115 NA 0.248588 NA -0.793277 NA 0.270906 NA -1.044063 0.155045 0.396304 -0.237413 NA 1.046911 0.655140 NA -0.197691 NA NA NA NA NA NA NA -0.941518 NA NA -0.539813 NA NA -0.876582 0.288598 -0.488232 12.642630 1.000000
73 NA 0.723051 0.238418 NA NA -1.455801 NA 0.470141 NA 0.633837 NA 0.202870 0.279591 -0.356846 -0.168219 -0.174382 NA NA 1.179961 NA NA -0.186135 NA 1.443558 NA 0.562981 NA -0.405149 -0.187467 0.584221 0.856402 -0.127463 NA NA -1.373429 NA -0.681545 -0.592185 NA NA 0.502346 0.992154 NA -1.206453 1.523446 0.941644 NA 0.509897 -1.562912 -0.839683 -0.111607 NA NA NA -0.490959 -0.681844 NA 1.522823 NA 0.959578 0.155874 NA 0.281129 NA -1.589887 NA NA 0.066695 -0.049631 0.261170 -0.829581 0.691091 NA NA 0.050724 -0.073899 NA NA -1.219091 0.380927 -0.280959 0.398056 0.439672 -0.473902 0.663270 NA NA NA 0.154241 0.494416 NA -0.330614 NA NA -0.987878 -1.388485 -2.507845 NA NA 0.352008 1.068696 1.000000
74 0.652212 NA NA NA NA NA -0.447402 NA NA 1.609686 1.166380 NA -0.782801 -0.393825 -0.332848 0.423662 NA NA NA NA 0.086677 -0.726606 0.275268 0.482905 0.627516 0.251348 NA NA -0.580007 -1.151472 NA -0.303877 NA -1.137280 -0.703727 NA -0.277199 NA NA 1.427681 NA -0.603287 0.051215 0.185455 NA NA NA 0.441102 -1.249684 NA NA 1.161270 1.183821 -1.509000 0.538281 -0.009580 -2.885198 NA -0.701971 0.971710 NA 0.693991 NA NA -0.720829 -0.728341 0.731786 -0.644723 -0.022069 -0.787058 0.795080 NA -1.040433 NA -0.860721 NA NA 1.266105 NA -0.882028 1.548542 NA -0.286685 -0.199250 NA 0.141422 -0.486278 -0.437052 NA 0.858106 0.043524 NA 1.875128 1.836322 NA 0.617795 NA 1.096866 1.609481 1.462452 1.197202 1.000000
75 1.180910 NA -0.660069 1.735318 -0.911963 NA -0.136387 0.357825 -1.949783 -1.267754 0.204530 NA NA -0.059221 NA NA 0.707012 NA NA -2.616190 1.638484 -0.039187 -1.058666 -0.326625 0.074034 -0.740643 -0.260551 0.063573 NA -0.382139 NA 1.163505 NA NA NA NA 0.639735 NA 1.325484 NA 0.900645 1.595218 0.661009 NA NA -1.145015 1.701905 0.501170 NA 0.930593 NA NA NA -0.986720 -0.073654 NA NA NA 0.101693 NA NA 1.541305 NA -0.687199 -0.743127 0.563949 NA 0.102887 -0.890986 NA 0.309009 NA NA NA -0.198814 -1.294918 -0.186446 NA NA -0.938593 NA NA 1.304898 NA 1.025164 -0.091259 0.557246 0.081511 -0.463155 NA NA 0.916982 0.401043 NA 0.688876 -1.290497 -0.664999 -0.989780 1.227468 1.549908 0.373849 1.000000
76 NA NA 2.137111 0.525375 0.294638 -0.017116 0.176468 NA NA 1.018222 1.245857 0.043094 -0.624609 NA NA NA 0.624882 -0.165777 NA 0.493477 0.821228 0.607091 NA -0.579011 NA NA NA -0.084514 -0.097580 1.016285 -0.370582 0.788038 -0.769560 NA NA 0.038298 NA NA 0.707526 NA 0.628301 -1.034751 0.961922 0.621782 0.493121 NA -1.324368 1.303704 NA NA -0.338514 0.401017 -0.703296 -0.263931 0.852911 -1.273396 -0.100219 0.890704 -1.056438 -0.480128 -0.295647 -0.936008 -1.879811 -1.290448 -1.900469 -0.329147 -0.664589 0.063866 NA NA 0.475360 NA -0.541676 -1.378065 NA -0.096457 NA 0.251717 -0.109738 1.687605 0.302473 -0.982237 NA NA 0.071122 -0.070808 NA 0.794135 NA -0.768636 NA -0.795473 NA -0.022370 1.901086 -0.957340 -0.939675 -1.306021 NA NA 0.200502 1.000000
77 NA NA 0.938617 1.246155 -0.868776 0.974774 -0.813344 NA NA NA 1.804443 -0.728389 NA -0.973883 0.500514 0.126332 -1.218208 -1.006981 NA NA NA NA NA NA 2.077705 0.224179 -0.129879 0.432775 NA 0.275017 -0.099054 -0.321595 -1.938084 -0.646023 NA -0.288226 1.215621 NA -0.091805 0.344096 -1.543069 NA 2.013291 -0.056875 -0.010893 NA -1.298500 -1.573198 -0.000202 NA NA -0.116332 -0.425228 0.760499 NA NA 1.191487 -2.011171 -0.773363 -0.136679 NA -0.076906 -0.348289 NA 0.278416 NA NA NA NA -0.904088 NA 0.461626 0.686529 NA NA 2.238445 -0.277030 0.494858 0.145667 0.412954 -1.424559 -0.519113 NA -0.808786 NA -0.279049 NA NA NA 0.118610 -1.037656 NA -0.125397 NA -1.507770 0.331826 NA 1.959307 0.002707 -1.107062 3.408486 1.000000
78 -0.160597 0.072028 -0.018687 1.201081 NA -0.712742 NA NA 0.301381 0.130566 -0.057190 NA -0.866034 1.272893 NA NA 0.116693 NA NA -1.312330 0.463408 -0.078866 -1.060435 0.142885 0.444995 NA -1.245533 -0.473357 0.223953 0.673867 -0.114112 NA NA NA 0.759938 -0.566005 NA -0.342727 NA -0.138750 1.730323 NA 0.693775 -0.298330 0.645690 1.757501 -0.820839 NA NA -0.844185 -0.621493 NA 0.720105 NA NA NA -0.113790 0.202117 NA -1.859775 -0.051713 0.063609 -0.285967 0.136558 0.403387 -0.338389 -1.922685 NA 0.177360 NA NA NA -1.339438 0.506352 NA -0.946698 -0.694808 1.353584 NA 0.167743 1.169956 NA 0.167104 NA NA NA NA -0.366537 1.549661 NA NA NA 0.436671 -0.330489 0.217112 -2.231673 NA NA NA NA 1.317995 1.000000
79 NA NA NA 1.130047 2.753835 1.140580 NA 0.565556 0.117773 NA -0.939793 -0.102690 NA -0.608384 -0.543180 NA -1.684186 0.491421 NA 0.440835 NA 0.877389 -0.454123 0.387470 NA NA NA NA -0.898755 NA NA NA 0.295634 0.255559 -0.047495 -0.142421 NA NA NA -1.450823 0.441873 -1.039917 1.854838 -1.912152 NA 1.346325 NA NA -0.268398 NA -1.641497 NA NA 0.902415 NA NA 0.249297 NA 0.450396 NA 1.046485 NA -0.551704 -1.631714 -0.001674 1.696165 0.435088 -0.896315 -0.125559 NA NA NA NA 0.797670 NA NA NA 0.512017 NA NA 0.150016 -0.796509 -0.331218 0.238465 -0.595060 NA 1.198251 1.054462 NA 0.168942 NA -1.772385 -1.832780 NA 0.375895 NA NA -0.895551 -0.789807 0.014696 0.869692 1.000000
80 2.579115 0.653764 -1.903837 0.751034 0.856929 -1.383326 -0.318864 0.845325 NA NA NA -0.630112 0.874167 NA -0.714308 1.217945 0.841721 NA NA -0.189769 NA -0.276607 NA -0.029911 0.207622 NA NA -1.391307 1.186971 -0.381542 0.751037 -0.613451 -0.237665 NA 0.059722 NA NA -1.299005 0.140293 NA -1.254555 -1.785987 -0.626401 -0.245331 NA -0.409011 -0.038936 -0.600128 -0.158550 0.652124 0.439641 -2.136276 -0.701578 0.016004 NA 0.256864 NA 2.311692 -0.197142 -0.634835 0.180279 -0.849087 1.562274 NA NA -1.064941 1.922033 NA -1.214107 NA NA -1.093269 -0.159927 -1.286085 0.414704 0.702239 0.274001 NA -1.165310 -0.004125 NA -0.729688 0.451058 0.738734 -1.270553 0.343618 1.806966 -0.101462 -1.691209 -0.826970 NA 0.444793 0.795690 0.696231 -0.557907 -0.269989 -1.115022 NA -0.893336 -1.319062 1.793366 1.000000
81 -1.130775 -0.168258 -1.099150 NA NA NA -0.517618 0.902503 NA NA NA 0.279874 1.685262 -2.712975 NA -0.137915 NA NA NA 1.967527 0.228812 0.976306 NA NA NA 1.793241 1.287390 -0.185645 NA 0.099865 NA NA 0.507645 0.016927 0.177542 -0.421663 0.928278 NA NA -0.570553 -0.880825 1.524935 NA -0.758467 -0.619327 -0.104255 0.271734 1.083789 NA 0.871128 -0.428123 -0.954051 0.257199 NA -0.827731 -0.865991 NA NA 0.630683 -2.120756 NA -0.449312 NA -0.233106 0.797205 -1.067488 NA NA 0.242891 NA NA 0.289530 -0.544615 -1.191980 2.509002 -0.656967 -0.550675 -0.638296 -0.839833 -0.080824 NA -1.366271 0.290478 -0.704931 0.150330 0.408801 -0.425216 -0.612228 NA -0.893264 NA 1.354528 NA -0.138850 NA -2.636304 1.450536 -1.184145 NA NA 0.050171 1.000000
82 NA 0.320374 0.178595 -1.149748 NA NA -2.000343 -0.868806 1.617446 NA 1.400974 NA -0.256748 0.863630 NA NA 0.222102 -0.424527 0.456433 -0.162415 0.254150 -1.549991 NA -0.956631 -0.966939 -0.118458 -1.289011 -1.631303 0.182922 NA NA 0.428509 -0.672297 0.908565 -1.904427 NA -1.183046 NA 0.215036 NA 0.488069 0.676955 NA -1.150341 -0.210773 1.290714 -0.044166 -1.058154 -0.012161 -0.935060 NA -1.001905 NA 0.319161 NA -1.636063 -1.628955 0.391395 NA NA NA -0.485330 NA 0.046824 NA NA -0.871125 -0.077996 NA -1.847312 0.040613 NA -0.930462 -0.208971 -0.370952 NA 0.985604 -0.954097 NA NA -1.170259 NA -0.828459 0.183952 -2.306294 1.956148 1.187709 NA NA -0.426209 NA NA -0.105238 -0.100086 NA 0.390860 NA NA NA -0.090960 0.866430 1.000000
83 NA NA NA 0.245815 0.511649 -0.725561 NA 0.036786 -1.243733 0.094267 NA 0.945440 NA 1.047084 1.618234 NA 0.773058 0.492838 0.245434 1.066474 NA -0.118232 0.697939 0.663850 NA -1.394092 1.294357 -0.914595 NA -0.695566 0.164620 0.473605 -1.752209 0.861464 -0.544380 NA NA 1.181919 2.175746 -0.013832 0.998557 1.273895 -1.638428 -0.667204 NA -0.112923 0.874097 0.042148 NA -0.543097 1.129113 NA NA -0.662875 -0.161749 NA 1.006866 -0.587804 0.653281 NA 0.522823 NA NA 0.071981 0.395107 0.421682 NA -0.430279 -0.242224 -0.674419 NA NA 0.310804 -0.226230 1.064874 NA -0.733434 0.698492 0.802873 NA NA -0.491549 NA NA 0.338123 -0.625642 -0.718488 -0.521026 -0.592085 0.126463 NA 0.427964 NA -0.649561 0.090896 0.955759 NA -0.983548 -0.727189 NA 0.455842 1.000000
84 -0.188521 0.029898 0.699475 0.465565 NA NA NA -0.731878 0.274985 NA 0.520294 -0.974798 NA NA -0.798859 NA NA NA -0.163695 NA NA -0.127003 0.397696 -1.322654 -0.485456 NA 2.863908 0.037054 1.809651 1.134189 0.360907 -0.303486 NA -0.979594 -0.052335 1.959826 -0.110752 0.634978 NA -1.936088 -1.197081 NA NA NA NA -2.799506 -0.709211 0.315812 NA NA NA -0.607346 NA NA NA 0.294527 -1.035941 1.529632 NA -1.214725 -1.358526 NA 1.414525 -0.184597 -0.002737 NA -0.463729 NA NA NA NA 1.493449 NA NA NA 0.532851 NA NA NA 0.113409 1.969352 -1.780414 NA 1.485286 NA -0.485731 -0.193771 NA NA -1.729842 NA 0.021794 -0.362569 0.130693 NA 0.532577 NA NA NA -0.848992 1.032206 1.000000
85 -0.743307 1.778062 NA 2.802932 0.506004 NA NA NA NA 0.190040 NA NA -0.518891 0.335727 0.952416 NA -0.467858 -0.178849 0.139502 0.834443 -0.588364 NA 0.668749 -0.307069 -1.339425 0.023136 NA 0.658314 0.707072 -1.402976 NA NA -1.956728 1.292380 -0.135818 0.345972 -1.942257 -0.538599 NA NA -0.844122 NA -1.097309 1.055509 1.899581 0.384959 -1.354111 NA NA -1.018709 1.602527 -0.699271 NA NA 0.635053 -0.308428 0.485757 -0.280071 NA -0.415293 NA 0.660212 NA NA 0.665832 -0.463147 0.077471 NA -1.111393 0.035377 0.086044 -0.202623 NA NA 2.191941 NA -0.213767 0.136396 NA NA -0.252749 -0.600492 1.121048 -2.286688 -0.556641 0.131686 0.349549 -1.445185 NA -1.136136 NA 0.936450 0.221899 NA -2.368445 NA 0.183650 0.808192 -1.332108 -1.238328 0.792225 1.000000
86 -0.090242 NA NA NA 0.408284 NA NA 0.635018 -0.378999 1.061076 0.682953 NA -0.039842 NA -0.767392 -2.166069 -0.437149 -1.178951 -0.420546 NA NA -0.267006 0.734187 NA 0.115931 NA NA NA 1.406299 -3.083509 0.115733 0.309178 0.038839 NA -0.903660 0.703764 0.655104 NA NA -1.361266 0.046361 NA NA 0.226284 -0.749978 NA -0.126184 1.049712 -0.022342 NA NA 0.459207 NA 2.313937 NA 0.013902 -0.604649 NA -0.544565 -0.829490 NA NA NA NA NA -0.252169 0.246549 -0.746282 -0.530681 NA -0.022175 NA NA NA NA -1.238806 -1.980085 0.792903 NA 0.101627 2.159343 NA NA 1.544199 NA -1.104262 NA NA NA NA -0.937745 -0.855956 NA -0.946958 NA 0.593318 -1.318135 -0.740183 NA NA 7.347034 1.000000
87 NA 0.823701 0.530391 0.864191 0.305394 -0.948273 -1.117360 NA -0.674936 0.388314 NA NA NA 0.855522 0.160538 NA -0.470015 NA NA NA 0.515001 NA 1.440513 -1.501231 NA 0.454405 NA -0.340910 -0.432668 -0.451610 NA 0.285583 -0.962982 -0.040759 0.660780 -0.636482 NA -2.553283 0.849882 NA -0.556956 NA NA 0.533314 NA 0.478128 NA NA 1.296468 NA 1.552632 NA -0.146879 0.683328 -0.534682 0.295705 -0.428062 NA -0.528466 0.557574 -0.853562 -1.059416 NA 0.331952 0.623326 NA -0.480949 NA NA NA 1.296744 -2.292271 -1.540027 3.161397 -0.683458 0.994849 NA -0.781744 1.036550 0.591136 NA NA NA 0.578844 NA NA NA NA -1.465412 NA 0.687067 -0.546142 NA 0.340510 NA 1.315502 -0.353168 NA -1.800265 -4.700026 0.082582 1.000000
88 -1.548595 0.705582 1.085212 NA 2.342724 NA NA 1.743806 -0.770388 -0.878425 NA 0.906898 NA NA NA -0.328776 -0.108282 NA 0.253477 0.133663 -0.128370 -0.744563 -2.129533 2.103000 -0.329804 0.239612 NA NA NA 1.162849 NA NA NA NA NA 1.043794 0.416551 -3.770365 -0.203941 1.329177 0.526382 -0.437106 -0.186871 -0.375279 -0.089034 0.119665 NA 1.309589 0.088187 0.356084 0.300022 -0.305385 NA NA -1.250595 NA NA 0.711123 NA 0.290073 1.229841 NA NA -0.232605 NA NA 0.429885 0.872535 NA NA NA NA -2.103822 1.166815 NA -2.111476 -0.916717 -0.237528 0.746306 NA NA -0.167083 0.257666 NA NA -1.018298 -0.347580 -0.526135 1.057443 -0.569497 NA NA -1.327459 NA -0.388989 -1.798088 NA 1.816934 -1.381045 NA 1.201002 1.000000
89 NA 0.146521 0.340903 NA NA NA -1.293183 0.409046 NA 0.534891 NA -0.118114 0.186020 0.464624 -0.589834 NA NA 0.905095 NA 2.031559 NA NA -1.270893 0.022503 NA NA NA 1.451656 0.165993 1.478510 NA NA NA NA -0.103884 0.845100 NA NA 1.293585 -0.175138 -0.426922 NA NA 1.144203 -0.350020 0.431822 -1.286497 -1.453151 NA NA NA NA NA -0.298384 NA -1.362480 -0.732168 0.195165 NA 1.308338 NA -0.455758 NA -0.271524 NA NA 1.708688 0.996941 -0.453348 0.670162 -0.311449 -1.788372 -0.875463 0.900539 1.514713 0.832621 1.480229 -0.209042 -0.636308 NA -0.915863 NA NA -1.901457 -0.393246 0.980816 NA -0.489543 -0.292747 -0.289772 NA NA 0.752813 1.160907 1.399771 NA NA NA NA -0.555817 0.348097 1.000000
90 NA -0.133613 NA -0.607070 -0.433637 NA NA -0.081661 NA 0.284221 -0.148350 -0.636510 0.914831 -0.188414 -0.535719 -0.352061 NA NA 1.371094 0.564899 NA NA 1.484944 NA -0.875611 -0.084482 NA NA NA -0.150524 -0.579002 NA 2.222440 NA NA 1.340040 NA -0.352581 0.500991 0.764224 0.257093 -0.350458 NA -1.660419 NA 0.747887 0.237689 NA NA NA -0.468816 1.724761 0.151045 -0.280446 0.031550 -1.215693 NA -1.651332 -1.075162 0.051174 -1.780888 NA 1.416395 -0.065358 NA NA 0.368172 -1.545918 NA NA 0.575435 -0.170877 NA 0.395418 NA NA NA NA 0.926912 0.626846 -0.532684 NA 1.249249 -1.068651 -1.201577 -2.635805 -2.465931 NA NA NA NA -1.917717 NA -1.240745 NA -0.637210 1.323435 -1.955804 -1.586733 NA 4.169005 1.000000
91 -0.564244 NA 0.395754 NA 0.771159 -0.049808 NA -0.179394 -1.746220 NA NA NA -0.093988 0.868786 0.445057 NA NA 0.805505 NA NA 1.264659 -0.599226 NA NA 0.404993 NA NA 1.031411 1.702698 -0.527086 0.339585 -0.102859 -0.411536 NA 0.559863 NA 0.266122 NA -0.071203 0.690967 NA 0.845549 -0.376148 -0.678763 NA 1.033684 NA 0.314762 NA -1.151093 0.176565 0.286864 -0.060131 NA NA -0.087066 0.096054 -1.715429 0.520424 NA -0.567570 NA -1.071278 -0.199054 -1.113494 NA -0.023977 1.687533 NA NA -0.021996 NA 1.875933 NA 0.694723 NA 0.658923 0.607804 -1.392208 1.052767 0.222784 0.321752 NA -0.113800 0.313111 0.486168 NA -0.714170 NA NA -0.345424 -1.121658 0.081346 -1.077646 -0.642184 NA NA 1.647980 NA 0.392887 0.074600 1.000000
92 0.495703 0.707060 NA -1.873862 NA NA NA 0.001244 0.575347 -0.284031 -0.668489 -0.063184 0.313644 NA 0.193658 NA NA 0.961439 NA -0.985917 NA 0.645022 -0.455600 NA NA 0.963774 NA 0.669474 -1.703513 NA NA NA NA -1.460446 NA NA 1.110456 NA -0.462884 NA 0.704017 NA 0.722292 -0.944225 NA 0.435437 -0.137242 -0.976315 0.704486 NA NA NA 0.914754 -1.545859 0.388656 0.540358 NA 0.618359 -0.609368 NA NA NA 0.317788 NA 1.518349 -0.967240 -1.400188 NA NA 0.184845 0.336013 -0.609583 NA 0.296554 1.234459 0.067383 -0.205762 -1.954843 NA 0.229456 NA -0.380958 -0.095597 -0.873482 NA -0.362467 -0.874933 -0.641278 -0.399987 -1.014032 NA -0.144872 -1.075528 NA -0.377060 NA NA 0.096789 -0.756373 NA 0.944435 1.000000
93 -0.251623 1.110095 NA NA NA -0.861323 -0.736853 NA 0.069132 NA 1.213602 NA -0.199765 0.351291 NA NA NA NA 0.237419 -0.996325 NA NA NA -1.173886 0.703650 0.885044 NA 1.321359 0.614373 NA NA -0.409221 NA NA -0.955954 0.753536 -1.433293 0.196886 -2.116826 0.250084 0.919701 NA NA 0.704161 NA NA 2.178728 NA NA -0.577736 0.812052 NA NA 0.748041 NA -0.062280 -0.725876 NA 0.751961 NA 0.421344 NA NA NA 1.266452 -0.812380 NA NA -0.183610 0.284337 -0.070698 0.965084 -1.028374 0.446356 NA NA -0.101316 0.686382 -1.473524 -0.232395 NA NA 0.644174 NA -1.334240 -1.067916 1.702614 NA -0.626886 -0.595546 2.258174 -0.003405 -1.124214 -0.501964 0.101895 -2.078936 0.797720 1.204029 -1.124037 NA 0.077270 1.000000
94 0.703131 NA 0.969584 1.397381 -1.057417 -0.877751 NA NA -1.956291 NA NA NA NA -0.090000 0.546252 NA NA 0.187172 NA -0.904444 NA -0.266975 -0.802425 -0.282382 1.582832 -0.124480 NA -1.816391 -0.121103 1.593844 -0.457554 0.106168 1.728586 NA 0.188627 -1.141960 -1.219251 0.379153 -0.474432 0.186399 -0.921413 NA NA NA 0.440073 NA NA NA NA NA 1.017260 NA 0.844615 NA NA -1.719877 NA 0.092510 NA 1.554073 -1.541301 NA -0.968608 -1.119314 0.515851 NA NA NA NA 0.297168 NA NA NA -0.499638 NA NA -0.866434 -2.387914 NA 0.467258 NA 0.399431 NA NA -0.240682 NA 0.478108 NA 0.023277 NA 0.805479 -2.037790 -0.365480 NA 0.474248 0.730736 -0.763296 NA -0.570401 0.536458 0.059327 1.000000
95 -0.825818 -0.423837 -0.032464 1.720050 1.138479 NA -1.535805 0.614598 NA NA NA 1.031707 NA 1.007102 NA NA -1.025956 0.427249 0.531113 NA 1.384181 NA NA -0.873495 NA -0.706707 NA 1.250849 -1.074418 NA 0.353683 NA NA NA -0.217311 -0.505625 -1.073110 0.072645 -1.116126 0.477309 -0.902316 NA 0.948496 1.017826 -0.163859 0.321444 NA NA -0.738728 NA NA -2.116812 -0.611133 -0.610179 NA NA -1.207506 -1.015917 NA 1.256048 0.951356 -0.833997 -0.025121 -0.047139 NA -0.520939 -0.979337 0.699164 -1.027769 1.555926 -0.708011 NA 0.341826 -0.199949 -0.386855 2.616039 0.417393 -1.239350 NA -0.822532 1.694441 0.800021 0.448095 NA -1.450164 -0.742340 1.399899 0.886579 -0.854034 0.380982 0.855009 1.282447 -0.085795 -0.044215 NA -0.196389 -1.902985 -0.776826 -0.391883 NA 0.146219 1.000000
96 -1.019922 0.902114 -2.427475 NA NA 0.423771 NA NA NA -0.675483 0.604669 1.584614 0.557684 NA -0.284245 -0.168359 NA NA -0.916397 0.017080 NA -1.241985 NA 1.412706 NA -0.191444 NA -0.621401 -2.135367 1.642292 NA -0.608386 NA 2.395150 NA -0.024954 0.942281 -1.159069 -0.832779 0.920863 -0.518944 NA 1.872493 NA -0.787994 0.119999 -0.774235 -1.319036 -0.588188 NA 1.726965 1.338825 0.751932 0.146960 -0.253039 NA -1.410451 NA -0.474366 NA NA -0.022371 NA -0.315237 1.502074 NA NA -1.789192 -0.561926 0.182167 NA 0.316351 NA -0.060019 NA NA NA NA -0.272245 -1.069149 -0.226052 NA 0.512879 1.066047 -0.329803 0.577618 NA -2.918055 0.605775 -1.375023 -1.229895 0.680742 -0.876583 NA 0.535857 -0.049864 NA NA 0.802128 NA 95.371029 1.000000
97 0.613204 0.161767 0.577824 NA 0.558402 NA NA NA NA NA NA -0.251151 NA NA NA -0.244474 -0.332689 NA -0.825436 NA NA 0.772994 -0.505162 1.676865 0.674219 -0.066717 -1.007195 -0.483287 0.013785 -0.107892 NA 1.795201 -0.040404 NA NA -1.718164 -1.714210 -1.613361 NA -1.647876 -2.365306 1.431684 0.381822 -0.088839 -0.587285 NA -0.989574 NA NA NA NA NA -0.165047 0.702811 1.503504 NA -0.066828 0.049065 0.255732 0.642465 -0.078702 -0.370993 NA NA -0.396170 -1.784963 0.295245 -1.262726 -0.045519 -1.960002 -0.365664 0.865204 NA 0.372987 -0.945524 -0.392617 NA 1.152882 -1.338222 -0.740902 0.629956 1.259045 NA -1.396629 NA -1.020425 0.184208 -0.200761 0.840237 0.849212 -0.994350 NA NA -0.640172 NA -0.705314 1.447665 NA NA 0.310780 3.431035 1.000000
98 NA 0.856184 NA -0.003405 NA NA NA -0.942344 0.114162 NA 1.230576 NA -0.275480 0.244187 NA NA 0.519754 -0.934624 1.518571 0.312516 1.177125 0.670425 NA -0.116055 1.172482 -1.158590 -3.743348 0.026622 -0.089717 0.426256 1.051788 -0.554612 NA -0.682173 -0.132411 -0.995635 NA NA 0.096320 1.046722 NA NA -0.624254 NA NA NA -0.233281 NA -2.207549 1.147115 NA NA 2.813606 1.383754 0.802771 -0.808309 0.201272 1.682958 -0.119439 NA NA -0.625472 -0.058242 0.459048 NA 0.632818 NA -0.275259 0.429371 0.812410 NA NA -0.490805 NA NA 0.273158 2.301764 -0.343287 1.352905 NA 0.101474 1.177011 1.496759 NA NA NA -0.143098 -0.096789 NA NA 0.263557 NA -0.722472 NA -1.788827 -0.101144 NA 0.422295 -0.802914 0.213154 4.494890 1.000000
99 0.204449 NA NA -2.314881 0.521961 NA -1.945796 -0.757441 NA 0.234578 -0.196709 NA NA NA 0.024891 -0.131530 NA -0.591309 NA NA NA -1.135984 1.184371 NA NA NA 0.327018 NA NA NA NA NA -0.191709 NA 0.177715 -0.886123 -1.853801 NA 0.026947 NA -0.320614 NA -0.105446 NA NA -2.180798 NA NA 1.708398 NA 1.333742 NA NA 0.718884 -2.069701 NA -0.975622 -0.212516 NA 0.251290 -0.127355 NA NA -1.714762 -0.494278 NA -1.361260 NA NA -1.256770 -0.166041 -0.436062 NA -0.215767 NA -0.230623 0.526123 NA 0.798331 NA 1.383366 NA NA -0.875953 0.016230 -0.746073 -0.708080 0.573284 -0.179387 -0.679789 NA 0.093551 NA -0.150510 1.480046 NA NA 1.104754 0.714032 NA 0.190160 1.000000
100 NA NA 1.391899 -0.701734 0.930535 0.688340 NA 0.087477 NA -0.039268 NA -0.317164 -0.721230 0.201638 1.694791 NA NA 1.110582 NA 0.025929 -0.330554 0.645594 -0.088240 -0.804907 0.192663 0.200482 NA 0.953251 NA -1.093354 1.337022 0.182016 -0.039234 -0.709143 -1.567392 -1.172399 1.025098 -1.185192 0.223550 NA -0.273090 NA 1.820709 0.957930 0.011633 NA NA NA -0.114933 NA -0.555663 0.342519 NA NA 2.290328 NA -0.706914 0.836790 -0.764910 1.056660 NA -0.725416 -1.099483 NA NA NA NA 0.217553 0.818476 NA NA NA NA 1.362601 0.744173 1.189801 -0.178243 NA NA -1.021623 -1.338588 -0.435324 0.483167 -1.132112 NA 0.819565 0.845637 -0.331440 -0.316652 0.087210 0.446914 0.060007 -0.621653 -1.981558 NA 1.565229 NA 1.755589 1.217700 0.217331 1.327580 1.000000
uncorrelated Gaussian covariates
missing covariate fraction: 0.400000
no latent classes
   lambda(t|risk 1)=C, <t>=4.000000 for zero covariates
   risk 1: beta[1]=0.500000
   risk 1: beta[2]=0.500000
   risk 1: beta[3]=0.500000
   risk 1: beta[4]=0.500000
   risk 1: beta[5]=0.500000
   risk 1: beta[6]=-0.500000
   risk 1: beta[7]=-0.500000
   risk 1: beta[8]=-0.500000
   risk 1: beta[9]=-0.500000
   risk 1: beta[10]=-0.500000
   risk 1: beta[11]=0.000000
   risk 1: beta[12]=0.000000
   risk 1: beta[13]=0.000000
   risk 1: beta[14]=0.000000
   risk 1: beta[15]=0.000000
   risk 1: beta[16]=0.000000
   risk 1: beta[17]=0.000000
   risk 1: beta[18]=0.000000
   risk 1: beta[19]=0.000000
   risk 1: beta[20]=0.000000
   risk 1: beta[21]=0.000000
   risk 1: beta[22]=0.000000
   risk 1: beta[23]=0.000000
   risk 1: beta[24]=0.000000
   risk 1: beta[25]=0.000000
   risk 1: beta[26]=0.000000
   risk 1: beta[27]=0.000000
   risk 1: beta[28]=0.000000
   risk 1: beta[29]=0.000000
   risk 1: beta[30]=0.000000
   risk 1: beta[31]=0.000000
   risk 1: beta[32]=0.000000
   risk 1: beta[33]=0.000000
   risk 1: beta[34]=0.000000
   risk 1: beta[35]=0.000000
   risk 1: beta[36]=0.000000
   risk 1: beta[37]=0.000000
   risk 1: beta[38]=0.000000
   risk 1: beta[39]=0.000000
   risk 1: beta[40]=0.000000
   risk 1: beta[41]=0.000000
   risk 1: beta[42]=0.000000
   risk 1: beta[43]=0.000000
   risk 1: beta[44]=0.000000
   risk 1: beta[45]=0.000000
   risk 1: beta[46]=0.000000
   risk 1: beta[47]=0.000000
   risk 1: beta[48]=0.000000
   risk 1: beta[49]=0.000000
   risk 1: beta[50]=0.000000
   risk 1: beta[51]=0.000000
   risk 1: beta[52]=0.000000
   risk 1: beta[53]=0.000000
   risk 1: beta[54]=0.000000
   risk 1: beta[55]=0.000000
   risk 1: beta[56]=0.000000
   risk 1: beta[57]=0.000000
   risk 1: beta[58]=0.000000
   risk 1: beta[59]=0.000000
   risk 1: beta[60]=0.000000
   risk 1: beta[61]=0.000000
   risk 1: beta[62]=0.000000
   risk 1: beta[63]=0.000000
   risk 1: beta[64]=0.000000
   risk 1: beta[65]=0.000000
   risk 1: beta[66]=0.000000
   risk 1: beta[67]=0.000000
   risk 1: beta[68]=0.000000
   risk 1: beta[69]=0.000000
   risk 1: beta[70]=0.000000
   risk 1: beta[71]=0.000000
   risk 1: beta[72]=0.000000
   risk 1: beta[73]=0.000000
   risk 1: beta[74]=0.000000
   risk 1: beta[75]=0.000000
   risk 1: beta[76]=0.000000
   risk 1: beta[77]=0.000000
   risk 1: beta[78]=0.000000
   risk 1: beta[79]=0.000000
   risk 1: beta[80]=0.000000
   risk 1: beta[81]=0.000000
   risk 1: beta[82]=0.000000
   risk 1: beta[83]=0.000000
   risk 1: beta[84]=0.000000
   risk 1: beta[85]=0.000000
   risk 1: beta[86]=0.000000
   risk 1: beta[87]=0.000000
   risk 1: beta[88]=0.000000
   risk 1: beta[89]=0.000000
   risk 1: beta[90]=0.000000
   risk 1: beta[91]=0.000000
   risk 1: beta[92]=0.000000
   risk 1: beta[93]=0.000000
   risk 1: beta[94]=0.000000
   risk 1: beta[95]=0.000000
   risk 1: beta[96]=0.000000
   risk 1: beta[97]=0.000000
   risk 1: beta[98]=0.000000
   risk 1: beta[99]=0.000000
   risk 1: beta[100]=0.000000
