1 0.062002238095 0.983295503552
2 0.108620633333 0.983432882633
3 0.038652350877 1.147389117682
4 0.128076833333 1.064748329790
5 0.271770516129 0.944657672726
6 -0.150989903846 0.980491661526
7 -0.409357245614 1.202644361647
8 0.161770701754 0.821600570236
9 -0.056830396825 1.163513480682
10 -0.048635431034 0.887980799782
11 0.264762689655 0.983955447274
12 -0.001378339286 1.053757450762
13 -0.170014983607 0.943157868954
14 -0.012517050847 0.994349580039
15 -0.074526787879 0.957889277324
16 -0.174465098361 0.874842068644
17 -0.045829871429 0.861966163351
18 -0.162259200000 0.954777230918
19 -0.108592968750 1.066571502655
20 0.105215436364 1.047393544725
21 0.129072351852 0.803417875719
22 -0.132719790323 0.937482993568
23 0.118150056338 0.981779607060
24 0.060825377049 0.990678406160
25 0.035907000000 0.846822178240
26 0.144270288136 0.956940975076
27 -0.225539358491 1.131785688006
28 -0.013736646154 0.870789933027
29 0.007154149254 0.974863482614
30 -0.156795754386 1.117338086150
31 0.129707680851 0.873997601631
32 -0.039316071429 0.831378310931
33 -0.161686301587 1.058082624202
34 0.032999078431 1.089133195145
35 -0.053004064516 0.872129870126
36 -0.156298825397 0.890294178718
37 -0.293187279412 0.997018701012
38 -0.326681147541 0.926745469213
39 -0.050051846154 1.034438931837
40 -0.166172241379 0.943916122246
41 -0.199619275362 0.987530027774
42 0.190509950820 0.931718902034
43 0.084224628571 1.033481999882
44 0.113063382353 0.836074211868
45 0.103930860000 0.905946103597
46 -0.096859590164 1.112763402855
47 -0.026525328125 0.999423817353
48 0.062397932203 0.867655953693
49 0.178647303571 0.973696467506
50 -0.047904320755 0.789797153503
51 0.257676312500 1.002238964592
52 -0.192334754717 1.025400026809
53 0.072771548387 1.116385206334
54 0.220109360656 0.975071217063
55 0.074752894737 0.876582187764
56 0.053925516129 0.900140457782
57 -0.034315438356 1.083414155722
58 0.062656016949 1.071063219709
59 0.170263951613 0.828066468547
60 0.042630015152 0.941792269940
61 -0.020213241379 0.897808730174
62 -0.120212454545 1.201706803350
63 0.127941464286 0.948013576570
64 -0.093018897059 0.968258713945
65 0.095804402985 0.940435801371
66 -0.081855537037 0.983241429199
67 -0.004195037037 0.896083224483
68 0.000145666667 1.070903254826
69 -0.258031232143 0.990981014428
70 -0.140843932203 0.911406774653
71 -0.081356065574 0.807925389888
72 -0.131035178571 0.983479822264
73 -0.116163193548 0.905207618709
74 0.053984845070 0.974550920124
75 0.140649779412 0.985896447901
76 -0.082660296296 0.967093929082
77 -0.072360271186 0.888012897621
78 0.034315819672 0.993636979754
79 -0.113250661290 1.123065531428
80 0.146943442623 1.003430179338
81 0.102785985075 0.982305430733
82 0.056803150000 0.989572293701
83 0.151308370370 0.941811961164
84 -0.041731596491 1.026944827679
85 -0.183019015873 0.950506551005
86 -0.091365468354 0.878120867599
87 -0.039595426471 1.008790776624
88 -0.063321859649 0.968495909341
89 -0.082541338983 1.100461891541
90 -0.096837661290 0.774583664628
91 -0.048248224490 1.185465007964
92 0.086842583333 1.101491208729
93 -0.032142716418 0.981618848541
94 0.069758578947 1.120151920552
95 0.195007462687 1.092979418399
96 -0.211523620690 1.061573546034
97 -0.086419105263 1.086825358207
98 -0.051858163636 1.246426020948
99 -0.170974939394 1.072257215728
100 -0.122495433333 1.057479171478
