0.000000 0.500000
1.000000 0.642200
2.000000 0.594400
3.000000 0.618500
4.000000 0.610900
5.000000 0.629600
6.000000 0.649500
7.000000 0.656100
8.000000 0.654100
9.000000 0.656800
10.000000 0.667100
11.000000 0.676700
12.000000 0.670000
13.000000 0.671900
14.000000 0.676700
15.000000 0.648900
16.000000 0.654400
17.000000 0.647700
18.000000 0.653200
19.000000 0.655600
20.000000 0.646800
21.000000 0.644100
22.000000 0.650200
23.000000 0.650000
24.000000 0.660400
25.000000 0.661600
26.000000 0.652200
27.000000 0.655600
28.000000 0.650500
29.000000 0.646400
30.000000 0.643400
31.000000 0.639300
32.000000 0.644700
33.000000 0.638900
34.000000 0.635600
35.000000 0.631700
36.000000 0.642600
37.000000 0.623200
38.000000 0.626000
39.000000 0.621200
40.000000 0.618300
41.000000 0.607100
42.000000 0.605600
43.000000 0.607700
44.000000 0.597300
45.000000 0.604800
46.000000 0.604900
47.000000 0.586900
48.000000 0.581000
49.000000 0.579200
50.000000 0.583700
51.000000 0.576700
52.000000 0.572300
53.000000 0.568700
54.000000 0.558600
55.000000 0.563100
56.000000 0.562100
57.000000 0.562700
58.000000 0.559400
59.000000 0.565600
60.000000 0.556200
61.000000 0.550600
62.000000 0.551700
63.000000 0.547000
64.000000 0.547900
65.000000 0.543200
66.000000 0.541700
67.000000 0.548200
68.000000 0.539700
69.000000 0.541400
70.000000 0.528000
71.000000 0.526100
72.000000 0.528700
73.000000 0.528700
74.000000 0.537700
75.000000 0.520800
76.000000 0.523600
77.000000 0.524600
78.000000 0.510500
79.000000 0.521300
80.000000 0.510500
