0.000000 0.511628
1.000000 0.707442
2.000000 0.760116
3.000000 0.775233
4.000000 0.809535
5.000000 0.846744
6.000000 0.835349
7.000000 0.867907
8.000000 0.868023
9.000000 0.880000
10.000000 0.889884
11.000000 0.906977
12.000000 0.905116
13.000000 0.908837
14.000000 0.926279
15.000000 0.922442
16.000000 0.943140
17.000000 0.943372
18.000000 0.952326
19.000000 0.955698
20.000000 0.954302
21.000000 0.955116
22.000000 0.957326
23.000000 0.958140
24.000000 0.958488
25.000000 0.961279
26.000000 0.964651
27.000000 0.966279
28.000000 0.965814
29.000000 0.963953
30.000000 0.960698
31.000000 0.967209
32.000000 0.964302
33.000000 0.966395
34.000000 0.966744
35.000000 0.965465
36.000000 0.967093
37.000000 0.965349
38.000000 0.968372
39.000000 0.969302
40.000000 0.971163
41.000000 0.968140
42.000000 0.966977
43.000000 0.970465
44.000000 0.970814
45.000000 0.969651
46.000000 0.969070
47.000000 0.968488
48.000000 0.970233
49.000000 0.969302
50.000000 0.970930
