N=100
P=40
R=2
1 0.774914 -0.289530 0.370903 0.333995 -0.929565 0.889970 -2.244979 -0.558596 0.939188 -1.366294 -2.439543 0.122086 -1.252859 1.500866 1.335666 -1.142637 0.797151 2.205438 -1.031647 -1.535334 0.516596 0.851426 -0.215388 -0.707377 0.145586 -1.502914 0.089617 0.167392 -1.085149 1.191219 -0.606255 -0.202080 -0.542325 -0.083164 -0.403895 0.531188 -0.170065 1.551356 0.201375 -1.880775 4.740760 1.000000
2 0.034253 -1.174359 2.382511 -1.546649 1.593090 -0.317557 0.321404 2.386015 -0.667862 -0.934127 1.622405 0.926981 0.451104 0.658708 1.660145 -1.076633 -0.013283 0.243030 1.723242 -0.995429 0.668201 1.109516 0.501654 -1.123076 -0.749845 -0.473780 0.364113 -1.247585 -0.815320 0.494656 0.586352 -1.702257 -0.578767 1.470744 -0.974370 0.277915 -0.833872 1.409783 1.773238 0.018936 2.901757 1.000000
3 -0.234291 -0.700710 1.429788 0.532090 0.772746 1.532151 0.437987 -2.336440 1.002878 -1.868991 0.092530 -0.975614 0.158343 0.456527 -1.378000 0.344909 0.115312 0.503002 -1.511648 0.277774 0.601561 -1.108888 -2.162930 0.463175 0.311924 -0.380184 -0.145138 0.449147 -0.330851 -1.101800 -1.033685 -0.882274 -0.444735 -1.211353 0.779557 -0.335981 0.096623 -0.581309 -0.024264 0.963522 1.467897 1.000000
4 -0.012788 -1.073265 -0.275923 -1.190800 -2.546540 1.038988 1.187399 0.601711 1.227137 0.656683 0.410475 -0.451865 -0.868729 -1.253587 0.877265 0.924220 1.409826 -0.054656 -0.283407 1.015521 -1.098715 0.742405 -0.545182 1.149082 -1.486506 -0.591090 2.507143 0.696212 0.979889 -0.592010 0.700825 1.211041 0.994424 -1.150742 1.509969 -0.753837 0.043429 2.268324 0.726760 1.004327 5.266646 1.000000
5 -0.449324 -1.653593 1.350745 -0.102988 0.745806 1.316137 -0.779058 -2.107811 -1.854515 -0.159005 0.177527 -0.985169 -1.138794 2.138794 1.915427 0.765648 -0.331176 -0.187497 0.235069 -0.082365 -1.047011 -1.156704 0.096209 -0.377295 1.685473 0.191443 -0.478006 -1.243423 0.240318 -2.401032 0.292880 -0.158777 -0.002007 -0.428172 0.071338 -1.646720 -1.187975 -1.221439 -1.364746 -1.480892 1.451459 1.000000
6 -0.383195 -0.448017 -0.148019 0.327588 1.438830 0.326374 0.036601 0.582858 -1.015952 0.771356 -0.374560 0.255465 1.862363 1.271630 0.854709 -0.150848 -0.649402 -0.571553 -1.554447 -0.425060 -0.924635 -0.752501 0.231178 -0.976603 -1.003742 0.728156 -0.320454 1.153222 0.981083 0.769481 -0.595084 -2.161489 0.765449 -0.644896 -2.356067 -0.628374 -0.359225 -0.075111 -0.678777 0.170753 2.801560 1.000000
7 2.940229 0.397753 0.199097 -0.248545 0.923653 0.393385 -2.011761 -0.578213 -0.702978 -2.032168 1.614807 0.233989 -0.313225 0.452109 -0.293045 0.311126 -1.820338 -0.814920 0.665747 1.280984 -0.173212 -0.038349 0.393267 0.292821 -0.104433 -0.925161 -0.073224 -1.089072 -0.421781 -0.744644 1.032899 1.303814 1.464564 0.395565 0.008608 -0.368446 -0.109084 0.335103 0.348573 -0.975441 0.208480 1.000000
8 2.505059 1.075300 -0.461767 -0.460483 -0.681317 -0.344179 1.485792 0.132555 -0.548623 -1.051315 -0.226164 -0.005937 0.484419 0.456000 2.212176 0.074219 -0.199622 -0.311213 -0.286841 -1.068932 -0.945231 2.484559 -1.529999 -0.612330 -0.686326 0.619884 1.092820 0.674452 0.218330 -0.081609 -1.221480 0.054375 0.648981 -1.066409 -0.934936 -0.082831 1.526573 -0.597761 0.338921 0.367907 1.841837 1.000000
9 -0.673071 -0.835478 -0.570590 -0.934997 -2.018223 0.014309 -0.116386 -1.199887 0.401539 0.100022 -0.686914 1.070684 0.100172 0.268459 -0.455771 1.478261 -0.299872 -0.433662 -1.507575 0.923506 -0.838383 0.198528 -0.365585 -1.451558 -1.200709 0.289477 -1.307850 0.225691 1.541907 1.525464 -1.811866 0.648505 0.674485 0.581400 -1.737423 -2.122432 -0.774572 0.557197 0.776509 -0.537489 4.422154 1.000000
10 -0.203159 -1.429168 1.541995 0.209985 1.507605 2.305391 -0.860503 -0.202555 0.071132 0.849850 0.406031 -0.593301 0.462414 0.680168 0.388766 0.342581 0.212272 1.010314 -0.083600 -0.034817 0.016520 -0.422159 -0.493673 0.695179 -1.918525 0.237813 -0.587088 -0.368014 -0.109572 0.511809 2.113358 -0.459783 0.001154 0.851999 -1.370146 1.801507 0.667714 0.172264 1.342095 0.652352 1.563907 1.000000
11 -1.770741 0.315845 -1.311825 0.950241 -0.841847 -1.820243 -0.434300 0.500309 0.811956 0.594832 -0.695013 -0.475224 2.561226 -1.451010 0.721324 1.611409 -0.021165 -0.450106 0.475096 0.212264 0.118685 -0.579763 0.153433 -0.106137 -0.066726 0.247853 0.572566 -0.421981 -0.369611 -0.003220 2.065016 -0.935813 -0.924769 0.457824 -1.738447 0.320845 -0.640451 0.198415 -0.420277 -0.578955 6.135403 1.000000
12 1.118887 0.606636 0.663065 -0.377251 -0.222576 1.197013 -0.532774 0.165748 0.074108 1.520141 1.803792 0.779799 -0.802190 0.469785 0.987594 -0.875564 0.492689 -1.271479 -1.767378 -2.205347 0.036201 1.182987 -0.222179 1.067572 -0.994964 0.987497 -0.821877 0.926827 -0.262660 3.275650 -1.379276 -0.168925 -0.214659 -0.534216 1.453160 -0.426316 -0.864469 0.569454 1.184503 -0.679650 1.359272 1.000000
13 0.881473 -0.135037 0.518047 1.516032 0.969188 0.720937 -0.341238 -1.569743 1.209533 0.642327 -0.771153 1.631887 -0.600741 -0.098102 -0.338983 0.866940 1.591599 -0.457563 0.980045 -0.770080 0.536444 -0.194642 -0.550520 -0.785831 1.050291 0.021251 -0.970228 0.150090 -0.583175 0.508150 1.194460 0.132179 0.275611 0.203900 1.251651 -1.797484 -0.386427 0.707879 -2.022486 -1.165315 0.144120 1.000000
14 0.815419 0.543418 -1.054707 -0.540006 1.500706 -1.457171 -0.740819 1.053942 -0.288708 0.669170 -1.177953 0.111558 -0.525365 0.318328 1.388961 1.200548 -0.808389 -1.741546 -0.839680 0.389578 1.823905 0.757178 -1.128155 -1.791273 2.724539 0.924295 -1.515898 -0.519793 -0.196931 1.774469 0.589469 -2.295014 -0.157455 0.168490 2.530966 1.298156 1.696176 -0.945233 -0.040820 -0.140678 4.832856 1.000000
15 1.385946 -0.679473 1.557473 0.418817 0.491601 -0.432036 -1.942086 -1.261902 0.444947 -1.537369 0.678761 -0.445522 0.200911 -0.163582 1.558356 -0.372964 -0.304237 2.005559 -0.865878 -0.505677 -1.457273 1.690024 0.364148 -1.068808 0.618555 -0.117340 -0.814623 -1.761393 1.292298 -0.833751 1.142337 -0.731437 -0.416020 0.955585 0.514033 -1.446160 -1.433016 -0.203685 -0.077368 0.119036 0.585419 1.000000
16 0.150124 -0.544457 -1.153238 0.050274 -0.592309 0.430790 -0.005220 0.286308 0.884311 -0.793723 -0.069936 -1.629810 2.153855 2.270268 1.950696 0.662485 0.176706 -0.321554 0.652714 0.199114 0.677380 -1.212092 0.620287 -0.895051 -1.985958 -0.871439 -2.330312 0.564510 -0.659223 -0.165679 0.005280 -0.143920 0.773011 0.783878 1.075655 0.082063 -0.726525 0.012069 -0.227731 -0.471405 5.305699 1.000000
17 -1.624463 1.048770 0.786680 0.365753 -1.510701 -0.226838 0.545890 -0.900288 0.269335 0.738885 -1.743132 0.499521 -0.778061 0.595102 -0.101923 -0.218148 -1.475600 0.581501 -0.267385 -2.024105 -0.422332 0.347861 0.699547 -0.602234 -1.624998 -0.493948 -0.234502 -0.111095 0.745474 0.329400 -0.065492 0.998528 0.561867 -0.879515 -1.525831 -0.771926 0.728483 -0.676765 -0.894937 0.779366 0.577367 1.000000
18 0.082076 -1.983014 0.699756 -0.710497 2.315133 0.491210 1.488245 -0.417513 0.631970 -0.191689 0.920217 -1.095031 -1.266670 2.252744 0.726728 0.323565 -0.539518 -1.255330 -1.515193 0.396788 -0.824822 0.895228 -0.305641 -0.458460 1.105121 0.170597 0.209777 0.467977 -0.614544 0.597766 -1.410474 -0.277880 -0.661351 -0.599214 0.770991 1.728556 -1.057016 -0.172067 -3.161678 -0.792812 1.255782 1.000000
19 -0.949330 -0.919911 0.867786 -0.456138 -0.562710 -0.909106 0.223328 -0.659720 -0.177620 0.934052 2.234088 -1.340408 1.128951 -0.920119 -0.522177 -0.317334 -0.215232 0.554431 0.446947 0.300730 0.152616 -1.148285 -0.873966 0.016644 0.132527 -1.161558 -0.253951 -0.396680 0.101167 -0.865635 0.357733 -1.039972 -0.989361 0.436607 0.324571 -0.310488 -1.089218 1.192761 1.511533 0.053864 3.963566 1.000000
20 -0.342475 1.436379 0.946976 -0.492220 0.827284 0.045880 -0.829364 -1.021369 -0.946787 -0.273320 1.047530 -0.994594 -1.055432 -0.629586 0.420362 -0.781976 -0.235965 0.253122 -0.583641 0.946249 -1.791653 -0.382334 1.336181 0.781469 -0.113966 0.575266 -0.796299 -1.253944 -0.175105 1.324997 -1.069999 -1.427326 -1.023378 0.977149 -0.487078 0.851978 -0.059530 -0.890492 0.516465 -0.766938 0.117503 1.000000
21 0.731082 2.015633 1.257186 0.205150 1.814453 -0.555556 -1.637926 0.405428 -0.997932 1.044276 1.757246 -0.028270 -0.786791 2.496961 0.355459 1.821973 0.256061 -1.030258 0.747192 -0.329324 0.061100 -0.282165 -0.432544 -0.759089 -1.052428 -1.185481 -0.674376 -1.428203 0.430760 -0.096441 0.590433 0.409273 0.789133 -0.115920 -0.418787 0.992949 -1.025832 0.882877 -1.075744 0.552060 1.278364 1.000000
22 -0.977567 0.959195 0.529787 -1.450550 0.301215 1.011454 0.831645 -1.275564 0.341093 0.988986 -0.644789 -0.306348 -0.707322 0.093167 0.076682 1.084561 1.141017 -0.342412 -0.793623 0.854931 1.356095 -1.220882 -0.919157 0.250964 -0.063374 1.052283 2.142225 -0.344645 0.853833 -2.034643 0.449473 0.774206 0.264120 -1.439156 0.008814 1.163772 0.290955 -2.314273 -2.694532 0.206835 2.862692 1.000000
23 -0.846265 -1.546419 -0.066678 0.603145 -0.029643 -0.032393 -1.130839 0.514678 -0.093001 2.062168 0.078559 1.222871 1.664373 0.449196 -0.962091 -0.824822 0.114792 -1.155928 -0.102692 -0.419601 0.064651 -1.057714 -0.242159 0.236140 -0.215028 1.979663 -0.255395 -1.335806 -2.086969 0.473243 -0.029640 0.073706 -0.647050 1.012135 1.930038 -1.037991 -0.715510 0.433619 -1.369385 0.586514 0.502277 1.000000
24 -0.191480 0.775947 0.711139 -1.448697 -1.599556 -1.210761 0.523166 1.041367 0.176255 0.338101 1.462176 -0.935704 1.438453 -0.582128 0.248763 0.125603 -0.758732 0.690761 0.083489 -0.533016 0.348279 0.532682 0.229847 -0.313102 0.410314 -0.715254 -1.098291 0.337395 -2.926017 -2.777985 0.288770 -0.046641 1.469120 0.663352 0.011427 0.934663 1.494715 -1.306420 -0.250462 -0.100202 6.493164 1.000000
25 -0.853818 -0.429306 0.661771 2.752028 0.154528 -0.240810 -1.405207 -0.161648 0.283675 0.365762 0.850651 -1.734424 -1.070466 0.373951 -0.511300 -1.227355 -1.195911 -0.028850 0.620438 1.228809 0.094991 -0.809164 -0.292550 -0.379073 1.635182 -0.409078 -0.311609 0.874020 -0.710586 1.799612 -0.630546 -1.055595 0.004824 -0.913453 -1.249258 -0.223082 -0.225445 0.494294 1.906662 0.814404 7.493343 1.000000
26 -0.313331 -1.701898 -0.070520 0.272050 1.505818 -0.686056 0.072344 -1.231759 -1.616160 -0.410627 0.459347 -0.635324 -0.111676 -1.135456 0.601232 1.566454 -0.075515 0.421809 0.338153 -0.332239 3.217603 0.418247 1.160251 -0.186736 -0.116194 -1.715187 0.447647 -0.211308 -0.942150 -1.234155 0.654023 1.092872 0.370246 0.041346 -0.140196 0.245940 0.468654 -0.704132 -3.618954 -1.978003 0.155985 1.000000
27 -0.866638 -0.553372 -0.642533 -0.535449 -0.416969 -0.504414 -1.358536 -0.249157 0.073012 -0.454332 -1.481648 1.661346 0.546137 0.678037 -0.013661 -1.048020 -0.695637 1.728893 -0.712600 0.985769 -0.842426 1.177460 0.020291 1.113405 -1.128450 -1.103391 -0.646243 1.416707 -1.449875 0.995479 -0.446244 2.783685 -0.828596 0.830517 -0.769470 0.629578 -0.171491 -0.367713 -0.955412 -0.579169 1.498340 1.000000
28 0.371173 1.482665 -0.409461 0.079967 0.006284 -0.245816 -1.749932 -1.202148 1.637563 1.368169 0.986095 0.101436 -1.063464 0.166237 -0.630119 -0.251587 0.688394 0.727719 -0.570926 -0.713902 0.046816 0.305874 0.146494 2.124329 0.083311 -1.351364 0.770946 -1.366084 -0.677666 0.466847 -0.192517 -1.875824 0.302040 -0.265491 0.280803 0.532133 0.845519 -0.444057 1.384611 -0.616560 0.213591 1.000000
29 -0.172063 -0.672532 -0.363754 1.056168 -2.216156 0.877788 -1.276896 -0.777473 0.781266 -0.370545 1.533425 0.095486 0.496091 -0.218687 -1.337553 1.515714 -2.216539 0.477769 -1.441815 -0.516203 1.182444 -0.918256 -0.060862 0.862689 -0.435799 -2.309112 -1.826073 -2.141956 -1.611417 -0.329387 0.562895 0.075832 0.058696 0.369317 -0.414749 -0.582388 -1.128394 -0.809083 1.652907 1.730343 3.649590 1.000000
30 1.315246 2.434491 0.812649 -0.181888 -0.336147 -0.946130 -0.755856 0.140395 0.215733 -0.042976 1.924971 -1.040090 1.666946 -1.965938 -0.776549 1.777558 0.773632 0.377783 -0.436623 0.130747 -0.272599 -0.678411 0.175265 -0.521383 0.002529 0.106775 0.167313 0.695254 -0.251721 2.140565 0.481867 1.386607 1.523118 -0.587872 -0.687389 -1.949384 -1.344151 0.465916 -0.433257 0.505957 3.871580 1.000000
31 -0.326830 -0.180275 -0.422776 -0.420769 -0.362249 0.349890 1.000480 0.767700 -1.204420 -0.703722 -0.919865 0.183761 -0.814403 -0.517456 0.025042 0.255551 0.110911 0.888018 -1.159193 0.570953 0.158255 1.061588 -0.068813 0.604002 -2.362006 -1.048404 0.644598 -1.256550 -0.182927 -0.265747 0.927974 -0.137632 0.147257 0.787054 -0.693446 -0.859185 -0.127911 0.658458 1.531541 -2.142691 0.377737 1.000000
32 1.297895 1.666697 1.232205 -0.360917 0.001228 -0.548210 -0.533698 -0.097647 0.120165 0.555398 0.971460 -1.199671 -0.554690 -0.275615 -0.452109 -1.666474 -0.696054 0.104429 0.140022 -1.804221 -0.834959 -0.630059 0.459554 0.101233 0.960419 0.063862 -1.073808 0.039543 1.523205 0.535717 -0.574709 -0.341854 -0.250986 -1.396012 1.095601 -0.219975 1.088098 -0.731318 0.399730 1.932332 0.732815 1.000000
33 1.739667 -1.451618 0.136355 -0.770994 0.455043 0.751931 -0.171070 -0.550937 -0.254800 0.204421 -0.265482 0.540592 0.547694 0.708036 -1.813792 0.919563 1.308971 -0.299112 0.708015 -0.733853 1.188376 0.763189 -0.014324 1.908151 -0.980780 0.615279 -1.083592 0.813762 -0.887528 0.957007 -0.794717 0.874046 -0.036012 0.483411 1.854449 -1.943119 -0.743100 -0.149997 0.840123 -1.436778 0.101421 1.000000
34 1.503322 -0.833888 0.866565 -0.001005 0.877437 1.250845 0.805616 1.110462 -0.144766 -0.208423 1.872508 -0.042045 -0.915905 -0.349515 -0.227330 -0.232142 -0.013852 1.190501 1.196201 1.044110 1.091989 1.044895 0.794742 0.763350 1.133607 0.303794 1.218255 0.780582 -0.896126 1.819770 -2.111509 0.759133 -0.049276 1.212646 -0.470259 0.323754 1.790888 -0.580229 -0.882574 -0.008659 0.301492 1.000000
35 1.175646 0.509207 0.860290 -0.980764 0.063647 1.041741 0.129024 0.447656 0.904322 0.277467 -1.977891 -0.489646 0.287632 -0.664325 -0.414507 0.753884 0.099180 -0.688949 -0.355390 0.133309 -0.477682 0.710786 -1.227416 -0.879570 -0.917013 0.318167 -1.380347 0.376964 -0.247108 0.093315 0.856742 -1.281237 1.367954 1.495278 0.686912 -3.571013 1.086567 -0.638971 0.371882 0.725519 3.526584 1.000000
36 -0.281726 -1.313899 -0.670687 0.472524 -0.372779 0.774304 -0.391302 0.735723 1.169189 -0.629242 0.779555 -0.405814 1.505958 0.873484 -0.509081 0.302387 1.496764 0.765961 -0.224321 -0.197762 1.455039 -0.666892 -0.990528 0.923493 -1.241727 0.131034 -0.672702 -0.393530 0.541547 -1.021378 -0.970867 0.851422 -0.798265 0.130886 -0.396529 1.356563 0.915404 2.382383 1.167360 0.226156 14.822462 1.000000
37 -0.966283 -0.603702 0.132353 -0.812271 -0.645424 0.262511 1.268948 -1.039118 -0.327316 -0.279736 -0.022249 0.133596 2.676033 1.096363 -1.467121 -2.210956 1.983557 1.118241 -0.489696 0.979363 -0.315796 1.361057 -0.502274 -1.526394 -1.210637 1.127134 -0.717881 -1.055740 0.677534 -0.863487 0.795113 0.363421 1.977991 0.755337 0.458526 0.587568 0.370299 -1.303004 -0.425203 0.662426 0.000823 1.000000
38 0.511241 -0.458212 -0.417220 -0.099462 0.372050 1.643954 -0.937892 1.057620 0.453022 -1.136325 0.412311 0.407673 -0.747961 1.551358 0.829829 1.332757 -1.064844 -0.433292 -0.430861 0.266741 2.047216 1.429945 -0.048059 -0.416209 -0.520937 0.922476 -0.328922 0.170908 0.135934 1.049245 -0.779915 -0.103671 0.862856 -1.144862 -0.811069 0.068089 0.055961 1.924994 -1.185770 -0.381143 10.894079 1.000000
39 -0.398674 -0.687916 -0.370147 -1.808112 -0.282468 -0.634027 0.408634 -1.140006 -0.529742 0.170214 -0.171550 0.919811 -1.086681 -1.541305 -0.530023 -1.483276 -0.265027 0.248938 1.006153 0.218466 -0.897321 0.543538 0.428456 1.703812 0.108242 -1.861831 0.768955 1.468966 -0.373647 1.778147 0.366360 -1.857715 0.144218 -0.237324 -0.972209 -1.388328 -1.498834 -0.220181 0.306816 -0.856901 1.522640 1.000000
40 -1.184654 -0.179210 0.893061 -0.297019 0.615668 -1.797651 0.384592 2.601623 -0.940581 0.223976 0.307652 -1.567976 -1.189631 2.381724 -2.157287 0.643563 1.819772 -1.151134 -0.028504 -2.618571 -0.518664 -0.054312 -0.828594 -1.278652 -0.928384 -0.629481 0.347887 0.567301 0.744222 1.178322 1.261734 0.684279 0.717616 -0.383355 1.512754 -0.303656 -0.678979 1.123284 1.257192 -1.279030 3.312408 1.000000
41 0.033469 -0.785470 -0.487338 -0.118449 -0.439750 0.742850 -0.751138 0.876072 0.661420 0.765123 -0.504402 -0.839307 -0.200941 -0.429495 -1.236172 0.020734 0.905395 1.504141 0.107971 0.489568 -1.373115 -0.061995 0.092432 -1.927544 -0.257347 0.103482 -0.294083 -0.896739 0.713531 -2.148802 0.115687 -0.383035 -0.561489 -0.685906 -0.866181 0.610289 0.251148 -0.626243 1.287997 0.349454 5.223859 1.000000
42 -1.503480 -0.737715 0.204774 0.484200 -1.391128 1.675543 -0.650164 0.484224 -0.526633 -1.124767 -0.494602 0.579718 -0.423324 0.688161 -2.292639 -2.316906 -0.546203 -1.210079 0.516365 -0.366080 -0.598424 -0.254108 0.246868 1.712555 -0.357115 0.152725 -0.701931 -0.311708 -0.188011 2.034791 -1.177218 -0.191182 0.310632 1.571003 0.163138 1.258420 1.191231 0.152043 -0.333513 -0.178356 1.844780 1.000000
43 -0.960380 0.379544 -0.016991 0.706410 -1.071957 -0.831049 0.571005 -0.322797 0.648276 -1.328245 0.365155 0.467757 -1.803385 -1.245396 1.016574 -0.383772 -0.785618 0.764904 0.006156 0.164016 1.050067 1.072810 -0.035311 0.969996 -0.135027 -1.268468 2.089611 -0.428767 -0.312620 0.943272 -1.102015 1.444401 0.410118 0.955506 0.494617 -0.040769 -0.668942 -0.320033 0.422714 -0.272851 6.965593 1.000000
44 0.087318 -1.265124 0.034118 1.127217 0.184866 0.488679 -0.068129 0.433729 -1.375491 -0.620029 0.101648 -0.103421 -0.637880 0.406031 -0.575602 0.385027 1.153815 -1.136468 0.505067 -1.114626 -2.123506 -1.342345 -1.394798 -0.739060 0.235701 0.062730 -0.375482 1.222709 -0.913557 0.210974 -1.064679 0.009916 0.388184 -0.172889 -2.102396 0.316195 1.376387 0.326699 -0.580354 1.728861 3.370326 1.000000
45 0.118763 1.476587 -0.239282 0.554112 -1.597912 -1.183661 0.580588 0.914109 0.019951 -0.067984 -1.597755 0.258952 -0.004702 1.758790 -0.537968 0.304878 -0.715040 -0.881721 -0.644244 -2.593322 0.847955 0.399048 0.119064 1.421793 0.105753 1.632923 -0.419020 0.080182 -2.026962 -2.310689 -0.538917 -0.569847 0.162588 1.309961 1.081855 -0.155972 -1.186377 0.446317 -1.269207 1.847949 4.758724 1.000000
46 -0.851736 1.070634 -0.488850 1.436878 -0.074293 -0.704718 -0.518506 0.427902 1.581946 -0.667489 -0.988926 -1.400794 -3.273226 -0.767847 0.535900 -0.122116 1.314692 -1.317029 -0.704697 -1.465285 -1.549954 -1.015966 -1.643468 0.347009 -0.455922 0.100237 0.963009 0.416527 -1.601639 0.428535 -0.501984 -0.159762 0.499639 -0.301730 0.207765 -0.736313 -0.133538 1.115981 0.376886 -1.415972 14.821932 1.000000
47 -0.265911 0.953261 -0.109951 0.362939 0.399052 0.029597 -0.260046 -0.502841 -0.536104 0.225048 -0.288501 1.418569 -1.219518 -0.493896 1.238597 0.777494 -0.493858 0.785574 -0.794641 0.960358 -0.764097 0.109678 -0.931378 0.012425 0.419392 1.159373 -0.031388 -0.430836 -0.108688 1.874553 0.240369 0.042645 -0.427707 -0.937482 0.391707 0.385816 -1.458254 0.107393 1.167072 1.142536 1.889805 1.000000
48 0.051137 0.437108 0.790655 0.060726 0.919908 0.395670 -0.535722 0.888417 -0.672738 -0.978420 1.434950 -0.199661 0.810406 -1.056103 0.459816 0.317131 -0.203374 -0.211650 1.619245 -1.307991 -0.461672 -1.212502 -0.798530 0.053902 0.164290 0.277520 0.886199 -2.262105 0.829131 -1.033346 -0.559929 -0.498500 0.852891 -0.890571 1.745705 -0.675519 -1.127426 0.225672 -1.462401 -0.594083 1.701153 1.000000
49 -0.099899 -0.549653 -1.230655 0.615086 0.631644 0.725186 -1.336535 -0.003024 -1.421273 1.452115 1.697397 0.843295 -0.172236 1.364057 0.108775 1.662203 -1.645328 -0.170720 2.100248 3.368328 0.890897 1.794320 0.055228 0.587424 -0.000183 0.821028 0.644181 0.239595 -0.487899 0.108094 -0.987087 1.489875 0.624831 0.611215 1.042833 0.357513 0.947885 0.669667 1.224575 -2.516866 3.526927 1.000000
50 1.133504 1.335705 -0.015783 0.097152 0.178691 1.093235 -0.378859 -0.150445 0.350958 -0.476121 -0.562301 -0.605038 -0.066927 -1.195462 0.221150 2.404920 -0.508461 -1.719536 1.295979 0.225378 -0.650421 -1.219285 -1.848772 -0.768494 1.829490 0.746989 -0.592339 0.516649 -0.989599 1.102626 0.447056 -1.142736 -0.904269 0.845928 -0.532221 -1.121221 0.907146 1.021651 1.323349 -0.411984 0.848888 1.000000
51 -1.680987 0.500386 0.745287 -2.096897 2.651360 0.768250 1.458277 -0.219035 1.336220 -1.510748 -1.266845 -0.709505 -0.763062 -0.699478 -0.641559 -0.920525 -0.060915 -0.811004 -0.273271 -0.650049 0.155950 -0.877414 -0.141286 -1.155336 -1.056477 0.761075 0.203907 1.115017 0.432902 1.611555 -0.807247 -0.351492 0.293050 0.203426 -2.002835 -0.375287 -0.448657 0.267732 -0.161404 0.015778 9.828877 1.000000
52 0.480526 -1.530512 -1.007535 -0.251993 0.454941 -0.187399 2.345184 -0.518169 1.266232 0.601288 0.824455 1.304460 -0.709915 -1.287249 -0.212448 -0.286467 0.203824 -0.579749 -1.008357 -0.313788 -0.900727 -0.632897 2.342546 0.694765 0.921611 1.320667 -2.431560 -0.488504 -1.714506 0.803376 -0.322775 -0.947018 -0.393917 0.542926 0.793636 1.505913 0.760028 -0.713166 1.753959 2.306518 3.965689 1.000000
53 -0.377094 0.300447 -2.049543 -0.453409 1.765321 0.294971 0.783596 -0.638425 0.759548 0.237300 0.376607 -0.242593 -0.944502 -0.755427 1.676400 -0.852903 1.681464 -0.193651 -1.804725 -0.177483 0.397833 -0.329272 -0.335750 0.053284 -0.782564 1.034066 0.577364 1.005286 0.337154 0.324571 0.791049 0.352740 -0.306318 -1.789475 0.314891 -1.408772 -1.241746 0.589803 -0.288048 0.462111 1.210890 1.000000
54 1.430228 -0.763331 -1.417498 -1.887460 -0.811588 0.256769 0.592169 0.361625 -0.406665 -0.415148 1.850210 0.362112 0.216281 -0.483917 -0.210673 1.390891 0.958127 -0.531629 -0.239248 -0.662507 -0.955092 -0.543276 -0.360593 -0.481572 -1.474554 0.647650 -2.100996 1.811355 -0.670408 -0.167248 1.534552 -0.542482 1.052380 0.973890 1.478009 0.529095 -1.369255 -1.360338 0.566827 -0.451170 4.745877 1.000000
55 -1.056259 -1.802450 0.464183 -0.440843 -0.950550 -1.133654 -0.219245 1.176718 -0.384759 -2.556627 -0.960379 -0.476816 0.876773 -0.775976 0.140762 -0.071625 -0.007260 -0.242325 -0.858266 1.459891 -0.131308 0.267574 -1.580523 -0.055025 -0.136109 -1.474174 2.762423 2.350397 -0.411083 -2.787520 0.036784 0.001477 -0.710039 -0.406897 1.362197 -1.206393 -1.383600 2.721856 -0.987672 1.312801 7.630468 1.000000
56 1.164882 -0.166517 0.685803 -0.607597 0.456009 0.053881 0.569848 0.942816 -0.587723 -0.318021 -0.942327 -0.167595 0.898630 0.105179 0.211049 -1.413290 0.110821 -0.139057 0.241562 -1.930822 -0.011504 0.096418 0.636119 0.522529 0.601655 0.102880 -0.268259 -1.638122 -0.831727 -0.918061 2.305425 -1.610021 1.242016 -0.291054 -0.050727 -0.555108 0.178298 0.545513 1.435832 -1.583440 1.686010 1.000000
57 0.137345 -1.676485 -0.158142 0.997004 -0.615933 0.257120 -0.863383 0.526258 1.047963 0.238186 0.131531 -1.187952 1.824928 2.155019 1.383227 -0.468475 0.227475 -0.794055 -0.852222 1.462842 1.104630 -1.346495 -0.849654 -0.999037 -1.527461 0.219870 0.007119 -0.484594 -2.052773 1.075214 0.019531 -0.721178 0.826491 -0.694380 -0.853201 0.210754 1.934367 -0.049364 -0.984946 -0.170869 2.323367 1.000000
58 -0.065827 -1.755697 -1.191641 -0.830708 1.885047 -1.719597 1.172662 -1.066343 -0.254403 0.288094 0.169834 0.471608 -0.297484 -0.488373 0.451036 -0.749743 -1.631173 0.875846 -0.911102 0.698680 1.097030 -0.577577 -0.743283 1.287316 0.677421 0.620534 0.135431 1.231122 -0.895403 -0.955465 -1.111031 -0.220603 1.027493 -0.753707 -0.092654 0.647991 0.189482 3.378820 -0.519839 -0.423922 0.579385 1.000000
59 0.291764 -0.133549 0.217571 1.679900 -0.049989 3.220785 -0.436784 -1.611667 -1.453613 -1.102977 0.345926 -2.211776 0.200134 1.043989 -0.073818 -1.666835 -0.302325 -0.729726 -1.922304 -0.547419 0.913491 -2.338228 -0.904063 0.482270 1.221252 0.391834 1.341830 -1.226782 -0.166155 0.642571 1.685848 0.796072 1.444173 -0.869305 -0.913296 -0.754429 0.401393 0.603537 -1.168494 -1.429318 9.409524 1.000000
60 1.534299 1.691875 0.413559 0.762981 -0.208419 -1.148837 1.127269 -0.679302 -1.023666 -0.945362 0.800464 0.914720 -0.865313 -0.934693 0.431460 -0.997604 -0.157354 0.378540 -0.909024 -1.689495 -0.770922 1.132443 -0.312410 0.077413 1.023155 -1.981193 -1.508177 0.705955 1.221351 1.056530 -0.127213 0.342970 -0.562637 0.779630 -0.905584 -1.092677 -0.531861 -1.177187 -0.814432 -0.050510 0.640392 1.000000
61 -0.900841 -1.606798 1.218677 -0.201714 0.427725 -1.970453 0.297161 0.177980 0.782745 -0.279548 1.093302 -1.667785 1.918071 -1.815705 0.620308 -0.185220 -0.577823 -0.213305 0.667784 -0.002264 0.846988 -0.488429 -0.571961 -1.276287 -1.698207 1.262324 -1.089818 0.612955 -1.367350 0.215372 -0.027157 -0.322666 0.848653 -0.038810 -0.432960 0.108728 0.568916 -0.321867 1.361329 0.921633 3.627733 1.000000
62 -0.515931 -0.436619 -0.704220 1.567237 -0.926495 0.533266 1.027777 -0.184847 0.166965 1.243500 -0.562525 1.508294 -1.037235 0.627434 0.222561 0.563502 1.231225 1.151115 -0.217450 -0.539606 -0.121719 0.153686 -0.945883 -0.593145 -1.006002 -0.370295 -1.283226 0.176907 0.780763 -0.317911 0.335707 -0.137959 -1.162145 0.069373 -0.539500 0.950724 1.508245 0.407941 0.046235 0.889461 1.370250 1.000000
63 0.382114 0.287478 1.831509 -0.561318 1.076030 -1.268420 -0.604556 -0.187624 2.483046 0.199280 2.026462 0.457843 0.119012 0.290240 0.491532 -0.098969 -1.953274 0.770585 0.111243 0.141046 2.241302 -0.562482 -0.260684 -0.483507 0.533499 0.527335 -1.380453 0.918835 -0.732013 0.012956 -0.080297 -0.024876 -0.898391 0.633868 -2.347992 -0.293750 1.124540 1.089959 -2.252128 -0.131275 2.512044 1.000000
64 -1.115239 0.748226 -0.075142 0.812226 -0.550930 -0.076295 0.855791 -1.176333 -0.043808 1.656842 0.319278 0.839483 -0.194734 0.290918 -0.499295 -0.876937 -0.210768 -0.815377 0.194739 0.906685 1.275366 -1.279613 -1.020818 1.923678 1.540887 -0.387009 -0.101884 1.148087 -0.966796 -1.591377 -1.086967 2.275767 2.211381 -0.335070 -1.246298 0.348335 1.891492 1.002554 1.203548 -0.859539 1.374024 1.000000
65 1.317448 1.082068 0.319835 -1.124955 0.264008 -0.778239 1.858780 0.279936 0.780749 -1.970425 -0.383565 -1.433612 -0.650343 -0.206963 0.108191 -1.146607 0.727959 1.341372 1.430383 0.835681 -0.197465 1.085596 0.751905 0.611521 0.329383 -1.618503 1.249316 -0.948244 0.507599 0.467091 -0.159429 1.910866 -0.795270 0.142118 1.237910 -0.722402 -1.042062 -0.516344 -2.361892 -1.246517 1.711630 1.000000
66 1.910167 -0.269958 0.034257 -1.066375 -1.185836 -1.396548 -1.444907 -2.531140 -0.019133 0.237017 1.499153 0.249120 0.409069 -0.470317 0.686213 1.523637 -0.844862 -0.795392 2.181871 -0.749105 -0.605394 1.181666 1.792541 0.002842 -1.211265 -1.784347 -0.062281 1.737927 1.478791 0.049279 1.084755 0.676043 0.139780 0.626637 -0.059515 0.612679 -0.311471 -2.092063 1.848958 1.045430 0.491668 1.000000
67 0.524326 -1.404428 -0.664661 0.235166 -0.612622 0.471551 0.204691 -0.869094 0.799298 1.009838 -0.462487 -1.268977 -0.932428 0.187212 2.457386 0.994702 -0.068138 -0.456700 0.090680 -0.129265 0.415966 -1.990443 1.447857 -1.992331 0.563878 0.631016 -0.759089 -0.027714 -2.072231 -0.945336 1.632162 0.018151 0.693099 -0.084682 -0.714866 1.041589 1.570916 -0.409723 -0.778473 1.061986 4.784028 1.000000
68 -0.594232 -0.403261 -0.899555 -1.513552 -0.641985 -1.425124 1.246017 -0.278068 0.849798 -0.070117 0.467212 -0.025485 -2.249814 0.853415 -1.373047 -1.006360 -1.486672 -0.856890 -1.065946 -1.352418 0.488263 -0.431384 -0.808355 2.198630 -0.643222 2.131305 0.886460 0.440943 -1.284902 -1.222391 0.644395 -1.658359 1.722568 -1.038946 1.159590 -0.222258 -0.166349 -1.114942 0.645583 -0.978706 3.409528 1.000000
69 -0.689305 0.760332 0.644383 0.213029 1.166297 1.687652 0.025472 -1.820057 1.167243 -0.596540 -1.519178 1.573939 0.847138 0.423921 0.311469 -0.627193 1.913234 1.044315 1.561824 0.376757 -0.977551 -1.172703 0.207627 -1.204657 -0.113872 1.143460 0.604282 0.737696 -0.251775 1.660392 -0.183368 0.602187 1.140036 0.417943 -1.107814 -0.088208 0.983572 -0.000115 -0.301449 -0.059274 0.723957 1.000000
70 0.582657 -0.277792 0.326156 0.636275 -0.778591 -1.326333 0.594797 -0.156415 0.608741 0.877422 0.227560 -0.682905 0.199551 -0.793507 -0.717803 1.299908 -0.063258 1.193351 1.672418 -0.722088 -2.258917 0.840427 0.232649 0.017223 -0.233538 1.361824 -0.317544 -0.311795 1.024732 0.091221 0.164938 0.826436 0.378210 -0.128364 -1.205053 1.008097 0.329319 0.129490 0.924145 -0.077823 1.253835 1.000000
71 -0.976078 -0.092142 0.434900 1.166892 0.310079 -1.015710 -1.278687 -0.509672 0.039596 0.317714 -1.368099 -1.128364 1.140929 0.461318 -1.390419 1.806800 -0.645113 0.227426 0.074311 0.666177 0.071532 0.174010 0.142447 0.468883 -0.355830 -0.481983 0.056215 -0.304161 0.835035 -0.088771 1.323278 1.445020 -0.136255 0.277206 -0.818287 1.187669 -0.988829 1.775027 0.079087 -0.137567 3.570992 1.000000
72 0.079661 -0.900697 3.045380 -1.182447 -0.692719 0.694926 -0.224064 -0.328831 -0.370226 0.269113 -1.193658 -0.611540 -0.183711 0.198445 0.779758 0.803750 0.386953 -0.514766 -0.132528 1.446929 -2.190797 0.058607 0.114586 0.680847 -0.033011 0.528321 0.240563 -0.141025 1.968985 -0.054289 -0.892258 0.080103 1.339258 -2.749821 -1.259322 1.886794 0.350610 0.412479 -1.207631 0.014764 4.738076 1.000000
73 -1.457462 0.620101 0.381906 0.019921 -0.663494 1.422297 0.998451 0.991823 0.408858 -0.006949 1.108056 -0.422628 0.442706 -1.445653 -0.762120 0.454046 -0.690901 0.446710 -1.387036 0.397813 -0.276118 1.040940 1.071010 0.257933 -0.343743 0.750572 1.006067 -1.369500 1.712713 -0.907911 1.387792 -0.103758 0.050743 0.113148 1.462199 -0.472150 -0.476537 0.476744 -1.220425 -0.813299 10.296891 1.000000
74 -0.525184 -0.613925 -0.485840 0.790726 0.570724 -0.471079 -0.719347 0.894638 0.814500 0.019721 0.525281 0.905801 -0.260548 -1.531669 0.562938 -0.296084 -1.230643 0.433295 0.738961 -1.895206 -0.515966 -2.195682 -0.999307 -0.566454 0.218241 -0.384666 -1.160343 0.381281 -0.307830 -0.444225 1.840406 -2.002745 2.020167 1.115110 -0.440022 -0.683966 -0.467158 -1.786719 -1.918351 -0.910412 0.833517 1.000000
75 -0.468779 -0.729152 -1.587287 -0.543826 0.841516 0.641701 -0.595270 0.644049 -0.635312 -0.448552 0.674386 1.411568 1.424856 -2.007348 -0.247373 -1.768784 1.483404 -0.276111 1.212862 0.176778 -0.063635 -0.990455 -0.086755 0.409082 -0.497957 1.561103 0.337533 -0.714844 0.716121 1.761739 1.495040 0.565501 0.094909 -0.658360 -0.551912 -0.127776 -1.038901 0.204590 -0.639197 0.568832 2.342778 1.000000
76 -1.384763 1.373077 0.639706 -0.912512 -0.554051 1.096561 -1.552867 -0.371189 -0.637588 -1.147220 -0.972493 0.214091 1.992167 1.252099 -0.762105 0.198084 -2.047722 1.128295 0.294690 2.518947 -0.411117 -1.147885 -0.406332 -0.081554 -0.454687 -0.802195 -0.698222 0.719294 0.314582 0.446727 -0.387705 -0.032553 -0.155631 0.666483 0.129173 1.314598 -0.315728 0.185234 -0.912550 0.583101 8.451126 1.000000
77 0.881929 -0.795408 0.472362 0.669230 0.404642 -0.745091 -2.201963 0.992225 1.068027 -0.690700 0.286533 1.968753 -1.496768 -0.489855 0.195225 0.423639 1.401081 1.578684 -0.922444 -0.320906 -0.650011 0.643624 0.879655 -1.419808 -0.650166 -2.634118 -0.625690 0.056580 -0.948641 -0.269698 1.215499 -1.068102 -0.757167 -1.770957 1.174679 0.835530 0.018280 -0.559273 0.297269 1.304283 0.368954 1.000000
78 -0.597676 0.987775 -0.265661 0.516493 -0.583846 1.204272 -0.238027 -1.594365 -1.170876 0.362170 0.159722 -0.680971 -0.341495 -0.360779 0.678998 -0.562565 0.567151 0.939893 -1.610473 -1.381484 -0.369149 1.043420 -1.694065 -0.587951 -0.399651 -0.723342 -0.301836 -1.146233 0.729482 -0.679557 0.127239 -0.720416 -0.240136 -2.352701 -1.717963 -0.130699 -1.029224 0.204084 -0.329589 -0.265529 0.987889 1.000000
79 -0.586857 0.659998 -1.386749 0.655875 1.194875 2.157679 -0.564105 1.892705 -0.773054 0.324108 0.705406 1.071225 -1.199575 -1.543466 -1.725075 -1.415052 0.603473 -0.382951 -0.418213 -0.334049 -0.883737 -1.296586 0.085080 1.276114 -0.794871 -0.966053 -1.085241 0.362383 0.415770 -3.777505 -1.287560 2.070779 0.496588 -0.241960 0.230444 0.556853 1.033287 -1.287554 -0.708045 0.137588 0.540865 1.000000
80 -0.471516 1.281409 2.425661 0.598693 1.203430 1.191983 -0.346801 0.275878 -0.430788 -0.620410 0.330545 0.274034 -0.449239 -1.259658 0.585801 -1.865446 0.180818 -1.708310 -1.093554 1.096983 -1.723174 0.442137 0.377995 0.393345 -0.763118 0.842588 2.130119 0.700679 -1.800526 0.788321 -0.598540 -1.329267 0.276817 0.823883 0.321314 -1.163440 0.994707 2.100358 -1.672196 0.629939 0.978039 1.000000
81 0.924525 2.815599 -1.815580 0.727661 0.426076 0.371540 -0.426498 -0.231729 -0.840344 0.663646 -1.151881 -1.057321 -0.026207 -1.063965 0.875889 0.309834 1.174634 -0.126075 -0.162819 -0.146889 -1.107617 0.184133 0.465653 -0.621773 -0.278208 -0.110159 -0.954339 -1.268324 -1.023607 -0.675396 -0.720332 0.324909 1.030718 -0.604463 -0.682445 -2.206478 0.544280 0.707463 0.985549 0.232179 2.123927 1.000000
82 0.580800 -0.673123 -1.064450 -1.321900 -0.336990 -0.630351 -0.814733 -0.648022 -1.128714 0.557574 0.004480 -0.611962 -0.455248 -0.154817 0.917394 1.409186 -0.870911 -1.042272 -1.581114 -1.403374 -0.423161 0.250033 -0.584509 1.827996 -0.309070 -0.247187 0.539406 -1.868384 1.217331 0.441507 -0.861675 0.213706 -0.369814 0.179848 0.698981 2.512744 1.065948 -0.366737 1.117439 1.602035 0.265259 1.000000
83 -1.881101 -0.040020 0.690253 0.197691 -2.005747 -0.244165 0.550264 -1.545309 1.156280 0.770006 -0.832171 0.067496 0.162322 0.565873 0.819435 -0.377486 -0.323402 0.084898 -0.653425 1.603595 0.521992 0.280523 -0.317972 -0.530202 0.369690 -0.161424 1.123823 1.977439 0.896377 1.554328 -0.076323 -0.695615 0.504470 -0.831040 -0.176308 -0.056712 -1.057443 0.257430 0.826044 -0.869429 1.403496 1.000000
84 -0.014609 -0.536063 0.517567 -1.423528 0.242721 0.480768 -0.736761 1.880300 0.331007 -0.903045 -1.040148 0.577517 -0.008394 -0.711221 -0.192723 0.758648 0.191273 -1.797759 1.242688 -0.651710 0.415491 -0.501623 -1.290895 -0.597781 -0.038590 2.216867 1.854484 -0.655085 -0.976046 0.040856 -0.631488 1.259271 -0.717405 1.088707 -1.008594 -1.067447 0.962757 -1.342769 0.653014 -0.054276 1.298217 1.000000
85 0.588644 1.542256 1.300433 -2.419768 0.532487 -1.046575 0.274214 2.175282 0.849831 -1.322815 -1.226453 -1.273221 2.049399 2.324291 -0.034498 0.089690 -0.003174 -0.733392 0.210416 -1.617219 0.230329 1.523095 -0.565433 -0.841181 -0.109824 0.374362 -0.180088 -1.934837 -0.482091 -0.257014 -0.856421 0.109873 -1.106881 0.819636 1.361971 -0.044296 -0.320865 -0.508402 -0.204148 1.135498 1.555290 1.000000
86 -1.483679 -1.297237 -1.307146 -0.265035 -0.909706 1.504037 2.483121 -0.379946 0.120389 -0.391687 1.236923 0.354823 -1.572702 0.170283 1.418160 1.212804 0.394180 1.534747 0.551224 -0.198697 -1.219584 -0.539655 -0.523063 -0.124305 1.044535 0.812142 0.360330 0.085955 0.371583 -2.054974 -0.871152 -3.654186 -0.161253 -0.653487 1.637565 -0.342490 0.037246 -1.362394 -0.205109 -0.831142 15.633077 1.000000
87 -0.661872 -0.414960 1.436543 -1.462585 0.362330 -0.879925 -1.976691 -1.805210 0.136626 -1.118340 1.061194 -0.154352 0.650101 0.762898 0.350773 0.220420 -0.779632 0.712951 -2.277085 -0.051371 -0.791338 2.003423 -0.583098 -0.752253 -1.133882 0.932420 -1.574113 0.509680 0.536131 -0.846079 0.895514 1.155972 -0.784327 -0.400378 1.053464 -1.903761 2.414237 -0.331435 0.366932 0.064118 8.024159 1.000000
88 0.941077 -0.523061 -1.377500 -0.179721 -0.293369 -0.511897 0.326934 -0.949797 1.384583 0.331227 0.739101 1.317740 -0.567320 -1.053327 0.600967 0.334076 -0.029598 -0.934592 -0.902745 -0.217766 2.138136 0.459282 -0.410784 3.093697 -0.755339 -0.301701 0.467275 1.388947 -2.042028 0.755267 -1.440497 0.916827 -0.002153 -0.476634 1.088601 -0.279853 -0.649555 0.249264 1.365565 1.176832 5.301332 1.000000
89 -1.919410 -0.407602 -0.909828 -0.333722 -0.821214 0.457351 0.920319 -0.654598 0.412253 -0.271367 0.302282 -0.234264 1.419497 1.601183 1.112347 -0.575602 0.606153 1.926438 1.756455 -1.612285 -0.148817 2.357200 -2.236117 -1.666568 -0.698432 0.167675 2.524765 0.281857 -0.022662 -0.565637 0.203682 0.856446 -0.621541 -0.437537 -0.184120 -0.274333 0.895174 2.015482 -0.916729 -0.278646 9.188353 1.000000
90 1.329677 -0.521239 -0.548945 -2.049076 -0.233901 0.738713 -0.057462 0.431960 -0.454539 -2.154235 -1.335310 0.564597 1.689417 1.507643 0.216089 0.987660 -0.411349 -1.848918 -0.316772 -0.450628 -1.706263 1.175289 -1.052189 0.491355 -1.501052 0.221471 0.275595 0.490222 -0.070218 -2.107851 1.582404 -0.386504 -0.361792 -0.848688 -0.589807 -0.612142 -0.040958 -0.696032 0.459999 1.364820 1.518749 1.000000
91 0.493309 -2.187740 2.890407 -1.348408 -1.374821 -1.285847 0.728002 0.193337 -1.335263 -0.199638 -0.099659 -0.705611 0.701176 -0.723951 -0.489213 0.768019 -0.100598 -0.115040 1.150967 1.927508 -0.625297 -0.741650 -0.723174 0.837903 -0.269981 0.900755 -1.932180 1.071461 0.486836 2.081236 -0.781923 -0.537412 -0.109301 -1.367015 -1.234481 -1.543613 1.165597 0.386387 0.413343 0.623679 0.587261 1.000000
92 1.230648 1.473137 -0.335912 -1.065839 3.057711 0.066413 -2.639682 0.702751 0.174932 1.390358 0.882692 -1.527608 2.145528 -1.552641 2.205847 1.064276 1.327308 0.446869 -0.958319 0.668770 0.492340 0.202296 -1.291331 -1.422724 1.049288 1.209106 -0.191415 -0.062278 0.389517 -1.384158 -1.680956 0.235867 -2.085357 0.320121 0.840980 -0.497177 -0.804761 1.797211 0.239444 0.207751 1.636734 1.000000
93 -0.125426 0.117904 0.247973 1.155407 0.728412 2.623322 0.423375 0.917312 0.828441 1.047228 0.241937 0.570981 -0.187330 -0.596551 -0.936902 0.367636 -0.948914 -0.048720 -0.272941 1.731773 0.898473 0.853021 1.273586 -0.757215 1.021688 1.628434 0.368999 0.835215 -1.021724 1.289484 0.808038 0.619601 1.498723 -0.090040 -1.441711 -1.535855 0.481661 -0.067904 0.632043 1.151231 8.078500 1.000000
94 0.318979 1.058854 0.606142 -0.531336 -0.951473 -0.951532 1.510840 0.493836 0.175085 0.698948 1.002255 0.186135 0.149713 1.027383 -1.541409 -0.970829 1.409891 0.567056 1.226794 -0.381687 -0.943043 1.322234 -1.447652 -0.128387 -1.101102 -1.185347 -0.243977 0.129404 0.017744 -0.186647 -1.422448 -0.719608 1.340592 1.719877 -1.631601 -0.708806 -0.156256 1.086405 0.835257 0.603059 8.847906 1.000000
95 1.680443 1.819649 -1.054157 0.012164 -1.230827 1.181170 0.123707 0.496474 0.406105 1.798650 0.088312 1.467355 -0.693349 -0.485476 1.500757 0.756974 0.542248 0.087555 1.739332 -0.652424 0.750372 1.336286 0.377316 -0.201673 0.898800 1.641065 -1.207485 -0.428228 1.934559 -0.212050 2.302595 0.943654 -0.474159 0.648098 0.607476 -0.004570 -1.358187 1.324240 -0.347415 0.399267 5.024603 1.000000
96 2.088041 -1.849201 -0.484061 -0.427955 -1.366977 -2.176347 0.896215 -0.155121 -0.278742 -0.946988 -0.875380 1.477487 2.470426 0.690722 -0.451086 0.579998 -0.967018 0.332831 -1.306406 0.711906 -1.471152 1.663723 2.374318 -0.597940 1.350814 0.993833 0.803974 0.646443 0.795088 0.094069 -0.358666 0.911274 -0.312117 -0.695392 -1.345460 0.702315 1.775479 0.267797 0.797886 -1.122919 0.037838 1.000000
97 2.504185 -0.005165 1.493840 -0.923278 0.948593 -1.872681 -0.210027 1.021657 0.359919 0.340118 -0.139926 -0.298491 0.426199 0.468222 0.799294 -0.425730 -1.668084 -0.149279 0.291028 0.531710 1.192922 0.122271 0.642043 -0.372307 2.574670 0.796562 -0.257095 -0.546941 -0.078245 0.831313 -0.833950 1.818557 -1.271783 -0.261469 0.349488 0.195426 0.167146 1.161081 -0.648838 -0.768152 0.757174 1.000000
98 1.120287 -0.310145 -0.916580 1.952920 -0.186662 1.196149 -0.050057 0.148218 1.637875 0.212603 1.573480 1.091809 0.354301 -1.709371 -1.116703 1.838300 -1.243632 -1.225273 0.620152 0.090634 0.126210 1.012140 -0.447955 0.121704 1.079943 0.681027 1.074582 0.483259 2.907533 -0.003035 -0.961773 1.299329 0.470002 1.783416 -0.359517 -0.716823 1.487606 -0.419350 0.348359 -0.802329 1.636319 1.000000
99 -0.788587 1.126198 -0.107025 0.193954 0.749966 1.625756 -0.852350 1.457632 0.922542 1.561032 0.808209 0.095026 -0.415534 0.345881 1.175650 0.283039 1.595462 0.633049 0.862652 0.156921 0.106042 1.466663 0.295268 0.179366 -0.571263 0.212801 0.587330 0.390530 -0.208465 0.312324 -0.803086 0.805806 -1.209406 -0.929883 0.604532 -0.934940 0.726467 -1.674683 -2.064391 -0.697266 1.432416 1.000000
100 -0.089844 -2.170856 0.430614 0.074011 0.723323 -0.659803 0.409772 -0.089300 -0.686854 -0.392745 1.224648 -2.110632 0.053418 -1.506571 -1.458865 -1.736248 -0.782370 -0.471725 0.368700 -2.303050 -0.097222 0.074171 -0.823408 -0.113150 -0.780856 0.635772 -1.310097 0.732059 -0.258857 -0.418034 1.605926 0.832283 -1.143493 -1.005006 -0.498823 0.081179 0.648386 -1.288197 1.414852 -0.682037 0.278824 1.000000
uncorrelated Gaussian covariates
missing covariate fraction: 0.000000
no latent classes
   lambda(t|risk 1)=C, <t>=4.000000 for zero covariates
   risk 1: beta[1]=0.500000
   risk 1: beta[2]=0.000000
   risk 1: beta[3]=0.000000
   risk 1: beta[4]=0.000000
   risk 1: beta[5]=0.000000
   risk 1: beta[6]=0.000000
   risk 1: beta[7]=0.000000
   risk 1: beta[8]=0.000000
   risk 1: beta[9]=0.000000
   risk 1: beta[10]=0.000000
   risk 1: beta[11]=0.000000
   risk 1: beta[12]=0.000000
   risk 1: beta[13]=0.000000
   risk 1: beta[14]=0.000000
   risk 1: beta[15]=0.000000
   risk 1: beta[16]=0.000000
   risk 1: beta[17]=0.000000
   risk 1: beta[18]=0.000000
   risk 1: beta[19]=0.000000
   risk 1: beta[20]=0.000000
   risk 1: beta[21]=0.000000
   risk 1: beta[22]=0.000000
   risk 1: beta[23]=0.000000
   risk 1: beta[24]=0.000000
   risk 1: beta[25]=0.000000
   risk 1: beta[26]=0.000000
   risk 1: beta[27]=0.000000
   risk 1: beta[28]=0.000000
   risk 1: beta[29]=0.000000
   risk 1: beta[30]=0.000000
   risk 1: beta[31]=0.000000
   risk 1: beta[32]=0.000000
   risk 1: beta[33]=0.000000
   risk 1: beta[34]=0.000000
   risk 1: beta[35]=0.000000
   risk 1: beta[36]=0.000000
   risk 1: beta[37]=0.000000
   risk 1: beta[38]=0.000000
   risk 1: beta[39]=0.000000
   risk 1: beta[40]=0.000000
