active=80: 1 2 3 4 5 6 7 8 9 10 11 12 13 14 15 16 17 18 19 20 21 22 23 24 25 26 27 28 29 30 31 32 33 34 35 36 37 38 39 40 41 42 43 44 45 46 47 48 49 50 51 52 53 54 55 56 57 58 59 60 61 62 63 64 65 66 67 68 69 70 71 72 73 74 75 76 77 78 79 80 
active=79: 1 2 3 4 5 6 7 8 9 10 11 12 13 14 15 16 17 18 19 20 21 22 23 24 25 26 27 28 29 30 31 32 33 34 35 36 37 38 39 40 41 42 43 44 45 46 47 48 49 50 51 52 53 54 55 56 57 58 59 60 61 62 63 64 65 66 67 68 69 70 71 72 73 74 75 76 77 78 80 
active=78: 1 2 3 4 5 6 7 8 9 10 11 12 13 14 15 16 17 18 19 20 21 22 23 24 25 26 27 28 29 30 31 32 33 34 35 36 37 38 39 40 41 42 43 44 45 46 47 48 49 50 52 53 54 55 56 57 58 59 60 61 62 63 64 65 66 67 68 69 70 71 72 73 74 75 76 77 78 80 
active=77: 1 2 3 4 5 6 7 8 9 10 11 12 13 14 15 16 17 18 19 20 22 23 24 25 26 27 28 29 30 31 32 33 34 35 36 37 38 39 40 41 42 43 44 45 46 47 48 49 50 52 53 54 55 56 57 58 59 60 61 62 63 64 65 66 67 68 69 70 71 72 73 74 75 76 77 78 80 
active=76: 1 2 3 4 5 6 7 8 9 10 11 12 13 14 15 16 17 18 19 20 22 23 24 25 26 28 29 30 31 32 33 34 35 36 37 38 39 40 41 42 43 44 45 46 47 48 49 50 52 53 54 55 56 57 58 59 60 61 62 63 64 65 66 67 68 69 70 71 72 73 74 75 76 77 78 80 
active=75: 1 2 3 4 5 6 7 8 9 10 11 12 13 14 15 16 17 18 19 20 22 23 24 25 26 28 29 30 31 32 33 34 35 36 37 38 39 40 41 42 43 44 45 46 47 48 50 52 53 54 55 56 57 58 59 60 61 62 63 64 65 66 67 68 69 70 71 72 73 74 75 76 77 78 80 
active=74: 1 2 3 4 5 6 7 8 9 10 11 12 13 14 15 16 17 18 19 20 22 23 24 25 26 28 29 30 31 32 33 34 35 36 37 38 39 41 42 43 44 45 46 47 48 50 52 53 54 55 56 57 58 59 60 61 62 63 64 65 66 67 68 69 70 71 72 73 74 75 76 77 78 80 
active=73: 1 2 3 4 5 6 7 8 9 10 11 12 13 14 15 16 17 18 19 20 22 23 24 25 26 28 29 30 31 32 33 34 35 36 37 38 39 41 42 43 44 45 46 47 48 50 52 53 54 55 57 58 59 60 61 62 63 64 65 66 67 68 69 70 71 72 73 74 75 76 77 78 80 
active=72: 1 2 3 4 5 6 7 8 9 10 11 12 13 14 16 17 18 19 20 22 23 24 25 26 28 29 30 31 32 33 34 35 36 37 38 39 41 42 43 44 45 46 47 48 50 52 53 54 55 57 58 59 60 61 62 63 64 65 66 67 68 69 70 71 72 73 74 75 76 77 78 80 
active=71: 1 2 3 4 5 6 7 8 9 10 11 12 13 14 16 17 18 19 20 22 23 24 25 26 28 29 30 31 32 33 34 35 36 37 38 39 41 42 43 44 46 47 48 50 52 53 54 55 57 58 59 60 61 62 63 64 65 66 67 68 69 70 71 72 73 74 75 76 77 78 80 
active=70: 1 2 3 4 5 6 7 8 9 10 11 12 13 14 16 17 18 19 20 22 23 24 25 26 28 29 30 31 32 33 34 35 36 37 38 39 41 42 43 46 47 48 50 52 53 54 55 57 58 59 60 61 62 63 64 65 66 67 68 69 70 71 72 73 74 75 76 77 78 80 
active=69: 1 2 3 4 5 6 7 8 9 10 11 12 13 14 16 17 18 19 20 22 23 24 25 26 29 30 31 32 33 34 35 36 37 38 39 41 42 43 46 47 48 50 52 53 54 55 57 58 59 60 61 62 63 64 65 66 67 68 69 70 71 72 73 74 75 76 77 78 80 
active=68: 1 2 3 4 5 6 7 8 9 10 11 12 13 14 16 17 18 19 20 22 23 24 25 26 29 30 31 32 33 34 35 36 37 38 39 41 42 43 46 47 48 50 52 53 54 55 57 58 59 60 61 62 63 64 65 66 67 68 69 70 71 72 74 75 76 77 78 80 
active=67: 1 2 3 4 5 6 7 8 9 10 11 12 13 14 16 17 18 19 20 22 23 24 25 26 29 31 32 33 34 35 36 37 38 39 41 42 43 46 47 48 50 52 53 54 55 57 58 59 60 61 62 63 64 65 66 67 68 69 70 71 72 74 75 76 77 78 80 
active=66: 1 2 3 4 5 6 7 8 9 10 11 12 13 14 16 17 18 19 20 22 23 24 26 29 31 32 33 34 35 36 37 38 39 41 42 43 46 47 48 50 52 53 54 55 57 58 59 60 61 62 63 64 65 66 67 68 69 70 71 72 74 75 76 77 78 80 
active=65: 1 2 3 4 5 6 7 8 9 10 11 12 13 14 16 17 18 19 20 22 23 24 26 29 31 32 33 34 35 36 37 38 39 41 42 43 46 47 48 50 52 53 54 55 58 59 60 61 62 63 64 65 66 67 68 69 70 71 72 74 75 76 77 78 80 
active=64: 1 2 3 4 5 6 7 8 9 10 11 12 13 14 16 17 18 19 20 22 23 24 26 29 31 32 33 34 35 36 37 38 39 41 42 43 46 47 48 50 52 53 54 55 58 60 61 62 63 64 65 66 67 68 69 70 71 72 74 75 76 77 78 80 
active=63: 1 2 3 4 5 6 7 8 9 10 11 12 13 14 16 17 18 19 20 22 23 24 26 29 31 32 33 34 35 36 37 38 39 41 42 43 46 47 48 50 52 53 54 55 58 60 61 62 63 64 65 66 67 68 69 70 71 72 74 75 76 77 78 
active=62: 1 2 3 4 5 6 7 8 9 10 12 13 14 16 17 18 19 20 22 23 24 26 29 31 32 33 34 35 36 37 38 39 41 42 43 46 47 48 50 52 53 54 55 58 60 61 62 63 64 65 66 67 68 69 70 71 72 74 75 76 77 78 
active=61: 1 2 3 4 5 6 7 8 9 10 12 13 14 16 17 18 19 20 22 23 24 26 31 32 33 34 35 36 37 38 39 41 42 43 46 47 48 50 52 53 54 55 58 60 61 62 63 64 65 66 67 68 69 70 71 72 74 75 76 77 78 
active=60: 1 2 3 4 5 6 7 8 9 10 12 13 14 16 17 18 19 20 22 23 24 26 31 32 33 34 35 36 37 38 39 41 42 43 46 47 48 50 52 53 54 55 58 60 61 62 63 64 65 66 67 68 70 71 72 74 75 76 77 78 
active=59: 1 2 3 4 5 6 7 8 9 10 12 13 14 16 17 18 19 20 22 24 26 31 32 33 34 35 36 37 38 39 41 42 43 46 47 48 50 52 53 54 55 58 60 61 62 63 64 65 66 67 68 70 71 72 74 75 76 77 78 
active=58: 1 2 3 4 5 6 7 8 9 10 12 13 14 16 17 18 19 20 22 24 26 31 32 33 34 35 36 38 39 41 42 43 46 47 48 50 52 53 54 55 58 60 61 62 63 64 65 66 67 68 70 71 72 74 75 76 77 78 
active=57: 1 2 3 4 5 6 7 8 9 10 12 13 14 16 17 18 19 20 22 24 26 31 32 33 34 35 36 38 39 41 42 43 46 47 48 50 52 53 54 55 58 60 61 62 63 65 66 67 68 70 71 72 74 75 76 77 78 
active=56: 1 2 3 4 5 6 7 8 9 10 12 13 14 16 17 18 19 20 22 24 26 31 32 33 34 35 36 38 39 41 42 43 46 47 48 50 52 54 55 58 60 61 62 63 65 66 67 68 70 71 72 74 75 76 77 78 
active=55: 1 2 3 4 5 6 7 8 9 10 12 13 14 16 17 18 19 20 22 26 31 32 33 34 35 36 38 39 41 42 43 46 47 48 50 52 54 55 58 60 61 62 63 65 66 67 68 70 71 72 74 75 76 77 78 
active=54: 1 2 3 4 5 6 7 8 9 10 12 13 14 16 17 18 19 20 22 26 31 32 33 34 35 36 38 39 41 42 43 46 47 48 50 52 54 55 58 60 61 62 63 65 66 67 68 70 71 72 74 75 77 78 
active=53: 1 2 3 4 5 6 7 8 9 10 12 13 14 16 17 18 19 20 22 26 31 32 33 34 35 36 38 39 41 42 43 46 47 48 50 52 54 55 58 60 61 62 63 65 66 68 70 71 72 74 75 77 78 
active=52: 1 2 3 4 5 6 7 8 9 10 12 13 14 16 17 18 19 20 22 26 31 33 34 35 36 38 39 41 42 43 46 47 48 50 52 54 55 58 60 61 62 63 65 66 68 70 71 72 74 75 77 78 
active=51: 1 2 3 4 5 6 7 8 9 10 12 13 14 16 17 18 19 20 22 26 31 33 34 35 36 38 39 41 42 43 46 47 48 50 52 54 55 58 60 61 62 63 65 66 68 70 71 74 75 77 78 
active=50: 1 2 3 4 5 6 7 8 9 10 12 13 16 17 18 19 20 22 26 31 33 34 35 36 38 39 41 42 43 46 47 48 50 52 54 55 58 60 61 62 63 65 66 68 70 71 74 75 77 78 
active=49: 1 2 3 4 5 6 7 8 9 10 12 13 16 17 18 19 20 22 26 31 33 34 35 36 38 39 41 42 43 46 47 48 50 52 54 55 58 60 61 62 63 66 68 70 71 74 75 77 78 
active=48: 1 2 3 4 5 6 7 8 9 10 12 13 16 17 18 19 20 22 26 31 33 34 35 36 38 39 41 42 43 46 47 50 52 54 55 58 60 61 62 63 66 68 70 71 74 75 77 78 
active=47: 1 2 3 4 5 6 7 9 10 12 13 16 17 18 19 20 22 26 31 33 34 35 36 38 39 41 42 43 46 47 50 52 54 55 58 60 61 62 63 66 68 70 71 74 75 77 78 
active=46: 1 2 3 4 5 6 7 9 10 12 13 16 17 18 19 20 22 26 31 33 34 35 36 38 39 41 42 43 47 50 52 54 55 58 60 61 62 63 66 68 70 71 74 75 77 78 
active=45: 1 2 3 4 5 6 7 9 10 12 13 16 17 18 19 20 22 26 31 33 34 35 36 38 39 41 42 43 47 50 52 54 55 58 60 61 62 63 66 68 70 74 75 77 78 
active=44: 1 2 3 4 5 6 7 9 10 12 13 16 17 18 19 20 22 26 31 33 34 35 36 38 39 41 42 43 47 50 52 54 55 58 60 61 62 63 66 68 70 74 77 78 
active=43: 1 2 3 4 5 6 7 9 10 12 13 16 18 19 20 22 26 31 33 34 35 36 38 39 41 42 43 47 50 52 54 55 58 60 61 62 63 66 68 70 74 77 78 
active=42: 1 2 3 4 5 6 7 9 10 12 13 16 18 19 20 22 26 31 33 34 35 36 38 39 41 42 43 47 50 52 54 55 58 60 61 62 63 66 68 70 77 78 
active=41: 1 2 3 4 5 6 7 9 10 12 13 16 18 19 20 22 26 31 33 34 35 36 38 39 41 42 43 47 50 52 54 55 58 60 61 62 63 66 68 70 78 
active=40: 1 2 3 4 5 6 7 9 10 12 13 16 18 19 20 22 26 31 33 34 35 36 38 39 41 42 43 47 50 52 54 55 58 60 61 63 66 68 70 78 
active=39: 1 2 3 4 5 6 7 9 10 12 13 16 18 19 20 22 26 31 33 34 36 38 39 41 42 43 47 50 52 54 55 58 60 61 63 66 68 70 78 
active=38: 1 2 3 4 5 6 7 9 10 12 16 18 19 20 22 26 31 33 34 36 38 39 41 42 43 47 50 52 54 55 58 60 61 63 66 68 70 78 
active=37: 1 2 3 4 5 6 7 9 10 12 16 18 19 20 22 26 31 33 34 36 38 39 41 42 43 47 50 52 54 55 58 60 61 63 66 68 70 
active=36: 1 2 3 4 5 6 7 9 10 12 16 18 19 20 22 31 33 34 36 38 39 41 42 43 47 50 52 54 55 58 60 61 63 66 68 70 
active=35: 1 2 3 4 5 6 7 9 10 12 16 18 19 20 31 33 34 36 38 39 41 42 43 47 50 52 54 55 58 60 61 63 66 68 70 
active=34: 1 2 3 4 5 6 7 9 10 12 16 18 19 20 31 33 34 36 38 39 41 42 43 47 50 52 54 55 58 60 61 63 66 68 
active=33: 1 2 3 4 5 6 7 9 10 12 16 18 19 20 31 33 34 36 38 39 41 42 43 47 50 52 54 55 60 61 63 66 68 
active=32: 1 2 3 4 5 6 7 9 10 12 16 18 19 20 31 33 34 36 39 41 42 43 47 50 52 54 55 60 61 63 66 68 
active=31: 1 2 3 4 5 6 7 9 10 12 16 18 19 20 31 33 34 36 39 41 43 47 50 52 54 55 60 61 63 66 68 
active=30: 1 2 3 4 5 6 7 9 10 12 16 18 19 20 31 33 34 36 39 41 43 47 52 54 55 60 61 63 66 68 
active=29: 1 2 3 4 5 6 7 9 10 12 16 18 19 20 31 33 34 36 39 41 43 47 54 55 60 61 63 66 68 
active=28: 1 2 3 4 5 6 7 9 10 12 16 18 19 20 31 33 34 36 39 41 43 47 54 60 61 63 66 68 
active=27: 1 2 3 4 5 6 7 9 10 12 16 18 20 31 33 34 36 39 41 43 47 54 60 61 63 66 68 
active=26: 1 2 3 4 5 6 7 9 10 12 16 20 31 33 34 36 39 41 43 47 54 60 61 63 66 68 
active=25: 1 2 3 4 5 6 7 9 10 12 16 20 31 33 34 39 41 43 47 54 60 61 63 66 68 
active=24: 1 2 3 4 5 6 7 9 10 12 16 20 31 33 34 39 43 47 54 60 61 63 66 68 
active=23: 1 2 3 4 5 6 7 9 10 16 20 31 33 34 39 43 47 54 60 61 63 66 68 
active=22: 1 2 3 4 5 6 7 9 10 16 20 31 33 34 43 47 54 60 61 63 66 68 
active=21: 1 2 3 4 5 6 7 9 10 16 20 33 34 43 47 54 60 61 63 66 68 
active=20: 1 2 3 4 5 6 7 9 10 20 33 34 43 47 54 60 61 63 66 68 
active=19: 1 2 3 4 5 6 7 9 10 20 33 43 47 54 60 61 63 66 68 
active=18: 1 2 3 4 5 6 7 9 10 20 33 43 47 60 61 63 66 68 
active=17: 1 2 3 4 5 6 7 9 10 33 43 47 60 61 63 66 68 
active=16: 1 2 3 4 5 6 7 9 10 33 47 60 61 63 66 68 
active=15: 1 2 3 4 5 6 7 9 10 47 60 61 63 66 68 
active=14: 1 2 3 4 5 6 7 9 10 60 61 63 66 68 
active=13: 1 2 3 4 5 6 7 9 10 60 61 63 68 
active=12: 1 2 3 4 5 6 7 9 10 60 61 63 
active=11: 1 2 3 4 5 6 7 9 10 60 63 
active=10: 2 3 4 5 6 7 9 10 60 63 
active=9: 2 3 4 5 6 7 10 60 63 
active=8: 2 3 4 5 6 7 10 63 
active=7: 2 3 4 6 7 10 63 
active=6: 3 4 6 7 10 63 
active=5: 3 6 7 10 63 
active=4: 3 6 10 63 
active=3: 3 10 63 
active=2: 3 10 
active=1: 10 
