0.000000 0.489362
1.000000 0.634468
2.000000 0.663723
3.000000 0.673298
4.000000 0.722128
5.000000 0.738298
6.000000 0.722553
7.000000 0.718191
8.000000 0.712979
9.000000 0.727340
10.000000 0.720426
11.000000 0.718723
12.000000 0.734149
13.000000 0.756064
14.000000 0.753936
15.000000 0.748298
16.000000 0.743936
17.000000 0.747234
18.000000 0.749255
19.000000 0.752553
20.000000 0.747872
21.000000 0.738936
22.000000 0.745532
23.000000 0.741064
24.000000 0.732234
25.000000 0.726489
26.000000 0.736489
27.000000 0.733723
28.000000 0.754255
29.000000 0.742766
30.000000 0.759787
31.000000 0.748191
32.000000 0.745000
33.000000 0.750532
34.000000 0.750213
35.000000 0.734681
36.000000 0.734468
37.000000 0.730000
38.000000 0.733404
39.000000 0.722234
40.000000 0.722766
41.000000 0.718511
42.000000 0.716064
43.000000 0.706809
44.000000 0.707553
45.000000 0.698936
46.000000 0.698617
47.000000 0.700745
48.000000 0.697447
49.000000 0.694894
50.000000 0.691383
51.000000 0.688298
52.000000 0.686809
53.000000 0.684787
54.000000 0.677872
55.000000 0.669787
56.000000 0.656170
57.000000 0.660213
58.000000 0.661809
59.000000 0.647234
60.000000 0.646702
61.000000 0.652340
62.000000 0.644574
63.000000 0.636596
64.000000 0.632979
65.000000 0.628085
66.000000 0.631489
67.000000 0.620000
68.000000 0.622553
69.000000 0.617553
70.000000 0.610638
71.000000 0.613511
72.000000 0.597447
73.000000 0.599787
74.000000 0.594894
75.000000 0.592872
76.000000 0.579894
77.000000 0.585851
78.000000 0.589043
79.000000 0.574149
80.000000 0.577553
