0.000000 0.488372 0.511628
1.000000 0.623721 0.627093
2.000000 0.647326 0.665581
3.000000 0.670814 0.700581
4.000000 0.690581 0.717326
5.000000 0.757326 0.809535
6.000000 0.795000 0.843953
7.000000 0.770930 0.833372
8.000000 0.783953 0.837326
9.000000 0.780233 0.852907
10.000000 0.786047 0.869186
11.000000 0.805581 0.884186
12.000000 0.800233 0.888023
13.000000 0.791279 0.893256
14.000000 0.797093 0.898023
15.000000 0.814302 0.905581
16.000000 0.806395 0.914767
17.000000 0.816860 0.926628
18.000000 0.813721 0.929535
19.000000 0.813721 0.933023
20.000000 0.811047 0.935930
21.000000 0.800581 0.941977
22.000000 0.801279 0.935465
23.000000 0.794535 0.942093
24.000000 0.798140 0.941744
25.000000 0.790814 0.941628
26.000000 0.775116 0.943256
27.000000 0.774419 0.945233
28.000000 0.757674 0.947674
29.000000 0.758837 0.945581
30.000000 0.754302 0.949186
31.000000 0.754535 0.951628
32.000000 0.746047 0.949651
33.000000 0.736977 0.946860
34.000000 0.732442 0.950581
35.000000 0.727442 0.954070
36.000000 0.721163 0.952209
37.000000 0.708953 0.955698
38.000000 0.704884 0.960465
39.000000 0.707209 0.956628
40.000000 0.700930 0.959884
