1 0.097381963054 0.925026860327
2 -0.045379708574 1.057388720012
3 0.216999612516 0.996400272258
4 -0.016459597325 0.920430501467
5 0.160648851923 1.010442625677
6 0.115330299740 1.008536704805
7 -0.094783471454 1.108129680027
8 0.129402992844 1.000328191336
9 -0.061561720308 1.155652972229
10 0.102898811504 0.947880790770
11 0.079827071156 0.846243020335
12 0.037566282443 0.927179605535
13 0.179219037432 0.894929155343
14 -0.034295909598 0.897653918511
15 -0.089579005537 0.981171741183
16 -0.005554817236 0.989019630392
17 -0.137950833393 0.908055382600
18 0.021401619531 1.109053641702
19 -0.054677827682 1.024696630099
20 -0.078401640972 0.901785173887
21 -0.272456124152 1.014046163364
22 0.089566749039 0.954420053506
23 0.017334056354 1.016979468848
24 -0.012717395864 1.046078645359
25 -0.117469549704 0.962953387896
26 -0.072333999870 0.981590075638
27 0.028078963212 0.900671217090
28 0.103981771858 0.978654907583
29 -0.030633641016 0.981174535484
30 0.147403271686 1.068083474316
31 -0.138271754686 0.987777578439
32 -0.056190344889 1.051303729855
33 -0.019580350940 0.931903381148
34 0.021604119782 0.957549378603
35 0.005884485516 0.975199729332
36 0.016491351891 0.995298440637
37 -0.073501401906 0.948869477521
38 -0.134635501460 0.989070336125
39 -0.012415513215 0.955436293980
40 0.082917301927 1.039831736456
41 0.023730445537 0.831570934726
42 0.138963569916 1.045177189844
43 0.134289055807 0.974608608318
44 0.026368555044 1.109483569408
45 -0.086664740024 1.012659968020
46 -0.076297938544 0.861649288559
47 0.004075964965 0.947340047473
48 0.140455853500 1.006985835613
49 0.057585994839 0.987542460711
50 -0.101783252193 0.944191704223
51 -0.173462202968 0.949565053437
52 -0.033506898762 1.072640143289
53 0.079409334653 0.938819707055
54 -0.017174536198 1.066028444855
55 0.032860283171 1.050533282845
56 0.107797573383 1.048155033633
57 0.203126738450 1.070920973693
58 0.038039016704 0.956239881753
59 -0.056440702708 0.891725886651
60 -0.149425127067 0.988824557137
61 0.133617332865 0.980425437351
62 0.041835913544 0.936968325841
63 -0.124885843387 0.962319586174
64 0.104495661294 0.919692452126
65 -0.045284105190 0.940108296695
66 0.047082439545 1.002490231861
67 0.020758794380 1.054945598874
68 0.067638123964 0.879375819007
69 0.030781230385 1.072177405748
70 -0.071380900537 0.966171974309
71 -0.172736311296 0.996564704547
72 0.113252534975 0.932587482630
73 -0.028011302679 0.934277134310
74 0.013272291409 0.989511790030
75 0.121892080495 1.077000800536
76 -0.078020391975 1.148929676110
77 -0.003492896333 0.966253232852
78 -0.072927675534 1.004899097073
79 -0.010631894684 0.953741046385
80 0.042343215663 0.913520900038
81 0.077802166125 1.049312748730
82 0.112088387531 0.996241578599
83 -0.140526288391 1.067539269237
84 0.000545179508 1.008814380817
85 -0.089709595426 0.917881836569
86 -0.046195898772 1.055848724601
87 -0.005828834712 0.970125305783
88 -0.025113904408 0.981274112433
89 0.195875586618 1.030351682746
90 0.053820512755 1.047805900702
91 0.011907191661 0.952171679425
92 -0.011026491890 1.049530722796
93 -0.015565258297 0.986915908511
94 0.098554144715 0.922105420377
95 -0.144877795355 0.915492993041
96 -0.021169665099 1.024394473738
97 0.047934017275 0.892008483377
98 0.134430241324 1.015706208914
99 -0.011309718480 1.013568131539
100 -0.039892624372 1.004543750164
