0.000000 0.500000
1.000000 0.629600
2.000000 0.626800
3.000000 0.688200
4.000000 0.731500
5.000000 0.762900
6.000000 0.761900
7.000000 0.768900
8.000000 0.770300
9.000000 0.773500
10.000000 0.755400
11.000000 0.757200
12.000000 0.754900
13.000000 0.768600
14.000000 0.775800
15.000000 0.779100
16.000000 0.793500
17.000000 0.798500
18.000000 0.800800
19.000000 0.811000
20.000000 0.815600
21.000000 0.824600
22.000000 0.831300
23.000000 0.827500
24.000000 0.822800
25.000000 0.831100
26.000000 0.840500
27.000000 0.845500
28.000000 0.851800
29.000000 0.853500
30.000000 0.861700
31.000000 0.869300
32.000000 0.876700
33.000000 0.878300
34.000000 0.872800
35.000000 0.885400
36.000000 0.892900
37.000000 0.890900
38.000000 0.897300
39.000000 0.900300
40.000000 0.901100
41.000000 0.914300
42.000000 0.920300
43.000000 0.924600
44.000000 0.926100
45.000000 0.921700
46.000000 0.930700
47.000000 0.925500
48.000000 0.931700
49.000000 0.932900
50.000000 0.929900
51.000000 0.934700
52.000000 0.933500
53.000000 0.933700
54.000000 0.932900
55.000000 0.939100
56.000000 0.939400
57.000000 0.943200
58.000000 0.946300
59.000000 0.944300
60.000000 0.948300
61.000000 0.948300
62.000000 0.947600
63.000000 0.951100
64.000000 0.953700
65.000000 0.955100
66.000000 0.956600
67.000000 0.955800
68.000000 0.955200
69.000000 0.957500
70.000000 0.957900
71.000000 0.957300
72.000000 0.962200
73.000000 0.960300
74.000000 0.962900
75.000000 0.964700
76.000000 0.965400
77.000000 0.964900
78.000000 0.963600
79.000000 0.965600
80.000000 0.966300
81.000000 0.965900
82.000000 0.966400
83.000000 0.968800
84.000000 0.967500
85.000000 0.970100
86.000000 0.969900
87.000000 0.969900
88.000000 0.970400
89.000000 0.968100
90.000000 0.971100
91.000000 0.971400
92.000000 0.972200
93.000000 0.971200
94.000000 0.970500
95.000000 0.973100
96.000000 0.974200
97.000000 0.973700
98.000000 0.974600
99.000000 0.974500
100.000000 0.974400
