active=20: 1 2 3 4 5 6 7 8 9 10 11 12 13 14 15 16 17 18 19 20 
active=19: 1 2 3 4 5 6 7 8 9 10 11 12 13 14 15 16 17 18 20 
active=18: 1 2 3 4 5 6 7 8 9 10 11 12 13 14 15 16 17 18 
active=17: 1 2 3 4 5 6 7 8 9 10 11 12 13 14 15 17 18 
active=16: 1 2 3 4 5 6 7 9 10 11 12 13 14 15 17 18 
active=15: 1 2 3 4 5 6 9 10 11 12 13 14 15 17 18 
active=14: 1 2 3 4 5 6 10 11 12 13 14 15 17 18 
active=13: 1 2 3 4 5 6 10 11 12 13 15 17 18 
active=12: 1 2 3 4 5 6 10 11 13 15 17 18 
active=11: 1 2 3 5 6 10 11 13 15 17 18 
active=10: 1 2 3 6 10 11 13 15 17 18 
active=9: 1 2 3 6 10 11 13 17 18 
active=8: 2 3 6 10 11 13 17 18 
active=7: 2 3 6 11 13 17 18 
active=6: 2 3 6 11 13 18 
active=5: 2 3 11 13 18 
active=4: 2 3 11 13 
active=3: 3 11 13 
active=2: 3 13 
active=1: 13 
