1 -0.292855477844 1.012080701578
2 -0.006308288048 0.925131333942
3 -0.253057758701 1.093445125051
4 0.117733931377 0.824182809281
5 0.164710422479 0.938190746245
6 0.227868490789 0.864682380363
7 -0.138883138008 0.848948996934
8 -0.271626939888 0.907636612511
9 0.170268119093 0.961144511450
10 -0.063541200331 1.009509960419
11 0.021455588536 1.123910371635
12 -0.084351903059 1.043618587265
13 -0.105065012326 0.861152269532
14 0.097443716060 1.057736627323
15 -0.033934789847 1.057198250220
16 -0.016097403982 1.181448726046
17 -0.272599447463 0.917903512371
18 0.139548474367 0.842352337411
19 -0.047842518224 1.087549453262
20 0.045643482227 1.098443421455
21 -0.124471915791 1.101846949338
22 -0.108677397525 0.928870482056
23 0.007872928441 0.845445814956
24 0.196921140060 1.030451536310
25 0.290892165558 0.894315114100
26 -0.188135977567 0.905833060560
27 -0.230902063897 0.923494982127
28 -0.113561365764 0.966765445476
29 -0.153214733211 0.789773194314
30 -0.111540396524 0.996714240483
31 0.097521520990 0.977865595578
32 0.052873298730 1.141352659723
33 0.054094231527 0.906827478102
34 0.004446394997 1.126506524437
35 -0.043255605514 0.839833191339
36 -0.002691688666 0.819902948927
37 0.045178813082 0.993914517636
38 0.031624058763 0.835178899048
39 -0.212729228730 0.894913945752
40 -0.200335529460 1.048152987065
