N=100
P=60
R=2
1 1.523780 0.572549 -1.066942 -1.850641 0.862202 1.078844 0.312400 -0.089538 -0.545048 -0.678105 -1.026354 0.310355 -0.546481 -1.103161 -1.209521 -0.467002 1.406744 0.016823 -0.375926 0.335137 -0.017414 0.622958 0.228110 -0.040050 -0.354173 0.644965 0.570145 -0.782867 0.040548 -0.875244 0.652155 -0.670495 0.244272 0.368675 1.370010 0.321355 -0.392380 -2.118210 -0.474376 0.132778 0.577734 0.995984 0.273824 -2.462359 0.666753 -0.475006 0.335901 -0.224665 -0.092112 0.997443 0.604344 -0.024770 -1.489107 0.768497 -1.052294 -1.166555 0.495320 -0.638556 1.160023 -1.975944 16.582945 1.000000
2 -1.437200 -0.081397 -0.956447 2.040995 0.255379 -1.475510 0.357158 -0.101932 -0.158103 -0.785650 1.751698 0.590470 0.641638 -2.248327 0.708495 0.684571 0.046178 0.509032 2.382663 -0.808954 -2.034322 -0.735222 -1.318709 0.046538 -0.662377 0.720275 -0.861458 -0.137190 1.519016 0.661438 1.230442 -0.160571 0.078880 0.042102 0.696338 0.934215 0.169349 1.285242 1.013643 0.371838 0.641563 0.807410 -2.097579 0.122967 -0.753564 -2.083984 -0.292482 -1.382466 -1.059407 -0.671856 -1.520113 0.835754 -0.708554 -0.241781 2.148004 -0.822998 -0.514976 1.079431 0.449974 -1.267434 5.171420 1.000000
3 -0.302715 0.416887 -0.733629 0.167255 -0.087295 -0.275672 1.506692 -0.168101 0.471716 0.312423 -0.392692 -0.298629 2.880405 0.538229 -1.990455 -1.951309 -0.875441 0.434215 0.369315 0.392329 1.527901 1.050950 0.198995 0.415306 0.185038 0.014285 -1.198177 1.117106 0.271292 -0.352655 -0.654222 1.258388 0.466193 0.287484 -0.784199 -0.457091 -0.514595 1.036425 -0.483243 -0.085605 1.577770 1.334060 1.142529 -0.504494 0.936856 0.677289 0.530450 0.312463 -0.832121 0.585526 -0.686206 0.503432 -0.265337 -1.560209 0.212447 -0.953116 0.686139 -0.347218 0.417562 -1.288195 19.623633 1.000000
4 -0.346558 -0.664649 0.099724 -0.217240 -0.419638 0.574006 1.584726 -0.009944 -1.867576 -0.053252 0.967633 1.042916 -0.895890 -0.520963 0.995043 0.587767 0.572717 -0.366812 -1.552639 2.259665 0.754286 0.135114 -0.138478 0.074521 -0.014462 0.361096 0.514631 0.517372 1.279767 0.297919 -0.558418 0.221103 1.322595 0.567460 0.637524 -1.415608 0.418839 1.665219 0.386396 -0.963530 -0.706835 -0.015266 0.947340 0.780538 0.655083 -2.433104 1.387978 -1.332663 0.414328 -0.245752 0.313541 1.725701 0.151085 -0.906467 0.113708 0.168829 0.750224 0.235872 -0.427468 -0.926506 29.666851 1.000000
5 1.134394 -0.469586 -0.212209 -1.701316 -1.281141 0.954146 -0.293709 -0.897862 -1.187686 -0.172123 -0.696667 -0.803471 -0.778254 -0.238691 -0.810147 -0.619989 -2.116593 -0.707750 0.146450 -0.777724 -0.615346 1.172430 -0.045441 0.386070 -0.329999 -0.036741 0.315960 0.137296 1.185662 -0.681951 -0.510412 -0.751221 1.512549 -1.415104 3.634612 -0.722517 -0.681042 0.407029 0.012680 0.234394 0.314537 -0.917745 0.115203 -1.074300 -0.022725 -0.559370 -0.319505 -0.975307 0.588625 -0.276010 -1.340941 -2.007335 -0.601619 1.404818 0.275814 -0.193437 -1.307468 0.645829 1.023016 -0.938506 3.528522 1.000000
6 0.694571 2.558556 -1.259605 -0.020811 0.796762 1.507265 2.441140 1.786659 -0.663432 0.588531 0.709709 0.996740 1.334116 1.999955 1.254754 -0.437824 -0.187765 -1.265283 -0.061023 1.082320 -0.708481 0.906273 -1.775549 1.884639 -0.342208 0.924337 -0.503084 -0.575486 0.794198 1.869924 0.414723 1.643455 -0.131037 0.703932 -1.341299 0.468765 1.762398 0.128828 0.722339 -0.773437 -0.831435 1.679012 0.311862 1.518833 0.364768 2.094645 -0.825367 -0.914136 -0.160850 -0.902912 0.599030 0.915467 -1.691914 0.809910 0.418980 0.495525 -0.703016 0.455493 0.759628 -0.795884 31.930678 1.000000
7 -1.810763 0.465821 0.766424 -1.002161 -0.130739 0.841823 1.708979 -0.951063 -0.415196 -0.567380 0.167443 0.117974 0.018951 -0.858584 0.371627 -2.447576 -0.651326 1.820410 0.521657 -0.214885 0.066353 0.723521 0.882455 1.160194 -0.707314 -1.147490 -0.789641 -1.144338 0.809127 1.597307 0.510273 1.011425 1.555998 2.172880 0.224184 -0.562068 1.082509 -1.417256 1.319360 -0.820677 -0.622950 -0.593244 0.838035 0.248370 -0.057568 -0.889381 -1.702613 -1.721849 -1.008607 1.827370 0.331830 0.908664 -0.773746 -0.502472 1.806242 0.311563 -1.206182 -0.116659 1.159116 -0.692489 4.352553 1.000000
8 -0.004800 -0.775275 0.651087 -0.671877 1.430404 0.529940 -0.865051 0.107394 -0.532185 -0.229503 0.307863 2.499380 1.099048 -1.262044 -0.650813 -1.001574 1.630606 0.077753 0.743308 1.146359 -0.458196 -0.596417 -0.835765 0.426533 0.427942 0.913664 0.671486 -0.013402 -0.696715 -0.481459 -0.166288 -0.231363 -0.184931 0.238768 -0.101572 0.303603 -1.557651 0.367061 0.942563 -0.344181 0.760656 0.080327 0.827749 -0.838624 -0.347269 0.472648 1.332705 -1.037462 -1.464206 0.389776 1.890662 1.021654 0.989463 1.139225 -1.036522 -0.143042 0.616525 -1.177235 -1.092096 1.025758 6.490171 1.000000
9 -2.027618 0.166843 0.423381 0.725296 1.301794 -0.052861 0.894279 1.185065 0.549036 0.885033 -0.948527 1.696980 -0.190437 1.357958 -1.387142 -0.353699 -1.562556 1.729228 0.014480 0.954205 0.936611 -1.677199 -0.626928 0.482345 -0.572096 -1.564244 -0.371718 -0.383945 -1.202180 -0.374131 -1.042008 -0.980468 -0.178745 0.693403 0.154721 -0.914333 0.446610 0.946568 -1.093120 -0.247812 0.509844 -0.865019 -1.459845 0.126928 -0.043115 -0.485899 0.185960 0.702569 2.634742 0.100141 -0.163895 -0.101032 0.033317 1.864107 0.444404 0.731380 1.345381 -0.061370 -0.812050 -0.016905 28.183432 1.000000
10 2.195890 -0.240551 0.001197 -0.193965 0.325179 -0.520396 0.385424 -1.313132 0.728366 0.988587 0.038138 -0.471432 0.675678 -0.576576 0.423686 0.432803 0.182929 -1.985219 2.154873 2.065271 -0.491562 0.700111 1.502881 0.742160 0.673307 -0.064641 -0.244857 -0.134697 0.037467 0.210838 -1.445384 -0.056213 1.961045 0.185592 0.245225 -1.723213 -0.589344 -1.459931 -1.067110 -1.493117 -0.188837 0.623570 1.357974 -0.254725 0.373145 -0.453576 0.854363 -0.768742 -0.304384 -0.250807 0.913563 -0.254304 -0.894710 -0.771297 -0.522931 1.304868 0.875533 -0.261160 0.393788 0.608637 2.837651 1.000000
11 1.916823 0.125380 -0.404642 0.305116 -0.310870 -1.340125 0.020191 0.462157 -0.734524 -0.496478 -1.284517 -0.682348 0.800300 0.821377 0.548932 -1.227912 -0.907096 0.812868 -0.223021 0.532388 -0.459705 0.930112 -0.196716 0.183782 -0.529297 -0.203834 -0.680187 -0.354376 -2.358827 -0.761527 -1.153700 0.682600 0.181899 2.364448 -0.545212 0.350377 1.354498 1.316195 1.986542 0.253641 1.397062 0.361384 1.251344 -0.057676 -1.308855 -0.952892 -1.641477 -0.517250 0.317380 -0.463986 0.049116 1.960026 -1.199138 0.420145 0.624812 0.117776 0.632806 -0.991029 -0.327301 -0.690968 0.516602 1.000000
12 2.738528 0.256077 0.878365 0.594670 0.607259 -0.510230 0.285695 -0.384575 0.272069 0.860211 -0.661031 -1.862322 -1.419115 -1.936349 0.017741 -0.896825 -0.004143 -0.664352 -0.139054 0.783169 -2.440025 2.278111 -0.537777 1.034607 -1.142612 -0.089162 1.179524 0.414611 -1.398237 1.389868 -0.283849 -0.664896 0.459894 -0.703091 -1.619404 0.598550 0.508164 0.350946 -0.915020 0.178570 0.911443 -0.082671 0.156352 0.771944 -1.561337 0.230545 0.516409 0.013541 1.059075 0.627791 -1.117705 0.558501 0.409330 0.678448 -1.852318 -0.915492 -0.544628 -0.193239 0.178235 -0.109723 0.092563 1.000000
13 -0.864102 -0.286568 0.043111 -0.634064 -0.274583 0.810744 -1.637116 1.354557 0.983180 -0.539939 2.474168 -1.320634 -0.384374 -0.621357 0.757088 1.345123 -0.265262 -0.534162 0.065773 0.191518 -0.766574 0.120928 0.604319 0.472453 -1.038638 1.059496 -1.090684 0.055103 0.599827 0.635056 -1.119115 0.273352 -0.226670 1.711266 0.404710 0.497857 -1.525312 -1.068179 0.475328 -2.182043 -0.345671 -0.194741 -0.914873 0.644642 -0.394321 -0.019829 -0.385225 0.068099 0.925267 2.026459 -0.566439 -1.025384 0.215393 -0.066951 -1.361876 0.055091 -0.416152 0.532204 1.462763 -0.718720 7.215943 1.000000
14 -0.511495 -0.396545 -0.660633 0.305422 -1.247144 2.469533 -1.090369 0.169710 -2.092252 -1.292745 -1.140266 -0.352590 -0.988358 -0.247453 -0.137567 -0.192411 0.401105 1.282994 0.083608 -1.183402 -0.195295 -1.261241 0.263245 1.026851 1.087049 -0.026896 -1.016910 0.356495 -0.342321 1.431914 -0.585161 1.423699 -0.592186 1.317346 0.575204 0.747501 0.856712 -0.883809 -0.432068 -0.479580 0.406286 -0.177542 1.494443 1.174479 0.409093 -0.320303 0.394264 -0.553631 -0.218423 -0.299437 -1.055784 -1.153234 -0.561042 0.673308 1.569580 1.867589 0.062507 0.730050 -0.052276 0.606547 9.905629 1.000000
15 -0.820395 0.766477 -0.548067 0.820011 0.369895 -1.880959 -0.198404 -0.297041 0.511559 1.186746 0.612359 1.083928 0.717779 0.597406 -0.544615 0.746497 -0.218667 0.910918 -0.655734 0.681104 -1.820000 1.299016 -1.257821 0.573894 -0.213066 0.149704 -1.838610 1.824900 0.520563 0.633606 1.442178 0.655613 1.149717 0.801763 2.043299 -1.097613 0.590369 -1.872685 0.936640 1.116719 -0.573646 -0.181367 -2.005029 0.732780 -0.179753 0.036098 -0.260332 1.933307 1.086111 1.088170 1.179951 -0.593287 0.186927 0.168412 1.647883 -1.078174 -0.117517 -0.425718 2.747676 -0.180766 0.183013 1.000000
16 0.102343 -0.682593 0.642108 -0.962766 -1.070964 0.398372 0.961646 -0.720331 -1.365622 0.954312 -0.661858 1.392805 0.350802 1.077550 1.917539 0.419825 0.850871 -0.259227 -0.487468 0.266323 -0.206749 0.150706 -1.407492 0.235051 -0.225114 -0.838367 0.047093 1.049746 0.697940 -0.629701 -0.566872 -0.226942 -0.068467 -0.230569 -0.258940 -0.446519 -0.984746 -0.809100 -0.238207 -1.673530 0.507209 0.816086 -0.704854 1.131744 0.567782 1.324069 -0.046467 -1.047154 0.973313 1.317045 1.436014 0.081016 -1.368875 0.875512 -0.302550 0.144568 0.766717 -0.413048 -1.613014 -0.045161 8.411401 1.000000
17 -0.876667 0.552584 0.327241 1.000007 -0.541342 2.193497 0.940061 -0.081155 0.690833 0.937931 -0.749701 1.273468 0.207052 2.884214 0.335855 1.252838 0.387436 -2.031248 -0.356652 -0.980230 1.290772 0.942400 -0.249173 0.160409 -0.217533 -2.252271 1.224299 -0.005818 -1.735832 0.037285 -0.906561 -0.447706 -0.042357 -0.489495 0.694346 -0.386689 0.093524 -1.736295 -0.112719 -0.591251 1.203571 2.444038 -0.355584 0.306199 0.285554 -0.393260 -0.356504 1.382973 -0.929345 2.139476 -0.143486 0.022336 2.178232 -1.307264 1.159442 0.084415 -0.138353 -0.956224 -1.470803 -0.124857 6.778175 1.000000
18 0.144456 0.056588 -1.667152 -0.045737 1.993730 1.223480 0.872986 1.239912 -0.743111 -0.969258 -1.651819 -1.343314 1.114264 -1.378549 -1.009620 0.434239 -0.104556 -0.291474 -0.926376 -0.542230 0.338520 -0.568266 -1.757131 -0.797678 0.348816 0.306903 0.558848 0.758046 1.520700 -1.298543 0.085069 -0.453813 2.040649 0.474363 1.055474 0.242264 0.455543 3.141493 -2.139144 -0.005279 1.178135 -0.136008 -0.989698 -0.513716 1.032221 -0.790025 -1.271746 0.265266 0.681195 -0.419556 0.086799 0.931339 -1.308043 1.734221 1.612018 -0.491321 -0.037855 0.572469 -1.187220 -1.140639 9.196085 1.000000
19 1.566422 0.201289 -0.317683 -0.323368 -0.254470 -0.747368 2.033384 0.203925 -0.323998 0.131278 1.758725 0.025535 -0.237604 1.140150 -1.088990 -1.522118 -0.424170 -1.893379 0.648092 -0.668855 -0.274967 -1.539425 0.850918 0.398683 -1.413179 -0.431869 -0.039548 -2.256167 0.047779 -1.187121 0.922100 0.034937 1.076413 1.537102 -0.507347 0.049550 -0.994783 2.103809 -0.134689 -0.331088 -0.928266 -1.538490 1.506267 -1.719000 1.840365 1.335869 1.081704 0.378479 -2.349884 -0.262149 -0.740791 1.102054 -1.346360 1.223897 -0.325822 0.324143 0.295596 0.245957 -0.101234 -0.563834 5.217532 1.000000
20 1.401536 0.459927 0.648784 -0.666497 0.011737 1.113107 -0.149789 2.187612 1.609706 -0.684476 2.398784 0.791735 0.373136 1.198900 1.039847 -0.001973 -1.195853 -0.452598 -1.236063 0.861594 1.431774 1.351283 0.424261 1.723816 -0.485679 -0.289093 1.191397 0.765749 1.380851 0.671813 -1.739490 -0.139471 -0.608888 -0.664077 -0.596626 2.085822 0.518266 2.138165 -0.014167 -2.359558 1.181912 -1.650442 -0.225976 -0.007460 0.966682 0.313031 1.002138 -0.973641 -0.473098 0.203509 0.658541 -0.287567 0.326120 -2.434975 0.455357 1.150928 -1.011576 -0.615641 1.046908 0.434609 6.403044 1.000000
21 -0.617415 -0.581241 0.691723 0.924646 1.352870 -2.435102 0.792108 0.012260 1.308155 -0.093398 -0.331315 -1.213083 0.341698 -0.197387 0.785034 1.669077 0.272647 -0.874860 0.275660 0.549598 -0.428085 -1.149207 -1.553368 0.025412 -0.664308 -0.061446 -0.394775 -0.016535 -0.950246 0.518536 1.302654 0.722690 0.171495 1.448662 0.696694 -0.870216 -1.568020 -1.233174 0.495744 -1.001094 -0.154541 -0.144667 0.861332 -1.171871 -0.359292 0.436093 0.222520 1.902320 1.318053 -0.790442 1.675715 -2.016422 -0.461686 0.641650 -0.894954 -1.769402 -0.027517 -0.188717 -0.994912 -0.005285 4.570915 1.000000
22 0.696681 1.694501 -1.216141 -0.680093 -1.184912 -0.077605 1.257825 0.305383 1.034390 0.015079 -1.194630 -0.152080 -0.761525 1.143289 0.584013 0.574975 -1.733980 0.160246 0.441509 0.884959 0.035793 -0.132833 -0.598871 1.011983 0.782083 -1.056637 0.288462 -0.903515 -0.435280 1.910352 -1.079576 0.680038 0.181181 1.862643 1.378759 -0.958145 -0.898632 0.288433 0.870124 0.440904 -0.365334 0.392465 -0.603416 -0.587451 1.038707 1.231549 -0.529048 0.281794 -1.828078 0.818897 1.550018 0.885401 -0.915200 -0.153995 1.207595 -0.581773 -0.163345 -1.065623 -0.332385 -0.310385 45.000378 1.000000
23 -0.737592 0.066511 -1.661193 -0.051268 -2.740464 0.131025 -0.961704 -0.125869 -1.176841 -0.634269 0.397337 -0.189909 -0.471854 0.536285 -1.439470 0.400174 0.339091 0.773247 -0.975790 -0.629581 0.833254 -0.563015 -0.703451 -0.398437 -1.702930 1.337668 -1.044527 -0.173361 0.107744 -0.077946 -0.493721 0.662248 0.444577 -1.094140 1.006799 3.099721 -1.620840 -1.110328 1.598146 -1.122008 0.030422 -0.776195 0.145093 -0.486349 0.024444 -0.488496 1.368970 -0.003415 1.171773 -1.172242 0.112299 -1.097911 1.018683 -0.984384 -1.169927 0.379886 1.340508 -0.333319 0.337880 0.525360 0.268693 1.000000
24 0.133114 -0.020233 1.349125 1.191553 0.260745 -0.500136 0.734520 -0.409575 -1.564499 0.009513 -1.403716 -0.785993 1.190812 1.058478 -0.120855 1.141169 -0.246889 -1.401415 0.072180 -1.678390 -0.754910 -0.123980 0.022576 0.615038 -0.411259 -0.142534 0.752819 1.322936 -0.809937 0.867522 -0.621645 -0.627945 1.293243 2.210707 0.337967 0.266714 0.489817 0.132317 1.208827 -1.063576 -1.695807 -1.181555 -0.397592 -1.026560 -0.834546 2.291181 -0.379662 -0.717676 0.693822 0.331466 -0.261651 -1.257114 0.312708 -1.689638 -0.267044 1.607821 -0.302521 -1.542110 -0.200744 0.007733 0.460037 1.000000
25 -1.118713 0.004091 0.418586 1.216948 -0.315957 1.052240 -1.206591 0.256470 0.124808 -0.308967 1.815777 1.496313 2.805211 -1.029958 -1.694075 0.951869 -0.486624 -0.243626 0.477207 -1.243087 0.203657 0.725165 -0.701037 1.025927 0.905439 -0.285946 1.226919 -1.550646 -1.023027 0.215424 0.180386 0.014702 -1.196303 0.363896 0.964953 -0.478063 -0.814078 -0.742733 -1.004393 0.162148 0.345612 -0.105644 0.068135 0.836879 -1.347744 -1.098885 0.776258 0.036132 -0.336609 -0.191341 0.481988 0.851287 0.298600 -1.317873 0.159414 -0.538249 -1.107189 0.418038 0.114868 1.355666 2.243209 1.000000
26 1.109610 0.429259 0.238054 -0.394296 -0.269272 1.995096 0.123488 -0.087070 -0.646090 0.625220 -0.512204 -1.405354 0.899705 1.375182 -0.981585 -0.929285 2.000379 0.165979 0.387995 1.491114 -1.439075 -1.469064 -0.600075 0.145031 -1.307673 0.270836 -0.678488 -1.009033 -0.918649 0.738831 -0.166148 1.285923 0.289855 -0.792657 -0.367556 -0.223043 -0.227414 -0.948090 -0.188845 0.199779 1.676283 0.956408 -0.811678 -1.091987 -0.118440 0.538241 0.819914 0.908049 -1.131138 -1.913111 1.182693 -0.354018 0.158796 -1.512774 -1.118217 0.128170 -0.531258 -0.156691 -0.650314 0.587008 0.767955 1.000000
27 -0.522216 1.608025 -1.081467 0.519886 -0.478430 0.207409 2.011212 -0.563230 -0.717128 0.704009 -1.319001 -0.422866 0.856445 3.529561 -0.237601 0.985188 0.129468 -0.099565 -0.132975 -1.493561 0.843004 -0.164734 -1.360120 -0.178302 -2.115921 -0.085644 -1.133671 0.005093 -0.771410 -0.134593 0.471279 1.510938 -1.140961 0.243510 -0.854777 1.769111 0.096898 -1.911349 0.353350 0.709189 -0.177397 -0.107815 -0.773651 1.367067 0.236861 -0.629795 -0.907733 1.110895 0.937488 -0.081382 -0.506335 -0.707666 -0.941353 0.100393 0.961336 1.641670 -0.709742 1.306344 0.835790 -0.008074 8.926642 1.000000
28 0.234907 -0.095513 0.268375 0.286934 1.090939 -1.341910 0.356112 1.027938 -0.398710 -1.523333 1.747365 0.105298 1.031159 -1.056141 -1.042537 0.215787 -1.548153 0.472028 1.295937 -0.792800 -0.654472 0.190406 0.978820 -1.651529 -0.715794 -0.284795 1.048705 0.394618 -1.349176 0.068011 0.550710 -0.569257 0.667922 -2.015859 1.067362 -1.214006 0.802713 0.634576 0.440697 -0.175685 -0.784075 1.708938 0.149432 0.799360 -2.164732 0.447358 0.215134 -0.813525 -0.615696 -0.165354 -0.243486 1.337608 -1.080476 -0.005723 0.008262 0.972337 0.312373 1.734890 -0.003878 -0.853948 0.029357 1.000000
29 1.924916 -1.004129 -0.930700 -0.801890 -1.091831 -0.589974 -2.550254 0.489809 0.752651 -0.541614 -0.150408 0.708363 1.576737 -0.469354 0.730623 -1.236297 0.463900 0.871479 -1.027205 -0.286964 1.072828 1.379243 -0.201766 -0.029096 -1.440997 0.152028 -1.945576 -1.212598 -0.212557 -1.327263 -0.406765 1.444522 0.958136 -0.481070 0.744730 -0.645479 -0.579709 1.228845 -0.412954 0.591541 -1.601242 0.478786 0.997016 2.160109 -2.101729 0.466514 0.893532 -0.379176 0.616408 0.023180 0.451705 1.317942 -0.681824 1.626462 0.735387 -0.411468 -0.155014 -0.259175 -0.915341 -3.035650 0.377978 1.000000
30 2.108453 0.672905 0.436823 -0.693883 -0.945404 0.908570 -1.527910 2.070521 -1.679627 1.018989 0.456671 -1.729748 -0.814457 0.092444 1.333115 1.440637 0.708213 -0.995226 0.676555 -0.574579 1.307922 -0.684246 -0.666862 0.168613 0.196650 0.189152 -0.388618 -1.592004 -0.342229 0.899653 -1.587410 -0.075219 0.079499 -0.153406 -2.706995 1.030509 -0.475907 -0.166369 0.097226 -1.280558 0.288892 1.650071 -0.307535 -1.407839 -0.947973 -0.328390 -0.918986 -1.706038 -2.030288 -1.990568 0.042926 0.466165 -0.437530 1.331641 -1.306431 -0.664717 1.483575 -0.408621 0.710131 1.256761 3.092141 1.000000
31 0.729120 0.798353 -0.060609 1.168215 0.645179 -0.771678 -0.360742 1.244625 -0.898941 0.724706 1.024428 0.552574 1.037170 -0.006882 1.779106 1.367622 0.140787 -0.412150 -0.852881 2.194988 -1.055133 -1.008227 -0.371018 0.765552 -1.022251 0.177726 0.679465 0.883274 0.396583 -0.793896 -0.134484 -1.239574 1.107351 0.166464 1.310041 -2.423703 -0.027502 -0.822035 -0.299431 -0.817993 0.558935 -1.943363 -1.361404 0.107515 0.953228 -2.372495 1.430662 -1.335690 -1.112344 1.975161 0.620899 -0.337134 1.262494 0.462201 1.437722 -0.380015 -1.215303 -0.447702 -1.139716 -0.439803 0.234277 1.000000
32 -0.269461 -1.623652 -1.355931 -1.349532 1.188869 -0.333579 -0.056617 -0.388717 1.650075 -0.227796 2.382713 0.150075 -0.216102 -0.710766 -0.857044 0.425647 0.440035 -0.087129 0.404599 -2.243736 1.088877 0.066270 -0.584898 0.314681 0.026909 0.605496 -0.027670 -1.704599 0.094163 -0.209968 -0.688426 0.021182 -2.384434 -0.383026 0.431851 0.812833 -0.938667 0.901491 -0.225792 0.806897 -2.061341 0.285627 1.221255 -2.358785 0.915437 1.981167 0.154662 1.346273 0.271554 -1.258772 0.679525 -0.669687 0.478566 -1.646168 0.153246 1.860469 1.256432 -1.042794 1.270662 -0.881796 5.128887 1.000000
33 -0.374597 -0.323268 0.386708 0.435233 0.436868 0.115845 -2.249443 0.165599 -0.269781 -1.237562 -0.165747 0.751416 -0.845469 0.786976 -1.327516 1.460161 0.226291 1.222708 -0.649055 -1.115221 0.419296 0.987246 0.966281 0.840357 0.541925 -0.783458 -0.812879 -1.170447 0.490343 -1.073267 1.282991 -0.388625 -0.512196 -0.077372 1.994663 -1.010985 -1.223022 -0.354533 1.724641 -1.105088 1.406354 -1.344799 -0.059749 -0.113889 -0.039231 0.410916 0.737901 0.636360 0.622858 0.723700 -0.097501 0.015965 2.001111 -0.698111 -1.777976 0.390423 0.651183 -1.055955 0.066195 0.341705 0.559088 1.000000
34 -0.640939 0.040262 0.269764 -0.321550 1.841969 0.325999 -0.025403 0.198555 -1.273972 1.353362 0.056472 0.865550 -0.390607 1.229351 1.181507 -1.437173 -0.280741 0.958167 -0.520129 -2.442417 -0.922546 -2.841841 0.382115 1.171414 0.385645 -0.094404 -0.675892 -0.823641 0.122301 -0.562200 -0.685709 2.021523 1.108855 -1.359232 -1.365002 -1.255357 1.448387 0.634510 0.335258 0.509349 0.093095 1.161055 -1.207397 -0.167480 0.612840 0.052993 1.720243 -1.915661 -0.509620 1.107673 -0.344114 -0.205971 -0.359991 -1.246198 0.823895 0.475062 2.013554 -0.213968 -0.268253 0.378843 2.285469 1.000000
35 1.246772 -1.758728 -0.013883 2.224455 0.168005 -0.350563 1.059342 -0.551712 -0.660998 1.267768 -0.150355 0.142945 -1.389931 -0.452961 0.117270 -2.100001 2.400273 -0.609173 1.650443 -0.570265 -0.973150 -1.147011 -1.094470 -0.364290 0.492193 0.118770 -1.143977 -0.519238 1.168061 1.657733 0.487636 -0.462817 -0.874677 0.092578 -1.586935 1.627274 0.176133 -1.133909 -1.629857 0.386797 1.189733 -0.537543 -0.425095 -0.436401 0.540704 2.366927 0.656916 -0.231045 -0.280201 -0.875724 -0.962603 0.626462 -0.128524 0.176919 0.333922 -0.173786 -0.239063 -0.919266 -0.925758 -0.462036 1.024350 1.000000
36 -0.972495 0.110546 0.711744 -0.382074 -0.503092 -1.006754 0.996985 0.180430 1.804850 -0.226456 -0.327371 0.665286 -1.614016 -0.677868 -0.913614 -0.496605 1.048119 0.824366 -0.479323 -1.105372 1.027036 0.606671 -0.298452 -0.977869 0.559658 -1.383762 -0.922273 0.257479 0.677414 -2.201290 0.763689 -0.876129 -1.097906 -1.054364 -1.207179 1.042489 -1.659291 -0.478107 -0.119916 1.842861 -0.675208 0.431291 0.170025 1.209520 2.142583 -1.172531 0.381088 0.448821 0.298060 2.112379 -0.226110 0.168001 -0.225418 0.125253 1.132355 -2.553579 0.537740 -0.485996 -1.024899 0.396639 12.697385 1.000000
37 -0.003853 0.817807 -0.572977 -0.669881 -1.205051 -1.927317 0.731422 0.309263 0.240017 -0.353306 -1.595023 -0.932588 -0.227890 1.210579 -0.227468 -0.376112 -0.019667 -0.116372 -1.297665 0.071751 -0.839195 -0.015914 1.063737 -0.062347 -0.005015 -0.710870 -0.568452 0.645274 -1.208702 -0.189933 -0.707147 -1.525763 0.270912 -0.365815 -0.219968 -0.317863 0.464467 -2.081278 -0.731017 1.557777 0.318527 0.256444 -0.689594 0.581075 0.507406 -2.514920 0.480661 1.341180 -0.127796 1.640929 -0.447889 -0.604341 -0.305366 0.423414 0.000892 0.051963 -1.158232 0.707940 -1.924909 -0.540016 5.334718 1.000000
38 -0.012432 0.759775 2.495103 1.559496 -1.407251 -1.290433 0.248115 2.132888 0.316906 -0.074264 -0.370395 -0.826110 -1.367282 -0.402638 0.595521 -0.172796 -0.752739 -0.161711 -1.533667 0.452361 -1.356085 0.108929 0.109595 0.468689 -2.145865 1.574082 -1.082173 0.367295 1.235234 -1.064077 0.207239 -0.895848 0.649466 -1.147297 -1.142778 -0.246540 -0.923435 0.020310 0.203563 0.692501 -0.657460 -0.176256 0.935890 -0.890450 0.462127 0.260307 -2.755365 -1.164023 -1.217392 0.294266 -1.429350 0.931550 -0.256460 -0.585331 1.587877 0.304749 -0.939954 -0.031616 -1.512450 0.287917 2.522033 1.000000
39 -1.299772 -0.029349 -1.337550 0.606250 1.144540 -0.482170 -0.902969 -1.416679 -0.307298 0.639671 0.107856 0.547866 0.083572 -1.618826 1.124758 1.834509 0.633573 0.511131 -1.238099 -1.003946 -0.616375 0.085153 0.413389 0.263380 0.218675 1.065764 -1.148889 0.289943 -0.097987 0.120134 1.498974 -1.470455 -2.168652 -0.694553 -0.245373 0.672655 -1.022808 -1.634224 0.592336 -0.204213 0.894535 -0.665234 -1.040862 -1.315834 -0.520467 2.685824 -1.201341 -1.202566 3.295718 0.721421 -0.773344 0.577955 1.157418 0.907458 0.325606 1.232254 -0.077376 0.560243 1.933808 -1.575365 1.053669 1.000000
40 0.798176 -0.057190 0.872087 0.469019 1.087326 1.012249 -1.410700 0.260255 0.133763 0.145373 -0.732661 -1.624060 0.642321 1.033255 -0.064876 0.709116 -1.057084 -0.177679 -0.850067 0.729597 0.082411 -0.507191 1.008182 -0.055456 0.414885 0.022408 -0.069061 -0.067459 0.694907 -0.180008 2.193792 -0.755797 -1.221271 -0.577637 0.356287 3.040711 -0.302453 0.937255 -0.011220 1.739682 -1.141151 -0.696728 -0.364196 -1.122208 -1.042939 -0.478860 1.365128 0.029023 1.545982 -1.135300 1.103390 0.218622 -1.677584 1.063507 -0.252329 -0.315476 -0.508428 -0.066186 -0.324118 0.075415 0.644936 1.000000
41 -0.104920 0.043281 -0.654524 1.036026 -0.339991 -0.288673 0.501923 0.083295 1.654109 0.368702 0.595180 0.636161 0.789608 -0.175503 -2.195413 -1.050002 0.489388 0.008150 -0.126789 -0.261413 -0.401907 1.173791 0.083089 0.060175 -0.964207 1.388020 -0.005949 -0.920643 -0.561531 -0.705849 -0.738669 -2.492318 1.818854 -0.370462 1.648361 -1.320777 0.217325 0.723056 -0.914223 0.769853 1.130331 0.547386 0.909465 -0.018148 0.047533 0.477952 -1.522917 1.820836 2.519812 -1.257204 -0.906004 0.440514 -0.282756 2.060202 0.747649 -0.330821 1.307003 -2.821143 -0.552403 1.104438 1.577168 1.000000
42 -0.829322 -0.075323 -0.601699 1.683050 0.224121 1.584230 -0.940020 0.188340 0.400381 1.109242 0.496372 0.930178 -0.236406 3.361502 -1.858462 -1.081046 -2.173013 -1.453757 -0.119242 0.523742 0.421859 0.056144 0.660248 0.063901 1.445509 0.881910 -1.617460 -1.344269 -0.746380 0.408211 -1.196936 -0.202648 -0.873132 1.369550 -1.054770 -2.172780 -0.686070 -0.617864 -0.813321 0.873950 1.789677 0.283599 -0.945521 1.539475 -1.612501 0.106575 -0.881230 -0.982275 -1.157281 -0.850395 0.474696 -0.929054 -1.912215 0.715930 -1.658920 0.603637 1.488065 1.384904 0.315328 0.271773 21.858496 1.000000
43 0.704668 0.101775 1.333567 -0.197460 -0.902694 -0.254583 1.494582 0.513505 1.362350 0.484931 1.243253 2.155644 -0.088508 0.361724 0.208983 -0.202875 2.375920 0.375934 0.303156 0.519301 0.461776 -0.501615 -0.539111 0.693732 0.033877 0.675764 -0.905837 -0.485861 0.596129 -0.798601 -0.268302 -0.760465 0.128456 -1.661429 0.492993 0.087614 0.895126 0.982569 1.357297 1.605137 0.037178 -0.552772 -0.824539 0.580052 -1.491571 -0.703627 0.847438 -0.094435 -0.047447 -0.583247 -1.154215 -1.934151 0.110618 0.308713 0.698769 -1.083075 0.369524 0.100991 0.478617 -0.241721 16.301414 1.000000
44 0.541000 -1.590731 1.208679 -1.228169 -0.535888 0.992593 -0.605740 0.116361 -1.468032 -1.766674 0.599297 1.604539 0.202286 -0.004834 -0.885422 0.619028 -0.153771 -0.918500 -0.832779 1.763385 -0.000665 -0.527895 -0.101391 -0.551262 -0.471412 0.472492 -2.007512 0.165718 -2.034971 0.180946 1.296879 1.725578 -0.719724 0.262165 0.236711 -0.105157 -0.106295 -0.672275 1.520443 0.411031 0.062630 1.501454 -0.148490 0.055925 0.506195 2.066589 -1.776072 -1.620801 -0.114821 -0.417275 0.932466 -0.408424 -1.545104 0.138789 -0.874889 -0.274020 2.463319 0.855787 -0.961044 -0.349438 3.733526 1.000000
45 0.357883 1.012337 -0.827568 0.260741 -0.230257 0.738798 -0.175270 -2.146013 -0.574950 -0.786592 -1.379210 1.394368 -0.001319 -0.586292 0.664559 1.387177 -0.149638 0.341656 1.587174 -0.574977 1.616012 -0.303969 0.719436 1.646456 -1.579228 0.997541 0.234270 -0.157034 1.074524 -0.255408 -0.042802 1.361902 -0.199847 1.193777 0.534472 0.574348 -0.619941 0.824854 0.844628 -1.151912 -0.199927 -0.037905 -0.099121 -0.019151 -0.169410 2.587334 0.755752 1.351264 -0.350786 0.451217 -1.207027 -0.498952 0.289152 0.311014 -0.037656 1.322390 -1.164685 -0.932905 0.756123 1.486434 0.295506 1.000000
46 2.251990 1.927870 -0.327818 0.284968 1.482851 -0.543008 -0.369623 0.102186 -1.490899 0.721425 -0.933498 0.178789 -0.057534 0.167534 -1.065426 0.097426 0.007478 0.778803 0.044735 0.463103 0.088376 -1.467123 0.747651 0.095376 -0.560254 1.682018 0.692348 -0.533995 1.423209 -0.195741 -0.961153 -1.856598 0.225032 -1.736007 -1.784678 0.204447 -0.058618 0.139178 0.548448 0.036309 2.164848 -0.544674 -0.782676 1.488941 1.966382 -1.272098 -0.070814 -1.071864 0.244119 -0.127039 0.222855 0.229829 0.528616 1.067866 0.083855 -0.477343 0.074337 1.356005 -1.550413 1.214569 0.076591 1.000000
47 -0.235109 -0.040296 -0.218441 -0.941643 -1.310158 -0.084903 1.323546 0.098827 -1.098899 0.165427 -0.121845 -0.350842 0.551607 1.518449 -1.718508 -0.966060 0.105552 0.691372 -0.947632 0.022512 -1.194747 -0.870422 -2.704092 -0.694902 -1.752061 0.698885 1.384261 0.638181 -0.701283 1.552182 1.629722 -0.628733 0.649298 -0.537877 -0.989595 -0.384454 -1.339607 1.550572 -0.908929 -0.373115 -1.452767 0.167001 0.136021 -0.867939 2.388149 0.608082 0.201845 1.144580 0.141080 1.754323 0.720803 0.612510 0.294666 0.505716 0.318294 1.712192 -0.048073 -0.231648 -0.740594 0.168278 15.760972 1.000000
48 0.208624 -0.416850 -0.349349 -1.555145 -0.466074 -1.446914 -1.245273 0.124592 -0.323290 -0.292370 0.019826 -1.302133 1.162251 0.172995 0.733147 -1.024946 0.056441 1.475454 0.359631 -0.185629 0.288905 -0.989360 -0.492085 1.929155 -0.145082 0.733136 0.048956 0.441378 -0.730126 0.194500 -0.380338 0.052107 -0.601411 1.278405 -0.073002 0.018748 0.410495 -1.348758 -0.744325 1.309910 0.049258 1.280336 -1.080674 -0.837798 0.245815 -0.092994 1.132953 1.217258 2.253402 -0.173323 0.026842 1.557069 -0.289847 0.466671 0.696447 0.102997 -0.928846 0.551195 -0.062571 1.072190 2.006396 1.000000
49 1.004115 -0.313237 -2.037242 -0.576806 -0.953855 -0.504889 -0.088798 0.041452 0.484837 -0.323630 0.401161 -1.592266 -0.199927 -1.308847 1.033265 1.229556 -0.202053 -0.195277 1.961666 -0.634845 0.008199 -2.666659 -0.099349 -0.047045 0.272807 -1.467617 -0.356114 0.797645 0.811996 -1.283336 0.417414 0.440075 -0.697801 -1.358355 0.422248 -1.060540 2.209427 0.463446 -0.206243 -1.732847 -0.175229 -1.569664 0.229446 0.112354 -0.958762 0.559705 0.850412 0.453393 1.371280 -0.494362 0.432462 -1.154488 -0.213757 1.340749 0.112857 1.375671 1.498881 1.192797 0.655454 -1.152507 0.088915 1.000000
50 -0.089376 2.250377 -1.176925 -1.099925 -0.547648 0.984432 -1.245369 0.493429 0.377926 1.121655 2.297207 -0.386929 0.470533 1.261662 0.713632 -0.336618 -0.559480 -0.471127 -1.098004 -1.153733 0.243247 -0.994776 0.423188 -0.808353 -1.837904 0.476335 0.903929 0.565319 -0.918387 -0.073716 0.439356 0.668614 -0.086897 -0.969200 0.884026 2.356729 0.283176 -1.091966 -1.122392 0.502051 -0.486507 0.455110 0.870692 0.085540 3.361274 0.583788 -0.403405 -0.862043 -1.232546 0.338148 -0.522060 -0.403223 -0.768629 0.029838 0.275688 -1.321585 -0.055988 0.177103 -0.569554 0.944812 4.165645 1.000000
51 -0.933688 1.307212 -2.501427 -0.544307 0.681879 0.882408 -0.008363 0.483442 -0.309525 0.876916 -1.229817 0.437522 -1.119791 -1.400061 0.240120 -0.487114 1.050165 -1.286739 1.811713 0.417028 1.077545 0.309065 -1.140197 -2.209125 1.380216 0.612882 0.113235 0.320058 -1.120561 -1.850637 0.308368 -0.087885 -1.453821 -0.994399 0.663151 0.534301 0.561223 0.467880 -0.936367 -0.868295 2.003137 -1.666762 -0.265212 0.476370 -0.050300 -0.708755 0.299022 0.547108 -1.218478 -0.417687 -0.688953 -2.302820 1.463378 -0.676509 0.620613 0.533213 -1.085551 0.617707 0.655104 -0.849005 2.767128 1.000000
52 0.846938 -1.936293 0.578899 0.342040 1.235847 0.501599 0.587899 2.086861 1.052338 -1.653436 -1.207993 0.689727 1.564681 0.894447 1.090744 -1.084597 -0.519600 -0.539077 -0.814256 -1.791973 -0.221628 1.735666 -0.240106 -1.189507 0.143688 0.022699 -0.230615 -1.659951 -2.242514 0.141793 1.664499 1.739087 -2.123081 -0.169550 -0.094675 1.005096 0.754434 0.915266 -0.590682 -0.915994 -1.098026 0.142860 0.425013 0.892044 -0.978332 0.526008 -0.113867 0.472903 1.801704 1.044948 0.728541 1.314869 -0.422159 1.037061 -0.802523 0.886829 0.548351 -0.198928 0.216072 -1.611656 3.668840 1.000000
53 -0.035889 -1.151080 0.747277 -0.146486 -1.677172 0.834999 -2.630104 -0.326224 -1.875212 1.246457 0.157790 -0.990432 1.180457 -0.201262 1.266327 -1.288486 -1.693410 -1.102188 0.785693 0.322885 0.560437 1.827813 2.197045 0.433955 -0.719914 1.324500 -1.441544 -0.246556 0.252669 -0.546391 -0.761433 -0.477324 0.323073 1.003211 0.012252 1.517151 0.597386 -0.316627 0.391785 1.146253 -0.796050 1.845855 -1.529190 -1.315107 -0.868545 -0.199850 -0.713613 1.493624 -0.588603 -1.466069 1.000125 -0.555220 -0.651124 0.606563 -0.063512 0.395095 -0.965886 -1.238173 -0.430657 0.018806 8.725681 1.000000
54 -0.550810 -0.799469 0.290202 1.323425 2.014740 0.599159 0.583826 -0.391420 -0.842480 0.405225 1.443014 0.846211 0.309165 0.073387 0.790387 -2.462698 0.790333 -2.134920 -0.833802 0.760305 1.357309 -0.884139 0.693564 -0.370619 0.734675 -0.395322 0.458492 0.327837 -1.672921 -0.201947 0.836444 -2.233199 -0.134379 0.249485 0.016800 -0.785947 1.093831 -1.767711 -0.231936 0.039663 -0.741235 0.441219 0.132024 -0.395596 0.092371 1.868080 -0.207194 0.737322 0.186814 -0.757154 0.198251 0.373260 0.343591 -0.117745 0.528434 2.555653 -0.556504 0.344265 0.013295 -0.977926 0.844603 1.000000
55 0.336993 -0.292056 -1.203698 -0.557642 0.450081 -0.959774 -1.308097 -0.067939 -0.500809 -0.085161 1.694387 -1.187503 0.554827 -0.496760 0.550896 1.347391 0.120424 0.822641 0.102763 0.143366 -0.088253 1.118337 1.074573 -0.437177 -0.243479 0.808125 -1.161481 1.008773 -0.416547 -0.033724 0.882011 -0.192429 -0.701863 -0.514398 -0.037091 -0.250516 1.167956 0.766759 -1.154314 -0.909420 -0.165625 -1.326799 0.031341 0.761515 -0.369739 -0.744889 -1.262576 0.127940 -0.027268 -0.138440 0.198717 0.149596 -0.535543 1.645214 0.870762 -0.999679 0.173465 -2.193388 -1.703534 1.130262 0.492024 1.000000
56 0.106559 0.424227 -1.594264 1.585095 1.425249 -0.024260 -1.057216 -1.197354 -0.406129 0.990153 -0.990540 -1.536504 1.164619 1.261103 1.388588 0.400027 -0.673847 -1.734363 0.513995 0.302369 0.334920 -0.817136 -0.493269 1.082697 1.040174 -2.227712 -0.749601 -0.943479 2.026867 0.751666 -0.006875 0.652069 0.222242 -0.544745 -0.682115 0.970841 -0.940666 -0.838972 1.322111 0.714944 0.520501 -0.745605 0.579531 2.838527 1.457538 -0.409252 -1.475264 0.000569 1.063784 0.633110 1.970249 -0.710843 -0.294067 0.609911 0.215816 -1.023209 0.821406 -1.210548 2.031635 0.974666 1.137691 1.000000
57 0.586858 -1.314630 0.047417 -0.492817 1.490004 0.060008 0.324635 1.246129 -1.711184 -1.236713 0.064990 1.632979 0.101747 -0.745696 0.435809 0.935814 1.467672 0.860906 0.622687 -1.426287 -0.362580 -0.271864 -0.641543 0.579617 0.120105 0.119709 2.207181 -0.455069 -0.682168 0.264385 2.344816 -1.356698 -0.748169 -1.668309 0.771961 0.436855 -0.109058 0.098359 1.210308 0.026153 0.912437 0.527105 0.104953 -1.314907 0.647056 -0.360737 0.293019 -0.396996 -0.223955 -0.036448 0.261320 -0.547596 -0.637220 -0.986593 1.611269 0.134172 0.152869 0.566014 -1.048315 -0.078320 0.678389 1.000000
58 -1.173627 -1.055661 0.319321 -0.868653 -0.005118 0.717971 -0.140359 1.056181 0.202145 0.555169 0.933645 0.191620 0.385240 0.893706 -1.071505 1.646560 0.845960 0.981890 -0.405469 0.372656 0.701837 1.041234 1.476198 0.778141 1.427488 -1.713562 1.107076 0.420538 -1.569657 -1.438236 -2.325000 1.388365 0.889779 0.065451 -1.124807 -0.775141 -0.312916 -1.211395 0.476601 0.742620 -0.238866 -1.856128 0.705477 1.142904 -1.307186 -0.739646 0.658197 0.240301 1.267498 1.057702 1.179555 -0.599970 -1.799773 1.674761 0.803373 -0.030995 0.757803 1.634547 -0.620046 -0.122525 14.215496 1.000000
59 -0.073504 -0.793217 -1.692698 -0.183840 0.741037 -0.374382 -1.351874 -0.822275 0.760773 0.204980 -0.271134 -0.539784 -1.265306 1.975742 -0.543290 0.535336 0.597080 -1.367881 -1.228227 0.535448 0.277813 -0.181340 -0.501366 -0.946758 0.861513 -1.318221 0.177082 -0.264352 -2.031988 0.428354 0.256412 -0.625730 0.571413 -0.923326 0.472863 -1.125047 -1.325951 0.929362 0.250326 0.042862 -0.366730 -0.847122 -0.017840 -0.122656 -1.772589 -2.133222 -0.942198 0.475210 -0.609727 -0.798303 -0.112555 -0.761077 -1.220284 0.284876 1.368899 -1.098388 -0.337389 -0.216611 -1.005893 1.058401 4.445213 1.000000
60 0.542559 0.756460 0.396911 0.505051 0.815554 0.448125 0.110204 0.287244 -1.023534 -2.028649 1.132614 -0.090902 -0.974324 -1.007926 -1.903800 1.726808 -0.976376 -0.139782 -0.698723 -1.379522 -0.198403 -1.029925 -1.286130 -0.034578 0.408528 -0.247837 -0.136303 1.674728 -1.120766 -0.726464 0.068755 -1.801911 0.836916 1.495906 1.206456 -0.296090 -0.843789 -0.407774 -1.618443 0.319523 -0.322145 0.031350 2.020864 -0.660160 0.017568 -0.964241 0.601483 -0.021347 -1.254818 -0.231155 0.466055 -0.111403 1.093382 -0.331525 0.635342 -0.207071 -0.276961 -0.183202 0.507633 0.049674 0.621045 1.000000
61 -0.649911 -0.836353 0.917562 -0.705558 0.448527 1.323458 -0.755614 -0.408198 0.408879 -0.358506 0.540878 0.426254 -0.002378 -1.339058 -0.037141 2.001674 1.501416 0.383178 -0.309503 -0.434824 -1.766650 -0.456674 -0.909180 -0.012239 1.117446 0.211527 -2.003001 0.105111 0.448410 0.111959 -0.199106 1.207194 0.998999 -0.248145 0.459225 -0.509826 -0.576450 0.081679 0.081738 -0.584997 0.196541 -0.379309 -0.312836 -0.785116 1.628520 1.976408 0.050054 -0.612046 2.224738 -0.726741 -0.257732 0.118636 0.426937 -1.140684 -0.986155 -0.957474 -1.186876 1.372936 0.671789 1.394765 1.721468 1.000000
62 0.100556 1.298969 0.787768 -0.780418 -0.336321 0.529027 -0.363019 -0.888065 0.567041 0.895829 -0.803145 -0.405418 -0.197312 1.043657 1.409541 0.191122 -1.857575 0.074981 0.349091 0.644681 -0.153720 -0.765626 -0.620088 -0.853608 -0.759610 -0.902771 -1.437550 -0.042773 1.276727 0.846111 -1.210824 0.409535 -0.848197 1.077967 -0.095075 1.197288 0.474972 0.176634 -0.451476 -0.125089 -2.282978 1.021379 1.937525 -0.223781 0.838202 0.212683 -1.734791 1.407370 -1.696941 -0.384092 0.134609 2.513364 0.918198 -1.903231 -2.039164 -2.795326 1.556900 1.827341 0.883755 0.334556 2.082338 1.000000
63 -0.250124 0.615221 0.390680 0.057698 -1.645830 -0.286936 -2.317649 -0.089170 1.391682 0.441108 -1.418917 -0.566075 -0.437637 -1.637872 -0.284720 -0.872147 -0.800561 0.976603 0.422069 0.572400 -1.601959 0.648034 0.103720 -1.544206 -1.411116 1.784372 0.315328 1.177907 0.779031 0.729931 0.002269 -0.418483 -0.223465 -0.383460 -1.585166 1.125768 1.319258 0.232969 -1.259857 1.609637 1.775429 -0.585634 0.377568 -1.244133 -1.531480 0.482812 0.819945 -1.809483 -1.460622 1.210592 0.677658 -1.135060 1.778421 -1.600195 0.056029 0.130857 -0.636997 -0.234733 -0.978297 0.806113 3.043511 1.000000
64 -0.726768 -1.346591 1.060634 -1.369682 -1.728459 0.344144 0.628761 -0.584810 -1.013945 -0.661523 1.550991 1.298652 0.481208 -1.526009 0.275575 0.255700 1.364799 0.071823 -0.501150 -1.531457 -0.545571 0.645633 -0.196685 -0.815714 0.312689 0.125513 1.187988 1.162095 -0.363265 1.443644 -0.982897 1.542648 -0.473082 -0.064673 1.420660 -0.909850 -0.549684 -2.822257 0.362864 -0.143121 0.171326 1.649992 0.566022 -0.202880 -0.428024 2.807103 0.412104 -0.683135 -1.581829 -0.223022 0.175956 1.141817 -0.083882 -1.212697 -0.609094 -0.275344 0.266758 -2.891451 0.975956 1.789072 5.703407 1.000000
65 0.069566 1.214336 -0.693205 0.184519 -0.641665 1.372062 1.726811 0.154463 0.899691 -0.860552 0.810148 0.204457 1.815232 1.044059 0.385417 0.051565 1.199621 0.050928 0.087494 0.211277 1.847161 1.166582 -0.252169 -0.683919 0.207404 0.142849 1.314475 -0.619459 -0.746356 -0.403332 1.011540 -0.072152 -2.344356 -0.778631 0.375883 1.636544 0.500939 -0.504437 1.782440 -0.558074 0.136479 -1.949769 -1.314634 1.320750 -1.142977 0.362229 0.642293 -0.657782 -0.289005 -0.534084 0.350611 0.611039 0.830207 -0.706447 0.069858 0.084426 1.310365 -0.267371 -0.350997 1.095354 24.227627 1.000000
66 0.735258 -1.405677 -1.481903 0.429015 0.803930 -1.050809 -0.427655 -1.262855 0.191039 -0.142250 -0.229355 -0.192568 -0.301090 0.822739 0.459109 1.879351 -0.964936 0.579417 1.741682 -2.747748 0.410903 -0.520214 0.458135 -1.670276 -0.325352 0.274512 -0.858516 -0.606481 0.777091 0.162975 -2.380451 -0.432016 -0.303188 -1.429814 -1.049219 0.310932 0.428556 0.352086 0.733904 0.810544 1.701288 -1.888899 0.589983 0.097530 -1.729440 0.326258 1.085964 -1.082530 0.002366 -1.156315 0.982563 0.836535 -1.357490 1.280567 0.482816 0.915059 0.859387 -0.693887 0.668136 0.352294 1.930738 1.000000
67 -0.714617 -1.550409 1.288994 -0.517986 0.112575 1.313083 0.467576 0.396346 0.506535 -1.179869 -0.355297 -1.676352 0.287659 -0.291873 1.434661 0.723422 0.017797 0.270770 0.936877 -1.372129 -0.441393 0.469576 -3.313715 -1.319512 0.287375 0.565320 0.519788 -0.392746 -0.367654 0.540154 2.513895 -1.887150 -1.145034 -0.868041 -0.348615 -0.876589 1.173442 0.841962 -0.620592 0.318888 -0.512529 -0.927450 -0.365670 -1.547543 2.378839 -0.384421 1.256823 -1.716667 -0.320911 -0.112872 -2.425653 0.482294 -1.201335 -1.126268 -0.599744 -1.744006 0.382281 1.190956 1.209874 -1.627492 12.562368 1.000000
68 -0.030034 -0.436088 0.333408 -1.022264 -1.305859 1.661544 0.767001 -0.342722 0.726366 -0.655795 -0.619450 -1.046742 0.739497 0.735922 0.221214 -0.920498 1.711534 -1.187900 -0.457276 0.292003 0.588593 -0.676569 -0.620198 -0.276789 0.957384 -0.940031 -1.198515 1.707780 0.538148 -0.972065 -0.742534 0.385105 -0.936559 -0.377016 -1.525275 -0.730370 0.268692 1.237318 0.664839 -0.371647 0.993740 -0.026531 0.640730 -0.778555 0.393520 0.028771 -0.489695 -0.063670 -0.336378 0.359535 -0.097674 0.881993 0.060469 1.392530 1.257985 -1.126711 -0.397411 1.274549 0.706203 1.139613 30.141060 1.000000
69 0.425374 0.003860 -1.640348 -2.117141 0.516440 -0.761262 0.545635 0.129313 0.629673 1.186508 -1.715000 -0.141338 0.417969 -1.157966 0.519970 0.016054 -0.788153 -0.623257 0.226394 0.976822 -0.061132 0.591882 0.993453 1.267936 0.857264 0.381334 0.156006 -0.835722 0.018422 0.061983 0.828442 -2.351556 1.062796 -2.006129 -2.199221 -1.593843 0.091744 -0.271179 0.080311 -0.873908 -0.716099 1.595142 -0.070371 -0.285741 -0.751994 -0.307569 1.166065 -0.310156 -1.638342 0.548193 -1.854656 0.898349 0.449923 -1.138196 -0.108593 -1.537304 -0.245984 0.232399 0.535773 0.829207 25.382056 1.000000
70 -0.778432 0.860486 1.407083 -0.908794 0.563129 0.632368 -1.509912 1.004879 0.325308 -1.186766 0.137213 -0.553813 -0.563658 -1.001234 -1.037860 -0.727334 1.343665 -1.788118 0.637674 -1.448474 -0.002084 0.961540 -0.435600 -0.919228 -1.135970 0.268347 -0.590745 0.438035 0.758761 -0.483348 0.697120 0.560056 -0.565558 0.666249 1.574653 0.138782 -0.687448 -0.062178 -1.188996 -0.375994 -0.529287 -1.102829 0.861691 0.979791 -0.117327 -0.220531 1.443294 0.960150 -0.628450 -0.221671 -0.545182 0.483437 1.139138 0.552394 -0.209836 0.930404 1.429686 -0.194977 1.525862 0.101796 1.352631 1.000000
71 -1.109090 0.717618 -0.450831 2.552009 -1.674446 -0.882871 1.437509 0.513784 1.646047 -0.630019 0.850657 0.139082 1.459165 1.431337 1.472546 -0.010813 -0.641656 0.364871 -1.074475 -1.304543 -0.518629 -0.337523 -1.430993 -0.387057 -0.329038 -0.142800 0.258319 -1.201594 0.039689 -0.454445 -0.420718 -1.056051 0.615174 -1.208156 -0.717105 2.000741 -1.459689 -0.613627 -0.758197 0.503177 0.307719 -0.750558 0.485539 0.463272 0.592898 -0.919847 1.290077 -0.601643 -0.586694 1.605206 -0.994391 0.850174 -0.076166 -1.195835 0.694282 0.255690 -0.531471 1.486149 0.930334 1.373308 32.453033 1.000000
72 0.273342 -0.328328 -0.628484 0.776898 1.935815 1.352571 0.582518 1.392290 -0.300424 -0.148794 0.579305 0.849284 0.537626 -0.177989 1.095011 0.650061 -1.134565 -1.333645 0.583548 0.634487 -0.559425 0.428242 -1.339009 0.229027 1.904439 -0.693843 -0.331702 0.942958 0.872896 1.536265 0.956033 0.864723 -0.808769 -0.220351 -0.566976 1.002771 1.164937 1.670082 -0.749470 -0.325796 -0.342521 -1.322797 -0.768298 -0.203937 -2.162157 1.195785 -0.026702 -1.904592 -0.883541 0.132240 1.492730 0.172906 0.251637 -0.212319 -1.175305 2.438182 -0.617368 -0.099855 0.242021 0.233042 7.223216 1.000000
73 0.568321 -1.055874 -1.927973 -0.842604 0.866277 0.208569 -0.401453 -0.316099 0.106995 0.817222 -0.270373 -1.826033 -0.134134 2.280932 -0.504148 0.763356 -1.769249 1.783606 -0.834406 -1.865363 -1.129976 -0.579586 0.199380 0.616718 -1.897409 0.124240 -0.382650 2.267710 -1.061509 2.789826 1.136301 0.398647 0.633224 0.240952 -0.874887 -0.122471 0.493621 -0.465792 0.247944 -0.109678 -0.125210 -0.285421 0.177448 0.703079 0.468193 0.006509 -0.526474 1.473788 0.983298 -1.928771 1.113659 0.524432 0.467870 -1.658963 -0.249227 -0.263555 0.130347 0.965977 -0.322180 -2.813067 20.764973 1.000000
74 -0.057726 0.232632 -0.656504 -0.714284 -1.239397 -0.279652 1.138265 1.235345 0.599897 0.476742 1.903179 -0.991251 0.598004 1.984919 -0.316513 0.512323 -1.666531 0.554492 0.267443 -1.138340 0.825929 1.292615 -1.086306 -0.137057 -1.687399 0.384879 0.432314 -0.530281 -0.412885 0.377157 -1.028048 0.725103 -0.269553 0.744269 -0.014296 0.072701 0.121725 1.014712 -0.480092 0.462406 1.095406 -0.288507 -1.145689 0.021868 1.845679 -0.882010 0.042582 -0.117755 1.284503 0.719973 1.465410 0.053640 1.117158 -0.311783 0.718168 0.085158 -1.086834 -1.929150 -0.933844 -0.103430 31.743969 1.000000
75 0.656475 0.748053 0.629766 1.744127 0.681872 -1.589737 1.587514 -0.524280 0.170796 -0.158317 1.187032 -1.192112 0.035288 0.855884 -0.655996 -0.892270 -0.635049 -0.751000 -1.065907 -1.063077 -1.517945 -0.552410 0.093408 1.589680 -0.260193 0.402202 -0.417454 -1.025560 0.789535 0.574064 -0.202212 2.044645 -0.847704 -1.320665 0.072745 -0.588586 2.175036 -0.513835 -0.468240 0.902227 1.304456 -2.939179 -2.165174 0.892469 -0.376676 -0.295953 -0.757673 -0.107315 -0.818449 -0.698145 -0.001308 -0.315490 0.523006 0.700164 1.580474 -0.946048 -2.119323 0.094012 -1.233849 -0.074924 0.126696 1.000000
76 -0.082825 -0.661571 -1.789427 -0.883122 -2.049449 -0.480549 -1.520830 0.058541 -1.636075 -0.218107 -0.653620 -0.364528 0.503062 0.272298 1.415069 0.890491 -0.507887 1.258574 -0.251157 0.445813 1.418605 -0.967902 0.398974 -0.271465 0.513274 1.830967 1.535730 -0.138452 -1.000520 -1.073249 1.661167 0.863521 0.128717 -0.016038 -0.539658 -0.386626 -0.571789 -0.556948 -0.220873 2.024792 -0.517238 1.203908 -1.076348 -0.504916 -0.856960 1.852970 -1.110584 -0.554622 1.572243 -0.351363 -0.891821 -1.194430 2.188930 1.222831 1.947804 -0.752089 0.774726 -2.652249 0.187473 -0.139891 8.831869 1.000000
77 -0.608845 0.954423 -0.414063 0.864902 -1.466385 0.442484 1.234569 -0.681318 0.912098 0.285355 0.134324 -0.587063 -0.406790 -0.117344 0.927214 0.301694 2.675762 -0.180280 1.208651 -0.895343 0.848309 -0.047765 -0.557368 -0.929220 0.118409 -0.712728 0.097381 0.773884 0.618696 0.466461 1.384951 -0.163165 1.600062 -1.142499 -0.224645 -0.727013 -0.101569 -0.713626 -1.013159 0.828139 -1.060629 0.482006 -0.806395 -0.899423 0.406961 -0.074913 -1.549316 0.463749 0.692554 0.589576 -1.292706 0.056825 1.422503 0.555949 -0.223126 0.323248 -0.618653 -1.805849 -1.793574 1.129384 52.199538 1.000000
78 1.550582 -0.483120 -0.165772 0.182495 -1.959390 0.941032 -0.131303 -1.269261 1.404196 0.267892 0.609637 0.314443 0.516117 -0.935101 -0.554380 0.381520 1.025329 0.718995 1.779094 -0.030032 1.200311 -1.290713 -0.037946 2.314996 -0.596085 0.159075 -0.071700 0.851309 -0.010706 -1.655058 0.030597 0.622904 -0.754962 0.096503 -0.422630 0.782645 -0.879591 -1.311323 0.092125 0.292663 -0.574368 0.121479 -2.564636 1.840578 1.926074 -0.402999 -0.008606 0.610097 -0.509334 1.259478 1.826749 -0.023567 -0.801571 0.551424 -0.202880 0.394203 0.308178 0.627305 -1.140833 0.091061 10.296066 1.000000
79 1.411896 -1.243691 0.830948 0.239748 1.469720 -1.080745 0.448944 1.117650 0.676371 -1.777680 -1.148905 -1.290599 -0.943772 0.114053 0.651864 1.774714 1.056241 -0.565399 2.252225 -0.025981 0.707312 0.207978 0.386100 -0.254010 1.527038 0.392995 0.389366 -1.525130 1.128677 -0.465957 -0.110584 0.999885 0.414249 0.476062 -1.048954 -0.827203 0.875248 0.752903 0.714204 1.776759 0.281236 -1.936494 0.965945 -0.317351 1.020264 0.709052 -0.678500 0.483351 -0.621972 -0.896821 0.907910 0.112781 -0.449290 -1.307559 0.218961 0.797191 0.886294 -1.670768 -0.315437 0.337866 0.447201 1.000000
80 0.225489 0.983552 0.270994 1.595147 -0.117933 -0.349565 1.860439 -0.036049 -0.815692 0.099736 0.857236 1.128789 -1.177127 -0.658368 -1.137788 -0.938528 -1.529599 -0.352228 2.226820 -0.029825 1.640333 0.148179 1.481239 2.226460 1.831850 -0.319933 0.421557 1.214782 -0.936587 0.883095 -1.444367 0.716127 0.069871 -0.387840 0.215042 -0.044843 -1.820229 -1.909804 -0.672414 0.847806 1.526362 -0.738915 0.871561 0.844969 -0.988907 0.822949 0.556692 -2.192157 0.029881 0.488664 0.551918 0.161383 -0.728924 -0.345835 2.012075 -1.070941 -0.412972 0.123151 0.168285 -1.423745 1.395697 1.000000
81 -1.057832 0.180998 -1.438325 -1.804067 -0.095468 -0.117938 1.417753 0.180619 -0.787184 0.321251 0.766616 -1.120762 -0.596741 0.488881 -0.013436 -0.382473 -1.660898 0.708099 1.389998 1.058742 0.572786 0.462238 -2.207397 0.989306 0.119833 -1.562389 -0.636020 0.961897 1.487611 -0.971149 -0.142004 0.890221 -0.287519 -0.968643 0.193384 0.652186 1.679499 0.338125 0.095869 -1.485234 -1.108014 -1.128156 0.430805 -1.715259 0.558234 -0.397101 -0.920632 -0.069267 0.575734 0.106493 -0.587430 -1.478192 -0.521256 1.300280 -0.895358 2.823693 0.633728 0.593080 -1.223884 -0.666286 87.019169 1.000000
82 -0.913508 0.843493 0.036320 0.014815 0.908579 0.909824 0.084474 -0.171076 0.403063 -1.657827 -0.616362 0.706999 -1.018779 -0.894484 -0.630682 1.213645 0.675415 0.314481 -1.256100 -0.195892 -1.730423 0.210754 -1.007525 0.378541 -1.317142 -0.195323 -0.635360 0.990675 -0.986334 -0.328457 0.443348 -2.117449 -0.485290 -1.475028 -1.506248 0.650868 -0.988622 1.372897 1.694450 2.317153 -1.977483 -0.188216 -0.100874 -1.742196 -0.004906 -1.816370 -0.158033 -0.607554 1.462771 0.286271 -0.188099 1.815980 -1.092467 0.219769 -1.720312 -0.095311 -0.092334 1.699148 0.077155 -1.689756 1.052754 1.000000
83 -1.164271 -0.680393 0.152334 -0.893298 -1.330446 0.630305 0.127971 0.365284 0.172428 -0.043550 0.167646 -0.683146 0.661599 -0.955969 1.058631 1.183184 -0.423351 0.242676 0.816247 0.025363 0.377185 -1.047416 0.070517 1.162256 -0.172463 -0.541197 -0.575238 -0.650505 -1.494192 1.086216 -1.237773 -2.078219 -1.855419 1.010987 -0.933614 2.098920 0.514366 1.362617 -1.465066 1.360578 1.078469 0.699260 -1.502295 -0.421297 1.996417 0.402218 -0.222087 0.063403 2.882307 -0.765505 1.631642 0.485058 -1.898932 1.203386 0.224489 0.520209 -0.659743 0.111434 -0.409138 -0.408364 31.788445 1.000000
84 -0.623138 -0.299328 0.054473 0.045309 -0.399313 0.265364 -0.096640 -1.440745 0.308483 -0.604382 0.173599 -0.533468 0.764194 -0.983570 0.640350 -1.035254 0.035604 -0.348220 1.339521 -0.515211 -0.158679 0.721072 -0.465320 -2.850003 -0.211533 -1.001522 0.202052 -0.995957 -0.569105 1.073309 0.895285 1.226125 -1.847702 -0.298732 1.203473 1.153892 -1.393980 0.122417 -0.562063 -1.295430 0.470470 -0.948452 1.090569 0.612941 0.027026 0.030368 -1.353343 1.083894 0.322373 -1.277860 2.565412 -0.124170 -0.292929 0.196653 -1.858472 1.421316 -1.669594 1.887161 -0.035447 -0.046662 0.909534 1.000000
85 0.596649 0.120655 1.029187 -2.683177 -0.002224 1.347267 0.987606 0.356412 -0.284982 -0.035317 1.885844 -0.313898 0.549417 -0.134379 -0.192777 1.624039 0.943227 0.026591 -0.326068 1.654067 1.107248 1.425248 -1.469839 -1.462281 0.552950 2.376076 -0.450456 0.034688 0.504424 -0.608961 0.345445 0.211365 0.497494 -1.786270 -0.449790 0.109325 -1.813012 1.289479 -2.503184 0.918799 -1.802146 0.248966 -2.875678 1.095708 -0.761166 -0.265369 0.409984 0.751243 -1.822191 0.804936 -1.180941 -1.115896 0.427730 0.777303 1.503729 -1.378972 0.890498 -0.185815 -2.255612 1.997662 12.746598 1.000000
86 -0.748805 1.198529 0.499401 0.415378 -0.325820 0.046505 -3.137858 0.542062 -0.076061 1.653208 0.348421 -0.339446 -0.180500 0.373406 -1.730994 -0.416561 0.061115 0.878743 0.151916 -0.688767 0.543964 1.511924 -1.354978 0.205394 1.472723 -0.286606 0.457370 -0.444019 0.690347 -0.221443 -0.430191 -0.129098 0.433749 0.543561 -0.143921 -1.158751 0.864827 0.346261 -1.585006 0.694941 0.526361 -0.917182 -1.210552 -1.120052 -1.870295 -0.190085 1.186804 -0.952254 -1.352290 0.319747 -0.918695 -0.321311 -1.433399 0.384041 1.304842 -0.387009 -0.946792 -0.355765 -0.479992 0.521584 2.422011 1.000000
87 2.434406 -0.463705 -0.162192 0.165126 0.965509 2.103022 -0.082333 1.196604 -1.844633 0.641712 1.362283 -0.600833 -1.381066 -0.885697 0.869748 -0.067094 -0.104588 0.330972 2.489341 -0.536084 0.868039 0.788851 0.637204 0.156622 -0.172229 0.721688 1.104072 -0.979966 0.691871 0.384140 0.657864 -0.951589 0.245501 -3.597074 0.280911 1.418482 -0.620415 -0.757988 -0.504882 1.010515 -1.575689 -0.430661 -0.700264 1.295593 0.697303 -0.550966 0.730900 1.153779 0.087739 -0.782085 -3.242986 -1.158384 0.587433 2.581888 -1.767680 -0.210766 0.341023 0.647402 0.625297 -0.255852 2.421864 1.000000
88 -1.173507 -0.570439 0.823689 0.209345 0.323768 1.349934 -0.591792 -0.563856 -0.711588 1.052874 -0.013461 1.130326 0.035373 0.585364 -0.041105 -0.448300 0.455626 -0.356718 1.645033 -1.479153 -0.332332 -1.295943 -0.224944 0.233501 -1.383060 0.430923 -0.452199 -0.695059 -0.440325 -0.785790 0.635422 -0.226941 2.202344 2.572180 -1.601185 1.952506 0.913053 -0.360904 -0.478753 0.500003 -0.379457 -1.085648 0.712322 -1.811284 -1.036277 0.417743 -1.227356 -0.023895 0.457842 -0.375576 1.233623 0.340164 0.026911 -1.126717 0.727280 -0.642230 -1.092242 -1.064386 0.498494 0.441336 2.802990 1.000000
89 0.622066 0.327534 -0.352482 0.844125 0.543812 0.561611 0.080217 -2.112616 -0.566642 0.574803 0.617188 -0.753318 -0.298167 -1.765273 -0.734691 0.137727 0.011525 -0.493861 0.727782 -0.192615 -0.804744 -1.155551 -0.679670 0.337873 -1.491102 1.314130 -0.401849 1.532209 -0.465062 1.586067 -0.247328 0.017915 1.065715 1.121384 -0.151912 -1.012969 -0.724261 -0.175996 0.436116 -0.236946 2.115521 1.043270 -2.067934 0.067200 0.262378 1.173598 -0.780163 0.746658 1.397512 0.174737 0.607741 0.493000 0.157660 1.109491 -0.621445 -1.040785 -1.453749 -2.039622 -1.859795 0.786724 1.249938 1.000000
90 -1.151075 1.743786 -0.188407 -0.465191 0.763539 -0.784801 0.052229 -0.888068 0.463660 -0.115263 -1.867071 -1.111463 0.526133 0.076820 1.125234 -1.664937 0.932729 0.131623 2.380518 -0.579136 0.014567 0.931612 -0.099673 -0.494749 -0.478209 1.547401 1.483378 -1.885226 -1.297896 -0.288235 0.463370 2.286349 0.877902 -0.099186 1.335998 -0.450745 1.304851 -0.023055 -0.573747 1.077450 1.456471 -0.624976 0.287107 0.814866 0.422799 -0.350061 1.190780 -0.615442 1.219738 -1.499949 -0.437748 1.521405 -0.354307 0.440981 1.601748 0.282179 0.254879 1.514904 -0.178133 0.479861 1.646537 1.000000
91 1.460905 -0.041396 1.082066 -1.654932 0.714799 -0.669451 -0.991756 1.388563 -0.610723 -0.549308 -2.307616 0.525067 -0.150802 1.097259 -0.655256 0.111636 -0.397204 -0.883740 -0.024404 -1.649844 0.045973 -1.671674 -0.299659 -1.471556 -1.286950 -0.334122 -0.050659 -0.660889 -0.267966 -0.500382 0.783878 -0.990725 -2.325409 1.676423 0.674466 0.415337 -0.958768 0.040597 -0.897070 -0.406381 1.603896 -0.025007 -0.805730 0.938095 2.437741 0.739370 0.683454 0.332382 -0.696582 0.069256 -0.245803 1.182555 -0.535893 -0.202374 0.245380 1.808711 -1.591502 -0.175558 -0.625356 0.259478 0.019662 1.000000
92 -2.310043 -0.095699 0.392738 -1.292229 -2.090388 -1.437611 2.300135 -0.657171 0.948838 -1.248351 0.797926 -1.912486 0.357573 -1.185749 0.924907 -0.935519 0.089470 -0.422740 0.750306 1.364164 -0.053298 -0.692499 0.224234 -1.377543 0.432156 -1.514247 -0.956119 0.787357 -0.231080 -0.645901 -2.295377 -0.218258 -0.170578 -2.637946 -0.387069 -1.068212 -1.454334 -1.142184 -0.036452 0.215417 0.789643 -1.217122 0.015225 0.003219 -1.738825 -0.013845 -0.325382 -0.162509 -1.399294 -0.498143 1.107778 -0.096155 1.062233 0.661594 0.265154 -0.277264 0.764960 1.088184 -0.621451 -0.197248 5.609699 1.000000
93 0.955441 -0.598463 1.582547 1.428573 -0.299052 1.151320 1.229916 -0.171060 1.220155 0.222688 -0.489140 0.708136 -0.192300 -0.771625 -1.946546 1.439544 -2.307991 -0.957296 -0.067723 0.989637 0.284299 0.916645 0.535591 0.781563 -0.800912 -0.542481 0.195762 -0.146801 -0.294260 0.302685 0.791927 -0.931415 1.205105 -1.263480 -1.212637 -0.393036 0.362045 -1.200487 -1.658114 0.162653 -2.086254 -0.036639 -0.376195 0.838318 -0.120667 -0.760489 -1.151684 0.655684 -1.545999 1.325530 -1.699323 -2.377505 0.598303 -1.029411 -0.032391 0.144917 0.741396 1.256339 -0.355073 0.903194 2.296364 1.000000
94 1.168425 0.476255 -0.953284 0.115804 -0.992513 0.197843 -1.186370 -0.719988 0.680109 0.308494 2.269349 -0.206361 -0.684569 1.250193 0.582802 0.622520 0.939834 0.408351 -0.332694 -1.378917 0.737711 0.530365 -0.443296 -0.189417 -0.104053 -0.671500 1.027702 1.595956 0.481639 -0.727738 -0.931013 -0.362632 0.610418 -0.009290 -0.098539 -0.862422 1.324305 0.191404 0.268822 -1.509130 0.040566 -1.185551 -0.403206 -0.650423 1.028186 0.211250 -0.880558 -0.573769 0.626952 -0.378877 1.452689 -1.841889 -2.671823 -1.235852 -0.803853 -1.497328 0.114466 -0.554445 -1.787186 0.042739 5.960341 1.000000
95 0.395926 0.564207 -0.044222 0.484056 0.894722 0.400587 -1.017519 1.318716 0.261333 -0.543332 -0.177998 -0.007835 0.885021 1.442537 0.111962 -0.627434 1.198754 0.796369 -1.586271 0.443112 -0.736115 1.539419 0.729331 -1.133365 -0.553901 -1.508490 1.128999 -0.362879 -0.704330 -1.260090 0.382337 -1.409030 -0.304925 -0.961059 -0.246797 -2.023127 -0.498785 0.140722 -0.608713 -0.623547 0.015170 -2.131426 0.444068 -0.119419 -0.188831 -1.093019 -2.244329 -0.713167 0.413121 -0.906449 0.538995 0.786258 0.194405 0.644405 0.369563 0.756401 -2.407542 0.106066 0.123194 0.292077 1.336250 1.000000
96 1.038644 -1.054053 2.388598 -1.486947 -0.270529 -0.063932 1.914912 0.292660 0.173881 -0.831070 -2.553636 1.518261 -1.401453 -3.097303 -1.032911 -0.241238 0.149544 -0.222169 0.610746 0.411832 -1.589795 -0.792625 -0.143809 1.501723 -0.856366 0.449721 -1.137955 -0.381356 -0.053724 -0.517574 -0.254429 -0.841832 0.694160 1.578025 0.426136 -0.670488 0.547682 0.887625 1.679913 -0.235225 0.012163 0.292353 0.246346 -1.449786 0.009156 0.840007 0.187947 1.532233 0.862003 0.130052 -0.673795 -1.272599 0.804143 0.162087 0.392696 -0.311341 0.347516 0.105884 0.509269 -0.603276 3.390170 1.000000
97 -0.029157 -0.455247 -0.684727 0.687424 0.778414 -0.356263 0.952428 -0.846163 -1.210942 -1.452092 -0.533778 0.806206 1.749649 -2.294231 0.596182 -0.351880 1.985642 -1.225196 -0.672868 0.436342 0.085814 -0.702160 -0.968348 0.821031 1.264393 -0.638267 0.529873 -1.275285 -1.381975 0.415405 -0.694830 0.721770 -0.114075 -0.469427 1.694843 0.160193 0.143675 1.622488 0.279595 -0.378325 0.032764 -0.758819 0.257943 -0.918575 -0.323258 -1.752544 1.225556 -0.728180 -0.564200 -0.951508 0.897263 -0.059142 -0.391096 0.566348 0.377162 -0.437441 -0.306061 -1.378743 -0.674222 0.265397 0.133539 1.000000
98 -0.575408 1.631011 0.393642 -0.899444 -1.434288 -2.339679 -1.554831 0.857994 -0.886241 -2.757699 1.416062 0.929414 0.642284 0.425592 -0.817006 0.594254 1.584355 1.523140 -2.206382 0.178247 1.186569 -0.237740 -1.010059 -0.494202 -0.080930 -1.278320 0.038280 -2.155172 -0.293396 0.164393 -0.699020 -0.106273 -1.005393 -0.592762 -0.860726 -2.516250 -0.624352 2.418687 0.245785 -0.619896 0.389368 1.303104 -1.412816 -0.805254 -1.279417 -1.626262 -0.569107 -2.355414 0.203330 0.039200 -0.857405 0.012930 0.456553 -0.694681 2.510879 0.267494 0.013978 0.033508 0.021815 1.604403 0.077358 1.000000
99 1.768429 -0.573808 -1.032022 -1.035318 0.109704 0.784405 -0.443943 -0.686260 0.008121 0.257330 1.007364 0.950590 -1.505652 0.507512 1.491243 0.115377 -0.929956 1.673160 -1.561086 0.904778 -0.163098 -2.388775 1.421470 -0.394298 1.413977 -1.951817 0.479404 -0.219165 -0.719791 1.057057 -0.043158 2.018555 -1.779901 0.025311 -1.517551 -0.915152 -0.069018 1.616628 0.294976 1.006628 0.308131 1.488842 -0.187100 0.548629 -0.411282 0.245539 0.891007 0.241098 -0.681609 -1.306476 -0.453835 1.815629 -0.354064 0.831321 -0.681377 -0.772286 1.978885 -0.623457 -1.557842 1.243959 3.779104 1.000000
100 -0.943200 0.228030 -0.965351 -0.216578 -0.282613 -0.114133 -0.341716 -0.018563 -0.733094 0.849101 0.943302 0.152656 0.866653 0.444159 0.935978 -1.259599 -1.104175 0.636539 0.107785 0.280675 -1.960626 -0.792518 -1.231756 0.143743 -0.355730 1.146964 0.398623 2.440553 0.524909 -0.650687 0.078462 -1.240955 1.124459 -0.279019 -0.230695 -0.338170 2.142317 0.016273 -0.283896 -1.053207 -1.183660 0.251262 -0.468719 -0.894410 -0.715974 -1.925119 0.363080 0.311048 -0.199792 -0.491815 1.457179 -0.867800 0.326742 0.621308 0.026824 0.470447 -0.408853 -0.948504 -0.838564 -0.032480 13.103243 1.000000
uncorrelated Gaussian covariates
missing covariate fraction: 0.000000
no latent classes
   lambda(t|risk 1)=C, <t>=4.000000 for zero covariates
   risk 1: beta[1]=0.500000
   risk 1: beta[2]=0.500000
   risk 1: beta[3]=0.500000
   risk 1: beta[4]=0.500000
   risk 1: beta[5]=0.500000
   risk 1: beta[6]=-0.500000
   risk 1: beta[7]=-0.500000
   risk 1: beta[8]=-0.500000
   risk 1: beta[9]=-0.500000
   risk 1: beta[10]=-0.500000
   risk 1: beta[11]=0.000000
   risk 1: beta[12]=0.000000
   risk 1: beta[13]=0.000000
   risk 1: beta[14]=0.000000
   risk 1: beta[15]=0.000000
   risk 1: beta[16]=0.000000
   risk 1: beta[17]=0.000000
   risk 1: beta[18]=0.000000
   risk 1: beta[19]=0.000000
   risk 1: beta[20]=0.000000
   risk 1: beta[21]=0.000000
   risk 1: beta[22]=0.000000
   risk 1: beta[23]=0.000000
   risk 1: beta[24]=0.000000
   risk 1: beta[25]=0.000000
   risk 1: beta[26]=0.000000
   risk 1: beta[27]=0.000000
   risk 1: beta[28]=0.000000
   risk 1: beta[29]=0.000000
   risk 1: beta[30]=0.000000
   risk 1: beta[31]=0.000000
   risk 1: beta[32]=0.000000
   risk 1: beta[33]=0.000000
   risk 1: beta[34]=0.000000
   risk 1: beta[35]=0.000000
   risk 1: beta[36]=0.000000
   risk 1: beta[37]=0.000000
   risk 1: beta[38]=0.000000
   risk 1: beta[39]=0.000000
   risk 1: beta[40]=0.000000
   risk 1: beta[41]=0.000000
   risk 1: beta[42]=0.000000
   risk 1: beta[43]=0.000000
   risk 1: beta[44]=0.000000
   risk 1: beta[45]=0.000000
   risk 1: beta[46]=0.000000
   risk 1: beta[47]=0.000000
   risk 1: beta[48]=0.000000
   risk 1: beta[49]=0.000000
   risk 1: beta[50]=0.000000
   risk 1: beta[51]=0.000000
   risk 1: beta[52]=0.000000
   risk 1: beta[53]=0.000000
   risk 1: beta[54]=0.000000
   risk 1: beta[55]=0.000000
   risk 1: beta[56]=0.000000
   risk 1: beta[57]=0.000000
   risk 1: beta[58]=0.000000
   risk 1: beta[59]=0.000000
   risk 1: beta[60]=0.000000
