active=20: 1 2 3 4 5 6 7 8 9 10 11 12 13 14 15 16 17 18 19 20 
active=19: 1 2 3 4 5 6 7 8 9 10 11 12 13 14 15 16 17 19 20 
active=18: 1 2 3 4 5 6 7 8 9 10 11 12 13 15 16 17 19 20 
active=17: 1 2 3 4 5 6 7 8 9 10 12 13 15 16 17 19 20 
active=16: 1 2 3 4 5 6 7 8 9 10 12 13 15 16 19 20 
active=15: 1 2 3 4 5 6 7 8 9 10 12 13 15 16 20 
active=14: 1 2 3 4 5 6 7 8 9 10 12 13 16 20 
active=13: 1 2 3 4 5 6 7 8 9 10 13 16 20 
active=12: 1 2 3 4 5 6 7 8 9 10 16 20 
active=11: 1 2 3 4 5 6 7 8 9 10 20 
active=10: 1 2 3 4 5 6 7 8 9 10 
active=9: 1 2 3 4 5 7 8 9 10 
active=8: 1 2 3 4 5 8 9 10 
active=7: 1 2 3 4 5 8 10 
active=6: 1 2 4 5 8 10 
active=5: 1 4 5 8 10 
active=4: 1 4 8 10 
active=3: 1 4 8 
active=2: 4 8 
active=1: 4 
