active=40: 1 2 3 4 5 6 7 8 9 10 11 12 13 14 15 16 17 18 19 20 21 22 23 24 25 26 27 28 29 30 31 32 33 34 35 36 37 38 39 40 
active=39: 1 2 3 4 5 6 7 8 9 10 11 12 13 14 15 16 17 18 19 20 21 23 24 25 26 27 28 29 30 31 32 33 34 35 36 37 38 39 40 
active=38: 1 2 3 4 5 6 7 8 9 10 11 12 13 14 15 16 17 18 19 20 21 23 24 25 26 27 28 30 31 32 33 34 35 36 37 38 39 40 
active=37: 1 2 3 4 5 6 7 8 9 10 11 12 13 14 15 16 17 18 19 20 21 23 24 25 26 27 28 30 32 33 34 35 36 37 38 39 40 
active=36: 1 2 3 4 5 6 7 8 9 10 11 12 13 14 15 16 18 19 20 21 23 24 25 26 27 28 30 32 33 34 35 36 37 38 39 40 
active=35: 1 2 3 4 5 6 7 8 9 10 11 12 13 14 15 16 18 19 20 21 23 25 26 27 28 30 32 33 34 35 36 37 38 39 40 
active=34: 1 2 3 4 5 6 7 8 9 10 11 12 13 14 15 16 18 19 20 21 23 25 26 27 28 30 32 33 34 35 37 38 39 40 
active=33: 1 2 3 4 5 6 7 8 9 10 11 12 13 14 15 16 18 19 20 21 23 25 26 27 28 30 32 33 35 37 38 39 40 
active=32: 1 2 3 4 5 6 7 8 9 10 11 12 13 14 15 16 18 20 21 23 25 26 27 28 30 32 33 35 37 38 39 40 
active=31: 1 2 3 4 5 6 7 8 9 10 11 12 13 14 15 16 20 21 23 25 26 27 28 30 32 33 35 37 38 39 40 
active=30: 1 2 3 4 5 6 8 9 10 11 12 13 14 15 16 20 21 23 25 26 27 28 30 32 33 35 37 38 39 40 
active=29: 1 2 3 4 5 6 8 9 10 11 12 13 14 15 16 20 21 25 26 27 28 30 32 33 35 37 38 39 40 
active=28: 1 2 3 4 5 6 8 9 10 11 12 13 14 15 16 20 21 25 26 27 28 32 33 35 37 38 39 40 
active=27: 1 2 3 4 5 6 8 9 10 11 12 13 14 15 16 20 21 25 26 28 32 33 35 37 38 39 40 
active=26: 1 2 3 4 5 6 8 9 10 11 12 13 14 15 16 21 25 26 28 32 33 35 37 38 39 40 
active=25: 1 2 3 4 5 6 8 9 10 11 12 13 14 15 16 25 26 28 32 33 35 37 38 39 40 
active=24: 1 2 3 4 5 6 8 9 10 11 12 13 14 15 16 25 26 28 32 33 35 38 39 40 
active=23: 1 2 3 4 5 6 8 9 10 11 12 13 14 15 16 25 26 28 32 33 38 39 40 
active=22: 1 2 3 4 5 6 8 9 10 11 12 14 15 16 25 26 28 32 33 38 39 40 
active=21: 1 2 3 4 5 6 8 9 10 11 12 14 15 16 25 26 28 33 38 39 40 
active=20: 1 2 3 4 5 6 8 9 10 11 12 14 15 16 25 28 33 38 39 40 
active=19: 1 2 3 4 5 6 8 9 10 11 12 14 15 16 25 33 38 39 40 
active=18: 1 2 3 4 5 6 8 9 10 11 12 14 15 25 33 38 39 40 
active=17: 1 2 3 4 5 6 8 9 10 11 12 14 15 25 33 38 40 
active=16: 1 3 4 5 6 8 9 10 11 12 14 15 25 33 38 40 
active=15: 1 3 4 5 6 8 9 10 11 12 15 25 33 38 40 
active=14: 1 3 4 5 6 8 9 10 12 15 25 33 38 40 
active=13: 1 3 4 5 6 8 9 12 15 25 33 38 40 
active=12: 1 3 4 5 6 8 9 12 15 25 33 38 
active=11: 1 3 4 5 6 8 9 12 15 33 38 
active=10: 1 3 4 5 6 8 9 12 15 38 
active=9: 1 3 5 6 8 9 12 15 38 
active=8: 1 3 5 6 8 9 12 38 
active=7: 1 3 5 6 8 9 12 
active=6: 1 5 6 8 9 12 
active=5: 1 5 6 8 9 
active=4: 1 5 8 9 
active=3: 1 5 8 
active=2: 1 8 
active=1: 1 
