0.000000 0.500000
1.000000 0.592100
2.000000 0.624300
3.000000 0.641400
4.000000 0.647900
5.000000 0.670000
6.000000 0.673200
7.000000 0.681300
8.000000 0.697700
9.000000 0.702400
10.000000 0.697200
11.000000 0.709700
12.000000 0.722900
13.000000 0.718100
14.000000 0.741200
15.000000 0.744300
16.000000 0.735000
17.000000 0.751800
18.000000 0.752600
19.000000 0.754600
20.000000 0.762900
21.000000 0.770200
22.000000 0.785900
23.000000 0.787500
24.000000 0.791300
25.000000 0.793500
26.000000 0.808200
27.000000 0.811300
28.000000 0.821300
29.000000 0.821300
30.000000 0.821000
31.000000 0.831200
32.000000 0.838100
33.000000 0.833100
34.000000 0.837800
35.000000 0.840500
36.000000 0.844400
37.000000 0.849100
38.000000 0.857500
39.000000 0.859700
40.000000 0.868300
41.000000 0.864400
42.000000 0.863500
43.000000 0.869300
44.000000 0.877100
45.000000 0.883900
46.000000 0.879500
47.000000 0.876000
48.000000 0.887800
49.000000 0.891800
50.000000 0.900200
51.000000 0.895500
52.000000 0.903700
53.000000 0.903400
54.000000 0.908300
55.000000 0.915300
56.000000 0.916400
57.000000 0.915100
58.000000 0.914200
59.000000 0.920000
60.000000 0.920200
