0.000000 0.500000
1.000000 0.583500
2.000000 0.613300
3.000000 0.616100
4.000000 0.615400
5.000000 0.615100
6.000000 0.621100
7.000000 0.617700
8.000000 0.624000
9.000000 0.627300
10.000000 0.607100
11.000000 0.611200
12.000000 0.618200
13.000000 0.613800
14.000000 0.626600
15.000000 0.607500
16.000000 0.602000
17.000000 0.608500
18.000000 0.598100
19.000000 0.597700
20.000000 0.594200
21.000000 0.591100
22.000000 0.604600
23.000000 0.595400
24.000000 0.602200
25.000000 0.593200
26.000000 0.600500
27.000000 0.584200
28.000000 0.590900
29.000000 0.579500
30.000000 0.589000
31.000000 0.580300
32.000000 0.577500
33.000000 0.584200
34.000000 0.568700
35.000000 0.563600
36.000000 0.565900
37.000000 0.563800
38.000000 0.556300
39.000000 0.563200
40.000000 0.557300
41.000000 0.554700
42.000000 0.552600
43.000000 0.545700
44.000000 0.538700
45.000000 0.546900
46.000000 0.535900
47.000000 0.529300
48.000000 0.534500
49.000000 0.527700
50.000000 0.524400
51.000000 0.521200
52.000000 0.512700
53.000000 0.508900
54.000000 0.513300
55.000000 0.512200
56.000000 0.499300
57.000000 0.497600
58.000000 0.498200
59.000000 0.496700
60.000000 0.487700
