1 0.024866930626 0.846480887433
2 0.167384727662 1.046968365035
3 0.184316082385 1.041313700287
4 0.077424289569 0.877485140721
5 0.259390197653 1.103114502111
6 0.033617613682 1.048969818116
7 0.106935341178 0.875735068531
8 0.290357923347 1.186743068196
9 0.088095254200 0.936317495561
10 0.235625204772 0.985773530735
11 -0.137685489771 1.038759061080
12 -0.065718926519 0.791477785661
13 -0.418363665407 1.193526154398
14 -0.299309008936 1.044917214560
15 -0.016201399637 0.935576890256
16 0.071299765003 0.900069703384
17 -0.059224688081 1.167558638240
18 -0.120243208892 1.044856641185
19 0.087711813076 1.081472772384
20 0.111609047531 0.892649777667
