0.000000 0.500000
1.000000 0.736667
2.000000 0.692292
3.000000 0.726667
4.000000 0.751042
5.000000 0.712500
6.000000 0.730417
7.000000 0.769583
8.000000 0.762917
9.000000 0.808958
10.000000 0.813333
11.000000 0.814792
12.000000 0.817917
13.000000 0.817917
14.000000 0.801875
15.000000 0.784583
16.000000 0.793958
17.000000 0.799583
18.000000 0.782500
19.000000 0.812917
20.000000 0.824583
21.000000 0.823542
22.000000 0.822917
23.000000 0.816667
24.000000 0.826250
25.000000 0.832083
26.000000 0.832917
27.000000 0.835417
28.000000 0.832708
29.000000 0.831042
30.000000 0.830000
31.000000 0.840833
32.000000 0.837708
33.000000 0.839792
34.000000 0.836458
35.000000 0.831875
36.000000 0.819167
37.000000 0.829375
38.000000 0.833542
39.000000 0.803750
40.000000 0.803125
41.000000 0.801250
42.000000 0.799375
43.000000 0.790833
44.000000 0.789375
45.000000 0.784167
46.000000 0.780000
47.000000 0.784792
48.000000 0.773750
49.000000 0.770000
50.000000 0.771042
51.000000 0.774375
52.000000 0.764167
53.000000 0.752500
54.000000 0.756667
55.000000 0.744167
56.000000 0.751667
57.000000 0.744375
58.000000 0.742083
59.000000 0.749792
60.000000 0.732708
61.000000 0.723750
62.000000 0.727292
63.000000 0.716458
64.000000 0.714583
65.000000 0.705417
66.000000 0.715625
67.000000 0.716458
68.000000 0.705833
69.000000 0.698333
70.000000 0.703333
71.000000 0.707292
72.000000 0.692083
73.000000 0.692917
74.000000 0.695417
75.000000 0.698125
76.000000 0.689375
77.000000 0.675000
78.000000 0.677500
79.000000 0.668125
80.000000 0.669583
81.000000 0.661667
82.000000 0.673750
83.000000 0.660208
84.000000 0.669167
85.000000 0.661458
86.000000 0.660417
87.000000 0.640833
88.000000 0.637708
89.000000 0.636875
90.000000 0.637292
91.000000 0.633125
92.000000 0.635000
93.000000 0.630000
94.000000 0.626250
95.000000 0.612083
96.000000 0.630000
97.000000 0.619792
98.000000 0.610208
99.000000 0.610417
100.000000 0.608333
