0.000000 0.500000
1.000000 0.741042
2.000000 0.730625
3.000000 0.771458
4.000000 0.817708
5.000000 0.795417
6.000000 0.842917
7.000000 0.877917
8.000000 0.895417
9.000000 0.934167
10.000000 0.955417
11.000000 0.960625
12.000000 0.947708
13.000000 0.956042
14.000000 0.948958
15.000000 0.943958
16.000000 0.956042
17.000000 0.962083
18.000000 0.962708
19.000000 0.968958
20.000000 0.981458
21.000000 0.984583
22.000000 0.983750
23.000000 0.984375
24.000000 0.981667
25.000000 0.980833
26.000000 0.986667
27.000000 0.983750
28.000000 0.985625
29.000000 0.983542
30.000000 0.989792
31.000000 0.988125
32.000000 0.991875
33.000000 0.991458
34.000000 0.990833
35.000000 0.990625
36.000000 0.991250
37.000000 0.990625
38.000000 0.991042
39.000000 0.991250
40.000000 0.993958
41.000000 0.993958
42.000000 0.993958
43.000000 0.994792
44.000000 0.994375
45.000000 0.996875
46.000000 0.997083
47.000000 0.998125
48.000000 0.998958
49.000000 0.998750
50.000000 0.998958
51.000000 0.999167
52.000000 0.999792
53.000000 0.999375
54.000000 1.000000
55.000000 1.000000
56.000000 0.999792
57.000000 1.000000
58.000000 1.000000
59.000000 1.000000
60.000000 1.000000
61.000000 1.000000
62.000000 1.000000
63.000000 1.000000
64.000000 1.000000
65.000000 1.000000
66.000000 1.000000
67.000000 1.000000
68.000000 1.000000
69.000000 1.000000
70.000000 1.000000
71.000000 1.000000
72.000000 1.000000
73.000000 1.000000
74.000000 1.000000
75.000000 1.000000
76.000000 1.000000
77.000000 1.000000
78.000000 1.000000
79.000000 1.000000
80.000000 1.000000
81.000000 1.000000
82.000000 1.000000
83.000000 1.000000
84.000000 1.000000
85.000000 1.000000
86.000000 1.000000
87.000000 1.000000
88.000000 1.000000
89.000000 1.000000
90.000000 1.000000
91.000000 1.000000
92.000000 1.000000
93.000000 1.000000
94.000000 1.000000
95.000000 1.000000
96.000000 1.000000
97.000000 1.000000
98.000000 1.000000
99.000000 1.000000
100.000000 1.000000
