1 -0.222356968315 0.994116263870
2 0.084329826221 0.973529502389
3 0.143295440364 0.845927850836
4 0.000102238054 1.055577522309
5 -0.093403755318 0.997319108107
6 -0.062007439844 0.869335777336
7 0.081395539169 0.933302528914
8 -0.077468125568 1.048500126846
9 -0.026339345064 0.874550312173
10 0.150746722445 0.942161675083
11 -0.149235573973 1.006503093484
12 0.209646365412 0.957638940386
13 0.043051248470 1.024468926754
14 -0.042777931838 1.046676329443
15 0.157818602194 1.213903783976
16 0.093054583752 0.895008879249
17 -0.021996109955 0.927607275102
18 0.212107832800 0.979952775507
19 0.085784360842 0.929893241587
20 0.120996925547 0.891881766165
21 0.088995126673 1.089806874314
22 0.203340622100 1.120337147736
23 -0.077324264565 0.963794018712
24 0.071873517249 1.027269247212
25 -0.038453771603 0.934615425760
26 0.127179449834 1.053854600706
27 0.104284219064 1.013742370838
28 0.145516070944 1.047173403075
29 0.164858221014 0.878710328831
30 0.170145546984 1.029785723168
31 -0.076467367426 0.966102232309
32 0.142895755684 1.006672370577
33 0.056392673522 1.060403941146
34 0.099054738666 0.902821715817
35 -0.021586727892 0.924165777027
36 0.067631687995 1.044923619650
37 0.192099356169 0.993965781956
38 0.026228856301 1.048968561421
39 0.074398141619 0.914880256808
40 -0.011980541648 0.947935954116
41 0.133883042188 0.849648905635
42 -0.005387371042 1.067924991217
43 -0.075764059221 0.975908772267
44 -0.176060322124 0.932601363683
45 -0.245189407686 0.898674988213
46 -0.075265427737 0.951447154212
47 0.070044327651 0.969210068227
48 0.001634471428 1.035618365871
49 0.058715112942 1.040693212152
50 -0.041481287507 1.105816487388
51 -0.156446763717 1.047026743725
52 -0.074137179243 1.000723241990
53 -0.163978930329 1.002824100030
54 0.120992766370 1.006793683235
55 0.029776224110 1.154437136738
56 -0.163335770499 0.985026682916
57 -0.028517037747 0.927000759411
58 -0.183985154514 1.067244856305
59 -0.029833285367 0.952451234531
60 0.078151696476 1.003523693182
61 0.189109729544 1.035771578685
62 0.130153908442 1.002001694293
63 0.062533915080 0.994148302834
64 0.134925664888 0.991197641165
65 0.037035876435 1.176694682632
66 -0.026961294838 1.008789945562
67 0.167750590612 1.056214786460
68 -0.048544270729 1.048531869800
69 0.096776088812 0.929419621129
70 0.216954781889 1.063558632454
71 0.093149491007 1.006084032161
72 0.122917998341 1.003842891336
73 0.019547631823 0.990955868313
74 0.093222120252 1.024213956692
75 -0.067160900033 0.943445688962
76 -0.044164029045 0.948782930950
77 0.071918991897 1.128892012632
78 0.091088444328 1.149937362699
79 -0.062670087147 0.992419861474
80 0.054785665515 0.972034184314
81 0.097804307466 0.957085857667
82 -0.054772296288 0.973559314766
83 0.029606674387 0.942582556020
84 0.009372698142 0.900914014886
85 -0.075791805297 0.945174756061
86 -0.025298180925 1.041441272842
87 0.030523856880 0.942113367634
88 -0.103751507052 0.924232535554
89 -0.029836623655 1.121888564256
90 0.003719267533 1.069250781143
91 0.181861533337 1.003134010546
92 0.036207661321 0.934126943546
93 -0.132455943390 0.950621764044
94 -0.063953427253 1.011604274260
95 -0.081295268788 1.012790922664
96 0.142803115041 1.113443677470
97 -0.097060282362 1.117090788128
98 -0.008267690187 1.000751649965
99 -0.011699466825 1.041889917084
100 -0.011111469110 1.059201698764
