1 0.202523489362 1.119111682296
2 0.069948347826 0.930315548367
3 0.152041734694 0.871754609591
4 -0.076200625000 0.902936081543
5 -0.133493857143 0.914891002612
6 -0.040832183673 1.000584270522
7 0.030335229167 0.962742884410
8 -0.143992673913 1.069435788503
9 -0.098115229167 0.956463595400
10 -0.043399191489 1.100034472985
11 0.021530326087 1.082153894512
12 0.200813729167 0.890486549032
13 0.216879787234 1.032416223361
14 0.031356895833 1.191028979797
15 0.145130312500 0.853600309935
16 0.021770489362 0.874582769256
17 -0.138467382979 0.999316806285
18 -0.006583160000 0.864632199300
19 0.050362022222 0.780743752417
20 -0.212393148936 0.936760708052
21 0.069229595745 1.142681271616
22 0.119898804348 1.137876271446
23 0.118586250000 1.079571245461
24 -0.183493425532 0.908806353885
25 0.205912041667 0.970110712911
26 0.062084382979 0.818660641605
27 0.181969468085 1.158827177085
28 0.049611869565 1.125908027079
29 -0.174566260870 1.057463497138
30 0.194425702128 0.936704778222
31 0.006542387755 1.065681883068
32 0.151005081633 1.008305830255
33 -0.014324612245 0.986142552158
34 0.090632260870 1.097664884136
35 -0.046480479167 0.916168031612
36 -0.030762957447 0.878799441899
37 -0.110969782609 0.880684913082
38 0.272720250000 1.103355608939
39 -0.000853791667 1.075423324849
40 -0.202908489796 0.968483785961
