N=50
P=40
R=2
1 1.523780 -0.933688 0.572549 1.307212 -1.066942 -2.501427 -1.850641 -0.544307 0.862202 0.681879 NA 0.882408 0.312400 -0.008363 -0.089538 0.483442 -0.545048 -0.309525 -0.678105 0.876916 -1.026354 -1.229817 0.310355 0.437522 -0.546481 -1.119791 -1.103161 -1.400061 -1.209521 0.240120 -0.467002 NA 1.406744 1.050165 0.016823 -1.286739 -0.375926 1.811713 0.335137 0.417028 0.262413 1.000000
2 -1.437200 0.846938 -0.081397 -1.936293 -0.956447 0.578899 2.040995 0.342040 0.255379 NA -1.475510 0.501599 0.357158 0.587899 -0.101932 2.086861 -0.158103 1.052338 NA -1.653436 1.751698 -1.207993 0.590470 0.689727 0.641638 1.564681 -2.248327 0.894447 0.708495 1.090744 0.684571 -1.084597 0.046178 -0.519600 0.509032 -0.539077 2.382663 -0.814256 -0.808954 -1.791973 851.566578 1.000000
3 -0.302715 -0.035889 0.416887 NA -0.733629 0.747277 0.167255 -0.146486 -0.087295 -1.677172 -0.275672 0.834999 1.506692 -2.630104 -0.168101 -0.326224 0.471716 -1.875212 NA 1.246457 -0.392692 0.157790 -0.298629 -0.990432 2.880405 1.180457 0.538229 -0.201262 -1.990455 1.266327 -1.951309 -1.288486 -0.875441 -1.693410 0.434215 -1.102188 0.369315 0.785693 0.392329 0.322885 0.391970 1.000000
4 -0.346558 -0.550810 -0.664649 -0.799469 0.099724 0.290202 -0.217240 1.323425 -0.419638 2.014740 0.574006 0.599159 1.584726 0.583826 -0.009944 -0.391420 -1.867576 -0.842480 -0.053252 0.405225 NA 1.443014 1.042916 0.846211 -0.895890 0.309165 -0.520963 0.073387 NA 0.790387 0.587767 -2.462698 0.572717 0.790333 -0.366812 NA -1.552639 -0.833802 2.259665 0.760305 14.121772 1.000000
5 1.134394 0.336993 -0.469586 -0.292056 -0.212209 -1.203698 -1.701316 NA -1.281141 0.450081 0.954146 -0.959774 -0.293709 -1.308097 -0.897862 -0.067939 -1.187686 -0.500809 -0.172123 -0.085161 -0.696667 1.694387 -0.803471 -1.187503 -0.778254 0.554827 -0.238691 -0.496760 -0.810147 0.550896 -0.619989 1.347391 -2.116593 0.120424 -0.707750 0.822641 NA 0.102763 -0.777724 0.143366 0.478334 1.000000
6 0.694571 0.106559 2.558556 0.424227 -1.259605 -1.594264 -0.020811 1.585095 0.796762 1.425249 1.507265 -0.024260 2.441140 -1.057216 1.786659 -1.197354 NA -0.406129 0.588531 0.990153 0.709709 -0.990540 0.996740 -1.536504 1.334116 1.164619 1.999955 1.261103 1.254754 1.388588 NA 0.400027 -0.187765 -0.673847 -1.265283 -1.734363 -0.061023 0.513995 1.082320 0.302369 4.844226 1.000000
7 -1.810763 0.586858 0.465821 -1.314630 0.766424 0.047417 -1.002161 -0.492817 -0.130739 1.490004 0.841823 0.060008 1.708979 0.324635 -0.951063 1.246129 -0.415196 -1.711184 -0.567380 -1.236713 0.167443 0.064990 0.117974 1.632979 0.018951 0.101747 -0.858584 -0.745696 0.371627 0.435809 -2.447576 0.935814 -0.651326 1.467672 1.820410 0.860906 0.521657 NA -0.214885 -1.426287 4.718521 1.000000
8 -0.004800 -1.173627 -0.775275 -1.055661 0.651087 0.319321 -0.671877 -0.868653 1.430404 -0.005118 0.529940 0.717971 -0.865051 -0.140359 0.107394 1.056181 -0.532185 0.202145 -0.229503 0.555169 NA 0.933645 2.499380 0.191620 1.099048 0.385240 -1.262044 0.893706 -0.650813 -1.071505 -1.001574 1.646560 1.630606 0.845960 0.077753 NA 0.743308 -0.405469 1.146359 0.372656 16.259342 1.000000
9 -2.027618 -0.073504 0.166843 -0.793217 0.423381 -1.692698 0.725296 -0.183840 1.301794 0.741037 -0.052861 -0.374382 0.894279 NA 1.185065 -0.822275 0.549036 0.760773 0.885033 0.204980 -0.948527 -0.271134 1.696980 -0.539784 -0.190437 -1.265306 1.357958 1.975742 -1.387142 -0.543290 -0.353699 0.535336 -1.562556 0.597080 1.729228 -1.367881 0.014480 -1.228227 0.954205 0.535448 3.790644 1.000000
10 2.195890 0.542559 -0.240551 0.756460 0.001197 0.396911 -0.193965 0.505051 0.325179 0.815554 -0.520396 0.448125 NA 0.110204 -1.313132 0.287244 NA -1.023534 0.988587 -2.028649 0.038138 1.132614 -0.471432 -0.090902 0.675678 -0.974324 -0.576576 NA 0.423686 -1.903800 0.432803 1.726808 0.182929 -0.976376 -1.985219 -0.139782 NA -0.698723 2.065271 NA 2.308797 1.000000
11 1.916823 -0.649911 0.125380 -0.836353 -0.404642 0.917562 0.305116 -0.705558 -0.310870 0.448527 -1.340125 1.323458 0.020191 -0.755614 0.462157 -0.408198 -0.734524 0.408879 -0.496478 -0.358506 -1.284517 0.540878 NA NA 0.800300 -0.002378 0.821377 -1.339058 0.548932 -0.037141 -1.227912 2.001674 -0.907096 1.501416 0.812868 0.383178 -0.223021 -0.309503 0.532388 -0.434824 5.816593 1.000000
12 2.738528 0.100556 0.256077 1.298969 0.878365 0.787768 0.594670 -0.780418 0.607259 -0.336321 -0.510230 0.529027 0.285695 -0.363019 -0.384575 -0.888065 0.272069 0.567041 0.860211 0.895829 -0.661031 -0.803145 -1.862322 -0.405418 -1.419115 -0.197312 NA 1.043657 0.017741 1.409541 -0.896825 0.191122 -0.004143 -1.857575 -0.664352 0.074981 -0.139054 0.349091 0.783169 0.644681 2.178448 1.000000
13 -0.864102 -0.250124 -0.286568 0.615221 0.043111 0.390680 -0.634064 0.057698 -0.274583 -1.645830 0.810744 -0.286936 -1.637116 -2.317649 1.354557 -0.089170 0.983180 1.391682 -0.539939 0.441108 2.474168 -1.418917 -1.320634 -0.566075 -0.384374 NA -0.621357 NA 0.757088 -0.284720 1.345123 -0.872147 -0.265262 -0.800561 -0.534162 0.976603 0.065773 0.422069 0.191518 0.572400 3.047482 1.000000
14 -0.511495 -0.726768 -0.396545 -1.346591 -0.660633 1.060634 0.305422 -1.369682 -1.247144 -1.728459 2.469533 0.344144 -1.090369 0.628761 0.169710 -0.584810 -2.092252 -1.013945 -1.292745 -0.661523 -1.140266 1.550991 -0.352590 1.298652 -0.988358 0.481208 -0.247453 -1.526009 NA 0.275575 -0.192411 0.255700 0.401105 1.364799 1.282994 0.071823 0.083608 -0.501150 -1.183402 -1.531457 4.799297 1.000000
15 -0.820395 0.069566 0.766477 1.214336 NA -0.693205 0.820011 0.184519 0.369895 -0.641665 -1.880959 1.372062 -0.198404 1.726811 -0.297041 0.154463 0.511559 0.899691 NA -0.860552 0.612359 0.810148 1.083928 0.204457 0.717779 1.815232 0.597406 1.044059 -0.544615 0.385417 0.746497 0.051565 -0.218667 NA 0.910918 0.050928 -0.655734 0.087494 0.681104 0.211277 9.777788 1.000000
16 0.102343 0.735258 -0.682593 -1.405677 0.642108 -1.481903 -0.962766 0.429015 -1.070964 0.803930 NA -1.050809 0.961646 -0.427655 -0.720331 -1.262855 -1.365622 0.191039 0.954312 -0.142250 -0.661858 -0.229355 1.392805 -0.192568 0.350802 -0.301090 1.077550 0.822739 1.917539 0.459109 0.419825 1.879351 0.850871 -0.964936 -0.259227 0.579417 -0.487468 1.741682 0.266323 -2.747748 1.510282 1.000000
17 -0.876667 -0.714617 0.552584 -1.550409 0.327241 1.288994 1.000007 -0.517986 -0.541342 0.112575 2.193497 1.313083 0.940061 0.467576 -0.081155 0.396346 0.690833 0.506535 0.937931 -1.179869 -0.749701 -0.355297 1.273468 -1.676352 0.207052 0.287659 2.884214 -0.291873 NA 1.434661 1.252838 0.723422 0.387436 0.017797 -2.031248 0.270770 -0.356652 0.936877 -0.980230 -1.372129 2.511525 1.000000
18 0.144456 NA 0.056588 -0.436088 -1.667152 0.333408 -0.045737 -1.022264 1.993730 -1.305859 1.223480 1.661544 0.872986 0.767001 1.239912 -0.342722 -0.743111 0.726366 -0.969258 -0.655795 -1.651819 NA -1.343314 -1.046742 1.114264 0.739497 -1.378549 0.735922 -1.009620 0.221214 0.434239 -0.920498 -0.104556 1.711534 -0.291474 -1.187900 -0.926376 -0.457276 -0.542230 0.292003 4.703360 1.000000
19 1.566422 0.425374 0.201289 0.003860 -0.317683 -1.640348 -0.323368 -2.117141 -0.254470 0.516440 -0.747368 -0.761262 2.033384 0.545635 0.203925 0.129313 -0.323998 0.629673 0.131278 NA 1.758725 -1.715000 0.025535 -0.141338 -0.237604 0.417969 1.140150 NA -1.088990 0.519970 -1.522118 0.016054 -0.424170 -0.788153 -1.893379 -0.623257 0.648092 0.226394 -0.668855 0.976822 0.217078 1.000000
20 NA -0.778432 0.459927 0.860486 0.648784 1.407083 NA -0.908794 0.011737 0.563129 1.113107 0.632368 -0.149789 -1.509912 2.187612 1.004879 1.609706 0.325308 -0.684476 -1.186766 2.398784 0.137213 0.791735 -0.553813 0.373136 -0.563658 1.198900 -1.001234 1.039847 -1.037860 -0.001973 -0.727334 -1.195853 NA -0.452598 -1.788118 -1.236063 0.637674 0.861594 -1.448474 0.106154 1.000000
21 -0.617415 NA -0.581241 NA 0.691723 -0.450831 0.924646 2.552009 NA -1.674446 -2.435102 -0.882871 0.792108 1.437509 0.012260 0.513784 1.308155 1.646047 -0.093398 -0.630019 -0.331315 0.850657 -1.213083 0.139082 0.341698 1.459165 -0.197387 1.431337 0.785034 1.472546 1.669077 -0.010813 0.272647 -0.641656 -0.874860 0.364871 0.275660 -1.074475 0.549598 -1.304543 26.550370 1.000000
22 0.696681 0.273342 1.694501 -0.328328 -1.216141 -0.628484 -0.680093 0.776898 -1.184912 1.935815 -0.077605 1.352571 1.257825 0.582518 0.305383 1.392290 1.034390 -0.300424 0.015079 -0.148794 -1.194630 0.579305 -0.152080 0.849284 -0.761525 0.537626 1.143289 -0.177989 0.584013 1.095011 0.574975 0.650061 -1.733980 -1.134565 0.160246 -1.333645 0.441509 0.583548 0.884959 0.634487 1.695371 1.000000
23 -0.737592 0.568321 0.066511 -1.055874 -1.661193 NA -0.051268 -0.842604 -2.740464 0.866277 0.131025 0.208569 -0.961704 -0.401453 -0.125869 -0.316099 -1.176841 0.106995 -0.634269 0.817222 NA -0.270373 -0.189909 -1.826033 -0.471854 -0.134134 0.536285 2.280932 -1.439470 -0.504148 0.400174 0.763356 0.339091 -1.769249 0.773247 1.783606 -0.975790 -0.834406 -0.629581 -1.865363 0.353934 1.000000
24 0.133114 -0.057726 -0.020233 0.232632 1.349125 -0.656504 1.191553 NA 0.260745 -1.239397 -0.500136 -0.279652 0.734520 1.138265 -0.409575 1.235345 -1.564499 0.599897 0.009513 0.476742 -1.403716 1.903179 -0.785993 -0.991251 1.190812 0.598004 1.058478 1.984919 -0.120855 -0.316513 1.141169 0.512323 -0.246889 -1.666531 -1.401415 0.554492 0.072180 0.267443 -1.678390 -1.138340 1.474516 1.000000
25 -1.118713 0.656475 0.004091 0.748053 0.418586 0.629766 1.216948 1.744127 -0.315957 NA 1.052240 -1.589737 -1.206591 1.587514 0.256470 -0.524280 0.124808 0.170796 -0.308967 -0.158317 1.815777 1.187032 1.496313 -1.192112 2.805211 0.035288 -1.029958 0.855884 -1.694075 -0.655996 0.951869 -0.892270 -0.486624 -0.635049 -0.243626 -0.751000 0.477207 -1.065907 -1.243087 -1.063077 11.031704 1.000000
26 1.109610 -0.082825 0.429259 -0.661571 0.238054 -1.789427 -0.394296 NA -0.269272 -2.049449 1.995096 -0.480549 0.123488 -1.520830 -0.087070 NA -0.646090 -1.636075 0.625220 -0.218107 -0.512204 -0.653620 -1.405354 -0.364528 0.899705 0.503062 1.375182 0.272298 -0.981585 1.415069 -0.929285 0.890491 2.000379 -0.507887 0.165979 1.258574 0.387995 -0.251157 1.491114 0.445813 0.418397 1.000000
27 -0.522216 NA 1.608025 0.954423 -1.081467 -0.414063 0.519886 0.864902 -0.478430 -1.466385 0.207409 0.442484 2.011212 1.234569 -0.563230 -0.681318 -0.717128 0.912098 0.704009 0.285355 -1.319001 0.134324 -0.422866 -0.587063 0.856445 -0.406790 3.529561 -0.117344 -0.237601 0.927214 0.985188 0.301694 0.129468 2.675762 -0.099565 -0.180280 -0.132975 1.208651 -1.493561 -0.895343 0.459406 1.000000
28 0.234907 1.550582 -0.095513 -0.483120 0.268375 -0.165772 0.286934 0.182495 1.090939 -1.959390 NA 0.941032 0.356112 -0.131303 1.027938 NA -0.398710 1.404196 -1.523333 0.267892 1.747365 0.609637 0.105298 NA 1.031159 0.516117 -1.056141 -0.935101 -1.042537 NA 0.215787 0.381520 -1.548153 1.025329 0.472028 0.718995 NA 1.779094 NA -0.030032 1.963057 1.000000
29 1.924916 1.411896 -1.004129 -1.243691 -0.930700 0.830948 -0.801890 0.239748 -1.091831 1.469720 -0.589974 NA NA 0.448944 0.489809 1.117650 0.752651 0.676371 -0.541614 -1.777680 -0.150408 -1.148905 0.708363 -1.290599 1.576737 -0.943772 -0.469354 0.114053 0.730623 0.651864 -1.236297 1.774714 0.463900 1.056241 0.871479 -0.565399 -1.027205 2.252225 -0.286964 -0.025981 0.780113 1.000000
30 2.108453 0.225489 0.672905 0.983552 0.436823 0.270994 -0.693883 1.595147 -0.945404 -0.117933 0.908570 -0.349565 -1.527910 1.860439 2.070521 -0.036049 -1.679627 -0.815692 1.018989 0.099736 0.456671 NA -1.729748 1.128789 -0.814457 -1.177127 0.092444 -0.658368 NA -1.137788 1.440637 -0.938528 0.708213 -1.529599 -0.995226 -0.352228 0.676555 2.226820 -0.574579 -0.029825 0.046316 1.000000
31 0.729120 NA 0.798353 0.180998 -0.060609 -1.438325 1.168215 -1.804067 0.645179 -0.095468 -0.771678 -0.117938 -0.360742 1.417753 NA 0.180619 -0.898941 -0.787184 0.724706 0.321251 1.024428 0.766616 0.552574 -1.120762 1.037170 -0.596741 -0.006882 0.488881 1.779106 -0.013436 1.367622 -0.382473 NA NA -0.412150 0.708099 -0.852881 1.389998 2.194988 1.058742 2.676908 1.000000
32 NA -0.913508 -1.623652 0.843493 -1.355931 0.036320 -1.349532 0.014815 NA 0.908579 -0.333579 0.909824 -0.056617 0.084474 -0.388717 -0.171076 1.650075 0.403063 -0.227796 -1.657827 2.382713 -0.616362 0.150075 0.706999 -0.216102 -1.018779 -0.710766 -0.894484 -0.857044 -0.630682 0.425647 1.213645 0.440035 0.675415 -0.087129 0.314481 0.404599 NA -2.243736 -0.195892 4.659886 1.000000
33 -0.374597 -1.164271 -0.323268 -0.680393 0.386708 0.152334 0.435233 -0.893298 0.436868 -1.330446 0.115845 0.630305 NA 0.127971 0.165599 NA -0.269781 0.172428 -1.237562 -0.043550 -0.165747 0.167646 0.751416 -0.683146 -0.845469 0.661599 NA -0.955969 -1.327516 1.058631 1.460161 1.183184 0.226291 -0.423351 1.222708 0.242676 -0.649055 0.816247 NA 0.025363 2.656938 1.000000
34 -0.640939 -0.623138 0.040262 -0.299328 0.269764 0.054473 -0.321550 0.045309 1.841969 -0.399313 0.325999 0.265364 -0.025403 -0.096640 NA -1.440745 NA 0.308483 1.353362 -0.604382 0.056472 NA 0.865550 -0.533468 -0.390607 0.764194 1.229351 -0.983570 1.181507 0.640350 -1.437173 -1.035254 -0.280741 0.035604 0.958167 -0.348220 -0.520129 1.339521 -2.442417 -0.515211 23.779450 1.000000
35 1.246772 0.596649 -1.758728 0.120655 -0.013883 1.029187 2.224455 -2.683177 0.168005 -0.002224 -0.350563 1.347267 1.059342 0.987606 -0.551712 0.356412 -0.660998 -0.284982 1.267768 NA -0.150355 1.885844 0.142945 -0.313898 -1.389931 0.549417 -0.452961 -0.134379 0.117270 -0.192777 -2.100001 1.624039 2.400273 0.943227 -0.609173 NA 1.650443 -0.326068 -0.570265 1.654067 9.456212 1.000000
36 -0.972495 -0.748805 0.110546 1.198529 0.711744 0.499401 -0.382074 0.415378 -0.503092 -0.325820 -1.006754 0.046505 0.996985 -3.137858 0.180430 0.542062 1.804850 -0.076061 NA 1.653208 -0.327371 0.348421 0.665286 -0.339446 -1.614016 -0.180500 -0.677868 0.373406 -0.913614 -1.730994 -0.496605 -0.416561 1.048119 0.061115 0.824366 0.878743 -0.479323 0.151916 -1.105372 -0.688767 0.490320 1.000000
37 -0.003853 2.434406 0.817807 -0.463705 -0.572977 -0.162192 -0.669881 0.165126 -1.205051 0.965509 -1.927317 2.103022 0.731422 -0.082333 0.309263 1.196604 0.240017 -1.844633 -0.353306 NA -1.595023 1.362283 -0.932588 -0.600833 -0.227890 -1.381066 1.210579 -0.885697 -0.227468 0.869748 -0.376112 -0.067094 -0.019667 -0.104588 -0.116372 0.330972 -1.297665 2.489341 0.071751 -0.536084 1.351189 1.000000
38 NA -1.173507 0.759775 -0.570439 2.495103 0.823689 1.559496 0.209345 -1.407251 0.323768 -1.290433 NA 0.248115 -0.591792 2.132888 -0.563856 0.316906 -0.711588 -0.074264 1.052874 -0.370395 -0.013461 -0.826110 1.130326 -1.367282 0.035373 -0.402638 0.585364 0.595521 -0.041105 -0.172796 -0.448300 -0.752739 0.455626 -0.161711 -0.356718 -1.533667 1.645033 0.452361 -1.479153 9.794333 1.000000
39 -1.299772 0.622066 -0.029349 0.327534 -1.337550 -0.352482 0.606250 0.844125 1.144540 0.543812 -0.482170 0.561611 -0.902969 0.080217 -1.416679 -2.112616 -0.307298 -0.566642 0.639671 0.574803 0.107856 0.617188 0.547866 -0.753318 NA -0.298167 -1.618826 NA 1.124758 -0.734691 1.834509 0.137727 0.633573 0.011525 0.511131 -0.493861 -1.238099 0.727782 -1.003946 -0.192615 49.938918 1.000000
40 0.798176 -1.151075 -0.057190 1.743786 0.872087 -0.188407 0.469019 -0.465191 1.087326 0.763539 1.012249 -0.784801 -1.410700 0.052229 0.260255 -0.888068 0.133763 0.463660 0.145373 -0.115263 -0.732661 -1.867071 -1.624060 -1.111463 0.642321 NA 1.033255 0.076820 -0.064876 1.125234 0.709116 -1.664937 -1.057084 0.932729 -0.177679 0.131623 -0.850067 2.380518 0.729597 -0.579136 1.922774 1.000000
41 -0.104920 1.460905 0.043281 -0.041396 -0.654524 1.082066 1.036026 -1.654932 -0.339991 0.714799 -0.288673 -0.669451 0.501923 -0.991756 0.083295 1.388563 1.654109 -0.610723 0.368702 -0.549308 0.595180 -2.307616 0.636161 0.525067 0.789608 -0.150802 -0.175503 1.097259 -2.195413 NA -1.050002 0.111636 0.489388 -0.397204 NA -0.883740 -0.126789 -0.024404 -0.261413 -1.649844 4.567195 1.000000
42 -0.829322 -2.310043 -0.075323 -0.095699 -0.601699 0.392738 1.683050 -1.292229 0.224121 -2.090388 NA -1.437611 -0.940020 2.300135 0.188340 -0.657171 0.400381 0.948838 1.109242 -1.248351 0.496372 0.797926 0.930178 -1.912486 NA 0.357573 NA -1.185749 -1.858462 0.924907 -1.081046 -0.935519 -2.173013 0.089470 -1.453757 -0.422740 NA 0.750306 0.523742 1.364164 6.754251 1.000000
43 0.704668 0.955441 0.101775 -0.598463 1.333567 1.582547 NA 1.428573 -0.902694 -0.299052 -0.254583 1.151320 1.494582 1.229916 0.513505 -0.171060 1.362350 1.220155 0.484931 0.222688 1.243253 -0.489140 2.155644 NA -0.088508 -0.192300 0.361724 -0.771625 0.208983 -1.946546 -0.202875 1.439544 2.375920 NA 0.375934 -0.957296 0.303156 -0.067723 0.519301 0.989637 0.999033 1.000000
44 0.541000 1.168425 -1.590731 0.476255 1.208679 -0.953284 -1.228169 0.115804 -0.535888 NA 0.992593 0.197843 -0.605740 -1.186370 0.116361 -0.719988 -1.468032 0.680109 -1.766674 0.308494 0.599297 2.269349 1.604539 -0.206361 0.202286 -0.684569 -0.004834 1.250193 -0.885422 0.582802 0.619028 0.622520 -0.153771 0.939834 -0.918500 0.408351 -0.832779 -0.332694 1.763385 -1.378917 0.186693 1.000000
45 0.357883 0.395926 1.012337 0.564207 -0.827568 -0.044222 0.260741 NA -0.230257 0.894722 0.738798 0.400587 -0.175270 -1.017519 -2.146013 1.318716 -0.574950 0.261333 -0.786592 -0.543332 -1.379210 -0.177998 1.394368 -0.007835 -0.001319 0.885021 -0.586292 1.442537 0.664559 0.111962 1.387177 -0.627434 -0.149638 1.198754 0.341656 0.796369 1.587174 -1.586271 -0.574977 0.443112 0.203508 1.000000
46 2.251990 1.038644 1.927870 -1.054053 -0.327818 2.388598 0.284968 -1.486947 1.482851 -0.270529 -0.543008 -0.063932 -0.369623 1.914912 0.102186 0.292660 -1.490899 0.173881 0.721425 -0.831070 -0.933498 -2.553636 0.178789 1.518261 -0.057534 -1.401453 0.167534 -3.097303 -1.065426 -1.032911 0.097426 -0.241238 0.007478 0.149544 NA -0.222169 0.044735 0.610746 0.463103 0.411832 1.218470 1.000000
47 -0.235109 -0.029157 NA -0.455247 -0.218441 -0.684727 -0.941643 0.687424 -1.310158 0.778414 -0.084903 -0.356263 1.323546 0.952428 0.098827 -0.846163 -1.098899 -1.210942 0.165427 -1.452092 -0.121845 -0.533778 NA 0.806206 0.551607 NA 1.518449 -2.294231 -1.718508 NA -0.966060 -0.351880 0.105552 1.985642 0.691372 -1.225196 -0.947632 -0.672868 0.022512 0.436342 6.733579 1.000000
48 0.208624 -0.575408 -0.416850 1.631011 -0.349349 0.393642 -1.555145 -0.899444 -0.466074 -1.434288 -1.446914 -2.339679 -1.245273 -1.554831 0.124592 0.857994 -0.323290 -0.886241 NA -2.757699 0.019826 1.416062 -1.302133 0.929414 1.162251 0.642284 0.172995 0.425592 0.733147 -0.817006 -1.024946 0.594254 0.056441 1.584355 1.475454 1.523140 0.359631 -2.206382 -0.185629 0.178247 0.210091 1.000000
49 1.004115 1.768429 -0.313237 -0.573808 -2.037242 -1.032022 -0.576806 -1.035318 -0.953855 0.109704 -0.504889 0.784405 -0.088798 -0.443943 0.041452 -0.686260 0.484837 0.008121 -0.323630 0.257330 0.401161 1.007364 -1.592266 0.950590 -0.199927 -1.505652 -1.308847 0.507512 1.033265 1.491243 1.229556 0.115377 -0.202053 -0.929956 -0.195277 1.673160 1.961666 -1.561086 -0.634845 0.904778 0.517913 1.000000
50 -0.089376 -0.943200 2.250377 0.228030 -1.176925 -0.965351 -1.099925 -0.216578 -0.547648 -0.282613 0.984432 -0.114133 -1.245369 NA 0.493429 -0.018563 0.377926 -0.733094 1.121655 0.849101 2.297207 NA -0.386929 0.152656 0.470533 0.866653 1.261662 0.444159 0.713632 0.935978 -0.336618 -1.259599 -0.559480 -1.104175 -0.471127 0.636539 -1.098004 0.107785 -1.153733 0.280675 0.381656 1.000000
uncorrelated Gaussian covariates
missing covariate fraction: 0.050000
no latent classes
   lambda(t|risk 1)=C, <t>=4.000000 for zero covariates
   risk 1: beta[1]=0.500000
   risk 1: beta[2]=0.500000
   risk 1: beta[3]=0.500000
   risk 1: beta[4]=0.500000
   risk 1: beta[5]=0.500000
   risk 1: beta[6]=-0.500000
   risk 1: beta[7]=-0.500000
   risk 1: beta[8]=-0.500000
   risk 1: beta[9]=-0.500000
   risk 1: beta[10]=-0.500000
   risk 1: beta[11]=0.000000
   risk 1: beta[12]=0.000000
   risk 1: beta[13]=0.000000
   risk 1: beta[14]=0.000000
   risk 1: beta[15]=0.000000
   risk 1: beta[16]=0.000000
   risk 1: beta[17]=0.000000
   risk 1: beta[18]=0.000000
   risk 1: beta[19]=0.000000
   risk 1: beta[20]=0.000000
   risk 1: beta[21]=0.000000
   risk 1: beta[22]=0.000000
   risk 1: beta[23]=0.000000
   risk 1: beta[24]=0.000000
   risk 1: beta[25]=0.000000
   risk 1: beta[26]=0.000000
   risk 1: beta[27]=0.000000
   risk 1: beta[28]=0.000000
   risk 1: beta[29]=0.000000
   risk 1: beta[30]=0.000000
   risk 1: beta[31]=0.000000
   risk 1: beta[32]=0.000000
   risk 1: beta[33]=0.000000
   risk 1: beta[34]=0.000000
   risk 1: beta[35]=0.000000
   risk 1: beta[36]=0.000000
   risk 1: beta[37]=0.000000
   risk 1: beta[38]=0.000000
   risk 1: beta[39]=0.000000
   risk 1: beta[40]=0.000000
