active=100: 1 2 3 4 5 6 7 8 9 10 11 12 13 14 15 16 17 18 19 20 21 22 23 24 25 26 27 28 29 30 31 32 33 34 35 36 37 38 39 40 41 42 43 44 45 46 47 48 49 50 51 52 53 54 55 56 57 58 59 60 61 62 63 64 65 66 67 68 69 70 71 72 73 74 75 76 77 78 79 80 81 82 83 84 85 86 87 88 89 90 91 92 93 94 95 96 97 98 99 100 
active=99: 1 2 3 4 5 6 7 8 9 10 11 12 13 14 15 16 17 18 19 20 21 22 23 24 25 26 27 28 29 30 31 32 33 34 35 36 37 38 39 40 41 42 43 44 45 46 47 48 49 50 51 52 53 55 56 57 58 59 60 61 62 63 64 65 66 67 68 69 70 71 72 73 74 75 76 77 78 79 80 81 82 83 84 85 86 87 88 89 90 91 92 93 94 95 96 97 98 99 100 
active=98: 1 2 3 4 5 6 7 8 9 10 11 12 13 14 15 16 17 18 19 20 21 22 23 24 25 26 27 28 29 30 31 32 33 34 35 36 37 38 39 40 41 42 43 44 45 46 47 48 49 50 51 52 53 55 56 57 58 59 60 61 62 63 64 65 66 67 68 69 70 71 72 73 74 75 76 77 78 79 80 81 82 83 84 85 86 87 88 89 90 91 92 94 95 96 97 98 99 100 
active=97: 1 2 3 4 5 6 7 8 9 10 11 12 13 14 15 16 17 18 19 20 21 22 23 24 25 26 27 28 30 31 32 33 34 35 36 37 38 39 40 41 42 43 44 45 46 47 48 49 50 51 52 53 55 56 57 58 59 60 61 62 63 64 65 66 67 68 69 70 71 72 73 74 75 76 77 78 79 80 81 82 83 84 85 86 87 88 89 90 91 92 94 95 96 97 98 99 100 
active=96: 1 2 3 4 5 6 7 8 9 10 11 12 13 14 15 16 17 18 19 20 21 22 23 24 25 26 27 28 30 31 32 33 34 35 36 37 38 39 40 41 42 43 44 45 46 47 48 49 50 51 52 55 56 57 58 59 60 61 62 63 64 65 66 67 68 69 70 71 72 73 74 75 76 77 78 79 80 81 82 83 84 85 86 87 88 89 90 91 92 94 95 96 97 98 99 100 
active=95: 1 2 3 4 5 6 7 8 9 10 11 12 13 14 15 16 18 19 20 21 22 23 24 25 26 27 28 30 31 32 33 34 35 36 37 38 39 40 41 42 43 44 45 46 47 48 49 50 51 52 55 56 57 58 59 60 61 62 63 64 65 66 67 68 69 70 71 72 73 74 75 76 77 78 79 80 81 82 83 84 85 86 87 88 89 90 91 92 94 95 96 97 98 99 100 
active=94: 1 2 3 4 5 6 7 8 9 10 11 12 13 14 15 16 18 19 20 21 22 23 24 25 26 27 28 30 31 32 33 34 35 36 37 38 39 40 41 42 43 44 45 46 47 48 49 50 51 52 55 56 57 58 59 60 62 63 64 65 66 67 68 69 70 71 72 73 74 75 76 77 78 79 80 81 82 83 84 85 86 87 88 89 90 91 92 94 95 96 97 98 99 100 
active=93: 1 2 3 4 5 6 7 8 9 10 11 12 13 14 15 16 18 19 20 21 22 23 24 25 26 27 28 30 31 32 33 34 35 36 37 38 39 40 41 42 43 44 45 46 47 48 50 51 52 55 56 57 58 59 60 62 63 64 65 66 67 68 69 70 71 72 73 74 75 76 77 78 79 80 81 82 83 84 85 86 87 88 89 90 91 92 94 95 96 97 98 99 100 
active=92: 1 2 3 4 5 6 7 8 9 10 11 12 13 14 15 16 18 19 20 21 22 23 24 25 26 27 28 30 31 32 33 34 35 36 37 38 40 41 42 43 44 45 46 47 48 50 51 52 55 56 57 58 59 60 62 63 64 65 66 67 68 69 70 71 72 73 74 75 76 77 78 79 80 81 82 83 84 85 86 87 88 89 90 91 92 94 95 96 97 98 99 100 
active=91: 1 2 3 4 5 6 7 8 9 10 11 12 13 14 15 16 18 19 20 21 22 23 24 25 26 27 28 30 31 32 33 34 35 36 37 38 40 41 42 43 44 45 46 47 48 50 51 52 55 56 58 59 60 62 63 64 65 66 67 68 69 70 71 72 73 74 75 76 77 78 79 80 81 82 83 84 85 86 87 88 89 90 91 92 94 95 96 97 98 99 100 
active=90: 1 2 3 4 5 6 7 8 9 10 11 12 13 14 15 16 18 19 20 21 22 23 24 25 26 27 28 31 32 33 34 35 36 37 38 40 41 42 43 44 45 46 47 48 50 51 52 55 56 58 59 60 62 63 64 65 66 67 68 69 70 71 72 73 74 75 76 77 78 79 80 81 82 83 84 85 86 87 88 89 90 91 92 94 95 96 97 98 99 100 
active=89: 1 2 3 4 5 6 7 8 9 10 11 12 13 14 15 16 18 19 20 21 22 23 24 25 26 27 28 31 32 33 34 35 36 37 38 40 41 42 43 44 45 46 47 48 50 51 52 55 56 58 59 60 62 63 64 65 66 67 68 69 70 71 72 73 74 75 76 78 79 80 81 82 83 84 85 86 87 88 89 90 91 92 94 95 96 97 98 99 100 
active=88: 1 2 3 4 5 6 7 8 9 10 11 12 13 14 15 16 18 19 20 21 22 23 24 25 26 27 28 31 32 33 34 35 36 37 38 40 41 42 43 44 45 46 47 48 50 51 52 55 56 58 59 60 63 64 65 66 67 68 69 70 71 72 73 74 75 76 78 79 80 81 82 83 84 85 86 87 88 89 90 91 92 94 95 96 97 98 99 100 
active=87: 1 2 3 4 5 6 7 8 9 10 11 12 13 14 15 16 18 19 20 21 22 23 24 25 26 27 28 31 32 33 34 35 36 37 38 40 41 42 43 44 45 46 47 48 50 51 52 55 56 58 59 60 63 64 65 66 67 68 69 70 71 72 73 74 75 76 78 79 80 81 82 83 84 85 86 87 88 89 90 91 92 94 95 97 98 99 100 
active=86: 1 2 3 4 5 6 7 8 9 10 11 12 13 14 15 16 18 19 20 21 22 23 24 25 26 27 28 31 32 33 34 35 36 37 38 40 41 42 43 44 45 46 47 48 50 51 52 55 56 58 59 60 63 64 65 66 67 68 69 70 71 73 74 75 76 78 79 80 81 82 83 84 85 86 87 88 89 90 91 92 94 95 97 98 99 100 
active=85: 1 2 3 4 5 6 7 8 9 10 11 12 13 14 15 16 18 19 20 21 22 23 24 25 26 27 28 31 32 34 35 36 37 38 40 41 42 43 44 45 46 47 48 50 51 52 55 56 58 59 60 63 64 65 66 67 68 69 70 71 73 74 75 76 78 79 80 81 82 83 84 85 86 87 88 89 90 91 92 94 95 97 98 99 100 
active=84: 1 2 3 4 5 6 7 8 9 10 11 12 13 14 15 16 18 19 20 21 22 23 24 25 26 27 28 31 32 34 35 36 37 38 40 41 42 43 44 45 46 47 48 50 51 52 55 56 58 59 60 63 64 65 66 67 68 69 70 71 73 74 75 76 78 79 80 81 82 83 84 85 86 87 88 89 90 91 92 94 97 98 99 100 
active=83: 1 2 3 4 5 6 7 8 9 10 11 12 13 14 15 16 18 19 20 21 22 23 24 25 26 27 28 31 32 34 35 36 37 38 40 41 42 43 44 46 47 48 50 51 52 55 56 58 59 60 63 64 65 66 67 68 69 70 71 73 74 75 76 78 79 80 81 82 83 84 85 86 87 88 89 90 91 92 94 97 98 99 100 
active=82: 1 2 3 4 5 6 7 8 9 10 11 12 13 14 15 16 18 19 20 21 22 23 24 25 26 27 28 31 32 34 35 36 37 38 40 41 42 43 44 46 47 48 50 51 52 55 56 58 59 60 63 64 65 66 67 68 69 70 71 73 74 75 76 78 79 80 81 82 83 84 85 86 87 88 89 90 91 92 94 97 98 100 
active=81: 1 2 3 4 5 6 7 8 9 10 11 12 13 14 15 16 18 19 20 21 22 23 24 25 26 27 28 31 32 34 35 36 37 38 40 41 42 43 44 46 47 48 50 51 52 55 56 58 59 60 63 64 65 66 67 68 69 70 71 73 74 76 78 79 80 81 82 83 84 85 86 87 88 89 90 91 92 94 97 98 100 
active=80: 1 2 3 4 5 6 7 8 9 10 11 12 13 14 15 16 18 19 20 21 22 24 25 26 27 28 31 32 34 35 36 37 38 40 41 42 43 44 46 47 48 50 51 52 55 56 58 59 60 63 64 65 66 67 68 69 70 71 73 74 76 78 79 80 81 82 83 84 85 86 87 88 89 90 91 92 94 97 98 100 
active=79: 1 2 3 4 5 6 7 8 9 10 11 12 13 14 15 16 18 19 20 21 22 24 25 26 27 28 31 32 34 35 36 37 38 40 41 42 43 44 46 47 48 50 51 52 55 56 58 59 60 63 64 65 66 67 68 69 70 71 73 74 76 78 79 80 81 82 83 84 85 86 87 88 89 90 91 92 94 97 98 
active=78: 1 2 3 4 5 6 7 8 9 10 11 12 13 14 15 16 18 19 20 21 22 24 25 26 27 28 31 32 34 35 36 37 38 40 41 43 44 46 47 48 50 51 52 55 56 58 59 60 63 64 65 66 67 68 69 70 71 73 74 76 78 79 80 81 82 83 84 85 86 87 88 89 90 91 92 94 97 98 
active=77: 1 2 3 4 5 6 7 8 9 10 11 12 13 14 15 16 18 19 20 21 22 24 25 26 27 28 31 32 34 35 36 37 38 40 41 43 44 46 47 48 50 51 52 55 56 58 59 60 63 64 65 66 67 68 69 70 71 73 74 76 78 79 80 81 82 84 85 86 87 88 89 90 91 92 94 97 98 
active=76: 1 2 3 4 5 6 7 8 9 10 11 12 13 14 15 16 18 19 20 21 22 24 25 26 27 28 31 32 34 35 36 37 38 40 41 43 44 46 47 50 51 52 55 56 58 59 60 63 64 65 66 67 68 69 70 71 73 74 76 78 79 80 81 82 84 85 86 87 88 89 90 91 92 94 97 98 
active=75: 1 2 3 4 5 6 7 8 9 10 11 12 13 14 15 16 18 19 20 21 22 24 25 26 27 28 31 32 34 35 36 37 38 40 41 43 44 47 50 51 52 55 56 58 59 60 63 64 65 66 67 68 69 70 71 73 74 76 78 79 80 81 82 84 85 86 87 88 89 90 91 92 94 97 98 
active=74: 1 2 3 4 5 6 7 8 9 10 11 12 13 14 15 16 18 19 20 21 22 24 25 26 27 28 31 32 34 35 36 37 38 40 41 43 44 47 50 51 52 55 56 58 59 60 63 65 66 67 68 69 70 71 73 74 76 78 79 80 81 82 84 85 86 87 88 89 90 91 92 94 97 98 
active=73: 1 2 3 4 5 6 7 8 9 10 11 12 13 14 15 16 18 19 20 21 22 24 25 26 27 28 31 32 34 35 36 37 38 40 41 43 47 50 51 52 55 56 58 59 60 63 65 66 67 68 69 70 71 73 74 76 78 79 80 81 82 84 85 86 87 88 89 90 91 92 94 97 98 
active=72: 1 2 3 4 5 6 7 8 9 10 11 12 13 14 15 16 18 19 20 21 22 24 25 26 27 28 31 32 34 35 36 37 38 40 41 43 47 50 51 52 55 58 59 60 63 65 66 67 68 69 70 71 73 74 76 78 79 80 81 82 84 85 86 87 88 89 90 91 92 94 97 98 
active=71: 1 2 3 4 5 6 7 8 9 10 11 12 13 14 15 16 18 19 20 21 22 24 25 26 27 28 31 32 34 35 36 37 38 40 41 43 47 50 51 52 55 58 59 60 63 65 66 67 68 69 70 71 73 74 76 78 79 80 81 82 84 85 86 87 88 90 91 92 94 97 98 
active=70: 1 2 3 4 5 6 7 8 9 10 11 12 13 14 16 18 19 20 21 22 24 25 26 27 28 31 32 34 35 36 37 38 40 41 43 47 50 51 52 55 58 59 60 63 65 66 67 68 69 70 71 73 74 76 78 79 80 81 82 84 85 86 87 88 90 91 92 94 97 98 
active=69: 1 2 3 4 5 6 7 8 9 10 11 12 13 14 16 18 19 20 21 22 24 25 26 27 28 31 32 34 35 36 37 38 40 41 43 47 50 51 52 55 58 59 60 63 65 66 67 68 69 71 73 74 76 78 79 80 81 82 84 85 86 87 88 90 91 92 94 97 98 
active=68: 1 2 3 4 5 6 7 8 9 10 11 12 13 14 16 18 19 20 21 22 24 25 26 28 31 32 34 35 36 37 38 40 41 43 47 50 51 52 55 58 59 60 63 65 66 67 68 69 71 73 74 76 78 79 80 81 82 84 85 86 87 88 90 91 92 94 97 98 
active=67: 1 2 3 4 5 6 7 8 9 10 11 12 13 14 16 18 19 20 21 22 24 25 26 31 32 34 35 36 37 38 40 41 43 47 50 51 52 55 58 59 60 63 65 66 67 68 69 71 73 74 76 78 79 80 81 82 84 85 86 87 88 90 91 92 94 97 98 
active=66: 1 2 3 4 5 6 7 8 9 10 11 12 13 14 16 18 19 20 21 22 24 25 26 31 32 34 35 36 37 38 40 41 43 47 50 51 52 55 58 59 60 63 65 66 67 68 69 71 73 74 76 79 80 81 82 84 85 86 87 88 90 91 92 94 97 98 
active=65: 1 2 3 4 5 6 7 8 9 10 11 12 13 14 16 18 19 20 21 22 24 25 26 31 32 34 35 36 37 38 40 41 43 47 50 51 52 55 58 59 60 63 65 66 67 68 69 71 73 74 76 79 80 81 82 84 85 87 88 90 91 92 94 97 98 
active=64: 1 2 3 4 5 6 7 8 9 10 11 12 13 14 16 18 19 20 21 22 24 25 26 31 32 34 35 36 37 38 40 41 43 47 50 51 52 55 58 59 63 65 66 67 68 69 71 73 74 76 79 80 81 82 84 85 87 88 90 91 92 94 97 98 
active=63: 1 2 3 4 5 6 7 8 9 10 11 12 13 14 16 18 19 20 21 22 24 25 26 31 32 34 35 37 38 40 41 43 47 50 51 52 55 58 59 63 65 66 67 68 69 71 73 74 76 79 80 81 82 84 85 87 88 90 91 92 94 97 98 
active=62: 1 2 3 4 5 6 7 8 9 10 11 12 13 14 16 18 19 20 21 22 24 25 26 31 32 34 35 37 38 40 41 43 47 50 52 55 58 59 63 65 66 67 68 69 71 73 74 76 79 80 81 82 84 85 87 88 90 91 92 94 97 98 
active=61: 1 2 3 4 5 6 7 8 9 10 11 12 13 14 16 18 19 20 21 22 24 25 26 31 32 34 35 37 38 40 41 43 47 52 55 58 59 63 65 66 67 68 69 71 73 74 76 79 80 81 82 84 85 87 88 90 91 92 94 97 98 
active=60: 1 2 3 4 5 6 7 8 9 10 11 12 13 14 16 18 19 20 22 24 25 26 31 32 34 35 37 38 40 41 43 47 52 55 58 59 63 65 66 67 68 69 71 73 74 76 79 80 81 82 84 85 87 88 90 91 92 94 97 98 
active=59: 1 2 3 4 5 6 7 8 9 10 11 12 13 14 16 18 19 20 22 24 25 26 31 32 34 35 37 38 40 41 43 47 52 55 58 59 63 65 66 67 68 69 71 74 76 79 80 81 82 84 85 87 88 90 91 92 94 97 98 
active=58: 1 2 3 4 5 6 7 8 9 10 11 12 13 14 16 18 19 20 22 24 25 26 31 32 34 35 37 40 41 43 47 52 55 58 59 63 65 66 67 68 69 71 74 76 79 80 81 82 84 85 87 88 90 91 92 94 97 98 
active=57: 1 2 3 4 5 6 7 8 9 10 11 12 13 14 16 18 19 20 22 24 25 26 31 32 34 35 37 40 41 43 47 52 55 58 59 63 65 66 67 68 69 71 76 79 80 81 82 84 85 87 88 90 91 92 94 97 98 
active=56: 1 2 3 4 5 6 7 8 9 10 11 12 13 14 16 18 19 20 22 24 25 26 31 32 34 35 37 40 41 43 47 52 55 58 59 63 65 66 67 68 69 71 76 79 81 82 84 85 87 88 90 91 92 94 97 98 
active=55: 1 2 3 4 5 6 7 8 9 10 11 12 13 14 16 18 20 22 24 25 26 31 32 34 35 37 40 41 43 47 52 55 58 59 63 65 66 67 68 69 71 76 79 81 82 84 85 87 88 90 91 92 94 97 98 
active=54: 1 2 3 4 5 6 7 8 9 10 11 12 13 14 16 18 20 22 24 25 26 31 32 34 35 37 40 41 43 47 52 55 58 59 63 65 66 67 68 69 71 79 81 82 84 85 87 88 90 91 92 94 97 98 
active=53: 1 2 3 4 5 6 7 8 9 10 11 12 13 14 16 18 20 22 24 25 26 31 32 34 35 37 40 41 43 47 52 55 58 59 63 65 67 68 69 71 79 81 82 84 85 87 88 90 91 92 94 97 98 
active=52: 1 2 3 4 5 6 7 8 9 10 12 13 14 16 18 20 22 24 25 26 31 32 34 35 37 40 41 43 47 52 55 58 59 63 65 67 68 69 71 79 81 82 84 85 87 88 90 91 92 94 97 98 
active=51: 1 2 3 4 5 6 7 8 9 10 12 13 14 16 18 20 22 24 25 26 31 32 34 35 37 40 41 43 47 52 55 58 59 63 65 67 68 71 79 81 82 84 85 87 88 90 91 92 94 97 98 
active=50: 1 2 3 4 5 6 7 8 9 10 12 13 14 16 20 22 24 25 26 31 32 34 35 37 40 41 43 47 52 55 58 59 63 65 67 68 71 79 81 82 84 85 87 88 90 91 92 94 97 98 
active=49: 1 2 3 4 5 6 7 8 9 10 12 13 14 16 20 22 24 25 26 31 32 34 35 37 40 41 43 47 52 55 58 59 63 65 67 68 71 79 81 82 84 85 87 88 90 91 92 94 98 
active=48: 1 2 3 4 5 6 7 8 9 10 12 13 14 16 20 22 24 25 26 31 32 34 35 37 40 43 47 52 55 58 59 63 65 67 68 71 79 81 82 84 85 87 88 90 91 92 94 98 
active=47: 1 2 3 4 5 6 7 8 9 10 12 13 14 16 20 22 24 25 26 31 32 34 35 37 40 43 47 52 55 58 59 63 65 67 68 71 79 81 82 84 85 88 90 91 92 94 98 
active=46: 1 2 3 4 5 6 7 8 9 10 12 13 14 16 20 22 24 25 26 32 34 35 37 40 43 47 52 55 58 59 63 65 67 68 71 79 81 82 84 85 88 90 91 92 94 98 
active=45: 1 2 3 4 5 6 7 8 9 10 12 13 14 16 20 22 24 25 26 32 34 35 37 40 43 47 52 55 58 59 63 65 67 68 71 79 81 84 85 88 90 91 92 94 98 
active=44: 1 2 3 4 5 6 7 8 9 10 12 13 14 16 20 22 24 26 32 34 35 37 40 43 47 52 55 58 59 63 65 67 68 71 79 81 84 85 88 90 91 92 94 98 
active=43: 1 2 3 4 5 6 7 8 9 10 12 13 14 16 20 22 24 26 32 34 35 37 40 43 47 52 55 58 59 63 65 67 68 79 81 84 85 88 90 91 92 94 98 
active=42: 1 2 3 4 5 6 7 8 9 10 12 13 14 16 20 22 24 26 32 34 35 37 40 43 47 52 55 58 59 63 65 67 68 79 84 85 88 90 91 92 94 98 
active=41: 1 2 3 4 5 6 7 8 9 10 12 13 14 16 20 22 24 26 32 34 35 37 40 43 47 52 55 58 59 63 65 67 68 79 84 85 88 90 91 94 98 
active=40: 1 2 3 4 5 6 7 8 9 10 12 13 14 16 22 24 26 32 34 35 37 40 43 47 52 55 58 59 63 65 67 68 79 84 85 88 90 91 94 98 
active=39: 1 2 3 4 5 6 7 8 9 10 12 13 14 16 22 24 26 32 34 35 37 40 43 47 52 55 58 59 63 65 67 68 79 84 85 88 90 91 98 
active=38: 1 2 3 4 5 6 7 8 9 10 12 13 14 16 22 24 26 32 34 35 37 40 43 52 55 58 59 63 65 67 68 79 84 85 88 90 91 98 
active=37: 1 2 3 4 5 6 7 8 9 10 12 13 14 16 22 24 26 32 34 35 37 43 52 55 58 59 63 65 67 68 79 84 85 88 90 91 98 
active=36: 1 2 3 4 5 6 7 8 9 10 12 13 14 22 24 26 32 34 35 37 43 52 55 58 59 63 65 67 68 79 84 85 88 90 91 98 
active=35: 1 2 3 4 5 6 7 8 9 10 12 13 14 22 24 26 32 34 35 37 43 52 55 58 59 63 65 67 79 84 85 88 90 91 98 
active=34: 1 2 3 4 5 6 7 8 9 10 12 13 14 24 26 32 34 35 37 43 52 55 58 59 63 65 67 79 84 85 88 90 91 98 
active=33: 1 2 3 4 5 6 7 8 9 10 12 13 14 24 26 32 34 35 37 43 52 55 58 59 63 65 67 79 84 88 90 91 98 
active=32: 1 2 3 4 5 6 7 8 9 10 12 13 14 24 26 32 34 35 37 43 55 58 59 63 65 67 79 84 88 90 91 98 
active=31: 1 2 3 4 5 6 7 8 9 10 12 13 14 24 26 32 34 35 37 43 55 58 59 63 65 67 79 84 88 91 98 
active=30: 1 2 3 4 5 6 7 8 9 10 12 13 14 24 26 32 34 35 37 43 58 59 63 65 67 79 84 88 91 98 
active=29: 1 2 3 4 5 6 7 8 9 10 12 13 14 24 26 32 35 37 43 58 59 63 65 67 79 84 88 91 98 
active=28: 1 2 3 4 5 6 7 8 9 10 12 13 14 24 26 35 37 43 58 59 63 65 67 79 84 88 91 98 
active=27: 1 2 3 4 5 6 7 8 9 10 12 13 14 24 26 35 37 43 58 59 63 65 67 79 84 91 98 
active=26: 1 2 3 4 5 6 7 8 9 10 12 13 14 26 35 37 43 58 59 63 65 67 79 84 91 98 
active=25: 1 2 3 4 5 6 7 8 9 10 12 14 26 35 37 43 58 59 63 65 67 79 84 91 98 
active=24: 1 2 3 4 5 6 7 8 9 10 12 14 26 37 43 58 59 63 65 67 79 84 91 98 
active=23: 1 2 3 4 5 6 7 8 9 10 12 14 26 37 43 58 63 65 67 79 84 91 98 
active=22: 1 2 3 4 5 6 7 8 9 10 12 14 26 37 43 58 63 65 67 79 91 98 
active=21: 1 2 3 4 5 6 7 8 9 10 12 14 26 37 43 58 63 65 67 79 91 
active=20: 1 2 3 4 5 6 7 8 9 10 12 26 37 43 58 63 65 67 79 91 
active=19: 1 2 3 4 5 6 7 8 9 10 12 26 37 43 58 63 67 79 91 
active=18: 1 2 3 4 6 7 8 9 10 12 26 37 43 58 63 67 79 91 
active=17: 1 2 3 4 6 7 9 10 12 26 37 43 58 63 67 79 91 
active=16: 1 2 3 4 6 7 9 10 12 26 37 43 58 63 79 91 
active=15: 1 2 3 4 6 7 9 10 12 26 37 43 58 63 79 
active=14: 1 2 3 4 6 7 9 10 12 26 37 43 63 79 
active=13: 1 2 3 4 6 7 9 10 12 26 37 43 63 
active=12: 1 2 3 4 6 7 9 10 12 26 37 63 
active=11: 1 2 3 4 6 7 9 10 12 26 63 
active=10: 1 2 3 4 6 7 9 10 12 26 
active=9: 1 2 3 4 6 7 9 10 26 
active=8: 1 2 3 4 6 7 9 10 
active=7: 1 2 3 4 6 7 9 
active=6: 1 2 3 4 7 9 
active=5: 1 2 3 7 9 
active=4: 1 2 3 9 
active=3: 1 3 9 
active=2: 1 3 
active=1: 1 
