active=100: 1 2 3 4 5 6 7 8 9 10 11 12 13 14 15 16 17 18 19 20 21 22 23 24 25 26 27 28 29 30 31 32 33 34 35 36 37 38 39 40 41 42 43 44 45 46 47 48 49 50 51 52 53 54 55 56 57 58 59 60 61 62 63 64 65 66 67 68 69 70 71 72 73 74 75 76 77 78 79 80 81 82 83 84 85 86 87 88 89 90 91 92 93 94 95 96 97 98 99 100 
active=99: 1 2 3 5 6 7 8 9 10 11 12 13 14 15 16 17 18 19 20 21 22 23 24 25 26 27 28 29 30 31 32 33 34 35 36 37 38 39 40 41 42 43 44 45 46 47 48 49 50 51 52 53 54 55 56 57 58 59 60 61 62 63 64 65 66 67 68 69 70 71 72 73 74 75 76 77 78 79 80 81 82 83 84 85 86 87 88 89 90 91 92 93 94 95 96 97 98 99 100 
active=98: 1 2 3 5 6 7 8 9 10 11 12 13 14 15 16 17 18 19 20 21 22 23 24 25 26 27 28 29 30 31 32 33 34 35 36 37 38 39 40 41 42 43 44 45 46 47 48 49 50 51 52 53 54 55 56 57 58 59 60 61 62 63 64 65 66 67 68 69 70 71 72 73 74 75 76 77 79 80 81 82 83 84 85 86 87 88 89 90 91 92 93 94 95 96 97 98 99 100 
active=97: 1 2 3 5 6 7 8 9 10 11 12 13 14 15 16 17 18 19 20 21 22 23 24 25 26 27 28 29 30 31 32 33 34 35 36 37 38 39 40 41 42 43 44 45 46 47 48 49 50 51 52 53 54 55 56 57 58 59 60 61 62 63 64 65 66 67 68 69 70 71 72 73 74 75 76 77 79 80 81 82 84 85 86 87 88 89 90 91 92 93 94 95 96 97 98 99 100 
active=96: 1 2 3 5 6 7 8 9 11 12 13 14 15 16 17 18 19 20 21 22 23 24 25 26 27 28 29 30 31 32 33 34 35 36 37 38 39 40 41 42 43 44 45 46 47 48 49 50 51 52 53 54 55 56 57 58 59 60 61 62 63 64 65 66 67 68 69 70 71 72 73 74 75 76 77 79 80 81 82 84 85 86 87 88 89 90 91 92 93 94 95 96 97 98 99 100 
active=95: 1 2 3 5 6 7 8 9 11 12 13 14 15 16 17 18 19 20 21 22 23 25 26 27 28 29 30 31 32 33 34 35 36 37 38 39 40 41 42 43 44 45 46 47 48 49 50 51 52 53 54 55 56 57 58 59 60 61 62 63 64 65 66 67 68 69 70 71 72 73 74 75 76 77 79 80 81 82 84 85 86 87 88 89 90 91 92 93 94 95 96 97 98 99 100 
active=94: 1 2 3 6 7 8 9 11 12 13 14 15 16 17 18 19 20 21 22 23 25 26 27 28 29 30 31 32 33 34 35 36 37 38 39 40 41 42 43 44 45 46 47 48 49 50 51 52 53 54 55 56 57 58 59 60 61 62 63 64 65 66 67 68 69 70 71 72 73 74 75 76 77 79 80 81 82 84 85 86 87 88 89 90 91 92 93 94 95 96 97 98 99 100 
active=93: 1 2 3 6 7 8 9 11 12 13 14 15 16 17 18 19 20 21 22 23 25 26 27 28 29 30 31 32 33 34 35 36 37 38 39 40 41 42 43 44 45 47 48 49 50 51 52 53 54 55 56 57 58 59 60 61 62 63 64 65 66 67 68 69 70 71 72 73 74 75 76 77 79 80 81 82 84 85 86 87 88 89 90 91 92 93 94 95 96 97 98 99 100 
active=92: 1 2 3 6 7 8 9 11 12 13 14 15 16 17 18 19 20 21 22 23 25 26 27 28 29 30 31 32 33 34 35 36 37 38 39 41 42 43 44 45 47 48 49 50 51 52 53 54 55 56 57 58 59 60 61 62 63 64 65 66 67 68 69 70 71 72 73 74 75 76 77 79 80 81 82 84 85 86 87 88 89 90 91 92 93 94 95 96 97 98 99 100 
active=91: 1 2 3 6 7 8 9 11 12 13 14 15 16 17 18 19 20 21 22 23 25 26 27 28 29 30 31 32 33 34 35 36 37 38 39 41 42 43 44 45 47 48 49 50 51 52 53 54 55 56 57 58 59 60 61 62 63 64 65 66 67 68 69 70 71 72 73 74 75 76 77 79 80 81 82 84 85 87 88 89 90 91 92 93 94 95 96 97 98 99 100 
active=90: 1 2 3 6 7 8 9 11 12 13 14 15 17 18 19 20 21 22 23 25 26 27 28 29 30 31 32 33 34 35 36 37 38 39 41 42 43 44 45 47 48 49 50 51 52 53 54 55 56 57 58 59 60 61 62 63 64 65 66 67 68 69 70 71 72 73 74 75 76 77 79 80 81 82 84 85 87 88 89 90 91 92 93 94 95 96 97 98 99 100 
active=89: 1 2 3 6 7 8 9 11 12 13 14 15 17 18 19 20 21 22 23 25 26 27 28 29 30 31 32 33 34 35 36 37 38 39 41 42 43 44 45 47 48 49 50 51 52 53 54 56 57 58 59 60 61 62 63 64 65 66 67 68 69 70 71 72 73 74 75 76 77 79 80 81 82 84 85 87 88 89 90 91 92 93 94 95 96 97 98 99 100 
active=88: 1 2 3 6 7 8 11 12 13 14 15 17 18 19 20 21 22 23 25 26 27 28 29 30 31 32 33 34 35 36 37 38 39 41 42 43 44 45 47 48 49 50 51 52 53 54 56 57 58 59 60 61 62 63 64 65 66 67 68 69 70 71 72 73 74 75 76 77 79 80 81 82 84 85 87 88 89 90 91 92 93 94 95 96 97 98 99 100 
active=87: 1 2 3 6 7 8 11 12 13 14 15 17 18 19 20 21 22 23 26 27 28 29 30 31 32 33 34 35 36 37 38 39 41 42 43 44 45 47 48 49 50 51 52 53 54 56 57 58 59 60 61 62 63 64 65 66 67 68 69 70 71 72 73 74 75 76 77 79 80 81 82 84 85 87 88 89 90 91 92 93 94 95 96 97 98 99 100 
active=86: 1 2 3 6 7 8 11 12 13 14 15 17 18 19 20 21 22 23 26 27 29 30 31 32 33 34 35 36 37 38 39 41 42 43 44 45 47 48 49 50 51 52 53 54 56 57 58 59 60 61 62 63 64 65 66 67 68 69 70 71 72 73 74 75 76 77 79 80 81 82 84 85 87 88 89 90 91 92 93 94 95 96 97 98 99 100 
active=85: 1 2 3 6 7 8 11 12 13 14 15 17 18 19 20 21 22 23 26 27 29 30 31 32 33 34 35 36 37 38 39 41 42 43 44 45 47 48 49 50 51 52 53 54 56 57 58 59 60 62 63 64 65 66 67 68 69 70 71 72 73 74 75 76 77 79 80 81 82 84 85 87 88 89 90 91 92 93 94 95 96 97 98 99 100 
active=84: 1 2 3 6 7 8 11 12 13 14 15 17 18 19 20 21 22 23 26 27 29 30 31 32 33 34 35 36 37 38 39 41 42 43 44 45 47 48 49 50 51 52 53 54 56 57 58 59 60 62 63 64 65 66 67 68 69 70 71 72 74 75 76 77 79 80 81 82 84 85 87 88 89 90 91 92 93 94 95 96 97 98 99 100 
active=83: 1 2 3 6 7 8 11 12 13 14 15 17 18 19 20 21 22 23 26 27 29 30 31 32 33 34 35 36 37 38 39 41 42 43 44 45 47 48 49 50 51 52 53 54 56 57 58 59 60 62 63 64 65 66 67 68 69 70 71 72 74 75 76 77 79 80 81 82 84 85 87 88 89 90 91 92 93 94 95 96 97 98 100 
active=82: 1 2 3 6 7 8 11 12 13 14 15 17 18 19 20 21 22 23 26 27 29 30 31 32 33 34 35 36 37 38 39 41 42 43 44 45 47 48 49 50 51 52 53 54 56 57 58 59 60 62 63 64 65 66 67 68 69 70 71 72 75 76 77 79 80 81 82 84 85 87 88 89 90 91 92 93 94 95 96 97 98 100 
active=81: 1 2 3 6 7 8 11 12 13 14 15 17 18 19 20 21 22 23 26 27 29 30 31 32 33 34 35 36 37 38 39 41 42 43 44 45 47 48 49 50 51 52 53 54 56 57 58 59 60 62 63 64 65 66 67 68 69 70 71 72 75 76 77 79 80 81 82 85 87 88 89 90 91 92 93 94 95 96 97 98 100 
active=80: 1 2 3 6 7 8 11 12 13 14 15 17 18 19 20 21 22 23 26 27 29 30 31 32 33 34 35 36 37 38 39 41 42 43 44 45 47 48 49 50 51 52 53 56 57 58 59 60 62 63 64 65 66 67 68 69 70 71 72 75 76 77 79 80 81 82 85 87 88 89 90 91 92 93 94 95 96 97 98 100 
active=79: 1 2 3 6 7 8 11 12 13 14 15 17 18 19 20 21 22 23 26 27 29 30 31 32 33 34 35 36 37 38 39 41 42 43 44 45 47 48 49 50 51 52 53 56 57 58 59 60 62 63 64 65 66 67 68 69 70 71 72 75 77 79 80 81 82 85 87 88 89 90 91 92 93 94 95 96 97 98 100 
active=78: 1 2 3 6 7 8 12 13 14 15 17 18 19 20 21 22 23 26 27 29 30 31 32 33 34 35 36 37 38 39 41 42 43 44 45 47 48 49 50 51 52 53 56 57 58 59 60 62 63 64 65 66 67 68 69 70 71 72 75 77 79 80 81 82 85 87 88 89 90 91 92 93 94 95 96 97 98 100 
active=77: 1 2 3 6 7 8 12 13 14 15 17 18 19 20 21 22 23 26 27 29 30 31 32 33 34 35 36 37 38 39 41 42 43 44 45 47 48 49 50 51 52 53 56 57 58 59 60 62 63 64 65 66 67 68 69 70 71 72 75 79 80 81 82 85 87 88 89 90 91 92 93 94 95 96 97 98 100 
active=76: 1 2 3 6 7 8 12 13 14 15 17 18 19 20 21 22 23 26 27 29 30 31 32 33 34 35 36 37 38 39 41 42 43 44 45 47 48 49 50 51 52 53 56 57 58 59 60 62 63 64 65 66 67 68 70 71 72 75 79 80 81 82 85 87 88 89 90 91 92 93 94 95 96 97 98 100 
active=75: 1 2 3 6 7 8 12 13 14 15 17 18 19 20 21 22 23 26 27 29 30 31 32 33 34 35 36 37 38 39 41 42 43 44 45 47 48 49 50 51 52 53 56 57 58 59 62 63 64 65 66 67 68 70 71 72 75 79 80 81 82 85 87 88 89 90 91 92 93 94 95 96 97 98 100 
active=74: 1 2 3 6 7 8 12 13 14 15 17 18 19 20 21 22 23 26 27 29 30 31 32 33 34 35 36 37 38 39 41 42 43 44 45 47 48 49 50 51 52 53 56 57 58 59 62 63 64 65 66 67 68 70 71 72 75 79 80 81 82 85 87 88 89 90 91 92 93 94 96 97 98 100 
active=73: 1 2 3 6 7 8 12 13 14 15 17 18 19 20 21 22 23 26 27 29 30 31 32 33 34 35 36 37 38 39 41 42 43 44 45 47 48 49 50 51 52 53 57 58 59 62 63 64 65 66 67 68 70 71 72 75 79 80 81 82 85 87 88 89 90 91 92 93 94 96 97 98 100 
active=72: 1 2 3 6 7 8 12 13 14 15 17 18 19 20 21 22 23 26 27 29 30 31 32 33 34 35 36 37 38 39 41 42 43 44 45 47 48 49 50 52 53 57 58 59 62 63 64 65 66 67 68 70 71 72 75 79 80 81 82 85 87 88 89 90 91 92 93 94 96 97 98 100 
active=71: 1 2 3 6 7 8 12 13 14 15 17 18 19 20 21 22 23 26 27 29 30 31 32 33 34 35 36 37 38 39 41 42 44 45 47 48 49 50 52 53 57 58 59 62 63 64 65 66 67 68 70 71 72 75 79 80 81 82 85 87 88 89 90 91 92 93 94 96 97 98 100 
active=70: 1 2 3 6 7 8 12 13 14 15 17 18 19 20 21 22 23 26 27 29 30 31 32 33 34 35 36 37 38 39 41 42 44 45 47 48 49 50 52 53 57 58 59 62 63 64 65 66 67 68 70 71 75 79 80 81 82 85 87 88 89 90 91 92 93 94 96 97 98 100 
active=69: 1 2 3 6 7 8 12 13 14 15 17 18 19 20 21 22 26 27 29 30 31 32 33 34 35 36 37 38 39 41 42 44 45 47 48 49 50 52 53 57 58 59 62 63 64 65 66 67 68 70 71 75 79 80 81 82 85 87 88 89 90 91 92 93 94 96 97 98 100 
active=68: 1 2 3 6 7 8 12 13 14 15 17 18 19 21 22 26 27 29 30 31 32 33 34 35 36 37 38 39 41 42 44 45 47 48 49 50 52 53 57 58 59 62 63 64 65 66 67 68 70 71 75 79 80 81 82 85 87 88 89 90 91 92 93 94 96 97 98 100 
active=67: 1 2 3 6 7 8 12 13 14 15 17 18 19 21 22 26 27 29 30 31 32 33 34 35 36 37 38 39 41 42 44 45 47 48 49 50 52 53 57 58 59 62 63 64 65 66 67 68 70 71 75 79 80 81 82 85 87 88 89 90 91 92 93 94 96 97 100 
active=66: 1 2 3 6 7 8 12 13 14 17 18 19 21 22 26 27 29 30 31 32 33 34 35 36 37 38 39 41 42 44 45 47 48 49 50 52 53 57 58 59 62 63 64 65 66 67 68 70 71 75 79 80 81 82 85 87 88 89 90 91 92 93 94 96 97 100 
active=65: 1 2 3 6 7 8 12 13 14 17 18 19 21 22 26 27 29 30 31 32 33 34 35 36 37 38 39 41 42 44 45 47 48 49 50 52 53 57 58 59 62 63 64 65 66 67 68 71 75 79 80 81 82 85 87 88 89 90 91 92 93 94 96 97 100 
active=64: 1 2 6 7 8 12 13 14 17 18 19 21 22 26 27 29 30 31 32 33 34 35 36 37 38 39 41 42 44 45 47 48 49 50 52 53 57 58 59 62 63 64 65 66 67 68 71 75 79 80 81 82 85 87 88 89 90 91 92 93 94 96 97 100 
active=63: 1 2 6 8 12 13 14 17 18 19 21 22 26 27 29 30 31 32 33 34 35 36 37 38 39 41 42 44 45 47 48 49 50 52 53 57 58 59 62 63 64 65 66 67 68 71 75 79 80 81 82 85 87 88 89 90 91 92 93 94 96 97 100 
active=62: 1 2 6 8 12 13 14 17 18 19 21 22 26 27 29 30 31 32 33 34 35 36 37 38 39 41 42 44 45 47 48 49 50 52 53 57 58 59 62 63 64 65 66 67 71 75 79 80 81 82 85 87 88 89 90 91 92 93 94 96 97 100 
active=61: 2 6 8 12 13 14 17 18 19 21 22 26 27 29 30 31 32 33 34 35 36 37 38 39 41 42 44 45 47 48 49 50 52 53 57 58 59 62 63 64 65 66 67 71 75 79 80 81 82 85 87 88 89 90 91 92 93 94 96 97 100 
active=60: 2 6 8 12 13 14 17 18 19 21 22 26 27 29 30 31 32 33 34 36 37 38 39 41 42 44 45 47 48 49 50 52 53 57 58 59 62 63 64 65 66 67 71 75 79 80 81 82 85 87 88 89 90 91 92 93 94 96 97 100 
active=59: 2 6 8 12 13 14 17 18 19 22 26 27 29 30 31 32 33 34 36 37 38 39 41 42 44 45 47 48 49 50 52 53 57 58 59 62 63 64 65 66 67 71 75 79 80 81 82 85 87 88 89 90 91 92 93 94 96 97 100 
active=58: 2 6 8 12 13 14 17 18 19 22 26 27 29 30 31 32 33 34 36 37 38 39 41 42 44 45 47 48 49 50 52 53 57 58 59 62 63 64 65 67 71 75 79 80 81 82 85 87 88 89 90 91 92 93 94 96 97 100 
active=57: 2 6 8 12 13 14 17 18 19 22 26 27 29 30 31 32 33 34 36 37 38 39 41 42 44 45 47 48 49 52 53 57 58 59 62 63 64 65 67 71 75 79 80 81 82 85 87 88 89 90 91 92 93 94 96 97 100 
active=56: 2 6 8 12 13 14 17 18 19 22 26 27 29 30 31 32 33 34 36 37 38 39 41 42 44 45 47 48 49 52 53 57 58 59 62 63 64 65 67 71 75 79 80 81 82 85 87 88 89 90 91 92 93 94 96 97 
active=55: 2 6 8 12 13 14 17 18 19 22 26 27 29 30 31 32 33 34 36 37 38 39 41 42 44 45 47 48 49 52 53 57 59 62 63 64 65 67 71 75 79 80 81 82 85 87 88 89 90 91 92 93 94 96 97 
active=54: 2 6 8 12 13 14 17 18 19 22 26 27 29 30 31 32 33 34 36 37 38 39 41 42 44 45 47 48 49 52 53 57 59 63 64 65 67 71 75 79 80 81 82 85 87 88 89 90 91 92 93 94 96 97 
active=53: 2 6 12 13 14 17 18 19 22 26 27 29 30 31 32 33 34 36 37 38 39 41 42 44 45 47 48 49 52 53 57 59 63 64 65 67 71 75 79 80 81 82 85 87 88 89 90 91 92 93 94 96 97 
active=52: 2 6 12 13 14 17 18 19 22 26 27 29 30 31 32 33 34 36 37 38 39 41 42 44 45 47 48 49 52 53 57 59 63 64 65 67 71 75 79 80 81 82 85 88 89 90 91 92 93 94 96 97 
active=51: 2 6 12 13 14 17 18 19 22 26 27 29 30 31 32 33 34 36 37 38 39 41 42 44 45 47 48 49 52 53 57 59 63 65 67 71 75 79 80 81 82 85 88 89 90 91 92 93 94 96 97 
active=50: 2 6 12 13 14 17 18 19 22 26 27 29 30 31 32 33 34 36 37 38 39 41 42 44 45 47 48 49 52 53 57 59 63 65 71 75 79 80 81 82 85 88 89 90 91 92 93 94 96 97 
active=49: 2 6 12 13 14 17 18 19 22 26 27 29 30 31 32 33 34 36 37 38 39 41 42 44 45 47 48 49 52 53 57 59 63 65 71 75 79 80 81 82 85 88 89 90 91 92 94 96 97 
active=48: 2 6 12 13 14 17 18 19 22 26 27 29 30 31 32 33 34 36 37 38 39 41 42 44 45 47 48 49 52 53 57 59 63 65 75 79 80 81 82 85 88 89 90 91 92 94 96 97 
active=47: 2 6 12 13 14 17 18 19 22 26 27 29 30 31 32 33 34 36 37 38 39 41 42 44 45 47 48 49 52 53 57 59 63 65 75 79 80 81 82 85 88 89 90 91 92 96 97 
active=46: 2 6 12 13 14 17 18 19 22 27 29 30 31 32 33 34 36 37 38 39 41 42 44 45 47 48 49 52 53 57 59 63 65 75 79 80 81 82 85 88 89 90 91 92 96 97 
active=45: 2 6 12 13 14 17 18 19 22 27 29 30 31 32 33 34 36 37 38 39 41 42 44 45 47 48 49 52 53 59 63 65 75 79 80 81 82 85 88 89 90 91 92 96 97 
active=44: 2 6 12 13 14 17 18 19 22 27 29 30 31 32 33 34 36 37 38 39 41 44 45 47 48 49 52 53 59 63 65 75 79 80 81 82 85 88 89 90 91 92 96 97 
active=43: 2 6 12 13 14 17 18 19 22 27 29 30 31 32 33 34 36 37 38 39 41 45 47 48 49 52 53 59 63 65 75 79 80 81 82 85 88 89 90 91 92 96 97 
active=42: 2 6 12 13 14 17 18 19 22 27 29 30 31 32 33 34 36 37 38 39 41 45 47 48 49 52 53 59 63 65 75 79 80 81 82 85 88 89 90 92 96 97 
active=41: 2 6 12 13 14 17 18 19 22 27 30 31 32 33 34 36 37 38 39 41 45 47 48 49 52 53 59 63 65 75 79 80 81 82 85 88 89 90 92 96 97 
active=40: 2 6 12 13 14 17 18 19 22 27 30 31 32 33 36 37 38 39 41 45 47 48 49 52 53 59 63 65 75 79 80 81 82 85 88 89 90 92 96 97 
active=39: 2 6 12 13 14 17 18 19 22 27 30 31 32 33 36 37 38 39 41 45 48 49 52 53 59 63 65 75 79 80 81 82 85 88 89 90 92 96 97 
active=38: 2 6 12 13 14 17 18 19 22 27 30 31 32 33 36 37 38 39 41 45 48 49 52 53 59 63 65 79 80 81 82 85 88 89 90 92 96 97 
active=37: 2 6 12 13 14 17 18 19 22 27 30 31 32 33 36 38 39 41 45 48 49 52 53 59 63 65 79 80 81 82 85 88 89 90 92 96 97 
active=36: 2 6 12 13 14 17 18 19 22 27 30 31 32 33 36 39 41 45 48 49 52 53 59 63 65 79 80 81 82 85 88 89 90 92 96 97 
active=35: 2 6 12 13 14 17 18 19 22 27 30 31 32 33 36 39 41 45 48 49 52 53 59 63 65 79 80 81 82 85 88 89 92 96 97 
active=34: 2 6 12 13 17 18 19 22 27 30 31 32 33 36 39 41 45 48 49 52 53 59 63 65 79 80 81 82 85 88 89 92 96 97 
active=33: 2 6 12 13 17 18 19 22 27 30 31 32 33 36 39 41 45 48 49 52 53 59 63 65 79 80 81 85 88 89 92 96 97 
active=32: 2 6 12 13 17 18 19 22 27 30 31 33 36 39 41 45 48 49 52 53 59 63 65 79 80 81 85 88 89 92 96 97 
active=31: 6 12 13 17 18 19 22 27 30 31 33 36 39 41 45 48 49 52 53 59 63 65 79 80 81 85 88 89 92 96 97 
active=30: 6 12 13 17 18 19 22 30 31 33 36 39 41 45 48 49 52 53 59 63 65 79 80 81 85 88 89 92 96 97 
active=29: 6 12 13 17 18 19 22 30 31 33 36 39 41 45 48 49 52 53 59 63 65 79 81 85 88 89 92 96 97 
active=28: 6 12 13 17 19 22 30 31 33 36 39 41 45 48 49 52 53 59 63 65 79 81 85 88 89 92 96 97 
active=27: 6 12 13 17 19 22 30 33 36 39 41 45 48 49 52 53 59 63 65 79 81 85 88 89 92 96 97 
active=26: 6 12 13 17 19 22 30 33 36 41 45 48 49 52 53 59 63 65 79 81 85 88 89 92 96 97 
active=25: 6 12 13 17 19 22 30 36 41 45 48 49 52 53 59 63 65 79 81 85 88 89 92 96 97 
active=24: 6 12 13 17 19 22 36 41 45 48 49 52 53 59 63 65 79 81 85 88 89 92 96 97 
active=23: 6 12 13 17 19 36 41 45 48 49 52 53 59 63 65 79 81 85 88 89 92 96 97 
active=22: 12 13 17 19 36 41 45 48 49 52 53 59 63 65 79 81 85 88 89 92 96 97 
active=21: 12 13 17 19 36 41 45 48 52 53 59 63 65 79 81 85 88 89 92 96 97 
active=20: 12 13 17 19 36 41 45 48 52 53 59 63 65 79 81 85 88 92 96 97 
active=19: 13 17 19 36 41 45 48 52 53 59 63 65 79 81 85 88 92 96 97 
active=18: 13 17 19 36 41 48 52 53 59 63 65 79 81 85 88 92 96 97 
active=17: 13 17 19 36 41 48 52 59 63 65 79 81 85 88 92 96 97 
active=16: 13 17 19 36 41 52 59 63 65 79 81 85 88 92 96 97 
active=15: 13 17 19 36 41 52 59 63 65 79 81 85 88 92 96 
active=14: 13 19 36 41 52 59 63 65 79 81 85 88 92 96 
active=13: 13 19 36 41 52 59 63 65 79 81 85 88 92 
active=12: 13 19 36 52 59 63 65 79 81 85 88 92 
active=11: 13 19 36 52 59 63 65 79 81 85 92 
active=10: 13 19 36 52 59 63 65 81 85 92 
active=9: 13 19 36 52 59 63 65 81 92 
active=8: 13 19 36 52 59 65 81 92 
active=7: 19 36 52 59 65 81 92 
active=6: 19 36 59 65 81 92 
active=5: 19 36 59 65 92 
active=4: 19 59 65 92 
active=3: 59 65 92 
active=2: 59 92 
active=1: 59 
