0.000000 0.500000
1.000000 0.562200
2.000000 0.565200
3.000000 0.608300
4.000000 0.607100
5.000000 0.616500
6.000000 0.619600
7.000000 0.626000
8.000000 0.619200
9.000000 0.630500
10.000000 0.635100
11.000000 0.644600
12.000000 0.664700
13.000000 0.671500
14.000000 0.666300
15.000000 0.672800
16.000000 0.672700
17.000000 0.672400
18.000000 0.672200
19.000000 0.678100
20.000000 0.684600
21.000000 0.691700
22.000000 0.691900
23.000000 0.679000
24.000000 0.678500
25.000000 0.673500
26.000000 0.676200
27.000000 0.674900
28.000000 0.670200
29.000000 0.675800
30.000000 0.666300
31.000000 0.662300
32.000000 0.667200
33.000000 0.656100
34.000000 0.652500
35.000000 0.655700
36.000000 0.638700
37.000000 0.646000
38.000000 0.642700
39.000000 0.639800
40.000000 0.636200
41.000000 0.639300
42.000000 0.637400
43.000000 0.630400
44.000000 0.633100
45.000000 0.639800
46.000000 0.642500
47.000000 0.638100
48.000000 0.630300
49.000000 0.624800
50.000000 0.636200
51.000000 0.619000
52.000000 0.617600
53.000000 0.613000
54.000000 0.607600
55.000000 0.613900
56.000000 0.608500
57.000000 0.598600
58.000000 0.603400
59.000000 0.592400
60.000000 0.590400
61.000000 0.582300
62.000000 0.581900
63.000000 0.583200
64.000000 0.580700
65.000000 0.579100
66.000000 0.575100
67.000000 0.569800
68.000000 0.569600
69.000000 0.558000
70.000000 0.556100
71.000000 0.550300
72.000000 0.554400
73.000000 0.546900
74.000000 0.552600
75.000000 0.546800
76.000000 0.545200
77.000000 0.540500
78.000000 0.548500
79.000000 0.534700
80.000000 0.534600
81.000000 0.531400
82.000000 0.543100
83.000000 0.524700
84.000000 0.527700
85.000000 0.526100
86.000000 0.519000
87.000000 0.516300
88.000000 0.519300
89.000000 0.515600
90.000000 0.511000
91.000000 0.502800
92.000000 0.505200
93.000000 0.503300
94.000000 0.507900
95.000000 0.495100
96.000000 0.492900
97.000000 0.498700
98.000000 0.485200
99.000000 0.491600
100.000000 0.487400
