1 0.006375710000 0.964113612828
2 -0.055952730000 0.960675667616
3 -0.001908710000 0.931291857214
4 -0.011221430000 1.157864936676
5 0.234985040000 1.024867722594
6 -0.019690830000 1.025780362883
7 -0.057050230000 1.009526506900
8 0.018001630000 0.913368344904
9 0.011893870000 0.940289301188
10 -0.105395100000 0.986948024607
11 -0.148538400000 0.955439717645
12 0.101998100000 0.909090755587
13 -0.046595990000 0.960875263922
14 0.012412150000 0.968047776211
15 0.133152430000 0.999004943869
16 -0.075623780000 1.023592460113
17 0.069586090000 1.040374444630
18 -0.094380390000 1.003743878281
19 0.149655960000 1.066979894812
20 -0.204382070000 0.959526785841
21 0.023457060000 0.963733859585
22 -0.131828360000 0.939554653264
23 0.109361760000 0.988384795245
24 0.007443290000 0.960598866116
25 -0.021947790000 0.975461301037
26 0.106080790000 1.075500185957
27 -0.084130250000 0.873793756935
28 0.067306950000 0.903746176010
29 -0.080155110000 1.112989033829
30 -0.036891170000 0.951317615346
