active=80: 1 2 3 4 5 6 7 8 9 10 11 12 13 14 15 16 17 18 19 20 21 22 23 24 25 26 27 28 29 30 31 32 33 34 35 36 37 38 39 40 41 42 43 44 45 46 47 48 49 50 51 52 53 54 55 56 57 58 59 60 61 62 63 64 65 66 67 68 69 70 71 72 73 74 75 76 77 78 79 80 
active=79: 1 2 3 4 5 6 7 8 9 10 11 12 13 14 15 16 17 18 19 20 21 22 23 24 26 27 28 29 30 31 32 33 34 35 36 37 38 39 40 41 42 43 44 45 46 47 48 49 50 51 52 53 54 55 56 57 58 59 60 61 62 63 64 65 66 67 68 69 70 71 72 73 74 75 76 77 78 79 80 
active=78: 1 2 3 4 5 6 7 8 9 10 11 12 13 14 15 16 17 18 19 20 21 22 23 24 26 27 28 29 30 31 32 33 34 35 36 37 38 39 40 41 42 43 44 45 46 47 48 49 50 51 52 53 54 55 56 57 58 59 60 61 62 63 65 66 67 68 69 70 71 72 73 74 75 76 77 78 79 80 
active=77: 1 2 3 4 5 6 7 8 9 10 11 12 13 14 15 16 17 18 19 20 21 22 23 24 26 27 28 29 30 31 32 33 34 35 36 37 38 39 40 41 42 43 44 45 46 47 48 49 50 52 53 54 55 56 57 58 59 60 61 62 63 65 66 67 68 69 70 71 72 73 74 75 76 77 78 79 80 
active=76: 1 2 3 4 5 6 7 8 9 10 11 12 13 14 15 16 17 18 19 20 21 22 23 24 26 27 28 29 30 31 32 33 34 35 36 37 38 39 40 41 42 43 44 45 46 47 48 49 50 52 53 54 55 56 57 58 59 60 61 62 63 65 66 68 69 70 71 72 73 74 75 76 77 78 79 80 
active=75: 1 2 3 4 5 6 7 8 9 10 11 12 13 14 16 17 18 19 20 21 22 23 24 26 27 28 29 30 31 32 33 34 35 36 37 38 39 40 41 42 43 44 45 46 47 48 49 50 52 53 54 55 56 57 58 59 60 61 62 63 65 66 68 69 70 71 72 73 74 75 76 77 78 79 80 
active=74: 1 2 3 4 5 6 7 8 9 10 11 12 13 14 16 17 18 19 20 21 22 23 24 26 27 28 29 30 31 32 33 34 35 37 38 39 40 41 42 43 44 45 46 47 48 49 50 52 53 54 55 56 57 58 59 60 61 62 63 65 66 68 69 70 71 72 73 74 75 76 77 78 79 80 
active=73: 1 2 3 4 5 6 7 8 9 10 11 12 13 14 16 17 18 19 20 21 23 24 26 27 28 29 30 31 32 33 34 35 37 38 39 40 41 42 43 44 45 46 47 48 49 50 52 53 54 55 56 57 58 59 60 61 62 63 65 66 68 69 70 71 72 73 74 75 76 77 78 79 80 
active=72: 1 2 3 4 5 6 7 8 9 10 11 12 13 14 16 17 18 19 20 21 23 24 26 27 28 29 30 31 32 33 34 35 37 38 39 40 41 42 43 44 45 46 47 48 49 50 52 53 54 55 56 58 59 60 61 62 63 65 66 68 69 70 71 72 73 74 75 76 77 78 79 80 
active=71: 1 2 3 4 5 6 7 8 9 10 11 12 13 14 16 17 18 19 20 21 23 24 26 27 28 29 30 31 32 33 34 35 37 38 39 40 41 42 43 44 45 46 47 48 49 50 53 54 55 56 58 59 60 61 62 63 65 66 68 69 70 71 72 73 74 75 76 77 78 79 80 
active=70: 1 2 3 4 5 6 7 8 9 10 11 12 13 14 16 17 18 19 20 21 23 24 27 28 29 30 31 32 33 34 35 37 38 39 40 41 42 43 44 45 46 47 48 49 50 53 54 55 56 58 59 60 61 62 63 65 66 68 69 70 71 72 73 74 75 76 77 78 79 80 
active=69: 1 2 3 4 5 6 7 8 9 10 11 12 14 16 17 18 19 20 21 23 24 27 28 29 30 31 32 33 34 35 37 38 39 40 41 42 43 44 45 46 47 48 49 50 53 54 55 56 58 59 60 61 62 63 65 66 68 69 70 71 72 73 74 75 76 77 78 79 80 
active=68: 1 2 3 4 5 6 7 8 9 10 11 12 14 16 17 18 19 20 21 23 24 27 28 29 30 31 32 33 34 35 37 38 39 41 42 43 44 45 46 47 48 49 50 53 54 55 56 58 59 60 61 62 63 65 66 68 69 70 71 72 73 74 75 76 77 78 79 80 
active=67: 1 2 3 4 5 6 7 8 9 10 11 12 14 16 17 18 19 20 21 23 24 27 28 29 30 31 32 33 34 37 38 39 41 42 43 44 45 46 47 48 49 50 53 54 55 56 58 59 60 61 62 63 65 66 68 69 70 71 72 73 74 75 76 77 78 79 80 
active=66: 1 2 3 4 5 6 7 8 9 10 11 12 14 16 17 18 19 20 21 23 24 27 28 29 30 31 32 33 34 37 38 39 41 42 43 44 45 46 47 48 49 50 53 54 55 56 58 59 60 62 63 65 66 68 69 70 71 72 73 74 75 76 77 78 79 80 
active=65: 1 2 3 4 5 6 7 8 9 10 11 12 14 16 17 18 19 20 21 23 24 27 28 29 30 31 32 33 34 37 38 39 41 42 43 44 45 46 47 48 49 50 53 54 55 56 58 59 60 62 63 65 66 68 69 70 71 72 73 74 75 77 78 79 80 
active=64: 1 2 3 4 5 6 7 8 9 10 11 12 14 16 17 18 19 20 21 23 24 27 28 29 30 31 32 33 34 37 38 39 42 43 44 45 46 47 48 49 50 53 54 55 56 58 59 60 62 63 65 66 68 69 70 71 72 73 74 75 77 78 79 80 
active=63: 1 2 3 4 5 6 7 8 9 10 11 12 14 16 17 18 19 20 21 23 24 27 28 29 30 31 32 33 34 37 38 39 42 43 44 45 46 47 48 49 50 53 54 55 56 58 59 60 62 63 65 66 68 69 70 71 72 73 74 75 77 78 80 
active=62: 1 2 3 4 5 6 7 8 9 10 11 12 14 16 18 19 20 21 23 24 27 28 29 30 31 32 33 34 37 38 39 42 43 44 45 46 47 48 49 50 53 54 55 56 58 59 60 62 63 65 66 68 69 70 71 72 73 74 75 77 78 80 
active=61: 1 2 3 4 5 6 7 8 9 10 11 12 14 16 18 19 20 21 23 24 27 28 29 30 31 32 33 34 37 38 39 42 43 44 46 47 48 49 50 53 54 55 56 58 59 60 62 63 65 66 68 69 70 71 72 73 74 75 77 78 80 
active=60: 1 2 3 4 5 6 7 8 9 10 11 12 14 16 18 19 20 21 23 24 27 28 29 30 31 32 33 34 37 38 39 42 43 44 46 47 49 50 53 54 55 56 58 59 60 62 63 65 66 68 69 70 71 72 73 74 75 77 78 80 
active=59: 1 2 3 4 5 6 7 8 9 10 11 12 14 16 18 19 20 21 23 24 27 28 29 30 31 32 33 34 37 38 39 42 43 44 46 47 49 50 53 54 55 56 59 60 62 63 65 66 68 69 70 71 72 73 74 75 77 78 80 
active=58: 1 2 3 4 5 6 7 8 9 10 11 12 14 16 18 19 20 21 23 24 27 28 29 30 31 32 33 34 37 38 39 42 43 44 46 47 49 50 53 54 55 56 59 60 62 63 65 66 68 69 70 71 72 73 74 75 77 78 
active=57: 1 2 3 4 5 6 7 8 9 10 11 12 14 16 18 19 20 21 23 24 28 29 30 31 32 33 34 37 38 39 42 43 44 46 47 49 50 53 54 55 56 59 60 62 63 65 66 68 69 70 71 72 73 74 75 77 78 
active=56: 1 2 3 4 5 6 7 8 9 10 11 12 14 16 18 19 20 21 23 24 28 29 31 32 33 34 37 38 39 42 43 44 46 47 49 50 53 54 55 56 59 60 62 63 65 66 68 69 70 71 72 73 74 75 77 78 
active=55: 1 2 3 4 5 6 7 8 9 10 11 12 14 16 18 19 20 21 23 24 28 29 31 32 33 34 37 38 42 43 44 46 47 49 50 53 54 55 56 59 60 62 63 65 66 68 69 70 71 72 73 74 75 77 78 
active=54: 1 2 3 4 5 6 7 8 9 10 11 12 14 16 18 19 20 21 23 24 28 29 31 32 33 34 37 38 42 43 44 46 47 49 50 53 54 55 56 60 62 63 65 66 68 69 70 71 72 73 74 75 77 78 
active=53: 1 2 3 4 5 6 7 8 9 10 11 12 14 16 18 19 20 21 23 24 28 29 31 32 33 34 37 38 42 44 46 47 49 50 53 54 55 56 60 62 63 65 66 68 69 70 71 72 73 74 75 77 78 
active=52: 1 2 3 4 5 6 7 8 9 10 11 12 14 16 18 19 20 21 23 24 28 29 31 32 33 34 37 38 42 44 46 47 49 50 53 54 55 56 60 62 63 65 66 68 70 71 72 73 74 75 77 78 
active=51: 1 2 3 4 5 6 7 8 9 10 11 12 14 16 18 19 20 21 23 24 28 29 31 32 33 34 37 38 42 44 46 47 49 50 53 54 56 60 62 63 65 66 68 70 71 72 73 74 75 77 78 
active=50: 1 2 3 4 5 6 7 8 9 10 11 12 16 18 19 20 21 23 24 28 29 31 32 33 34 37 38 42 44 46 47 49 50 53 54 56 60 62 63 65 66 68 70 71 72 73 74 75 77 78 
active=49: 1 2 3 4 5 6 7 8 9 10 11 12 16 18 19 20 21 23 24 28 29 31 32 33 34 37 38 42 44 46 47 49 50 53 54 56 60 62 63 65 66 70 71 72 73 74 75 77 78 
active=48: 1 2 3 4 5 6 7 8 9 10 11 12 16 18 19 20 21 23 24 28 29 31 32 33 37 38 42 44 46 47 49 50 53 54 56 60 62 63 65 66 70 71 72 73 74 75 77 78 
active=47: 1 2 3 4 5 6 7 8 9 10 11 12 16 18 19 20 21 23 24 28 29 31 33 37 38 42 44 46 47 49 50 53 54 56 60 62 63 65 66 70 71 72 73 74 75 77 78 
active=46: 1 2 3 4 5 6 7 8 9 10 11 12 16 18 19 20 21 23 24 28 29 31 33 37 38 42 44 46 47 49 50 53 54 56 60 62 65 66 70 71 72 73 74 75 77 78 
active=45: 1 3 4 5 6 7 8 9 10 11 12 16 18 19 20 21 23 24 28 29 31 33 37 38 42 44 46 47 49 50 53 54 56 60 62 65 66 70 71 72 73 74 75 77 78 
active=44: 1 3 4 5 6 7 8 9 10 11 12 16 18 19 20 21 23 24 28 29 31 33 37 38 42 44 46 47 49 50 53 54 56 60 62 65 66 70 71 73 74 75 77 78 
active=43: 1 3 4 5 6 7 8 9 10 11 12 16 19 20 21 23 24 28 29 31 33 37 38 42 44 46 47 49 50 53 54 56 60 62 65 66 70 71 73 74 75 77 78 
active=42: 1 3 4 5 6 7 8 9 10 11 12 16 19 20 21 23 24 28 29 31 33 37 38 42 44 47 49 50 53 54 56 60 62 65 66 70 71 73 74 75 77 78 
active=41: 1 3 4 5 6 7 8 9 10 11 12 16 19 20 21 23 24 28 29 31 33 37 38 42 47 49 50 53 54 56 60 62 65 66 70 71 73 74 75 77 78 
active=40: 1 3 4 5 6 7 8 9 10 11 16 19 20 21 23 24 28 29 31 33 37 38 42 47 49 50 53 54 56 60 62 65 66 70 71 73 74 75 77 78 
active=39: 1 3 4 5 6 7 8 9 10 11 16 19 20 21 23 24 28 29 31 37 38 42 47 49 50 53 54 56 60 62 65 66 70 71 73 74 75 77 78 
active=38: 1 3 4 5 6 7 8 9 10 11 16 19 20 21 23 24 28 29 31 37 38 42 47 49 50 53 54 60 62 65 66 70 71 73 74 75 77 78 
active=37: 1 3 4 5 6 7 8 9 10 11 16 19 20 21 23 24 28 29 31 37 38 47 49 50 53 54 60 62 65 66 70 71 73 74 75 77 78 
active=36: 1 3 4 5 6 7 8 9 11 16 19 20 21 23 24 28 29 31 37 38 47 49 50 53 54 60 62 65 66 70 71 73 74 75 77 78 
active=35: 1 3 4 5 6 7 8 9 11 16 19 20 21 23 24 28 29 31 37 38 47 49 50 54 60 62 65 66 70 71 73 74 75 77 78 
active=34: 1 3 4 5 6 7 8 9 11 16 19 20 21 23 24 28 29 31 37 38 47 49 50 54 60 62 65 66 70 71 73 75 77 78 
active=33: 1 3 4 5 6 7 8 9 11 16 19 20 21 23 24 28 29 31 37 38 47 50 54 60 62 65 66 70 71 73 75 77 78 
active=32: 1 3 4 5 6 7 8 9 11 16 19 20 21 23 24 28 29 31 37 38 47 50 54 60 62 65 66 70 71 73 77 78 
active=31: 1 3 4 5 6 7 8 9 11 16 19 20 21 23 24 28 29 31 37 47 50 54 60 62 65 66 70 71 73 77 78 
active=30: 1 3 4 5 6 7 8 9 11 16 19 20 21 23 24 28 29 31 47 50 54 60 62 65 66 70 71 73 77 78 
active=29: 1 3 4 5 6 7 8 9 11 16 19 20 21 23 24 28 29 31 47 50 54 60 62 65 66 70 73 77 78 
active=28: 1 3 4 5 6 7 8 9 11 16 19 21 23 24 28 29 31 47 50 54 60 62 65 66 70 73 77 78 
active=27: 1 3 4 5 6 7 8 9 11 16 19 21 23 24 28 29 31 47 50 54 60 62 66 70 73 77 78 
active=26: 1 3 4 5 6 7 8 9 11 16 19 21 23 24 28 29 31 47 50 54 60 62 66 70 77 78 
active=25: 1 3 4 5 6 7 8 9 11 16 19 21 23 24 28 29 31 47 50 54 60 62 66 70 78 
active=24: 1 3 4 5 6 7 8 9 11 16 19 21 23 24 28 29 47 50 54 60 62 66 70 78 
active=23: 1 3 4 5 6 7 8 9 11 16 19 21 23 24 28 29 47 54 60 62 66 70 78 
active=22: 1 3 4 5 6 7 8 9 11 16 19 21 23 24 28 47 54 60 62 66 70 78 
active=21: 1 3 4 5 6 7 8 9 11 16 19 21 23 24 28 47 54 62 66 70 78 
active=20: 1 3 4 5 6 7 8 9 11 16 19 21 23 24 28 54 62 66 70 78 
active=19: 1 3 4 5 6 7 8 9 11 16 19 21 23 24 28 54 62 66 70 
active=18: 1 3 4 5 6 7 8 9 11 16 19 21 23 24 28 62 66 70 
active=17: 1 3 4 5 6 7 8 9 11 16 21 23 24 28 62 66 70 
active=16: 1 3 4 5 6 7 8 9 11 16 23 24 28 62 66 70 
active=15: 3 4 5 6 7 8 9 11 16 23 24 28 62 66 70 
active=14: 3 4 5 6 7 8 9 11 16 23 28 62 66 70 
active=13: 3 4 5 6 7 8 9 11 16 23 28 62 70 
active=12: 3 4 5 6 7 8 9 11 16 23 28 62 
active=11: 3 4 5 6 7 8 9 11 23 28 62 
active=10: 3 4 5 6 7 8 9 23 28 62 
active=9: 3 4 5 6 7 8 23 28 62 
active=8: 4 5 6 7 8 23 28 62 
active=7: 4 5 6 7 8 28 62 
active=6: 4 5 6 7 8 62 
active=5: 4 5 6 7 8 
active=4: 4 5 6 7 
active=3: 4 6 7 
active=2: 4 7 
active=1: 4 
