0.000000 0.480000 0.520000
1.000000 0.715400 0.722000
2.000000 0.698400 0.730200
3.000000 0.715000 0.735600
4.000000 0.719200 0.770800
5.000000 0.714400 0.779200
6.000000 0.720400 0.814200
7.000000 0.737200 0.833800
8.000000 0.761400 0.840200
9.000000 0.737800 0.837000
10.000000 0.756400 0.855400
11.000000 0.746200 0.840600
12.000000 0.740000 0.857400
13.000000 0.761200 0.883000
14.000000 0.767400 0.891600
15.000000 0.772400 0.898800
16.000000 0.770200 0.910800
17.000000 0.750200 0.916600
18.000000 0.761400 0.919800
19.000000 0.744400 0.922400
20.000000 0.739600 0.918200
21.000000 0.747000 0.936000
22.000000 0.771800 0.950800
23.000000 0.782400 0.955600
24.000000 0.788400 0.962000
25.000000 0.793200 0.963600
26.000000 0.779000 0.965400
27.000000 0.768600 0.965800
28.000000 0.771200 0.966600
29.000000 0.761400 0.971200
30.000000 0.784000 0.969800
31.000000 0.775200 0.973200
32.000000 0.763600 0.974600
33.000000 0.765800 0.973200
34.000000 0.759800 0.973000
35.000000 0.750800 0.975000
36.000000 0.745600 0.976600
37.000000 0.756000 0.975400
38.000000 0.754400 0.978200
39.000000 0.756200 0.977000
40.000000 0.749000 0.979000
41.000000 0.756000 0.978800
42.000000 0.741600 0.980400
43.000000 0.738800 0.978800
44.000000 0.731000 0.980600
45.000000 0.731800 0.981600
46.000000 0.734400 0.982000
47.000000 0.728600 0.985800
48.000000 0.718400 0.983000
49.000000 0.729000 0.982600
50.000000 0.724800 0.983600
51.000000 0.717000 0.987800
52.000000 0.722000 0.988600
53.000000 0.710600 0.987200
54.000000 0.707200 0.988400
55.000000 0.713600 0.987800
56.000000 0.704600 0.992600
57.000000 0.699000 0.991000
58.000000 0.690800 0.993000
59.000000 0.687200 0.993200
60.000000 0.674600 0.995600
61.000000 0.673800 0.996600
62.000000 0.675000 0.997400
63.000000 0.673200 0.997600
64.000000 0.664200 0.998400
65.000000 0.652600 0.998600
66.000000 0.651200 0.999600
67.000000 0.648200 0.999400
68.000000 0.637400 0.999600
69.000000 0.633200 0.999600
70.000000 0.626000 1.000000
71.000000 0.632400 1.000000
72.000000 0.620200 0.999800
73.000000 0.622200 1.000000
74.000000 0.609000 1.000000
75.000000 0.610600 1.000000
76.000000 0.603000 1.000000
77.000000 0.606000 1.000000
78.000000 0.601800 1.000000
79.000000 0.592200 1.000000
80.000000 0.589400 1.000000
