0.000000 0.480000
1.000000 0.595800
2.000000 0.608000
3.000000 0.615600
4.000000 0.680600
5.000000 0.707200
6.000000 0.736600
7.000000 0.763200
8.000000 0.793200
9.000000 0.791000
10.000000 0.822400
11.000000 0.832400
12.000000 0.828800
13.000000 0.841400
14.000000 0.823400
15.000000 0.825000
16.000000 0.853000
17.000000 0.843200
18.000000 0.849400
19.000000 0.845800
20.000000 0.828200
21.000000 0.833400
22.000000 0.830600
23.000000 0.820400
24.000000 0.830600
25.000000 0.826400
26.000000 0.838600
27.000000 0.834400
28.000000 0.819600
29.000000 0.826800
30.000000 0.820800
31.000000 0.819800
32.000000 0.800200
33.000000 0.798800
34.000000 0.798400
35.000000 0.796000
36.000000 0.789800
37.000000 0.783600
38.000000 0.776600
39.000000 0.775800
40.000000 0.760200
41.000000 0.764000
42.000000 0.751400
43.000000 0.744600
44.000000 0.746000
45.000000 0.735200
46.000000 0.734400
47.000000 0.721000
48.000000 0.718600
49.000000 0.724000
50.000000 0.722000
51.000000 0.699600
52.000000 0.691000
53.000000 0.694600
54.000000 0.693400
55.000000 0.697600
56.000000 0.687400
57.000000 0.702400
58.000000 0.694600
59.000000 0.682200
60.000000 0.679800
61.000000 0.666600
62.000000 0.670000
63.000000 0.677200
64.000000 0.674800
65.000000 0.661400
66.000000 0.668800
67.000000 0.648400
68.000000 0.649400
69.000000 0.647600
70.000000 0.648400
71.000000 0.641200
72.000000 0.628200
73.000000 0.618600
74.000000 0.622400
75.000000 0.619400
76.000000 0.605600
77.000000 0.607600
78.000000 0.606800
79.000000 0.606600
80.000000 0.606600
