0.000000 0.520000
1.000000 0.582400
2.000000 0.656400
3.000000 0.661800
4.000000 0.717600
5.000000 0.772600
6.000000 0.808000
7.000000 0.831800
8.000000 0.874600
9.000000 0.886000
10.000000 0.916800
11.000000 0.917600
12.000000 0.931200
13.000000 0.940000
14.000000 0.925000
15.000000 0.939000
16.000000 0.947600
17.000000 0.946000
18.000000 0.938800
19.000000 0.952400
20.000000 0.946200
21.000000 0.950800
22.000000 0.960200
23.000000 0.962600
24.000000 0.965000
25.000000 0.963600
26.000000 0.965000
27.000000 0.961800
28.000000 0.964800
29.000000 0.966400
30.000000 0.965200
31.000000 0.965800
32.000000 0.967000
33.000000 0.966600
34.000000 0.967200
35.000000 0.968800
36.000000 0.972400
37.000000 0.970800
38.000000 0.973000
39.000000 0.971800
40.000000 0.970800
41.000000 0.972800
42.000000 0.974600
43.000000 0.970400
44.000000 0.971600
45.000000 0.973800
46.000000 0.971400
47.000000 0.976200
48.000000 0.978600
49.000000 0.976600
50.000000 0.978200
51.000000 0.981400
52.000000 0.984600
53.000000 0.984800
54.000000 0.985800
55.000000 0.988600
56.000000 0.989200
57.000000 0.990200
58.000000 0.993800
59.000000 0.995000
60.000000 0.995800
61.000000 0.997200
62.000000 0.998200
63.000000 0.998200
64.000000 0.998600
65.000000 0.999600
66.000000 0.999400
67.000000 0.999600
68.000000 0.999000
69.000000 1.000000
70.000000 1.000000
71.000000 0.999800
72.000000 1.000000
73.000000 1.000000
74.000000 1.000000
75.000000 1.000000
76.000000 1.000000
77.000000 1.000000
78.000000 1.000000
79.000000 1.000000
80.000000 1.000000
