0.000000 0.500000 0.500000
1.000000 0.650900 0.644100
2.000000 0.696500 0.710900
3.000000 0.726100 0.742100
4.000000 0.752700 0.785000
5.000000 0.775800 0.801600
6.000000 0.775400 0.811700
7.000000 0.774900 0.812000
8.000000 0.787100 0.825200
9.000000 0.778600 0.816100
10.000000 0.787400 0.829000
11.000000 0.788200 0.821500
12.000000 0.782600 0.834700
13.000000 0.792000 0.842000
14.000000 0.784500 0.835300
15.000000 0.784800 0.841400
16.000000 0.781600 0.846300
17.000000 0.777000 0.843200
18.000000 0.770200 0.851100
19.000000 0.774400 0.850400
20.000000 0.766800 0.849300
