0.000000 0.400000
1.000000 0.664000
2.000000 0.848000
3.000000 0.874000
4.000000 0.770000
5.000000 0.815000
6.000000 0.822000
7.000000 0.890000
8.000000 0.858000
9.000000 0.868000
10.000000 0.854000
11.000000 0.866000
12.000000 0.854000
13.000000 0.857000
14.000000 0.875000
15.000000 0.845000
16.000000 0.843000
17.000000 0.816000
18.000000 0.823000
19.000000 0.817000
20.000000 0.837000
21.000000 0.850000
22.000000 0.822000
23.000000 0.800000
24.000000 0.817000
25.000000 0.798000
26.000000 0.807000
27.000000 0.796000
28.000000 0.807000
29.000000 0.823000
30.000000 0.817000
31.000000 0.819000
32.000000 0.808000
33.000000 0.816000
34.000000 0.822000
35.000000 0.827000
36.000000 0.853000
37.000000 0.829000
38.000000 0.834000
39.000000 0.824000
40.000000 0.801000
41.000000 0.815000
42.000000 0.794000
43.000000 0.792000
44.000000 0.804000
45.000000 0.796000
46.000000 0.809000
47.000000 0.797000
48.000000 0.757000
49.000000 0.772000
50.000000 0.789000
51.000000 0.786000
52.000000 0.787000
53.000000 0.760000
54.000000 0.733000
55.000000 0.735000
56.000000 0.741000
57.000000 0.746000
58.000000 0.758000
59.000000 0.775000
60.000000 0.753000
61.000000 0.725000
62.000000 0.762000
63.000000 0.753000
64.000000 0.721000
65.000000 0.718000
66.000000 0.711000
67.000000 0.705000
68.000000 0.700000
69.000000 0.710000
70.000000 0.716000
71.000000 0.682000
72.000000 0.709000
73.000000 0.688000
74.000000 0.686000
75.000000 0.643000
76.000000 0.640000
77.000000 0.616000
78.000000 0.627000
79.000000 0.654000
80.000000 0.655000
81.000000 0.651000
82.000000 0.607000
83.000000 0.626000
84.000000 0.603000
85.000000 0.619000
86.000000 0.594000
87.000000 0.597000
88.000000 0.605000
89.000000 0.583000
90.000000 0.581000
91.000000 0.569000
92.000000 0.576000
93.000000 0.556000
94.000000 0.534000
95.000000 0.558000
96.000000 0.551000
97.000000 0.535000
98.000000 0.526000
99.000000 0.509000
100.000000 0.522000
