0.000000 0.510638
1.000000 0.599574
2.000000 0.694043
3.000000 0.731064
4.000000 0.751383
5.000000 0.781170
6.000000 0.807660
7.000000 0.810213
8.000000 0.815213
9.000000 0.814787
10.000000 0.829468
11.000000 0.845106
12.000000 0.852234
13.000000 0.856277
14.000000 0.856809
15.000000 0.859362
16.000000 0.860638
17.000000 0.870745
18.000000 0.876702
19.000000 0.875426
20.000000 0.878404
21.000000 0.877553
22.000000 0.882766
23.000000 0.877766
24.000000 0.887979
25.000000 0.886277
26.000000 0.884681
27.000000 0.889681
28.000000 0.897660
29.000000 0.895957
30.000000 0.900851
