0.000000 0.500000
1.000000 0.571500
2.000000 0.587600
3.000000 0.616000
4.000000 0.613600
5.000000 0.621100
6.000000 0.659800
7.000000 0.664700
8.000000 0.661300
9.000000 0.661700
10.000000 0.655000
11.000000 0.650300
12.000000 0.643300
13.000000 0.646800
14.000000 0.629700
15.000000 0.651800
16.000000 0.630700
17.000000 0.652900
18.000000 0.653500
19.000000 0.658400
20.000000 0.656100
21.000000 0.670400
22.000000 0.653300
23.000000 0.648200
24.000000 0.648700
25.000000 0.650700
26.000000 0.648400
27.000000 0.650600
28.000000 0.656800
29.000000 0.645400
30.000000 0.646500
31.000000 0.654000
32.000000 0.649900
33.000000 0.647700
34.000000 0.655500
35.000000 0.657700
36.000000 0.648800
37.000000 0.633700
38.000000 0.634500
39.000000 0.639200
40.000000 0.635700
41.000000 0.627500
42.000000 0.620700
43.000000 0.616300
44.000000 0.620400
45.000000 0.619500
46.000000 0.623900
47.000000 0.608100
48.000000 0.611500
49.000000 0.615300
50.000000 0.605700
51.000000 0.610800
52.000000 0.605400
53.000000 0.610600
54.000000 0.599400
55.000000 0.590700
56.000000 0.599800
57.000000 0.581900
58.000000 0.589900
59.000000 0.584200
60.000000 0.582700
61.000000 0.580700
62.000000 0.576100
63.000000 0.575200
64.000000 0.572000
65.000000 0.571100
66.000000 0.570300
67.000000 0.570000
68.000000 0.568100
69.000000 0.562800
70.000000 0.566000
71.000000 0.554100
72.000000 0.558300
73.000000 0.552600
74.000000 0.555300
75.000000 0.545700
76.000000 0.547500
77.000000 0.548800
78.000000 0.538700
79.000000 0.539800
80.000000 0.535700
81.000000 0.535600
82.000000 0.534200
83.000000 0.531800
84.000000 0.537000
85.000000 0.526300
86.000000 0.535000
87.000000 0.525800
88.000000 0.524100
89.000000 0.520500
90.000000 0.516500
91.000000 0.515700
92.000000 0.522500
93.000000 0.521300
94.000000 0.507900
95.000000 0.495200
96.000000 0.505600
97.000000 0.505100
98.000000 0.505900
99.000000 0.500400
100.000000 0.491100
