active=60: 1 2 3 4 5 6 7 8 9 10 11 12 13 14 15 16 17 18 19 20 21 22 23 24 25 26 27 28 29 30 31 32 33 34 35 36 37 38 39 40 41 42 43 44 45 46 47 48 49 50 51 52 53 54 55 56 57 58 59 60 
active=59: 1 2 3 4 5 6 7 8 9 10 11 12 13 14 15 16 17 18 19 20 21 22 23 24 25 26 27 28 29 30 31 32 33 34 35 36 37 38 39 40 41 42 43 45 46 47 48 49 50 51 52 53 54 55 56 57 58 59 60 
active=58: 1 2 3 4 5 6 7 8 9 10 11 12 13 14 15 16 17 18 19 20 21 22 23 24 25 26 27 28 29 30 31 32 33 34 35 36 37 38 39 40 41 42 43 45 46 47 48 49 50 51 53 54 55 56 57 58 59 60 
active=57: 1 2 3 4 5 6 7 8 9 10 11 12 13 14 15 16 17 18 19 20 21 22 23 24 25 26 27 28 29 30 31 32 33 34 35 36 37 38 39 40 41 43 45 46 47 48 49 50 51 53 54 55 56 57 58 59 60 
active=56: 1 2 3 4 5 6 7 8 9 10 11 12 13 14 15 16 17 18 19 20 22 23 24 25 26 27 28 29 30 31 32 33 34 35 36 37 38 39 40 41 43 45 46 47 48 49 50 51 53 54 55 56 57 58 59 60 
active=55: 1 2 3 4 5 6 7 8 9 10 11 12 13 14 15 16 17 18 19 20 22 23 24 25 26 27 28 29 30 32 33 34 35 36 37 38 39 40 41 43 45 46 47 48 49 50 51 53 54 55 56 57 58 59 60 
active=54: 1 2 3 4 5 6 7 8 9 10 11 12 13 14 15 16 17 18 19 20 22 23 24 25 26 27 28 29 30 32 33 34 36 37 38 39 40 41 43 45 46 47 48 49 50 51 53 54 55 56 57 58 59 60 
active=53: 1 2 3 4 5 6 7 8 9 10 11 12 13 14 15 16 17 19 20 22 23 24 25 26 27 28 29 30 32 33 34 36 37 38 39 40 41 43 45 46 47 48 49 50 51 53 54 55 56 57 58 59 60 
active=52: 1 2 3 4 5 6 7 8 9 10 11 12 13 14 15 16 17 19 20 22 23 24 25 26 27 28 29 30 32 33 34 36 37 38 39 40 41 43 46 47 48 49 50 51 53 54 55 56 57 58 59 60 
active=51: 1 2 3 4 5 6 7 8 9 10 11 12 13 14 15 16 17 19 20 22 23 24 25 26 27 28 29 30 32 33 34 36 37 38 39 40 41 43 46 47 48 49 51 53 54 55 56 57 58 59 60 
active=50: 1 2 3 4 5 6 7 8 9 10 11 12 13 14 15 16 17 19 20 22 23 24 25 26 27 28 29 30 32 33 34 36 37 38 39 40 41 43 46 47 48 49 51 53 54 55 56 57 58 59 
active=49: 1 2 3 4 5 6 7 8 9 10 11 12 13 14 15 16 17 19 20 22 23 24 25 26 27 29 30 32 33 34 36 37 38 39 40 41 43 46 47 48 49 51 53 54 55 56 57 58 59 
active=48: 1 2 3 4 5 6 7 8 9 10 11 12 13 14 15 16 17 19 20 22 23 24 25 26 27 29 30 32 33 34 36 37 38 39 40 41 43 46 47 48 49 51 53 54 56 57 58 59 
active=47: 1 2 3 4 5 6 7 8 9 10 11 12 13 14 15 16 17 19 20 22 23 24 25 26 27 29 30 32 33 34 36 37 38 39 41 43 46 47 48 49 51 53 54 56 57 58 59 
active=46: 1 2 3 4 5 6 7 8 9 10 11 12 13 14 15 16 17 19 20 22 23 24 25 26 27 29 30 32 33 34 36 37 38 39 41 43 46 47 48 51 53 54 56 57 58 59 
active=45: 1 2 3 4 5 6 7 8 9 10 11 12 13 14 15 16 17 19 20 22 23 24 25 26 29 30 32 33 34 36 37 38 39 41 43 46 47 48 51 53 54 56 57 58 59 
active=44: 1 2 3 4 5 6 7 8 9 10 11 12 13 14 15 16 19 20 22 23 24 25 26 29 30 32 33 34 36 37 38 39 41 43 46 47 48 51 53 54 56 57 58 59 
active=43: 1 2 3 4 5 6 7 8 9 10 11 12 13 14 15 16 19 20 22 23 25 26 29 30 32 33 34 36 37 38 39 41 43 46 47 48 51 53 54 56 57 58 59 
active=42: 1 2 3 4 5 6 7 8 9 10 11 12 13 14 15 16 19 20 22 23 25 26 29 30 32 33 34 36 37 38 39 43 46 47 48 51 53 54 56 57 58 59 
active=41: 1 2 3 4 5 6 7 8 9 10 11 12 13 14 15 16 19 20 23 25 26 29 30 32 33 34 36 37 38 39 43 46 47 48 51 53 54 56 57 58 59 
active=40: 1 2 3 4 5 6 7 8 9 10 11 12 13 14 15 16 19 20 23 25 26 30 32 33 34 36 37 38 39 43 46 47 48 51 53 54 56 57 58 59 
active=39: 1 2 3 4 5 6 7 8 9 10 11 12 13 14 15 16 19 20 23 25 26 30 32 33 34 36 37 38 39 43 47 48 51 53 54 56 57 58 59 
active=38: 1 2 3 4 5 6 7 8 9 10 11 12 13 14 15 16 19 20 23 25 26 30 32 33 34 36 37 38 43 47 48 51 53 54 56 57 58 59 
active=37: 1 2 3 4 5 6 7 8 9 10 11 12 13 14 15 16 19 20 23 25 30 32 33 34 36 37 38 43 47 48 51 53 54 56 57 58 59 
active=36: 1 2 3 4 5 6 7 8 9 10 11 12 13 14 15 16 19 20 23 25 32 33 34 36 37 38 43 47 48 51 53 54 56 57 58 59 
active=35: 1 2 3 4 5 6 7 8 9 10 11 12 14 15 16 19 20 23 25 32 33 34 36 37 38 43 47 48 51 53 54 56 57 58 59 
active=34: 1 2 3 4 5 6 7 8 9 10 11 12 14 15 16 19 20 23 25 32 33 34 36 37 38 43 47 48 51 53 56 57 58 59 
active=33: 1 2 3 4 5 6 7 8 9 10 11 12 14 15 16 19 20 23 25 32 33 34 36 37 38 43 47 48 53 56 57 58 59 
active=32: 1 2 3 4 5 6 7 8 9 10 11 12 14 15 16 19 23 25 32 33 34 36 37 38 43 47 48 53 56 57 58 59 
active=31: 1 2 3 4 5 6 7 8 9 10 11 12 14 15 16 19 23 25 32 33 34 36 37 43 47 48 53 56 57 58 59 
active=30: 1 2 3 4 5 6 7 8 9 10 11 12 14 15 16 19 23 25 32 34 36 37 43 47 48 53 56 57 58 59 
active=29: 1 2 3 4 5 6 7 8 9 10 11 12 14 15 16 19 23 25 32 34 36 37 43 47 48 53 56 57 58 
active=28: 1 2 3 4 5 6 7 8 9 10 11 12 14 16 19 23 25 32 34 36 37 43 47 48 53 56 57 58 
active=27: 1 2 3 4 5 6 7 8 9 10 11 12 14 16 19 23 25 32 34 36 37 47 48 53 56 57 58 
active=26: 1 2 3 4 5 6 7 8 9 10 11 12 14 16 19 23 32 34 36 37 47 48 53 56 57 58 
active=25: 1 2 3 4 5 6 7 8 9 10 11 14 16 19 23 32 34 36 37 47 48 53 56 57 58 
active=24: 1 2 3 4 5 6 7 8 9 10 11 14 16 19 23 32 34 36 37 47 53 56 57 58 
active=23: 1 2 3 4 5 6 7 8 9 10 11 14 19 23 32 34 36 37 47 53 56 57 58 
active=22: 1 2 3 4 5 6 7 8 9 10 11 19 23 32 34 36 37 47 53 56 57 58 
active=21: 1 2 3 4 5 6 7 8 9 10 11 19 23 32 34 37 47 53 56 57 58 
active=20: 1 2 3 4 5 6 7 8 9 10 11 19 23 32 34 37 53 56 57 58 
active=19: 1 2 3 4 5 6 7 8 9 10 11 19 32 34 37 53 56 57 58 
active=18: 1 2 3 4 5 6 7 8 9 10 11 32 34 37 53 56 57 58 
active=17: 1 2 3 4 5 6 7 8 9 10 11 32 34 37 53 57 58 
active=16: 1 2 3 4 5 6 7 8 9 10 11 32 34 37 53 58 
active=15: 1 2 3 4 5 6 7 8 9 10 11 34 37 53 58 
active=14: 1 2 3 4 5 6 7 8 9 10 11 37 53 58 
active=13: 1 2 3 4 5 6 7 8 9 10 11 37 58 
active=12: 1 2 3 4 5 6 7 8 9 10 37 58 
active=11: 1 2 3 4 5 6 7 8 9 10 58 
active=10: 1 2 3 4 5 6 7 8 9 10 
active=9: 1 2 3 4 5 6 8 9 10 
active=8: 1 2 3 4 5 6 8 10 
active=7: 2 3 4 5 6 8 10 
active=6: 2 3 5 6 8 10 
active=5: 2 3 5 6 10 
active=4: 2 3 5 10 
active=3: 2 5 10 
active=2: 2 5 
active=1: 5 
