0.000000 0.500000
1.000000 0.627500
2.000000 0.708700
3.000000 0.734500
4.000000 0.774200
5.000000 0.754900
6.000000 0.754400
7.000000 0.791500
8.000000 0.808400
9.000000 0.819600
10.000000 0.826200
11.000000 0.826700
12.000000 0.829000
13.000000 0.836200
14.000000 0.843000
15.000000 0.838500
16.000000 0.841800
17.000000 0.852900
18.000000 0.843600
19.000000 0.857900
20.000000 0.855100
21.000000 0.868500
22.000000 0.870600
23.000000 0.870000
24.000000 0.883100
25.000000 0.882300
26.000000 0.888500
27.000000 0.890000
28.000000 0.899600
29.000000 0.900400
30.000000 0.902900
31.000000 0.903400
32.000000 0.898600
33.000000 0.901200
34.000000 0.910900
35.000000 0.910000
36.000000 0.910000
37.000000 0.914000
38.000000 0.917500
39.000000 0.918300
40.000000 0.918900
41.000000 0.924100
42.000000 0.927800
43.000000 0.926200
44.000000 0.924400
45.000000 0.928800
46.000000 0.927300
47.000000 0.929300
48.000000 0.932000
49.000000 0.934000
50.000000 0.933900
51.000000 0.939000
52.000000 0.939400
53.000000 0.937300
54.000000 0.939500
55.000000 0.941000
56.000000 0.944600
57.000000 0.946200
58.000000 0.945100
59.000000 0.949800
60.000000 0.948600
