0.000000 0.500000 0.500000
1.000000 0.726500 0.737100
2.000000 0.704700 0.707600
3.000000 0.759800 0.780100
4.000000 0.763400 0.783200
5.000000 0.771900 0.798400
6.000000 0.768800 0.793200
7.000000 0.780100 0.806500
8.000000 0.765300 0.808900
9.000000 0.783300 0.820000
10.000000 0.803000 0.851800
11.000000 0.805000 0.872700
12.000000 0.814100 0.865000
13.000000 0.803800 0.871100
14.000000 0.806200 0.862400
15.000000 0.807100 0.860900
16.000000 0.806000 0.860100
17.000000 0.804400 0.866000
18.000000 0.810600 0.873400
19.000000 0.804300 0.872200
20.000000 0.794800 0.871900
21.000000 0.792600 0.869900
22.000000 0.786700 0.877800
23.000000 0.789500 0.883300
24.000000 0.783200 0.872000
25.000000 0.783400 0.877600
26.000000 0.780500 0.879300
27.000000 0.776200 0.883000
28.000000 0.772300 0.884500
29.000000 0.771800 0.880700
30.000000 0.759500 0.886100
31.000000 0.760200 0.883000
32.000000 0.757300 0.882400
33.000000 0.749100 0.889600
34.000000 0.755300 0.888500
35.000000 0.743000 0.897300
36.000000 0.735600 0.899300
37.000000 0.733900 0.897600
38.000000 0.738900 0.900400
39.000000 0.730100 0.904100
40.000000 0.727300 0.908200
