active=20: 1 2 3 4 5 6 7 8 9 10 11 12 13 14 15 16 17 18 19 20 
active=19: 1 2 3 4 5 6 7 8 10 11 12 13 14 15 16 17 18 19 20 
active=18: 1 2 3 4 5 6 7 8 10 11 12 13 14 16 17 18 19 20 
active=17: 1 2 3 4 5 6 7 8 10 12 13 14 16 17 18 19 20 
active=16: 1 2 3 4 5 6 7 8 10 13 14 16 17 18 19 20 
active=15: 1 2 3 4 5 6 7 8 10 13 16 17 18 19 20 
active=14: 1 2 3 4 5 6 7 8 10 13 17 18 19 20 
active=13: 1 3 4 5 6 7 8 10 13 17 18 19 20 
active=12: 1 3 4 5 6 8 10 13 17 18 19 20 
active=11: 1 3 4 5 6 10 13 17 18 19 20 
active=10: 1 3 4 5 6 10 13 17 18 19 
active=9: 1 3 4 5 6 10 17 18 19 
active=8: 1 3 4 6 10 17 18 19 
active=7: 1 3 6 10 17 18 19 
active=6: 1 3 6 10 17 19 
active=5: 1 3 6 17 19 
active=4: 1 6 17 19 
active=3: 1 17 19 
active=2: 1 17 
active=1: 1 
