1 -0.106280378938 0.816228356587
2 -0.151565268203 1.070095837488
3 -0.035025425487 1.043255871853
4 -0.061847382445 1.066868554913
5 -0.148712180966 1.100340733445
6 -0.073057072127 0.697218281593
7 0.075875394278 1.064938601405
8 -0.163980966066 1.215434145222
9 -0.025478752973 1.100342569015
10 -0.141764833250 0.995997869842
11 0.065526908784 0.943410060226
12 -0.322923892101 1.022005526614
13 -0.184123072200 1.053174072222
14 0.001831914606 1.123072489493
15 -0.013656820794 1.063611061461
16 -0.024874949357 0.802739699069
17 0.320777806787 0.980630701488
18 -0.155928041133 1.095065648899
19 0.054086758469 0.933992856974
20 -0.120320149158 0.944778795613
21 0.127495622903 0.990595782335
22 0.042064084632 0.751757981324
23 0.045676362467 0.859148472334
24 -0.195820751705 1.053273286116
25 0.075409086618 1.157066769644
26 -0.065855056342 0.947116970437
27 -0.254848078168 0.964601036590
28 0.024301539948 0.830002290875
29 -0.230874608160 0.887756081046
30 0.033974814368 1.124075918974
31 -0.073488294808 0.973214483430
32 0.037682219163 0.786778088653
33 0.003853605201 0.955456684339
34 0.087444519313 1.041163519983
35 -0.124719495204 0.978246570710
36 0.030344551829 0.823985211731
37 0.160755004409 0.882279351825
38 0.126126934891 1.255471300193
39 0.010232251062 1.186150023564
40 0.010952546982 1.180603066484
41 -0.136906456697 0.924745580309
42 0.059317917202 1.157454000435
43 0.059418785769 1.078450677187
44 -0.015901612250 0.958900493189
45 0.027061921661 0.825790090768
46 0.043521919845 0.839094418469
47 0.116405616842 0.898331004138
48 -0.147846533555 1.100708469067
49 -0.031501693044 1.121762727576
50 -0.110255407617 1.098962100487
51 -0.134791643153 0.999815109754
52 0.068916946222 1.294584810993
53 -0.033310981429 1.097086027227
54 -0.035815263115 1.067031527588
55 -0.247132925266 1.125257496045
56 -0.041110243736 0.837813403382
57 0.218911575378 0.998833021662
58 -0.000076809107 1.025207533487
59 -0.188708649575 1.076137297487
60 0.004922626807 1.035713343318
