active=60: 1 2 3 4 5 6 7 8 9 10 11 12 13 14 15 16 17 18 19 20 21 22 23 24 25 26 27 28 29 30 31 32 33 34 35 36 37 38 39 40 41 42 43 44 45 46 47 48 49 50 51 52 53 54 55 56 57 58 59 60 
active=59: 1 2 3 4 5 6 7 8 9 10 11 12 13 14 15 16 17 18 19 20 21 22 23 24 25 26 27 28 29 30 31 32 33 34 35 36 37 38 39 40 41 42 43 44 45 46 47 48 49 50 51 52 54 55 56 57 58 59 60 
active=58: 1 2 3 4 5 6 7 8 9 10 11 12 13 14 15 16 17 18 19 20 21 22 23 24 26 27 28 29 30 31 32 33 34 35 36 37 38 39 40 41 42 43 44 45 46 47 48 49 50 51 52 54 55 56 57 58 59 60 
active=57: 1 2 3 4 5 7 8 9 10 11 12 13 14 15 16 17 18 19 20 21 22 23 24 26 27 28 29 30 31 32 33 34 35 36 37 38 39 40 41 42 43 44 45 46 47 48 49 50 51 52 54 55 56 57 58 59 60 
active=56: 1 2 3 4 5 7 8 9 10 11 12 13 14 15 16 17 18 19 20 21 22 23 24 26 27 28 29 30 31 32 33 34 35 36 37 38 39 40 41 42 43 44 46 47 48 49 50 51 52 54 55 56 57 58 59 60 
active=55: 1 2 3 4 5 7 8 9 10 11 12 13 14 15 16 17 18 19 20 21 22 23 24 27 28 29 30 31 32 33 34 35 36 37 38 39 40 41 42 43 44 46 47 48 49 50 51 52 54 55 56 57 58 59 60 
active=54: 1 2 3 4 5 7 8 9 10 11 12 13 14 15 16 17 18 19 20 21 22 23 24 27 28 29 30 31 32 33 34 35 36 37 38 39 40 41 42 43 44 46 47 48 49 50 51 52 54 55 56 57 58 60 
active=53: 1 2 3 4 5 7 8 9 10 11 12 13 14 15 16 17 18 19 20 21 22 23 24 27 28 29 30 31 32 33 34 35 36 37 38 39 40 41 42 43 44 47 48 49 50 51 52 54 55 56 57 58 60 
active=52: 1 2 3 4 5 7 8 9 10 11 12 13 14 15 16 17 18 19 20 21 22 23 24 27 28 29 31 32 33 34 35 36 37 38 39 40 41 42 43 44 47 48 49 50 51 52 54 55 56 57 58 60 
active=51: 1 2 3 4 5 7 8 9 10 12 13 14 15 16 17 18 19 20 21 22 23 24 27 28 29 31 32 33 34 35 36 37 38 39 40 41 42 43 44 47 48 49 50 51 52 54 55 56 57 58 60 
active=50: 1 2 3 4 5 7 8 9 10 12 13 14 15 16 17 18 19 20 21 22 24 27 28 29 31 32 33 34 35 36 37 38 39 40 41 42 43 44 47 48 49 50 51 52 54 55 56 57 58 60 
active=49: 1 2 3 4 5 7 8 9 10 12 13 14 15 16 17 18 19 20 21 22 24 27 28 29 32 33 34 35 36 37 38 39 40 41 42 43 44 47 48 49 50 51 52 54 55 56 57 58 60 
active=48: 1 2 3 4 5 7 8 9 10 12 13 14 15 16 17 18 19 20 21 22 24 27 28 29 32 33 34 35 36 37 38 39 40 41 42 43 44 47 48 49 50 51 52 54 56 57 58 60 
active=47: 1 2 3 4 5 7 8 9 10 12 13 14 15 16 17 18 19 20 21 22 24 27 28 29 32 33 34 36 37 38 39 40 41 42 43 44 47 48 49 50 51 52 54 56 57 58 60 
active=46: 1 2 3 4 5 7 8 9 10 12 13 14 15 17 18 19 20 21 22 24 27 28 29 32 33 34 36 37 38 39 40 41 42 43 44 47 48 49 50 51 52 54 56 57 58 60 
active=45: 1 2 3 4 5 7 8 9 10 12 13 14 15 17 18 19 20 21 22 24 27 28 29 32 34 36 37 38 39 40 41 42 43 44 47 48 49 50 51 52 54 56 57 58 60 
active=44: 1 2 3 4 5 7 8 9 10 12 13 14 15 17 18 19 20 21 22 24 27 28 29 32 34 36 37 38 39 40 42 43 44 47 48 49 50 51 52 54 56 57 58 60 
active=43: 1 2 3 4 5 7 8 9 10 12 13 14 15 17 18 19 20 21 22 24 27 28 29 34 36 37 38 39 40 42 43 44 47 48 49 50 51 52 54 56 57 58 60 
active=42: 1 2 3 4 5 7 9 10 12 13 14 15 17 18 19 20 21 22 24 27 28 29 34 36 37 38 39 40 42 43 44 47 48 49 50 51 52 54 56 57 58 60 
active=41: 1 2 3 4 7 9 10 12 13 14 15 17 18 19 20 21 22 24 27 28 29 34 36 37 38 39 40 42 43 44 47 48 49 50 51 52 54 56 57 58 60 
active=40: 1 2 3 4 7 9 10 12 13 14 15 17 18 19 20 21 22 24 27 28 29 34 36 37 38 39 40 42 43 44 47 48 49 50 51 52 56 57 58 60 
active=39: 1 2 3 4 7 9 10 12 13 14 15 17 18 19 20 21 22 24 27 28 29 34 36 37 38 39 40 42 43 44 47 48 49 50 52 56 57 58 60 
active=38: 1 2 3 4 7 9 10 12 13 14 15 17 18 19 20 21 22 24 27 28 29 34 36 37 38 39 40 42 43 47 48 49 50 52 56 57 58 60 
active=37: 1 2 3 7 9 10 12 13 14 15 17 18 19 20 21 22 24 27 28 29 34 36 37 38 39 40 42 43 47 48 49 50 52 56 57 58 60 
active=36: 1 2 3 7 9 10 12 13 14 15 17 18 19 20 21 24 27 28 29 34 36 37 38 39 40 42 43 47 48 49 50 52 56 57 58 60 
active=35: 1 2 3 7 9 10 12 13 15 17 18 19 20 21 24 27 28 29 34 36 37 38 39 40 42 43 47 48 49 50 52 56 57 58 60 
active=34: 1 2 3 7 9 10 12 13 15 17 18 19 21 24 27 28 29 34 36 37 38 39 40 42 43 47 48 49 50 52 56 57 58 60 
active=33: 1 2 3 7 9 10 12 13 15 17 18 19 21 24 27 28 34 36 37 38 39 40 42 43 47 48 49 50 52 56 57 58 60 
active=32: 1 2 3 7 9 10 12 13 15 17 18 19 21 24 27 28 34 36 37 38 39 40 42 43 47 48 50 52 56 57 58 60 
active=31: 1 2 3 7 9 10 12 13 15 17 18 19 21 24 27 28 34 36 37 38 39 40 42 43 47 48 50 52 56 57 60 
active=30: 1 2 3 7 9 10 12 13 15 17 18 19 21 24 27 28 34 37 38 39 40 42 43 47 48 50 52 56 57 60 
active=29: 1 2 3 7 9 10 12 13 15 17 18 21 24 27 28 34 37 38 39 40 42 43 47 48 50 52 56 57 60 
active=28: 1 2 3 7 9 10 12 13 15 17 18 21 24 27 28 34 37 38 40 42 43 47 48 50 52 56 57 60 
active=27: 1 2 3 7 9 10 12 13 15 18 21 24 27 28 34 37 38 40 42 43 47 48 50 52 56 57 60 
active=26: 1 2 3 7 10 12 13 15 18 21 24 27 28 34 37 38 40 42 43 47 48 50 52 56 57 60 
active=25: 1 2 3 7 10 12 13 15 18 21 24 27 28 34 37 38 42 43 47 48 50 52 56 57 60 
active=24: 1 2 3 7 10 13 15 18 21 24 27 28 34 37 38 42 43 47 48 50 52 56 57 60 
active=23: 1 2 3 10 13 15 18 21 24 27 28 34 37 38 42 43 47 48 50 52 56 57 60 
active=22: 1 2 3 10 13 15 21 24 27 28 34 37 38 42 43 47 48 50 52 56 57 60 
active=21: 1 2 3 10 13 15 21 24 27 28 34 37 38 42 43 47 48 50 56 57 60 
active=20: 1 2 3 10 13 15 21 24 27 28 34 37 38 42 43 47 48 56 57 60 
active=19: 2 3 10 13 15 21 24 27 28 34 37 38 42 43 47 48 56 57 60 
active=18: 2 3 10 13 15 21 24 28 34 37 38 42 43 47 48 56 57 60 
active=17: 2 3 10 13 15 24 28 34 37 38 42 43 47 48 56 57 60 
active=16: 2 3 10 13 15 24 28 34 37 38 42 43 48 56 57 60 
active=15: 3 10 13 15 24 28 34 37 38 42 43 48 56 57 60 
active=14: 3 10 13 15 24 28 34 37 42 43 48 56 57 60 
active=13: 3 10 13 15 24 28 34 37 43 48 56 57 60 
active=12: 3 10 13 15 24 28 34 37 43 56 57 60 
active=11: 3 10 13 15 28 34 37 43 56 57 60 
active=10: 3 10 13 15 28 37 43 56 57 60 
active=9: 3 10 13 15 28 37 43 56 60 
active=8: 10 13 15 28 37 43 56 60 
active=7: 13 15 28 37 43 56 60 
active=6: 13 15 28 43 56 60 
active=5: 13 15 28 43 60 
active=4: 13 15 28 60 
active=3: 13 15 28 
active=2: 15 28 
active=1: 28 
