0.000000 0.500000
1.000000 0.587317
2.000000 0.680976
3.000000 0.678720
4.000000 0.699085
5.000000 0.702134
6.000000 0.716280
7.000000 0.720732
8.000000 0.724756
9.000000 0.744451
10.000000 0.756220
11.000000 0.751402
12.000000 0.754756
13.000000 0.763659
14.000000 0.786220
15.000000 0.788293
16.000000 0.786890
17.000000 0.788902
18.000000 0.788354
19.000000 0.790793
20.000000 0.788110
21.000000 0.794390
22.000000 0.801890
23.000000 0.795915
24.000000 0.793659
25.000000 0.795671
26.000000 0.786524
27.000000 0.782195
28.000000 0.789268
29.000000 0.784390
30.000000 0.788902
31.000000 0.793049
32.000000 0.790244
33.000000 0.786707
34.000000 0.792378
35.000000 0.783780
36.000000 0.784268
37.000000 0.788476
38.000000 0.783476
39.000000 0.781220
40.000000 0.776280
41.000000 0.782622
42.000000 0.796463
43.000000 0.788841
44.000000 0.787134
45.000000 0.782683
46.000000 0.785061
47.000000 0.781585
48.000000 0.778902
49.000000 0.776524
50.000000 0.771768
51.000000 0.774390
52.000000 0.772195
53.000000 0.777073
54.000000 0.770183
55.000000 0.773963
56.000000 0.769695
57.000000 0.774146
58.000000 0.763659
59.000000 0.760244
60.000000 0.764024
61.000000 0.753537
62.000000 0.755244
63.000000 0.752561
64.000000 0.753963
65.000000 0.755915
66.000000 0.747256
67.000000 0.749024
68.000000 0.747439
69.000000 0.739085
70.000000 0.739573
71.000000 0.742927
72.000000 0.738780
73.000000 0.732805
74.000000 0.733598
75.000000 0.731768
76.000000 0.733841
77.000000 0.732927
78.000000 0.729268
79.000000 0.729207
80.000000 0.728232
81.000000 0.730061
82.000000 0.716037
83.000000 0.720976
84.000000 0.725549
85.000000 0.726220
86.000000 0.713415
87.000000 0.716646
88.000000 0.712073
89.000000 0.711463
90.000000 0.717012
91.000000 0.711098
92.000000 0.702927
93.000000 0.710488
94.000000 0.708415
95.000000 0.704268
96.000000 0.700122
97.000000 0.699207
98.000000 0.698598
99.000000 0.696951
100.000000 0.689024
101.000000 0.691890
102.000000 0.689878
103.000000 0.690427
104.000000 0.685671
105.000000 0.687195
106.000000 0.683902
107.000000 0.685732
108.000000 0.676768
109.000000 0.682927
110.000000 0.676159
111.000000 0.678171
112.000000 0.671524
113.000000 0.674878
114.000000 0.670915
115.000000 0.674512
116.000000 0.669451
117.000000 0.664146
118.000000 0.663354
119.000000 0.659207
120.000000 0.655366
121.000000 0.657317
122.000000 0.655610
123.000000 0.653841
124.000000 0.648720
125.000000 0.653415
126.000000 0.644268
127.000000 0.649634
128.000000 0.641829
129.000000 0.647195
130.000000 0.644512
131.000000 0.634268
132.000000 0.636585
133.000000 0.637866
134.000000 0.632744
135.000000 0.627866
136.000000 0.637073
137.000000 0.630061
138.000000 0.625976
139.000000 0.627256
140.000000 0.616646
141.000000 0.625183
142.000000 0.627622
143.000000 0.618598
144.000000 0.615793
145.000000 0.617866
146.000000 0.613232
147.000000 0.621951
148.000000 0.613720
149.000000 0.613110
150.000000 0.610122
151.000000 0.612500
152.000000 0.609573
153.000000 0.607012
154.000000 0.600305
155.000000 0.599085
156.000000 0.599512
157.000000 0.600183
158.000000 0.601159
159.000000 0.590427
160.000000 0.592988
