1 -0.009724195652 1.028358686865
2 -0.013660102041 1.072745995451
3 0.247800681818 0.920905434193
4 -0.334300285714 0.895852584422
5 0.014782266667 0.902094082729
6 0.036792326531 0.910086365484
7 -0.027468936170 1.049858600900
8 -0.092538808511 0.984243842032
9 0.041095375000 0.959443944752
10 -0.298055914894 0.835323257767
11 -0.160203000000 0.851167406335
12 -0.195514808511 1.144096886762
13 0.116683630435 1.099255462379
14 0.161145148936 1.094201068379
15 0.012853041667 1.027096848490
16 0.266565106383 1.039421568291
17 -0.103311541667 1.216999183222
18 -0.157048145833 1.003974687795
19 0.209590531915 0.868788561917
20 0.118585500000 0.850850969216
