N=100
P=60
R=2
1 0.597974 0.123474 -2.106339 1.187254 -0.795831 0.308829 0.063193 -2.393067 -0.996393 -1.755522 -0.154483 -0.278870 0.225429 1.517241 -0.216635 1.120093 -0.116871 -1.094732 0.396353 0.058843 -0.870564 0.570989 1.195691 0.824304 -0.488673 -0.229993 0.708594 0.330393 0.280578 0.730955 -0.357073 0.550779 1.419773 0.490341 -1.575797 0.271372 -1.431691 -0.563785 -2.867177 1.502523 1.054760 -0.690773 -0.876050 2.295225 0.664992 -1.550328 -0.652588 1.469013 -0.417500 1.860866 0.827095 1.552127 1.888598 -2.704006 0.685740 -0.001433 1.151045 -0.631677 -1.005389 -1.657948 9.268960 1.000000
2 -0.786635 0.857524 -0.090542 0.550391 -2.173447 -0.694468 0.366167 -0.449916 -0.727508 0.601557 1.789074 1.620568 0.692845 0.950644 1.786146 -1.009843 0.061061 -0.077050 -0.674920 -0.766641 0.991176 -1.459028 -0.140758 -1.197666 0.708435 -1.145767 0.208519 0.075968 1.115420 -0.643660 1.499459 0.085784 -1.316808 0.422470 0.398530 -0.308728 1.331602 0.373557 0.897609 -0.917834 0.137686 0.774563 -0.302873 -1.604302 1.020087 -0.128120 -0.688283 0.249230 -2.373822 -2.500017 0.221831 0.456710 0.267422 1.217267 -1.367169 -1.999977 0.200791 0.926867 -2.010882 -0.997574 0.290968 1.000000
3 -1.152919 -0.623163 -1.566794 0.780161 -0.288500 -2.580312 0.675256 -1.760857 -0.275975 0.740816 -1.646050 1.530937 1.066012 -0.095423 -0.649330 0.313786 1.044437 0.417347 0.097258 0.421730 2.302540 0.083478 1.877349 1.320741 -1.545292 0.110888 0.784767 -0.967297 0.429036 1.397699 0.082675 0.183097 -0.621112 -0.029605 0.934719 0.157673 -0.691420 0.650665 0.740483 0.316725 -0.680842 1.650217 0.066192 0.483968 0.312703 -0.836129 -1.444292 -0.110078 -0.611538 -0.092644 -0.445970 -2.095445 -0.380369 0.809518 0.979766 0.438782 0.230389 -1.171577 0.975832 -1.206492 0.664998 1.000000
4 -1.392716 -1.865894 0.193770 -0.029340 -0.200976 -0.167155 1.736259 0.491495 0.166478 -0.984722 -0.313593 -0.729126 -0.167927 -0.384655 1.026707 -0.134532 -0.971897 0.940612 -0.054646 -0.601268 -0.165335 0.672615 2.119134 -0.865279 1.039204 -0.045322 0.311433 0.475338 -0.213418 -0.833907 1.410310 -2.238245 0.450350 1.090570 -0.153463 0.104687 -0.129234 -0.143379 -1.167920 -0.677787 0.619545 0.569276 0.336405 1.752885 -0.195978 0.809557 1.558205 -1.616899 0.252515 0.261362 -0.025200 1.567757 -1.074392 -0.602375 -1.983278 -1.328153 -1.248581 -1.829100 0.264378 0.997023 7.724753 1.000000
5 -0.649657 0.350133 0.813597 -0.874931 -0.907530 -1.546351 0.456875 0.601979 -0.282213 -0.175407 1.347832 -0.067739 2.362071 0.027946 0.732570 0.358530 1.467427 -0.143294 0.839981 -1.010354 0.840077 -1.487545 1.848939 0.596570 1.957618 1.782974 0.526988 1.382155 -0.827725 0.144634 0.604678 1.429670 0.109769 0.721123 -1.186476 0.078496 0.774043 -0.539508 -1.227691 -0.066485 0.233235 -0.227965 -0.200109 -1.266957 -0.254987 -0.436542 -1.485390 2.621467 -0.840593 -1.895250 0.598902 -2.002689 -0.049474 -0.160571 0.288925 0.275816 -1.861277 -0.402953 -2.092042 0.941347 6.294274 1.000000
6 0.273395 -0.987645 0.049128 -0.815036 0.683269 -0.641256 0.285057 0.751264 0.766136 -0.815294 -1.211648 -0.252082 1.247895 0.665071 -0.206733 0.853952 0.575145 0.869281 0.200816 -0.700822 -2.592805 -0.787357 0.384043 -0.947350 -0.961367 -1.364244 -1.742185 -0.294458 0.059929 -2.125632 -2.454133 -0.167503 0.293270 0.343008 0.279530 -1.821617 -1.219536 -0.463367 -1.062359 -0.298680 -0.349484 0.212089 0.868323 0.978153 0.011329 -1.017816 0.532889 -1.398151 2.494942 0.395752 -0.041299 -2.358761 1.044509 0.883760 0.092397 0.277661 0.266686 -0.389750 -0.319143 -0.146894 1.942641 1.000000
7 0.821330 -0.894558 -1.417740 -0.392885 0.264874 0.219386 0.495312 0.366737 0.288428 -1.274359 -0.767454 0.791141 -0.552841 0.190408 0.553261 0.262292 0.159047 1.311614 -0.888994 -1.709431 -0.523671 -1.369165 0.255441 -0.144694 -0.163648 -1.212677 -0.251064 -1.158711 1.306599 0.316177 1.319767 0.199730 -0.866668 0.907523 0.279340 -0.613642 1.767963 -0.878086 0.594828 0.571668 -0.294900 0.651897 -0.820388 -0.136986 -0.935735 2.341111 0.348176 0.702412 -0.125703 0.104098 2.542142 -1.127392 1.195238 -0.665626 0.325985 1.351188 1.019076 -1.531556 -0.290030 -0.957617 0.539812 1.000000
8 -0.320917 0.874734 -1.295349 0.621585 0.234407 -1.798297 0.703245 -0.552595 0.122417 0.597489 1.429008 0.299751 0.408834 -0.805097 0.190008 0.164797 -1.402255 -1.481177 1.114237 -0.504135 0.282421 0.242831 -0.034342 0.718857 0.740505 -1.332437 -0.073725 -0.912246 0.404655 0.762098 -0.628867 0.332450 1.027238 -0.107575 0.077049 -0.234348 0.228654 -0.036940 -0.316943 -0.536485 -0.199846 -1.029636 -0.360741 0.681917 -0.709420 1.008587 0.102019 0.273257 -0.622608 -0.977638 1.629451 -2.026683 0.042947 -0.022910 1.446563 1.562132 -1.226674 0.884918 1.620705 -0.374128 3.800954 1.000000
9 1.799267 -0.234276 -2.367489 0.422328 -1.155527 0.589463 -1.016907 -0.457287 1.905461 -0.305602 -1.024621 0.611230 -1.055361 0.641790 -0.605858 -0.773392 -0.744411 0.291272 -0.343097 -1.391873 0.617884 -0.217861 2.425551 -0.417391 -0.451533 -0.953663 0.439772 0.102493 0.408906 -0.104000 -0.926361 0.047309 -1.288208 -0.627743 -0.147015 1.897414 -1.802888 1.068100 -0.059834 -0.919914 0.012898 0.300594 -3.507708 -0.746451 -0.163679 -0.579828 -1.338664 -1.118861 0.919967 -0.739358 -0.351439 -0.588769 -0.548095 0.938253 -0.813836 -0.162700 -1.015068 0.362181 -0.701068 -0.268070 0.438088 1.000000
10 -0.311892 -0.032416 1.231764 -0.297383 -0.522092 0.330226 0.034746 0.033285 0.940104 -0.391712 0.611615 0.951048 0.733735 -0.975359 -0.208782 1.444960 0.914234 0.172539 1.097762 0.264132 -2.233882 1.096066 0.225653 0.754162 0.468116 0.508050 -0.898492 -0.775832 0.770796 0.861303 -1.298603 0.040803 1.009839 0.726712 -0.063351 0.156002 -0.993189 1.626675 -0.837531 -0.256193 1.061553 1.148563 0.235862 0.121300 0.650738 0.066765 -0.434596 1.839650 -0.111058 0.889907 1.348290 0.067054 -0.058655 1.230985 0.496874 -0.690055 0.035779 1.027530 0.029512 0.111631 2.126900 1.000000
11 -0.820776 0.078729 1.309932 0.170204 -0.195622 -0.374442 0.130866 0.452725 0.999590 -0.109967 -0.486039 0.612990 0.632878 0.596286 -0.139745 -1.034028 0.265878 0.407656 -0.401463 -0.730797 -0.622609 -0.808001 -1.092584 1.043754 0.011343 -0.319739 -1.121165 -0.337737 1.422083 0.396916 -0.993412 -0.261013 1.410644 0.913839 0.268228 0.357808 -1.439325 -0.030655 1.207376 0.467180 0.724852 -0.696663 0.431124 0.118416 -0.838252 1.752633 -0.674361 -0.757412 -1.177443 -0.167294 -2.681005 0.482870 0.001886 0.847360 -0.789563 1.156184 -0.361861 1.341985 0.056519 -1.427589 11.871703 1.000000
12 -1.895073 0.912812 -0.450791 -0.476915 0.867688 0.412720 -0.873184 0.116545 -1.142443 -0.605227 -0.448827 1.009102 -0.539965 1.093119 1.434362 -0.167536 0.526452 0.810230 0.828244 1.970624 0.333361 -0.626780 -2.139809 -1.294877 -0.336411 -0.329151 -0.525154 0.306098 0.681349 0.377977 -0.791409 -0.105244 -0.697482 0.604067 -0.428558 -1.454929 -0.469105 0.299218 -2.601558 0.389339 1.204297 -0.740235 0.428628 1.607607 0.613443 -0.810092 2.204078 0.385778 0.140065 0.683918 0.801461 -0.454577 0.468124 2.044647 0.374703 -0.375462 -0.174943 0.030528 -1.152663 2.528613 7.095608 1.000000
13 -1.756925 1.138068 0.588928 0.240332 -1.861609 0.834226 1.909301 1.153837 0.188756 -0.167833 -0.890583 1.172379 -0.333346 0.579122 -0.311924 1.527093 0.700489 -0.553793 1.631988 1.370717 -1.275643 0.951986 -0.422761 -1.663294 1.935838 1.571976 0.333551 0.714534 0.982769 2.885891 0.505708 1.133468 0.281356 -0.523225 1.026960 1.055282 2.413079 2.266098 -1.292953 2.247785 0.581670 1.371614 3.169550 -1.278432 0.324680 0.905801 -0.783214 -0.656248 1.101203 -2.596113 -1.013128 1.340050 -1.040162 0.833975 1.590770 -1.379195 0.663654 -0.509847 -0.222848 0.162605 5.366151 1.000000
14 -0.170059 -2.532053 -1.857992 -0.836905 -0.254915 -0.760725 0.292031 -0.010742 1.447771 1.517941 1.170041 0.902651 1.159847 -0.394440 0.943236 -1.568531 -2.110043 -1.199753 -0.341114 -0.722439 0.795185 -0.162054 -0.764223 -1.639667 -0.446355 -1.011011 1.454199 0.593809 -1.269769 -0.976562 -0.960236 1.285550 0.633260 -0.703256 -0.258006 -0.024935 -2.132597 -0.144806 -0.538467 -0.571920 0.777318 0.358417 0.558284 -0.768196 -1.169613 -0.061238 -0.802415 -0.515706 -0.356982 1.871951 -0.293693 -0.080280 0.388433 -1.237412 -0.295735 -1.064173 -0.798311 1.926100 -0.282914 -1.159777 0.491746 1.000000
15 0.766178 -0.991277 -1.127816 -1.427016 1.191198 -0.826460 -2.049844 1.676187 -0.122012 -0.419584 -0.757171 2.512686 0.876194 0.832175 -1.120948 0.323255 -0.197546 0.073137 -2.020273 -1.208196 0.754896 0.358904 0.582110 0.280833 0.980472 -1.365472 -0.026769 1.623123 -1.045646 -0.330566 -0.155073 -1.165589 0.022343 -0.588111 -0.523640 0.389960 1.196139 -0.902597 1.369759 -0.130502 -0.208779 -0.481347 -0.114542 0.223562 -0.225414 0.909093 -0.119473 0.774475 -0.622910 -0.821498 -0.486777 -0.440443 -1.587975 -0.680793 -0.455252 0.439542 0.599966 1.776616 1.568843 -0.244934 1.089215 1.000000
16 0.090438 2.197966 -1.065184 0.201327 1.073205 1.292195 -0.213731 0.362220 1.308229 -0.039799 1.640105 0.344615 -0.523478 -1.424663 -0.765773 1.236287 -1.222857 -1.020740 1.700130 -1.218445 0.973707 -0.947525 -0.211023 -0.138813 -0.650137 1.676717 1.259095 1.215457 -1.112221 1.911116 0.616519 -1.027479 -1.054516 -0.481249 -0.575251 -1.937560 1.250975 1.202072 -1.015879 2.037907 0.145032 0.576841 0.832041 -1.220431 -0.451313 -0.225958 -0.090501 0.056697 -0.960098 -0.217980 0.149091 -1.145877 -1.440584 -0.032689 -1.826849 1.571488 0.029816 -1.997880 0.680982 -0.132443 17.413892 1.000000
17 -0.755806 1.432103 0.991402 0.361137 0.256744 -0.306107 1.063186 0.096853 0.814829 -1.341852 -1.991139 -0.840215 -0.942561 -1.502225 -0.936395 -0.627486 0.827322 1.021565 -0.379392 1.635118 -0.544895 1.149140 0.157421 0.348515 -0.660862 -0.157253 -0.642881 -2.401849 -1.233905 -0.034296 1.077747 1.632677 -0.187436 -0.404516 -0.177767 1.184270 2.050868 -0.708716 -2.003611 1.286929 1.138493 -0.421848 0.413668 -0.180388 0.879320 -0.968795 1.402132 -0.109412 -0.699173 0.906553 -0.223119 0.875259 -1.985903 -0.609686 0.892850 -2.155947 0.291855 0.925602 1.086103 -0.400368 9.907093 1.000000
18 -0.485642 0.377996 -1.174049 0.106799 1.938391 1.552193 -1.912338 0.077990 0.258035 0.257911 -1.246505 -0.446014 0.147451 -0.363661 -0.662431 -0.922201 -0.676808 0.540317 -0.112556 1.682129 -0.026426 0.392058 1.688318 0.481257 0.199646 1.193915 -0.014879 0.124930 -0.378759 -0.150811 1.267832 -0.499854 -0.225878 -0.569980 0.313590 -2.567180 -1.569742 0.361204 -0.612605 -0.470829 0.441384 1.741087 -0.209422 0.363126 -1.163822 -1.649450 0.186017 -0.791022 1.990981 0.191147 0.278702 1.190035 -1.483813 0.474788 -0.323024 -0.351660 -0.399845 1.341912 -1.692155 1.246773 6.990231 1.000000
19 -1.108086 1.475809 0.730286 1.202804 1.459262 2.285705 0.941015 -0.221598 -0.361576 2.145978 0.536069 -0.344545 -1.750891 0.116625 0.246638 2.200477 -1.506628 -0.361527 0.702401 -0.993657 1.033974 -0.536066 -0.111844 0.501558 1.754445 1.202790 -0.657774 -0.179972 0.034459 1.030665 1.113580 -0.371522 -1.830331 0.012864 0.599659 -0.509572 1.374739 0.696680 0.932140 -1.388504 -0.423882 1.204007 0.531300 -0.999119 -0.534601 -0.069669 -0.104584 -1.554039 1.912166 -0.860394 -1.050911 0.378231 -1.003960 0.058823 1.196509 -0.656073 -0.410186 -0.935125 0.605820 -0.596600 4.326690 1.000000
20 -0.501976 1.104821 -0.771662 -0.030428 -0.171635 0.537060 -0.675372 -0.864419 -0.279664 1.756176 0.760680 0.502057 -0.611477 -0.554042 1.268951 -0.468433 0.108407 -0.653256 -1.511432 0.125493 1.257541 -0.519101 -0.377028 0.678753 0.766595 0.134403 0.844595 -0.134822 0.798802 0.552165 -0.626052 0.091590 -1.636590 1.070100 0.039986 -1.940548 0.684794 -0.903858 0.506157 0.541869 -1.238114 1.605418 -1.093371 2.283112 -0.292181 -1.588060 1.135814 -0.234354 0.385195 1.092423 0.689087 1.900433 -1.599526 0.311286 0.113329 -0.373961 -1.260786 -1.707268 -1.319471 0.235379 2.764896 1.000000
21 0.368344 1.063197 0.584004 0.339047 -0.256868 -0.889041 1.875448 0.573240 0.998362 1.105539 -0.068702 0.046403 -0.029550 0.072175 -0.467672 -0.844774 -0.361039 1.651386 0.906305 -1.715367 -1.789362 -1.560534 -0.699751 0.960890 -0.582892 0.163402 -0.330207 -1.295345 -1.673929 -0.652465 1.634562 -0.548649 0.034743 -0.540604 1.088588 0.075787 0.087660 0.476405 0.194730 -0.610994 0.359841 0.675797 -0.170975 -1.729054 0.276358 -0.633564 -0.852461 -1.845689 -1.424069 -0.686493 -0.577341 0.058176 0.641265 -0.788756 1.410081 0.267451 -0.059662 1.072101 -1.403687 0.193532 6.819813 1.000000
22 -1.014330 0.630531 -0.790940 0.813085 -0.017700 1.151876 -0.952520 -0.000778 1.301949 0.447805 0.955200 0.537489 -0.775426 1.724013 0.044765 -0.172692 0.211006 -0.350278 -1.814566 0.161022 0.425405 -0.579318 0.121962 1.313625 -1.226725 -0.079652 -2.035481 0.352085 1.795954 1.747322 -0.653109 -0.691737 -1.523474 -0.869940 -2.071838 -0.700499 -0.448445 -0.630194 0.703005 -0.144721 0.089391 1.200989 -1.663916 -0.200114 0.095986 0.361213 -0.115008 -0.981328 1.620104 0.382169 -1.618509 0.780389 0.021617 1.039176 -0.595850 -0.068776 -0.683621 0.768464 0.210811 1.551824 0.224638 1.000000
23 -0.711779 -1.067413 -0.870305 -0.207662 -0.300782 0.172259 -0.923557 1.217244 0.084823 -1.381322 -0.895636 0.872510 0.412871 0.558681 -1.628019 0.732844 0.397466 -0.139757 0.998387 0.662762 1.105913 0.181767 1.645116 -1.836959 1.661017 1.241773 0.215596 0.726645 0.451025 -0.212972 0.041109 -1.642213 0.062478 1.752053 -1.551168 -0.096957 0.694676 0.674039 1.340039 2.128524 1.340184 -0.420150 -1.653929 -0.430794 0.159115 -0.502155 -0.057849 -0.121376 -0.949740 0.411302 1.196408 -0.028809 0.157843 0.891938 1.222956 2.499840 1.081533 -0.329688 -0.105303 0.131982 2.461584 1.000000
24 0.974786 -0.202832 1.633464 -1.367882 -0.025427 1.068549 -1.799595 0.563747 0.470706 -0.766617 -1.183964 0.601486 1.139288 -0.003030 0.427031 -0.115862 -0.132942 1.352521 -0.589849 2.145452 -0.325522 -0.285544 0.638832 -0.470095 0.026946 2.565911 -0.166794 1.974138 -2.297122 -2.396277 -0.175218 -0.098103 1.255055 0.829107 -0.977169 0.842298 0.323149 0.431274 0.020093 -0.482635 -0.002477 1.355257 -0.455089 0.255920 -1.337994 0.771882 -2.210723 -0.833721 0.695803 1.510918 0.240557 0.503026 -0.263752 -0.136786 0.140903 -0.652234 0.889838 0.007261 0.293520 0.368131 1.044417 1.000000
25 -1.198360 0.818897 1.233554 -1.221358 -0.440821 0.570576 -1.163819 1.240255 0.786321 -0.488326 0.015022 -1.012970 -0.801898 -1.911834 -0.737977 0.704090 0.286132 -1.114290 0.442986 -0.224870 -1.332173 -0.240483 -0.110978 0.586833 -1.818670 -0.255900 -0.618343 1.142515 0.336537 -0.023584 -1.043205 1.019163 0.048285 -2.436527 0.036225 -0.546258 1.322781 -1.207269 0.536125 -2.435619 -0.074396 1.795045 -0.568364 -1.088782 -0.354609 0.936552 -0.530793 -1.917943 -1.892173 -0.126434 -1.690973 0.338447 1.163023 0.145747 0.483774 -1.923739 -0.638439 -0.014542 0.290343 0.281110 0.393262 1.000000
26 0.639549 -1.464205 1.148544 0.777437 -0.646928 1.338572 -1.605285 0.857371 -0.494063 0.208140 1.763190 -1.821107 -1.011278 -0.352304 -2.006514 0.628369 1.054235 0.104307 -0.238766 -0.460499 1.011003 0.448505 -1.157527 0.229057 -2.516410 -0.005921 -1.068201 0.231452 1.480725 -0.162767 0.270631 0.413180 -1.245655 0.354089 -0.427001 0.293434 -0.405709 -0.242340 0.776751 0.576838 1.641433 0.255513 -1.554666 -0.274957 -1.653790 2.487874 0.864523 0.391655 -0.682191 0.760301 0.318362 1.069181 0.089352 0.946848 0.079568 0.258583 0.194691 -0.152873 0.260784 1.162379 7.995319 1.000000
27 -0.446322 -1.225968 -0.359488 -0.527299 0.152560 -1.032379 1.649954 0.699544 -0.218463 1.116563 -1.283398 -0.906535 0.947378 -0.490307 1.195128 0.707393 -0.309289 -1.366381 -0.676469 -0.318409 -0.124297 -1.453105 -0.046147 0.914395 0.640507 0.122153 1.018659 -1.048906 0.696376 -0.390668 0.049328 -0.958445 -1.238517 -0.535869 -0.877087 0.732520 -0.480979 -0.136181 0.690905 1.179052 -1.335212 0.479037 0.633895 1.501202 -0.846268 -0.705734 0.618282 -1.257063 0.795171 0.508702 0.311103 -0.894598 -0.484034 -1.008430 0.570646 -1.216129 -1.114424 -0.632685 -0.061434 1.147979 12.448765 1.000000
28 0.201607 0.239685 -0.946416 -1.111479 1.667685 -0.638612 -1.763763 0.776760 0.507237 -0.382071 -0.705814 0.106264 -1.959757 -0.552476 1.124737 -0.301258 1.212772 -0.226822 0.867334 -0.813301 1.561842 -1.519304 0.400616 -1.507436 -0.219772 0.561594 -1.169277 0.824978 -0.528569 -0.027662 0.076369 1.028546 -0.582208 -0.920885 -0.205150 1.809264 -1.800512 -0.414349 1.074168 1.890398 -1.796739 0.755798 -0.975834 -1.214929 -1.534223 -0.171436 0.781997 1.764745 1.723342 -0.609376 -0.255395 1.067541 -1.138152 0.307862 -1.403821 -1.136447 -0.626724 -0.404868 0.199943 0.920718 7.273322 1.000000
29 0.274570 1.197361 0.333179 0.843397 -0.960182 -0.267577 -0.733841 0.138866 0.055283 0.071954 0.899937 -0.478096 -2.530581 0.827061 1.527962 -0.249682 0.240345 -1.344343 0.444150 -0.232376 -0.378483 1.037729 -1.010496 -0.998447 -2.303761 -0.849130 0.751540 1.209567 -0.654455 0.747207 -0.001752 -1.967304 0.406746 0.621997 -0.305645 0.687441 0.173639 -1.548629 -0.158405 1.366424 -0.100194 0.542739 -0.133509 1.421769 1.679748 -0.009199 0.350456 1.193906 -1.163109 -0.709461 0.930695 0.891530 -0.166812 -0.620571 0.559031 0.372413 0.420538 0.267948 0.633917 -0.359844 0.077660 1.000000
30 0.679797 1.544234 1.216761 1.624716 1.141590 0.612069 0.057352 -1.359202 -0.222935 -0.159456 0.258104 0.722511 0.054057 1.371376 0.959169 -0.212445 0.014127 -1.774801 1.060413 -0.787543 0.780809 -0.008902 -0.941803 0.340937 -0.392933 0.966637 0.111436 -1.124139 1.068953 0.059814 -1.040732 0.274684 0.469290 -0.052108 -0.143966 -1.603956 0.315939 -1.162206 -1.338881 -0.835106 -0.743843 0.354910 -0.897380 -0.521705 1.439307 -0.647922 1.897206 -1.290121 0.978161 -1.024267 1.062161 0.889929 -0.159168 -1.017262 0.801501 -0.659116 0.211489 0.464944 1.223509 -0.238706 3.796685 1.000000
31 0.294521 0.325152 -2.299551 -2.195620 -0.423138 -0.342484 -0.028661 -0.946136 -0.834946 0.376976 0.720118 0.655503 -0.640918 -1.685319 -0.452405 0.651516 -0.498866 -0.070344 -0.087137 0.853833 -1.734839 -0.045401 0.938467 0.809082 -0.152511 -0.185657 -2.621935 -0.712087 -0.803488 -0.206422 -0.379078 -0.603338 -0.143932 0.028921 -1.474804 1.760308 -0.677609 0.178134 2.488543 0.688190 0.410111 0.836260 -1.579238 -1.063064 0.533421 -0.114980 -0.836211 0.527676 1.571521 0.519760 0.058461 1.405048 0.400011 -0.596522 0.031647 0.526538 0.503392 0.424747 0.683995 -0.965827 3.844297 1.000000
32 -0.623358 -1.423966 -1.095336 0.052560 0.607742 1.219866 -0.605006 0.917852 -0.520911 -0.426956 -1.870980 0.442056 1.604330 0.525588 -0.981233 -1.482756 -1.930768 1.609158 0.474624 -0.653766 -1.928405 -0.407171 1.474784 0.369958 -0.913374 0.070504 0.937852 -0.929846 -0.156420 -0.398645 -0.718241 0.110528 1.343610 0.435015 -1.185041 -0.288277 -2.876964 0.560255 -1.284284 0.656772 1.029900 0.886534 -0.553117 0.216356 -0.014957 0.307705 -0.085537 1.739746 0.871857 0.569862 0.305618 0.772213 2.514254 -3.293489 -1.130366 -0.365035 0.120641 1.237445 -1.367132 1.172433 0.363414 1.000000
33 -0.118805 -0.130131 -0.936202 -0.581979 -0.965069 0.640733 -0.234543 0.343782 1.238426 -0.025878 -0.141106 -0.550911 0.921646 0.101203 1.064715 1.690894 0.708584 -2.144580 1.187862 -1.239433 1.068980 0.262333 -0.963139 -0.653852 0.232032 -0.417530 1.966186 0.533369 0.159135 0.580734 -0.462202 -0.040787 0.702807 1.372561 -0.741617 1.542422 0.958712 -0.407715 2.774399 1.277875 -0.214914 0.763041 1.257706 -1.481118 1.512220 -1.022642 -2.001805 -0.042164 -0.160515 -1.037392 -0.672466 -1.463800 -1.355335 0.369894 0.191186 1.654231 -1.638989 0.790039 -1.107559 -0.987125 2.348817 1.000000
34 1.005081 -1.313367 0.141301 0.233907 -2.477982 0.881987 -0.214980 0.016841 0.040264 -1.803241 -0.991222 -1.091705 1.227008 0.746524 -0.677314 -0.699517 -0.349920 0.907750 0.401057 -1.683155 0.017565 -0.553933 1.100121 -1.016223 -1.311941 1.426607 0.993776 0.152797 -1.082282 -1.188406 0.854981 -1.896370 -0.093559 -0.287268 -1.912805 1.944937 1.384981 -1.274815 0.649285 -0.014298 -0.104755 -0.220436 1.681199 0.867728 -0.700408 0.359826 1.684256 1.520113 0.448395 0.871554 0.328420 0.421646 -0.482239 -0.268184 -0.870565 -1.186042 -0.890816 -0.637038 -0.975958 -0.790212 15.921395 1.000000
35 -1.048664 -1.148090 -0.210136 -0.143778 -0.448089 -0.022840 -0.173155 -0.859559 1.096690 -0.076207 -0.540836 -0.337172 0.523099 1.008114 -0.389283 0.949022 -0.372165 0.069362 0.247993 -0.082675 1.162282 0.573252 1.246092 0.385023 -1.506312 0.069952 -0.287249 1.818705 -0.005870 0.859072 1.327441 0.324370 0.706332 0.490064 -0.300634 1.515335 2.751616 -0.398407 0.393988 -1.166531 -1.620879 -0.766868 1.100060 0.983640 0.084537 -1.043602 -1.099479 -0.576064 1.538301 -1.507313 -0.866821 -0.899628 1.911907 -1.284431 -0.412144 -0.895989 0.066676 -1.972724 0.253096 -0.085442 3.765392 1.000000
36 -1.229280 -1.009343 -0.281123 -0.617134 0.114674 0.678041 -0.793233 -0.606089 2.193231 0.515449 -2.073268 0.248750 -1.384601 -0.361242 -1.039708 -0.043976 0.964858 -0.526184 -0.547538 -1.532335 0.196665 0.245205 -0.884885 0.673092 -0.349420 -0.085359 -0.227290 1.373833 -2.251504 2.032289 0.468791 0.093928 -0.339640 -1.702767 0.139918 0.978653 1.061014 0.378603 -1.306292 -0.490778 0.131256 0.202479 1.487157 0.328494 0.457739 1.466515 0.557905 1.500026 2.084070 1.418707 -1.119505 1.787290 0.183808 -1.771108 1.539041 0.434603 -1.283447 0.090473 -0.591866 0.584189 1.368061 1.000000
37 0.959477 -0.941096 -0.785771 -0.636412 -1.420142 -0.298060 2.176242 0.641668 0.387003 -1.253830 1.611006 -0.436849 -2.218405 -1.067693 -0.691122 1.541408 0.308388 0.253429 -0.543311 -0.121431 0.403828 -1.085946 -0.016517 -0.445262 -1.315061 0.956890 -0.533117 -1.083040 0.535923 -0.731073 1.049346 1.398072 -2.184726 -2.767988 -0.393414 0.097212 -0.887335 3.198218 0.543608 0.639984 -1.863038 -0.288990 -1.049291 -1.525018 -0.182761 -3.421360 -0.094399 -0.370304 0.580925 -0.897699 1.196251 -2.221859 0.472350 -0.051883 0.899633 2.243241 0.891377 -0.194537 2.457748 -0.706181 1.347735 1.000000
38 1.597728 0.357207 0.405827 0.880125 0.491115 0.346685 0.535750 -2.152095 -0.353799 -1.589068 0.770317 -0.410000 0.843052 1.594706 1.707603 -0.489952 0.663160 1.769659 0.658444 0.501039 0.291066 1.628637 0.875448 0.039579 -0.860975 -0.069320 0.960936 -0.985609 1.977716 -0.784693 1.426795 0.297035 0.600772 -1.147906 0.269015 1.133532 -0.407598 -1.071794 1.610461 -1.244142 -1.539184 0.572489 0.175368 -0.930649 1.118310 0.519444 0.197333 0.454412 0.954086 -0.449523 -0.386905 0.343195 -0.129168 1.037695 -1.528265 -0.665049 -2.382168 0.562573 1.595834 -0.121077 2.302075 1.000000
39 -1.814731 -0.527486 -0.600031 -1.032332 2.579440 -0.446009 -1.518534 0.900508 0.384239 0.777654 0.178176 1.474629 0.337101 -0.522898 0.031478 0.499080 0.923596 1.875515 1.433149 -1.639916 0.100020 -0.023170 0.409638 0.725381 -0.392320 -0.487110 -0.799963 0.088645 0.636058 0.507753 0.692177 -0.438539 -1.128833 -0.830834 0.560663 -0.969528 -0.935522 -0.098756 -0.002865 1.958761 -0.425921 -1.253768 -0.195927 -0.333814 -1.777166 -0.221862 0.362214 -0.002125 0.137405 0.518217 0.910760 1.283078 0.518603 -0.587585 0.113121 -0.341173 2.031370 0.735836 1.064838 0.233805 2.840558 1.000000
40 -0.113038 2.299955 0.866903 -2.591116 -1.061611 -0.534973 -0.159784 -0.660418 -1.044438 0.841932 -0.293300 0.843823 -0.265504 0.160423 -1.348197 0.725980 -0.150602 -0.656816 1.149850 -0.105793 0.228962 -0.634347 -2.723588 0.182059 0.080191 -0.467575 0.472118 1.357564 0.682842 -1.509780 -2.398816 1.006164 1.624485 0.720890 0.164362 -1.022166 0.424222 0.895621 0.373174 0.450132 -3.297229 -0.921577 0.368307 -0.219224 -0.832078 -0.157756 0.359801 -0.813575 -0.825493 -1.045337 -1.153207 -1.123240 0.650686 0.770822 0.800802 -1.147211 -1.168944 0.736788 -2.973421 -1.552137 6.617016 1.000000
41 1.593153 1.005012 -0.699142 1.636832 1.155952 -1.748179 0.147428 1.800551 0.681515 1.081696 0.197868 -1.165452 -1.144014 0.537336 -0.704584 -0.505780 0.399676 0.373555 -0.929966 -1.445464 -1.000101 -0.047945 0.779582 -0.257877 0.278602 0.711106 0.065085 -0.183913 -0.960261 0.828195 -1.031918 -0.201330 1.200917 0.339285 -0.280226 -0.899028 0.208910 -0.279118 0.000233 -0.481793 -0.605908 -3.342896 -1.217048 2.423958 -1.522140 -0.737586 -0.698104 0.487790 -0.317688 0.010747 -1.462982 -1.483674 -0.250862 1.635234 -1.564490 1.494829 -0.183332 -1.842913 -0.116755 1.844005 4.023348 1.000000
42 2.248785 -0.583176 -0.133680 0.741491 1.815966 -0.874162 -1.025532 -1.675715 0.657738 0.842820 -0.567698 -0.385081 -0.191183 0.153339 0.092139 1.420262 1.602670 -1.530249 -0.275732 0.790649 0.026574 -0.515630 -0.575602 -0.207798 -1.497148 1.143989 -0.656437 -2.111128 -0.921900 -1.416706 -0.345941 -0.205518 0.968607 1.327060 0.809923 -0.539842 -1.358747 1.600986 -0.207838 1.303826 0.683713 0.854507 -0.388972 0.557873 -1.403040 -0.695906 0.294624 -0.379316 1.144392 0.051247 0.357312 0.272722 0.227537 -0.019158 -0.215470 -0.290657 -0.154716 0.016904 0.855692 -1.275319 0.232352 1.000000
43 1.324047 -2.205742 -0.634956 -1.358461 0.506403 -0.846418 -0.033571 -0.592090 -0.818902 -1.374394 -0.821202 -0.494292 -0.462100 0.062462 0.729431 0.487017 -0.163537 0.288942 1.271807 -0.733931 0.342625 -0.200919 2.764851 -0.033596 0.076065 1.355854 -0.729917 0.146925 0.154134 0.872451 -0.102991 0.834281 0.752409 -1.265716 0.492587 -1.667570 -0.822632 0.532312 -0.062999 -1.378080 -1.568253 -1.967663 0.345453 -0.304603 1.732021 -0.738112 1.041572 0.031908 0.221006 0.318092 1.413296 -0.344975 0.727647 -2.176368 0.564135 1.283999 -0.523265 1.002389 -0.894424 0.301494 2.863579 1.000000
44 2.964678 0.110681 -0.739319 -0.202991 0.602830 1.162905 1.914460 -0.625089 0.170489 -0.046648 0.744689 -0.474913 -0.995496 1.729937 -0.216382 0.682665 -1.407154 1.571814 0.953354 -0.206433 0.306674 -0.382495 0.136130 -0.507435 -3.892655 -0.073038 -0.879660 0.627832 2.075717 0.911018 1.004586 -0.464216 1.185268 0.375650 0.635686 1.382811 1.007615 -1.009500 1.034466 -0.426633 -0.517123 1.468334 -0.249640 -0.041590 1.108628 0.018286 -0.069499 -0.107473 -2.520108 0.612708 0.657915 0.907427 -1.033336 0.297498 1.324480 -0.819434 0.528866 -1.592591 -0.376425 0.033233 7.959684 1.000000
45 -0.220057 -1.454796 -1.021173 -0.450972 -0.682616 0.475860 -0.363189 -0.481720 0.601776 1.290005 -0.409377 0.666503 -0.000474 1.073053 -0.359216 -0.700876 -0.702021 0.658458 -1.201508 0.258861 2.126053 -1.538590 0.171877 -0.816552 1.521235 -1.524060 0.402563 -0.217208 0.171410 -0.009027 -0.583081 0.917785 -1.103728 -0.309625 1.367591 -1.787722 -1.597057 -0.450952 -0.753732 1.365325 0.539480 -0.555431 -0.385215 0.010741 -0.271785 -1.037031 -0.724328 -0.077459 -0.431925 -0.135593 1.130547 -0.508005 -0.340088 1.020157 1.124069 1.510067 -0.777687 0.668874 0.101949 -0.511347 4.703259 1.000000
46 -0.162381 -0.668610 -1.097153 0.085457 0.115767 0.142936 -1.178613 -2.347120 -1.286122 -0.272061 0.464246 -0.864977 1.020236 -1.024354 0.007972 0.152634 -1.026594 -0.827554 -1.358352 0.954513 0.395789 -0.523658 -0.829909 -0.632399 -1.903147 -1.579017 2.211330 0.540195 1.224793 1.087269 1.191836 0.469018 0.890661 0.542446 -0.251089 0.435926 -0.039956 -0.057093 1.937647 -1.157645 -0.810663 0.993388 -0.447827 -0.050060 0.062184 -0.632417 -0.010513 -0.219104 1.029422 -0.346850 0.646547 -0.045910 -0.013082 0.873163 0.833939 0.083136 1.848537 -0.875664 -0.576003 -0.257632 3.672450 1.000000
47 0.412570 0.378493 0.393087 -0.507033 0.539042 -0.824739 -0.569193 -1.296986 0.242740 0.150621 1.848960 0.591986 -1.232355 -1.329968 -0.438528 0.033513 -1.282332 -0.004557 -0.224407 -0.180615 -1.343748 0.264043 0.554330 0.462696 0.343047 -0.745786 0.752770 -1.343351 -0.156619 -0.170725 0.092326 1.661569 1.010202 -0.452096 -0.558089 0.756601 1.013699 -0.557239 -0.651026 -0.063163 -0.930256 -0.591866 -0.381790 -0.786083 1.191547 -0.362123 -0.795393 -0.624209 -0.290202 -0.837876 -1.948248 2.167363 -0.362576 1.123868 -0.229891 0.789923 -0.675618 -0.258980 0.569102 -0.300279 1.733723 1.000000
48 1.028695 0.014405 0.699597 0.506913 -0.137218 0.464888 -1.562154 0.624227 -1.019815 1.557036 1.303506 0.038426 -0.255923 1.435834 0.810028 -1.815012 -1.661809 -1.568382 -0.485327 0.022813 0.486099 -0.193230 0.978522 0.978380 -0.987937 0.870551 1.610380 0.215218 1.001467 -0.166951 -1.185711 0.185818 0.362321 -0.446375 -1.288789 -0.462307 0.812169 0.563834 0.043807 0.156173 -0.712918 -1.451968 -1.735825 0.271445 -0.335383 -0.357950 -0.361072 -0.255230 -1.374718 1.115724 -0.812841 -1.065755 -1.432458 0.579149 -1.845630 -0.547872 -0.736715 0.029434 1.140485 -0.117822 0.588906 1.000000
49 0.489822 1.273013 -0.003235 -0.954734 -0.587153 1.572349 0.146166 -0.609892 -1.351765 2.162108 -0.437115 1.123847 1.392103 0.360291 -0.187211 -1.149042 -2.243434 -0.201434 1.932280 0.198187 0.455741 -2.200567 0.510167 -0.198918 -0.293965 -1.078820 -2.143678 0.976767 0.416017 2.285189 -1.788906 -0.372917 -0.332320 -0.185033 -1.192153 0.051786 -0.594967 0.415141 -1.640334 0.126853 -0.915357 -0.982709 -0.399741 -1.007099 1.278168 -0.450352 0.150050 0.404834 -1.267280 0.486342 0.881942 0.290104 -0.936295 0.198510 -1.022001 2.374651 1.854351 0.602847 -0.296868 0.218518 1.535827 1.000000
50 0.286141 0.018651 0.759055 0.087666 -0.069663 -1.396900 0.113098 0.003458 -0.253932 -0.652636 1.370643 -0.335534 0.621717 1.001025 0.140741 -0.094704 0.084084 1.214801 -0.861434 -2.404757 1.480938 -0.946052 0.181060 0.543276 0.840599 -0.225652 -0.120544 1.855879 -0.901302 0.310861 1.399057 -1.021461 0.090334 -2.433475 -0.150330 1.702860 0.150691 -0.805907 -0.159151 -1.878062 -0.773395 -2.094363 0.460318 0.863268 -0.078007 0.727390 0.199305 0.635372 0.536009 0.372960 -0.494811 0.622948 -0.115455 -0.849351 0.332883 0.154982 -0.274858 -0.202630 0.104123 -1.357501 0.605681 1.000000
51 -0.815319 -0.106387 -1.516131 1.088867 -0.147345 0.174642 -0.282121 -2.679797 0.661210 -0.687732 0.282127 -0.592776 0.275603 -1.746032 0.463387 -1.300594 0.517353 0.921845 0.274501 0.714791 -0.901219 -0.052232 0.120413 -0.719279 1.075641 1.857151 -0.564665 -1.513883 -0.683383 0.134562 -0.758978 -0.704446 1.533575 0.859139 -0.183178 -0.550873 -0.498299 1.632322 -1.230764 -1.204506 1.201308 1.681323 -3.572785 0.149196 1.913747 -0.299991 0.502791 0.195889 1.007876 0.058259 1.492378 0.475174 -1.348490 -0.533567 0.470051 -0.972805 -1.430283 0.770997 -0.686398 0.229321 13.822536 1.000000
52 0.956987 0.729930 -0.360787 0.502007 -0.136225 -2.381857 -1.017313 1.289538 -1.323853 1.174274 1.581486 1.845686 1.111132 -0.016739 1.941717 -0.448220 2.094686 -0.529049 1.888582 0.528721 -0.076752 0.338510 -2.373971 1.720183 0.646430 -0.995918 -2.360328 2.106709 -2.591667 2.909899 -1.300973 0.400984 -0.898774 0.290413 0.335256 -0.468455 0.753040 1.818414 -1.244607 -0.747340 -1.285807 -0.031898 1.005717 -0.977883 -0.977156 -0.187795 0.634285 0.359839 0.983726 0.607984 -0.732048 2.138632 -0.802658 -1.441499 -0.500626 -1.499538 0.671055 0.580630 0.655766 -0.466329 1.838443 1.000000
53 -0.616314 0.003864 1.758144 -0.072934 0.171620 1.009690 -1.559030 0.384672 1.010691 0.578925 0.104641 -1.280489 -0.500819 -0.775373 1.191825 -0.455788 0.171463 0.889680 -0.072554 1.445703 0.603332 1.103156 -1.078718 1.690015 -0.023813 -0.947066 0.423010 0.107055 1.001355 -0.103743 -1.387706 -0.034491 1.541722 0.109150 -0.754697 0.383619 -1.129695 0.803369 0.579357 -0.941620 0.180675 -0.719605 0.553576 0.489146 -1.446818 0.343751 1.213335 -1.352627 -1.493492 -1.402464 -0.670018 -0.609021 -2.113766 0.825609 1.999515 0.894973 0.108420 0.660841 -0.385753 0.358051 3.197297 1.000000
54 -0.298439 1.743231 -0.680262 -1.142833 1.407862 -2.483613 -0.773439 -1.970623 0.423865 -0.032778 -0.974516 0.999656 -0.304565 0.209595 1.162796 0.769328 -1.978847 -0.855610 0.389052 -1.006349 1.029517 -0.222350 -0.371246 -1.197469 -0.142424 -0.682284 -0.408589 0.111434 -0.009677 1.382411 0.034588 -0.868633 -0.399487 -0.555145 -1.032996 0.239211 0.144297 -0.593337 0.960991 -1.527723 0.036326 -0.147900 0.681069 1.793535 -1.131335 -0.860392 1.090033 -0.862327 0.811639 -1.681827 0.086836 -1.231651 -1.325530 -1.879216 0.007494 0.799994 -0.167138 2.587154 1.292768 -1.279508 8.355015 1.000000
55 -0.663306 1.918374 1.930958 0.766346 -1.651056 1.465538 -2.145214 -0.329047 -0.530843 -0.436431 -1.029927 -1.493092 1.519589 0.963608 -0.006413 -0.609857 -1.549491 -0.273489 0.324744 -0.089634 -0.775217 1.506177 0.874761 0.111082 1.244295 1.889075 0.396471 -1.583383 -1.353144 -1.239815 1.201520 -1.017399 0.649579 -0.542177 0.326957 0.591507 0.195309 0.594155 0.291899 -3.233434 -0.800833 -0.343891 1.866596 0.296996 1.427780 -0.014925 -1.222927 -1.451159 -1.102107 -0.267155 -0.240524 1.287820 -1.221910 0.159197 -0.866368 0.141698 0.533797 0.940745 1.063814 -1.782391 1.626864 1.000000
56 -0.104096 -0.070479 1.179511 -0.354512 -0.038249 0.620489 -0.666312 -0.886395 1.072781 0.538487 -0.232846 0.581050 0.367825 -0.722530 -0.671323 0.840169 -0.184718 -0.875658 1.904928 -0.622429 -0.973736 -0.321132 1.687295 -1.032908 -1.116923 1.179722 1.513093 -0.117523 -0.943815 -0.195453 -1.154175 -0.973700 -2.266825 -2.057282 1.550889 -0.770910 -1.445858 0.186830 1.296215 -0.880912 -2.526471 -0.169965 1.283889 -0.244311 -0.665269 -0.151769 0.810222 1.881342 0.074766 -0.665066 -0.931273 -0.995781 1.986145 -2.755437 0.317059 -1.071886 -0.447850 -0.327196 -1.464249 -0.957428 6.741096 1.000000
57 0.716092 -0.368659 -0.555303 -0.179726 1.026271 0.011387 -0.720534 0.501217 -0.409091 -0.717320 0.048411 0.403195 1.507456 -0.556888 -1.245551 -0.835515 0.718047 -0.117332 -0.338994 -1.205243 2.091076 -0.078259 -0.593894 1.075479 -0.958446 0.798812 0.272098 0.943029 -0.511655 0.101965 0.282329 -1.640522 -0.426040 0.670102 -0.187280 -0.150337 -1.423081 -0.513241 0.908028 -0.582843 -1.081044 -2.704495 -0.037000 2.171048 1.349398 -0.536552 -0.762153 -1.199203 0.182908 1.064429 -0.420299 0.264846 0.044564 -0.693559 0.025009 -1.462576 0.072659 -1.777359 1.216710 2.800928 3.934408 1.000000
58 -0.577204 -0.946059 0.006010 -0.878336 -0.305807 -0.863878 -0.425183 0.081337 1.151443 0.627769 1.221693 0.840286 1.834374 0.494901 -2.367294 -0.302741 -0.028432 1.010169 1.189752 0.298178 -0.044280 -0.695242 -1.251344 0.680622 1.829903 0.308093 1.588123 0.268849 0.066444 0.847212 0.610473 0.109718 0.857925 -1.274532 0.831474 0.223776 -0.446329 0.361618 -1.902178 -1.126498 0.805383 0.094855 0.183378 1.167854 -0.303090 0.153581 -1.173017 0.051196 0.246509 0.398364 0.521834 -0.372642 -1.786396 -0.262125 0.370254 0.130179 -0.241480 1.074200 0.442354 1.276508 0.754216 1.000000
59 1.511633 1.313913 -0.994289 -1.690573 -1.320619 1.578155 0.068927 -0.016430 0.531599 0.503669 -1.387762 1.102918 0.624265 0.017413 -0.002037 0.299696 0.880352 -0.527571 1.176388 0.866077 0.143116 -1.843320 -1.344919 0.109389 0.788000 1.685368 -0.721491 0.574559 1.390704 -0.260298 -2.227484 -0.291246 1.364288 -0.937257 -1.578985 0.270291 -0.121743 -1.294014 -0.079759 -1.139470 0.466859 -0.015453 0.730213 -1.160928 1.219265 0.365331 0.858269 0.741035 0.417014 0.093453 -0.533257 0.697874 -0.957064 -0.938606 0.477652 1.322110 0.200177 -2.348333 -2.623411 -0.319514 1.124817 1.000000
60 -1.043003 -0.048960 -0.246225 1.420250 0.348893 -0.496183 -0.094645 -0.115112 -0.245498 0.623432 1.237612 1.149250 1.327487 -1.027094 0.302467 -1.004517 -1.303641 -1.064069 0.018891 -1.319847 -0.766760 -0.071288 0.771036 1.960770 0.283167 -0.008230 -0.551050 -3.015042 -0.871515 0.198216 -1.675552 -0.289297 -0.928246 0.583665 0.156244 0.510528 1.438750 0.377932 -2.195755 -0.987478 -1.750722 0.952616 -0.027114 -0.065584 0.591588 -0.246944 -0.366021 -1.534721 -0.776032 -1.242523 0.237637 -1.558557 1.324627 -0.258672 0.455368 1.559665 1.488457 0.868527 0.647195 -1.246539 2.796929 1.000000
61 0.760040 2.268003 -0.514101 1.600642 0.453758 1.164305 0.323835 -1.821075 -1.137908 -1.267434 -0.968439 -1.480437 1.178502 0.264150 -0.940953 1.103261 -1.302944 -0.814702 -0.564753 0.806532 -0.390916 -1.427034 -1.010551 1.009635 -1.447067 -0.657105 0.654986 -0.690918 0.914983 0.787139 -1.019129 0.036437 0.255645 0.335520 -0.633897 -0.011190 1.431601 -0.461438 -0.157585 0.368323 -0.434027 -0.849913 0.413471 0.746686 -1.425361 -1.019128 -0.704539 0.599127 -0.599719 -0.077324 0.251608 2.653898 -0.953321 -0.433636 0.585715 0.310224 0.811665 1.442952 -0.300757 -0.836026 0.415514 1.000000
62 1.033533 0.115511 -0.200441 0.091867 1.379433 1.656990 2.193823 0.324969 -0.669006 -1.692812 -0.145997 -0.139149 -0.025605 0.334223 0.686536 -0.549393 0.903231 1.585440 -0.145572 -0.380311 0.483850 -1.093128 0.811545 1.451580 -0.705087 0.359152 0.174273 1.763887 1.463290 -0.233339 2.128765 1.778924 -0.082667 0.502754 -2.654876 -0.257953 0.304646 -1.664141 0.764346 0.278023 -0.461680 -1.938822 0.348834 -0.614316 -0.506018 -0.547224 -1.572394 -1.381549 0.305490 -0.789442 0.372065 -0.011245 -0.162666 -0.246801 0.162538 0.408843 0.983466 -0.386188 -0.148030 0.574878 4.667427 1.000000
63 -0.414227 0.025602 0.928234 0.206844 0.247175 0.548337 0.508956 -0.064728 1.276534 1.583059 -0.377795 0.490112 -1.931844 1.339889 -1.531743 1.147002 -0.648695 -1.283602 1.583260 -0.653950 -1.465783 -1.252607 0.943699 2.877300 -0.193988 0.766357 -0.647209 0.373204 1.401743 -1.386398 0.022891 -0.525185 0.577981 -0.661541 0.908606 -0.702395 -0.212980 -1.966846 1.159071 -0.465234 -1.367605 -1.678474 1.528558 -0.297364 -0.837124 -0.173313 1.277148 -1.234436 0.559608 -0.084624 -1.128274 -1.169606 0.912120 -0.797930 -0.302967 0.187549 -1.121295 -1.718915 -1.335025 0.711855 0.443399 1.000000
64 0.022590 -0.206730 -0.834668 0.409256 2.048225 -0.186847 0.577127 -1.481480 0.928780 0.201554 0.732685 1.467354 0.675495 -0.931610 -0.902080 -0.116645 0.800084 -0.361324 -0.022898 0.316285 -1.075287 -1.032831 2.294830 0.725621 0.819836 1.036790 2.269136 0.326874 1.316810 -0.271418 -0.958501 0.456640 -1.032269 0.001441 1.156606 0.906870 -0.328135 -1.722495 0.956752 0.012825 0.011674 -0.151570 -0.367701 0.894450 -0.731262 1.009742 -0.126071 1.430096 0.296719 -1.392330 -0.712050 -1.047909 0.124242 -1.681332 -0.203192 -0.496616 -1.827349 1.135979 -0.705795 -0.428872 1.398073 1.000000
65 -0.168426 0.370555 0.381947 -0.166403 -0.190002 0.225408 1.698107 0.123547 -1.445270 -0.031766 -1.031394 0.545491 0.364174 -0.099908 -0.927726 0.303538 -0.976531 1.424581 0.489204 0.075263 1.054245 -0.298672 0.867196 -0.315020 -1.472639 1.496974 0.408413 0.812973 0.282251 -2.355681 1.607110 -1.304373 1.734727 -1.110013 -1.371617 -0.311618 0.195677 0.145951 0.527434 -1.379149 0.210837 1.146555 -0.046547 0.140708 0.463244 -0.535268 -1.344633 -0.583022 -1.402222 -0.498816 0.992328 -0.106021 -1.434934 1.570373 0.335854 -0.488609 -1.359452 0.897386 -1.569683 0.194309 6.022977 1.000000
66 -0.778457 -0.669813 -0.105315 0.830150 -0.107639 -0.982111 -0.254633 0.325846 -1.301177 0.401251 -1.905619 -0.305561 -0.489053 -0.979876 1.326874 -0.744367 0.410655 0.241096 1.671235 -0.133178 0.694037 1.319438 1.057447 -0.166182 -0.157698 0.002249 1.151989 -0.384241 0.656376 0.191673 0.825869 2.022887 -1.358227 1.352196 0.895464 -0.398575 2.254440 0.106639 -0.078592 0.758623 -2.232022 -0.152442 -0.472844 0.976520 -1.171783 0.573727 0.342949 1.136732 -0.687957 1.360306 -0.347523 -1.419070 1.345423 -0.497991 0.842304 -0.023715 1.406454 -0.244411 0.578747 1.970453 8.908317 1.000000
67 -1.166110 0.861898 -1.527314 -0.740321 -1.208099 -0.096821 0.537885 -0.614343 1.406512 -0.885831 -1.169939 0.082781 1.920550 -0.418129 -1.006304 0.663820 -0.625977 -0.925285 1.269984 0.656103 2.697748 1.015309 -2.074154 0.282140 0.986125 -0.103978 -1.498376 -1.539584 -0.874487 0.989364 0.691479 0.412879 -0.078657 0.316776 0.372595 -1.957506 -1.204808 1.371358 0.074658 0.169753 0.943751 -0.823805 -1.869450 0.165450 0.744930 2.028014 -1.102853 -1.091885 1.855526 -1.134970 1.113961 1.746640 1.363051 1.809216 1.493835 -0.117505 -1.125601 0.440617 1.546242 -0.316548 1.537271 1.000000
68 -1.739422 -0.444367 -0.019581 -0.933068 -0.511102 1.407478 3.404901 0.278694 -2.448604 1.664165 -0.215199 0.156177 -0.807500 0.708129 1.789142 -0.900075 0.463503 -0.391112 -1.180683 -0.008668 -0.048682 -0.054167 0.779285 0.650149 1.935029 -0.072420 -0.148133 -1.917165 1.062958 -0.918451 1.040806 0.126280 0.608997 0.396136 -1.225088 1.535857 -1.041117 0.961740 -0.679303 0.393113 -0.209394 2.194910 0.247666 0.297967 0.709792 -0.495327 0.657140 0.836721 1.074630 -0.598513 -0.225498 -1.328685 2.949548 -0.911957 -1.788581 1.163309 -1.695468 -0.676211 -1.567264 -1.632094 8.326188 1.000000
69 -2.062747 1.497028 1.165041 1.151895 -1.028022 0.101688 -0.653749 -0.912654 -0.842261 -1.824878 0.095084 -1.481856 -0.313018 -0.029453 -0.081549 0.902817 0.759068 -0.331219 -0.669050 0.339500 0.854177 -0.322124 0.396506 1.008718 -0.274707 -1.326973 -0.610729 -0.496823 0.085414 0.434382 1.218847 -1.404630 0.258171 1.091735 -0.040315 -0.117724 1.766601 -1.193075 -1.478608 -0.332480 -1.430461 -0.383473 -0.354091 0.573658 0.607332 -0.451751 1.990362 0.969694 -1.916437 0.058493 0.034145 -0.985122 -0.570242 -0.637824 0.035622 -0.809415 2.510279 -0.756276 1.027980 0.909723 2.208310 1.000000
70 -0.405073 1.334030 2.478949 0.107330 -0.420307 0.378424 1.286775 1.586523 -0.379268 1.594671 0.114828 0.843349 1.790907 0.370542 0.326494 -1.505542 -0.614646 -0.453235 1.510182 -0.572777 -1.170129 -0.412714 0.041267 -0.393385 0.870779 -1.897419 0.007090 -0.699084 -0.648939 0.022424 0.138417 -0.147374 0.511411 0.181429 1.278094 2.123933 -0.253050 0.542127 1.562817 -0.454930 -0.811530 -0.061714 -1.139416 -1.235008 1.205717 0.137778 1.713009 -0.338773 -0.206212 0.999936 0.181904 1.028391 0.154430 -0.152774 0.066781 -1.095096 0.699877 0.744054 0.410693 -2.582243 4.060567 1.000000
71 1.155179 -0.416406 -0.023755 -0.601623 -1.022216 0.516064 -1.122779 0.110738 -0.499523 1.434354 2.091092 1.351537 -0.872702 2.179774 1.234029 -0.309536 -2.296319 0.400231 0.111087 0.476645 0.660035 0.170163 0.542059 0.727664 0.314906 0.598668 -1.166056 0.835653 0.510785 0.099892 -0.861637 -0.840204 -0.518592 2.310500 2.522210 -0.671400 -1.645907 0.244686 1.266475 0.011035 -0.301445 -0.148419 -0.135778 1.254895 -0.144377 -1.625885 -0.672126 -0.654604 0.781250 -0.797184 0.084238 -1.075718 0.572152 0.298910 0.318041 -1.007898 -0.636419 0.318744 -1.790308 -1.511469 4.036027 1.000000
72 -0.314175 -0.206510 -1.396082 1.617453 -1.011524 0.526609 0.831043 0.858957 0.354471 -1.038353 -1.177822 0.481918 0.751911 -1.071180 -0.296309 -0.737499 0.667261 0.799882 -1.768650 -0.151254 0.269848 -0.122223 0.602116 0.842394 -1.323957 0.330589 -0.485084 -0.194340 -0.622156 -1.620001 0.648158 -0.318573 0.786510 -2.163450 -0.437934 0.150757 -0.884521 0.064425 0.012746 -0.415497 0.344047 -0.633166 0.303233 0.920899 -0.146615 0.863736 0.152337 -1.579029 -1.004319 1.644354 -0.828949 0.428940 1.621228 0.131422 0.777467 0.593731 -0.294591 -0.493208 2.267674 1.233676 6.039902 1.000000
73 0.320593 0.670687 0.309365 -0.324792 0.510535 2.823770 -0.075743 -0.642990 0.034059 0.297787 0.756334 -0.104636 0.359950 0.575048 0.946683 -1.616970 -0.716539 -0.567078 -0.045502 -0.318171 0.891789 0.354743 -0.645529 -0.632074 -0.860601 0.653896 -0.055086 0.565264 0.499063 -0.122596 1.083722 1.684774 -1.741201 1.070239 0.016251 -0.038922 0.780000 2.054693 -0.773541 0.733620 -0.023740 0.828444 -1.458250 -0.038108 -0.762626 0.592672 -2.193193 0.144039 1.146621 1.222056 0.836870 -0.616289 1.250100 -1.259892 -0.772367 -0.328335 -0.314739 -0.902133 0.417995 -0.503597 2.828677 1.000000
74 0.053411 -0.195343 2.378246 -0.383850 -0.111721 1.326376 -0.578012 1.346527 1.739885 0.603966 0.803952 2.707179 -0.504240 0.538339 -1.734180 0.059790 0.081424 -0.072571 0.161845 -1.027454 1.396629 -1.155732 1.193350 2.182959 -0.991957 -0.063372 0.853524 -0.099621 -0.439829 -0.750076 1.627346 -0.835897 -0.005988 -0.005879 -0.566930 -0.386744 -0.370503 0.117707 -0.285598 -1.622899 -1.194292 1.115084 -1.959302 -0.377601 0.944534 0.540930 1.171818 -0.460216 -0.618725 0.124083 0.979295 1.365995 0.534947 -0.452067 -0.662385 0.508094 1.636398 0.690785 -0.891918 -0.885008 2.939698 1.000000
75 -1.279290 -0.233352 -1.013485 0.321197 2.342884 -1.102753 1.083896 -0.877913 0.369458 0.567051 -0.972106 -0.213367 0.417568 -0.676466 -0.774511 -0.761970 1.017821 -0.163404 -0.107518 0.797096 0.559193 0.925601 0.860178 0.038532 1.400931 0.214965 0.036808 -0.301941 0.101983 -1.010778 -1.731205 -0.536199 -1.208512 -1.617875 -1.349311 0.628910 -0.140515 -0.724625 0.213217 0.232303 -0.763265 2.415780 -1.094177 -0.177679 -0.220090 0.451109 -0.917126 0.952995 0.865837 -0.413972 0.924611 -0.557352 1.826354 -0.452685 1.099727 -0.881988 -1.920855 -0.630327 1.024815 -2.826569 3.025240 1.000000
76 0.888926 -1.347746 -0.355088 1.559358 1.672818 -0.921566 0.896969 0.897840 0.668749 2.188396 0.074006 0.128123 0.309341 -1.806166 -0.395884 1.136475 -0.313015 0.391495 1.024018 -0.407996 0.169676 -0.184511 -0.728211 1.147419 0.097873 -0.239770 -0.354473 -1.199473 -1.724635 -0.646869 1.046330 0.347359 -0.441374 0.468092 -0.737043 -0.804770 0.708361 0.575749 -0.073863 -1.714999 0.103613 -0.633700 0.225995 1.164226 -0.139273 0.984902 -0.100619 -0.274234 -0.706822 0.044634 -1.646943 0.098994 0.070843 -1.078499 0.285645 0.096837 0.604683 -1.085240 -0.422875 -0.654985 2.389520 1.000000
77 1.207441 -0.724809 -0.662420 -0.464944 1.438171 -1.857275 -1.221639 1.036133 -1.558012 1.686737 -0.557503 0.264619 1.345665 0.638998 0.343842 -1.241690 -2.157361 0.125368 0.160394 0.353363 1.537162 -0.211709 -0.232233 1.654887 0.304069 -0.534626 -0.366368 -1.310665 -1.164668 0.002563 -0.937581 0.700872 -1.148453 0.381835 0.820116 0.233822 -0.850175 -0.062293 -1.748972 -0.615016 1.798178 0.383265 -0.417930 0.622110 -0.089706 -2.481238 0.168031 -1.438628 1.173692 0.172413 0.846465 0.027988 -0.021670 -1.596834 -0.528967 0.406970 0.535763 -1.835019 -0.726903 -0.524975 2.806689 1.000000
78 1.060831 -0.901959 1.588362 -0.549905 -0.096967 0.155738 1.730475 1.097831 1.124649 0.244722 -2.047116 1.842149 -0.583434 -1.132071 -0.937633 2.291146 0.333367 -0.679789 -0.879471 0.225320 -2.114500 -0.994062 0.239910 1.388753 0.020738 0.372690 -0.693722 -0.765744 -0.923495 -0.002263 -2.794447 1.070260 -0.914825 0.441902 1.338467 1.111629 -0.845185 -0.066779 -1.417543 1.405492 -0.265224 1.258957 -0.533092 -0.332508 -0.165555 -1.210764 0.291809 -0.651250 -0.306475 0.287860 -0.386313 -0.306877 -0.074737 0.784680 -0.288879 -0.821627 -0.184937 -0.316909 0.141123 -0.120253 3.502654 1.000000
79 0.205987 -0.132827 1.969609 -0.503206 -0.149718 1.466549 -2.053863 -0.405713 -0.296797 1.228617 1.834250 0.408469 1.530194 0.430029 -0.962577 -0.904359 -0.288485 0.049293 0.386221 0.049532 -1.022436 -0.116509 1.471231 0.755145 0.298775 -1.972161 0.770994 1.399376 1.424168 1.285891 0.113616 -0.505957 -1.022582 0.006592 0.090595 -1.423609 -1.651833 1.581076 1.243712 -0.484358 -0.561004 0.117752 -0.370509 2.150154 -0.965581 -0.565515 1.297957 -1.131838 0.309465 0.100233 -0.877569 0.811398 -0.567713 1.186850 -0.350764 0.526658 -1.226717 0.457417 0.703551 0.269609 9.039353 1.000000
80 0.403859 -0.463030 -2.311134 0.672910 1.014914 2.127825 1.124704 0.538422 1.445526 0.273538 -1.292732 -0.160761 0.170796 0.816750 2.038635 1.747428 -0.893158 1.571525 0.522982 -1.061593 1.448833 -1.867399 0.003986 0.177694 1.295739 0.045309 -0.430812 -0.201491 -0.102614 -1.490297 -1.973621 0.470034 0.018939 2.244036 0.188895 -1.460589 0.965838 0.099328 0.847043 0.908718 -0.088885 0.078181 -0.293724 0.626877 -1.234532 -0.290229 0.016764 -1.575923 -0.001418 -0.853504 1.124337 -0.068212 1.287836 0.138326 -1.543734 1.201948 1.509881 -1.162881 0.107138 -0.147138 1.308635 1.000000
81 1.972684 0.569165 0.215431 -0.377595 -0.224405 -0.240162 0.910109 -1.213394 1.871966 -0.396544 -0.146508 -0.311533 -0.766166 -1.450187 1.378244 0.083832 -1.337828 -1.351682 -1.770325 -0.811552 1.090498 -0.826379 1.024655 0.617865 0.982238 0.552910 0.089074 0.720370 0.321843 1.252154 2.612665 0.278835 0.743485 1.225254 1.334432 -0.933987 -0.627634 -1.279465 1.790074 -0.156103 0.877187 0.246665 0.188533 -0.236201 -1.090758 0.518044 0.210511 0.093178 0.453746 1.405273 -0.559937 -0.664860 -2.100862 0.212554 -2.019196 0.075848 -1.662349 -0.249480 0.567250 1.175022 1.089692 1.000000
82 -1.687208 1.538576 1.067901 -1.231263 -0.912504 1.718198 0.292825 -0.753812 0.096175 -1.112381 -0.804382 -0.298397 1.087427 0.311510 1.150457 -0.307332 1.225954 -0.699509 -0.341288 0.699471 1.854967 0.952765 -0.315498 -1.492372 0.747804 1.458272 1.292725 0.103290 -0.737479 0.116722 0.807968 0.319261 -0.515136 -0.860390 -0.271319 -0.917119 2.244065 0.858377 0.602603 0.677116 -0.520944 -1.052615 -0.977439 -1.600163 0.906979 0.465315 0.282998 0.212010 -0.880157 -1.754175 1.425765 0.957306 -0.591290 0.706340 -1.464881 0.151427 0.606646 -0.240848 0.858251 1.966844 6.123476 1.000000
83 0.372398 0.493443 -2.259468 -1.354917 1.075822 -0.471049 0.028604 -0.559518 2.387046 0.408241 -1.004589 0.460287 -0.549769 0.783608 -0.330629 0.718623 -1.427446 -1.219208 1.452657 -0.250121 -0.295158 -1.856349 0.167020 0.055918 0.327547 0.702327 1.204710 -1.417948 -0.303617 -1.330671 0.043830 -0.093578 -0.341266 -2.632166 -0.354298 -0.363105 0.213005 -0.701553 -0.278246 1.008506 -0.367859 -0.579046 -0.260593 2.303021 -0.939024 0.804247 2.019141 -0.875935 -0.536170 0.624681 -1.268659 -1.282895 1.730854 -0.133397 -0.262067 -0.768987 0.484801 -0.430658 0.188824 -0.133920 3.591620 1.000000
84 -0.101182 -0.243158 -0.746290 1.166353 0.080466 -1.374587 0.736295 -1.275626 -1.179959 0.824531 1.431476 -0.147123 -1.293799 0.368396 -0.473616 -0.693966 -0.003032 1.605153 -0.978162 -0.482628 -1.122034 -0.308850 -0.314762 -0.900286 -0.255567 0.527820 -0.042534 1.202902 -1.516686 -0.863364 -0.119630 0.354177 -0.046984 -2.233716 0.907232 -1.563747 0.369268 -0.218613 -0.194189 0.682039 -0.201642 1.158831 1.724720 -0.129202 -0.737003 -1.317388 -0.583356 0.920393 1.301917 -1.117000 -0.738597 0.687534 0.066240 1.124016 -1.794683 0.537755 0.616656 0.835149 2.626407 -0.664458 2.904290 1.000000
85 1.965103 1.648732 0.213578 -2.792317 -0.848106 1.044635 1.258525 -1.618815 -0.570369 -0.428469 -0.162581 0.511877 0.360741 -0.493858 0.406735 0.127776 -0.229247 0.955525 0.174849 -0.187971 -0.164642 -0.202755 -2.119338 0.805586 -0.603027 0.195708 0.843777 1.203809 -1.779793 0.641645 2.570967 -1.318386 -1.407219 1.027204 -0.916549 0.147994 0.524702 0.842814 0.393197 0.146269 1.261030 -0.148473 0.061172 0.071662 1.027646 -1.256615 0.614481 -0.323790 0.155169 0.477991 -0.653891 0.904845 -0.623266 0.923928 -1.493811 0.340092 0.814215 0.685644 0.019130 -0.827077 2.888435 1.000000
86 0.727360 -1.395140 0.227979 -0.056526 -0.201950 -0.215333 0.006747 0.112136 1.646099 0.257642 -0.461243 -0.526526 0.742150 -0.214524 0.180643 -0.122440 -0.019707 0.071231 -1.992619 -0.121762 -0.370163 -0.399602 -1.818106 1.098814 -0.845149 0.792954 -0.163158 -0.591535 -0.575312 -2.308639 -0.334631 -0.493675 1.972417 0.911959 -1.504971 0.157566 0.330073 0.056803 -0.786056 -1.058864 -0.420713 0.746225 -0.199981 1.147309 -0.261880 -0.985790 -1.064335 0.299138 -0.462209 -0.041478 1.166191 -0.190440 -0.772075 1.140123 1.626368 -1.727154 1.059635 -0.482260 -0.490609 -0.126287 10.572546 1.000000
87 1.455038 0.168781 -0.486440 1.546636 -1.123055 -0.913565 0.196726 -0.394905 -0.247921 -0.275647 0.461785 2.115425 1.398310 0.808343 -1.279014 -0.860488 0.733877 1.021826 0.640738 -3.849716 1.701215 -0.716741 -1.267287 0.375347 0.698061 0.673973 0.168974 0.077089 0.046005 -0.636379 0.604285 -0.692609 -0.870179 -0.217033 -0.525035 -1.056583 0.218131 0.489474 -0.762989 -0.193065 0.715189 0.724785 -0.376484 -0.832546 -0.545306 -0.879210 0.167959 1.038701 -1.303334 -0.676587 -0.023940 0.409534 -0.935022 0.799636 0.668847 0.782902 -0.209751 1.033111 2.566124 -1.186230 16.052150 1.000000
88 1.586645 -1.879019 1.920974 0.309335 -0.887057 -0.486627 0.493608 0.164308 -1.485374 1.339586 0.455898 -0.353152 -1.466001 -0.346359 0.448186 0.002509 1.919506 0.404465 -0.274916 -0.041407 0.571996 -0.119030 -0.920674 -0.023466 0.834138 -0.029928 2.225956 -1.439585 0.404752 -0.450278 -1.023383 0.869444 0.273952 -0.216033 -0.377567 -1.171234 -0.101081 -0.526555 -0.967764 -0.268293 1.342358 -0.419248 0.098426 -0.659373 0.531465 -0.497132 0.183546 0.149775 0.913759 -1.491880 -2.243670 1.434493 0.095943 0.247967 -1.009709 0.361747 -2.125219 1.360918 1.247367 0.945439 0.646071 1.000000
89 -0.228968 -0.125626 1.325119 -1.000429 0.206892 -0.765661 -0.101352 1.722994 -0.146235 0.121484 -2.341215 -0.175892 -0.680942 -0.489862 -1.458667 0.312987 -0.845920 1.254302 1.854408 0.040557 0.393141 1.323811 -1.578045 0.766761 -1.971282 2.339814 -0.910349 0.735023 0.071347 -1.236737 1.070196 1.497761 0.010338 -0.663651 1.578679 0.244152 -0.414094 0.108417 -1.740691 -0.226588 1.149341 0.096777 -0.069739 -0.670471 0.159674 -0.400813 1.101048 0.401080 0.234345 -0.001706 0.803723 -0.821871 -0.708991 -0.119491 0.152202 0.860501 -1.284336 -0.133734 -1.246458 0.352234 0.908471 1.000000
90 1.468505 1.145395 1.735999 0.374718 1.125935 -0.445813 -1.855514 0.169470 0.729044 0.891782 -0.625077 2.257900 -0.286768 0.466934 -0.148919 0.254300 0.511639 1.493829 0.372575 -2.053155 -1.168666 0.878907 -1.764921 -0.786174 0.328269 -1.927050 0.029140 0.292693 0.685385 -0.742643 -1.214609 0.381849 0.447695 0.759128 0.169037 0.227681 -2.360745 0.851315 -0.898249 -0.396850 -1.754002 0.779512 0.116028 -2.918768 -0.219723 -0.172782 0.004006 -0.227259 0.502303 -1.024787 0.949909 -1.246885 -1.543949 0.807290 0.100247 0.508902 0.269883 0.307602 1.181424 -0.024195 5.059725 1.000000
91 2.247578 -0.383224 -0.451079 -1.762167 -0.170920 -0.554282 0.022936 -2.778167 -1.509068 0.022627 1.270580 -1.512244 -1.223972 -2.032868 2.413646 0.630648 0.168810 -1.165189 -0.268779 -0.471621 0.205593 0.680261 -0.957820 -1.087202 0.063769 -2.437493 -0.404068 1.051225 0.920140 -1.079509 1.439692 1.161420 1.272548 -0.201861 1.342992 0.881514 0.648037 0.620819 0.166124 0.656951 0.597346 -0.318102 1.285741 -1.529858 1.308140 1.645100 0.192947 0.826551 -2.220757 0.819726 -0.630725 -2.706036 0.410693 -1.450353 -2.529435 -0.789722 1.873502 1.106705 -0.417946 -0.399778 14.104010 1.000000
92 0.807672 1.014967 0.594204 -1.360338 0.749238 -0.094210 2.185185 -1.127831 0.367703 -1.023686 0.079304 0.735746 0.854458 -0.299545 -0.578272 0.688246 1.577051 -0.667662 -0.936168 1.696801 -0.929775 0.413420 0.557235 0.216916 -1.171306 -0.359649 1.061891 -1.217080 1.027445 -1.614811 -2.882403 -0.335273 -0.565939 -0.388501 -0.716842 0.255956 -1.767900 -0.964496 -0.105041 -1.365636 0.290173 -0.252365 0.123687 -0.134531 0.430020 0.496210 0.576738 0.143248 1.083129 1.340287 -0.066714 1.412989 0.476814 -0.528964 0.768824 -1.226999 0.734386 -0.940719 1.510036 -0.882667 2.115829 1.000000
93 1.442220 0.543842 0.770730 1.516363 0.091262 -1.310058 -0.132492 0.974044 -0.986582 -2.013848 -0.701268 -0.607639 -0.193544 -0.109610 -0.028474 -0.011543 1.885098 0.231066 -0.017192 -1.563695 0.881599 0.188163 -1.014380 0.446385 0.851864 -0.305196 0.153552 1.047239 -0.145937 0.121424 -1.816698 0.092160 -1.154530 -0.634190 -1.164455 -0.206087 -0.304347 -1.951711 1.158789 0.634001 2.185869 -0.342944 -0.813488 -0.102658 -1.079878 -0.325106 0.257211 0.999952 0.849956 0.853126 0.977318 -0.070263 -0.976713 0.223688 0.123173 -1.707426 -2.179768 -0.029093 -1.300489 0.340604 0.053717 1.000000
94 0.501729 -0.279254 -0.580374 0.274688 0.406797 0.468687 -0.980068 1.137739 -0.532024 0.982229 -1.959996 -1.129419 0.436144 0.401603 1.198204 0.318760 0.132631 0.370378 2.311263 0.729374 -0.204807 -1.032797 -1.069130 -0.204777 0.098792 -0.570398 0.550576 -0.544444 -0.051555 -0.895568 -0.839686 1.221646 -0.166159 0.334633 0.889358 -0.904071 0.754232 0.688819 0.145659 0.386265 -1.142842 0.330709 -0.538637 -0.640739 -1.029026 1.068793 0.481050 -1.118102 -1.096949 1.064801 -0.685170 -1.624350 -1.095649 0.990835 -2.087734 -0.739672 -0.769179 2.807901 -0.851757 0.221180 8.184813 1.000000
95 0.199359 0.387260 -0.477569 0.616054 2.360173 0.251378 -0.507906 0.554568 0.992142 1.154355 -0.245831 1.220582 -0.827778 0.197708 -0.850968 -0.285534 -0.178115 0.253717 -0.438062 0.754352 1.015921 0.511125 -0.532708 0.861946 1.330808 0.239758 0.150419 -1.203590 -1.577000 0.064627 0.891914 0.364974 0.374116 0.755220 0.179195 1.295165 0.290823 -0.778551 0.668717 -0.956973 0.302726 0.635254 -0.849939 0.045126 0.706563 -0.291492 -0.279970 1.660398 -0.197103 1.516168 0.229723 2.313090 -1.943386 -0.985871 -0.979753 1.864803 1.075666 -1.061045 1.808946 2.574458 0.761478 1.000000
96 0.170631 -0.190757 -0.990820 -2.869209 0.583635 -0.413967 0.711386 -0.997358 -1.206979 0.555587 -0.102974 -0.158960 -0.378954 0.157154 1.067104 -1.431830 1.326151 1.069251 -1.090628 0.343200 0.131397 -1.887916 -1.591665 0.248263 0.042541 -1.117135 -0.799023 -2.644885 1.290389 0.654496 -0.228840 -1.693342 -1.276482 0.299050 -1.563778 0.317064 -0.267523 1.100271 2.576395 1.978920 0.352301 0.634436 -0.018427 -0.950712 0.311445 -0.191034 0.473346 0.331816 -0.779821 0.136631 1.117780 -0.245768 -0.116963 -0.261844 -0.590902 -0.810361 -1.715622 0.588012 -0.087337 -1.432009 7.728972 1.000000
97 -0.353128 0.078029 0.935947 -0.258183 -0.612358 -0.865478 0.475387 0.795304 -0.735354 -0.902979 0.024679 1.235923 0.784524 1.009214 0.549318 1.123050 0.549495 0.764269 1.337826 -0.226907 0.515372 0.424632 -1.992650 -1.019327 1.138042 -1.125090 0.764572 -0.514853 -0.032196 0.324106 0.009870 -0.088852 0.816194 -1.644742 -0.569452 0.878548 -0.510620 1.815342 -0.848511 -1.101021 -0.635990 -2.442281 -0.593980 -0.749648 1.068974 0.050014 0.257783 0.823758 3.313042 0.335242 0.998178 -0.416247 0.511868 -0.283222 -0.860517 -2.188200 -1.537850 -0.458629 -1.071861 0.819768 3.189332 1.000000
98 -0.289868 0.230475 -0.608506 0.632940 -0.712135 -0.550415 -0.823958 -0.342569 -0.682819 -0.364901 -0.210913 -0.484705 -2.171189 0.915647 0.599823 -0.982046 1.296510 -1.068650 -0.428914 -1.409173 0.569001 -0.534536 -1.208026 0.002805 -0.332629 -0.156823 -0.177889 -1.292559 -0.734843 0.206793 0.027117 0.243865 -0.593311 0.266707 -0.244384 0.519310 1.035811 -1.011475 -1.357629 -1.855201 1.573766 -1.007028 0.279538 -1.919338 -1.122554 0.061454 1.908397 -0.877724 -0.469356 -1.436588 -1.372636 -0.123068 -1.530647 0.493452 -0.100921 -0.819949 -0.381886 -1.360902 3.206908 -0.175344 18.748588 1.000000
99 1.270730 -1.096996 -1.443482 0.818983 0.631848 0.651068 -1.218986 -1.432776 1.429576 0.728142 0.269614 1.292476 -0.005316 0.549903 -0.859506 0.074144 -0.725501 0.017304 -0.324960 0.334302 1.331388 0.071183 0.671303 0.808355 -1.400600 1.204414 0.453320 -0.375635 -0.149892 0.420106 0.844283 -1.954249 0.734307 0.236730 0.382328 -0.910260 -0.255797 1.418834 -0.627641 0.652543 -1.405863 1.528808 -0.629551 -1.607931 -0.117318 0.967089 -0.545345 0.325248 -0.844641 -0.277970 1.420628 0.073425 -0.897891 -0.548807 -1.716299 -2.111193 0.451473 0.811238 0.015105 0.027333 1.617997 1.000000
100 0.253179 2.144229 0.814513 -0.291169 -0.539978 0.011369 0.108246 -0.000908 2.017270 1.377337 0.883935 -0.854259 1.166739 0.926589 -2.208010 -0.332996 1.099379 -1.324951 -0.619814 -0.641834 -0.212437 0.345514 -0.426174 -0.432480 -0.261338 0.408353 -0.539206 -0.527708 0.064597 -0.714238 -0.182428 -0.897241 0.861012 0.519467 0.478160 0.940168 -0.540324 0.275164 0.690134 1.129952 -0.978312 -1.940463 0.708368 0.322469 1.628368 -0.489634 0.753767 -1.424321 -1.322148 1.463035 0.919535 0.726704 0.988952 0.541062 -0.652364 -0.263936 -0.022382 0.277507 -0.825979 -1.661414 1.106620 1.000000
uncorrelated Gaussian covariates
missing covariate fraction: 0.000000
no latent classes
   lambda(t|risk 1)=C, <t>=4.000000 for zero covariates
   risk 1: beta[1]=0.000000
   risk 1: beta[2]=0.000000
   risk 1: beta[3]=0.000000
   risk 1: beta[4]=0.000000
   risk 1: beta[5]=0.000000
   risk 1: beta[6]=0.000000
   risk 1: beta[7]=0.000000
   risk 1: beta[8]=0.000000
   risk 1: beta[9]=0.000000
   risk 1: beta[10]=0.000000
   risk 1: beta[11]=0.000000
   risk 1: beta[12]=0.000000
   risk 1: beta[13]=0.000000
   risk 1: beta[14]=0.000000
   risk 1: beta[15]=0.000000
   risk 1: beta[16]=0.000000
   risk 1: beta[17]=0.000000
   risk 1: beta[18]=0.000000
   risk 1: beta[19]=0.000000
   risk 1: beta[20]=0.000000
   risk 1: beta[21]=0.000000
   risk 1: beta[22]=0.000000
   risk 1: beta[23]=0.000000
   risk 1: beta[24]=0.000000
   risk 1: beta[25]=0.000000
   risk 1: beta[26]=0.000000
   risk 1: beta[27]=0.000000
   risk 1: beta[28]=0.000000
   risk 1: beta[29]=0.000000
   risk 1: beta[30]=0.000000
   risk 1: beta[31]=0.000000
   risk 1: beta[32]=0.000000
   risk 1: beta[33]=0.000000
   risk 1: beta[34]=0.000000
   risk 1: beta[35]=0.000000
   risk 1: beta[36]=0.000000
   risk 1: beta[37]=0.000000
   risk 1: beta[38]=0.000000
   risk 1: beta[39]=0.000000
   risk 1: beta[40]=0.000000
   risk 1: beta[41]=0.000000
   risk 1: beta[42]=0.000000
   risk 1: beta[43]=0.000000
   risk 1: beta[44]=0.000000
   risk 1: beta[45]=0.000000
   risk 1: beta[46]=0.000000
   risk 1: beta[47]=0.000000
   risk 1: beta[48]=0.000000
   risk 1: beta[49]=0.000000
   risk 1: beta[50]=0.000000
   risk 1: beta[51]=0.000000
   risk 1: beta[52]=0.000000
   risk 1: beta[53]=0.000000
   risk 1: beta[54]=0.000000
   risk 1: beta[55]=0.000000
   risk 1: beta[56]=0.000000
   risk 1: beta[57]=0.000000
   risk 1: beta[58]=0.000000
   risk 1: beta[59]=0.000000
   risk 1: beta[60]=0.000000
