0.000000 0.500556 0.510326
1.000000 0.600778 0.617174
2.000000 0.567667 0.590000
3.000000 0.595222 0.630000
4.000000 0.615556 0.667391
5.000000 0.597778 0.663043
6.000000 0.609889 0.670217
7.000000 0.589778 0.683261
8.000000 0.597333 0.692935
9.000000 0.607889 0.704457
10.000000 0.621667 0.725109
11.000000 0.632556 0.740000
12.000000 0.641222 0.756848
13.000000 0.634222 0.772065
14.000000 0.636667 0.766087
15.000000 0.619111 0.767174
16.000000 0.619889 0.777935
17.000000 0.616778 0.770217
18.000000 0.625556 0.788152
19.000000 0.618111 0.791087
20.000000 0.618556 0.810217
21.000000 0.620000 0.800435
22.000000 0.618222 0.799457
23.000000 0.603778 0.813370
24.000000 0.595333 0.815978
25.000000 0.608333 0.827283
26.000000 0.609000 0.829130
27.000000 0.593778 0.838478
28.000000 0.588667 0.841630
29.000000 0.582333 0.850000
30.000000 0.589111 0.846848
31.000000 0.591889 0.855326
32.000000 0.578889 0.852609
33.000000 0.580000 0.865978
34.000000 0.572444 0.863152
35.000000 0.570778 0.869022
36.000000 0.569778 0.881957
37.000000 0.571778 0.883696
38.000000 0.572111 0.880870
39.000000 0.564556 0.892609
40.000000 0.561111 0.888152
41.000000 0.569000 0.899239
42.000000 0.566556 0.899457
43.000000 0.556111 0.903370
44.000000 0.549889 0.905652
45.000000 0.558000 0.912500
46.000000 0.547000 0.919457
47.000000 0.548111 0.919348
48.000000 0.554333 0.921630
49.000000 0.540000 0.926630
50.000000 0.544111 0.924783
51.000000 0.541667 0.930978
52.000000 0.537222 0.930543
53.000000 0.537333 0.936522
54.000000 0.534333 0.934674
55.000000 0.530333 0.939783
56.000000 0.529111 0.945326
57.000000 0.521444 0.939783
58.000000 0.528111 0.943696
59.000000 0.516000 0.942283
60.000000 0.519778 0.949457
61.000000 0.518000 0.949022
62.000000 0.517000 0.951522
63.000000 0.518778 0.951087
64.000000 0.505667 0.952717
65.000000 0.506111 0.953913
66.000000 0.500111 0.957391
67.000000 0.510111 0.955870
68.000000 0.510444 0.957500
69.000000 0.495333 0.958478
70.000000 0.499222 0.958152
71.000000 0.501111 0.960870
72.000000 0.482333 0.958804
73.000000 0.488444 0.963587
74.000000 0.485667 0.962391
75.000000 0.494111 0.962826
76.000000 0.483778 0.964891
77.000000 0.481667 0.966196
78.000000 0.479222 0.965217
79.000000 0.471333 0.965435
80.000000 0.468333 0.962935
