active=20: 1 2 3 4 5 6 7 8 9 10 11 12 13 14 15 16 17 18 19 20 
active=19: 1 3 4 5 6 7 8 9 10 11 12 13 14 15 16 17 18 19 20 
active=18: 1 3 4 5 6 7 8 9 10 11 12 13 14 15 16 18 19 20 
active=17: 1 3 4 5 6 7 8 9 10 12 13 14 15 16 18 19 20 
active=16: 1 3 4 5 6 7 8 9 10 13 14 15 16 18 19 20 
active=15: 1 3 4 5 6 7 8 9 10 13 14 15 16 18 20 
active=14: 1 3 4 5 6 7 8 9 10 13 14 15 16 20 
active=13: 1 3 4 5 6 7 8 9 10 13 14 15 16 
active=12: 1 3 4 5 6 7 8 10 13 14 15 16 
active=11: 1 3 4 5 7 8 10 13 14 15 16 
active=10: 1 3 4 5 7 8 10 13 14 15 
active=9: 1 3 4 5 7 8 10 13 14 
active=8: 1 3 4 5 8 10 13 14 
active=7: 1 3 5 8 10 13 14 
active=6: 1 3 5 8 10 14 
active=5: 1 5 8 10 14 
active=4: 1 5 8 10 
active=3: 5 8 10 
active=2: 8 10 
active=1: 8 
