0.000000 0.480000 0.520000
1.000000 0.658800 0.662800
2.000000 0.640600 0.673400
3.000000 0.639600 0.671800
4.000000 0.628600 0.699800
5.000000 0.683800 0.775000
6.000000 0.719400 0.781400
7.000000 0.742000 0.804200
8.000000 0.690800 0.777000
9.000000 0.744800 0.837800
10.000000 0.752800 0.840200
11.000000 0.753200 0.860400
12.000000 0.741800 0.875000
13.000000 0.751200 0.889000
14.000000 0.742400 0.898400
15.000000 0.737800 0.905000
16.000000 0.727800 0.909800
17.000000 0.697800 0.914000
18.000000 0.703400 0.917400
19.000000 0.672400 0.920000
20.000000 0.685000 0.915200
