0.000000 0.500000
1.000000 0.574900
2.000000 0.605800
3.000000 0.632600
4.000000 0.665400
5.000000 0.709700
6.000000 0.712100
7.000000 0.721400
8.000000 0.727100
9.000000 0.750200
10.000000 0.773100
11.000000 0.787100
12.000000 0.801900
13.000000 0.793700
14.000000 0.777700
15.000000 0.785800
16.000000 0.792300
17.000000 0.781200
18.000000 0.778000
19.000000 0.771000
20.000000 0.762100
21.000000 0.753100
22.000000 0.755000
23.000000 0.752900
24.000000 0.777200
25.000000 0.779600
26.000000 0.782500
27.000000 0.780000
28.000000 0.783700
29.000000 0.780000
30.000000 0.779000
31.000000 0.788000
32.000000 0.781700
33.000000 0.776000
34.000000 0.776000
35.000000 0.768700
36.000000 0.769200
37.000000 0.772400
38.000000 0.769800
39.000000 0.757400
40.000000 0.769300
41.000000 0.761000
42.000000 0.753400
43.000000 0.754500
44.000000 0.750100
45.000000 0.748400
46.000000 0.754900
47.000000 0.744500
48.000000 0.741600
49.000000 0.744500
50.000000 0.748800
51.000000 0.740400
52.000000 0.725900
53.000000 0.721800
54.000000 0.723700
55.000000 0.710100
56.000000 0.707400
57.000000 0.711200
58.000000 0.707000
59.000000 0.696500
60.000000 0.699000
61.000000 0.690400
62.000000 0.688000
63.000000 0.692200
64.000000 0.687600
65.000000 0.683500
66.000000 0.674900
67.000000 0.673500
68.000000 0.667300
69.000000 0.667500
70.000000 0.656700
71.000000 0.652300
72.000000 0.656000
73.000000 0.656600
74.000000 0.655400
75.000000 0.645800
76.000000 0.642900
77.000000 0.642100
78.000000 0.645000
79.000000 0.636600
80.000000 0.639500
