1 -0.073266268817 0.946461175165
2 -0.052092628866 1.056640657572
3 -0.083910731183 0.861239473061
4 -0.000784814433 1.154533740541
5 -0.096471500000 1.084684443262
6 -0.177479619565 1.008766628287
7 -0.065331436170 1.091619337806
8 -0.072088463158 0.972978006906
9 0.077529836957 1.076620916536
10 -0.014783010309 0.928941980255
11 0.115273947368 0.839531317066
12 -0.097953250000 0.955623761500
13 0.040011789474 1.048288056090
14 -0.151733656250 0.870918985814
15 -0.082511979592 1.016502124197
16 0.036135525773 0.912405390500
17 0.030261010638 0.970101509525
18 -0.046795723404 0.974105565844
19 0.140953336842 1.102638372370
20 0.015432368421 1.189499193319
21 -0.045772946809 1.044294763633
22 -0.004746821053 0.981201800009
23 0.033555242105 0.813092561099
24 -0.016917290323 1.025158686246
25 -0.041947958763 1.119536324614
26 -0.107419633333 1.132742144538
27 0.001131873684 1.100190191512
28 -0.133870148936 0.984730974517
29 0.130755406250 0.994060412818
30 -0.010845180851 1.006057924374
31 -0.078762810526 1.049145756651
32 -0.052459802083 0.854999849039
33 -0.003571223404 0.956303586267
34 -0.042123126316 1.045643326875
35 0.154157723404 1.066266190053
36 -0.018202589474 0.970561483460
37 -0.169008917526 1.108596018874
38 0.142262463918 0.966949976833
39 0.154825515464 1.003826218795
40 -0.004306084211 0.998835740608
41 -0.112878431579 1.013271744971
42 -0.165727440860 1.045199986372
43 -0.008202302083 0.904915343215
44 -0.062492690722 0.982669447469
45 -0.026645857143 1.053125426537
46 0.102131720430 1.037046129492
47 0.033341052083 1.096926903152
48 -0.080788755102 1.066295744697
49 0.067403857143 1.084210308705
50 0.147859797872 1.146897963985
51 -0.009715040816 1.045822538358
52 0.028930125000 1.039909900484
53 -0.098668775510 0.905636837886
54 0.016479800000 0.969707257773
55 -0.085223958333 1.029211401144
56 -0.120262360825 0.982565699757
57 -0.000283510417 0.951942271601
58 0.043657191489 1.014135798587
59 0.019658136842 0.944124866943
60 0.079639428571 0.963399242469
61 -0.064515666667 1.064056909249
62 -0.004155717391 1.000196544132
63 0.017156206186 1.023579739282
64 0.057036042105 0.966223482802
65 0.085990677083 1.025135388149
66 -0.024445468750 0.948443930721
67 0.130545427083 0.928726723505
68 -0.034091747253 1.022468329958
69 0.114654835052 0.986175261899
70 0.043993833333 0.984609995847
71 0.091975393617 1.119250068869
72 0.004793329787 0.972787027387
73 0.067273978947 1.058704431035
74 -0.010099909091 0.964446802043
75 0.009298547368 1.091001356445
76 -0.122688410526 0.933507548770
77 0.077585505263 1.110960697584
78 0.079190556701 0.947027034499
79 0.025110536842 0.955626491401
80 0.206454191489 1.063600694967
81 0.103088521277 0.980974686866
82 0.053741178947 0.990370704594
83 -0.010484127660 0.953211665443
84 0.026376414894 0.997175155802
85 -0.125407163265 0.935428610395
86 -0.203739020833 1.068522273262
87 0.130194838384 1.109323235664
88 0.019858916667 1.102999227289
89 0.164494989362 1.010758787003
90 0.043672319149 1.074611253667
91 -0.018498782609 1.019716370796
92 -0.139488157895 0.926063118108
93 -0.081195412371 0.905999284499
94 0.036082881720 1.063414875953
95 0.043890244681 0.998381220479
96 -0.077032826087 1.042616366941
97 -0.042848287234 0.905080323553
98 0.006141244898 0.956855747682
99 0.044705543478 1.089376271361
100 0.050145734694 0.827716801729
