0.000000 0.500000
1.000000 0.529600
2.000000 0.506700
3.000000 0.579700
4.000000 0.591300
5.000000 0.598000
6.000000 0.587200
7.000000 0.606500
8.000000 0.622000
9.000000 0.623100
10.000000 0.615800
11.000000 0.600300
12.000000 0.610200
13.000000 0.606700
14.000000 0.605500
15.000000 0.588800
16.000000 0.586400
17.000000 0.579700
18.000000 0.572100
19.000000 0.570400
20.000000 0.559800
21.000000 0.560500
22.000000 0.555700
23.000000 0.555400
24.000000 0.540400
25.000000 0.538400
26.000000 0.531700
27.000000 0.531500
28.000000 0.524500
29.000000 0.517700
30.000000 0.504500
31.000000 0.504300
32.000000 0.505100
33.000000 0.503600
34.000000 0.509800
35.000000 0.491700
36.000000 0.497900
37.000000 0.490900
38.000000 0.485200
39.000000 0.493200
40.000000 0.475900
