0.000000 0.500000
1.000000 0.538100
2.000000 0.539800
3.000000 0.616400
4.000000 0.638200
5.000000 0.641500
6.000000 0.661900
7.000000 0.675700
8.000000 0.694900
9.000000 0.691400
10.000000 0.696300
11.000000 0.705500
12.000000 0.705200
13.000000 0.717500
14.000000 0.709000
15.000000 0.719100
16.000000 0.717700
17.000000 0.726100
18.000000 0.728000
19.000000 0.723300
20.000000 0.732200
21.000000 0.741700
22.000000 0.740800
23.000000 0.736500
24.000000 0.748300
25.000000 0.758400
26.000000 0.750300
27.000000 0.759100
28.000000 0.762800
29.000000 0.762500
30.000000 0.767900
31.000000 0.773200
32.000000 0.780700
33.000000 0.784500
34.000000 0.794700
35.000000 0.797900
36.000000 0.794700
37.000000 0.803200
38.000000 0.813100
39.000000 0.797300
40.000000 0.818100
