0.000000 0.500000
1.000000 0.680833
2.000000 0.716042
3.000000 0.738958
4.000000 0.753542
5.000000 0.807917
6.000000 0.823542
7.000000 0.862083
8.000000 0.871250
9.000000 0.899792
10.000000 0.914375
11.000000 0.905417
12.000000 0.923125
13.000000 0.926042
14.000000 0.929375
15.000000 0.931250
16.000000 0.932917
17.000000 0.935625
18.000000 0.936458
19.000000 0.937917
20.000000 0.943333
21.000000 0.938125
22.000000 0.945417
23.000000 0.951875
24.000000 0.948542
25.000000 0.951667
26.000000 0.953333
27.000000 0.956667
28.000000 0.953958
29.000000 0.960000
30.000000 0.961250
31.000000 0.959583
32.000000 0.960625
33.000000 0.963333
34.000000 0.964583
35.000000 0.965625
36.000000 0.967500
37.000000 0.966875
38.000000 0.966250
39.000000 0.969167
40.000000 0.968333
