active=100: 1 2 3 4 5 6 7 8 9 10 11 12 13 14 15 16 17 18 19 20 21 22 23 24 25 26 27 28 29 30 31 32 33 34 35 36 37 38 39 40 41 42 43 44 45 46 47 48 49 50 51 52 53 54 55 56 57 58 59 60 61 62 63 64 65 66 67 68 69 70 71 72 73 74 75 76 77 78 79 80 81 82 83 84 85 86 87 88 89 90 91 92 93 94 95 96 97 98 99 100 
active=99: 1 2 3 4 5 6 7 8 9 10 11 12 13 14 15 16 17 18 19 20 21 22 23 24 25 26 27 28 29 30 31 32 33 34 35 36 37 38 39 40 41 42 43 44 45 46 47 48 49 50 51 52 53 54 55 56 57 58 59 60 61 62 63 64 65 66 67 69 70 71 72 73 74 75 76 77 78 79 80 81 82 83 84 85 86 87 88 89 90 91 92 93 94 95 96 97 98 99 100 
active=98: 1 2 3 4 5 6 7 8 9 10 11 12 13 14 15 16 17 18 19 20 22 23 24 25 26 27 28 29 30 31 32 33 34 35 36 37 38 39 40 41 42 43 44 45 46 47 48 49 50 51 52 53 54 55 56 57 58 59 60 61 62 63 64 65 66 67 69 70 71 72 73 74 75 76 77 78 79 80 81 82 83 84 85 86 87 88 89 90 91 92 93 94 95 96 97 98 99 100 
active=97: 1 2 3 4 5 6 7 8 9 10 11 12 13 14 15 16 17 18 19 20 22 23 24 25 26 27 28 29 30 31 32 33 34 35 36 37 38 39 40 41 42 43 44 45 46 47 48 49 50 51 52 53 54 55 56 57 58 59 60 61 62 63 64 65 66 67 69 71 72 73 74 75 76 77 78 79 80 81 82 83 84 85 86 87 88 89 90 91 92 93 94 95 96 97 98 99 100 
active=96: 1 2 3 4 5 6 7 8 9 10 11 12 13 14 15 16 17 18 19 20 22 23 24 25 26 27 28 29 30 31 32 33 34 35 36 37 38 39 40 41 42 43 44 45 46 47 48 49 50 51 52 53 54 55 56 58 59 60 61 62 63 64 65 66 67 69 71 72 73 74 75 76 77 78 79 80 81 82 83 84 85 86 87 88 89 90 91 92 93 94 95 96 97 98 99 100 
active=95: 1 2 3 4 5 6 7 8 9 10 11 12 13 14 15 16 17 18 19 20 22 23 24 25 26 27 28 29 30 31 32 33 34 35 36 37 38 39 40 41 42 43 44 45 46 47 48 49 50 51 52 53 54 55 56 58 59 60 61 62 63 64 65 66 67 69 71 72 73 74 76 77 78 79 80 81 82 83 84 85 86 87 88 89 90 91 92 93 94 95 96 97 98 99 100 
active=94: 1 2 3 4 5 6 7 8 9 10 11 12 13 14 15 16 17 18 19 20 22 23 24 25 26 27 28 29 30 31 32 33 34 35 36 37 38 39 40 41 42 43 44 45 46 47 48 49 50 51 52 53 54 55 56 58 59 60 61 62 63 64 65 66 67 69 71 73 74 76 77 78 79 80 81 82 83 84 85 86 87 88 89 90 91 92 93 94 95 96 97 98 99 100 
active=93: 1 2 3 4 5 6 7 8 9 10 11 12 13 14 15 16 17 18 19 20 22 23 24 25 26 27 28 29 30 31 32 33 34 35 36 37 38 39 40 41 42 43 44 45 46 47 48 49 50 51 52 53 54 55 56 58 59 60 61 62 63 64 65 66 67 69 71 73 74 76 77 78 79 80 81 82 83 85 86 87 88 89 90 91 92 93 94 95 96 97 98 99 100 
active=92: 1 2 3 4 5 6 7 8 9 10 12 13 14 15 16 17 18 19 20 22 23 24 25 26 27 28 29 30 31 32 33 34 35 36 37 38 39 40 41 42 43 44 45 46 47 48 49 50 51 52 53 54 55 56 58 59 60 61 62 63 64 65 66 67 69 71 73 74 76 77 78 79 80 81 82 83 85 86 87 88 89 90 91 92 93 94 95 96 97 98 99 100 
active=91: 1 2 3 4 5 6 7 8 9 10 12 13 14 15 16 17 18 19 20 22 23 24 25 26 27 28 29 30 31 32 33 34 35 36 37 38 39 40 41 42 43 44 45 46 47 48 49 50 51 52 53 54 55 56 58 59 60 61 62 63 64 65 66 67 69 71 73 74 76 77 78 79 80 81 82 83 85 86 87 88 89 90 91 92 93 94 96 97 98 99 100 
active=90: 1 2 3 4 5 6 7 8 9 10 12 13 14 15 16 17 18 20 22 23 24 25 26 27 28 29 30 31 32 33 34 35 36 37 38 39 40 41 42 43 44 45 46 47 48 49 50 51 52 53 54 55 56 58 59 60 61 62 63 64 65 66 67 69 71 73 74 76 77 78 79 80 81 82 83 85 86 87 88 89 90 91 92 93 94 96 97 98 99 100 
active=89: 1 2 3 4 5 6 7 8 9 10 12 13 14 15 16 17 18 20 22 23 24 25 26 27 28 29 30 31 32 33 34 35 36 37 38 39 40 41 42 43 44 45 46 47 48 49 50 51 52 53 54 55 56 58 59 60 61 62 63 64 65 66 67 69 71 73 74 76 77 78 79 80 81 82 83 85 86 87 88 90 91 92 93 94 96 97 98 99 100 
active=88: 1 2 3 4 6 7 8 9 10 12 13 14 15 16 17 18 20 22 23 24 25 26 27 28 29 30 31 32 33 34 35 36 37 38 39 40 41 42 43 44 45 46 47 48 49 50 51 52 53 54 55 56 58 59 60 61 62 63 64 65 66 67 69 71 73 74 76 77 78 79 80 81 82 83 85 86 87 88 90 91 92 93 94 96 97 98 99 100 
active=87: 1 2 3 4 7 8 9 10 12 13 14 15 16 17 18 20 22 23 24 25 26 27 28 29 30 31 32 33 34 35 36 37 38 39 40 41 42 43 44 45 46 47 48 49 50 51 52 53 54 55 56 58 59 60 61 62 63 64 65 66 67 69 71 73 74 76 77 78 79 80 81 82 83 85 86 87 88 90 91 92 93 94 96 97 98 99 100 
active=86: 1 2 3 4 7 8 9 10 12 13 14 15 16 17 18 20 22 23 24 25 26 27 28 29 30 31 32 33 34 35 36 37 38 39 40 41 42 43 44 45 46 47 48 49 50 51 52 53 54 55 56 58 59 60 61 62 63 64 65 66 67 69 71 73 74 76 77 78 79 80 81 82 83 85 87 88 90 91 92 93 94 96 97 98 99 100 
active=85: 1 2 3 4 7 8 9 10 12 13 14 15 16 17 18 20 22 23 24 25 26 27 28 29 30 31 32 33 34 35 36 37 38 39 40 41 42 43 44 45 46 47 48 49 50 51 52 53 54 55 56 58 59 61 62 63 64 65 66 67 69 71 73 74 76 77 78 79 80 81 82 83 85 87 88 90 91 92 93 94 96 97 98 99 100 
active=84: 1 2 3 4 7 8 9 10 12 13 14 15 16 17 18 20 22 23 24 25 26 27 28 29 30 31 32 33 34 35 36 37 38 39 40 41 42 43 44 45 46 47 48 49 50 51 52 53 54 55 56 58 59 61 62 63 64 65 66 67 71 73 74 76 77 78 79 80 81 82 83 85 87 88 90 91 92 93 94 96 97 98 99 100 
active=83: 1 2 3 4 7 8 9 10 12 13 14 15 16 17 18 20 22 23 24 25 26 28 29 30 31 32 33 34 35 36 37 38 39 40 41 42 43 44 45 46 47 48 49 50 51 52 53 54 55 56 58 59 61 62 63 64 65 66 67 71 73 74 76 77 78 79 80 81 82 83 85 87 88 90 91 92 93 94 96 97 98 99 100 
active=82: 1 2 3 4 7 8 9 10 12 13 14 15 16 17 18 20 22 23 24 25 26 28 29 30 31 32 33 34 35 36 37 38 39 40 41 42 43 44 45 46 47 48 49 50 51 52 53 54 55 56 58 59 61 62 63 64 65 66 67 71 73 74 76 77 78 79 80 81 82 83 85 87 88 90 92 93 94 96 97 98 99 100 
active=81: 1 2 3 4 7 8 9 10 12 13 14 15 16 17 18 20 22 24 25 26 28 29 30 31 32 33 34 35 36 37 38 39 40 41 42 43 44 45 46 47 48 49 50 51 52 53 54 55 56 58 59 61 62 63 64 65 66 67 71 73 74 76 77 78 79 80 81 82 83 85 87 88 90 92 93 94 96 97 98 99 100 
active=80: 1 2 3 4 7 8 9 10 12 13 14 15 16 17 18 20 22 24 25 26 28 29 30 31 32 33 34 35 36 37 38 40 41 42 43 44 45 46 47 48 49 50 51 52 53 54 55 56 58 59 61 62 63 64 65 66 67 71 73 74 76 77 78 79 80 81 82 83 85 87 88 90 92 93 94 96 97 98 99 100 
active=79: 1 2 3 4 7 8 9 10 12 13 14 16 17 18 20 22 24 25 26 28 29 30 31 32 33 34 35 36 37 38 40 41 42 43 44 45 46 47 48 49 50 51 52 53 54 55 56 58 59 61 62 63 64 65 66 67 71 73 74 76 77 78 79 80 81 82 83 85 87 88 90 92 93 94 96 97 98 99 100 
active=78: 1 2 3 4 7 8 9 10 12 13 14 16 17 18 20 22 24 25 26 28 29 30 31 32 33 34 35 36 37 38 40 41 43 44 45 46 47 48 49 50 51 52 53 54 55 56 58 59 61 62 63 64 65 66 67 71 73 74 76 77 78 79 80 81 82 83 85 87 88 90 92 93 94 96 97 98 99 100 
active=77: 1 2 3 4 7 8 9 10 12 13 14 16 17 18 20 22 25 26 28 29 30 31 32 33 34 35 36 37 38 40 41 43 44 45 46 47 48 49 50 51 52 53 54 55 56 58 59 61 62 63 64 65 66 67 71 73 74 76 77 78 79 80 81 82 83 85 87 88 90 92 93 94 96 97 98 99 100 
active=76: 1 2 3 4 7 8 9 10 12 13 14 16 17 18 20 22 26 28 29 30 31 32 33 34 35 36 37 38 40 41 43 44 45 46 47 48 49 50 51 52 53 54 55 56 58 59 61 62 63 64 65 66 67 71 73 74 76 77 78 79 80 81 82 83 85 87 88 90 92 93 94 96 97 98 99 100 
active=75: 1 2 3 4 7 8 10 12 13 14 16 17 18 20 22 26 28 29 30 31 32 33 34 35 36 37 38 40 41 43 44 45 46 47 48 49 50 51 52 53 54 55 56 58 59 61 62 63 64 65 66 67 71 73 74 76 77 78 79 80 81 82 83 85 87 88 90 92 93 94 96 97 98 99 100 
active=74: 1 2 3 4 7 8 10 12 13 14 16 17 18 20 22 26 28 29 30 31 32 33 34 35 36 37 38 40 41 43 44 45 46 47 48 49 50 51 53 54 55 56 58 59 61 62 63 64 65 66 67 71 73 74 76 77 78 79 80 81 82 83 85 87 88 90 92 93 94 96 97 98 99 100 
active=73: 1 2 3 4 7 8 10 12 13 14 16 17 18 20 22 26 28 29 30 31 32 33 34 35 36 37 38 40 41 43 44 45 46 47 48 49 50 51 53 54 55 56 58 59 61 62 63 64 65 66 67 71 73 74 76 77 78 79 80 81 82 83 85 87 88 92 93 94 96 97 98 99 100 
active=72: 1 2 3 4 7 8 10 12 13 14 16 17 18 20 22 26 28 29 30 31 32 33 34 35 36 37 38 40 41 43 44 46 47 48 49 50 51 53 54 55 56 58 59 61 62 63 64 65 66 67 71 73 74 76 77 78 79 80 81 82 83 85 87 88 92 93 94 96 97 98 99 100 
active=71: 1 2 3 4 7 8 10 12 13 14 16 17 18 20 22 26 28 29 30 31 32 33 34 35 36 37 38 40 41 43 44 46 47 48 49 50 51 53 54 55 56 58 59 61 62 63 64 65 66 67 71 73 74 76 78 79 80 81 82 83 85 87 88 92 93 94 96 97 98 99 100 
active=70: 1 2 3 4 7 8 10 12 13 14 16 17 18 20 22 26 28 29 30 31 32 33 34 35 36 38 40 41 43 44 46 47 48 49 50 51 53 54 55 56 58 59 61 62 63 64 65 66 67 71 73 74 76 78 79 80 81 82 83 85 87 88 92 93 94 96 97 98 99 100 
active=69: 1 2 3 4 7 8 10 12 13 14 16 17 18 20 22 26 28 29 30 31 32 33 34 35 36 38 40 41 43 44 46 47 48 49 50 51 54 55 56 58 59 61 62 63 64 65 66 67 71 73 74 76 78 79 80 81 82 83 85 87 88 92 93 94 96 97 98 99 100 
active=68: 1 2 3 4 7 8 10 12 13 14 16 17 18 20 22 26 28 29 30 31 32 33 34 35 36 38 40 41 43 44 46 47 48 49 50 51 54 55 56 58 59 61 62 63 64 65 66 71 73 74 76 78 79 80 81 82 83 85 87 88 92 93 94 96 97 98 99 100 
active=67: 1 2 3 7 8 10 12 13 14 16 17 18 20 22 26 28 29 30 31 32 33 34 35 36 38 40 41 43 44 46 47 48 49 50 51 54 55 56 58 59 61 62 63 64 65 66 71 73 74 76 78 79 80 81 82 83 85 87 88 92 93 94 96 97 98 99 100 
active=66: 1 2 3 7 8 10 12 13 14 16 17 18 20 22 28 29 30 31 32 33 34 35 36 38 40 41 43 44 46 47 48 49 50 51 54 55 56 58 59 61 62 63 64 65 66 71 73 74 76 78 79 80 81 82 83 85 87 88 92 93 94 96 97 98 99 100 
active=65: 1 2 7 8 10 12 13 14 16 17 18 20 22 28 29 30 31 32 33 34 35 36 38 40 41 43 44 46 47 48 49 50 51 54 55 56 58 59 61 62 63 64 65 66 71 73 74 76 78 79 80 81 82 83 85 87 88 92 93 94 96 97 98 99 100 
active=64: 1 2 7 8 10 12 13 14 16 17 18 20 22 28 29 30 31 32 33 34 35 36 38 40 41 43 44 46 47 48 49 50 51 54 55 56 58 59 61 62 63 64 65 66 71 73 74 76 78 79 80 81 82 83 85 87 88 92 94 96 97 98 99 100 
active=63: 1 2 7 8 10 12 13 14 16 17 18 20 22 28 29 30 31 32 33 34 35 36 38 40 41 43 44 46 47 48 49 50 51 54 55 56 58 59 61 62 63 64 65 66 71 73 74 76 78 79 80 81 82 83 85 87 92 94 96 97 98 99 100 
active=62: 1 2 7 8 10 12 13 14 16 17 18 20 22 28 29 30 31 32 33 35 36 38 40 41 43 44 46 47 48 49 50 51 54 55 56 58 59 61 62 63 64 65 66 71 73 74 76 78 79 80 81 82 83 85 87 92 94 96 97 98 99 100 
active=61: 1 2 7 8 10 12 13 14 16 17 18 20 22 28 29 30 31 32 33 35 36 38 40 41 43 44 46 47 48 49 50 51 54 55 56 58 59 61 62 63 64 65 66 71 73 74 76 78 79 80 82 83 85 87 92 94 96 97 98 99 100 
active=60: 1 2 7 8 12 13 14 16 17 18 20 22 28 29 30 31 32 33 35 36 38 40 41 43 44 46 47 48 49 50 51 54 55 56 58 59 61 62 63 64 65 66 71 73 74 76 78 79 80 82 83 85 87 92 94 96 97 98 99 100 
active=59: 1 2 7 8 12 13 14 16 17 18 20 22 28 29 30 31 32 33 35 36 38 40 41 43 44 46 47 48 49 50 51 54 55 56 58 59 61 62 63 64 65 66 71 73 74 76 78 79 80 83 85 87 92 94 96 97 98 99 100 
active=58: 1 2 7 8 12 13 14 16 17 18 20 22 28 29 30 31 32 33 36 38 40 41 43 44 46 47 48 49 50 51 54 55 56 58 59 61 62 63 64 65 66 71 73 74 76 78 79 80 83 85 87 92 94 96 97 98 99 100 
active=57: 1 2 7 8 12 13 14 16 17 18 20 22 28 29 30 31 32 33 36 38 40 41 43 44 46 48 49 50 51 54 55 56 58 59 61 62 63 64 65 66 71 73 74 76 78 79 80 83 85 87 92 94 96 97 98 99 100 
active=56: 1 2 7 8 12 13 14 16 17 18 20 22 28 29 30 31 32 33 36 38 40 41 43 44 46 48 49 50 51 54 55 56 58 59 61 62 63 64 65 66 71 73 74 76 78 79 80 83 85 87 92 94 96 97 98 99 
active=55: 1 2 7 8 12 13 14 16 17 18 20 22 28 29 30 31 32 33 36 38 40 41 43 44 46 48 49 50 51 55 56 58 59 61 62 63 64 65 66 71 73 74 76 78 79 80 83 85 87 92 94 96 97 98 99 
active=54: 1 2 7 8 12 13 14 16 17 18 20 22 28 29 30 31 32 33 36 38 40 41 43 44 46 48 49 50 51 55 56 58 59 61 62 63 64 66 71 73 74 76 78 79 80 83 85 87 92 94 96 97 98 99 
active=53: 1 2 7 8 12 13 14 16 17 18 20 22 28 29 30 31 32 33 36 40 41 43 44 46 48 49 50 51 55 56 58 59 61 62 63 64 66 71 73 74 76 78 79 80 83 85 87 92 94 96 97 98 99 
active=52: 1 7 8 12 13 14 16 17 18 20 22 28 29 30 31 32 33 36 40 41 43 44 46 48 49 50 51 55 56 58 59 61 62 63 64 66 71 73 74 76 78 79 80 83 85 87 92 94 96 97 98 99 
active=51: 1 7 8 12 13 14 16 17 18 20 22 28 29 30 31 32 33 36 40 41 43 44 48 49 50 51 55 56 58 59 61 62 63 64 66 71 73 74 76 78 79 80 83 85 87 92 94 96 97 98 99 
active=50: 1 7 8 12 13 14 16 17 18 20 22 28 29 30 32 33 36 40 41 43 44 48 49 50 51 55 56 58 59 61 62 63 64 66 71 73 74 76 78 79 80 83 85 87 92 94 96 97 98 99 
active=49: 1 7 8 12 13 14 16 17 18 20 22 28 29 30 33 36 40 41 43 44 48 49 50 51 55 56 58 59 61 62 63 64 66 71 73 74 76 78 79 80 83 85 87 92 94 96 97 98 99 
active=48: 1 7 8 12 13 14 16 17 18 20 22 28 29 30 33 36 40 41 43 44 48 49 50 51 55 56 58 59 61 62 63 64 66 73 74 76 78 79 80 83 85 87 92 94 96 97 98 99 
active=47: 1 7 8 12 13 14 16 17 18 20 22 28 29 30 33 36 40 43 44 48 49 50 51 55 56 58 59 61 62 63 64 66 73 74 76 78 79 80 83 85 87 92 94 96 97 98 99 
active=46: 1 7 8 12 13 14 16 17 18 20 22 28 29 30 33 36 40 43 48 49 50 51 55 56 58 59 61 62 63 64 66 73 74 76 78 79 80 83 85 87 92 94 96 97 98 99 
active=45: 1 7 8 12 13 14 16 17 18 20 22 28 29 30 33 36 43 48 49 50 51 55 56 58 59 61 62 63 64 66 73 74 76 78 79 80 83 85 87 92 94 96 97 98 99 
active=44: 1 7 8 12 13 14 16 17 18 20 22 28 29 30 33 36 43 48 49 50 51 55 56 58 59 61 62 64 66 73 74 76 78 79 80 83 85 87 92 94 96 97 98 99 
active=43: 1 7 8 12 13 14 16 17 18 22 28 29 30 33 36 43 48 49 50 51 55 56 58 59 61 62 64 66 73 74 76 78 79 80 83 85 87 92 94 96 97 98 99 
active=42: 1 7 8 12 13 14 16 17 18 22 28 29 30 33 36 43 48 49 50 51 55 56 58 59 61 62 64 73 74 76 78 79 80 83 85 87 92 94 96 97 98 99 
active=41: 1 7 8 12 13 14 16 17 18 22 28 29 30 36 43 48 49 50 51 55 56 58 59 61 62 64 73 74 76 78 79 80 83 85 87 92 94 96 97 98 99 
active=40: 1 7 8 12 13 14 16 17 18 22 28 29 30 36 43 48 49 50 51 55 56 58 59 61 62 64 74 76 78 79 80 83 85 87 92 94 96 97 98 99 
active=39: 1 7 12 13 14 16 17 18 22 28 29 30 36 43 48 49 50 51 55 56 58 59 61 62 64 74 76 78 79 80 83 85 87 92 94 96 97 98 99 
active=38: 1 7 12 13 14 16 17 18 22 28 29 30 36 43 48 49 50 55 56 58 59 61 62 64 74 76 78 79 80 83 85 87 92 94 96 97 98 99 
active=37: 1 7 12 13 14 16 17 18 22 28 29 30 36 43 48 49 50 55 56 58 59 61 62 64 74 76 78 79 80 85 87 92 94 96 97 98 99 
active=36: 1 7 12 13 14 16 17 18 28 29 30 36 43 48 49 50 55 56 58 59 61 62 64 74 76 78 79 80 85 87 92 94 96 97 98 99 
active=35: 1 7 12 13 14 16 17 18 28 29 30 36 43 48 49 50 55 56 58 59 62 64 74 76 78 79 80 85 87 92 94 96 97 98 99 
active=34: 1 7 12 13 14 16 18 28 29 30 36 43 48 49 50 55 56 58 59 62 64 74 76 78 79 80 85 87 92 94 96 97 98 99 
active=33: 1 7 12 13 14 16 18 28 29 30 36 48 49 50 55 56 58 59 62 64 74 76 78 79 80 85 87 92 94 96 97 98 99 
active=32: 1 7 12 13 14 16 18 28 29 30 36 48 49 50 55 56 58 59 62 64 74 76 79 80 85 87 92 94 96 97 98 99 
active=31: 1 7 12 13 14 16 18 28 29 30 36 48 49 50 55 56 58 59 64 74 76 79 80 85 87 92 94 96 97 98 99 
active=30: 1 7 12 13 14 16 18 28 29 30 36 48 49 50 55 56 58 59 64 74 76 79 80 85 87 94 96 97 98 99 
active=29: 1 7 12 13 14 16 18 28 29 36 48 49 50 55 56 58 59 64 74 76 79 80 85 87 94 96 97 98 99 
active=28: 1 7 12 13 14 16 18 28 29 36 48 49 50 55 56 58 59 64 74 76 79 80 85 87 94 96 97 98 
active=27: 1 7 12 13 14 16 18 28 29 36 48 49 50 55 56 58 59 74 76 79 80 85 87 94 96 97 98 
active=26: 1 7 12 13 14 16 18 28 29 36 49 50 55 56 58 59 74 76 79 80 85 87 94 96 97 98 
active=25: 1 7 12 13 14 16 28 29 36 49 50 55 56 58 59 74 76 79 80 85 87 94 96 97 98 
active=24: 1 7 12 13 14 16 28 29 36 49 55 56 58 59 74 76 79 80 85 87 94 96 97 98 
active=23: 1 7 12 13 14 16 28 29 36 49 55 56 58 59 76 79 80 85 87 94 96 97 98 
active=22: 1 7 12 13 14 16 28 29 36 55 56 58 59 76 79 80 85 87 94 96 97 98 
active=21: 1 7 12 13 14 16 28 36 55 56 58 59 76 79 80 85 87 94 96 97 98 
active=20: 1 7 12 13 14 16 28 36 55 56 58 59 79 80 85 87 94 96 97 98 
active=19: 1 7 12 13 14 16 28 36 55 56 58 59 79 80 87 94 96 97 98 
active=18: 1 12 13 14 16 28 36 55 56 58 59 79 80 87 94 96 97 98 
active=17: 1 12 13 14 16 28 36 55 56 58 59 79 80 87 94 96 97 
active=16: 1 12 13 14 16 36 55 56 58 59 79 80 87 94 96 97 
active=15: 1 12 13 14 16 55 56 58 59 79 80 87 94 96 97 
active=14: 1 12 13 14 16 55 56 58 59 79 80 87 94 97 
active=13: 1 12 13 14 16 55 56 58 59 79 87 94 97 
active=12: 1 12 13 14 16 55 56 58 59 87 94 97 
active=11: 1 12 13 14 16 55 56 59 87 94 97 
active=10: 1 12 13 14 16 55 56 59 87 94 
active=9: 1 12 13 14 55 56 59 87 94 
active=8: 1 12 13 14 55 56 59 94 
active=7: 1 12 13 14 55 59 94 
active=6: 1 12 13 14 55 94 
active=5: 1 12 14 55 94 
active=4: 1 12 14 55 
active=3: 1 12 14 
active=2: 1 12 
active=1: 1 
