1 0.110500662623 1.021593027149
2 0.033186628732 0.891710881385
3 -0.110180171608 0.968658474537
4 -0.077025209538 0.999114869479
5 -0.032823524029 1.036575762273
6 0.126181737078 1.004585739784
7 0.055906149965 1.156671829867
8 0.085872122827 0.863462542050
9 -0.080461606236 0.933620937092
10 -0.057285854319 0.864064263570
11 0.117966526942 1.111981883830
12 -0.025164096742 0.991596191453
13 0.144870552141 0.896567036034
14 0.074778038632 1.209804111469
15 0.030209473474 0.998776358515
16 0.067948873069 1.032241497843
17 0.021823596057 1.071285879866
18 -0.040164077139 0.909412915330
19 0.108305666635 1.026646981242
20 -0.132710464572 1.027158006385
21 -0.018132984020 0.926910055810
22 -0.052697111180 1.012986549356
23 -0.238179093761 0.928536395244
24 0.087774058033 0.938414433289
25 -0.157146552969 0.927826026841
26 0.015949453077 0.922350790009
27 -0.106015477106 0.883910621274
28 -0.048056274720 0.965302162752
29 -0.121982646892 0.957321876484
30 0.013674145287 0.906525011315
31 0.003597375788 0.990964314740
32 -0.020629875899 1.076500480849
33 -0.012488446704 1.008113542027
34 -0.114333277051 1.119683357034
35 -0.025288387036 1.032285756142
36 0.001758424468 1.112310451558
37 -0.028461724436 0.960383980202
38 -0.000079773872 1.124560262404
39 -0.066155279041 0.910378243571
40 0.037246892126 0.946303570726
41 0.086412184557 1.013116263800
42 -0.138927134177 1.042776793810
43 -0.133159605232 0.967903776146
44 -0.058287802955 1.007528702497
45 0.029395345506 1.124490467688
46 0.023812104988 1.126911262005
47 0.002429658811 0.957985929654
48 -0.097327688352 0.986201011704
49 0.030604945299 1.146901608708
50 -0.010820399107 0.926287381956
51 0.098838434325 1.015690429336
52 0.039971433357 0.981426931611
53 -0.129790051048 0.943166519677
54 0.114869547773 1.028556553607
55 0.180697620217 1.001498594686
56 0.017547995792 1.025901436268
57 0.007285401691 0.929225084916
58 -0.071640074644 1.029189782526
59 -0.142588967416 0.960096491603
60 0.021742908908 0.943265159152
61 -0.074069657743 0.892739718897
62 -0.043541585018 1.023870756991
63 -0.005073940321 1.019497534389
64 0.050660615259 0.938936247084
65 0.035246292981 0.957585245202
66 -0.015456325079 1.018869879124
67 -0.065438626164 0.994214472618
68 0.033231128013 0.972527504235
69 -0.030030159133 1.002585037661
70 0.055904903619 0.946574069621
71 -0.027572945952 0.871236998547
72 0.036416525135 0.956981267622
73 0.012101116374 0.921091111195
74 -0.095616161681 0.923331935902
75 -0.232939500047 1.085791975947
76 -0.044180567228 0.916106472031
77 0.023868343752 0.900520766428
78 0.171553292275 1.017254408827
79 -0.001081009865 1.037487958896
80 0.037953211043 1.060863805057
81 0.002904527705 1.115346165901
82 -0.126249396795 1.035058045166
83 -0.071614135588 0.979003982864
84 -0.100079005189 0.902495951178
85 0.115027612215 1.056849558490
86 -0.061239171607 0.943577086898
87 -0.081542324903 0.953186656593
88 0.074206026223 1.052587204322
89 0.166833318710 1.025772130147
90 -0.100119796124 0.978717800365
91 -0.023551712042 0.987042467736
92 0.001683743311 1.032836545629
93 0.141454139767 1.159056873424
94 0.001971999712 1.053023388939
95 -0.112435484724 1.075735664533
96 0.059869992107 0.952469325917
97 0.076169553096 1.018271276529
98 0.047317133796 0.962806223659
99 0.155682985578 0.841560290145
100 0.030937751969 1.051066587639
